   47    /W :14 photon emissivity coefficients/
--------------------------------------------------------------------------------
    1    1    1    1    1    1    1    1    1    1    1    1    1    1
    1    1    1    1    1    1    1    1    1    1    1    1    1    1
    1    1    1    1    1    1    1    1    1    1    1    1    1    1
    1    1    1    1    1    1    1    1    1    1    1    1    1    1
    1    1    1    1    1    1    1    1    1    1    1    1    1    1
    1    1    1    1    1
--------------------------------------------------------------------------------
//#01/p00/ 00/p01/ 01/p02/ 02/p03/ 03/p04/ 04/p05/ 05/p06/ 06/p07/ 07/p08/ 08/  
      p09/ 09/p10/ 10/p11/ 11/p12/ 12/p13/ 13/p14/ 14/p15/ 15/p16/ 16/p17/ 17/  
      p18/ 18/p19/ 19/p20/ 20/p21/ 21/p22/ 22/p23/ 23/p24/ 24/p25/ 25/p26/ 26/  
      p27/ 27/p28/ 28/p29/ 29/p30/ 30/p31/ 31/p32/ 32/p33/ 33/p34/ 34/p35/ 35/  
      p36/ 36/p37/ 37/p38/ 38/p39/ 39/p40/ 40/p41/ 41/p42/ 42/p43/ 43/p44/ 44/  
      p45/ 45/p46/ 46/p47/ 47/p48/ 48/p49/ 49/p50/ 50/p51/ 51/p52/ 52/p53/ 53/  
      p54/ 54/p55/ 55/p56/ 56/p57/ 57/p58/ 58/p59/ 59/p60/ 60/p61/ 61/p62/ 62/  
      p63/ 63/p64/ 64/p65/ 65/p66/ 66/p67/ 67/p68/ 68/p69/ 69/p70/ 70/p71/ 71/  
      p72/ 72/p73/ 73/p74/ 74/                                                  
--------------------------------------------------------------------------------
  29.3136    7  14 /pl=01:ss=14:pb= 1:sz=14/type=excit/ispb = t/isel =    1
 1.00E+10 1.00E+11 1.00E+12 1.00E+13 1.00E+14 1.00E+15 1.00E+16
 3.88E+00 5.82E+00 9.69E+00 1.94E+01 3.88E+01 9.69E+01 1.94E+02 2.91E+02
 3.88E+02 5.82E+02 9.69E+02 1.94E+03 3.88E+03 5.82E+03
 1.00E-74 3.81E-44 1.27E-31 2.68E-22 1.03E-17 4.50E-15 2.84E-14 4.85E-14
 6.11E-14 7.30E-14 7.80E-14 7.18E-14 5.89E-14 5.10E-14
 1.00E-74 3.82E-44 1.27E-31 2.68E-22 1.03E-17 4.50E-15 2.84E-14 4.85E-14
 6.11E-14 7.30E-14 7.80E-14 7.18E-14 5.89E-14 5.10E-14
 1.00E-74 3.82E-44 1.27E-31 2.68E-22 1.03E-17 4.50E-15 2.84E-14 4.85E-14
 6.11E-14 7.30E-14 7.80E-14 7.18E-14 5.89E-14 5.10E-14
 1.00E-74 3.82E-44 1.27E-31 2.68E-22 1.03E-17 4.50E-15 2.84E-14 4.85E-14
 6.11E-14 7.30E-14 7.80E-14 7.18E-14 5.89E-14 5.10E-14
 1.00E-74 3.82E-44 1.27E-31 2.68E-22 1.02E-17 4.50E-15 2.84E-14 4.85E-14
 6.11E-14 7.30E-14 7.80E-14 7.18E-14 5.89E-14 5.10E-14
 1.00E-74 3.82E-44 1.27E-31 2.67E-22 1.02E-17 4.48E-15 2.83E-14 4.84E-14
 6.09E-14 7.28E-14 7.79E-14 7.16E-14 5.88E-14 5.09E-14
 1.00E-74 3.82E-44 1.27E-31 2.65E-22 1.01E-17 4.38E-15 2.76E-14 4.72E-14
 5.95E-14 7.13E-14 7.64E-14 7.05E-14 5.81E-14 5.04E-14
  30.3370    7  14 /pl=01:ss=14:pb= 1:sz=14/type=excit/ispb = t/isel =    2
 1.00E+10 1.00E+11 1.00E+12 1.00E+13 1.00E+14 1.00E+15 1.00E+16
 3.88E+00 5.82E+00 9.69E+00 1.94E+01 3.88E+01 9.69E+01 1.94E+02 2.91E+02
 3.88E+02 5.82E+02 9.69E+02 1.94E+03 3.88E+03 5.82E+03
 1.00E-74 1.29E-41 4.28E-29 9.04E-20 3.46E-15 1.52E-12 9.58E-12 1.64E-11
 2.06E-11 2.47E-11 2.64E-11 2.42E-11 1.99E-11 1.72E-11
 1.00E-74 1.29E-41 4.28E-29 9.04E-20 3.46E-15 1.52E-12 9.58E-12 1.64E-11
 2.06E-11 2.47E-11 2.64E-11 2.42E-11 1.99E-11 1.72E-11
 1.00E-74 1.29E-41 4.28E-29 9.04E-20 3.46E-15 1.52E-12 9.58E-12 1.64E-11
 2.06E-11 2.47E-11 2.64E-11 2.42E-11 1.99E-11 1.72E-11
 1.00E-74 1.29E-41 4.28E-29 9.04E-20 3.46E-15 1.52E-12 9.58E-12 1.64E-11
 2.06E-11 2.47E-11 2.64E-11 2.42E-11 1.99E-11 1.72E-11
 1.00E-74 1.29E-41 4.28E-29 9.04E-20 3.46E-15 1.52E-12 9.58E-12 1.64E-11
 2.06E-11 2.47E-11 2.64E-11 2.42E-11 1.99E-11 1.72E-11
 1.00E-74 1.29E-41 4.28E-29 9.03E-20 3.46E-15 1.51E-12 9.55E-12 1.63E-11
 2.06E-11 2.46E-11 2.63E-11 2.42E-11 1.99E-11 1.72E-11
 1.00E-74 1.29E-41 4.28E-29 8.97E-20 3.40E-15 1.48E-12 9.32E-12 1.60E-11
 2.01E-11 2.41E-11 2.58E-11 2.38E-11 1.96E-11 1.70E-11
  51.7536    7  14 /pl=01:ss=14:pb= 1:sz=14/type=excit/ispb = t/isel =    3
 1.00E+10 1.00E+11 1.00E+12 1.00E+13 1.00E+14 1.00E+15 1.00E+16
 3.88E+00 5.82E+00 9.69E+00 1.94E+01 3.88E+01 9.69E+01 1.94E+02 2.91E+02
 3.88E+02 5.82E+02 9.69E+02 1.94E+03 3.88E+03 5.82E+03
 9.70E-41 6.96E-32 7.70E-25 1.27E-19 4.38E-17 1.13E-15 2.77E-15 3.42E-15
 3.65E-15 3.71E-15 3.43E-15 2.79E-15 2.13E-15 1.79E-15
 9.70E-41 6.96E-32 7.70E-25 1.27E-19 4.38E-17 1.13E-15 2.77E-15 3.42E-15
 3.65E-15 3.71E-15 3.43E-15 2.79E-15 2.13E-15 1.79E-15
 9.70E-41 6.96E-32 7.70E-25 1.27E-19 4.38E-17 1.13E-15 2.77E-15 3.42E-15
 3.65E-15 3.71E-15 3.43E-15 2.79E-15 2.13E-15 1.79E-15
 9.70E-41 6.96E-32 7.70E-25 1.27E-19 4.38E-17 1.13E-15 2.77E-15 3.42E-15
 3.65E-15 3.71E-15 3.43E-15 2.79E-15 2.13E-15 1.79E-15
 9.71E-41 6.96E-32 7.70E-25 1.27E-19 4.38E-17 1.13E-15 2.77E-15 3.42E-15
 3.65E-15 3.71E-15 3.43E-15 2.79E-15 2.13E-15 1.79E-15
 9.77E-41 7.00E-32 7.73E-25 1.28E-19 4.38E-17 1.13E-15 2.76E-15 3.42E-15
 3.64E-15 3.70E-15 3.43E-15 2.79E-15 2.13E-15 1.79E-15
 1.04E-40 7.35E-32 8.03E-25 1.30E-19 4.41E-17 1.13E-15 2.74E-15 3.38E-15
 3.60E-15 3.66E-15 3.39E-15 2.77E-15 2.12E-15 1.79E-15
  55.0312    7  14 /pl=01:ss=14:pb= 1:sz=14/type=excit/ispb = t/isel =    4
 1.00E+10 1.00E+11 1.00E+12 1.00E+13 1.00E+14 1.00E+15 1.00E+16
 3.88E+00 5.82E+00 9.69E+00 1.94E+01 3.88E+01 9.69E+01 1.94E+02 2.91E+02
 3.88E+02 5.82E+02 9.69E+02 1.94E+03 3.88E+03 5.82E+03
 8.54E-38 6.13E-29 6.78E-22 1.12E-16 3.85E-14 9.99E-13 2.44E-12 3.01E-12
 3.21E-12 3.26E-12 3.02E-12 2.46E-12 1.87E-12 1.58E-12
 8.54E-38 6.13E-29 6.78E-22 1.12E-16 3.85E-14 9.99E-13 2.44E-12 3.01E-12
 3.21E-12 3.26E-12 3.02E-12 2.46E-12 1.87E-12 1.58E-12
 8.54E-38 6.13E-29 6.78E-22 1.12E-16 3.85E-14 9.99E-13 2.44E-12 3.01E-12
 3.21E-12 3.26E-12 3.02E-12 2.46E-12 1.87E-12 1.58E-12
 8.55E-38 6.13E-29 6.78E-22 1.12E-16 3.85E-14 9.99E-13 2.44E-12 3.01E-12
 3.21E-12 3.26E-12 3.02E-12 2.45E-12 1.87E-12 1.58E-12
 8.55E-38 6.13E-29 6.79E-22 1.12E-16 3.85E-14 9.98E-13 2.44E-12 3.01E-12
 3.21E-12 3.26E-12 3.02E-12 2.45E-12 1.87E-12 1.58E-12
 8.60E-38 6.16E-29 6.81E-22 1.12E-16 3.86E-14 9.98E-13 2.43E-12 3.01E-12
 3.21E-12 3.26E-12 3.02E-12 2.45E-12 1.87E-12 1.58E-12
 9.13E-38 6.47E-29 7.07E-22 1.15E-16 3.88E-14 9.91E-13 2.41E-12 2.98E-12
 3.17E-12 3.23E-12 2.99E-12 2.44E-12 1.86E-12 1.57E-12
  55.0968    7  14 /pl=01:ss=14:pb= 1:sz=14/type=excit/ispb = t/isel =    5
 1.00E+10 1.00E+11 1.00E+12 1.00E+13 1.00E+14 1.00E+15 1.00E+16
 3.88E+00 5.82E+00 9.69E+00 1.94E+01 3.88E+01 9.69E+01 1.94E+02 2.91E+02
 3.88E+02 5.82E+02 9.69E+02 1.94E+03 3.88E+03 5.82E+03
 3.63E-36 7.70E-28 3.37E-21 2.94E-16 7.51E-14 1.64E-12 3.81E-12 4.65E-12
 4.93E-12 5.01E-12 4.71E-12 4.02E-12 3.31E-12 2.94E-12
 3.63E-36 7.70E-28 3.37E-21 2.94E-16 7.51E-14 1.64E-12 3.81E-12 4.65E-12
 4.93E-12 5.01E-12 4.71E-12 4.02E-12 3.31E-12 2.94E-12
 3.63E-36 7.70E-28 3.37E-21 2.94E-16 7.51E-14 1.64E-12 3.81E-12 4.65E-12
 4.93E-12 5.01E-12 4.71E-12 4.02E-12 3.31E-12 2.94E-12
 3.63E-36 7.70E-28 3.37E-21 2.94E-16 7.51E-14 1.64E-12 3.81E-12 4.65E-12
 4.93E-12 5.01E-12 4.71E-12 4.02E-12 3.31E-12 2.94E-12
 3.64E-36 7.72E-28 3.37E-21 2.94E-16 7.51E-14 1.64E-12 3.82E-12 4.65E-12
 4.93E-12 5.01E-12 4.71E-12 4.02E-12 3.31E-12 2.94E-12
 3.70E-36 7.83E-28 3.41E-21 2.96E-16 7.54E-14 1.65E-12 3.82E-12 4.65E-12
 4.94E-12 5.02E-12 4.71E-12 4.02E-12 3.31E-12 2.94E-12
 4.33E-36 8.91E-28 3.77E-21 3.16E-16 7.84E-14 1.68E-12 3.87E-12 4.70E-12
 4.99E-12 5.06E-12 4.75E-12 4.04E-12 3.32E-12 2.95E-12
  55.5875    7  14 /pl=01:ss=14:pb= 1:sz=14/type=excit/ispb = t/isel =    6
 1.00E+10 1.00E+11 1.00E+12 1.00E+13 1.00E+14 1.00E+15 1.00E+16
 3.88E+00 5.82E+00 9.69E+00 1.94E+01 3.88E+01 9.69E+01 1.94E+02 2.91E+02
 3.88E+02 5.82E+02 9.69E+02 1.94E+03 3.88E+03 5.82E+03
 1.61E-33 2.80E-25 9.93E-19 6.98E-14 1.55E-11 3.20E-10 7.68E-10 9.82E-10
 1.09E-09 1.18E-09 1.21E-09 1.16E-09 1.04E-09 9.64E-10
 1.61E-33 2.80E-25 9.93E-19 6.98E-14 1.55E-11 3.20E-10 7.68E-10 9.82E-10
 1.09E-09 1.18E-09 1.21E-09 1.16E-09 1.04E-09 9.64E-10
 1.61E-33 2.80E-25 9.93E-19 6.98E-14 1.55E-11 3.20E-10 7.68E-10 9.82E-10
 1.09E-09 1.18E-09 1.21E-09 1.16E-09 1.04E-09 9.64E-10
 1.61E-33 2.80E-25 9.93E-19 6.98E-14 1.55E-11 3.20E-10 7.68E-10 9.82E-10
 1.09E-09 1.18E-09 1.21E-09 1.16E-09 1.04E-09 9.64E-10
 1.61E-33 2.80E-25 9.93E-19 6.98E-14 1.55E-11 3.19E-10 7.68E-10 9.82E-10
 1.09E-09 1.18E-09 1.21E-09 1.16E-09 1.04E-09 9.64E-10
 1.61E-33 2.80E-25 9.93E-19 6.98E-14 1.55E-11 3.19E-10 7.66E-10 9.79E-10
 1.09E-09 1.18E-09 1.21E-09 1.15E-09 1.04E-09 9.62E-10
 1.61E-33 2.80E-25 9.91E-19 6.92E-14 1.52E-11 3.11E-10 7.47E-10 9.55E-10
 1.06E-09 1.15E-09 1.18E-09 1.14E-09 1.03E-09 9.51E-10
  57.6963    7  14 /pl=01:ss=14:pb= 1:sz=14/type=excit/ispb = t/isel =    7
 1.00E+10 1.00E+11 1.00E+12 1.00E+13 1.00E+14 1.00E+15 1.00E+16
 3.88E+00 5.82E+00 9.69E+00 1.94E+01 3.88E+01 9.69E+01 1.94E+02 2.91E+02
 3.88E+02 5.82E+02 9.69E+02 1.94E+03 3.88E+03 5.82E+03
 1.00E-74 4.00E-67 8.15E-61 3.79E-56 6.86E-54 1.23E-52 2.72E-52 3.31E-52
 3.53E-52 3.61E-52 3.41E-52 2.85E-52 2.25E-52 1.92E-52
 1.00E-74 4.00E-67 8.15E-61 3.79E-56 6.86E-54 1.23E-52 2.72E-52 3.31E-52
 3.53E-52 3.61E-52 3.41E-52 2.85E-52 2.25E-52 1.92E-52
 1.00E-74 4.00E-67 8.15E-61 3.79E-56 6.86E-54 1.23E-52 2.72E-52 3.31E-52
 3.53E-52 3.61E-52 3.41E-52 2.85E-52 2.25E-52 1.92E-52
 1.00E-74 4.00E-67 8.15E-61 3.79E-56 6.86E-54 1.23E-52 2.72E-52 3.31E-52
 3.53E-52 3.61E-52 3.41E-52 2.85E-52 2.25E-52 1.92E-52
 1.00E-74 4.00E-67 8.15E-61 3.79E-56 6.86E-54 1.23E-52 2.72E-52 3.31E-52
 3.53E-52 3.61E-52 3.41E-52 2.85E-52 2.25E-52 1.92E-52
 1.00E-74 4.01E-67 8.16E-61 3.79E-56 6.86E-54 1.23E-52 2.71E-52 3.31E-52
 3.53E-52 3.60E-52 3.40E-52 2.85E-52 2.25E-52 1.92E-52
 1.00E-74 4.10E-67 8.29E-61 3.81E-56 6.81E-54 1.21E-52 2.67E-52 3.25E-52
 3.47E-52 3.55E-52 3.36E-52 2.83E-52 2.24E-52 1.91E-52
  58.8268    7  14 /pl=01:ss=14:pb= 1:sz=14/type=excit/ispb = t/isel =    8
 1.00E+10 1.00E+11 1.00E+12 1.00E+13 1.00E+14 1.00E+15 1.00E+16
 3.88E+00 5.82E+00 9.69E+00 1.94E+01 3.88E+01 9.69E+01 1.94E+02 2.91E+02
 3.88E+02 5.82E+02 9.69E+02 1.94E+03 3.88E+03 5.82E+03
 4.07E-42 8.64E-34 3.78E-27 3.29E-22 8.42E-20 1.84E-18 4.28E-18 5.21E-18
 5.53E-18 5.62E-18 5.28E-18 4.51E-18 3.71E-18 3.30E-18
 4.07E-42 8.64E-34 3.78E-27 3.29E-22 8.42E-20 1.84E-18 4.28E-18 5.21E-18
 5.53E-18 5.62E-18 5.28E-18 4.51E-18 3.71E-18 3.30E-18
 4.07E-42 8.64E-34 3.78E-27 3.29E-22 8.42E-20 1.84E-18 4.28E-18 5.21E-18
 5.53E-18 5.62E-18 5.28E-18 4.51E-18 3.71E-18 3.30E-18
 4.07E-42 8.64E-34 3.78E-27 3.29E-22 8.42E-20 1.84E-18 4.28E-18 5.21E-18
 5.53E-18 5.62E-18 5.28E-18 4.51E-18 3.71E-18 3.30E-18
 4.08E-42 8.66E-34 3.78E-27 3.30E-22 8.42E-20 1.84E-18 4.28E-18 5.21E-18
 5.53E-18 5.62E-18 5.28E-18 4.51E-18 3.71E-18 3.30E-18
 4.15E-42 8.78E-34 3.83E-27 3.32E-22 8.46E-20 1.85E-18 4.29E-18 5.22E-18
 5.54E-18 5.63E-18 5.29E-18 4.51E-18 3.72E-18 3.30E-18
 4.86E-42 1.00E-33 4.23E-27 3.55E-22 8.80E-20 1.88E-18 4.34E-18 5.28E-18
 5.59E-18 5.68E-18 5.33E-18 4.53E-18 3.73E-18 3.31E-18
  59.3865    7  14 /pl=01:ss=14:pb= 1:sz=14/type=excit/ispb = t/isel =    9
 1.00E+10 1.00E+11 1.00E+12 1.00E+13 1.00E+14 1.00E+15 1.00E+16
 3.88E+00 5.82E+00 9.69E+00 1.94E+01 3.88E+01 9.69E+01 1.94E+02 2.91E+02
 3.88E+02 5.82E+02 9.69E+02 1.94E+03 3.88E+03 5.82E+03
 2.10E-38 3.66E-30 1.30E-23 9.13E-19 2.03E-16 4.18E-15 1.01E-14 1.28E-14
 1.42E-14 1.54E-14 1.58E-14 1.51E-14 1.36E-14 1.26E-14
 2.10E-38 3.66E-30 1.30E-23 9.13E-19 2.03E-16 4.18E-15 1.01E-14 1.28E-14
 1.42E-14 1.54E-14 1.58E-14 1.51E-14 1.36E-14 1.26E-14
 2.10E-38 3.66E-30 1.30E-23 9.13E-19 2.03E-16 4.18E-15 1.01E-14 1.28E-14
 1.42E-14 1.54E-14 1.58E-14 1.51E-14 1.36E-14 1.26E-14
 2.10E-38 3.66E-30 1.30E-23 9.13E-19 2.03E-16 4.18E-15 1.01E-14 1.28E-14
 1.42E-14 1.54E-14 1.58E-14 1.51E-14 1.36E-14 1.26E-14
 2.10E-38 3.66E-30 1.30E-23 9.13E-19 2.03E-16 4.18E-15 1.00E-14 1.28E-14
 1.42E-14 1.54E-14 1.58E-14 1.51E-14 1.36E-14 1.26E-14
 2.10E-38 3.66E-30 1.30E-23 9.13E-19 2.03E-16 4.17E-15 1.00E-14 1.28E-14
 1.42E-14 1.54E-14 1.58E-14 1.51E-14 1.36E-14 1.26E-14
 2.10E-38 3.66E-30 1.30E-23 9.05E-19 1.99E-16 4.07E-15 9.77E-15 1.25E-14
 1.39E-14 1.51E-14 1.55E-14 1.48E-14 1.34E-14 1.24E-14
  62.0184    7  14 /pl=01:ss=14:pb= 1:sz=14/type=excit/ispb = t/isel =   10
 1.00E+10 1.00E+11 1.00E+12 1.00E+13 1.00E+14 1.00E+15 1.00E+16
 3.88E+00 5.82E+00 9.69E+00 1.94E+01 3.88E+01 9.69E+01 1.94E+02 2.91E+02
 3.88E+02 5.82E+02 9.69E+02 1.94E+03 3.88E+03 5.82E+03
 1.00E-74 2.39E-41 7.95E-29 1.68E-19 6.42E-15 2.82E-12 1.78E-11 3.04E-11
 3.83E-11 4.58E-11 4.89E-11 4.50E-11 3.69E-11 3.20E-11
 1.00E-74 2.40E-41 7.95E-29 1.68E-19 6.42E-15 2.82E-12 1.78E-11 3.04E-11
 3.83E-11 4.58E-11 4.89E-11 4.50E-11 3.69E-11 3.20E-11
 1.00E-74 2.40E-41 7.95E-29 1.68E-19 6.42E-15 2.82E-12 1.78E-11 3.04E-11
 3.83E-11 4.58E-11 4.89E-11 4.50E-11 3.69E-11 3.20E-11
 1.00E-74 2.40E-41 7.95E-29 1.68E-19 6.42E-15 2.82E-12 1.78E-11 3.04E-11
 3.83E-11 4.57E-11 4.89E-11 4.50E-11 3.69E-11 3.20E-11
 1.00E-74 2.40E-41 7.95E-29 1.68E-19 6.42E-15 2.82E-12 1.78E-11 3.04E-11
 3.83E-11 4.57E-11 4.89E-11 4.50E-11 3.69E-11 3.20E-11
 1.00E-74 2.40E-41 7.95E-29 1.68E-19 6.41E-15 2.81E-12 1.77E-11 3.03E-11
 3.82E-11 4.56E-11 4.88E-11 4.49E-11 3.69E-11 3.19E-11
 1.00E-74 2.40E-41 7.94E-29 1.66E-19 6.31E-15 2.74E-12 1.73E-11 2.96E-11
 3.73E-11 4.47E-11 4.79E-11 4.42E-11 3.64E-11 3.16E-11
  62.7223    7  14 /pl=01:ss=14:pb= 1:sz=14/type=excit/ispb = t/isel =   11
 1.00E+10 1.00E+11 1.00E+12 1.00E+13 1.00E+14 1.00E+15 1.00E+16
 3.88E+00 5.82E+00 9.69E+00 1.94E+01 3.88E+01 9.69E+01 1.94E+02 2.91E+02
 3.88E+02 5.82E+02 9.69E+02 1.94E+03 3.88E+03 5.82E+03
 1.44E-37 1.04E-28 1.15E-21 1.89E-16 6.52E-14 1.69E-12 4.12E-12 5.09E-12
 5.43E-12 5.52E-12 5.11E-12 4.15E-12 3.17E-12 2.67E-12
 1.44E-37 1.04E-28 1.15E-21 1.89E-16 6.52E-14 1.69E-12 4.12E-12 5.09E-12
 5.43E-12 5.52E-12 5.11E-12 4.15E-12 3.17E-12 2.67E-12
 1.44E-37 1.04E-28 1.15E-21 1.89E-16 6.52E-14 1.69E-12 4.12E-12 5.09E-12
 5.43E-12 5.52E-12 5.11E-12 4.15E-12 3.17E-12 2.67E-12
 1.44E-37 1.04E-28 1.15E-21 1.89E-16 6.52E-14 1.69E-12 4.12E-12 5.09E-12
 5.43E-12 5.52E-12 5.11E-12 4.15E-12 3.17E-12 2.67E-12
 1.45E-37 1.04E-28 1.15E-21 1.89E-16 6.52E-14 1.69E-12 4.12E-12 5.09E-12
 5.43E-12 5.52E-12 5.11E-12 4.15E-12 3.17E-12 2.67E-12
 1.45E-37 1.04E-28 1.15E-21 1.90E-16 6.52E-14 1.69E-12 4.11E-12 5.09E-12
 5.43E-12 5.51E-12 5.10E-12 4.15E-12 3.17E-12 2.67E-12
 1.54E-37 1.09E-28 1.20E-21 1.94E-16 6.56E-14 1.67E-12 4.07E-12 5.03E-12
 5.37E-12 5.45E-12 5.05E-12 4.12E-12 3.15E-12 2.66E-12
  63.7509    7  14 /pl=01:ss=14:pb= 1:sz=14/type=excit/ispb = t/isel =   12
 1.00E+10 1.00E+11 1.00E+12 1.00E+13 1.00E+14 1.00E+15 1.00E+16
 3.88E+00 5.82E+00 9.69E+00 1.94E+01 3.88E+01 9.69E+01 1.94E+02 2.91E+02
 3.88E+02 5.82E+02 9.69E+02 1.94E+03 3.88E+03 5.82E+03
 9.55E-36 1.42E-28 7.13E-23 1.18E-18 1.33E-16 1.82E-15 3.61E-15 4.17E-15
 4.31E-15 4.21E-15 3.79E-15 3.03E-15 2.32E-15 1.96E-15
 9.55E-36 1.42E-28 7.13E-23 1.18E-18 1.33E-16 1.82E-15 3.61E-15 4.17E-15
 4.31E-15 4.21E-15 3.79E-15 3.03E-15 2.32E-15 1.96E-15
 9.55E-36 1.42E-28 7.13E-23 1.18E-18 1.33E-16 1.82E-15 3.61E-15 4.17E-15
 4.31E-15 4.21E-15 3.79E-15 3.03E-15 2.32E-15 1.96E-15
 9.55E-36 1.42E-28 7.13E-23 1.18E-18 1.33E-16 1.82E-15 3.61E-15 4.17E-15
 4.31E-15 4.21E-15 3.79E-15 3.03E-15 2.32E-15 1.96E-15
 9.56E-36 1.42E-28 7.13E-23 1.18E-18 1.33E-16 1.82E-15 3.61E-15 4.17E-15
 4.31E-15 4.21E-15 3.79E-15 3.03E-15 2.32E-15 1.96E-15
 9.68E-36 1.44E-28 7.19E-23 1.19E-18 1.34E-16 1.82E-15 3.61E-15 4.17E-15
 4.31E-15 4.21E-15 3.79E-15 3.04E-15 2.32E-15 1.96E-15
 1.09E-35 1.58E-28 7.75E-23 1.25E-18 1.38E-16 1.84E-15 3.63E-15 4.19E-15
 4.33E-15 4.22E-15 3.80E-15 3.04E-15 2.33E-15 1.97E-15
  67.7009    7  14 /pl=01:ss=14:pb= 1:sz=14/type=excit/ispb = t/isel =   13
 1.00E+10 1.00E+11 1.00E+12 1.00E+13 1.00E+14 1.00E+15 1.00E+16
 3.88E+00 5.82E+00 9.69E+00 1.94E+01 3.88E+01 9.69E+01 1.94E+02 2.91E+02
 3.88E+02 5.82E+02 9.69E+02 1.94E+03 3.88E+03 5.82E+03
 8.42E-39 1.79E-30 7.81E-24 6.81E-19 1.74E-16 3.81E-15 8.84E-15 1.08E-14
 1.14E-14 1.16E-14 1.09E-14 9.32E-15 7.68E-15 6.82E-15
 8.42E-39 1.79E-30 7.81E-24 6.81E-19 1.74E-16 3.81E-15 8.84E-15 1.08E-14
 1.14E-14 1.16E-14 1.09E-14 9.32E-15 7.68E-15 6.82E-15
 8.42E-39 1.79E-30 7.81E-24 6.81E-19 1.74E-16 3.81E-15 8.84E-15 1.08E-14
 1.14E-14 1.16E-14 1.09E-14 9.32E-15 7.68E-15 6.82E-15
 8.42E-39 1.79E-30 7.81E-24 6.81E-19 1.74E-16 3.81E-15 8.84E-15 1.08E-14
 1.14E-14 1.16E-14 1.09E-14 9.32E-15 7.68E-15 6.82E-15
 8.43E-39 1.79E-30 7.82E-24 6.81E-19 1.74E-16 3.81E-15 8.84E-15 1.08E-14
 1.14E-14 1.16E-14 1.09E-14 9.32E-15 7.68E-15 6.82E-15
 8.58E-39 1.81E-30 7.91E-24 6.86E-19 1.75E-16 3.82E-15 8.86E-15 1.08E-14
 1.14E-14 1.16E-14 1.09E-14 9.32E-15 7.68E-15 6.82E-15
 1.00E-38 2.07E-30 8.74E-24 7.33E-19 1.82E-16 3.89E-15 8.97E-15 1.09E-14
 1.16E-14 1.17E-14 1.10E-14 9.37E-15 7.70E-15 6.83E-15
  68.7983    7  14 /pl=01:ss=14:pb= 1:sz=14/type=excit/ispb = t/isel =   14
 1.00E+10 1.00E+11 1.00E+12 1.00E+13 1.00E+14 1.00E+15 1.00E+16
 3.88E+00 5.82E+00 9.69E+00 1.94E+01 3.88E+01 9.69E+01 1.94E+02 2.91E+02
 3.88E+02 5.82E+02 9.69E+02 1.94E+03 3.88E+03 5.82E+03
 2.62E-32 3.90E-25 1.95E-19 3.25E-15 3.66E-13 4.98E-12 9.88E-12 1.14E-11
 1.18E-11 1.15E-11 1.04E-11 8.32E-12 6.36E-12 5.38E-12
 2.62E-32 3.90E-25 1.95E-19 3.25E-15 3.66E-13 4.98E-12 9.88E-12 1.14E-11
 1.18E-11 1.15E-11 1.04E-11 8.32E-12 6.36E-12 5.38E-12
 2.62E-32 3.90E-25 1.95E-19 3.25E-15 3.66E-13 4.98E-12 9.88E-12 1.14E-11
 1.18E-11 1.15E-11 1.04E-11 8.32E-12 6.36E-12 5.38E-12
 2.62E-32 3.90E-25 1.95E-19 3.25E-15 3.66E-13 4.98E-12 9.88E-12 1.14E-11
 1.18E-11 1.15E-11 1.04E-11 8.32E-12 6.36E-12 5.38E-12
 2.62E-32 3.90E-25 1.96E-19 3.25E-15 3.66E-13 4.98E-12 9.88E-12 1.14E-11
 1.18E-11 1.15E-11 1.04E-11 8.32E-12 6.36E-12 5.38E-12
 2.65E-32 3.94E-25 1.97E-19 3.26E-15 3.67E-13 4.98E-12 9.89E-12 1.14E-11
 1.18E-11 1.15E-11 1.04E-11 8.32E-12 6.36E-12 5.38E-12
 2.98E-32 4.34E-25 2.13E-19 3.43E-15 3.78E-13 5.04E-12 9.95E-12 1.15E-11
 1.19E-11 1.16E-11 1.04E-11 8.34E-12 6.38E-12 5.39E-12
  71.6687    7  14 /pl=01:ss=14:pb= 1:sz=14/type=excit/ispb = t/isel =   15
 1.00E+10 1.00E+11 1.00E+12 1.00E+13 1.00E+14 1.00E+15 1.00E+16
 3.88E+00 5.82E+00 9.69E+00 1.94E+01 3.88E+01 9.69E+01 1.94E+02 2.91E+02
 3.88E+02 5.82E+02 9.69E+02 1.94E+03 3.88E+03 5.82E+03
 5.33E-34 4.60E-26 9.37E-20 4.35E-15 7.89E-13 1.41E-11 3.13E-11 3.81E-11
 4.06E-11 4.15E-11 3.92E-11 3.28E-11 2.59E-11 2.21E-11
 5.33E-34 4.60E-26 9.37E-20 4.35E-15 7.89E-13 1.41E-11 3.13E-11 3.81E-11
 4.06E-11 4.15E-11 3.92E-11 3.28E-11 2.59E-11 2.21E-11
 5.33E-34 4.60E-26 9.37E-20 4.35E-15 7.89E-13 1.41E-11 3.13E-11 3.81E-11
 4.06E-11 4.15E-11 3.92E-11 3.28E-11 2.59E-11 2.21E-11
 5.33E-34 4.60E-26 9.37E-20 4.35E-15 7.89E-13 1.41E-11 3.13E-11 3.81E-11
 4.06E-11 4.15E-11 3.92E-11 3.28E-11 2.59E-11 2.21E-11
 5.33E-34 4.60E-26 9.37E-20 4.36E-15 7.89E-13 1.41E-11 3.13E-11 3.81E-11
 4.06E-11 4.15E-11 3.92E-11 3.28E-11 2.59E-11 2.21E-11
 5.35E-34 4.61E-26 9.38E-20 4.36E-15 7.89E-13 1.41E-11 3.12E-11 3.80E-11
 4.06E-11 4.14E-11 3.91E-11 3.28E-11 2.59E-11 2.21E-11
 5.50E-34 4.71E-26 9.53E-20 4.38E-15 7.83E-13 1.39E-11 3.07E-11 3.74E-11
 3.99E-11 4.08E-11 3.86E-11 3.25E-11 2.57E-11 2.20E-11
  73.9839    7  14 /pl=01:ss=14:pb= 1:sz=14/type=excit/ispb = t/isel =   16
 1.00E+10 1.00E+11 1.00E+12 1.00E+13 1.00E+14 1.00E+15 1.00E+16
 3.88E+00 5.82E+00 9.69E+00 1.94E+01 3.88E+01 9.69E+01 1.94E+02 2.91E+02
 3.88E+02 5.82E+02 9.69E+02 1.94E+03 3.88E+03 5.82E+03
 3.99E-29 5.92E-23 4.79E-18 2.16E-14 1.35E-12 1.34E-11 2.43E-11 2.74E-11
 2.80E-11 2.72E-11 2.46E-11 2.03E-11 1.62E-11 1.41E-11
 3.99E-29 5.92E-23 4.79E-18 2.16E-14 1.35E-12 1.34E-11 2.43E-11 2.74E-11
 2.80E-11 2.72E-11 2.46E-11 2.03E-11 1.62E-11 1.41E-11
 3.99E-29 5.92E-23 4.79E-18 2.16E-14 1.35E-12 1.34E-11 2.43E-11 2.74E-11
 2.80E-11 2.72E-11 2.46E-11 2.03E-11 1.62E-11 1.41E-11
 3.99E-29 5.92E-23 4.79E-18 2.16E-14 1.35E-12 1.34E-11 2.43E-11 2.74E-11
 2.80E-11 2.72E-11 2.46E-11 2.03E-11 1.62E-11 1.41E-11
 4.00E-29 5.93E-23 4.79E-18 2.16E-14 1.35E-12 1.34E-11 2.43E-11 2.74E-11
 2.80E-11 2.72E-11 2.46E-11 2.03E-11 1.62E-11 1.41E-11
 4.07E-29 6.01E-23 4.85E-18 2.18E-14 1.36E-12 1.35E-11 2.44E-11 2.74E-11
 2.80E-11 2.72E-11 2.46E-11 2.03E-11 1.62E-11 1.41E-11
 4.80E-29 6.90E-23 5.40E-18 2.34E-14 1.41E-12 1.37E-11 2.46E-11 2.77E-11
 2.83E-11 2.74E-11 2.48E-11 2.04E-11 1.63E-11 1.42E-11
  80.8693    7  14 /pl=01:ss=14:pb= 1:sz=14/type=excit/ispb = t/isel =   17
 1.00E+10 1.00E+11 1.00E+12 1.00E+13 1.00E+14 1.00E+15 1.00E+16
 3.88E+00 5.82E+00 9.69E+00 1.94E+01 3.88E+01 9.69E+01 1.94E+02 2.91E+02
 3.88E+02 5.82E+02 9.69E+02 1.94E+03 3.88E+03 5.82E+03
 9.48E-35 1.40E-28 1.14E-23 5.13E-20 3.20E-18 3.19E-17 5.77E-17 6.50E-17
 6.64E-17 6.45E-17 5.84E-17 4.81E-17 3.84E-17 3.35E-17
 9.48E-35 1.40E-28 1.14E-23 5.13E-20 3.20E-18 3.19E-17 5.77E-17 6.50E-17
 6.64E-17 6.45E-17 5.84E-17 4.81E-17 3.84E-17 3.35E-17
 9.48E-35 1.40E-28 1.14E-23 5.13E-20 3.20E-18 3.19E-17 5.77E-17 6.50E-17
 6.64E-17 6.45E-17 5.84E-17 4.81E-17 3.84E-17 3.35E-17
 9.48E-35 1.40E-28 1.14E-23 5.13E-20 3.20E-18 3.19E-17 5.77E-17 6.50E-17
 6.64E-17 6.45E-17 5.84E-17 4.81E-17 3.84E-17 3.35E-17
 9.49E-35 1.41E-28 1.14E-23 5.14E-20 3.20E-18 3.19E-17 5.77E-17 6.50E-17
 6.64E-17 6.45E-17 5.84E-17 4.81E-17 3.84E-17 3.35E-17
 9.67E-35 1.43E-28 1.15E-23 5.17E-20 3.22E-18 3.19E-17 5.78E-17 6.50E-17
 6.65E-17 6.46E-17 5.84E-17 4.81E-17 3.84E-17 3.35E-17
 1.14E-34 1.64E-28 1.28E-23 5.55E-20 3.35E-18 3.25E-17 5.84E-17 6.56E-17
 6.71E-17 6.51E-17 5.88E-17 4.84E-17 3.86E-17 3.36E-17
  81.2544    7  14 /pl=01:ss=14:pb= 1:sz=14/type=excit/ispb = t/isel =   18
 1.00E+10 1.00E+11 1.00E+12 1.00E+13 1.00E+14 1.00E+15 1.00E+16
 3.88E+00 5.82E+00 9.69E+00 1.94E+01 3.88E+01 9.69E+01 1.94E+02 2.91E+02
 3.88E+02 5.82E+02 9.69E+02 1.94E+03 3.88E+03 5.82E+03
 3.95E-33 5.88E-26 2.95E-20 4.90E-16 5.52E-14 7.51E-13 1.49E-12 1.72E-12
 1.78E-12 1.74E-12 1.57E-12 1.26E-12 9.60E-13 8.12E-13
 3.95E-33 5.88E-26 2.95E-20 4.90E-16 5.52E-14 7.51E-13 1.49E-12 1.72E-12
 1.78E-12 1.74E-12 1.57E-12 1.26E-12 9.60E-13 8.12E-13
 3.95E-33 5.88E-26 2.95E-20 4.90E-16 5.52E-14 7.51E-13 1.49E-12 1.72E-12
 1.78E-12 1.74E-12 1.57E-12 1.26E-12 9.60E-13 8.12E-13
 3.95E-33 5.88E-26 2.95E-20 4.90E-16 5.52E-14 7.51E-13 1.49E-12 1.72E-12
 1.78E-12 1.74E-12 1.57E-12 1.26E-12 9.60E-13 8.12E-13
 3.95E-33 5.89E-26 2.95E-20 4.90E-16 5.52E-14 7.51E-13 1.49E-12 1.72E-12
 1.78E-12 1.74E-12 1.57E-12 1.26E-12 9.60E-13 8.12E-13
 4.00E-33 5.95E-26 2.97E-20 4.93E-16 5.54E-14 7.52E-13 1.49E-12 1.72E-12
 1.78E-12 1.74E-12 1.57E-12 1.26E-12 9.60E-13 8.13E-13
 4.50E-33 6.55E-26 3.21E-20 5.18E-16 5.70E-14 7.61E-13 1.50E-12 1.73E-12
 1.79E-12 1.75E-12 1.57E-12 1.26E-12 9.62E-13 8.14E-13
  83.6455    7  14 /pl=01:ss=14:pb= 1:sz=14/type=excit/ispb = t/isel =   19
 1.00E+10 1.00E+11 1.00E+12 1.00E+13 1.00E+14 1.00E+15 1.00E+16
 3.88E+00 5.82E+00 9.69E+00 1.94E+01 3.88E+01 9.69E+01 1.94E+02 2.91E+02
 3.88E+02 5.82E+02 9.69E+02 1.94E+03 3.88E+03 5.82E+03
 5.07E-67 1.42E-61 2.97E-57 4.44E-54 1.47E-52 9.62E-52 1.55E-51 1.70E-51
 1.73E-51 1.69E-51 1.53E-51 1.25E-51 9.69E-52 8.24E-52
 5.07E-67 1.42E-61 2.97E-57 4.44E-54 1.47E-52 9.62E-52 1.55E-51 1.70E-51
 1.73E-51 1.69E-51 1.53E-51 1.25E-51 9.69E-52 8.24E-52
 5.07E-67 1.42E-61 2.97E-57 4.44E-54 1.47E-52 9.62E-52 1.55E-51 1.70E-51
 1.73E-51 1.69E-51 1.53E-51 1.25E-51 9.69E-52 8.24E-52
 5.07E-67 1.42E-61 2.97E-57 4.44E-54 1.47E-52 9.62E-52 1.55E-51 1.70E-51
 1.73E-51 1.69E-51 1.53E-51 1.25E-51 9.69E-52 8.24E-52
 5.07E-67 1.42E-61 2.97E-57 4.44E-54 1.47E-52 9.62E-52 1.55E-51 1.70E-51
 1.73E-51 1.69E-51 1.53E-51 1.25E-51 9.69E-52 8.24E-52
 5.09E-67 1.42E-61 2.98E-57 4.44E-54 1.47E-52 9.61E-52 1.55E-51 1.70E-51
 1.73E-51 1.69E-51 1.52E-51 1.25E-51 9.69E-52 8.24E-52
 5.24E-67 1.46E-61 3.03E-57 4.48E-54 1.46E-52 9.48E-52 1.53E-51 1.68E-51
 1.71E-51 1.67E-51 1.51E-51 1.24E-51 9.69E-52 8.25E-52
  90.9158    7  14 /pl=01:ss=14:pb= 1:sz=14/type=excit/ispb = t/isel =   20
 1.00E+10 1.00E+11 1.00E+12 1.00E+13 1.00E+14 1.00E+15 1.00E+16
 3.88E+00 5.82E+00 9.69E+00 1.94E+01 3.88E+01 9.69E+01 1.94E+02 2.91E+02
 3.88E+02 5.82E+02 9.69E+02 1.94E+03 3.88E+03 5.82E+03
 1.98E-40 1.42E-31 1.58E-24 2.60E-19 8.95E-17 2.32E-15 5.66E-15 7.00E-15
 7.46E-15 7.58E-15 7.02E-15 5.70E-15 4.35E-15 3.67E-15
 1.98E-40 1.42E-31 1.58E-24 2.60E-19 8.95E-17 2.32E-15 5.66E-15 7.00E-15
 7.46E-15 7.58E-15 7.02E-15 5.70E-15 4.35E-15 3.67E-15
 1.98E-40 1.42E-31 1.58E-24 2.60E-19 8.95E-17 2.32E-15 5.66E-15 7.00E-15
 7.46E-15 7.58E-15 7.02E-15 5.70E-15 4.35E-15 3.67E-15
 1.98E-40 1.42E-31 1.58E-24 2.60E-19 8.95E-17 2.32E-15 5.66E-15 7.00E-15
 7.46E-15 7.58E-15 7.02E-15 5.70E-15 4.35E-15 3.67E-15
 1.99E-40 1.42E-31 1.58E-24 2.60E-19 8.95E-17 2.32E-15 5.66E-15 7.00E-15
 7.46E-15 7.58E-15 7.02E-15 5.70E-15 4.35E-15 3.67E-15
 2.00E-40 1.43E-31 1.58E-24 2.61E-19 8.96E-17 2.32E-15 5.65E-15 6.99E-15
 7.45E-15 7.57E-15 7.01E-15 5.70E-15 4.35E-15 3.67E-15
 2.12E-40 1.50E-31 1.64E-24 2.67E-19 9.01E-17 2.30E-15 5.59E-15 6.91E-15
 7.37E-15 7.49E-15 6.94E-15 5.66E-15 4.33E-15 3.66E-15
  98.6444    7  14 /pl=01:ss=14:pb= 1:sz=14/type=excit/ispb = t/isel =   21
 1.00E+10 1.00E+11 1.00E+12 1.00E+13 1.00E+14 1.00E+15 1.00E+16
 3.88E+00 5.82E+00 9.69E+00 1.94E+01 3.88E+01 9.69E+01 1.94E+02 2.91E+02
 3.88E+02 5.82E+02 9.69E+02 1.94E+03 3.88E+03 5.82E+03
 1.10E-31 1.63E-25 1.32E-20 5.95E-17 3.71E-15 3.69E-14 6.69E-14 7.53E-14
 7.70E-14 7.48E-14 6.77E-14 5.57E-14 4.45E-14 3.88E-14
 1.10E-31 1.63E-25 1.32E-20 5.95E-17 3.71E-15 3.69E-14 6.69E-14 7.53E-14
 7.70E-14 7.48E-14 6.77E-14 5.57E-14 4.45E-14 3.88E-14
 1.10E-31 1.63E-25 1.32E-20 5.95E-17 3.71E-15 3.69E-14 6.69E-14 7.53E-14
 7.70E-14 7.48E-14 6.77E-14 5.57E-14 4.45E-14 3.88E-14
 1.10E-31 1.63E-25 1.32E-20 5.95E-17 3.71E-15 3.69E-14 6.69E-14 7.53E-14
 7.70E-14 7.48E-14 6.77E-14 5.57E-14 4.45E-14 3.88E-14
 1.10E-31 1.63E-25 1.32E-20 5.95E-17 3.71E-15 3.69E-14 6.69E-14 7.53E-14
 7.70E-14 7.48E-14 6.77E-14 5.57E-14 4.45E-14 3.88E-14
 1.12E-31 1.65E-25 1.33E-20 6.00E-17 3.73E-15 3.70E-14 6.70E-14 7.54E-14
 7.71E-14 7.49E-14 6.77E-14 5.58E-14 4.46E-14 3.88E-14
 1.32E-31 1.90E-25 1.48E-20 6.43E-17 3.88E-15 3.77E-14 6.78E-14 7.61E-14
 7.77E-14 7.54E-14 6.82E-14 5.61E-14 4.47E-14 3.89E-14
  101.763    7  14 /pl=01:ss=14:pb= 1:sz=14/type=excit/ispb = t/isel =   22
 1.00E+10 1.00E+11 1.00E+12 1.00E+13 1.00E+14 1.00E+15 1.00E+16
 3.88E+00 5.82E+00 9.69E+00 1.94E+01 3.88E+01 9.69E+01 1.94E+02 2.91E+02
 3.88E+02 5.82E+02 9.69E+02 1.94E+03 3.88E+03 5.82E+03
 1.88E-35 3.99E-27 1.74E-20 1.52E-15 3.89E-13 8.51E-12 1.98E-11 2.41E-11
 2.55E-11 2.60E-11 2.44E-11 2.08E-11 1.71E-11 1.52E-11
 1.88E-35 3.99E-27 1.74E-20 1.52E-15 3.89E-13 8.51E-12 1.98E-11 2.41E-11
 2.55E-11 2.60E-11 2.44E-11 2.08E-11 1.71E-11 1.52E-11
 1.88E-35 3.99E-27 1.74E-20 1.52E-15 3.89E-13 8.51E-12 1.98E-11 2.41E-11
 2.55E-11 2.60E-11 2.44E-11 2.08E-11 1.71E-11 1.52E-11
 1.88E-35 3.99E-27 1.74E-20 1.52E-15 3.89E-13 8.51E-12 1.98E-11 2.41E-11
 2.55E-11 2.60E-11 2.44E-11 2.08E-11 1.71E-11 1.52E-11
 1.88E-35 3.99E-27 1.75E-20 1.52E-15 3.89E-13 8.51E-12 1.98E-11 2.41E-11
 2.55E-11 2.60E-11 2.44E-11 2.08E-11 1.71E-11 1.52E-11
 1.92E-35 4.05E-27 1.77E-20 1.53E-15 3.90E-13 8.53E-12 1.98E-11 2.41E-11
 2.56E-11 2.60E-11 2.44E-11 2.08E-11 1.71E-11 1.52E-11
 2.24E-35 4.61E-27 1.95E-20 1.64E-15 4.06E-13 8.70E-12 2.00E-11 2.44E-11
 2.58E-11 2.62E-11 2.46E-11 2.09E-11 1.72E-11 1.53E-11
  111.000    7  14 /pl=01:ss=14:pb= 1:sz=14/type=excit/ispb = t/isel =   23
 1.00E+10 1.00E+11 1.00E+12 1.00E+13 1.00E+14 1.00E+15 1.00E+16
 3.88E+00 5.82E+00 9.69E+00 1.94E+01 3.88E+01 9.69E+01 1.94E+02 2.91E+02
 3.88E+02 5.82E+02 9.69E+02 1.94E+03 3.88E+03 5.82E+03
 2.97E-40 2.56E-32 5.22E-26 2.43E-21 4.40E-19 7.87E-18 1.74E-17 2.12E-17
 2.27E-17 2.31E-17 2.18E-17 1.83E-17 1.44E-17 1.23E-17
 2.97E-40 2.56E-32 5.22E-26 2.43E-21 4.40E-19 7.87E-18 1.74E-17 2.12E-17
 2.27E-17 2.31E-17 2.18E-17 1.83E-17 1.44E-17 1.23E-17
 2.97E-40 2.56E-32 5.22E-26 2.43E-21 4.40E-19 7.87E-18 1.74E-17 2.12E-17
 2.27E-17 2.31E-17 2.18E-17 1.83E-17 1.44E-17 1.23E-17
 2.97E-40 2.56E-32 5.22E-26 2.43E-21 4.40E-19 7.87E-18 1.74E-17 2.12E-17
 2.27E-17 2.31E-17 2.18E-17 1.83E-17 1.44E-17 1.23E-17
 2.97E-40 2.56E-32 5.22E-26 2.43E-21 4.40E-19 7.87E-18 1.74E-17 2.12E-17
 2.27E-17 2.31E-17 2.18E-17 1.83E-17 1.44E-17 1.23E-17
 2.98E-40 2.57E-32 5.23E-26 2.43E-21 4.40E-19 7.85E-18 1.74E-17 2.12E-17
 2.26E-17 2.31E-17 2.18E-17 1.83E-17 1.44E-17 1.23E-17
 3.06E-40 2.63E-32 5.31E-26 2.44E-21 4.36E-19 7.73E-18 1.71E-17 2.08E-17
 2.22E-17 2.28E-17 2.15E-17 1.81E-17 1.43E-17 1.23E-17
  116.602    7  14 /pl=01:ss=14:pb= 1:sz=14/type=excit/ispb = t/isel =   24
 1.00E+10 1.00E+11 1.00E+12 1.00E+13 1.00E+14 1.00E+15 1.00E+16
 3.88E+00 5.82E+00 9.69E+00 1.94E+01 3.88E+01 9.69E+01 1.94E+02 2.91E+02
 3.88E+02 5.82E+02 9.69E+02 1.94E+03 3.88E+03 5.82E+03
 1.25E-25 3.48E-20 7.31E-16 1.09E-12 3.62E-11 2.37E-10 3.82E-10 4.19E-10
 4.25E-10 4.16E-10 3.75E-10 3.07E-10 2.38E-10 2.03E-10
 1.25E-25 3.48E-20 7.31E-16 1.09E-12 3.62E-11 2.37E-10 3.82E-10 4.19E-10
 4.25E-10 4.16E-10 3.75E-10 3.07E-10 2.38E-10 2.03E-10
 1.25E-25 3.48E-20 7.31E-16 1.09E-12 3.62E-11 2.37E-10 3.82E-10 4.19E-10
 4.25E-10 4.16E-10 3.75E-10 3.07E-10 2.38E-10 2.03E-10
 1.25E-25 3.48E-20 7.31E-16 1.09E-12 3.62E-11 2.37E-10 3.82E-10 4.19E-10
 4.25E-10 4.16E-10 3.75E-10 3.07E-10 2.38E-10 2.03E-10
 1.25E-25 3.48E-20 7.31E-16 1.09E-12 3.62E-11 2.37E-10 3.82E-10 4.19E-10
 4.25E-10 4.15E-10 3.75E-10 3.07E-10 2.38E-10 2.03E-10
 1.25E-25 3.49E-20 7.33E-16 1.09E-12 3.62E-11 2.36E-10 3.82E-10 4.19E-10
 4.25E-10 4.15E-10 3.75E-10 3.07E-10 2.38E-10 2.03E-10
 1.29E-25 3.58E-20 7.46E-16 1.10E-12 3.60E-11 2.33E-10 3.76E-10 4.13E-10
 4.20E-10 4.11E-10 3.72E-10 3.06E-10 2.38E-10 2.03E-10
  120.147    7  14 /pl=01:ss=14:pb= 1:sz=14/type=excit/ispb = t/isel =   25
 1.00E+10 1.00E+11 1.00E+12 1.00E+13 1.00E+14 1.00E+15 1.00E+16
 3.88E+00 5.82E+00 9.69E+00 1.94E+01 3.88E+01 9.69E+01 1.94E+02 2.91E+02
 3.88E+02 5.82E+02 9.69E+02 1.94E+03 3.88E+03 5.82E+03
 4.16E-24 2.42E-20 2.27E-17 3.32E-15 3.45E-14 1.15E-13 1.48E-13 1.49E-13
 1.45E-13 1.33E-13 1.15E-13 8.93E-14 6.73E-14 5.65E-14
 4.16E-24 2.42E-20 2.27E-17 3.32E-15 3.45E-14 1.15E-13 1.48E-13 1.49E-13
 1.45E-13 1.33E-13 1.15E-13 8.93E-14 6.73E-14 5.65E-14
 4.16E-24 2.42E-20 2.27E-17 3.32E-15 3.45E-14 1.15E-13 1.48E-13 1.49E-13
 1.45E-13 1.33E-13 1.15E-13 8.93E-14 6.73E-14 5.65E-14
 4.16E-24 2.42E-20 2.27E-17 3.32E-15 3.45E-14 1.15E-13 1.48E-13 1.49E-13
 1.45E-13 1.33E-13 1.15E-13 8.93E-14 6.73E-14 5.65E-14
 4.17E-24 2.43E-20 2.28E-17 3.33E-15 3.46E-14 1.15E-13 1.48E-13 1.49E-13
 1.45E-13 1.33E-13 1.15E-13 8.94E-14 6.73E-14 5.65E-14
 4.27E-24 2.48E-20 2.31E-17 3.36E-15 3.48E-14 1.16E-13 1.48E-13 1.50E-13
 1.45E-13 1.34E-13 1.15E-13 8.97E-14 6.76E-14 5.67E-14
 5.23E-24 2.94E-20 2.65E-17 3.70E-15 3.72E-14 1.21E-13 1.54E-13 1.56E-13
 1.51E-13 1.39E-13 1.20E-13 9.33E-14 7.02E-14 5.88E-14
  135.739    7  14 /pl=01:ss=14:pb= 1:sz=14/type=excit/ispb = t/isel =   26
 1.00E+10 1.00E+11 1.00E+12 1.00E+13 1.00E+14 1.00E+15 1.00E+16
 3.88E+00 5.82E+00 9.69E+00 1.94E+01 3.88E+01 9.69E+01 1.94E+02 2.91E+02
 3.88E+02 5.82E+02 9.69E+02 1.94E+03 3.88E+03 5.82E+03
 3.50E-42 2.51E-33 2.77E-26 4.58E-21 1.58E-18 4.08E-17 9.97E-17 1.23E-16
 1.31E-16 1.33E-16 1.24E-16 1.00E-16 7.67E-17 6.46E-17
 3.50E-42 2.51E-33 2.77E-26 4.58E-21 1.58E-18 4.08E-17 9.97E-17 1.23E-16
 1.31E-16 1.33E-16 1.24E-16 1.00E-16 7.67E-17 6.46E-17
 3.50E-42 2.51E-33 2.77E-26 4.58E-21 1.58E-18 4.08E-17 9.97E-17 1.23E-16
 1.31E-16 1.33E-16 1.24E-16 1.00E-16 7.67E-17 6.46E-17
 3.50E-42 2.51E-33 2.77E-26 4.58E-21 1.58E-18 4.08E-17 9.97E-17 1.23E-16
 1.31E-16 1.33E-16 1.24E-16 1.00E-16 7.67E-17 6.46E-17
 3.50E-42 2.51E-33 2.78E-26 4.58E-21 1.58E-18 4.08E-17 9.97E-17 1.23E-16
 1.31E-16 1.33E-16 1.24E-16 1.00E-16 7.67E-17 6.46E-17
 3.52E-42 2.52E-33 2.79E-26 4.59E-21 1.58E-18 4.08E-17 9.96E-17 1.23E-16
 1.31E-16 1.33E-16 1.23E-16 1.00E-16 7.66E-17 6.46E-17
 3.74E-42 2.65E-33 2.89E-26 4.70E-21 1.59E-18 4.05E-17 9.85E-17 1.22E-16
 1.30E-16 1.32E-16 1.22E-16 9.96E-17 7.63E-17 6.44E-17
  135.815    7  14 /pl=01:ss=14:pb= 1:sz=14/type=excit/ispb = t/isel =   27
 1.00E+10 1.00E+11 1.00E+12 1.00E+13 1.00E+14 1.00E+15 1.00E+16
 3.88E+00 5.82E+00 9.69E+00 1.94E+01 3.88E+01 9.69E+01 1.94E+02 2.91E+02
 3.88E+02 5.82E+02 9.69E+02 1.94E+03 3.88E+03 5.82E+03
 5.43E-35 8.08E-28 4.05E-22 6.73E-18 7.58E-16 1.03E-14 2.05E-14 2.37E-14
 2.45E-14 2.39E-14 2.15E-14 1.72E-14 1.32E-14 1.12E-14
 5.43E-35 8.08E-28 4.05E-22 6.73E-18 7.58E-16 1.03E-14 2.05E-14 2.37E-14
 2.45E-14 2.39E-14 2.15E-14 1.72E-14 1.32E-14 1.12E-14
 5.43E-35 8.08E-28 4.05E-22 6.73E-18 7.58E-16 1.03E-14 2.05E-14 2.37E-14
 2.45E-14 2.39E-14 2.15E-14 1.72E-14 1.32E-14 1.12E-14
 5.43E-35 8.08E-28 4.05E-22 6.73E-18 7.58E-16 1.03E-14 2.05E-14 2.37E-14
 2.45E-14 2.39E-14 2.15E-14 1.72E-14 1.32E-14 1.12E-14
 5.43E-35 8.09E-28 4.05E-22 6.73E-18 7.59E-16 1.03E-14 2.05E-14 2.37E-14
 2.45E-14 2.39E-14 2.15E-14 1.72E-14 1.32E-14 1.12E-14
 5.50E-35 8.17E-28 4.09E-22 6.77E-18 7.61E-16 1.03E-14 2.05E-14 2.37E-14
 2.45E-14 2.39E-14 2.15E-14 1.72E-14 1.32E-14 1.12E-14
 6.18E-35 9.00E-28 4.41E-22 7.12E-18 7.83E-16 1.05E-14 2.06E-14 2.38E-14
 2.46E-14 2.40E-14 2.16E-14 1.73E-14 1.32E-14 1.12E-14
  139.425    7  14 /pl=01:ss=14:pb= 1:sz=14/type=excit/ispb = t/isel =   28
 1.00E+10 1.00E+11 1.00E+12 1.00E+13 1.00E+14 1.00E+15 1.00E+16
 3.88E+00 5.82E+00 9.69E+00 1.94E+01 3.88E+01 9.69E+01 1.94E+02 2.91E+02
 3.88E+02 5.82E+02 9.69E+02 1.94E+03 3.88E+03 5.82E+03
 4.04E-21 2.35E-17 2.21E-14 3.23E-12 3.35E-11 1.12E-10 1.43E-10 1.45E-10
 1.40E-10 1.29E-10 1.11E-10 8.67E-11 6.54E-11 5.49E-11
 4.04E-21 2.35E-17 2.21E-14 3.23E-12 3.35E-11 1.12E-10 1.43E-10 1.45E-10
 1.40E-10 1.29E-10 1.11E-10 8.67E-11 6.54E-11 5.49E-11
 4.04E-21 2.35E-17 2.21E-14 3.23E-12 3.35E-11 1.12E-10 1.43E-10 1.45E-10
 1.40E-10 1.29E-10 1.11E-10 8.67E-11 6.54E-11 5.49E-11
 4.04E-21 2.36E-17 2.21E-14 3.23E-12 3.36E-11 1.12E-10 1.43E-10 1.45E-10
 1.40E-10 1.29E-10 1.11E-10 8.68E-11 6.54E-11 5.49E-11
 4.05E-21 2.36E-17 2.21E-14 3.23E-12 3.36E-11 1.12E-10 1.43E-10 1.45E-10
 1.40E-10 1.29E-10 1.12E-10 8.68E-11 6.54E-11 5.49E-11
 4.15E-21 2.40E-17 2.24E-14 3.27E-12 3.38E-11 1.13E-10 1.44E-10 1.45E-10
 1.41E-10 1.30E-10 1.12E-10 8.71E-11 6.57E-11 5.51E-11
 5.08E-21 2.85E-17 2.57E-14 3.60E-12 3.61E-11 1.18E-10 1.50E-10 1.51E-10
 1.47E-10 1.35E-10 1.16E-10 9.06E-11 6.82E-11 5.71E-11
  161.429    7  14 /pl=01:ss=14:pb= 1:sz=14/type=excit/ispb = t/isel =   29
 1.00E+10 1.00E+11 1.00E+12 1.00E+13 1.00E+14 1.00E+15 1.00E+16
 3.88E+00 5.82E+00 9.69E+00 1.94E+01 3.88E+01 9.69E+01 1.94E+02 2.91E+02
 3.88E+02 5.82E+02 9.69E+02 1.94E+03 3.88E+03 5.82E+03
 1.65E-36 3.49E-28 1.53E-21 1.33E-16 3.40E-14 7.45E-13 1.73E-12 2.11E-12
 2.24E-12 2.27E-12 2.14E-12 1.82E-12 1.50E-12 1.33E-12
 1.65E-36 3.49E-28 1.53E-21 1.33E-16 3.40E-14 7.45E-13 1.73E-12 2.11E-12
 2.24E-12 2.27E-12 2.14E-12 1.82E-12 1.50E-12 1.33E-12
 1.65E-36 3.49E-28 1.53E-21 1.33E-16 3.40E-14 7.45E-13 1.73E-12 2.11E-12
 2.24E-12 2.27E-12 2.14E-12 1.82E-12 1.50E-12 1.33E-12
 1.65E-36 3.49E-28 1.53E-21 1.33E-16 3.40E-14 7.45E-13 1.73E-12 2.11E-12
 2.24E-12 2.27E-12 2.14E-12 1.82E-12 1.50E-12 1.33E-12
 1.65E-36 3.50E-28 1.53E-21 1.33E-16 3.41E-14 7.45E-13 1.73E-12 2.11E-12
 2.24E-12 2.27E-12 2.14E-12 1.82E-12 1.50E-12 1.33E-12
 1.68E-36 3.55E-28 1.55E-21 1.34E-16 3.42E-14 7.47E-13 1.73E-12 2.11E-12
 2.24E-12 2.28E-12 2.14E-12 1.82E-12 1.50E-12 1.33E-12
 1.96E-36 4.04E-28 1.71E-21 1.43E-16 3.56E-14 7.62E-13 1.75E-12 2.13E-12
 2.26E-12 2.30E-12 2.15E-12 1.83E-12 1.51E-12 1.34E-12
  172.240    7  14 /pl=01:ss=14:pb= 1:sz=14/type=excit/ispb = t/isel =   30
 1.00E+10 1.00E+11 1.00E+12 1.00E+13 1.00E+14 1.00E+15 1.00E+16
 3.88E+00 5.82E+00 9.69E+00 1.94E+01 3.88E+01 9.69E+01 1.94E+02 2.91E+02
 3.88E+02 5.82E+02 9.69E+02 1.94E+03 3.88E+03 5.82E+03
 4.12E-39 2.95E-30 3.27E-23 5.40E-18 1.86E-15 4.81E-14 1.17E-13 1.45E-13
 1.55E-13 1.57E-13 1.46E-13 1.18E-13 9.03E-14 7.62E-14
 4.12E-39 2.95E-30 3.27E-23 5.40E-18 1.86E-15 4.81E-14 1.17E-13 1.45E-13
 1.55E-13 1.57E-13 1.46E-13 1.18E-13 9.03E-14 7.62E-14
 4.12E-39 2.95E-30 3.27E-23 5.40E-18 1.86E-15 4.81E-14 1.17E-13 1.45E-13
 1.55E-13 1.57E-13 1.46E-13 1.18E-13 9.03E-14 7.62E-14
 4.12E-39 2.95E-30 3.27E-23 5.40E-18 1.86E-15 4.81E-14 1.17E-13 1.45E-13
 1.55E-13 1.57E-13 1.46E-13 1.18E-13 9.03E-14 7.62E-14
 4.12E-39 2.96E-30 3.27E-23 5.40E-18 1.86E-15 4.81E-14 1.17E-13 1.45E-13
 1.55E-13 1.57E-13 1.46E-13 1.18E-13 9.03E-14 7.62E-14
 4.15E-39 2.97E-30 3.28E-23 5.41E-18 1.86E-15 4.81E-14 1.17E-13 1.45E-13
 1.55E-13 1.57E-13 1.45E-13 1.18E-13 9.03E-14 7.61E-14
 4.40E-39 3.12E-30 3.41E-23 5.53E-18 1.87E-15 4.78E-14 1.16E-13 1.43E-13
 1.53E-13 1.55E-13 1.44E-13 1.17E-13 8.99E-14 7.59E-14
  185.981    7  14 /pl=01:ss=14:pb= 1:sz=14/type=excit/ispb = t/isel =   31
 1.00E+10 1.00E+11 1.00E+12 1.00E+13 1.00E+14 1.00E+15 1.00E+16
 3.88E+00 5.82E+00 9.69E+00 1.94E+01 3.88E+01 9.69E+01 1.94E+02 2.91E+02
 3.88E+02 5.82E+02 9.69E+02 1.94E+03 3.88E+03 5.82E+03
 1.00E-74 4.00E-67 8.15E-61 3.79E-56 6.86E-54 1.23E-52 2.72E-52 3.31E-52
 3.53E-52 3.61E-52 3.41E-52 2.85E-52 2.25E-52 1.92E-52
 1.00E-74 4.00E-67 8.15E-61 3.79E-56 6.86E-54 1.23E-52 2.72E-52 3.31E-52
 3.53E-52 3.61E-52 3.41E-52 2.85E-52 2.25E-52 1.92E-52
 1.00E-74 4.00E-67 8.15E-61 3.79E-56 6.86E-54 1.23E-52 2.72E-52 3.31E-52
 3.53E-52 3.61E-52 3.41E-52 2.85E-52 2.25E-52 1.92E-52
 1.00E-74 4.00E-67 8.15E-61 3.79E-56 6.86E-54 1.23E-52 2.72E-52 3.31E-52
 3.53E-52 3.61E-52 3.41E-52 2.85E-52 2.25E-52 1.92E-52
 1.00E-74 4.00E-67 8.15E-61 3.79E-56 6.86E-54 1.23E-52 2.72E-52 3.31E-52
 3.53E-52 3.61E-52 3.41E-52 2.85E-52 2.25E-52 1.92E-52
 1.00E-74 4.01E-67 8.16E-61 3.79E-56 6.86E-54 1.23E-52 2.71E-52 3.31E-52
 3.53E-52 3.60E-52 3.40E-52 2.85E-52 2.25E-52 1.92E-52
 1.00E-74 4.10E-67 8.29E-61 3.81E-56 6.81E-54 1.21E-52 2.67E-52 3.25E-52
 3.47E-52 3.55E-52 3.36E-52 2.83E-52 2.24E-52 1.91E-52
  192.555    7  14 /pl=01:ss=14:pb= 1:sz=14/type=excit/ispb = t/isel =   32
 1.00E+10 1.00E+11 1.00E+12 1.00E+13 1.00E+14 1.00E+15 1.00E+16
 3.88E+00 5.82E+00 9.69E+00 1.94E+01 3.88E+01 9.69E+01 1.94E+02 2.91E+02
 3.88E+02 5.82E+02 9.69E+02 1.94E+03 3.88E+03 5.82E+03
 3.67E-28 5.43E-22 4.40E-17 1.98E-13 1.24E-11 1.23E-10 2.23E-10 2.51E-10
 2.57E-10 2.50E-10 2.26E-10 1.86E-10 1.49E-10 1.29E-10
 3.67E-28 5.43E-22 4.40E-17 1.98E-13 1.24E-11 1.23E-10 2.23E-10 2.51E-10
 2.57E-10 2.50E-10 2.26E-10 1.86E-10 1.49E-10 1.29E-10
 3.67E-28 5.43E-22 4.40E-17 1.98E-13 1.24E-11 1.23E-10 2.23E-10 2.51E-10
 2.57E-10 2.50E-10 2.26E-10 1.86E-10 1.49E-10 1.29E-10
 3.67E-28 5.43E-22 4.40E-17 1.98E-13 1.24E-11 1.23E-10 2.23E-10 2.51E-10
 2.57E-10 2.50E-10 2.26E-10 1.86E-10 1.49E-10 1.29E-10
 3.67E-28 5.44E-22 4.40E-17 1.99E-13 1.24E-11 1.23E-10 2.23E-10 2.51E-10
 2.57E-10 2.50E-10 2.26E-10 1.86E-10 1.49E-10 1.29E-10
 3.74E-28 5.52E-22 4.45E-17 2.00E-13 1.24E-11 1.24E-10 2.24E-10 2.52E-10
 2.57E-10 2.50E-10 2.26E-10 1.86E-10 1.49E-10 1.30E-10
 4.41E-28 6.33E-22 4.95E-17 2.15E-13 1.29E-11 1.26E-10 2.26E-10 2.54E-10
 2.59E-10 2.52E-10 2.27E-10 1.87E-10 1.49E-10 1.30E-10
  202.261    7  14 /pl=01:ss=14:pb= 1:sz=14/type=excit/ispb = t/isel =   33
 1.00E+10 1.00E+11 1.00E+12 1.00E+13 1.00E+14 1.00E+15 1.00E+16
 3.88E+00 5.82E+00 9.69E+00 1.94E+01 3.88E+01 9.69E+01 1.94E+02 2.91E+02
 3.88E+02 5.82E+02 9.69E+02 1.94E+03 3.88E+03 5.82E+03
 7.96E-20 4.64E-16 4.34E-13 6.35E-11 6.60E-10 2.20E-09 2.82E-09 2.85E-09
 2.76E-09 2.55E-09 2.19E-09 1.71E-09 1.29E-09 1.08E-09
 7.96E-20 4.64E-16 4.34E-13 6.35E-11 6.60E-10 2.20E-09 2.82E-09 2.85E-09
 2.76E-09 2.55E-09 2.19E-09 1.71E-09 1.29E-09 1.08E-09
 7.96E-20 4.64E-16 4.34E-13 6.35E-11 6.60E-10 2.20E-09 2.82E-09 2.85E-09
 2.76E-09 2.55E-09 2.19E-09 1.71E-09 1.29E-09 1.08E-09
 7.96E-20 4.64E-16 4.34E-13 6.35E-11 6.61E-10 2.20E-09 2.82E-09 2.85E-09
 2.76E-09 2.55E-09 2.19E-09 1.71E-09 1.29E-09 1.08E-09
 7.98E-20 4.65E-16 4.35E-13 6.36E-11 6.61E-10 2.21E-09 2.82E-09 2.85E-09
 2.76E-09 2.55E-09 2.20E-09 1.71E-09 1.29E-09 1.08E-09
 8.17E-20 4.73E-16 4.42E-13 6.43E-11 6.66E-10 2.22E-09 2.83E-09 2.86E-09
 2.78E-09 2.56E-09 2.20E-09 1.72E-09 1.29E-09 1.08E-09
 1.00E-19 5.61E-16 5.06E-13 7.08E-11 7.12E-10 2.32E-09 2.95E-09 2.98E-09
 2.88E-09 2.66E-09 2.29E-09 1.78E-09 1.34E-09 1.13E-09
  215.823    7  14 /pl=01:ss=14:pb= 1:sz=14/type=excit/ispb = t/isel =   34
 1.00E+10 1.00E+11 1.00E+12 1.00E+13 1.00E+14 1.00E+15 1.00E+16
 3.88E+00 5.82E+00 9.69E+00 1.94E+01 3.88E+01 9.69E+01 1.94E+02 2.91E+02
 3.88E+02 5.82E+02 9.69E+02 1.94E+03 3.88E+03 5.82E+03
 2.13E-39 4.51E-31 1.97E-24 1.72E-19 4.39E-17 9.62E-16 2.23E-15 2.72E-15
 2.89E-15 2.94E-15 2.76E-15 2.35E-15 1.94E-15 1.72E-15
 2.13E-39 4.51E-31 1.97E-24 1.72E-19 4.39E-17 9.62E-16 2.23E-15 2.72E-15
 2.89E-15 2.94E-15 2.76E-15 2.35E-15 1.94E-15 1.72E-15
 2.13E-39 4.51E-31 1.97E-24 1.72E-19 4.39E-17 9.62E-16 2.23E-15 2.72E-15
 2.89E-15 2.94E-15 2.76E-15 2.35E-15 1.94E-15 1.72E-15
 2.13E-39 4.51E-31 1.97E-24 1.72E-19 4.39E-17 9.62E-16 2.23E-15 2.72E-15
 2.89E-15 2.94E-15 2.76E-15 2.35E-15 1.94E-15 1.72E-15
 2.13E-39 4.52E-31 1.98E-24 1.72E-19 4.40E-17 9.62E-16 2.23E-15 2.72E-15
 2.89E-15 2.94E-15 2.76E-15 2.35E-15 1.94E-15 1.72E-15
 2.17E-39 4.58E-31 2.00E-24 1.73E-19 4.41E-17 9.64E-16 2.24E-15 2.72E-15
 2.89E-15 2.94E-15 2.76E-15 2.35E-15 1.94E-15 1.72E-15
 2.54E-39 5.22E-31 2.21E-24 1.85E-19 4.59E-17 9.83E-16 2.27E-15 2.75E-15
 2.92E-15 2.96E-15 2.78E-15 2.37E-15 1.94E-15 1.73E-15
  262.077    7  14 /pl=01:ss=14:pb= 1:sz=14/type=excit/ispb = t/isel =   35
 1.00E+10 1.00E+11 1.00E+12 1.00E+13 1.00E+14 1.00E+15 1.00E+16
 3.88E+00 5.82E+00 9.69E+00 1.94E+01 3.88E+01 9.69E+01 1.94E+02 2.91E+02
 3.88E+02 5.82E+02 9.69E+02 1.94E+03 3.88E+03 5.82E+03
 3.36E-34 2.89E-26 5.90E-20 2.74E-15 4.97E-13 8.89E-12 1.97E-11 2.40E-11
 2.56E-11 2.61E-11 2.47E-11 2.07E-11 1.63E-11 1.39E-11
 3.36E-34 2.89E-26 5.90E-20 2.74E-15 4.97E-13 8.89E-12 1.97E-11 2.40E-11
 2.56E-11 2.61E-11 2.47E-11 2.07E-11 1.63E-11 1.39E-11
 3.36E-34 2.89E-26 5.90E-20 2.74E-15 4.97E-13 8.89E-12 1.97E-11 2.40E-11
 2.56E-11 2.61E-11 2.47E-11 2.07E-11 1.63E-11 1.39E-11
 3.36E-34 2.89E-26 5.90E-20 2.74E-15 4.97E-13 8.89E-12 1.97E-11 2.40E-11
 2.56E-11 2.61E-11 2.47E-11 2.07E-11 1.63E-11 1.39E-11
 3.36E-34 2.90E-26 5.90E-20 2.74E-15 4.97E-13 8.89E-12 1.97E-11 2.40E-11
 2.56E-11 2.61E-11 2.47E-11 2.07E-11 1.63E-11 1.39E-11
 3.37E-34 2.90E-26 5.91E-20 2.74E-15 4.96E-13 8.87E-12 1.96E-11 2.39E-11
 2.55E-11 2.61E-11 2.46E-11 2.06E-11 1.63E-11 1.39E-11
 3.46E-34 2.97E-26 6.00E-20 2.76E-15 4.93E-13 8.73E-12 1.93E-11 2.35E-11
 2.51E-11 2.57E-11 2.43E-11 2.05E-11 1.62E-11 1.39E-11
  268.036    7  14 /pl=01:ss=14:pb= 1:sz=14/type=excit/ispb = t/isel =   36
 1.00E+10 1.00E+11 1.00E+12 1.00E+13 1.00E+14 1.00E+15 1.00E+16
 3.88E+00 5.82E+00 9.69E+00 1.94E+01 3.88E+01 9.69E+01 1.94E+02 2.91E+02
 3.88E+02 5.82E+02 9.69E+02 1.94E+03 3.88E+03 5.82E+03
 1.72E-35 2.55E-28 1.28E-22 2.13E-18 2.40E-16 3.26E-15 6.48E-15 7.49E-15
 7.74E-15 7.57E-15 6.81E-15 5.45E-15 4.17E-15 3.53E-15
 1.72E-35 2.55E-28 1.28E-22 2.13E-18 2.40E-16 3.26E-15 6.48E-15 7.49E-15
 7.74E-15 7.57E-15 6.81E-15 5.45E-15 4.17E-15 3.53E-15
 1.72E-35 2.55E-28 1.28E-22 2.13E-18 2.40E-16 3.26E-15 6.48E-15 7.49E-15
 7.74E-15 7.57E-15 6.81E-15 5.45E-15 4.17E-15 3.53E-15
 1.72E-35 2.56E-28 1.28E-22 2.13E-18 2.40E-16 3.26E-15 6.48E-15 7.49E-15
 7.74E-15 7.57E-15 6.81E-15 5.45E-15 4.17E-15 3.53E-15
 1.72E-35 2.56E-28 1.28E-22 2.13E-18 2.40E-16 3.26E-15 6.48E-15 7.49E-15
 7.74E-15 7.57E-15 6.81E-15 5.45E-15 4.17E-15 3.53E-15
 1.74E-35 2.58E-28 1.29E-22 2.14E-18 2.41E-16 3.27E-15 6.48E-15 7.49E-15
 7.75E-15 7.57E-15 6.81E-15 5.46E-15 4.17E-15 3.53E-15
 1.96E-35 2.85E-28 1.39E-22 2.25E-18 2.48E-16 3.31E-15 6.52E-15 7.52E-15
 7.77E-15 7.59E-15 6.83E-15 5.47E-15 4.18E-15 3.54E-15
  275.008    7  14 /pl=01:ss=14:pb= 1:sz=14/type=excit/ispb = t/isel =   37
 1.00E+10 1.00E+11 1.00E+12 1.00E+13 1.00E+14 1.00E+15 1.00E+16
 3.88E+00 5.82E+00 9.69E+00 1.94E+01 3.88E+01 9.69E+01 1.94E+02 2.91E+02
 3.88E+02 5.82E+02 9.69E+02 1.94E+03 3.88E+03 5.82E+03
 6.84E-41 4.90E-32 5.43E-25 8.96E-20 3.08E-17 7.99E-16 1.95E-15 2.41E-15
 2.57E-15 2.61E-15 2.42E-15 1.96E-15 1.50E-15 1.26E-15
 6.84E-41 4.90E-32 5.43E-25 8.96E-20 3.08E-17 7.99E-16 1.95E-15 2.41E-15
 2.57E-15 2.61E-15 2.42E-15 1.96E-15 1.50E-15 1.26E-15
 6.84E-41 4.90E-32 5.43E-25 8.96E-20 3.08E-17 7.99E-16 1.95E-15 2.41E-15
 2.57E-15 2.61E-15 2.42E-15 1.96E-15 1.50E-15 1.26E-15
 6.84E-41 4.90E-32 5.43E-25 8.96E-20 3.08E-17 7.99E-16 1.95E-15 2.41E-15
 2.57E-15 2.61E-15 2.42E-15 1.96E-15 1.50E-15 1.26E-15
 6.84E-41 4.91E-32 5.43E-25 8.97E-20 3.08E-17 7.99E-16 1.95E-15 2.41E-15
 2.57E-15 2.61E-15 2.42E-15 1.96E-15 1.50E-15 1.26E-15
 6.88E-41 4.93E-32 5.45E-25 8.98E-20 3.09E-17 7.98E-16 1.95E-15 2.41E-15
 2.57E-15 2.61E-15 2.41E-15 1.96E-15 1.50E-15 1.26E-15
 7.31E-41 5.18E-32 5.66E-25 9.18E-20 3.10E-17 7.93E-16 1.93E-15 2.38E-15
 2.54E-15 2.58E-15 2.39E-15 1.95E-15 1.49E-15 1.26E-15
  275.324    7  14 /pl=01:ss=14:pb= 1:sz=14/type=excit/ispb = t/isel =   38
 1.00E+10 1.00E+11 1.00E+12 1.00E+13 1.00E+14 1.00E+15 1.00E+16
 3.88E+00 5.82E+00 9.69E+00 1.94E+01 3.88E+01 9.69E+01 1.94E+02 2.91E+02
 3.88E+02 5.82E+02 9.69E+02 1.94E+03 3.88E+03 5.82E+03
 7.80E-31 2.18E-25 4.58E-21 6.84E-18 2.27E-16 1.48E-15 2.39E-15 2.62E-15
 2.66E-15 2.60E-15 2.35E-15 1.92E-15 1.49E-15 1.27E-15
 7.80E-31 2.18E-25 4.58E-21 6.84E-18 2.27E-16 1.48E-15 2.39E-15 2.62E-15
 2.66E-15 2.60E-15 2.35E-15 1.92E-15 1.49E-15 1.27E-15
 7.80E-31 2.18E-25 4.58E-21 6.84E-18 2.27E-16 1.48E-15 2.39E-15 2.62E-15
 2.66E-15 2.60E-15 2.35E-15 1.92E-15 1.49E-15 1.27E-15
 7.80E-31 2.18E-25 4.58E-21 6.84E-18 2.27E-16 1.48E-15 2.39E-15 2.62E-15
 2.66E-15 2.60E-15 2.35E-15 1.92E-15 1.49E-15 1.27E-15
 7.81E-31 2.18E-25 4.58E-21 6.84E-18 2.27E-16 1.48E-15 2.39E-15 2.62E-15
 2.66E-15 2.60E-15 2.35E-15 1.92E-15 1.49E-15 1.27E-15
 7.83E-31 2.19E-25 4.59E-21 6.84E-18 2.26E-16 1.48E-15 2.39E-15 2.62E-15
 2.66E-15 2.60E-15 2.35E-15 1.92E-15 1.49E-15 1.27E-15
 8.08E-31 2.24E-25 4.67E-21 6.89E-18 2.25E-16 1.46E-15 2.36E-15 2.59E-15
 2.63E-15 2.57E-15 2.33E-15 1.91E-15 1.49E-15 1.27E-15
  295.943    7  14 /pl=01:ss=14:pb= 1:sz=14/type=excit/ispb = t/isel =   39
 1.00E+10 1.00E+11 1.00E+12 1.00E+13 1.00E+14 1.00E+15 1.00E+16
 3.88E+00 5.82E+00 9.69E+00 1.94E+01 3.88E+01 9.69E+01 1.94E+02 2.91E+02
 3.88E+02 5.82E+02 9.69E+02 1.94E+03 3.88E+03 5.82E+03
 3.84E-12 1.15E-10 1.61E-09 1.02E-08 2.28E-08 3.25E-08 3.34E-08 3.22E-08
 3.10E-08 2.89E-08 2.59E-08 2.16E-08 1.78E-08 1.57E-08
 3.84E-12 1.15E-10 1.61E-09 1.02E-08 2.28E-08 3.25E-08 3.34E-08 3.22E-08
 3.10E-08 2.89E-08 2.59E-08 2.16E-08 1.78E-08 1.57E-08
 3.84E-12 1.15E-10 1.61E-09 1.02E-08 2.28E-08 3.25E-08 3.34E-08 3.22E-08
 3.10E-08 2.89E-08 2.59E-08 2.16E-08 1.78E-08 1.57E-08
 3.84E-12 1.15E-10 1.61E-09 1.02E-08 2.28E-08 3.25E-08 3.34E-08 3.22E-08
 3.10E-08 2.89E-08 2.59E-08 2.16E-08 1.78E-08 1.57E-08
 3.84E-12 1.15E-10 1.61E-09 1.02E-08 2.28E-08 3.25E-08 3.34E-08 3.22E-08
 3.10E-08 2.89E-08 2.59E-08 2.16E-08 1.78E-08 1.57E-08
 3.83E-12 1.15E-10 1.61E-09 1.02E-08 2.27E-08 3.24E-08 3.33E-08 3.21E-08
 3.09E-08 2.88E-08 2.58E-08 2.16E-08 1.78E-08 1.56E-08
 3.79E-12 1.14E-10 1.59E-09 1.00E-08 2.22E-08 3.15E-08 3.23E-08 3.13E-08
 3.01E-08 2.81E-08 2.53E-08 2.12E-08 1.75E-08 1.54E-08
  405.874    7  14 /pl=01:ss=14:pb= 1:sz=14/type=excit/ispb = t/isel =   40
 1.00E+10 1.00E+11 1.00E+12 1.00E+13 1.00E+14 1.00E+15 1.00E+16
 3.88E+00 5.82E+00 9.69E+00 1.94E+01 3.88E+01 9.69E+01 1.94E+02 2.91E+02
 3.88E+02 5.82E+02 9.69E+02 1.94E+03 3.88E+03 5.82E+03
 1.60E-35 3.39E-27 1.48E-20 1.29E-15 3.30E-13 7.23E-12 1.68E-11 2.04E-11
 2.17E-11 2.21E-11 2.07E-11 1.77E-11 1.46E-11 1.29E-11
 1.60E-35 3.39E-27 1.48E-20 1.29E-15 3.30E-13 7.23E-12 1.68E-11 2.04E-11
 2.17E-11 2.21E-11 2.07E-11 1.77E-11 1.46E-11 1.29E-11
 1.60E-35 3.39E-27 1.48E-20 1.29E-15 3.30E-13 7.23E-12 1.68E-11 2.04E-11
 2.17E-11 2.21E-11 2.07E-11 1.77E-11 1.46E-11 1.29E-11
 1.60E-35 3.39E-27 1.48E-20 1.29E-15 3.30E-13 7.23E-12 1.68E-11 2.04E-11
 2.17E-11 2.21E-11 2.07E-11 1.77E-11 1.46E-11 1.29E-11
 1.60E-35 3.39E-27 1.48E-20 1.29E-15 3.30E-13 7.23E-12 1.68E-11 2.04E-11
 2.17E-11 2.21E-11 2.07E-11 1.77E-11 1.46E-11 1.29E-11
 1.63E-35 3.44E-27 1.50E-20 1.30E-15 3.32E-13 7.25E-12 1.68E-11 2.05E-11
 2.17E-11 2.21E-11 2.07E-11 1.77E-11 1.46E-11 1.29E-11
 1.91E-35 3.92E-27 1.66E-20 1.39E-15 3.45E-13 7.39E-12 1.70E-11 2.07E-11
 2.19E-11 2.23E-11 2.09E-11 1.78E-11 1.46E-11 1.30E-11
  448.790    7  14 /pl=01:ss=14:pb= 1:sz=14/type=excit/ispb = t/isel =   41
 1.00E+10 1.00E+11 1.00E+12 1.00E+13 1.00E+14 1.00E+15 1.00E+16
 3.88E+00 5.82E+00 9.69E+00 1.94E+01 3.88E+01 9.69E+01 1.94E+02 2.91E+02
 3.88E+02 5.82E+02 9.69E+02 1.94E+03 3.88E+03 5.82E+03
 2.66E-19 8.00E-18 1.12E-16 7.06E-16 1.58E-15 2.25E-15 2.31E-15 2.23E-15
 2.15E-15 2.00E-15 1.79E-15 1.50E-15 1.23E-15 1.09E-15
 2.66E-19 8.00E-18 1.12E-16 7.06E-16 1.58E-15 2.25E-15 2.31E-15 2.23E-15
 2.15E-15 2.00E-15 1.79E-15 1.50E-15 1.23E-15 1.09E-15
 2.66E-19 8.00E-18 1.12E-16 7.06E-16 1.58E-15 2.25E-15 2.31E-15 2.23E-15
 2.15E-15 2.00E-15 1.79E-15 1.50E-15 1.23E-15 1.09E-15
 2.66E-19 8.00E-18 1.12E-16 7.06E-16 1.58E-15 2.25E-15 2.31E-15 2.23E-15
 2.15E-15 2.00E-15 1.79E-15 1.50E-15 1.23E-15 1.09E-15
 2.66E-19 8.00E-18 1.12E-16 7.06E-16 1.58E-15 2.25E-15 2.31E-15 2.23E-15
 2.15E-15 2.00E-15 1.79E-15 1.50E-15 1.23E-15 1.08E-15
 2.66E-19 7.99E-18 1.11E-16 7.05E-16 1.57E-15 2.24E-15 2.31E-15 2.23E-15
 2.14E-15 2.00E-15 1.79E-15 1.50E-15 1.23E-15 1.08E-15
 2.63E-19 7.91E-18 1.10E-16 6.96E-16 1.54E-15 2.18E-15 2.24E-15 2.17E-15
 2.09E-15 1.95E-15 1.75E-15 1.47E-15 1.21E-15 1.07E-15
  460.911    7  14 /pl=01:ss=14:pb= 1:sz=14/type=excit/ispb = t/isel =   42
 1.00E+10 1.00E+11 1.00E+12 1.00E+13 1.00E+14 1.00E+15 1.00E+16
 3.88E+00 5.82E+00 9.69E+00 1.94E+01 3.88E+01 9.69E+01 1.94E+02 2.91E+02
 3.88E+02 5.82E+02 9.69E+02 1.94E+03 3.88E+03 5.82E+03
 2.64E-31 3.92E-24 1.97E-18 3.27E-14 3.68E-12 5.01E-11 9.95E-11 1.15E-10
 1.19E-10 1.16E-10 1.05E-10 8.38E-11 6.41E-11 5.42E-11
 2.64E-31 3.92E-24 1.97E-18 3.27E-14 3.68E-12 5.01E-11 9.95E-11 1.15E-10
 1.19E-10 1.16E-10 1.05E-10 8.38E-11 6.41E-11 5.42E-11
 2.64E-31 3.92E-24 1.97E-18 3.27E-14 3.68E-12 5.01E-11 9.95E-11 1.15E-10
 1.19E-10 1.16E-10 1.05E-10 8.38E-11 6.41E-11 5.42E-11
 2.64E-31 3.93E-24 1.97E-18 3.27E-14 3.68E-12 5.01E-11 9.95E-11 1.15E-10
 1.19E-10 1.16E-10 1.05E-10 8.38E-11 6.41E-11 5.42E-11
 2.64E-31 3.93E-24 1.97E-18 3.27E-14 3.69E-12 5.01E-11 9.95E-11 1.15E-10
 1.19E-10 1.16E-10 1.05E-10 8.38E-11 6.41E-11 5.42E-11
 2.67E-31 3.97E-24 1.98E-18 3.29E-14 3.70E-12 5.02E-11 9.96E-11 1.15E-10
 1.19E-10 1.16E-10 1.05E-10 8.38E-11 6.41E-11 5.42E-11
 3.00E-31 4.37E-24 2.14E-18 3.46E-14 3.80E-12 5.08E-11 1.00E-10 1.16E-10
 1.19E-10 1.17E-10 1.05E-10 8.40E-11 6.42E-11 5.43E-11
  502.463    7  14 /pl=01:ss=14:pb= 1:sz=14/type=excit/ispb = t/isel =   43
 1.00E+10 1.00E+11 1.00E+12 1.00E+13 1.00E+14 1.00E+15 1.00E+16
 3.88E+00 5.82E+00 9.69E+00 1.94E+01 3.88E+01 9.69E+01 1.94E+02 2.91E+02
 3.88E+02 5.82E+02 9.69E+02 1.94E+03 3.88E+03 5.82E+03
 2.18E-41 1.57E-32 1.73E-25 2.86E-20 9.85E-18 2.55E-16 6.23E-16 7.70E-16
 8.21E-16 8.34E-16 7.72E-16 6.27E-16 4.79E-16 4.04E-16
 2.18E-41 1.57E-32 1.73E-25 2.86E-20 9.85E-18 2.55E-16 6.23E-16 7.70E-16
 8.21E-16 8.34E-16 7.72E-16 6.27E-16 4.79E-16 4.04E-16
 2.18E-41 1.57E-32 1.73E-25 2.86E-20 9.85E-18 2.55E-16 6.23E-16 7.70E-16
 8.21E-16 8.34E-16 7.72E-16 6.27E-16 4.79E-16 4.04E-16
 2.18E-41 1.57E-32 1.73E-25 2.86E-20 9.85E-18 2.55E-16 6.23E-16 7.70E-16
 8.21E-16 8.34E-16 7.72E-16 6.27E-16 4.79E-16 4.04E-16
 2.18E-41 1.57E-32 1.73E-25 2.86E-20 9.85E-18 2.55E-16 6.23E-16 7.70E-16
 8.21E-16 8.34E-16 7.72E-16 6.27E-16 4.79E-16 4.04E-16
 2.20E-41 1.57E-32 1.74E-25 2.87E-20 9.85E-18 2.55E-16 6.22E-16 7.69E-16
 8.20E-16 8.33E-16 7.71E-16 6.27E-16 4.79E-16 4.04E-16
 2.33E-41 1.65E-32 1.81E-25 2.93E-20 9.91E-18 2.53E-16 6.15E-16 7.60E-16
 8.11E-16 8.24E-16 7.64E-16 6.22E-16 4.76E-16 4.02E-16
  607.512    7  14 /pl=01:ss=14:pb= 1:sz=14/type=excit/ispb = t/isel =   44
 1.00E+10 1.00E+11 1.00E+12 1.00E+13 1.00E+14 1.00E+15 1.00E+16
 3.88E+00 5.82E+00 9.69E+00 1.94E+01 3.88E+01 9.69E+01 1.94E+02 2.91E+02
 3.88E+02 5.82E+02 9.69E+02 1.94E+03 3.88E+03 5.82E+03
 1.19E-39 1.02E-31 2.09E-25 9.69E-21 1.76E-18 3.14E-17 6.96E-17 8.48E-17
 9.05E-17 9.24E-17 8.72E-17 7.31E-17 5.77E-17 4.92E-17
 1.19E-39 1.02E-31 2.09E-25 9.69E-21 1.76E-18 3.14E-17 6.96E-17 8.48E-17
 9.05E-17 9.24E-17 8.72E-17 7.31E-17 5.77E-17 4.92E-17
 1.19E-39 1.02E-31 2.09E-25 9.69E-21 1.76E-18 3.14E-17 6.96E-17 8.48E-17
 9.05E-17 9.24E-17 8.72E-17 7.31E-17 5.77E-17 4.92E-17
 1.19E-39 1.02E-31 2.09E-25 9.69E-21 1.76E-18 3.14E-17 6.96E-17 8.48E-17
 9.05E-17 9.24E-17 8.72E-17 7.31E-17 5.77E-17 4.92E-17
 1.19E-39 1.02E-31 2.09E-25 9.69E-21 1.76E-18 3.14E-17 6.96E-17 8.48E-17
 9.05E-17 9.24E-17 8.72E-17 7.31E-17 5.77E-17 4.92E-17
 1.19E-39 1.03E-31 2.09E-25 9.70E-21 1.76E-18 3.14E-17 6.95E-17 8.47E-17
 9.03E-17 9.22E-17 8.71E-17 7.30E-17 5.76E-17 4.92E-17
 1.22E-39 1.05E-31 2.12E-25 9.75E-21 1.74E-18 3.09E-17 6.83E-17 8.32E-17
 8.88E-17 9.09E-17 8.60E-17 7.24E-17 5.73E-17 4.90E-17
  640.520    7  14 /pl=01:ss=14:pb= 1:sz=14/type=excit/ispb = t/isel =   45
 1.00E+10 1.00E+11 1.00E+12 1.00E+13 1.00E+14 1.00E+15 1.00E+16
 3.88E+00 5.82E+00 9.69E+00 1.94E+01 3.88E+01 9.69E+01 1.94E+02 2.91E+02
 3.88E+02 5.82E+02 9.69E+02 1.94E+03 3.88E+03 5.82E+03
 3.94E-29 5.83E-23 4.72E-18 2.13E-14 1.33E-12 1.32E-11 2.40E-11 2.70E-11
 2.76E-11 2.68E-11 2.43E-11 2.00E-11 1.60E-11 1.39E-11
 3.94E-29 5.83E-23 4.72E-18 2.13E-14 1.33E-12 1.32E-11 2.40E-11 2.70E-11
 2.76E-11 2.68E-11 2.43E-11 2.00E-11 1.60E-11 1.39E-11
 3.94E-29 5.83E-23 4.72E-18 2.13E-14 1.33E-12 1.32E-11 2.40E-11 2.70E-11
 2.76E-11 2.68E-11 2.43E-11 2.00E-11 1.60E-11 1.39E-11
 3.94E-29 5.83E-23 4.72E-18 2.13E-14 1.33E-12 1.32E-11 2.40E-11 2.70E-11
 2.76E-11 2.68E-11 2.43E-11 2.00E-11 1.60E-11 1.39E-11
 3.94E-29 5.84E-23 4.73E-18 2.13E-14 1.33E-12 1.32E-11 2.40E-11 2.70E-11
 2.76E-11 2.68E-11 2.43E-11 2.00E-11 1.60E-11 1.39E-11
 4.02E-29 5.93E-23 4.78E-18 2.15E-14 1.34E-12 1.33E-11 2.40E-11 2.70E-11
 2.76E-11 2.68E-11 2.43E-11 2.00E-11 1.60E-11 1.39E-11
 4.73E-29 6.80E-23 5.32E-18 2.31E-14 1.39E-12 1.35E-11 2.43E-11 2.73E-11
 2.79E-11 2.70E-11 2.44E-11 2.01E-11 1.60E-11 1.40E-11
  852.927    7  14 /pl=01:ss=14:pb= 1:sz=14/type=excit/ispb = t/isel =   46
 1.00E+10 1.00E+11 1.00E+12 1.00E+13 1.00E+14 1.00E+15 1.00E+16
 3.88E+00 5.82E+00 9.69E+00 1.94E+01 3.88E+01 9.69E+01 1.94E+02 2.91E+02
 3.88E+02 5.82E+02 9.69E+02 1.94E+03 3.88E+03 5.82E+03
 5.33E-37 3.82E-28 4.23E-21 6.99E-16 2.40E-13 6.23E-12 1.52E-11 1.88E-11
 2.01E-11 2.04E-11 1.89E-11 1.53E-11 1.17E-11 9.86E-12
 5.33E-37 3.82E-28 4.23E-21 6.99E-16 2.40E-13 6.23E-12 1.52E-11 1.88E-11
 2.01E-11 2.04E-11 1.89E-11 1.53E-11 1.17E-11 9.86E-12
 5.33E-37 3.82E-28 4.23E-21 6.99E-16 2.40E-13 6.23E-12 1.52E-11 1.88E-11
 2.01E-11 2.04E-11 1.89E-11 1.53E-11 1.17E-11 9.86E-12
 5.33E-37 3.82E-28 4.23E-21 6.99E-16 2.40E-13 6.23E-12 1.52E-11 1.88E-11
 2.01E-11 2.04E-11 1.89E-11 1.53E-11 1.17E-11 9.86E-12
 5.33E-37 3.83E-28 4.23E-21 6.99E-16 2.40E-13 6.23E-12 1.52E-11 1.88E-11
 2.00E-11 2.04E-11 1.88E-11 1.53E-11 1.17E-11 9.86E-12
 5.37E-37 3.84E-28 4.25E-21 7.01E-16 2.41E-13 6.22E-12 1.52E-11 1.88E-11
 2.00E-11 2.03E-11 1.88E-11 1.53E-11 1.17E-11 9.86E-12
 5.70E-37 4.04E-28 4.41E-21 7.16E-16 2.42E-13 6.18E-12 1.50E-11 1.86E-11
 1.98E-11 2.01E-11 1.87E-11 1.52E-11 1.16E-11 9.82E-12
  1222.85    7  14 /pl=01:ss=14:pb= 1:sz=14/type=excit/ispb = t/isel =   47
 1.00E+10 1.00E+11 1.00E+12 1.00E+13 1.00E+14 1.00E+15 1.00E+16
 3.88E+00 5.82E+00 9.69E+00 1.94E+01 3.88E+01 9.69E+01 1.94E+02 2.91E+02
 3.88E+02 5.82E+02 9.69E+02 1.94E+03 3.88E+03 5.82E+03
 1.56E-36 3.31E-28 1.45E-21 1.26E-16 3.23E-14 7.06E-13 1.64E-12 2.00E-12
 2.12E-12 2.15E-12 2.02E-12 1.73E-12 1.42E-12 1.26E-12
 1.56E-36 3.31E-28 1.45E-21 1.26E-16 3.23E-14 7.06E-13 1.64E-12 2.00E-12
 2.12E-12 2.15E-12 2.02E-12 1.73E-12 1.42E-12 1.26E-12
 1.56E-36 3.31E-28 1.45E-21 1.26E-16 3.23E-14 7.06E-13 1.64E-12 2.00E-12
 2.12E-12 2.15E-12 2.02E-12 1.73E-12 1.42E-12 1.26E-12
 1.56E-36 3.31E-28 1.45E-21 1.26E-16 3.23E-14 7.06E-13 1.64E-12 2.00E-12
 2.12E-12 2.15E-12 2.02E-12 1.73E-12 1.42E-12 1.26E-12
 1.56E-36 3.32E-28 1.45E-21 1.26E-16 3.23E-14 7.06E-13 1.64E-12 2.00E-12
 2.12E-12 2.15E-12 2.02E-12 1.73E-12 1.42E-12 1.26E-12
 1.59E-36 3.36E-28 1.47E-21 1.27E-16 3.24E-14 7.08E-13 1.64E-12 2.00E-12
 2.12E-12 2.16E-12 2.03E-12 1.73E-12 1.42E-12 1.26E-12
 1.86E-36 3.83E-28 1.62E-21 1.36E-16 3.37E-14 7.22E-13 1.66E-12 2.02E-12
 2.14E-12 2.18E-12 2.04E-12 1.74E-12 1.43E-12 1.27E-12
c-------------------------------------------------------------------------------
 
C  root partition information
C  ==========================
C
C  nuclear charge : 74
C  ion charge+1   : 15
C
C  population calculation information
C  ----------------------------------
C
C  population processing code: adas810
C
C  adf04 source file    : adf04_copmm#74_ca_40#w14_t3.dat
C  adf18/a17_p208 file  : NULL
C
C  meta. ion. coeff. selector  : 
 
C  options  : lnorm =T  lpsel =F  lzsel =T  liosel=F
C           : lhsel =F  lrsel =F  lisel =F  lnsel =F
 
C  energy levels
C  -------------
C
C   lv      configuration    (2S+1)L(w-1/2)      energy (cm^-1)
C  ---   ------------------- --------------      --------------
c    1   60962A52B              (0)0( 44.5)             0.0
c    2   60963A51B              (0)0( 13.5)        115081.5
c    3   60962A51B51C           (0)0(545.5)        337903.0
c    4   60962A51B51D           (0)0(909.5)        832313.2
c    5   60962A51B51G           (0)0(181.0)       1195521.6
c    6   60962A51B51H           (0)0(545.5)       1351644.8
c    7   60962A51B51I           (0)0(909.5)       1568606.3
c    8   60962A51B51M           (0)0(181.0)       1733212.2
c    9   9963A52B               (0)0( 69.5)       1798966.8
c   10   60962A51B51N           (0)0(545.5)       1814988.4
c   11   60962A51B51O           (0)0(909.5)       1932231.7
c   12   60652755860963A52B     (0)0( 41.5)       3411391.2
 
 
 
c-------------------------------------------------------------------------------
 
C  superstage partition information
C  ================================
C
C  element symbol   : W
C  parent template  : 
C  partition level  :  1
C  superstage label : 14
C
C  tabulation       : photon emissivity coefft (te,ne)
C  units            : ph. emis coef(cm^3 s^-1); te (ev); ne (cm^-3)
C
C  photon emissivity atomic transitions
C  ------------------------------------
C  
C   isel  wvlen(A)            transition                type  ispb nspb
C                                                             ispp nspp sz    tg pr wr
C  ----- ---------- ----------------------------------- ----- ---- ---- --    -- -- --
C      1   29.3136   12(0)0( 41.5)-  1(0)0( 44.5)       excit   1    1  14     9 26  1
C      2   30.3370   12(0)0( 41.5)-  2(0)0( 13.5)       excit   1    1  14    46 12  2
C      3   51.7536   11(0)0(909.5)-  1(0)0( 44.5)       excit   1    1  14     8 34  3
C      4   55.0312   11(0)0(909.5)-  2(0)0( 13.5)       excit   1    1  14    45 20  4
C      5   55.0968   10(0)0(545.5)-  1(0)0( 44.5)       excit   1    1  14     7 19  5
C      6   55.5875    9(0)0( 69.5)-  1(0)0( 44.5)       excit   1    1  14    10  3  6
C      7   57.6963    8(0)0(181.0)-  1(0)0( 44.5)       excit   1    1  14     6 47  7
C      8   58.8268   10(0)0(545.5)-  2(0)0( 13.5)       excit   1    1  14    44 44  8
C      9   59.3865    9(0)0( 69.5)-  2(0)0( 13.5)       excit   1    1  14    47 29  9
C     10   62.0184   12(0)0( 41.5)-  9(0)0( 69.5)       excit   1    1  14    39  8 10
C     11   62.7223   11(0)0(909.5)-  3(0)0(545.5)       excit   1    1  14    17 18 11
C     12   63.7509    7(0)0(909.5)-  1(0)0( 44.5)       excit   1    1  14     5 33 12
C     13   67.7009   10(0)0(545.5)-  3(0)0(545.5)       excit   1    1  14    16 30 13
C     14   68.7983    7(0)0(909.5)-  2(0)0( 13.5)       excit   1    1  14    43 17 14
C     15   71.6687    8(0)0(181.0)-  3(0)0(545.5)       excit   1    1  14    15  9 15
C     16   73.9839    6(0)0(545.5)-  1(0)0( 44.5)       excit   1    1  14     4 10 16
C     17   80.8693    6(0)0(545.5)-  2(0)0( 13.5)       excit   1    1  14    42 42 17
C     18   81.2544    7(0)0(909.5)-  3(0)0(545.5)       excit   1    1  14    14 23 18
C     19   83.6455    5(0)0(181.0)-  1(0)0( 44.5)       excit   1    1  14     3 45 19
C     20   90.9158   11(0)0(909.5)-  4(0)0(909.5)       excit   1    1  14    23 32 20
C     21   98.6444    6(0)0(545.5)-  3(0)0(545.5)       excit   1    1  14    13 27 21
C     22   101.763   10(0)0(545.5)-  4(0)0(909.5)       excit   1    1  14    22 14 22
C     23   111.000    8(0)0(181.0)-  4(0)0(909.5)       excit   1    1  14    21 43 23
C     24   116.602    5(0)0(181.0)-  3(0)0(545.5)       excit   1    1  14    12  4 24
C     25   120.147    4(0)0(909.5)-  1(0)0( 44.5)       excit   1    1  14     2 25 25
C     26   135.739   11(0)0(909.5)-  5(0)0(181.0)       excit   1    1  14    28 40 26
C     27   135.815    7(0)0(909.5)-  4(0)0(909.5)       excit   1    1  14    20 28 27
C     28   139.425    4(0)0(909.5)-  2(0)0( 13.5)       excit   1    1  14    41  6 28
C     29   161.429   10(0)0(545.5)-  5(0)0(181.0)       excit   1    1  14    27 21 29
C     30   172.240   11(0)0(909.5)-  6(0)0(545.5)       excit   1    1  14    32 24 30
C     31   185.981    8(0)0(181.0)-  5(0)0(181.0)       excit   1    1  14    26 46 31
C     32   192.555    6(0)0(545.5)-  4(0)0(909.5)       excit   1    1  14    19  5 32
C     33   202.261    4(0)0(909.5)-  3(0)0(545.5)       excit   1    1  14    11  2 33
C     34   215.823   10(0)0(545.5)-  6(0)0(545.5)       excit   1    1  14    31 35 34
C     35   262.077    8(0)0(181.0)-  6(0)0(545.5)       excit   1    1  14    30 13 35
C     36   268.036    7(0)0(909.5)-  5(0)0(181.0)       excit   1    1  14    25 31 36
C     37   275.008   11(0)0(909.5)-  7(0)0(909.5)       excit   1    1  14    35 37 37
C     38   275.324    5(0)0(181.0)-  4(0)0(909.5)       excit   1    1  14    18 36 38
C     39   295.943    3(0)0(545.5)-  1(0)0( 44.5)       excit   1    1  14     1  1 39
C     40   405.874   10(0)0(545.5)-  7(0)0(909.5)       excit   1    1  14    34 15 40
C     41   448.790    3(0)0(545.5)-  2(0)0( 13.5)       excit   1    1  14    40 38 41
C     42   460.911    7(0)0(909.5)-  6(0)0(545.5)       excit   1    1  14    29  7 42
C     43   502.463   11(0)0(909.5)-  8(0)0(181.0)       excit   1    1  14    37 39 43
C     44   607.512    8(0)0(181.0)-  7(0)0(909.5)       excit   1    1  14    33 41 44
C     45   640.520    6(0)0(545.5)-  5(0)0(181.0)       excit   1    1  14    24 11 45
C     46   852.927   11(0)0(909.5)- 10(0)0(545.5)       excit   1    1  14    38 16 46
C     47   1222.85   10(0)0(545.5)-  8(0)0(181.0)       excit   1    1  14    36 22 47
c-------------------------------------------------------------------------------
                                                                                
C  code     : adas810
C  producer : Adam Foster
C  date     : 15/05/09
                                                                                
c-------------------------------------------------------------------------------

C-----------------------------------------------------------------------
C                               OPEN-ADAS
C                               +++++++++
C
C This file has been downloaded from OPEN-ADAS (http://open.adas.ac.uk)
C on 26-Mar-2025.
C
C TERMS AND CONDITIONS
C --------------------
C
C The user of the OPEN-ADAS system and data (hereinafter "the User")
C accepts the following terms and conditions:
C
C   1. The University of Strathclyde uses all reasonable endeavours to
C      ensure the accuracy of the data provided and any information
C      given, but the University makes no warranty, expressed or implied
C      as to its accuracy, integrity, fitness for purpose and shall not
C      be responsible for the use to which the data is put by the User
C      and/or any consequences arising out of any inaccuracies or
C      omissions.
C
C   2. Any downloaded OPEN-ADAS file is made available for the
C      personal use of the User only.  It must not be used for any
C      commercial application, incorporated into any web site or in
C      any form re-distributed without express prior written permission
C      from the ADAS Project. In particular, but not by way of
C      limitation, it must not be:
C        *  inserted into a managed database structure,
C        *  redistributed along with a modelling or analysis code,
C        *  made available on a public website.
C
C Permission for OPEN-ADAS data incorporation in non-commercial
C code/system development for scientific advance will not be
C unreasonably withheld, but will be subject to written agreement
C on a case by case basis.
C
C The User will indemnify the University of Strathclyde and keep it
C fully and effectively indemnified against each and every claim made
C against the University as a result of the User's use of the data.
C
C-----------------------------------------------------------------------
