   50    /W :72 photon emissivity coefficients/
--------------------------------------------------------------------------------
    1    1    1    1    1    1    1    1    1    1    1    1    1    1
    1    1    1    1    1    1    1    1    1    1    1    1    1    1
    1    1    1    1    1    1    1    1    1    1    1    1    1    1
    1    1    1    1    1    1    1    1    1    1    1    1    1    1
    1    1    1    1    1    1    1    1    1    1    1    1    1    1
    1    1    1    1    1
--------------------------------------------------------------------------------
//#01/p00/ 00/p01/ 01/p02/ 02/p03/ 03/p04/ 04/p05/ 05/p06/ 06/p07/ 07/p08/ 08/  
      p09/ 09/p10/ 10/p11/ 11/p12/ 12/p13/ 13/p14/ 14/p15/ 15/p16/ 16/p17/ 17/  
      p18/ 18/p19/ 19/p20/ 20/p21/ 21/p22/ 22/p23/ 23/p24/ 24/p25/ 25/p26/ 26/  
      p27/ 27/p28/ 28/p29/ 29/p30/ 30/p31/ 31/p32/ 32/p33/ 33/p34/ 34/p35/ 35/  
      p36/ 36/p37/ 37/p38/ 38/p39/ 39/p40/ 40/p41/ 41/p42/ 42/p43/ 43/p44/ 44/  
      p45/ 45/p46/ 46/p47/ 47/p48/ 48/p49/ 49/p50/ 50/p51/ 51/p52/ 52/p53/ 53/  
      p54/ 54/p55/ 55/p56/ 56/p57/ 57/p58/ 58/p59/ 59/p60/ 60/p61/ 61/p62/ 62/  
      p63/ 63/p64/ 64/p65/ 65/p66/ 66/p67/ 67/p68/ 68/p69/ 69/p70/ 70/p71/ 71/  
      p72/ 72/p73/ 73/p74/ 74/                                                  
--------------------------------------------------------------------------------
  1.03698    7  14 /pl=01:ss=72:pb= 1:sz=72/type=excit/ispb = t/isel =    1
 1.00E+10 1.00E+11 1.00E+12 1.00E+13 1.00E+14 1.00E+15 1.00E+16
 9.18E+01 1.38E+02 2.30E+02 4.59E+02 9.18E+02 2.30E+03 4.59E+03 6.89E+03
 9.18E+03 1.38E+04 2.30E+04 4.59E+04 9.18E+04 1.38E+05
 1.00E-74 1.00E-74 1.00E-74 1.00E-74 1.00E-74 1.21E-29 3.69E-23 4.91E-21
 5.48E-20 5.75E-19 3.45E-18 1.15E-17 1.79E-17 1.94E-17
 1.00E-74 1.00E-74 1.00E-74 1.00E-74 1.00E-74 1.21E-29 3.69E-23 4.91E-21
 5.48E-20 5.75E-19 3.45E-18 1.15E-17 1.79E-17 1.94E-17
 1.00E-74 1.00E-74 1.00E-74 1.00E-74 1.00E-74 1.21E-29 3.69E-23 4.91E-21
 5.48E-20 5.75E-19 3.45E-18 1.15E-17 1.79E-17 1.94E-17
 1.00E-74 1.00E-74 1.00E-74 1.00E-74 1.00E-74 1.21E-29 3.69E-23 4.91E-21
 5.48E-20 5.75E-19 3.45E-18 1.15E-17 1.79E-17 1.94E-17
 1.00E-74 1.00E-74 1.00E-74 1.00E-74 1.00E-74 1.21E-29 3.69E-23 4.91E-21
 5.48E-20 5.75E-19 3.45E-18 1.15E-17 1.79E-17 1.94E-17
 1.00E-74 1.00E-74 1.00E-74 1.00E-74 1.00E-74 1.21E-29 3.69E-23 4.91E-21
 5.48E-20 5.75E-19 3.45E-18 1.15E-17 1.79E-17 1.94E-17
 1.00E-74 1.00E-74 1.00E-74 1.00E-74 1.00E-74 1.21E-29 3.69E-23 4.91E-21
 5.48E-20 5.75E-19 3.45E-18 1.15E-17 1.79E-17 1.94E-17
  1.05771    7  14 /pl=01:ss=72:pb= 1:sz=72/type=excit/ispb = t/isel =    2
 1.00E+10 1.00E+11 1.00E+12 1.00E+13 1.00E+14 1.00E+15 1.00E+16
 9.18E+01 1.38E+02 2.30E+02 4.59E+02 9.18E+02 2.30E+03 4.59E+03 6.89E+03
 9.18E+03 1.38E+04 2.30E+04 4.59E+04 9.18E+04 1.38E+05
 1.00E-74 1.00E-74 1.00E-74 1.00E-74 1.00E-74 2.43E-27 8.46E-21 1.19E-18
 1.35E-17 1.46E-16 9.05E-16 3.17E-15 5.28E-15 6.03E-15
 1.00E-74 1.00E-74 1.00E-74 1.00E-74 1.00E-74 2.43E-27 8.46E-21 1.19E-18
 1.35E-17 1.46E-16 9.05E-16 3.17E-15 5.28E-15 6.03E-15
 1.00E-74 1.00E-74 1.00E-74 1.00E-74 1.00E-74 2.43E-27 8.46E-21 1.19E-18
 1.35E-17 1.46E-16 9.05E-16 3.17E-15 5.28E-15 6.03E-15
 1.00E-74 1.00E-74 1.00E-74 1.00E-74 1.00E-74 2.43E-27 8.46E-21 1.19E-18
 1.35E-17 1.46E-16 9.05E-16 3.17E-15 5.28E-15 6.03E-15
 1.00E-74 1.00E-74 1.00E-74 1.00E-74 1.00E-74 2.43E-27 8.46E-21 1.19E-18
 1.35E-17 1.46E-16 9.05E-16 3.17E-15 5.28E-15 6.03E-15
 1.00E-74 1.00E-74 1.00E-74 1.00E-74 1.00E-74 2.43E-27 8.46E-21 1.19E-18
 1.35E-17 1.46E-16 9.05E-16 3.17E-15 5.28E-15 6.03E-15
 1.00E-74 1.00E-74 1.00E-74 1.00E-74 1.00E-74 2.43E-27 8.46E-21 1.19E-18
 1.35E-17 1.46E-16 9.05E-16 3.17E-15 5.28E-15 6.03E-15
  1.14843    7  14 /pl=01:ss=72:pb= 1:sz=72/type=excit/ispb = t/isel =    3
 1.00E+10 1.00E+11 1.00E+12 1.00E+13 1.00E+14 1.00E+15 1.00E+16
 9.18E+01 1.38E+02 2.30E+02 4.59E+02 9.18E+02 2.30E+03 4.59E+03 6.89E+03
 9.18E+03 1.38E+04 2.30E+04 4.59E+04 9.18E+04 1.38E+05
 1.00E-74 1.00E-74 1.00E-74 1.00E-74 1.00E-74 2.00E-27 6.13E-21 8.14E-19
 9.09E-18 9.53E-17 5.73E-16 1.91E-15 2.97E-15 3.21E-15
 1.00E-74 1.00E-74 1.00E-74 1.00E-74 1.00E-74 2.00E-27 6.13E-21 8.14E-19
 9.09E-18 9.53E-17 5.73E-16 1.91E-15 2.97E-15 3.21E-15
 1.00E-74 1.00E-74 1.00E-74 1.00E-74 1.00E-74 2.00E-27 6.13E-21 8.14E-19
 9.09E-18 9.53E-17 5.73E-16 1.91E-15 2.97E-15 3.21E-15
 1.00E-74 1.00E-74 1.00E-74 1.00E-74 1.00E-74 2.00E-27 6.13E-21 8.14E-19
 9.09E-18 9.53E-17 5.73E-16 1.91E-15 2.97E-15 3.21E-15
 1.00E-74 1.00E-74 1.00E-74 1.00E-74 1.00E-74 2.00E-27 6.13E-21 8.14E-19
 9.09E-18 9.53E-17 5.73E-16 1.91E-15 2.97E-15 3.21E-15
 1.00E-74 1.00E-74 1.00E-74 1.00E-74 1.00E-74 2.00E-27 6.13E-21 8.14E-19
 9.09E-18 9.53E-17 5.73E-16 1.91E-15 2.97E-15 3.21E-15
 1.00E-74 1.00E-74 1.00E-74 1.00E-74 1.00E-74 2.00E-27 6.13E-21 8.14E-19
 9.09E-18 9.53E-17 5.73E-16 1.91E-15 2.97E-15 3.21E-15
  1.17390    7  14 /pl=01:ss=72:pb= 1:sz=72/type=excit/ispb = t/isel =    4
 1.00E+10 1.00E+11 1.00E+12 1.00E+13 1.00E+14 1.00E+15 1.00E+16
 9.18E+01 1.38E+02 2.30E+02 4.59E+02 9.18E+02 2.30E+03 4.59E+03 6.89E+03
 9.18E+03 1.38E+04 2.30E+04 4.59E+04 9.18E+04 1.38E+05
 1.00E-74 1.00E-74 1.00E-74 1.00E-74 1.00E-74 1.49E-29 5.18E-23 7.28E-21
 8.27E-20 8.92E-19 5.54E-18 1.94E-17 3.24E-17 3.69E-17
 1.00E-74 1.00E-74 1.00E-74 1.00E-74 1.00E-74 1.49E-29 5.18E-23 7.28E-21
 8.27E-20 8.92E-19 5.54E-18 1.94E-17 3.24E-17 3.69E-17
 1.00E-74 1.00E-74 1.00E-74 1.00E-74 1.00E-74 1.49E-29 5.18E-23 7.28E-21
 8.27E-20 8.92E-19 5.54E-18 1.94E-17 3.24E-17 3.69E-17
 1.00E-74 1.00E-74 1.00E-74 1.00E-74 1.00E-74 1.49E-29 5.18E-23 7.28E-21
 8.27E-20 8.92E-19 5.54E-18 1.94E-17 3.24E-17 3.69E-17
 1.00E-74 1.00E-74 1.00E-74 1.00E-74 1.00E-74 1.49E-29 5.18E-23 7.28E-21
 8.27E-20 8.92E-19 5.54E-18 1.94E-17 3.24E-17 3.69E-17
 1.00E-74 1.00E-74 1.00E-74 1.00E-74 1.00E-74 1.49E-29 5.18E-23 7.28E-21
 8.27E-20 8.92E-19 5.54E-18 1.94E-17 3.24E-17 3.69E-17
 1.00E-74 1.00E-74 1.00E-74 1.00E-74 1.00E-74 1.49E-29 5.18E-23 7.28E-21
 8.27E-20 8.92E-19 5.54E-18 1.94E-17 3.24E-17 3.69E-17
  1.21313    7  14 /pl=01:ss=72:pb= 1:sz=72/type=excit/ispb = t/isel =    5
 1.00E+10 1.00E+11 1.00E+12 1.00E+13 1.00E+14 1.00E+15 1.00E+16
 9.18E+01 1.38E+02 2.30E+02 4.59E+02 9.18E+02 2.30E+03 4.59E+03 6.89E+03
 9.18E+03 1.38E+04 2.30E+04 4.59E+04 9.18E+04 1.38E+05
 1.00E-74 1.00E-74 1.00E-74 1.00E-74 1.00E-74 3.08E-27 9.74E-21 1.33E-18
 1.50E-17 1.60E-16 9.71E-16 3.26E-15 5.11E-15 5.51E-15
 1.00E-74 1.00E-74 1.00E-74 1.00E-74 1.00E-74 3.08E-27 9.74E-21 1.33E-18
 1.50E-17 1.60E-16 9.71E-16 3.26E-15 5.11E-15 5.51E-15
 1.00E-74 1.00E-74 1.00E-74 1.00E-74 1.00E-74 3.08E-27 9.74E-21 1.33E-18
 1.50E-17 1.60E-16 9.71E-16 3.26E-15 5.11E-15 5.51E-15
 1.00E-74 1.00E-74 1.00E-74 1.00E-74 1.00E-74 3.08E-27 9.74E-21 1.33E-18
 1.50E-17 1.60E-16 9.71E-16 3.26E-15 5.11E-15 5.51E-15
 1.00E-74 1.00E-74 1.00E-74 1.00E-74 1.00E-74 3.08E-27 9.74E-21 1.33E-18
 1.50E-17 1.60E-16 9.71E-16 3.26E-15 5.11E-15 5.51E-15
 1.00E-74 1.00E-74 1.00E-74 1.00E-74 1.00E-74 3.08E-27 9.74E-21 1.33E-18
 1.50E-17 1.60E-16 9.71E-16 3.26E-15 5.11E-15 5.51E-15
 1.00E-74 1.00E-74 1.00E-74 1.00E-74 5.04E-47 3.08E-27 9.74E-21 1.33E-18
 1.50E-17 1.60E-16 9.71E-16 3.26E-15 5.11E-15 5.51E-15
  1.84797    7  14 /pl=01:ss=72:pb= 1:sz=72/type=excit/ispb = t/isel =    6
 1.00E+10 1.00E+11 1.00E+12 1.00E+13 1.00E+14 1.00E+15 1.00E+16
 9.18E+01 1.38E+02 2.30E+02 4.59E+02 9.18E+02 2.30E+03 4.59E+03 6.89E+03
 9.18E+03 1.38E+04 2.30E+04 4.59E+04 9.18E+04 1.38E+05
 1.00E-74 1.00E-74 1.00E-74 1.00E-74 1.00E-74 5.81E-33 7.51E-26 1.62E-23
 2.29E-22 3.04E-21 2.21E-20 8.43E-20 1.42E-19 1.57E-19
 1.00E-74 1.00E-74 1.00E-74 1.00E-74 1.00E-74 5.81E-33 7.51E-26 1.62E-23
 2.29E-22 3.04E-21 2.21E-20 8.43E-20 1.42E-19 1.57E-19
 1.00E-74 1.00E-74 1.00E-74 1.00E-74 1.00E-74 5.81E-33 7.51E-26 1.62E-23
 2.29E-22 3.04E-21 2.21E-20 8.43E-20 1.42E-19 1.57E-19
 1.00E-74 1.00E-74 1.00E-74 1.00E-74 1.00E-74 5.81E-33 7.51E-26 1.62E-23
 2.29E-22 3.04E-21 2.21E-20 8.43E-20 1.42E-19 1.57E-19
 1.00E-74 1.00E-74 1.00E-74 1.00E-74 1.00E-74 5.81E-33 7.51E-26 1.62E-23
 2.29E-22 3.04E-21 2.21E-20 8.43E-20 1.42E-19 1.57E-19
 1.00E-74 1.00E-74 1.00E-74 1.00E-74 1.00E-74 5.81E-33 7.51E-26 1.62E-23
 2.29E-22 3.04E-21 2.21E-20 8.43E-20 1.42E-19 1.57E-19
 1.00E-74 1.00E-74 1.00E-74 1.00E-74 1.00E-74 5.81E-33 7.51E-26 1.62E-23
 2.29E-22 3.04E-21 2.21E-20 8.43E-20 1.42E-19 1.57E-19
  1.85603    7  14 /pl=01:ss=72:pb= 1:sz=72/type=excit/ispb = t/isel =    7
 1.00E+10 1.00E+11 1.00E+12 1.00E+13 1.00E+14 1.00E+15 1.00E+16
 9.18E+01 1.38E+02 2.30E+02 4.59E+02 9.18E+02 2.30E+03 4.59E+03 6.89E+03
 9.18E+03 1.38E+04 2.30E+04 4.59E+04 9.18E+04 1.38E+05
 1.00E-74 1.00E-74 1.00E-74 1.00E-74 1.00E-74 4.35E-30 5.98E-23 1.31E-20
 1.86E-19 2.51E-18 1.86E-17 7.33E-17 1.29E-16 1.49E-16
 1.00E-74 1.00E-74 1.00E-74 1.00E-74 1.00E-74 4.35E-30 5.98E-23 1.31E-20
 1.86E-19 2.51E-18 1.86E-17 7.33E-17 1.29E-16 1.49E-16
 1.00E-74 1.00E-74 1.00E-74 1.00E-74 1.00E-74 4.35E-30 5.98E-23 1.31E-20
 1.86E-19 2.51E-18 1.86E-17 7.33E-17 1.29E-16 1.49E-16
 1.00E-74 1.00E-74 1.00E-74 1.00E-74 1.00E-74 4.35E-30 5.98E-23 1.31E-20
 1.86E-19 2.51E-18 1.86E-17 7.33E-17 1.29E-16 1.49E-16
 1.00E-74 1.00E-74 1.00E-74 1.00E-74 1.00E-74 4.35E-30 5.98E-23 1.31E-20
 1.86E-19 2.51E-18 1.86E-17 7.33E-17 1.29E-16 1.49E-16
 1.00E-74 1.00E-74 1.00E-74 1.00E-74 1.00E-74 4.35E-30 5.98E-23 1.31E-20
 1.86E-19 2.51E-18 1.86E-17 7.33E-17 1.29E-16 1.49E-16
 1.00E-74 1.00E-74 1.00E-74 1.00E-74 1.00E-74 4.35E-30 5.98E-23 1.31E-20
 1.86E-19 2.51E-18 1.86E-17 7.33E-17 1.29E-16 1.49E-16
  1.94707    7  14 /pl=01:ss=72:pb= 1:sz=72/type=excit/ispb = t/isel =    8
 1.00E+10 1.00E+11 1.00E+12 1.00E+13 1.00E+14 1.00E+15 1.00E+16
 9.18E+01 1.38E+02 2.30E+02 4.59E+02 9.18E+02 2.30E+03 4.59E+03 6.89E+03
 9.18E+03 1.38E+04 2.30E+04 4.59E+04 9.18E+04 1.38E+05
 1.00E-74 1.00E-74 1.00E-74 1.00E-74 1.00E-74 2.37E-30 3.07E-23 6.62E-21
 9.33E-20 1.24E-18 9.01E-18 3.44E-17 5.81E-17 6.42E-17
 1.00E-74 1.00E-74 1.00E-74 1.00E-74 1.00E-74 2.37E-30 3.07E-23 6.62E-21
 9.33E-20 1.24E-18 9.01E-18 3.44E-17 5.81E-17 6.42E-17
 1.00E-74 1.00E-74 1.00E-74 1.00E-74 1.00E-74 2.37E-30 3.07E-23 6.62E-21
 9.33E-20 1.24E-18 9.01E-18 3.44E-17 5.81E-17 6.42E-17
 1.00E-74 1.00E-74 1.00E-74 1.00E-74 1.00E-74 2.37E-30 3.07E-23 6.62E-21
 9.33E-20 1.24E-18 9.01E-18 3.44E-17 5.81E-17 6.42E-17
 1.00E-74 1.00E-74 1.00E-74 1.00E-74 1.00E-74 2.37E-30 3.07E-23 6.62E-21
 9.33E-20 1.24E-18 9.01E-18 3.44E-17 5.81E-17 6.42E-17
 1.00E-74 1.00E-74 1.00E-74 1.00E-74 1.00E-74 2.37E-30 3.07E-23 6.62E-21
 9.33E-20 1.24E-18 9.01E-18 3.44E-17 5.81E-17 6.42E-17
 1.00E-74 1.00E-74 1.00E-74 1.00E-74 1.00E-74 2.37E-30 3.07E-23 6.62E-21
 9.33E-20 1.24E-18 9.01E-18 3.44E-17 5.81E-17 6.42E-17
  1.95602    7  14 /pl=01:ss=72:pb= 1:sz=72/type=excit/ispb = t/isel =    9
 1.00E+10 1.00E+11 1.00E+12 1.00E+13 1.00E+14 1.00E+15 1.00E+16
 9.18E+01 1.38E+02 2.30E+02 4.59E+02 9.18E+02 2.30E+03 4.59E+03 6.89E+03
 9.18E+03 1.38E+04 2.30E+04 4.59E+04 9.18E+04 1.38E+05
 1.00E-74 1.00E-74 1.00E-74 1.00E-74 1.00E-74 2.16E-32 2.97E-25 6.51E-23
 9.24E-22 1.24E-20 9.23E-20 3.64E-19 6.42E-19 7.41E-19
 1.00E-74 1.00E-74 1.00E-74 1.00E-74 1.00E-74 2.16E-32 2.97E-25 6.51E-23
 9.24E-22 1.24E-20 9.23E-20 3.64E-19 6.42E-19 7.41E-19
 1.00E-74 1.00E-74 1.00E-74 1.00E-74 1.00E-74 2.16E-32 2.97E-25 6.51E-23
 9.24E-22 1.24E-20 9.23E-20 3.64E-19 6.42E-19 7.41E-19
 1.00E-74 1.00E-74 1.00E-74 1.00E-74 1.00E-74 2.16E-32 2.97E-25 6.51E-23
 9.24E-22 1.24E-20 9.23E-20 3.64E-19 6.42E-19 7.41E-19
 1.00E-74 1.00E-74 1.00E-74 1.00E-74 1.00E-74 2.16E-32 2.97E-25 6.51E-23
 9.24E-22 1.24E-20 9.23E-20 3.64E-19 6.42E-19 7.41E-19
 1.00E-74 1.00E-74 1.00E-74 1.00E-74 1.00E-74 2.16E-32 2.97E-25 6.51E-23
 9.24E-22 1.24E-20 9.23E-20 3.64E-19 6.42E-19 7.41E-19
 1.00E-74 1.00E-74 1.00E-74 1.00E-74 1.00E-74 2.16E-32 2.97E-25 6.51E-23
 9.24E-22 1.24E-20 9.23E-20 3.64E-19 6.42E-19 7.41E-19
  1.96891    7  14 /pl=01:ss=72:pb= 1:sz=72/type=excit/ispb = t/isel =   10
 1.00E+10 1.00E+11 1.00E+12 1.00E+13 1.00E+14 1.00E+15 1.00E+16
 9.18E+01 1.38E+02 2.30E+02 4.59E+02 9.18E+02 2.30E+03 4.59E+03 6.89E+03
 9.18E+03 1.38E+04 2.30E+04 4.59E+04 9.18E+04 1.38E+05
 1.00E-74 1.00E-74 1.00E-74 1.00E-74 1.00E-74 3.67E-30 4.87E-23 1.06E-20
 1.50E-19 2.00E-18 1.45E-17 5.51E-17 9.10E-17 9.92E-17
 1.00E-74 1.00E-74 1.00E-74 1.00E-74 1.00E-74 3.67E-30 4.87E-23 1.06E-20
 1.50E-19 2.00E-18 1.45E-17 5.51E-17 9.10E-17 9.92E-17
 1.00E-74 1.00E-74 1.00E-74 1.00E-74 1.00E-74 3.67E-30 4.87E-23 1.06E-20
 1.50E-19 2.00E-18 1.45E-17 5.51E-17 9.10E-17 9.92E-17
 1.00E-74 1.00E-74 1.00E-74 1.00E-74 1.00E-74 3.67E-30 4.87E-23 1.06E-20
 1.50E-19 2.00E-18 1.45E-17 5.51E-17 9.10E-17 9.92E-17
 1.00E-74 1.00E-74 1.00E-74 1.00E-74 1.00E-74 3.67E-30 4.87E-23 1.06E-20
 1.50E-19 2.00E-18 1.45E-17 5.51E-17 9.10E-17 9.92E-17
 1.00E-74 1.00E-74 1.00E-74 1.00E-74 1.00E-74 3.67E-30 4.87E-23 1.06E-20
 1.50E-19 2.00E-18 1.45E-17 5.51E-17 9.10E-17 9.92E-17
 1.00E-74 1.00E-74 1.00E-74 1.00E-74 1.00E-74 3.67E-30 4.87E-23 1.06E-20
 1.50E-19 2.00E-18 1.45E-17 5.51E-17 9.10E-17 9.92E-17
  2.03110    7  14 /pl=01:ss=72:pb= 1:sz=72/type=excit/ispb = t/isel =   11
 1.00E+10 1.00E+11 1.00E+12 1.00E+13 1.00E+14 1.00E+15 1.00E+16
 9.18E+01 1.38E+02 2.30E+02 4.59E+02 9.18E+02 2.30E+03 4.59E+03 6.89E+03
 9.18E+03 1.38E+04 2.30E+04 4.59E+04 9.18E+04 1.38E+05
 1.00E-74 1.00E-74 1.00E-74 1.00E-74 1.00E-74 5.94E-31 8.18E-24 1.79E-21
 2.55E-20 3.43E-19 2.54E-18 1.00E-17 1.77E-17 2.04E-17
 1.00E-74 1.00E-74 1.00E-74 1.00E-74 1.00E-74 5.94E-31 8.18E-24 1.79E-21
 2.55E-20 3.43E-19 2.54E-18 1.00E-17 1.77E-17 2.04E-17
 1.00E-74 1.00E-74 1.00E-74 1.00E-74 1.00E-74 5.94E-31 8.18E-24 1.79E-21
 2.55E-20 3.43E-19 2.54E-18 1.00E-17 1.77E-17 2.04E-17
 1.00E-74 1.00E-74 1.00E-74 1.00E-74 1.00E-74 5.94E-31 8.18E-24 1.79E-21
 2.55E-20 3.43E-19 2.54E-18 1.00E-17 1.77E-17 2.04E-17
 1.00E-74 1.00E-74 1.00E-74 1.00E-74 1.00E-74 5.94E-31 8.18E-24 1.79E-21
 2.55E-20 3.43E-19 2.54E-18 1.00E-17 1.77E-17 2.04E-17
 1.00E-74 1.00E-74 1.00E-74 1.00E-74 1.00E-74 5.94E-31 8.18E-24 1.79E-21
 2.55E-20 3.43E-19 2.54E-18 1.00E-17 1.77E-17 2.04E-17
 1.00E-74 1.00E-74 1.00E-74 1.00E-74 1.00E-74 5.94E-31 8.18E-24 1.79E-21
 2.55E-20 3.43E-19 2.54E-18 1.00E-17 1.77E-17 2.04E-17
  2.04500    7  14 /pl=01:ss=72:pb= 1:sz=72/type=excit/ispb = t/isel =   12
 1.00E+10 1.00E+11 1.00E+12 1.00E+13 1.00E+14 1.00E+15 1.00E+16
 9.18E+01 1.38E+02 2.30E+02 4.59E+02 9.18E+02 2.30E+03 4.59E+03 6.89E+03
 9.18E+03 1.38E+04 2.30E+04 4.59E+04 9.18E+04 1.38E+05
 1.00E-74 1.00E-74 1.00E-74 1.00E-74 1.00E-74 1.04E-32 1.38E-25 2.99E-23
 4.23E-22 5.65E-21 4.10E-20 1.56E-19 2.57E-19 2.81E-19
 1.00E-74 1.00E-74 1.00E-74 1.00E-74 1.00E-74 1.04E-32 1.38E-25 2.99E-23
 4.23E-22 5.65E-21 4.10E-20 1.56E-19 2.57E-19 2.81E-19
 1.00E-74 1.00E-74 1.00E-74 1.00E-74 1.00E-74 1.04E-32 1.38E-25 2.99E-23
 4.23E-22 5.65E-21 4.10E-20 1.56E-19 2.57E-19 2.81E-19
 1.00E-74 1.00E-74 1.00E-74 1.00E-74 1.00E-74 1.04E-32 1.38E-25 2.99E-23
 4.23E-22 5.65E-21 4.10E-20 1.56E-19 2.57E-19 2.81E-19
 1.00E-74 1.00E-74 1.00E-74 1.00E-74 1.00E-74 1.04E-32 1.38E-25 2.99E-23
 4.23E-22 5.65E-21 4.10E-20 1.56E-19 2.57E-19 2.81E-19
 1.00E-74 1.00E-74 1.00E-74 1.00E-74 1.00E-74 1.04E-32 1.38E-25 2.99E-23
 4.23E-22 5.65E-21 4.10E-20 1.56E-19 2.57E-19 2.81E-19
 1.00E-74 1.00E-74 1.00E-74 1.00E-74 1.00E-74 1.04E-32 1.38E-25 2.99E-23
 4.23E-22 5.65E-21 4.10E-20 1.56E-19 2.57E-19 2.81E-19
  2.13487    7  14 /pl=01:ss=72:pb= 1:sz=72/type=excit/ispb = t/isel =   13
 1.00E+10 1.00E+11 1.00E+12 1.00E+13 1.00E+14 1.00E+15 1.00E+16
 9.18E+01 1.38E+02 2.30E+02 4.59E+02 9.18E+02 2.30E+03 4.59E+03 6.89E+03
 9.18E+03 1.38E+04 2.30E+04 4.59E+04 9.18E+04 1.38E+05
 1.00E-74 1.00E-74 1.00E-74 1.00E-74 1.00E-74 1.98E-32 2.10E-25 4.22E-23
 5.77E-22 7.43E-21 5.25E-20 1.97E-19 3.29E-19 3.64E-19
 1.00E-74 1.00E-74 1.00E-74 1.00E-74 1.00E-74 1.98E-32 2.10E-25 4.22E-23
 5.77E-22 7.43E-21 5.25E-20 1.97E-19 3.29E-19 3.64E-19
 1.00E-74 1.00E-74 1.00E-74 1.00E-74 1.00E-74 1.98E-32 2.10E-25 4.22E-23
 5.77E-22 7.43E-21 5.25E-20 1.97E-19 3.29E-19 3.64E-19
 1.00E-74 1.00E-74 1.00E-74 1.00E-74 1.00E-74 1.98E-32 2.10E-25 4.22E-23
 5.77E-22 7.43E-21 5.25E-20 1.97E-19 3.29E-19 3.64E-19
 1.00E-74 1.00E-74 1.00E-74 1.00E-74 1.00E-74 1.98E-32 2.10E-25 4.22E-23
 5.77E-22 7.43E-21 5.25E-20 1.97E-19 3.29E-19 3.64E-19
 1.00E-74 1.00E-74 1.00E-74 1.00E-74 1.00E-74 1.98E-32 2.10E-25 4.22E-23
 5.77E-22 7.43E-21 5.25E-20 1.97E-19 3.29E-19 3.64E-19
 1.00E-74 1.00E-74 1.00E-74 1.00E-74 1.00E-74 1.98E-32 2.10E-25 4.22E-23
 5.77E-22 7.43E-21 5.25E-20 1.97E-19 3.29E-19 3.64E-19
  2.15361    7  14 /pl=01:ss=72:pb= 1:sz=72/type=excit/ispb = t/isel =   14
 1.00E+10 1.00E+11 1.00E+12 1.00E+13 1.00E+14 1.00E+15 1.00E+16
 9.18E+01 1.38E+02 2.30E+02 4.59E+02 9.18E+02 2.30E+03 4.59E+03 6.89E+03
 9.18E+03 1.38E+04 2.30E+04 4.59E+04 9.18E+04 1.38E+05
 1.00E-74 1.00E-74 1.00E-74 1.00E-74 1.00E-74 1.17E-29 1.32E-22 2.72E-20
 3.73E-19 4.87E-18 3.50E-17 1.36E-16 2.37E-16 2.73E-16
 1.00E-74 1.00E-74 1.00E-74 1.00E-74 1.00E-74 1.17E-29 1.32E-22 2.72E-20
 3.73E-19 4.87E-18 3.50E-17 1.36E-16 2.37E-16 2.73E-16
 1.00E-74 1.00E-74 1.00E-74 1.00E-74 1.00E-74 1.17E-29 1.32E-22 2.72E-20
 3.73E-19 4.87E-18 3.50E-17 1.36E-16 2.37E-16 2.73E-16
 1.00E-74 1.00E-74 1.00E-74 1.00E-74 1.00E-74 1.17E-29 1.32E-22 2.72E-20
 3.73E-19 4.87E-18 3.50E-17 1.36E-16 2.37E-16 2.73E-16
 1.00E-74 1.00E-74 1.00E-74 1.00E-74 1.00E-74 1.17E-29 1.32E-22 2.72E-20
 3.73E-19 4.87E-18 3.50E-17 1.36E-16 2.37E-16 2.73E-16
 1.00E-74 1.00E-74 1.00E-74 1.00E-74 1.00E-74 1.17E-29 1.32E-22 2.72E-20
 3.73E-19 4.87E-18 3.50E-17 1.36E-16 2.37E-16 2.73E-16
 1.00E-74 1.00E-74 1.00E-74 1.00E-74 1.00E-74 1.17E-29 1.32E-22 2.72E-20
 3.73E-19 4.87E-18 3.50E-17 1.36E-16 2.37E-16 2.73E-16
  2.26824    7  14 /pl=01:ss=72:pb= 1:sz=72/type=excit/ispb = t/isel =   15
 1.00E+10 1.00E+11 1.00E+12 1.00E+13 1.00E+14 1.00E+15 1.00E+16
 9.18E+01 1.38E+02 2.30E+02 4.59E+02 9.18E+02 2.30E+03 4.59E+03 6.89E+03
 9.18E+03 1.38E+04 2.30E+04 4.59E+04 9.18E+04 1.38E+05
 1.00E-74 1.00E-74 1.00E-74 1.00E-74 1.00E-74 6.70E-30 7.10E-23 1.43E-20
 1.95E-19 2.51E-18 1.77E-17 6.66E-17 1.11E-16 1.23E-16
 1.00E-74 1.00E-74 1.00E-74 1.00E-74 1.00E-74 6.70E-30 7.10E-23 1.43E-20
 1.95E-19 2.51E-18 1.77E-17 6.66E-17 1.11E-16 1.23E-16
 1.00E-74 1.00E-74 1.00E-74 1.00E-74 1.00E-74 6.70E-30 7.10E-23 1.43E-20
 1.95E-19 2.51E-18 1.77E-17 6.66E-17 1.11E-16 1.23E-16
 1.00E-74 1.00E-74 1.00E-74 1.00E-74 1.00E-74 6.70E-30 7.10E-23 1.43E-20
 1.95E-19 2.51E-18 1.77E-17 6.66E-17 1.11E-16 1.23E-16
 1.00E-74 1.00E-74 1.00E-74 1.00E-74 1.00E-74 6.70E-30 7.10E-23 1.43E-20
 1.95E-19 2.51E-18 1.77E-17 6.66E-17 1.11E-16 1.23E-16
 1.00E-74 1.00E-74 1.00E-74 1.00E-74 1.00E-74 6.70E-30 7.10E-23 1.43E-20
 1.95E-19 2.51E-18 1.77E-17 6.66E-17 1.11E-16 1.23E-16
 1.00E-74 1.00E-74 1.00E-74 1.00E-74 1.00E-74 6.70E-30 7.10E-23 1.43E-20
 1.95E-19 2.51E-18 1.77E-17 6.66E-17 1.11E-16 1.23E-16
  2.28940    7  14 /pl=01:ss=72:pb= 1:sz=72/type=excit/ispb = t/isel =   16
 1.00E+10 1.00E+11 1.00E+12 1.00E+13 1.00E+14 1.00E+15 1.00E+16
 9.18E+01 1.38E+02 2.30E+02 4.59E+02 9.18E+02 2.30E+03 4.59E+03 6.89E+03
 9.18E+03 1.38E+04 2.30E+04 4.59E+04 9.18E+04 1.38E+05
 1.00E-74 1.00E-74 1.00E-74 1.00E-74 1.00E-74 5.98E-32 6.72E-25 1.38E-22
 1.90E-21 2.48E-20 1.78E-19 6.92E-19 1.21E-18 1.39E-18
 1.00E-74 1.00E-74 1.00E-74 1.00E-74 1.00E-74 5.98E-32 6.72E-25 1.38E-22
 1.90E-21 2.48E-20 1.78E-19 6.92E-19 1.21E-18 1.39E-18
 1.00E-74 1.00E-74 1.00E-74 1.00E-74 1.00E-74 5.98E-32 6.72E-25 1.38E-22
 1.90E-21 2.48E-20 1.78E-19 6.92E-19 1.21E-18 1.39E-18
 1.00E-74 1.00E-74 1.00E-74 1.00E-74 1.00E-74 5.98E-32 6.72E-25 1.38E-22
 1.90E-21 2.48E-20 1.78E-19 6.92E-19 1.21E-18 1.39E-18
 1.00E-74 1.00E-74 1.00E-74 1.00E-74 1.00E-74 5.98E-32 6.72E-25 1.38E-22
 1.90E-21 2.48E-20 1.78E-19 6.92E-19 1.21E-18 1.39E-18
 1.00E-74 1.00E-74 1.00E-74 1.00E-74 1.00E-74 5.98E-32 6.72E-25 1.38E-22
 1.90E-21 2.48E-20 1.78E-19 6.92E-19 1.21E-18 1.39E-18
 1.00E-74 1.00E-74 1.00E-74 1.00E-74 1.00E-74 5.98E-32 6.72E-25 1.38E-22
 1.90E-21 2.48E-20 1.78E-19 6.92E-19 1.21E-18 1.39E-18
  2.32019    7  14 /pl=01:ss=72:pb= 1:sz=72/type=excit/ispb = t/isel =   17
 1.00E+10 1.00E+11 1.00E+12 1.00E+13 1.00E+14 1.00E+15 1.00E+16
 9.18E+01 1.38E+02 2.30E+02 4.59E+02 9.18E+02 2.30E+03 4.59E+03 6.89E+03
 9.18E+03 1.38E+04 2.30E+04 4.59E+04 9.18E+04 1.38E+05
 1.00E-74 1.00E-74 1.00E-74 1.00E-74 1.00E-74 1.21E-29 1.31E-22 2.66E-20
 3.64E-19 4.70E-18 3.32E-17 1.24E-16 2.03E-16 2.21E-16
 1.00E-74 1.00E-74 1.00E-74 1.00E-74 1.00E-74 1.21E-29 1.31E-22 2.66E-20
 3.64E-19 4.70E-18 3.32E-17 1.24E-16 2.03E-16 2.21E-16
 1.00E-74 1.00E-74 1.00E-74 1.00E-74 1.00E-74 1.21E-29 1.31E-22 2.66E-20
 3.64E-19 4.70E-18 3.32E-17 1.24E-16 2.03E-16 2.21E-16
 1.00E-74 1.00E-74 1.00E-74 1.00E-74 1.00E-74 1.21E-29 1.31E-22 2.66E-20
 3.64E-19 4.70E-18 3.32E-17 1.24E-16 2.03E-16 2.21E-16
 1.00E-74 1.00E-74 1.00E-74 1.00E-74 1.00E-74 1.21E-29 1.31E-22 2.66E-20
 3.64E-19 4.70E-18 3.32E-17 1.24E-16 2.03E-16 2.21E-16
 1.00E-74 1.00E-74 1.00E-74 1.00E-74 1.00E-74 1.21E-29 1.31E-22 2.66E-20
 3.64E-19 4.70E-18 3.32E-17 1.24E-16 2.03E-16 2.21E-16
 1.00E-74 1.00E-74 1.00E-74 1.00E-74 1.00E-74 1.21E-29 1.31E-22 2.66E-20
 3.64E-19 4.70E-18 3.32E-17 1.24E-16 2.03E-16 2.21E-16
  2.39293    7  14 /pl=01:ss=72:pb= 1:sz=72/type=excit/ispb = t/isel =   18
 1.00E+10 1.00E+11 1.00E+12 1.00E+13 1.00E+14 1.00E+15 1.00E+16
 9.18E+01 1.38E+02 2.30E+02 4.59E+02 9.18E+02 2.30E+03 4.59E+03 6.89E+03
 9.18E+03 1.38E+04 2.30E+04 4.59E+04 9.18E+04 1.38E+05
 1.00E-74 1.00E-74 1.00E-74 1.00E-74 1.00E-74 1.81E-30 2.04E-23 4.19E-21
 5.76E-20 7.52E-19 5.40E-18 2.10E-17 3.67E-17 4.21E-17
 1.00E-74 1.00E-74 1.00E-74 1.00E-74 1.00E-74 1.81E-30 2.04E-23 4.19E-21
 5.76E-20 7.52E-19 5.40E-18 2.10E-17 3.67E-17 4.21E-17
 1.00E-74 1.00E-74 1.00E-74 1.00E-74 1.00E-74 1.81E-30 2.04E-23 4.19E-21
 5.76E-20 7.52E-19 5.40E-18 2.10E-17 3.67E-17 4.21E-17
 1.00E-74 1.00E-74 1.00E-74 1.00E-74 1.00E-74 1.81E-30 2.04E-23 4.19E-21
 5.76E-20 7.52E-19 5.40E-18 2.10E-17 3.67E-17 4.21E-17
 1.00E-74 1.00E-74 1.00E-74 1.00E-74 1.00E-74 1.81E-30 2.04E-23 4.19E-21
 5.76E-20 7.52E-19 5.40E-18 2.10E-17 3.67E-17 4.21E-17
 1.00E-74 1.00E-74 1.00E-74 1.00E-74 1.00E-74 1.81E-30 2.04E-23 4.19E-21
 5.76E-20 7.52E-19 5.40E-18 2.10E-17 3.67E-17 4.21E-17
 1.00E-74 1.00E-74 1.00E-74 1.00E-74 1.00E-74 1.81E-30 2.04E-23 4.19E-21
 5.76E-20 7.52E-19 5.40E-18 2.10E-17 3.67E-17 4.21E-17
  2.42658    7  14 /pl=01:ss=72:pb= 1:sz=72/type=excit/ispb = t/isel =   19
 1.00E+10 1.00E+11 1.00E+12 1.00E+13 1.00E+14 1.00E+15 1.00E+16
 9.18E+01 1.38E+02 2.30E+02 4.59E+02 9.18E+02 2.30E+03 4.59E+03 6.89E+03
 9.18E+03 1.38E+04 2.30E+04 4.59E+04 9.18E+04 1.38E+05
 1.00E-74 1.00E-74 1.00E-74 1.00E-74 1.00E-74 3.13E-32 3.40E-25 6.90E-23
 9.44E-22 1.22E-20 8.60E-20 3.21E-19 5.26E-19 5.73E-19
 1.00E-74 1.00E-74 1.00E-74 1.00E-74 1.00E-74 3.13E-32 3.40E-25 6.90E-23
 9.44E-22 1.22E-20 8.60E-20 3.21E-19 5.26E-19 5.73E-19
 1.00E-74 1.00E-74 1.00E-74 1.00E-74 1.00E-74 3.13E-32 3.40E-25 6.90E-23
 9.44E-22 1.22E-20 8.60E-20 3.21E-19 5.26E-19 5.73E-19
 1.00E-74 1.00E-74 1.00E-74 1.00E-74 1.00E-74 3.13E-32 3.40E-25 6.90E-23
 9.44E-22 1.22E-20 8.60E-20 3.21E-19 5.26E-19 5.73E-19
 1.00E-74 1.00E-74 1.00E-74 1.00E-74 1.00E-74 3.13E-32 3.40E-25 6.90E-23
 9.44E-22 1.22E-20 8.60E-20 3.21E-19 5.26E-19 5.73E-19
 1.00E-74 1.00E-74 1.00E-74 1.00E-74 1.00E-74 3.13E-32 3.40E-25 6.90E-23
 9.44E-22 1.22E-20 8.60E-20 3.21E-19 5.26E-19 5.73E-19
 1.00E-74 1.00E-74 1.00E-74 1.00E-74 1.00E-74 3.13E-32 3.40E-25 6.90E-23
 9.44E-22 1.22E-20 8.60E-20 3.21E-19 5.26E-19 5.73E-19
  2.98895    7  14 /pl=01:ss=72:pb= 1:sz=72/type=excit/ispb = t/isel =   20
 1.00E+10 1.00E+11 1.00E+12 1.00E+13 1.00E+14 1.00E+15 1.00E+16
 9.18E+01 1.38E+02 2.30E+02 4.59E+02 9.18E+02 2.30E+03 4.59E+03 6.89E+03
 9.18E+03 1.38E+04 2.30E+04 4.59E+04 9.18E+04 1.38E+05
 1.00E-74 1.00E-74 1.00E-74 1.00E-74 1.00E-74 1.19E-31 8.62E-25 1.53E-22
 1.97E-21 2.37E-20 1.60E-19 5.78E-19 9.46E-19 1.04E-18
 1.00E-74 1.00E-74 1.00E-74 1.00E-74 1.00E-74 1.19E-31 8.62E-25 1.53E-22
 1.97E-21 2.37E-20 1.60E-19 5.78E-19 9.46E-19 1.04E-18
 1.00E-74 1.00E-74 1.00E-74 1.00E-74 1.00E-74 1.19E-31 8.62E-25 1.53E-22
 1.97E-21 2.37E-20 1.60E-19 5.78E-19 9.46E-19 1.04E-18
 1.00E-74 1.00E-74 1.00E-74 1.00E-74 1.00E-74 1.19E-31 8.62E-25 1.53E-22
 1.97E-21 2.37E-20 1.60E-19 5.78E-19 9.46E-19 1.04E-18
 1.00E-74 1.00E-74 1.00E-74 1.00E-74 1.00E-74 1.19E-31 8.62E-25 1.53E-22
 1.97E-21 2.37E-20 1.60E-19 5.78E-19 9.46E-19 1.04E-18
 1.00E-74 1.00E-74 1.00E-74 1.00E-74 1.00E-74 1.19E-31 8.62E-25 1.53E-22
 1.97E-21 2.37E-20 1.60E-19 5.78E-19 9.46E-19 1.04E-18
 1.00E-74 1.00E-74 1.00E-74 1.00E-74 1.00E-74 1.19E-31 8.62E-25 1.53E-22
 1.97E-21 2.37E-20 1.60E-19 5.78E-19 9.46E-19 1.04E-18
  3.06199    7  14 /pl=01:ss=72:pb= 1:sz=72/type=excit/ispb = t/isel =   21
 1.00E+10 1.00E+11 1.00E+12 1.00E+13 1.00E+14 1.00E+15 1.00E+16
 9.18E+01 1.38E+02 2.30E+02 4.59E+02 9.18E+02 2.30E+03 4.59E+03 6.89E+03
 9.18E+03 1.38E+04 2.30E+04 4.59E+04 9.18E+04 1.38E+05
 1.00E-74 1.00E-74 1.00E-74 1.00E-74 1.00E-74 4.88E-29 3.80E-22 6.94E-20
 9.00E-19 1.11E-17 7.58E-17 2.83E-16 4.89E-16 5.60E-16
 1.00E-74 1.00E-74 1.00E-74 1.00E-74 1.00E-74 4.88E-29 3.80E-22 6.94E-20
 9.00E-19 1.11E-17 7.58E-17 2.83E-16 4.89E-16 5.60E-16
 1.00E-74 1.00E-74 1.00E-74 1.00E-74 1.00E-74 4.88E-29 3.80E-22 6.94E-20
 9.00E-19 1.11E-17 7.58E-17 2.83E-16 4.89E-16 5.60E-16
 1.00E-74 1.00E-74 1.00E-74 1.00E-74 1.00E-74 4.88E-29 3.80E-22 6.94E-20
 9.00E-19 1.11E-17 7.58E-17 2.83E-16 4.89E-16 5.60E-16
 1.00E-74 1.00E-74 1.00E-74 1.00E-74 1.00E-74 4.88E-29 3.80E-22 6.94E-20
 9.00E-19 1.11E-17 7.58E-17 2.83E-16 4.89E-16 5.60E-16
 1.00E-74 1.00E-74 1.00E-74 1.00E-74 1.00E-74 4.88E-29 3.80E-22 6.94E-20
 9.00E-19 1.11E-17 7.58E-17 2.83E-16 4.89E-16 5.60E-16
 1.00E-74 1.00E-74 1.00E-74 1.00E-74 1.00E-74 4.88E-29 3.80E-22 6.94E-20
 9.00E-19 1.11E-17 7.58E-17 2.83E-16 4.89E-16 5.60E-16
  3.25707    7  14 /pl=01:ss=72:pb= 1:sz=72/type=excit/ispb = t/isel =   22
 1.00E+10 1.00E+11 1.00E+12 1.00E+13 1.00E+14 1.00E+15 1.00E+16
 9.18E+01 1.38E+02 2.30E+02 4.59E+02 9.18E+02 2.30E+03 4.59E+03 6.89E+03
 9.18E+03 1.38E+04 2.30E+04 4.59E+04 9.18E+04 1.38E+05
 1.00E-74 1.00E-74 1.00E-74 1.00E-74 1.00E-74 3.06E-29 2.22E-22 3.93E-20
 5.05E-19 6.09E-18 4.10E-17 1.48E-16 2.43E-16 2.67E-16
 1.00E-74 1.00E-74 1.00E-74 1.00E-74 1.00E-74 3.06E-29 2.22E-22 3.93E-20
 5.05E-19 6.09E-18 4.10E-17 1.48E-16 2.43E-16 2.67E-16
 1.00E-74 1.00E-74 1.00E-74 1.00E-74 1.00E-74 3.06E-29 2.22E-22 3.93E-20
 5.05E-19 6.09E-18 4.10E-17 1.48E-16 2.43E-16 2.67E-16
 1.00E-74 1.00E-74 1.00E-74 1.00E-74 1.00E-74 3.06E-29 2.22E-22 3.93E-20
 5.05E-19 6.09E-18 4.10E-17 1.48E-16 2.43E-16 2.67E-16
 1.00E-74 1.00E-74 1.00E-74 1.00E-74 1.00E-74 3.06E-29 2.22E-22 3.93E-20
 5.05E-19 6.09E-18 4.10E-17 1.48E-16 2.43E-16 2.67E-16
 1.00E-74 1.00E-74 1.00E-74 1.00E-74 1.00E-74 3.06E-29 2.22E-22 3.93E-20
 5.05E-19 6.09E-18 4.10E-17 1.48E-16 2.43E-16 2.67E-16
 1.00E-74 1.00E-74 1.00E-74 1.00E-74 1.00E-74 3.06E-29 2.22E-22 3.93E-20
 5.05E-19 6.09E-18 4.10E-17 1.48E-16 2.43E-16 2.67E-16
  3.34400    7  14 /pl=01:ss=72:pb= 1:sz=72/type=excit/ispb = t/isel =   23
 1.00E+10 1.00E+11 1.00E+12 1.00E+13 1.00E+14 1.00E+15 1.00E+16
 9.18E+01 1.38E+02 2.30E+02 4.59E+02 9.18E+02 2.30E+03 4.59E+03 6.89E+03
 9.18E+03 1.38E+04 2.30E+04 4.59E+04 9.18E+04 1.38E+05
 1.00E-74 1.00E-74 1.00E-74 1.00E-74 1.00E-74 2.61E-31 2.03E-24 3.70E-22
 4.81E-21 5.90E-20 4.05E-19 1.51E-18 2.61E-18 2.99E-18
 1.00E-74 1.00E-74 1.00E-74 1.00E-74 1.00E-74 2.61E-31 2.03E-24 3.70E-22
 4.81E-21 5.90E-20 4.05E-19 1.51E-18 2.61E-18 2.99E-18
 1.00E-74 1.00E-74 1.00E-74 1.00E-74 1.00E-74 2.61E-31 2.03E-24 3.70E-22
 4.81E-21 5.90E-20 4.05E-19 1.51E-18 2.61E-18 2.99E-18
 1.00E-74 1.00E-74 1.00E-74 1.00E-74 1.00E-74 2.61E-31 2.03E-24 3.70E-22
 4.81E-21 5.90E-20 4.05E-19 1.51E-18 2.61E-18 2.99E-18
 1.00E-74 1.00E-74 1.00E-74 1.00E-74 1.00E-74 2.61E-31 2.03E-24 3.70E-22
 4.81E-21 5.90E-20 4.05E-19 1.51E-18 2.61E-18 2.99E-18
 1.00E-74 1.00E-74 1.00E-74 1.00E-74 1.00E-74 2.61E-31 2.03E-24 3.70E-22
 4.81E-21 5.90E-20 4.05E-19 1.51E-18 2.61E-18 2.99E-18
 1.00E-74 1.00E-74 1.00E-74 1.00E-74 1.00E-74 2.61E-31 2.03E-24 3.70E-22
 4.81E-21 5.90E-20 4.05E-19 1.51E-18 2.61E-18 2.99E-18
  3.47070    7  14 /pl=01:ss=72:pb= 1:sz=72/type=excit/ispb = t/isel =   24
 1.00E+10 1.00E+11 1.00E+12 1.00E+13 1.00E+14 1.00E+15 1.00E+16
 9.18E+01 1.38E+02 2.30E+02 4.59E+02 9.18E+02 2.30E+03 4.59E+03 6.89E+03
 9.18E+03 1.38E+04 2.30E+04 4.59E+04 9.18E+04 1.38E+05
 1.00E-74 1.00E-74 1.00E-74 1.00E-74 1.00E-74 2.79E-32 2.02E-25 3.58E-23
 4.61E-22 5.56E-21 3.74E-20 1.35E-19 2.22E-19 2.44E-19
 1.00E-74 1.00E-74 1.00E-74 1.00E-74 1.00E-74 2.79E-32 2.02E-25 3.58E-23
 4.61E-22 5.56E-21 3.74E-20 1.35E-19 2.22E-19 2.44E-19
 1.00E-74 1.00E-74 1.00E-74 1.00E-74 1.00E-74 2.79E-32 2.02E-25 3.58E-23
 4.61E-22 5.56E-21 3.74E-20 1.35E-19 2.22E-19 2.44E-19
 1.00E-74 1.00E-74 1.00E-74 1.00E-74 1.00E-74 2.79E-32 2.02E-25 3.58E-23
 4.61E-22 5.56E-21 3.74E-20 1.35E-19 2.22E-19 2.44E-19
 1.00E-74 1.00E-74 1.00E-74 1.00E-74 1.00E-74 2.79E-32 2.02E-25 3.58E-23
 4.61E-22 5.56E-21 3.74E-20 1.35E-19 2.22E-19 2.44E-19
 1.00E-74 1.00E-74 1.00E-74 1.00E-74 1.00E-74 2.79E-32 2.02E-25 3.58E-23
 4.61E-22 5.56E-21 3.74E-20 1.35E-19 2.22E-19 2.44E-19
 1.00E-74 1.00E-74 1.00E-74 1.00E-74 1.00E-74 2.79E-32 2.02E-25 3.58E-23
 4.61E-22 5.56E-21 3.74E-20 1.35E-19 2.22E-19 2.44E-19
  3.47772    7  14 /pl=01:ss=72:pb= 1:sz=72/type=excit/ispb = t/isel =   25
 1.00E+10 1.00E+11 1.00E+12 1.00E+13 1.00E+14 1.00E+15 1.00E+16
 9.18E+01 1.38E+02 2.30E+02 4.59E+02 9.18E+02 2.30E+03 4.59E+03 6.89E+03
 9.18E+03 1.38E+04 2.30E+04 4.59E+04 9.18E+04 1.38E+05
 1.00E-74 1.00E-74 1.00E-74 1.00E-74 1.00E-74 7.45E-29 5.54E-22 9.94E-20
 1.28E-18 1.55E-17 1.05E-16 3.79E-16 6.11E-16 6.63E-16
 1.00E-74 1.00E-74 1.00E-74 1.00E-74 1.00E-74 7.45E-29 5.54E-22 9.94E-20
 1.28E-18 1.55E-17 1.05E-16 3.79E-16 6.11E-16 6.63E-16
 1.00E-74 1.00E-74 1.00E-74 1.00E-74 1.00E-74 7.45E-29 5.54E-22 9.94E-20
 1.28E-18 1.55E-17 1.05E-16 3.79E-16 6.11E-16 6.63E-16
 1.00E-74 1.00E-74 1.00E-74 1.00E-74 1.00E-74 7.45E-29 5.54E-22 9.94E-20
 1.28E-18 1.55E-17 1.05E-16 3.79E-16 6.11E-16 6.63E-16
 1.00E-74 1.00E-74 1.00E-74 1.00E-74 1.00E-74 7.45E-29 5.54E-22 9.94E-20
 1.28E-18 1.55E-17 1.05E-16 3.79E-16 6.11E-16 6.63E-16
 1.00E-74 1.00E-74 1.00E-74 1.00E-74 1.00E-74 7.45E-29 5.54E-22 9.94E-20
 1.28E-18 1.55E-17 1.05E-16 3.79E-16 6.11E-16 6.63E-16
 1.00E-74 1.00E-74 1.00E-74 1.00E-74 1.00E-74 7.45E-29 5.54E-22 9.94E-20
 1.28E-18 1.55E-17 1.05E-16 3.79E-16 6.11E-16 6.63E-16
  3.56957    7  14 /pl=01:ss=72:pb= 1:sz=72/type=excit/ispb = t/isel =   26
 1.00E+10 1.00E+11 1.00E+12 1.00E+13 1.00E+14 1.00E+15 1.00E+16
 9.18E+01 1.38E+02 2.30E+02 4.59E+02 9.18E+02 2.30E+03 4.59E+03 6.89E+03
 9.18E+03 1.38E+04 2.30E+04 4.59E+04 9.18E+04 1.38E+05
 1.00E-74 1.00E-74 1.00E-74 1.00E-74 1.00E-74 9.85E-30 7.67E-23 1.40E-20
 1.82E-19 2.23E-18 1.53E-17 5.72E-17 9.86E-17 1.13E-16
 1.00E-74 1.00E-74 1.00E-74 1.00E-74 1.00E-74 9.85E-30 7.67E-23 1.40E-20
 1.82E-19 2.23E-18 1.53E-17 5.72E-17 9.86E-17 1.13E-16
 1.00E-74 1.00E-74 1.00E-74 1.00E-74 1.00E-74 9.85E-30 7.67E-23 1.40E-20
 1.82E-19 2.23E-18 1.53E-17 5.72E-17 9.86E-17 1.13E-16
 1.00E-74 1.00E-74 1.00E-74 1.00E-74 1.00E-74 9.85E-30 7.67E-23 1.40E-20
 1.82E-19 2.23E-18 1.53E-17 5.72E-17 9.86E-17 1.13E-16
 1.00E-74 1.00E-74 1.00E-74 1.00E-74 1.00E-74 9.85E-30 7.67E-23 1.40E-20
 1.82E-19 2.23E-18 1.53E-17 5.72E-17 9.86E-17 1.13E-16
 1.00E-74 1.00E-74 1.00E-74 1.00E-74 1.00E-74 9.85E-30 7.67E-23 1.40E-20
 1.82E-19 2.23E-18 1.53E-17 5.72E-17 9.86E-17 1.13E-16
 1.00E-74 1.00E-74 1.00E-74 1.00E-74 1.00E-74 9.85E-30 7.67E-23 1.40E-20
 1.82E-19 2.23E-18 1.53E-17 5.72E-17 9.86E-17 1.13E-16
  3.72235    7  14 /pl=01:ss=72:pb= 1:sz=72/type=excit/ispb = t/isel =   27
 1.00E+10 1.00E+11 1.00E+12 1.00E+13 1.00E+14 1.00E+15 1.00E+16
 9.18E+01 1.38E+02 2.30E+02 4.59E+02 9.18E+02 2.30E+03 4.59E+03 6.89E+03
 9.18E+03 1.38E+04 2.30E+04 4.59E+04 9.18E+04 1.38E+05
 1.00E-74 1.00E-74 1.00E-74 1.00E-74 1.00E-74 1.59E-31 1.18E-24 2.12E-22
 2.73E-21 3.31E-20 2.24E-19 8.10E-19 1.30E-18 1.42E-18
 1.00E-74 1.00E-74 1.00E-74 1.00E-74 1.00E-74 1.59E-31 1.18E-24 2.12E-22
 2.73E-21 3.31E-20 2.24E-19 8.10E-19 1.30E-18 1.42E-18
 1.00E-74 1.00E-74 1.00E-74 1.00E-74 1.00E-74 1.59E-31 1.18E-24 2.12E-22
 2.73E-21 3.31E-20 2.24E-19 8.10E-19 1.30E-18 1.42E-18
 1.00E-74 1.00E-74 1.00E-74 1.00E-74 1.00E-74 1.59E-31 1.18E-24 2.12E-22
 2.73E-21 3.31E-20 2.24E-19 8.10E-19 1.30E-18 1.42E-18
 1.00E-74 1.00E-74 1.00E-74 1.00E-74 1.00E-74 1.59E-31 1.18E-24 2.12E-22
 2.73E-21 3.31E-20 2.24E-19 8.10E-19 1.30E-18 1.42E-18
 1.00E-74 1.00E-74 1.00E-74 1.00E-74 1.00E-74 1.59E-31 1.18E-24 2.12E-22
 2.73E-21 3.31E-20 2.24E-19 8.10E-19 1.30E-18 1.42E-18
 1.00E-74 1.00E-74 1.00E-74 1.00E-74 1.00E-74 1.59E-31 1.18E-24 2.12E-22
 2.73E-21 3.31E-20 2.24E-19 8.10E-19 1.30E-18 1.42E-18
  4.47033    7  14 /pl=01:ss=72:pb= 1:sz=72/type=excit/ispb = t/isel =   28
 1.00E+10 1.00E+11 1.00E+12 1.00E+13 1.00E+14 1.00E+15 1.00E+16
 9.18E+01 1.38E+02 2.30E+02 4.59E+02 9.18E+02 2.30E+03 4.59E+03 6.89E+03
 9.18E+03 1.38E+04 2.30E+04 4.59E+04 9.18E+04 1.38E+05
 1.00E-74 1.00E-74 1.00E-74 1.00E-74 1.00E-74 1.89E-30 2.59E-23 5.69E-21
 8.08E-20 1.09E-18 8.07E-18 3.18E-17 5.61E-17 6.47E-17
 1.00E-74 1.00E-74 1.00E-74 1.00E-74 1.00E-74 1.89E-30 2.59E-23 5.69E-21
 8.08E-20 1.09E-18 8.07E-18 3.18E-17 5.61E-17 6.47E-17
 1.00E-74 1.00E-74 1.00E-74 1.00E-74 1.00E-74 1.89E-30 2.59E-23 5.69E-21
 8.08E-20 1.09E-18 8.07E-18 3.18E-17 5.61E-17 6.47E-17
 1.00E-74 1.00E-74 1.00E-74 1.00E-74 1.00E-74 1.89E-30 2.59E-23 5.69E-21
 8.08E-20 1.09E-18 8.07E-18 3.18E-17 5.61E-17 6.47E-17
 1.00E-74 1.00E-74 1.00E-74 1.00E-74 1.00E-74 1.89E-30 2.59E-23 5.69E-21
 8.08E-20 1.09E-18 8.07E-18 3.18E-17 5.61E-17 6.47E-17
 1.00E-74 1.00E-74 1.00E-74 1.00E-74 1.00E-74 1.89E-30 2.59E-23 5.69E-21
 8.08E-20 1.09E-18 8.07E-18 3.18E-17 5.61E-17 6.47E-17
 1.00E-74 1.00E-74 1.00E-74 1.00E-74 1.00E-74 1.89E-30 2.59E-23 5.69E-21
 8.08E-20 1.09E-18 8.07E-18 3.18E-17 5.61E-17 6.47E-17
  4.66091    7  14 /pl=01:ss=72:pb= 1:sz=72/type=excit/ispb = t/isel =   29
 1.00E+10 1.00E+11 1.00E+12 1.00E+13 1.00E+14 1.00E+15 1.00E+16
 9.18E+01 1.38E+02 2.30E+02 4.59E+02 9.18E+02 2.30E+03 4.59E+03 6.89E+03
 9.18E+03 1.38E+04 2.30E+04 4.59E+04 9.18E+04 1.38E+05
 1.00E-74 1.00E-74 1.00E-74 1.00E-74 1.00E-74 1.04E-30 1.35E-23 2.90E-21
 4.09E-20 5.44E-19 3.95E-18 1.51E-17 2.55E-17 2.82E-17
 1.00E-74 1.00E-74 1.00E-74 1.00E-74 1.00E-74 1.04E-30 1.35E-23 2.90E-21
 4.09E-20 5.44E-19 3.95E-18 1.51E-17 2.55E-17 2.82E-17
 1.00E-74 1.00E-74 1.00E-74 1.00E-74 1.00E-74 1.04E-30 1.35E-23 2.90E-21
 4.09E-20 5.44E-19 3.95E-18 1.51E-17 2.55E-17 2.82E-17
 1.00E-74 1.00E-74 1.00E-74 1.00E-74 1.00E-74 1.04E-30 1.35E-23 2.90E-21
 4.09E-20 5.44E-19 3.95E-18 1.51E-17 2.55E-17 2.82E-17
 1.00E-74 1.00E-74 1.00E-74 1.00E-74 1.00E-74 1.04E-30 1.35E-23 2.90E-21
 4.09E-20 5.44E-19 3.95E-18 1.51E-17 2.55E-17 2.82E-17
 1.00E-74 1.00E-74 1.00E-74 1.00E-74 1.00E-74 1.04E-30 1.35E-23 2.90E-21
 4.09E-20 5.44E-19 3.95E-18 1.51E-17 2.55E-17 2.82E-17
 1.00E-74 1.00E-74 1.00E-74 1.00E-74 1.00E-74 1.04E-30 1.35E-23 2.90E-21
 4.09E-20 5.44E-19 3.95E-18 1.51E-17 2.55E-17 2.82E-17
  4.71256    7  14 /pl=01:ss=72:pb= 1:sz=72/type=excit/ispb = t/isel =   30
 1.00E+10 1.00E+11 1.00E+12 1.00E+13 1.00E+14 1.00E+15 1.00E+16
 9.18E+01 1.38E+02 2.30E+02 4.59E+02 9.18E+02 2.30E+03 4.59E+03 6.89E+03
 9.18E+03 1.38E+04 2.30E+04 4.59E+04 9.18E+04 1.38E+05
 1.00E-74 1.00E-74 1.00E-74 1.00E-74 1.00E-74 7.85E-33 1.08E-25 2.37E-23
 3.36E-22 4.53E-21 3.36E-20 1.32E-19 2.34E-19 2.69E-19
 1.00E-74 1.00E-74 1.00E-74 1.00E-74 1.00E-74 7.85E-33 1.08E-25 2.37E-23
 3.36E-22 4.53E-21 3.36E-20 1.32E-19 2.34E-19 2.69E-19
 1.00E-74 1.00E-74 1.00E-74 1.00E-74 1.00E-74 7.85E-33 1.08E-25 2.37E-23
 3.36E-22 4.53E-21 3.36E-20 1.32E-19 2.34E-19 2.69E-19
 1.00E-74 1.00E-74 1.00E-74 1.00E-74 1.00E-74 7.85E-33 1.08E-25 2.37E-23
 3.36E-22 4.53E-21 3.36E-20 1.32E-19 2.34E-19 2.69E-19
 1.00E-74 1.00E-74 1.00E-74 1.00E-74 1.00E-74 7.85E-33 1.08E-25 2.37E-23
 3.36E-22 4.53E-21 3.36E-20 1.32E-19 2.34E-19 2.69E-19
 1.00E-74 1.00E-74 1.00E-74 1.00E-74 1.00E-74 7.85E-33 1.08E-25 2.37E-23
 3.36E-22 4.53E-21 3.36E-20 1.32E-19 2.34E-19 2.69E-19
 1.00E-74 1.00E-74 1.00E-74 1.00E-74 1.00E-74 7.85E-33 1.08E-25 2.37E-23
 3.36E-22 4.53E-21 3.36E-20 1.32E-19 2.34E-19 2.69E-19
  4.78806    7  14 /pl=01:ss=72:pb= 1:sz=72/type=excit/ispb = t/isel =   31
 1.00E+10 1.00E+11 1.00E+12 1.00E+13 1.00E+14 1.00E+15 1.00E+16
 9.18E+01 1.38E+02 2.30E+02 4.59E+02 9.18E+02 2.30E+03 4.59E+03 6.89E+03
 9.18E+03 1.38E+04 2.30E+04 4.59E+04 9.18E+04 1.38E+05
 1.00E-74 1.00E-74 1.00E-74 1.00E-74 1.00E-74 2.48E-30 3.30E-23 7.17E-21
 1.01E-19 1.36E-18 9.83E-18 3.73E-17 6.17E-17 6.72E-17
 1.00E-74 1.00E-74 1.00E-74 1.00E-74 1.00E-74 2.48E-30 3.30E-23 7.17E-21
 1.01E-19 1.36E-18 9.83E-18 3.73E-17 6.17E-17 6.72E-17
 1.00E-74 1.00E-74 1.00E-74 1.00E-74 1.00E-74 2.48E-30 3.30E-23 7.17E-21
 1.01E-19 1.36E-18 9.83E-18 3.73E-17 6.17E-17 6.72E-17
 1.00E-74 1.00E-74 1.00E-74 1.00E-74 1.00E-74 2.48E-30 3.30E-23 7.17E-21
 1.01E-19 1.36E-18 9.83E-18 3.73E-17 6.17E-17 6.72E-17
 1.00E-74 1.00E-74 1.00E-74 1.00E-74 1.00E-74 2.48E-30 3.30E-23 7.17E-21
 1.01E-19 1.36E-18 9.83E-18 3.73E-17 6.17E-17 6.72E-17
 1.00E-74 1.00E-74 1.00E-74 1.00E-74 1.00E-74 2.48E-30 3.30E-23 7.17E-21
 1.01E-19 1.36E-18 9.83E-18 3.73E-17 6.17E-17 6.72E-17
 1.00E-74 1.00E-74 1.00E-74 1.00E-74 1.00E-74 2.48E-30 3.30E-23 7.17E-21
 1.01E-19 1.36E-18 9.83E-18 3.73E-17 6.17E-17 6.72E-17
  4.89673    7  14 /pl=01:ss=72:pb= 1:sz=72/type=excit/ispb = t/isel =   32
 1.00E+10 1.00E+11 1.00E+12 1.00E+13 1.00E+14 1.00E+15 1.00E+16
 9.18E+01 1.38E+02 2.30E+02 4.59E+02 9.18E+02 2.30E+03 4.59E+03 6.89E+03
 9.18E+03 1.38E+04 2.30E+04 4.59E+04 9.18E+04 1.38E+05
 1.00E-74 1.00E-74 1.00E-74 1.00E-74 1.00E-74 6.58E-31 9.06E-24 1.99E-21
 2.82E-20 3.80E-19 2.82E-18 1.11E-17 1.96E-17 2.26E-17
 1.00E-74 1.00E-74 1.00E-74 1.00E-74 1.00E-74 6.58E-31 9.06E-24 1.99E-21
 2.82E-20 3.80E-19 2.82E-18 1.11E-17 1.96E-17 2.26E-17
 1.00E-74 1.00E-74 1.00E-74 1.00E-74 1.00E-74 6.58E-31 9.06E-24 1.99E-21
 2.82E-20 3.80E-19 2.82E-18 1.11E-17 1.96E-17 2.26E-17
 1.00E-74 1.00E-74 1.00E-74 1.00E-74 1.00E-74 6.58E-31 9.06E-24 1.99E-21
 2.82E-20 3.80E-19 2.82E-18 1.11E-17 1.96E-17 2.26E-17
 1.00E-74 1.00E-74 1.00E-74 1.00E-74 1.00E-74 6.58E-31 9.06E-24 1.99E-21
 2.82E-20 3.80E-19 2.82E-18 1.11E-17 1.96E-17 2.26E-17
 1.00E-74 1.00E-74 1.00E-74 1.00E-74 1.00E-74 6.58E-31 9.06E-24 1.99E-21
 2.82E-20 3.80E-19 2.82E-18 1.11E-17 1.96E-17 2.26E-17
 1.00E-74 1.00E-74 1.00E-74 1.00E-74 1.00E-74 6.58E-31 9.06E-24 1.99E-21
 2.82E-20 3.80E-19 2.82E-18 1.11E-17 1.96E-17 2.26E-17
  4.97829    7  14 /pl=01:ss=72:pb= 1:sz=72/type=excit/ispb = t/isel =   33
 1.00E+10 1.00E+11 1.00E+12 1.00E+13 1.00E+14 1.00E+15 1.00E+16
 9.18E+01 1.38E+02 2.30E+02 4.59E+02 9.18E+02 2.30E+03 4.59E+03 6.89E+03
 9.18E+03 1.38E+04 2.30E+04 4.59E+04 9.18E+04 1.38E+05
 1.00E-74 1.00E-74 1.00E-74 1.00E-74 1.00E-74 5.95E-33 7.91E-26 1.72E-23
 2.43E-22 3.25E-21 2.35E-20 8.94E-20 1.48E-19 1.61E-19
 1.00E-74 1.00E-74 1.00E-74 1.00E-74 1.00E-74 5.95E-33 7.91E-26 1.72E-23
 2.43E-22 3.25E-21 2.35E-20 8.94E-20 1.48E-19 1.61E-19
 1.00E-74 1.00E-74 1.00E-74 1.00E-74 1.00E-74 5.95E-33 7.91E-26 1.72E-23
 2.43E-22 3.25E-21 2.35E-20 8.94E-20 1.48E-19 1.61E-19
 1.00E-74 1.00E-74 1.00E-74 1.00E-74 1.00E-74 5.95E-33 7.91E-26 1.72E-23
 2.43E-22 3.25E-21 2.35E-20 8.94E-20 1.48E-19 1.61E-19
 1.00E-74 1.00E-74 1.00E-74 1.00E-74 1.00E-74 5.95E-33 7.91E-26 1.72E-23
 2.43E-22 3.25E-21 2.35E-20 8.94E-20 1.48E-19 1.61E-19
 1.00E-74 1.00E-74 1.00E-74 1.00E-74 1.00E-74 5.95E-33 7.91E-26 1.72E-23
 2.43E-22 3.25E-21 2.35E-20 8.94E-20 1.48E-19 1.61E-19
 1.00E-74 1.00E-74 1.00E-74 1.00E-74 1.00E-74 5.95E-33 7.91E-26 1.72E-23
 2.43E-22 3.25E-21 2.35E-20 8.94E-20 1.48E-19 1.61E-19
  6.52205    7  14 /pl=01:ss=72:pb= 1:sz=72/type=excit/ispb = t/isel =   34
 1.00E+10 1.00E+11 1.00E+12 1.00E+13 1.00E+14 1.00E+15 1.00E+16
 9.18E+01 1.38E+02 2.30E+02 4.59E+02 9.18E+02 2.30E+03 4.59E+03 6.89E+03
 9.18E+03 1.38E+04 2.30E+04 4.59E+04 9.18E+04 1.38E+05
 1.00E-74 1.00E-74 1.00E-74 1.00E-74 1.00E-74 7.03E-33 7.45E-26 1.50E-23
 2.05E-22 2.63E-21 1.86E-20 6.99E-20 1.17E-19 1.29E-19
 1.00E-74 1.00E-74 1.00E-74 1.00E-74 1.00E-74 7.03E-33 7.45E-26 1.50E-23
 2.05E-22 2.63E-21 1.86E-20 6.99E-20 1.17E-19 1.29E-19
 1.00E-74 1.00E-74 1.00E-74 1.00E-74 1.00E-74 7.03E-33 7.45E-26 1.50E-23
 2.05E-22 2.63E-21 1.86E-20 6.99E-20 1.17E-19 1.29E-19
 1.00E-74 1.00E-74 1.00E-74 1.00E-74 1.00E-74 7.03E-33 7.45E-26 1.50E-23
 2.05E-22 2.63E-21 1.86E-20 6.99E-20 1.17E-19 1.29E-19
 1.00E-74 1.00E-74 1.00E-74 1.00E-74 1.00E-74 7.03E-33 7.45E-26 1.50E-23
 2.05E-22 2.63E-21 1.86E-20 6.99E-20 1.17E-19 1.29E-19
 1.00E-74 1.00E-74 1.00E-74 1.00E-74 1.00E-74 7.03E-33 7.45E-26 1.50E-23
 2.05E-22 2.63E-21 1.86E-20 6.99E-20 1.17E-19 1.29E-19
 1.00E-74 1.00E-74 1.00E-74 1.00E-74 1.00E-74 7.03E-33 7.45E-26 1.50E-23
 2.05E-22 2.63E-21 1.86E-20 6.99E-20 1.17E-19 1.29E-19
  6.70013    7  14 /pl=01:ss=72:pb= 1:sz=72/type=excit/ispb = t/isel =   35
 1.00E+10 1.00E+11 1.00E+12 1.00E+13 1.00E+14 1.00E+15 1.00E+16
 9.18E+01 1.38E+02 2.30E+02 4.59E+02 9.18E+02 2.30E+03 4.59E+03 6.89E+03
 9.18E+03 1.38E+04 2.30E+04 4.59E+04 9.18E+04 1.38E+05
 1.00E-74 1.00E-74 1.00E-74 1.00E-74 1.00E-74 4.71E-30 5.29E-23 1.09E-20
 1.50E-19 1.95E-18 1.40E-17 5.45E-17 9.53E-17 1.09E-16
 1.00E-74 1.00E-74 1.00E-74 1.00E-74 1.00E-74 4.71E-30 5.29E-23 1.09E-20
 1.50E-19 1.95E-18 1.40E-17 5.45E-17 9.53E-17 1.09E-16
 1.00E-74 1.00E-74 1.00E-74 1.00E-74 1.00E-74 4.71E-30 5.29E-23 1.09E-20
 1.50E-19 1.95E-18 1.40E-17 5.45E-17 9.53E-17 1.09E-16
 1.00E-74 1.00E-74 1.00E-74 1.00E-74 1.00E-74 4.71E-30 5.29E-23 1.09E-20
 1.50E-19 1.95E-18 1.40E-17 5.45E-17 9.53E-17 1.09E-16
 1.00E-74 1.00E-74 1.00E-74 1.00E-74 1.00E-74 4.71E-30 5.29E-23 1.09E-20
 1.50E-19 1.95E-18 1.40E-17 5.45E-17 9.53E-17 1.09E-16
 1.00E-74 1.00E-74 1.00E-74 1.00E-74 1.00E-74 4.71E-30 5.29E-23 1.09E-20
 1.50E-19 1.95E-18 1.40E-17 5.45E-17 9.53E-17 1.09E-16
 1.00E-74 1.00E-74 1.00E-74 1.00E-74 1.00E-74 4.71E-30 5.29E-23 1.09E-20
 1.50E-19 1.95E-18 1.40E-17 5.45E-17 9.53E-17 1.09E-16
  7.05080    7  14 /pl=01:ss=72:pb= 1:sz=72/type=excit/ispb = t/isel =   36
 1.00E+10 1.00E+11 1.00E+12 1.00E+13 1.00E+14 1.00E+15 1.00E+16
 9.18E+01 1.38E+02 2.30E+02 4.59E+02 9.18E+02 2.30E+03 4.59E+03 6.89E+03
 9.18E+03 1.38E+04 2.30E+04 4.59E+04 9.18E+04 1.38E+05
 1.00E-74 1.00E-74 1.00E-74 1.00E-74 1.00E-74 2.72E-30 2.88E-23 5.79E-21
 7.92E-20 1.02E-18 7.20E-18 2.71E-17 4.51E-17 4.99E-17
 1.00E-74 1.00E-74 1.00E-74 1.00E-74 1.00E-74 2.72E-30 2.88E-23 5.79E-21
 7.92E-20 1.02E-18 7.20E-18 2.71E-17 4.51E-17 4.99E-17
 1.00E-74 1.00E-74 1.00E-74 1.00E-74 1.00E-74 2.72E-30 2.88E-23 5.79E-21
 7.92E-20 1.02E-18 7.20E-18 2.71E-17 4.51E-17 4.99E-17
 1.00E-74 1.00E-74 1.00E-74 1.00E-74 1.00E-74 2.72E-30 2.88E-23 5.79E-21
 7.92E-20 1.02E-18 7.20E-18 2.71E-17 4.51E-17 4.99E-17
 1.00E-74 1.00E-74 1.00E-74 1.00E-74 1.00E-74 2.72E-30 2.88E-23 5.79E-21
 7.92E-20 1.02E-18 7.20E-18 2.71E-17 4.51E-17 4.99E-17
 1.00E-74 1.00E-74 1.00E-74 1.00E-74 1.00E-74 2.72E-30 2.88E-23 5.79E-21
 7.92E-20 1.02E-18 7.20E-18 2.71E-17 4.51E-17 4.99E-17
 1.00E-74 1.00E-74 1.00E-74 1.00E-74 1.00E-74 2.72E-30 2.88E-23 5.79E-21
 7.92E-20 1.02E-18 7.20E-18 2.71E-17 4.51E-17 4.99E-17
  7.25939    7  14 /pl=01:ss=72:pb= 1:sz=72/type=excit/ispb = t/isel =   37
 1.00E+10 1.00E+11 1.00E+12 1.00E+13 1.00E+14 1.00E+15 1.00E+16
 9.18E+01 1.38E+02 2.30E+02 4.59E+02 9.18E+02 2.30E+03 4.59E+03 6.89E+03
 9.18E+03 1.38E+04 2.30E+04 4.59E+04 9.18E+04 1.38E+05
 1.00E-74 1.00E-74 1.00E-74 1.00E-74 1.00E-74 1.97E-32 2.21E-25 4.56E-23
 6.26E-22 8.17E-21 5.87E-20 2.28E-19 3.99E-19 4.58E-19
 1.00E-74 1.00E-74 1.00E-74 1.00E-74 1.00E-74 1.97E-32 2.21E-25 4.56E-23
 6.26E-22 8.17E-21 5.87E-20 2.28E-19 3.99E-19 4.58E-19
 1.00E-74 1.00E-74 1.00E-74 1.00E-74 1.00E-74 1.97E-32 2.21E-25 4.56E-23
 6.26E-22 8.17E-21 5.87E-20 2.28E-19 3.99E-19 4.58E-19
 1.00E-74 1.00E-74 1.00E-74 1.00E-74 1.00E-74 1.97E-32 2.21E-25 4.56E-23
 6.26E-22 8.17E-21 5.87E-20 2.28E-19 3.99E-19 4.58E-19
 1.00E-74 1.00E-74 1.00E-74 1.00E-74 1.00E-74 1.97E-32 2.21E-25 4.56E-23
 6.26E-22 8.17E-21 5.87E-20 2.28E-19 3.99E-19 4.58E-19
 1.00E-74 1.00E-74 1.00E-74 1.00E-74 1.00E-74 1.97E-32 2.21E-25 4.56E-23
 6.26E-22 8.17E-21 5.87E-20 2.28E-19 3.99E-19 4.58E-19
 1.00E-74 1.00E-74 1.00E-74 1.00E-74 1.00E-74 1.97E-32 2.21E-25 4.56E-23
 6.26E-22 8.17E-21 5.87E-20 2.28E-19 3.99E-19 4.58E-19
  7.57827    7  14 /pl=01:ss=72:pb= 1:sz=72/type=excit/ispb = t/isel =   38
 1.00E+10 1.00E+11 1.00E+12 1.00E+13 1.00E+14 1.00E+15 1.00E+16
 9.18E+01 1.38E+02 2.30E+02 4.59E+02 9.18E+02 2.30E+03 4.59E+03 6.89E+03
 9.18E+03 1.38E+04 2.30E+04 4.59E+04 9.18E+04 1.38E+05
 1.00E-74 1.00E-74 1.00E-74 1.00E-74 1.00E-74 8.44E-30 9.17E-23 1.86E-20
 2.55E-19 3.29E-18 2.32E-17 8.66E-17 1.42E-16 1.55E-16
 1.00E-74 1.00E-74 1.00E-74 1.00E-74 1.00E-74 8.44E-30 9.17E-23 1.86E-20
 2.55E-19 3.29E-18 2.32E-17 8.66E-17 1.42E-16 1.55E-16
 1.00E-74 1.00E-74 1.00E-74 1.00E-74 1.00E-74 8.44E-30 9.17E-23 1.86E-20
 2.55E-19 3.29E-18 2.32E-17 8.66E-17 1.42E-16 1.55E-16
 1.00E-74 1.00E-74 1.00E-74 1.00E-74 1.00E-74 8.44E-30 9.17E-23 1.86E-20
 2.55E-19 3.29E-18 2.32E-17 8.66E-17 1.42E-16 1.55E-16
 1.00E-74 1.00E-74 1.00E-74 1.00E-74 1.00E-74 8.44E-30 9.17E-23 1.86E-20
 2.55E-19 3.29E-18 2.32E-17 8.66E-17 1.42E-16 1.55E-16
 1.00E-74 1.00E-74 1.00E-74 1.00E-74 1.00E-74 8.44E-30 9.17E-23 1.86E-20
 2.55E-19 3.29E-18 2.32E-17 8.66E-17 1.42E-16 1.55E-16
 1.00E-74 1.00E-74 1.00E-74 1.00E-74 1.00E-74 8.44E-30 9.17E-23 1.86E-20
 2.55E-19 3.29E-18 2.32E-17 8.66E-17 1.42E-16 1.55E-16
  7.70584    7  14 /pl=01:ss=72:pb= 1:sz=72/type=excit/ispb = t/isel =   39
 1.00E+10 1.00E+11 1.00E+12 1.00E+13 1.00E+14 1.00E+15 1.00E+16
 9.18E+01 1.38E+02 2.30E+02 4.59E+02 9.18E+02 2.30E+03 4.59E+03 6.89E+03
 9.18E+03 1.38E+04 2.30E+04 4.59E+04 9.18E+04 1.38E+05
 1.00E-74 1.00E-74 1.00E-74 1.00E-74 1.00E-74 2.13E-30 2.40E-23 4.94E-21
 6.78E-20 8.85E-19 6.35E-18 2.47E-17 4.31E-17 4.96E-17
 1.00E-74 1.00E-74 1.00E-74 1.00E-74 1.00E-74 2.13E-30 2.40E-23 4.94E-21
 6.78E-20 8.85E-19 6.35E-18 2.47E-17 4.31E-17 4.96E-17
 1.00E-74 1.00E-74 1.00E-74 1.00E-74 1.00E-74 2.13E-30 2.40E-23 4.94E-21
 6.78E-20 8.85E-19 6.35E-18 2.47E-17 4.31E-17 4.96E-17
 1.00E-74 1.00E-74 1.00E-74 1.00E-74 1.00E-74 2.13E-30 2.40E-23 4.94E-21
 6.78E-20 8.85E-19 6.35E-18 2.47E-17 4.31E-17 4.96E-17
 1.00E-74 1.00E-74 1.00E-74 1.00E-74 1.00E-74 2.13E-30 2.40E-23 4.94E-21
 6.78E-20 8.85E-19 6.35E-18 2.47E-17 4.31E-17 4.96E-17
 1.00E-74 1.00E-74 1.00E-74 1.00E-74 1.00E-74 2.13E-30 2.40E-23 4.94E-21
 6.78E-20 8.85E-19 6.35E-18 2.47E-17 4.31E-17 4.96E-17
 1.00E-74 1.00E-74 1.00E-74 1.00E-74 1.00E-74 2.13E-30 2.40E-23 4.94E-21
 6.78E-20 8.85E-19 6.35E-18 2.47E-17 4.31E-17 4.96E-17
  8.06612    7  14 /pl=01:ss=72:pb= 1:sz=72/type=excit/ispb = t/isel =   40
 1.00E+10 1.00E+11 1.00E+12 1.00E+13 1.00E+14 1.00E+15 1.00E+16
 9.18E+01 1.38E+02 2.30E+02 4.59E+02 9.18E+02 2.30E+03 4.59E+03 6.89E+03
 9.18E+03 1.38E+04 2.30E+04 4.59E+04 9.18E+04 1.38E+05
 1.00E-74 1.00E-74 1.00E-74 1.00E-74 1.00E-74 1.64E-32 1.78E-25 3.62E-23
 4.94E-22 6.38E-21 4.51E-20 1.68E-19 2.76E-19 3.00E-19
 1.00E-74 1.00E-74 1.00E-74 1.00E-74 1.00E-74 1.64E-32 1.78E-25 3.62E-23
 4.94E-22 6.38E-21 4.51E-20 1.68E-19 2.76E-19 3.00E-19
 1.00E-74 1.00E-74 1.00E-74 1.00E-74 1.00E-74 1.64E-32 1.78E-25 3.62E-23
 4.94E-22 6.38E-21 4.51E-20 1.68E-19 2.76E-19 3.00E-19
 1.00E-74 1.00E-74 1.00E-74 1.00E-74 1.00E-74 1.64E-32 1.78E-25 3.62E-23
 4.94E-22 6.38E-21 4.51E-20 1.68E-19 2.76E-19 3.00E-19
 1.00E-74 1.00E-74 1.00E-74 1.00E-74 1.00E-74 1.64E-32 1.78E-25 3.62E-23
 4.94E-22 6.38E-21 4.51E-20 1.68E-19 2.76E-19 3.00E-19
 1.00E-74 1.00E-74 1.00E-74 1.00E-74 1.00E-74 1.64E-32 1.78E-25 3.62E-23
 4.94E-22 6.38E-21 4.51E-20 1.68E-19 2.76E-19 3.00E-19
 1.00E-74 1.00E-74 1.00E-74 1.00E-74 1.00E-74 1.64E-32 1.78E-25 3.62E-23
 4.94E-22 6.38E-21 4.51E-20 1.68E-19 2.76E-19 3.00E-19
  10.6857    7  14 /pl=01:ss=72:pb= 1:sz=72/type=excit/ispb = t/isel =   41
 1.00E+10 1.00E+11 1.00E+12 1.00E+13 1.00E+14 1.00E+15 1.00E+16
 9.18E+01 1.38E+02 2.30E+02 4.59E+02 9.18E+02 2.30E+03 4.59E+03 6.89E+03
 9.18E+03 1.38E+04 2.30E+04 4.59E+04 9.18E+04 1.38E+05
 1.00E-74 1.00E-74 1.00E-74 1.00E-74 1.00E-74 1.79E-27 5.94E-22 3.83E-20
 2.97E-19 2.19E-18 1.01E-17 2.83E-17 4.26E-17 4.69E-17
 1.00E-74 1.00E-74 1.00E-74 1.00E-74 3.46E-44 1.79E-27 5.94E-22 3.83E-20
 2.97E-19 2.19E-18 1.01E-17 2.83E-17 4.26E-17 4.69E-17
 1.00E-74 1.00E-74 1.00E-74 1.00E-74 3.12E-44 1.79E-27 5.94E-22 3.83E-20
 2.97E-19 2.19E-18 1.01E-17 2.83E-17 4.26E-17 4.69E-17
 1.00E-74 1.00E-74 1.00E-74 1.00E-74 3.05E-44 1.79E-27 5.94E-22 3.83E-20
 2.97E-19 2.19E-18 1.01E-17 2.83E-17 4.26E-17 4.69E-17
 1.00E-74 1.00E-74 1.00E-74 1.00E-74 3.05E-44 1.79E-27 5.94E-22 3.83E-20
 2.97E-19 2.19E-18 1.01E-17 2.83E-17 4.26E-17 4.69E-17
 1.00E-74 1.00E-74 1.00E-74 1.00E-74 3.05E-44 1.79E-27 5.94E-22 3.83E-20
 2.97E-19 2.19E-18 1.01E-17 2.83E-17 4.26E-17 4.69E-17
 1.00E-74 1.00E-74 1.00E-74 1.00E-74 3.05E-44 1.79E-27 5.94E-22 3.83E-20
 2.97E-19 2.19E-18 1.01E-17 2.83E-17 4.26E-17 4.69E-17
  12.4622    7  14 /pl=01:ss=72:pb= 1:sz=72/type=excit/ispb = t/isel =   42
 1.00E+10 1.00E+11 1.00E+12 1.00E+13 1.00E+14 1.00E+15 1.00E+16
 9.18E+01 1.38E+02 2.30E+02 4.59E+02 9.18E+02 2.30E+03 4.59E+03 6.89E+03
 9.18E+03 1.38E+04 2.30E+04 4.59E+04 9.18E+04 1.38E+05
 1.00E-74 1.00E-74 1.00E-74 1.00E-74 1.00E-74 9.27E-31 1.28E-23 2.80E-21
 3.97E-20 5.35E-19 3.97E-18 1.56E-17 2.76E-17 3.18E-17
 1.00E-74 1.00E-74 1.00E-74 1.00E-74 1.00E-74 9.27E-31 1.28E-23 2.80E-21
 3.97E-20 5.35E-19 3.97E-18 1.56E-17 2.76E-17 3.18E-17
 1.00E-74 1.00E-74 1.00E-74 1.00E-74 1.00E-74 9.27E-31 1.28E-23 2.80E-21
 3.97E-20 5.35E-19 3.97E-18 1.56E-17 2.76E-17 3.18E-17
 1.00E-74 1.00E-74 1.00E-74 1.00E-74 1.00E-74 9.27E-31 1.28E-23 2.80E-21
 3.97E-20 5.35E-19 3.97E-18 1.56E-17 2.76E-17 3.18E-17
 1.00E-74 1.00E-74 1.00E-74 1.00E-74 1.00E-74 9.27E-31 1.28E-23 2.80E-21
 3.97E-20 5.35E-19 3.97E-18 1.56E-17 2.76E-17 3.18E-17
 1.00E-74 1.00E-74 1.00E-74 1.00E-74 1.00E-74 9.27E-31 1.28E-23 2.80E-21
 3.97E-20 5.35E-19 3.97E-18 1.56E-17 2.76E-17 3.18E-17
 1.00E-74 1.00E-74 1.00E-74 1.00E-74 1.00E-74 9.27E-31 1.28E-23 2.80E-21
 3.97E-20 5.35E-19 3.97E-18 1.56E-17 2.76E-17 3.18E-17
  13.0213    7  14 /pl=01:ss=72:pb= 1:sz=72/type=excit/ispb = t/isel =   43
 1.00E+10 1.00E+11 1.00E+12 1.00E+13 1.00E+14 1.00E+15 1.00E+16
 9.18E+01 1.38E+02 2.30E+02 4.59E+02 9.18E+02 2.30E+03 4.59E+03 6.89E+03
 9.18E+03 1.38E+04 2.30E+04 4.59E+04 9.18E+04 1.38E+05
 1.00E-74 1.00E-74 1.00E-74 1.00E-74 1.00E-74 5.01E-31 6.48E-24 1.40E-21
 1.97E-20 2.62E-19 1.90E-18 7.27E-18 1.23E-17 1.36E-17
 1.00E-74 1.00E-74 1.00E-74 1.00E-74 1.00E-74 5.01E-31 6.48E-24 1.40E-21
 1.97E-20 2.62E-19 1.90E-18 7.27E-18 1.23E-17 1.36E-17
 1.00E-74 1.00E-74 1.00E-74 1.00E-74 1.00E-74 5.01E-31 6.48E-24 1.40E-21
 1.97E-20 2.62E-19 1.90E-18 7.27E-18 1.23E-17 1.36E-17
 1.00E-74 1.00E-74 1.00E-74 1.00E-74 1.00E-74 5.01E-31 6.48E-24 1.40E-21
 1.97E-20 2.62E-19 1.90E-18 7.27E-18 1.23E-17 1.36E-17
 1.00E-74 1.00E-74 1.00E-74 1.00E-74 1.00E-74 5.01E-31 6.48E-24 1.40E-21
 1.97E-20 2.62E-19 1.90E-18 7.27E-18 1.23E-17 1.36E-17
 1.00E-74 1.00E-74 1.00E-74 1.00E-74 1.00E-74 5.01E-31 6.48E-24 1.40E-21
 1.97E-20 2.62E-19 1.90E-18 7.27E-18 1.23E-17 1.36E-17
 1.00E-74 1.00E-74 1.00E-74 1.00E-74 1.00E-74 5.01E-31 6.48E-24 1.40E-21
 1.97E-20 2.62E-19 1.90E-18 7.27E-18 1.23E-17 1.36E-17
  13.4325    7  14 /pl=01:ss=72:pb= 1:sz=72/type=excit/ispb = t/isel =   44
 1.00E+10 1.00E+11 1.00E+12 1.00E+13 1.00E+14 1.00E+15 1.00E+16
 9.18E+01 1.38E+02 2.30E+02 4.59E+02 9.18E+02 2.30E+03 4.59E+03 6.89E+03
 9.18E+03 1.38E+04 2.30E+04 4.59E+04 9.18E+04 1.38E+05
 1.00E-74 1.00E-74 1.00E-74 1.00E-74 1.00E-74 3.04E-33 4.18E-26 9.16E-24
 1.30E-22 1.75E-21 1.30E-20 5.12E-20 9.04E-20 1.04E-19
 1.00E-74 1.00E-74 1.00E-74 1.00E-74 1.00E-74 3.04E-33 4.18E-26 9.16E-24
 1.30E-22 1.75E-21 1.30E-20 5.12E-20 9.04E-20 1.04E-19
 1.00E-74 1.00E-74 1.00E-74 1.00E-74 1.00E-74 3.04E-33 4.18E-26 9.16E-24
 1.30E-22 1.75E-21 1.30E-20 5.12E-20 9.04E-20 1.04E-19
 1.00E-74 1.00E-74 1.00E-74 1.00E-74 1.00E-74 3.04E-33 4.18E-26 9.16E-24
 1.30E-22 1.75E-21 1.30E-20 5.12E-20 9.04E-20 1.04E-19
 1.00E-74 1.00E-74 1.00E-74 1.00E-74 1.00E-74 3.04E-33 4.18E-26 9.16E-24
 1.30E-22 1.75E-21 1.30E-20 5.12E-20 9.04E-20 1.04E-19
 1.00E-74 1.00E-74 1.00E-74 1.00E-74 1.00E-74 3.04E-33 4.18E-26 9.16E-24
 1.30E-22 1.75E-21 1.30E-20 5.12E-20 9.04E-20 1.04E-19
 1.00E-74 1.00E-74 1.00E-74 1.00E-74 1.00E-74 3.04E-33 4.18E-26 9.16E-24
 1.30E-22 1.75E-21 1.30E-20 5.12E-20 9.04E-20 1.04E-19
  14.0646    7  14 /pl=01:ss=72:pb= 1:sz=72/type=excit/ispb = t/isel =   45
 1.00E+10 1.00E+11 1.00E+12 1.00E+13 1.00E+14 1.00E+15 1.00E+16
 9.18E+01 1.38E+02 2.30E+02 4.59E+02 9.18E+02 2.30E+03 4.59E+03 6.89E+03
 9.18E+03 1.38E+04 2.30E+04 4.59E+04 9.18E+04 1.38E+05
 1.00E-74 1.00E-74 1.00E-74 1.00E-74 1.00E-74 1.87E-30 2.49E-23 5.40E-21
 7.64E-20 1.02E-18 7.40E-18 2.81E-17 4.65E-17 5.06E-17
 1.00E-74 1.00E-74 1.00E-74 1.00E-74 1.00E-74 1.87E-30 2.49E-23 5.40E-21
 7.64E-20 1.02E-18 7.40E-18 2.81E-17 4.65E-17 5.06E-17
 1.00E-74 1.00E-74 1.00E-74 1.00E-74 1.00E-74 1.87E-30 2.49E-23 5.40E-21
 7.64E-20 1.02E-18 7.40E-18 2.81E-17 4.65E-17 5.06E-17
 1.00E-74 1.00E-74 1.00E-74 1.00E-74 1.00E-74 1.87E-30 2.49E-23 5.40E-21
 7.64E-20 1.02E-18 7.40E-18 2.81E-17 4.65E-17 5.06E-17
 1.00E-74 1.00E-74 1.00E-74 1.00E-74 1.00E-74 1.87E-30 2.49E-23 5.40E-21
 7.64E-20 1.02E-18 7.40E-18 2.81E-17 4.65E-17 5.06E-17
 1.00E-74 1.00E-74 1.00E-74 1.00E-74 1.00E-74 1.87E-30 2.49E-23 5.40E-21
 7.64E-20 1.02E-18 7.40E-18 2.81E-17 4.65E-17 5.06E-17
 1.00E-74 1.00E-74 1.00E-74 1.00E-74 1.00E-74 1.87E-30 2.49E-23 5.40E-21
 7.64E-20 1.02E-18 7.40E-18 2.81E-17 4.65E-17 5.06E-17
  14.2104    7  14 /pl=01:ss=72:pb= 1:sz=72/type=excit/ispb = t/isel =   46
 1.00E+10 1.00E+11 1.00E+12 1.00E+13 1.00E+14 1.00E+15 1.00E+16
 9.18E+01 1.38E+02 2.30E+02 4.59E+02 9.18E+02 2.30E+03 4.59E+03 6.89E+03
 9.18E+03 1.38E+04 2.30E+04 4.59E+04 9.18E+04 1.38E+05
 1.00E-74 1.00E-74 1.00E-74 1.00E-74 1.00E-74 6.52E-31 8.97E-24 1.97E-21
 2.79E-20 3.76E-19 2.79E-18 1.10E-17 1.94E-17 2.24E-17
 1.00E-74 1.00E-74 1.00E-74 1.00E-74 1.00E-74 6.52E-31 8.97E-24 1.97E-21
 2.79E-20 3.76E-19 2.79E-18 1.10E-17 1.94E-17 2.24E-17
 1.00E-74 1.00E-74 1.00E-74 1.00E-74 1.00E-74 6.52E-31 8.97E-24 1.97E-21
 2.79E-20 3.76E-19 2.79E-18 1.10E-17 1.94E-17 2.24E-17
 1.00E-74 1.00E-74 1.00E-74 1.00E-74 1.00E-74 6.52E-31 8.97E-24 1.97E-21
 2.79E-20 3.76E-19 2.79E-18 1.10E-17 1.94E-17 2.24E-17
 1.00E-74 1.00E-74 1.00E-74 1.00E-74 1.00E-74 6.52E-31 8.97E-24 1.97E-21
 2.79E-20 3.76E-19 2.79E-18 1.10E-17 1.94E-17 2.24E-17
 1.00E-74 1.00E-74 1.00E-74 1.00E-74 1.00E-74 6.52E-31 8.97E-24 1.97E-21
 2.79E-20 3.76E-19 2.79E-18 1.10E-17 1.94E-17 2.24E-17
 1.00E-74 1.00E-74 1.00E-74 1.00E-74 1.00E-74 6.52E-31 8.97E-24 1.97E-21
 2.79E-20 3.76E-19 2.79E-18 1.10E-17 1.94E-17 2.24E-17
  36.3090    7  14 /pl=01:ss=72:pb= 1:sz=72/type=excit/ispb = t/isel =   47
 1.00E+10 1.00E+11 1.00E+12 1.00E+13 1.00E+14 1.00E+15 1.00E+16
 9.18E+01 1.38E+02 2.30E+02 4.59E+02 9.18E+02 2.30E+03 4.59E+03 6.89E+03
 9.18E+03 1.38E+04 2.30E+04 4.59E+04 9.18E+04 1.38E+05
 1.00E-74 1.00E-74 1.00E-74 1.00E-74 1.00E-74 1.38E-30 4.81E-24 6.75E-22
 7.67E-21 8.27E-20 5.14E-19 1.80E-18 3.00E-18 3.43E-18
 1.00E-74 1.00E-74 1.00E-74 1.00E-74 1.00E-74 1.38E-30 4.81E-24 6.75E-22
 7.67E-21 8.27E-20 5.14E-19 1.80E-18 3.00E-18 3.43E-18
 1.00E-74 1.00E-74 1.00E-74 1.00E-74 1.00E-74 1.38E-30 4.81E-24 6.75E-22
 7.67E-21 8.27E-20 5.14E-19 1.80E-18 3.00E-18 3.43E-18
 1.00E-74 1.00E-74 1.00E-74 1.00E-74 1.00E-74 1.38E-30 4.81E-24 6.75E-22
 7.67E-21 8.27E-20 5.14E-19 1.80E-18 3.00E-18 3.43E-18
 1.00E-74 1.00E-74 1.00E-74 1.00E-74 1.00E-74 1.38E-30 4.81E-24 6.75E-22
 7.67E-21 8.27E-20 5.14E-19 1.80E-18 3.00E-18 3.43E-18
 1.00E-74 1.00E-74 1.00E-74 1.00E-74 1.00E-74 1.38E-30 4.81E-24 6.75E-22
 7.67E-21 8.27E-20 5.14E-19 1.80E-18 3.00E-18 3.43E-18
 1.00E-74 1.00E-74 1.00E-74 1.00E-74 1.00E-74 1.38E-30 4.81E-24 6.75E-22
 7.67E-21 8.27E-20 5.14E-19 1.80E-18 3.00E-18 3.43E-18
  52.9167    7  14 /pl=01:ss=72:pb= 1:sz=72/type=excit/ispb = t/isel =   48
 1.00E+10 1.00E+11 1.00E+12 1.00E+13 1.00E+14 1.00E+15 1.00E+16
 9.18E+01 1.38E+02 2.30E+02 4.59E+02 9.18E+02 2.30E+03 4.59E+03 6.89E+03
 9.18E+03 1.38E+04 2.30E+04 4.59E+04 9.18E+04 1.38E+05
 1.00E-74 1.00E-74 1.00E-74 1.00E-74 1.00E-74 1.03E-31 3.14E-25 4.17E-23
 4.66E-22 4.89E-21 2.93E-20 9.78E-20 1.52E-19 1.65E-19
 1.00E-74 1.00E-74 1.00E-74 1.00E-74 1.00E-74 1.03E-31 3.14E-25 4.17E-23
 4.66E-22 4.89E-21 2.93E-20 9.78E-20 1.52E-19 1.65E-19
 1.00E-74 1.00E-74 1.00E-74 1.00E-74 1.00E-74 1.03E-31 3.14E-25 4.17E-23
 4.66E-22 4.89E-21 2.93E-20 9.78E-20 1.52E-19 1.65E-19
 1.00E-74 1.00E-74 1.00E-74 1.00E-74 1.00E-74 1.03E-31 3.14E-25 4.17E-23
 4.66E-22 4.89E-21 2.93E-20 9.78E-20 1.52E-19 1.65E-19
 1.00E-74 1.00E-74 1.00E-74 1.00E-74 1.00E-74 1.03E-31 3.14E-25 4.17E-23
 4.66E-22 4.89E-21 2.93E-20 9.78E-20 1.52E-19 1.65E-19
 1.00E-74 1.00E-74 1.00E-74 1.00E-74 1.00E-74 1.03E-31 3.14E-25 4.17E-23
 4.66E-22 4.89E-21 2.93E-20 9.78E-20 1.52E-19 1.65E-19
 1.00E-74 1.00E-74 1.00E-74 1.00E-74 1.00E-74 1.03E-31 3.14E-25 4.17E-23
 4.66E-22 4.89E-21 2.93E-20 9.78E-20 1.52E-19 1.65E-19
  86.9704    7  14 /pl=01:ss=72:pb= 1:sz=72/type=excit/ispb = t/isel =   49
 1.00E+10 1.00E+11 1.00E+12 1.00E+13 1.00E+14 1.00E+15 1.00E+16
 9.18E+01 1.38E+02 2.30E+02 4.59E+02 9.18E+02 2.30E+03 4.59E+03 6.89E+03
 9.18E+03 1.38E+04 2.30E+04 4.59E+04 9.18E+04 1.38E+05
 1.00E-74 1.00E-74 1.00E-74 1.00E-74 1.00E-74 5.62E-32 4.37E-25 7.98E-23
 1.04E-21 1.27E-20 8.72E-20 3.26E-19 5.62E-19 6.43E-19
 1.00E-74 1.00E-74 1.00E-74 1.00E-74 1.00E-74 5.62E-32 4.37E-25 7.98E-23
 1.04E-21 1.27E-20 8.72E-20 3.26E-19 5.62E-19 6.43E-19
 1.00E-74 1.00E-74 1.00E-74 1.00E-74 1.00E-74 5.62E-32 4.37E-25 7.98E-23
 1.04E-21 1.27E-20 8.72E-20 3.26E-19 5.62E-19 6.43E-19
 1.00E-74 1.00E-74 1.00E-74 1.00E-74 1.00E-74 5.62E-32 4.37E-25 7.98E-23
 1.04E-21 1.27E-20 8.72E-20 3.26E-19 5.62E-19 6.43E-19
 1.00E-74 1.00E-74 1.00E-74 1.00E-74 1.00E-74 5.62E-32 4.37E-25 7.98E-23
 1.04E-21 1.27E-20 8.72E-20 3.26E-19 5.62E-19 6.43E-19
 1.00E-74 1.00E-74 1.00E-74 1.00E-74 1.00E-74 5.62E-32 4.37E-25 7.98E-23
 1.04E-21 1.27E-20 8.72E-20 3.26E-19 5.62E-19 6.43E-19
 1.00E-74 1.00E-74 1.00E-74 1.00E-74 1.00E-74 5.62E-32 4.37E-25 7.98E-23
 1.04E-21 1.27E-20 8.72E-20 3.26E-19 5.62E-19 6.43E-19
  172.520    7  14 /pl=01:ss=72:pb= 1:sz=72/type=excit/ispb = t/isel =   50
 1.00E+10 1.00E+11 1.00E+12 1.00E+13 1.00E+14 1.00E+15 1.00E+16
 9.18E+01 1.38E+02 2.30E+02 4.59E+02 9.18E+02 2.30E+03 4.59E+03 6.89E+03
 9.18E+03 1.38E+04 2.30E+04 4.59E+04 9.18E+04 1.38E+05
 1.00E-74 1.00E-74 1.00E-74 1.00E-74 1.00E-74 7.86E-33 8.84E-26 1.82E-23
 2.50E-22 3.26E-21 2.34E-20 9.10E-20 1.59E-19 1.83E-19
 1.00E-74 1.00E-74 1.00E-74 1.00E-74 1.00E-74 7.86E-33 8.84E-26 1.82E-23
 2.50E-22 3.26E-21 2.34E-20 9.10E-20 1.59E-19 1.83E-19
 1.00E-74 1.00E-74 1.00E-74 1.00E-74 1.00E-74 7.86E-33 8.84E-26 1.82E-23
 2.50E-22 3.26E-21 2.34E-20 9.10E-20 1.59E-19 1.83E-19
 1.00E-74 1.00E-74 1.00E-74 1.00E-74 1.00E-74 7.86E-33 8.84E-26 1.82E-23
 2.50E-22 3.26E-21 2.34E-20 9.10E-20 1.59E-19 1.83E-19
 1.00E-74 1.00E-74 1.00E-74 1.00E-74 1.00E-74 7.86E-33 8.84E-26 1.82E-23
 2.50E-22 3.26E-21 2.34E-20 9.10E-20 1.59E-19 1.83E-19
 1.00E-74 1.00E-74 1.00E-74 1.00E-74 1.00E-74 7.86E-33 8.84E-26 1.82E-23
 2.50E-22 3.26E-21 2.34E-20 9.10E-20 1.59E-19 1.83E-19
 1.00E-74 1.00E-74 1.00E-74 1.00E-74 1.00E-74 7.86E-33 8.84E-26 1.82E-23
 2.50E-22 3.26E-21 2.34E-20 9.10E-20 1.59E-19 1.83E-19
c-------------------------------------------------------------------------------
 
C  root partition information
C  ==========================
C
C  nuclear charge : 74
C  ion charge+1   : 73
C
C  population calculation information
C  ----------------------------------
C
C  population processing code: adas810
C
C  adf04 source file    : adf04_copmm#74_ca_40#w72_t3.dat
C  adf18/a17_p208 file  : NULL
C
C  meta. ion. coeff. selector  : 
 
C  options  : lnorm =T  lpsel =F  lzsel =T  liosel=F
C           : lhsel =F  lrsel =F  lisel =F  lnsel =F
 
C  energy levels
C  -------------
C
C   lv      configuration    (2S+1)L(w-1/2)      energy (cm^-1)
C  ---   ------------------- --------------      --------------
c    1   21                     (0)0(  0.0)             0.0
c    2   11512                  (0)0(  1.5)     476042593.2
c    3   11513                  (0)0(  5.5)     485400888.0
c    4   11514                  (0)0(  1.5)     567832565.8
c    5   11515                  (0)0(  5.5)     570586707.6
c    6   11516                  (0)0(  9.5)     572476471.0
c    7   11517                  (0)0(  1.5)     599341216.7
c    8   11518                  (0)0(  5.5)     600491032.8
c    9   11519                  (0)0(  9.5)     601289119.0
c   10   1151B                  (0)0(  1.5)     613686653.0
c   11   1151C                  (0)0(  5.5)     614266296.2
c   12   1151D                  (0)0(  9.5)     614673827.4
c   13   1151G                  (0)0(  1.5)     621376337.8
c   14   1151H                  (0)0(  5.5)     621710926.7
c   15   1151I                  (0)0(  9.5)     621946049.8
 
 
 
c-------------------------------------------------------------------------------
 
C  superstage partition information
C  ================================
C
C  element symbol   : W
C  parent template  : 
C  partition level  :  1
C  superstage label : 72
C
C  tabulation       : photon emissivity coefft (te,ne)
C  units            : ph. emis coef(cm^3 s^-1); te (ev); ne (cm^-3)
C
C  photon emissivity atomic transitions
C  ------------------------------------
C  
C   isel  wvlen(A)            transition                type  ispb nspb
C                                                             ispp nspp sz    tg pr wr
C  ----- ---------- ----------------------------------- ----- ---- ---- --    -- -- --
C      1   1.03698    6(0)0(  9.5)-  2(0)0(  1.5)       excit   1    1  72    18 29  1
C      2   1.05771    5(0)0(  5.5)-  2(0)0(  1.5)       excit   1    1  72    17  1  2
C      3   1.14843    6(0)0(  9.5)-  3(0)0(  5.5)       excit   1    1  72    30  3  3
C      4   1.17390    5(0)0(  5.5)-  3(0)0(  5.5)       excit   1    1  72    29 23  4
C      5   1.21313    4(0)0(  1.5)-  3(0)0(  5.5)       excit   1    1  72    28  2  5
C      6   1.84797   15(0)0(  9.5)-  4(0)0(  1.5)       excit   1    1  72    50 48  6
C      7   1.85603   14(0)0(  5.5)-  4(0)0(  1.5)       excit   1    1  72    49 10  7
C      8   1.94707   15(0)0(  9.5)-  5(0)0(  5.5)       excit   1    1  72    60 17  8
C      9   1.95602   14(0)0(  5.5)-  5(0)0(  5.5)       excit   1    1  72    59 36  9
C     10   1.96891   13(0)0(  1.5)-  5(0)0(  5.5)       excit   1    1  72    58 14 10
C     11   2.03110   14(0)0(  5.5)-  6(0)0(  9.5)       excit   1    1  72    68 28 11
C     12   2.04500   13(0)0(  1.5)-  6(0)0(  9.5)       excit   1    1  72    67 42 12
C     13   2.13487   12(0)0(  9.5)-  4(0)0(  1.5)       excit   1    1  72    47 40 13
C     14   2.15361   11(0)0(  5.5)-  4(0)0(  1.5)       excit   1    1  72    46  6 14
C     15   2.26824   12(0)0(  9.5)-  5(0)0(  5.5)       excit   1    1  72    57 11 15
C     16   2.28940   11(0)0(  5.5)-  5(0)0(  5.5)       excit   1    1  72    56 34 16
C     17   2.32019   10(0)0(  1.5)-  5(0)0(  5.5)       excit   1    1  72    55  8 17
C     18   2.39293   11(0)0(  5.5)-  6(0)0(  9.5)       excit   1    1  72    65 22 18
C     19   2.42658   10(0)0(  1.5)-  6(0)0(  9.5)       excit   1    1  72    64 38 19
C     20   2.98895    9(0)0(  9.5)-  4(0)0(  1.5)       excit   1    1  72    44 35 20
C     21   3.06199    8(0)0(  5.5)-  4(0)0(  1.5)       excit   1    1  72    43  5 21
C     22   3.25707    9(0)0(  9.5)-  5(0)0(  5.5)       excit   1    1  72    54  7 22
C     23   3.34400    8(0)0(  5.5)-  5(0)0(  5.5)       excit   1    1  72    53 32 23
C     24   3.47070    9(0)0(  9.5)-  6(0)0(  9.5)       excit   1    1  72    63 44 24
C     25   3.47772    7(0)0(  1.5)-  5(0)0(  5.5)       excit   1    1  72    52  4 25
C     26   3.56957    8(0)0(  5.5)-  6(0)0(  9.5)       excit   1    1  72    62 12 26
C     27   3.72235    7(0)0(  1.5)-  6(0)0(  9.5)       excit   1    1  72    61 33 27
C     28   4.47033   14(0)0(  5.5)-  7(0)0(  1.5)       excit   1    1  72    76 16 28
C     29   4.66091   15(0)0(  9.5)-  8(0)0(  5.5)       excit   1    1  72    84 25 29
C     30   4.71256   14(0)0(  5.5)-  8(0)0(  5.5)       excit   1    1  72    83 43 30
C     31   4.78806   13(0)0(  1.5)-  8(0)0(  5.5)       excit   1    1  72    82 15 31
C     32   4.89673   14(0)0(  5.5)-  9(0)0(  9.5)       excit   1    1  72    89 26 32
C     33   4.97829   13(0)0(  1.5)-  9(0)0(  9.5)       excit   1    1  72    88 47 33
C     34   6.52205   12(0)0(  9.5)-  7(0)0(  1.5)       excit   1    1  72    74 49 34
C     35   6.70013   11(0)0(  5.5)-  7(0)0(  1.5)       excit   1    1  72    73 13 35
C     36   7.05080   12(0)0(  9.5)-  8(0)0(  5.5)       excit   1    1  72    81 19 36
C     37   7.25939   11(0)0(  5.5)-  8(0)0(  5.5)       excit   1    1  72    80 39 37
C     38   7.57827   10(0)0(  1.5)-  8(0)0(  5.5)       excit   1    1  72    79  9 38
C     39   7.70584   11(0)0(  5.5)-  9(0)0(  9.5)       excit   1    1  72    86 20 39
C     40   8.06612   10(0)0(  1.5)-  9(0)0(  9.5)       excit   1    1  72    85 41 40
C     41   10.6857    3(0)0(  5.5)-  2(0)0(  1.5)       excit   1    1  72    15 21 41
C     42   12.4622   14(0)0(  5.5)- 10(0)0(  1.5)       excit   1    1  72    94 24 42
C     43   13.0213   15(0)0(  9.5)- 11(0)0(  5.5)       excit   1    1  72    99 30 43
C     44   13.4325   14(0)0(  5.5)- 11(0)0(  5.5)       excit   1    1  72    98 50 44
C     45   14.0646   13(0)0(  1.5)- 11(0)0(  5.5)       excit   1    1  72    97 18 45
C     46   14.2104   14(0)0(  5.5)- 12(0)0(  9.5)       excit   1    1  72   101 27 46
C     47   36.3090    5(0)0(  5.5)-  4(0)0(  1.5)       excit   1    1  72    40 31 47
C     48   52.9167    6(0)0(  9.5)-  5(0)0(  5.5)       excit   1    1  72    51 46 48
C     49   86.9704    8(0)0(  5.5)-  7(0)0(  1.5)       excit   1    1  72    70 37 49
C     50   172.520   11(0)0(  5.5)- 10(0)0(  1.5)       excit   1    1  72    91 45 50
c-------------------------------------------------------------------------------
                                                                                
C  code     : adas810
C  producer : Adam Foster
C  date     : 15/05/09
                                                                                
c-------------------------------------------------------------------------------

C-----------------------------------------------------------------------
C                               OPEN-ADAS
C                               +++++++++
C
C This file has been downloaded from OPEN-ADAS (http://open.adas.ac.uk)
C on 26-Mar-2025.
C
C TERMS AND CONDITIONS
C --------------------
C
C The user of the OPEN-ADAS system and data (hereinafter "the User")
C accepts the following terms and conditions:
C
C   1. The University of Strathclyde uses all reasonable endeavours to
C      ensure the accuracy of the data provided and any information
C      given, but the University makes no warranty, expressed or implied
C      as to its accuracy, integrity, fitness for purpose and shall not
C      be responsible for the use to which the data is put by the User
C      and/or any consequences arising out of any inaccuracies or
C      omissions.
C
C   2. Any downloaded OPEN-ADAS file is made available for the
C      personal use of the User only.  It must not be used for any
C      commercial application, incorporated into any web site or in
C      any form re-distributed without express prior written permission
C      from the ADAS Project. In particular, but not by way of
C      limitation, it must not be:
C        *  inserted into a managed database structure,
C        *  redistributed along with a modelling or analysis code,
C        *  made available on a public website.
C
C Permission for OPEN-ADAS data incorporation in non-commercial
C code/system development for scientific advance will not be
C unreasonably withheld, but will be subject to written agreement
C on a case by case basis.
C
C The User will indemnify the University of Strathclyde and keep it
C fully and effectively indemnified against each and every claim made
C against the University as a result of the User's use of the data.
C
C-----------------------------------------------------------------------
