   50    /W :56 photon emissivity coefficients/
--------------------------------------------------------------------------------
    1    1    1    1    1    1    1    1    1    1    1    1    1    1
    1    1    1    1    1    1    1    1    1    1    1    1    1    1
    1    1    1    1    1    1    1    1    1    1    1    1    1    1
    1    1    1    1    1    1    1    1    1    1    1    1    1    1
    1    1    1    1    1    1    1    1    1    1    1    1    1    1
    1    1    1    1    1
--------------------------------------------------------------------------------
//#01/p00/ 00/p01/ 01/p02/ 02/p03/ 03/p04/ 04/p05/ 05/p06/ 06/p07/ 07/p08/ 08/  
      p09/ 09/p10/ 10/p11/ 11/p12/ 12/p13/ 13/p14/ 14/p15/ 15/p16/ 16/p17/ 17/  
      p18/ 18/p19/ 19/p20/ 20/p21/ 21/p22/ 22/p23/ 23/p24/ 24/p25/ 25/p26/ 26/  
      p27/ 27/p28/ 28/p29/ 29/p30/ 30/p31/ 31/p32/ 32/p33/ 33/p34/ 34/p35/ 35/  
      p36/ 36/p37/ 37/p38/ 38/p39/ 39/p40/ 40/p41/ 41/p42/ 42/p43/ 43/p44/ 44/  
      p45/ 45/p46/ 46/p47/ 47/p48/ 48/p49/ 49/p50/ 50/p51/ 51/p52/ 52/p53/ 53/  
      p54/ 54/p55/ 55/p56/ 56/p57/ 57/p58/ 58/p59/ 59/p60/ 60/p61/ 61/p62/ 62/  
      p63/ 63/p64/ 64/p65/ 65/p66/ 66/p67/ 67/p68/ 68/p69/ 69/p70/ 70/p71/ 71/  
      p72/ 72/p73/ 73/p74/ 74/                                                  
--------------------------------------------------------------------------------
  2.49707    7  14 /pl=01:ss=56:pb= 1:sz=56/type=excit/ispb = t/isel =    1
 1.00E+10 1.00E+11 1.00E+12 1.00E+13 1.00E+14 1.00E+15 1.00E+16
 5.60E+01 8.40E+01 1.40E+02 2.80E+02 5.60E+02 1.40E+03 2.80E+03 4.20E+03
 5.60E+03 8.40E+03 1.40E+04 2.80E+04 5.60E+04 8.40E+04
 1.00E-74 3.34E-38 4.86E-28 1.78E-20 9.32E-17 1.30E-14 5.92E-14 9.50E-14
 1.19E-13 1.50E-13 1.80E-13 2.05E-13 2.14E-13 2.13E-13
 1.00E-74 3.34E-38 4.86E-28 1.78E-20 9.32E-17 1.30E-14 5.92E-14 9.50E-14
 1.19E-13 1.50E-13 1.80E-13 2.05E-13 2.14E-13 2.13E-13
 1.00E-74 3.34E-38 4.86E-28 1.78E-20 9.32E-17 1.30E-14 5.92E-14 9.50E-14
 1.19E-13 1.50E-13 1.80E-13 2.05E-13 2.14E-13 2.13E-13
 1.00E-74 3.34E-38 4.86E-28 1.78E-20 9.32E-17 1.30E-14 5.92E-14 9.50E-14
 1.19E-13 1.50E-13 1.80E-13 2.05E-13 2.14E-13 2.13E-13
 1.00E-74 3.34E-38 4.86E-28 1.78E-20 9.32E-17 1.30E-14 5.92E-14 9.50E-14
 1.19E-13 1.50E-13 1.80E-13 2.05E-13 2.14E-13 2.13E-13
 1.00E-74 3.34E-38 4.86E-28 1.78E-20 9.32E-17 1.30E-14 5.92E-14 9.50E-14
 1.19E-13 1.50E-13 1.80E-13 2.05E-13 2.14E-13 2.13E-13
 1.00E-74 3.34E-38 4.86E-28 1.78E-20 9.32E-17 1.30E-14 5.92E-14 9.50E-14
 1.19E-13 1.50E-13 1.80E-13 2.05E-13 2.14E-13 2.13E-13
  2.52732    7  14 /pl=01:ss=56:pb= 1:sz=56/type=excit/ispb = t/isel =    2
 1.00E+10 1.00E+11 1.00E+12 1.00E+13 1.00E+14 1.00E+15 1.00E+16
 5.60E+01 8.40E+01 1.40E+02 2.80E+02 5.60E+02 1.40E+03 2.80E+03 4.20E+03
 5.60E+03 8.40E+03 1.40E+04 2.80E+04 5.60E+04 8.40E+04
 1.00E-74 9.50E-38 1.03E-27 3.04E-20 1.41E-16 1.82E-14 8.02E-14 1.26E-13
 1.56E-13 1.90E-13 2.19E-13 2.36E-13 2.33E-13 2.24E-13
 1.00E-74 9.50E-38 1.03E-27 3.04E-20 1.41E-16 1.82E-14 8.02E-14 1.26E-13
 1.56E-13 1.90E-13 2.19E-13 2.36E-13 2.33E-13 2.24E-13
 1.00E-74 9.50E-38 1.03E-27 3.04E-20 1.41E-16 1.82E-14 8.02E-14 1.26E-13
 1.56E-13 1.90E-13 2.19E-13 2.36E-13 2.33E-13 2.24E-13
 1.00E-74 9.50E-38 1.03E-27 3.04E-20 1.41E-16 1.82E-14 8.02E-14 1.26E-13
 1.56E-13 1.90E-13 2.19E-13 2.36E-13 2.33E-13 2.24E-13
 1.00E-74 9.50E-38 1.03E-27 3.04E-20 1.41E-16 1.82E-14 8.02E-14 1.26E-13
 1.56E-13 1.90E-13 2.19E-13 2.36E-13 2.33E-13 2.24E-13
 1.00E-74 9.50E-38 1.03E-27 3.04E-20 1.41E-16 1.82E-14 8.02E-14 1.26E-13
 1.56E-13 1.90E-13 2.19E-13 2.36E-13 2.33E-13 2.24E-13
 1.00E-74 9.50E-38 1.03E-27 3.04E-20 1.41E-16 1.82E-14 8.02E-14 1.26E-13
 1.56E-13 1.90E-13 2.19E-13 2.36E-13 2.33E-13 2.24E-13
  2.71898    7  14 /pl=01:ss=56:pb= 1:sz=56/type=excit/ispb = t/isel =    3
 1.00E+10 1.00E+11 1.00E+12 1.00E+13 1.00E+14 1.00E+15 1.00E+16
 5.60E+01 8.40E+01 1.40E+02 2.80E+02 5.60E+02 1.40E+03 2.80E+03 4.20E+03
 5.60E+03 8.40E+03 1.40E+04 2.80E+04 5.60E+04 8.40E+04
 1.00E-74 1.28E-35 2.70E-26 2.34E-19 5.98E-16 5.42E-14 2.13E-13 3.24E-13
 3.94E-13 4.73E-13 5.39E-13 5.76E-13 5.66E-13 5.44E-13
 1.00E-74 1.28E-35 2.70E-26 2.34E-19 5.98E-16 5.42E-14 2.13E-13 3.24E-13
 3.94E-13 4.73E-13 5.39E-13 5.76E-13 5.66E-13 5.44E-13
 1.00E-74 1.28E-35 2.70E-26 2.34E-19 5.98E-16 5.42E-14 2.13E-13 3.24E-13
 3.94E-13 4.73E-13 5.39E-13 5.76E-13 5.66E-13 5.44E-13
 1.00E-74 1.28E-35 2.70E-26 2.34E-19 5.98E-16 5.42E-14 2.13E-13 3.24E-13
 3.94E-13 4.73E-13 5.39E-13 5.76E-13 5.66E-13 5.44E-13
 1.00E-74 1.28E-35 2.70E-26 2.34E-19 5.98E-16 5.42E-14 2.13E-13 3.24E-13
 3.94E-13 4.73E-13 5.39E-13 5.76E-13 5.66E-13 5.44E-13
 2.51E-47 1.28E-35 2.70E-26 2.34E-19 5.98E-16 5.42E-14 2.13E-13 3.24E-13
 3.94E-13 4.73E-13 5.39E-13 5.76E-13 5.66E-13 5.44E-13
 2.51E-47 1.28E-35 2.70E-26 2.34E-19 5.98E-16 5.42E-14 2.13E-13 3.24E-13
 3.94E-13 4.73E-13 5.39E-13 5.76E-13 5.66E-13 5.44E-13
  2.74818    7  14 /pl=01:ss=56:pb= 1:sz=56/type=excit/ispb = t/isel =    4
 1.00E+10 1.00E+11 1.00E+12 1.00E+13 1.00E+14 1.00E+15 1.00E+16
 5.60E+01 8.40E+01 1.40E+02 2.80E+02 5.60E+02 1.40E+03 2.80E+03 4.20E+03
 5.60E+03 8.40E+03 1.40E+04 2.80E+04 5.60E+04 8.40E+04
 1.00E-74 1.82E-37 2.16E-27 6.64E-20 3.10E-16 3.83E-14 1.57E-13 2.33E-13
 2.70E-13 2.96E-13 2.92E-13 2.47E-13 1.92E-13 1.61E-13
 1.00E-74 1.82E-37 2.16E-27 6.64E-20 3.10E-16 3.83E-14 1.57E-13 2.33E-13
 2.70E-13 2.96E-13 2.92E-13 2.47E-13 1.92E-13 1.61E-13
 1.00E-74 1.82E-37 2.16E-27 6.64E-20 3.10E-16 3.83E-14 1.57E-13 2.33E-13
 2.70E-13 2.96E-13 2.92E-13 2.47E-13 1.92E-13 1.61E-13
 1.00E-74 1.82E-37 2.16E-27 6.64E-20 3.10E-16 3.83E-14 1.57E-13 2.33E-13
 2.70E-13 2.96E-13 2.92E-13 2.47E-13 1.92E-13 1.61E-13
 1.00E-74 1.82E-37 2.16E-27 6.64E-20 3.10E-16 3.83E-14 1.57E-13 2.33E-13
 2.70E-13 2.96E-13 2.92E-13 2.47E-13 1.92E-13 1.61E-13
 1.00E-74 1.82E-37 2.16E-27 6.64E-20 3.10E-16 3.83E-14 1.57E-13 2.33E-13
 2.70E-13 2.96E-13 2.92E-13 2.47E-13 1.92E-13 1.61E-13
 1.00E-74 1.82E-37 2.16E-27 6.64E-20 3.10E-16 3.83E-14 1.57E-13 2.33E-13
 2.70E-13 2.96E-13 2.92E-13 2.47E-13 1.92E-13 1.61E-13
  2.85109    7  14 /pl=01:ss=56:pb= 1:sz=56/type=excit/ispb = t/isel =    5
 1.00E+10 1.00E+11 1.00E+12 1.00E+13 1.00E+14 1.00E+15 1.00E+16
 5.60E+01 8.40E+01 1.40E+02 2.80E+02 5.60E+02 1.40E+03 2.80E+03 4.20E+03
 5.60E+03 8.40E+03 1.40E+04 2.80E+04 5.60E+04 8.40E+04
 1.00E-74 1.37E-34 1.05E-25 4.28E-19 7.73E-16 5.99E-14 2.29E-13 3.48E-13
 4.24E-13 5.19E-13 6.07E-13 6.77E-13 6.93E-13 6.80E-13
 1.00E-74 1.37E-34 1.05E-25 4.28E-19 7.73E-16 5.99E-14 2.29E-13 3.48E-13
 4.24E-13 5.19E-13 6.07E-13 6.77E-13 6.93E-13 6.80E-13
 1.00E-74 1.37E-34 1.05E-25 4.28E-19 7.73E-16 5.99E-14 2.29E-13 3.48E-13
 4.24E-13 5.19E-13 6.07E-13 6.77E-13 6.93E-13 6.80E-13
 1.47E-45 1.37E-34 1.05E-25 4.28E-19 7.73E-16 5.99E-14 2.29E-13 3.48E-13
 4.24E-13 5.19E-13 6.07E-13 6.77E-13 6.93E-13 6.80E-13
 8.83E-46 1.37E-34 1.05E-25 4.28E-19 7.73E-16 5.99E-14 2.29E-13 3.48E-13
 4.24E-13 5.19E-13 6.07E-13 6.77E-13 6.93E-13 6.80E-13
 9.56E-46 1.37E-34 1.05E-25 4.28E-19 7.73E-16 5.99E-14 2.29E-13 3.48E-13
 4.24E-13 5.19E-13 6.07E-13 6.77E-13 6.93E-13 6.80E-13
 9.53E-46 1.37E-34 1.05E-25 4.28E-19 7.73E-16 5.99E-14 2.29E-13 3.48E-13
 4.24E-13 5.19E-13 6.07E-13 6.77E-13 6.93E-13 6.80E-13
  2.96800    7  14 /pl=01:ss=56:pb= 1:sz=56/type=excit/ispb = t/isel =    6
 1.00E+10 1.00E+11 1.00E+12 1.00E+13 1.00E+14 1.00E+15 1.00E+16
 5.60E+01 8.40E+01 1.40E+02 2.80E+02 5.60E+02 1.40E+03 2.80E+03 4.20E+03
 5.60E+03 8.40E+03 1.40E+04 2.80E+04 5.60E+04 8.40E+04
 1.00E-74 2.29E-35 5.54E-26 5.19E-19 1.34E-15 1.17E-13 4.32E-13 6.13E-13
 7.01E-13 7.58E-13 7.40E-13 6.27E-13 4.91E-13 4.16E-13
 1.00E-74 2.29E-35 5.54E-26 5.19E-19 1.34E-15 1.17E-13 4.32E-13 6.13E-13
 7.01E-13 7.58E-13 7.40E-13 6.27E-13 4.91E-13 4.16E-13
 1.00E-74 2.29E-35 5.54E-26 5.19E-19 1.34E-15 1.17E-13 4.32E-13 6.13E-13
 7.01E-13 7.58E-13 7.40E-13 6.27E-13 4.91E-13 4.16E-13
 1.00E-74 2.29E-35 5.54E-26 5.19E-19 1.34E-15 1.17E-13 4.32E-13 6.13E-13
 7.01E-13 7.58E-13 7.40E-13 6.27E-13 4.91E-13 4.16E-13
 1.00E-74 2.29E-35 5.54E-26 5.19E-19 1.34E-15 1.17E-13 4.32E-13 6.13E-13
 7.01E-13 7.58E-13 7.40E-13 6.27E-13 4.91E-13 4.16E-13
 4.75E-47 2.29E-35 5.54E-26 5.19E-19 1.34E-15 1.17E-13 4.32E-13 6.13E-13
 7.01E-13 7.58E-13 7.40E-13 6.27E-13 4.91E-13 4.16E-13
 3.80E-47 2.29E-35 5.54E-26 5.19E-19 1.34E-15 1.17E-13 4.32E-13 6.13E-13
 7.01E-13 7.58E-13 7.40E-13 6.27E-13 4.91E-13 4.16E-13
  3.02402    7  14 /pl=01:ss=56:pb= 1:sz=56/type=excit/ispb = t/isel =    7
 1.00E+10 1.00E+11 1.00E+12 1.00E+13 1.00E+14 1.00E+15 1.00E+16
 5.60E+01 8.40E+01 1.40E+02 2.80E+02 5.60E+02 1.40E+03 2.80E+03 4.20E+03
 5.60E+03 8.40E+03 1.40E+04 2.80E+04 5.60E+04 8.40E+04
 1.00E-74 1.49E-35 2.50E-26 1.80E-19 4.11E-16 3.38E-14 1.23E-13 1.77E-13
 2.04E-13 2.25E-13 2.26E-13 2.00E-13 1.63E-13 1.42E-13
 1.00E-74 1.49E-35 2.50E-26 1.80E-19 4.11E-16 3.38E-14 1.23E-13 1.77E-13
 2.04E-13 2.25E-13 2.26E-13 2.00E-13 1.63E-13 1.42E-13
 1.00E-74 1.49E-35 2.50E-26 1.80E-19 4.11E-16 3.38E-14 1.23E-13 1.77E-13
 2.04E-13 2.25E-13 2.26E-13 2.00E-13 1.63E-13 1.42E-13
 1.00E-74 1.49E-35 2.50E-26 1.80E-19 4.11E-16 3.38E-14 1.23E-13 1.77E-13
 2.04E-13 2.25E-13 2.26E-13 2.00E-13 1.63E-13 1.42E-13
 3.31E-47 1.49E-35 2.50E-26 1.80E-19 4.11E-16 3.38E-14 1.23E-13 1.77E-13
 2.04E-13 2.25E-13 2.26E-13 2.00E-13 1.63E-13 1.42E-13
 3.97E-47 1.49E-35 2.50E-26 1.80E-19 4.11E-16 3.38E-14 1.23E-13 1.77E-13
 2.04E-13 2.25E-13 2.26E-13 2.00E-13 1.63E-13 1.42E-13
 3.94E-47 1.49E-35 2.50E-26 1.80E-19 4.11E-16 3.38E-14 1.23E-13 1.77E-13
 2.04E-13 2.25E-13 2.26E-13 2.00E-13 1.63E-13 1.42E-13
  3.11520    7  14 /pl=01:ss=56:pb= 1:sz=56/type=excit/ispb = t/isel =    8
 1.00E+10 1.00E+11 1.00E+12 1.00E+13 1.00E+14 1.00E+15 1.00E+16
 5.60E+01 8.40E+01 1.40E+02 2.80E+02 5.60E+02 1.40E+03 2.80E+03 4.20E+03
 5.60E+03 8.40E+03 1.40E+04 2.80E+04 5.60E+04 8.40E+04
 2.20E-42 3.98E-32 5.29E-24 5.70E-18 5.20E-15 2.60E-13 8.57E-13 1.24E-12
 1.47E-12 1.73E-12 1.96E-12 2.09E-12 2.06E-12 1.98E-12
 2.53E-42 3.98E-32 5.29E-24 5.70E-18 5.20E-15 2.60E-13 8.57E-13 1.24E-12
 1.47E-12 1.73E-12 1.96E-12 2.09E-12 2.06E-12 1.98E-12
 2.49E-42 3.98E-32 5.29E-24 5.70E-18 5.20E-15 2.60E-13 8.57E-13 1.24E-12
 1.47E-12 1.73E-12 1.96E-12 2.09E-12 2.06E-12 1.98E-12
 2.50E-42 3.98E-32 5.29E-24 5.70E-18 5.20E-15 2.60E-13 8.57E-13 1.24E-12
 1.47E-12 1.73E-12 1.96E-12 2.09E-12 2.06E-12 1.98E-12
 2.50E-42 3.98E-32 5.29E-24 5.70E-18 5.20E-15 2.60E-13 8.57E-13 1.24E-12
 1.47E-12 1.73E-12 1.96E-12 2.09E-12 2.06E-12 1.98E-12
 2.50E-42 3.98E-32 5.29E-24 5.70E-18 5.20E-15 2.60E-13 8.57E-13 1.24E-12
 1.47E-12 1.73E-12 1.96E-12 2.09E-12 2.06E-12 1.98E-12
 2.50E-42 3.98E-32 5.29E-24 5.70E-18 5.20E-15 2.60E-13 8.57E-13 1.24E-12
 1.47E-12 1.73E-12 1.96E-12 2.09E-12 2.06E-12 1.98E-12
  3.25307    7  14 /pl=01:ss=56:pb= 1:sz=56/type=excit/ispb = t/isel =    9
 1.00E+10 1.00E+11 1.00E+12 1.00E+13 1.00E+14 1.00E+15 1.00E+16
 5.60E+01 8.40E+01 1.40E+02 2.80E+02 5.60E+02 1.40E+03 2.80E+03 4.20E+03
 5.60E+03 8.40E+03 1.40E+04 2.80E+04 5.60E+04 8.40E+04
 4.18E-42 2.39E-32 1.43E-24 8.68E-19 6.27E-16 2.91E-14 9.35E-14 1.32E-13
 1.54E-13 1.76E-13 1.92E-13 1.95E-13 1.85E-13 1.75E-13
 4.06E-42 2.39E-32 1.43E-24 8.68E-19 6.27E-16 2.91E-14 9.35E-14 1.32E-13
 1.54E-13 1.76E-13 1.92E-13 1.95E-13 1.85E-13 1.75E-13
 4.08E-42 2.39E-32 1.43E-24 8.68E-19 6.27E-16 2.91E-14 9.35E-14 1.32E-13
 1.54E-13 1.76E-13 1.92E-13 1.95E-13 1.85E-13 1.75E-13
 4.08E-42 2.39E-32 1.43E-24 8.68E-19 6.27E-16 2.91E-14 9.35E-14 1.32E-13
 1.54E-13 1.76E-13 1.92E-13 1.95E-13 1.85E-13 1.75E-13
 4.08E-42 2.39E-32 1.43E-24 8.68E-19 6.27E-16 2.91E-14 9.35E-14 1.32E-13
 1.54E-13 1.76E-13 1.92E-13 1.95E-13 1.85E-13 1.75E-13
 4.08E-42 2.39E-32 1.43E-24 8.68E-19 6.27E-16 2.91E-14 9.35E-14 1.32E-13
 1.54E-13 1.76E-13 1.92E-13 1.95E-13 1.85E-13 1.75E-13
 4.08E-42 2.39E-32 1.43E-24 8.68E-19 6.27E-16 2.91E-14 9.35E-14 1.32E-13
 1.54E-13 1.76E-13 1.92E-13 1.95E-13 1.85E-13 1.75E-13
  3.42356    7  14 /pl=01:ss=56:pb= 1:sz=56/type=excit/ispb = t/isel =   10
 1.00E+10 1.00E+11 1.00E+12 1.00E+13 1.00E+14 1.00E+15 1.00E+16
 5.60E+01 8.40E+01 1.40E+02 2.80E+02 5.60E+02 1.40E+03 2.80E+03 4.20E+03
 5.60E+03 8.40E+03 1.40E+04 2.80E+04 5.60E+04 8.40E+04
 1.00E-74 5.99E-32 1.03E-23 1.32E-17 1.26E-14 6.11E-13 1.85E-12 2.48E-12
 2.75E-12 2.90E-12 2.78E-12 2.34E-12 1.83E-12 1.55E-12
 2.92E-42 5.99E-32 1.03E-23 1.32E-17 1.26E-14 6.11E-13 1.85E-12 2.48E-12
 2.75E-12 2.90E-12 2.78E-12 2.34E-12 1.83E-12 1.55E-12
 2.73E-42 5.99E-32 1.03E-23 1.32E-17 1.26E-14 6.11E-13 1.85E-12 2.48E-12
 2.75E-12 2.90E-12 2.78E-12 2.34E-12 1.83E-12 1.55E-12
 2.73E-42 5.99E-32 1.03E-23 1.32E-17 1.26E-14 6.11E-13 1.85E-12 2.48E-12
 2.75E-12 2.90E-12 2.78E-12 2.34E-12 1.83E-12 1.55E-12
 2.72E-42 5.99E-32 1.03E-23 1.32E-17 1.26E-14 6.11E-13 1.85E-12 2.48E-12
 2.75E-12 2.90E-12 2.78E-12 2.34E-12 1.83E-12 1.55E-12
 2.72E-42 5.99E-32 1.03E-23 1.32E-17 1.26E-14 6.11E-13 1.85E-12 2.48E-12
 2.75E-12 2.90E-12 2.78E-12 2.34E-12 1.83E-12 1.55E-12
 2.72E-42 5.99E-32 1.03E-23 1.32E-17 1.26E-14 6.11E-13 1.85E-12 2.48E-12
 2.75E-12 2.90E-12 2.78E-12 2.34E-12 1.83E-12 1.55E-12
  3.55923    7  14 /pl=01:ss=56:pb= 1:sz=56/type=excit/ispb = t/isel =   11
 1.00E+10 1.00E+11 1.00E+12 1.00E+13 1.00E+14 1.00E+15 1.00E+16
 5.60E+01 8.40E+01 1.40E+02 2.80E+02 5.60E+02 1.40E+03 2.80E+03 4.20E+03
 5.60E+03 8.40E+03 1.40E+04 2.80E+04 5.60E+04 8.40E+04
 9.69E-42 9.35E-32 8.31E-24 6.59E-18 5.09E-15 2.25E-13 6.80E-13 9.19E-13
 1.04E-12 1.12E-12 1.12E-12 9.99E-13 8.34E-13 7.36E-13
 9.63E-42 9.35E-32 8.31E-24 6.59E-18 5.09E-15 2.25E-13 6.80E-13 9.19E-13
 1.04E-12 1.12E-12 1.12E-12 9.99E-13 8.34E-13 7.36E-13
 9.64E-42 9.35E-32 8.31E-24 6.59E-18 5.09E-15 2.25E-13 6.80E-13 9.19E-13
 1.04E-12 1.12E-12 1.12E-12 9.99E-13 8.34E-13 7.36E-13
 9.64E-42 9.35E-32 8.31E-24 6.59E-18 5.09E-15 2.25E-13 6.80E-13 9.19E-13
 1.04E-12 1.12E-12 1.12E-12 9.99E-13 8.34E-13 7.36E-13
 9.64E-42 9.35E-32 8.31E-24 6.59E-18 5.09E-15 2.25E-13 6.80E-13 9.19E-13
 1.04E-12 1.12E-12 1.12E-12 9.99E-13 8.34E-13 7.36E-13
 9.64E-42 9.35E-32 8.31E-24 6.59E-18 5.09E-15 2.25E-13 6.80E-13 9.19E-13
 1.04E-12 1.12E-12 1.12E-12 9.99E-13 8.34E-13 7.36E-13
 9.64E-42 9.35E-32 8.31E-24 6.59E-18 5.09E-15 2.25E-13 6.80E-13 9.19E-13
 1.04E-12 1.12E-12 1.12E-12 9.99E-13 8.34E-13 7.36E-13
  3.70528    7  14 /pl=01:ss=56:pb= 1:sz=56/type=excit/ispb = t/isel =   12
 1.00E+10 1.00E+11 1.00E+12 1.00E+13 1.00E+14 1.00E+15 1.00E+16
 5.60E+01 8.40E+01 1.40E+02 2.80E+02 5.60E+02 1.40E+03 2.80E+03 4.20E+03
 5.60E+03 8.40E+03 1.40E+04 2.80E+04 5.60E+04 8.40E+04
 2.62E-37 9.58E-29 6.20E-22 6.83E-17 1.93E-14 4.65E-13 1.16E-12 1.49E-12
 1.64E-12 1.73E-12 1.71E-12 1.52E-12 1.26E-12 1.10E-12
 2.62E-37 9.58E-29 6.20E-22 6.83E-17 1.93E-14 4.65E-13 1.16E-12 1.49E-12
 1.64E-12 1.73E-12 1.71E-12 1.52E-12 1.26E-12 1.10E-12
 2.62E-37 9.58E-29 6.20E-22 6.83E-17 1.93E-14 4.65E-13 1.16E-12 1.49E-12
 1.64E-12 1.73E-12 1.71E-12 1.52E-12 1.26E-12 1.10E-12
 2.62E-37 9.58E-29 6.20E-22 6.83E-17 1.93E-14 4.65E-13 1.16E-12 1.49E-12
 1.64E-12 1.73E-12 1.71E-12 1.52E-12 1.26E-12 1.10E-12
 2.62E-37 9.58E-29 6.20E-22 6.83E-17 1.93E-14 4.65E-13 1.16E-12 1.49E-12
 1.64E-12 1.73E-12 1.71E-12 1.52E-12 1.26E-12 1.10E-12
 2.62E-37 9.58E-29 6.20E-22 6.83E-17 1.93E-14 4.65E-13 1.16E-12 1.49E-12
 1.64E-12 1.73E-12 1.71E-12 1.52E-12 1.26E-12 1.10E-12
 2.62E-37 9.58E-29 6.20E-22 6.83E-17 1.93E-14 4.65E-13 1.16E-12 1.49E-12
 1.64E-12 1.73E-12 1.71E-12 1.52E-12 1.26E-12 1.10E-12
  3.90611    7  14 /pl=01:ss=56:pb= 1:sz=56/type=excit/ispb = t/isel =   13
 1.00E+10 1.00E+11 1.00E+12 1.00E+13 1.00E+14 1.00E+15 1.00E+16
 5.60E+01 8.40E+01 1.40E+02 2.80E+02 5.60E+02 1.40E+03 2.80E+03 4.20E+03
 5.60E+03 8.40E+03 1.40E+04 2.80E+04 5.60E+04 8.40E+04
 6.51E-36 9.49E-28 3.24E-21 2.43E-16 6.08E-14 1.50E-12 4.03E-12 5.41E-12
 6.19E-12 6.97E-12 7.50E-12 7.58E-12 7.18E-12 6.77E-12
 6.51E-36 9.49E-28 3.24E-21 2.43E-16 6.08E-14 1.50E-12 4.03E-12 5.41E-12
 6.19E-12 6.97E-12 7.50E-12 7.58E-12 7.18E-12 6.77E-12
 6.51E-36 9.49E-28 3.24E-21 2.43E-16 6.08E-14 1.50E-12 4.03E-12 5.41E-12
 6.19E-12 6.97E-12 7.50E-12 7.58E-12 7.18E-12 6.77E-12
 6.51E-36 9.49E-28 3.24E-21 2.43E-16 6.08E-14 1.50E-12 4.03E-12 5.41E-12
 6.19E-12 6.97E-12 7.50E-12 7.58E-12 7.18E-12 6.77E-12
 6.51E-36 9.49E-28 3.24E-21 2.43E-16 6.08E-14 1.50E-12 4.03E-12 5.41E-12
 6.19E-12 6.97E-12 7.50E-12 7.58E-12 7.18E-12 6.77E-12
 6.51E-36 9.49E-28 3.24E-21 2.43E-16 6.08E-14 1.50E-12 4.03E-12 5.41E-12
 6.19E-12 6.97E-12 7.50E-12 7.58E-12 7.18E-12 6.77E-12
 6.51E-36 9.49E-28 3.24E-21 2.43E-16 6.08E-14 1.50E-12 4.03E-12 5.41E-12
 6.19E-12 6.97E-12 7.50E-12 7.58E-12 7.18E-12 6.77E-12
  4.28481    7  14 /pl=01:ss=56:pb= 1:sz=56/type=excit/ispb = t/isel =   14
 1.00E+10 1.00E+11 1.00E+12 1.00E+13 1.00E+14 1.00E+15 1.00E+16
 5.60E+01 8.40E+01 1.40E+02 2.80E+02 5.60E+02 1.40E+03 2.80E+03 4.20E+03
 5.60E+03 8.40E+03 1.40E+04 2.80E+04 5.60E+04 8.40E+04
 6.17E-33 1.52E-25 1.15E-19 2.53E-15 3.33E-13 5.57E-12 1.35E-11 1.80E-11
 2.08E-11 2.40E-11 2.69E-11 2.86E-11 2.83E-11 2.74E-11
 6.17E-33 1.52E-25 1.15E-19 2.53E-15 3.33E-13 5.57E-12 1.35E-11 1.80E-11
 2.08E-11 2.40E-11 2.69E-11 2.86E-11 2.83E-11 2.74E-11
 6.17E-33 1.52E-25 1.15E-19 2.53E-15 3.33E-13 5.57E-12 1.35E-11 1.80E-11
 2.08E-11 2.40E-11 2.69E-11 2.86E-11 2.83E-11 2.74E-11
 6.17E-33 1.52E-25 1.15E-19 2.53E-15 3.33E-13 5.57E-12 1.35E-11 1.80E-11
 2.08E-11 2.40E-11 2.69E-11 2.86E-11 2.83E-11 2.74E-11
 6.17E-33 1.52E-25 1.15E-19 2.53E-15 3.33E-13 5.57E-12 1.35E-11 1.80E-11
 2.08E-11 2.40E-11 2.69E-11 2.86E-11 2.83E-11 2.74E-11
 6.17E-33 1.52E-25 1.15E-19 2.53E-15 3.33E-13 5.57E-12 1.35E-11 1.80E-11
 2.08E-11 2.40E-11 2.69E-11 2.86E-11 2.83E-11 2.74E-11
 6.17E-33 1.52E-25 1.15E-19 2.53E-15 3.33E-13 5.57E-12 1.35E-11 1.80E-11
 2.08E-11 2.40E-11 2.69E-11 2.86E-11 2.83E-11 2.74E-11
  4.77568    7  14 /pl=01:ss=56:pb= 1:sz=56/type=excit/ispb = t/isel =   15
 1.00E+10 1.00E+11 1.00E+12 1.00E+13 1.00E+14 1.00E+15 1.00E+16
 5.60E+01 8.40E+01 1.40E+02 2.80E+02 5.60E+02 1.40E+03 2.80E+03 4.20E+03
 5.60E+03 8.40E+03 1.40E+04 2.80E+04 5.60E+04 8.40E+04
 2.03E-33 9.98E-26 1.30E-19 4.28E-15 6.56E-13 1.07E-11 2.29E-11 2.74E-11
 2.90E-11 2.93E-11 2.73E-11 2.26E-11 1.76E-11 1.50E-11
 2.03E-33 9.98E-26 1.30E-19 4.28E-15 6.56E-13 1.07E-11 2.29E-11 2.74E-11
 2.90E-11 2.93E-11 2.73E-11 2.26E-11 1.76E-11 1.50E-11
 2.03E-33 9.98E-26 1.30E-19 4.28E-15 6.56E-13 1.07E-11 2.29E-11 2.74E-11
 2.90E-11 2.93E-11 2.73E-11 2.26E-11 1.76E-11 1.50E-11
 2.03E-33 9.98E-26 1.30E-19 4.28E-15 6.56E-13 1.07E-11 2.29E-11 2.74E-11
 2.90E-11 2.93E-11 2.73E-11 2.26E-11 1.76E-11 1.50E-11
 2.03E-33 9.98E-26 1.30E-19 4.28E-15 6.56E-13 1.07E-11 2.29E-11 2.74E-11
 2.90E-11 2.93E-11 2.73E-11 2.26E-11 1.76E-11 1.50E-11
 2.03E-33 9.98E-26 1.30E-19 4.28E-15 6.56E-13 1.07E-11 2.29E-11 2.74E-11
 2.90E-11 2.93E-11 2.73E-11 2.26E-11 1.76E-11 1.50E-11
 2.03E-33 9.98E-26 1.30E-19 4.28E-15 6.56E-13 1.07E-11 2.29E-11 2.74E-11
 2.90E-11 2.93E-11 2.73E-11 2.26E-11 1.76E-11 1.50E-11
  4.86254    7  14 /pl=01:ss=56:pb= 1:sz=56/type=excit/ispb = t/isel =   16
 1.00E+10 1.00E+11 1.00E+12 1.00E+13 1.00E+14 1.00E+15 1.00E+16
 5.60E+01 8.40E+01 1.40E+02 2.80E+02 5.60E+02 1.40E+03 2.80E+03 4.20E+03
 5.60E+03 8.40E+03 1.40E+04 2.80E+04 5.60E+04 8.40E+04
 5.58E-31 1.80E-24 2.70E-19 1.82E-15 1.36E-13 1.80E-12 4.16E-12 5.40E-12
 6.09E-12 6.80E-12 7.30E-12 7.37E-12 6.99E-12 6.62E-12
 5.58E-31 1.80E-24 2.70E-19 1.82E-15 1.36E-13 1.80E-12 4.16E-12 5.40E-12
 6.09E-12 6.80E-12 7.30E-12 7.37E-12 6.99E-12 6.62E-12
 5.58E-31 1.80E-24 2.70E-19 1.82E-15 1.36E-13 1.80E-12 4.16E-12 5.40E-12
 6.09E-12 6.80E-12 7.30E-12 7.37E-12 6.99E-12 6.62E-12
 5.58E-31 1.80E-24 2.70E-19 1.82E-15 1.36E-13 1.80E-12 4.16E-12 5.40E-12
 6.09E-12 6.80E-12 7.30E-12 7.37E-12 6.99E-12 6.62E-12
 5.58E-31 1.80E-24 2.70E-19 1.82E-15 1.36E-13 1.80E-12 4.16E-12 5.40E-12
 6.09E-12 6.80E-12 7.30E-12 7.37E-12 6.99E-12 6.62E-12
 5.58E-31 1.80E-24 2.70E-19 1.82E-15 1.36E-13 1.80E-12 4.16E-12 5.40E-12
 6.09E-12 6.80E-12 7.30E-12 7.37E-12 6.99E-12 6.62E-12
 5.58E-31 1.80E-24 2.70E-19 1.82E-15 1.36E-13 1.80E-12 4.16E-12 5.40E-12
 6.09E-12 6.80E-12 7.30E-12 7.37E-12 6.99E-12 6.62E-12
  4.99806    7  14 /pl=01:ss=56:pb= 1:sz=56/type=excit/ispb = t/isel =   17
 1.00E+10 1.00E+11 1.00E+12 1.00E+13 1.00E+14 1.00E+15 1.00E+16
 5.60E+01 8.40E+01 1.40E+02 2.80E+02 5.60E+02 1.40E+03 2.80E+03 4.20E+03
 5.60E+03 8.40E+03 1.40E+04 2.80E+04 5.60E+04 8.40E+04
 2.42E-35 5.97E-28 4.50E-22 9.90E-18 1.31E-15 2.18E-14 5.30E-14 7.05E-14
 8.14E-14 9.39E-14 1.05E-13 1.12E-13 1.11E-13 1.07E-13
 2.42E-35 5.97E-28 4.50E-22 9.90E-18 1.31E-15 2.18E-14 5.30E-14 7.05E-14
 8.14E-14 9.39E-14 1.05E-13 1.12E-13 1.11E-13 1.07E-13
 2.42E-35 5.97E-28 4.50E-22 9.90E-18 1.31E-15 2.18E-14 5.30E-14 7.05E-14
 8.14E-14 9.39E-14 1.05E-13 1.12E-13 1.11E-13 1.07E-13
 2.42E-35 5.97E-28 4.50E-22 9.90E-18 1.31E-15 2.18E-14 5.30E-14 7.05E-14
 8.14E-14 9.39E-14 1.05E-13 1.12E-13 1.11E-13 1.07E-13
 2.42E-35 5.97E-28 4.50E-22 9.90E-18 1.31E-15 2.18E-14 5.30E-14 7.05E-14
 8.14E-14 9.39E-14 1.05E-13 1.12E-13 1.11E-13 1.07E-13
 2.42E-35 5.97E-28 4.50E-22 9.90E-18 1.31E-15 2.18E-14 5.30E-14 7.05E-14
 8.14E-14 9.39E-14 1.05E-13 1.12E-13 1.11E-13 1.07E-13
 2.42E-35 5.97E-28 4.50E-22 9.90E-18 1.31E-15 2.18E-14 5.30E-14 7.05E-14
 8.13E-14 9.39E-14 1.05E-13 1.12E-13 1.11E-13 1.07E-13
  5.32837    7  14 /pl=01:ss=56:pb= 1:sz=56/type=excit/ispb = t/isel =   18
 1.00E+10 1.00E+11 1.00E+12 1.00E+13 1.00E+14 1.00E+15 1.00E+16
 5.60E+01 8.40E+01 1.40E+02 2.80E+02 5.60E+02 1.40E+03 2.80E+03 4.20E+03
 5.60E+03 8.40E+03 1.40E+04 2.80E+04 5.60E+04 8.40E+04
 1.00E-74 1.61E-37 1.53E-27 3.99E-20 1.73E-16 2.09E-14 8.65E-14 1.29E-13
 1.52E-13 1.70E-13 1.74E-13 1.55E-13 1.28E-13 1.11E-13
 1.00E-74 1.61E-37 1.53E-27 3.99E-20 1.73E-16 2.09E-14 8.65E-14 1.29E-13
 1.52E-13 1.70E-13 1.74E-13 1.55E-13 1.28E-13 1.11E-13
 1.00E-74 1.61E-37 1.53E-27 3.99E-20 1.73E-16 2.09E-14 8.65E-14 1.29E-13
 1.52E-13 1.70E-13 1.74E-13 1.55E-13 1.28E-13 1.11E-13
 1.00E-74 1.61E-37 1.53E-27 3.99E-20 1.73E-16 2.09E-14 8.65E-14 1.29E-13
 1.52E-13 1.70E-13 1.74E-13 1.55E-13 1.28E-13 1.11E-13
 1.00E-74 1.61E-37 1.53E-27 3.99E-20 1.73E-16 2.09E-14 8.65E-14 1.29E-13
 1.52E-13 1.70E-13 1.74E-13 1.55E-13 1.28E-13 1.11E-13
 1.00E-74 1.61E-37 1.53E-27 3.99E-20 1.73E-16 2.09E-14 8.65E-14 1.29E-13
 1.52E-13 1.70E-13 1.74E-13 1.55E-13 1.28E-13 1.11E-13
 1.00E-74 1.61E-37 1.53E-27 3.99E-20 1.73E-16 2.09E-14 8.65E-14 1.29E-13
 1.52E-13 1.70E-13 1.74E-13 1.55E-13 1.28E-13 1.11E-13
  5.36948    7  14 /pl=01:ss=56:pb= 1:sz=56/type=excit/ispb = t/isel =   19
 1.00E+10 1.00E+11 1.00E+12 1.00E+13 1.00E+14 1.00E+15 1.00E+16
 5.60E+01 8.40E+01 1.40E+02 2.80E+02 5.60E+02 1.40E+03 2.80E+03 4.20E+03
 5.60E+03 8.40E+03 1.40E+04 2.80E+04 5.60E+04 8.40E+04
 2.03E-31 1.81E-24 6.01E-19 7.16E-15 6.72E-13 8.65E-12 1.80E-11 2.17E-11
 2.33E-11 2.41E-11 2.34E-11 2.08E-11 1.75E-11 1.56E-11
 2.03E-31 1.81E-24 6.01E-19 7.16E-15 6.72E-13 8.65E-12 1.80E-11 2.17E-11
 2.33E-11 2.41E-11 2.34E-11 2.08E-11 1.75E-11 1.56E-11
 2.03E-31 1.81E-24 6.01E-19 7.16E-15 6.72E-13 8.65E-12 1.80E-11 2.17E-11
 2.33E-11 2.41E-11 2.34E-11 2.08E-11 1.75E-11 1.56E-11
 2.03E-31 1.81E-24 6.01E-19 7.16E-15 6.72E-13 8.65E-12 1.80E-11 2.17E-11
 2.33E-11 2.41E-11 2.34E-11 2.08E-11 1.75E-11 1.56E-11
 2.03E-31 1.81E-24 6.01E-19 7.16E-15 6.72E-13 8.65E-12 1.80E-11 2.17E-11
 2.33E-11 2.41E-11 2.34E-11 2.08E-11 1.75E-11 1.56E-11
 2.03E-31 1.81E-24 6.01E-19 7.16E-15 6.72E-13 8.65E-12 1.80E-11 2.17E-11
 2.33E-11 2.41E-11 2.34E-11 2.08E-11 1.75E-11 1.56E-11
 2.03E-31 1.81E-24 6.01E-19 7.16E-15 6.72E-13 8.65E-12 1.80E-11 2.17E-11
 2.33E-11 2.41E-11 2.34E-11 2.08E-11 1.75E-11 1.56E-11
  5.67696    7  14 /pl=01:ss=56:pb= 1:sz=56/type=excit/ispb = t/isel =   20
 1.00E+10 1.00E+11 1.00E+12 1.00E+13 1.00E+14 1.00E+15 1.00E+16
 5.60E+01 8.40E+01 1.40E+02 2.80E+02 5.60E+02 1.40E+03 2.80E+03 4.20E+03
 5.60E+03 8.40E+03 1.40E+04 2.80E+04 5.60E+04 8.40E+04
 1.00E-74 3.16E-40 2.96E-29 4.30E-21 4.36E-17 8.68E-15 4.24E-14 6.66E-14
 8.04E-14 9.26E-14 9.57E-14 8.56E-14 6.91E-14 5.94E-14
 1.00E-74 3.16E-40 2.96E-29 4.30E-21 4.36E-17 8.68E-15 4.24E-14 6.66E-14
 8.04E-14 9.26E-14 9.57E-14 8.56E-14 6.91E-14 5.94E-14
 1.00E-74 3.16E-40 2.96E-29 4.30E-21 4.36E-17 8.68E-15 4.24E-14 6.66E-14
 8.04E-14 9.26E-14 9.57E-14 8.56E-14 6.91E-14 5.94E-14
 1.00E-74 3.16E-40 2.96E-29 4.30E-21 4.36E-17 8.68E-15 4.24E-14 6.66E-14
 8.04E-14 9.26E-14 9.57E-14 8.56E-14 6.91E-14 5.94E-14
 1.00E-74 3.16E-40 2.96E-29 4.30E-21 4.36E-17 8.68E-15 4.24E-14 6.66E-14
 8.04E-14 9.26E-14 9.57E-14 8.56E-14 6.91E-14 5.94E-14
 1.00E-74 3.16E-40 2.96E-29 4.30E-21 4.36E-17 8.68E-15 4.24E-14 6.66E-14
 8.04E-14 9.26E-14 9.57E-14 8.56E-14 6.91E-14 5.94E-14
 1.00E-74 3.16E-40 2.96E-29 4.30E-21 4.36E-17 8.68E-15 4.24E-14 6.66E-14
 8.04E-14 9.26E-14 9.57E-14 8.56E-14 6.91E-14 5.94E-14
  5.67752    7  14 /pl=01:ss=56:pb= 1:sz=56/type=excit/ispb = t/isel =   21
 1.00E+10 1.00E+11 1.00E+12 1.00E+13 1.00E+14 1.00E+15 1.00E+16
 5.60E+01 8.40E+01 1.40E+02 2.80E+02 5.60E+02 1.40E+03 2.80E+03 4.20E+03
 5.60E+03 8.40E+03 1.40E+04 2.80E+04 5.60E+04 8.40E+04
 1.00E-74 2.07E-37 2.25E-27 6.62E-20 3.07E-16 3.97E-14 1.75E-13 2.75E-13
 3.39E-13 4.14E-13 4.78E-13 5.14E-13 5.07E-13 4.88E-13
 1.00E-74 2.07E-37 2.25E-27 6.62E-20 3.07E-16 3.97E-14 1.75E-13 2.75E-13
 3.39E-13 4.14E-13 4.78E-13 5.14E-13 5.07E-13 4.88E-13
 1.00E-74 2.07E-37 2.25E-27 6.62E-20 3.07E-16 3.97E-14 1.75E-13 2.75E-13
 3.39E-13 4.14E-13 4.78E-13 5.14E-13 5.07E-13 4.88E-13
 1.00E-74 2.07E-37 2.25E-27 6.62E-20 3.07E-16 3.97E-14 1.75E-13 2.75E-13
 3.39E-13 4.14E-13 4.78E-13 5.14E-13 5.07E-13 4.88E-13
 1.00E-74 2.07E-37 2.25E-27 6.62E-20 3.07E-16 3.97E-14 1.75E-13 2.75E-13
 3.39E-13 4.14E-13 4.78E-13 5.14E-13 5.07E-13 4.88E-13
 1.00E-74 2.07E-37 2.25E-27 6.62E-20 3.07E-16 3.97E-14 1.75E-13 2.75E-13
 3.39E-13 4.14E-13 4.78E-13 5.14E-13 5.07E-13 4.88E-13
 1.00E-74 2.07E-37 2.25E-27 6.62E-20 3.07E-16 3.97E-14 1.75E-13 2.75E-13
 3.39E-13 4.14E-13 4.78E-13 5.14E-13 5.07E-13 4.88E-13
  6.10502    7  14 /pl=01:ss=56:pb= 1:sz=56/type=excit/ispb = t/isel =   22
 1.00E+10 1.00E+11 1.00E+12 1.00E+13 1.00E+14 1.00E+15 1.00E+16
 5.60E+01 8.40E+01 1.40E+02 2.80E+02 5.60E+02 1.40E+03 2.80E+03 4.20E+03
 5.60E+03 8.40E+03 1.40E+04 2.80E+04 5.60E+04 8.40E+04
 1.00E-74 8.77E-38 1.04E-27 3.20E-20 1.49E-16 1.85E-14 7.59E-14 1.12E-13
 1.30E-13 1.43E-13 1.41E-13 1.19E-13 9.26E-14 7.79E-14
 1.00E-74 8.77E-38 1.04E-27 3.20E-20 1.49E-16 1.85E-14 7.59E-14 1.12E-13
 1.30E-13 1.43E-13 1.41E-13 1.19E-13 9.26E-14 7.79E-14
 1.00E-74 8.77E-38 1.04E-27 3.20E-20 1.49E-16 1.85E-14 7.59E-14 1.12E-13
 1.30E-13 1.43E-13 1.41E-13 1.19E-13 9.26E-14 7.79E-14
 1.00E-74 8.77E-38 1.04E-27 3.20E-20 1.49E-16 1.85E-14 7.59E-14 1.12E-13
 1.30E-13 1.43E-13 1.41E-13 1.19E-13 9.26E-14 7.79E-14
 1.00E-74 8.77E-38 1.04E-27 3.20E-20 1.49E-16 1.85E-14 7.59E-14 1.12E-13
 1.30E-13 1.43E-13 1.41E-13 1.19E-13 9.26E-14 7.79E-14
 1.00E-74 8.77E-38 1.04E-27 3.20E-20 1.49E-16 1.85E-14 7.59E-14 1.12E-13
 1.30E-13 1.43E-13 1.41E-13 1.19E-13 9.26E-14 7.79E-14
 1.00E-74 8.77E-38 1.04E-27 3.20E-20 1.49E-16 1.85E-14 7.59E-14 1.12E-13
 1.30E-13 1.43E-13 1.41E-13 1.19E-13 9.27E-14 7.79E-14
  6.31569    7  14 /pl=01:ss=56:pb= 1:sz=56/type=excit/ispb = t/isel =   23
 1.00E+10 1.00E+11 1.00E+12 1.00E+13 1.00E+14 1.00E+15 1.00E+16
 5.60E+01 8.40E+01 1.40E+02 2.80E+02 5.60E+02 1.40E+03 2.80E+03 4.20E+03
 5.60E+03 8.40E+03 1.40E+04 2.80E+04 5.60E+04 8.40E+04
 1.00E-74 2.76E-35 4.63E-26 3.33E-19 7.61E-16 6.25E-14 2.28E-13 3.27E-13
 3.78E-13 4.16E-13 4.18E-13 3.71E-13 3.03E-13 2.64E-13
 1.00E-74 2.76E-35 4.63E-26 3.33E-19 7.61E-16 6.25E-14 2.28E-13 3.27E-13
 3.78E-13 4.16E-13 4.18E-13 3.71E-13 3.03E-13 2.64E-13
 1.00E-74 2.76E-35 4.63E-26 3.33E-19 7.61E-16 6.25E-14 2.28E-13 3.27E-13
 3.78E-13 4.16E-13 4.18E-13 3.71E-13 3.03E-13 2.64E-13
 1.00E-74 2.76E-35 4.63E-26 3.33E-19 7.61E-16 6.25E-14 2.28E-13 3.27E-13
 3.78E-13 4.16E-13 4.18E-13 3.71E-13 3.03E-13 2.64E-13
 6.12E-47 2.76E-35 4.63E-26 3.33E-19 7.61E-16 6.25E-14 2.28E-13 3.27E-13
 3.78E-13 4.16E-13 4.18E-13 3.71E-13 3.03E-13 2.64E-13
 7.35E-47 2.76E-35 4.63E-26 3.33E-19 7.61E-16 6.25E-14 2.28E-13 3.27E-13
 3.78E-13 4.16E-13 4.18E-13 3.71E-13 3.03E-13 2.64E-13
 7.29E-47 2.76E-35 4.63E-26 3.32E-19 7.61E-16 6.25E-14 2.28E-13 3.27E-13
 3.78E-13 4.16E-13 4.18E-13 3.71E-13 3.03E-13 2.64E-13
  6.74480    7  14 /pl=01:ss=56:pb= 1:sz=56/type=excit/ispb = t/isel =   24
 1.00E+10 1.00E+11 1.00E+12 1.00E+13 1.00E+14 1.00E+15 1.00E+16
 5.60E+01 8.40E+01 1.40E+02 2.80E+02 5.60E+02 1.40E+03 2.80E+03 4.20E+03
 5.60E+03 8.40E+03 1.40E+04 2.80E+04 5.60E+04 8.40E+04
 1.00E-74 4.55E-38 8.22E-28 3.49E-20 1.92E-16 2.66E-14 1.16E-13 1.75E-13
 2.08E-13 2.36E-13 2.42E-13 2.18E-13 1.78E-13 1.55E-13
 1.00E-74 4.55E-38 8.22E-28 3.49E-20 1.92E-16 2.66E-14 1.16E-13 1.75E-13
 2.08E-13 2.36E-13 2.42E-13 2.18E-13 1.78E-13 1.55E-13
 1.00E-74 4.55E-38 8.22E-28 3.49E-20 1.92E-16 2.66E-14 1.16E-13 1.75E-13
 2.08E-13 2.36E-13 2.42E-13 2.18E-13 1.78E-13 1.55E-13
 1.00E-74 4.55E-38 8.22E-28 3.49E-20 1.92E-16 2.66E-14 1.16E-13 1.75E-13
 2.08E-13 2.36E-13 2.42E-13 2.18E-13 1.78E-13 1.55E-13
 1.00E-74 4.55E-38 8.22E-28 3.49E-20 1.92E-16 2.66E-14 1.16E-13 1.75E-13
 2.08E-13 2.36E-13 2.42E-13 2.18E-13 1.78E-13 1.55E-13
 1.00E-74 4.55E-38 8.22E-28 3.49E-20 1.92E-16 2.66E-14 1.16E-13 1.75E-13
 2.08E-13 2.36E-13 2.42E-13 2.18E-13 1.78E-13 1.55E-13
 1.00E-74 4.55E-38 8.22E-28 3.49E-20 1.92E-16 2.66E-14 1.16E-13 1.75E-13
 2.08E-13 2.36E-13 2.42E-13 2.18E-13 1.78E-13 1.55E-13
  6.74572    7  14 /pl=01:ss=56:pb= 1:sz=56/type=excit/ispb = t/isel =   25
 1.00E+10 1.00E+11 1.00E+12 1.00E+13 1.00E+14 1.00E+15 1.00E+16
 5.60E+01 8.40E+01 1.40E+02 2.80E+02 5.60E+02 1.40E+03 2.80E+03 4.20E+03
 5.60E+03 8.40E+03 1.40E+04 2.80E+04 5.60E+04 8.40E+04
 1.00E-74 2.67E-35 5.63E-26 4.89E-19 1.25E-15 1.13E-13 4.45E-13 6.75E-13
 8.21E-13 9.86E-13 1.12E-12 1.20E-12 1.18E-12 1.13E-12
 1.00E-74 2.67E-35 5.63E-26 4.89E-19 1.25E-15 1.13E-13 4.45E-13 6.75E-13
 8.21E-13 9.86E-13 1.12E-12 1.20E-12 1.18E-12 1.13E-12
 1.00E-74 2.67E-35 5.63E-26 4.89E-19 1.25E-15 1.13E-13 4.45E-13 6.75E-13
 8.21E-13 9.86E-13 1.12E-12 1.20E-12 1.18E-12 1.13E-12
 1.00E-74 2.67E-35 5.63E-26 4.89E-19 1.25E-15 1.13E-13 4.45E-13 6.75E-13
 8.21E-13 9.86E-13 1.12E-12 1.20E-12 1.18E-12 1.13E-12
 1.00E-74 2.67E-35 5.63E-26 4.89E-19 1.25E-15 1.13E-13 4.45E-13 6.75E-13
 8.21E-13 9.86E-13 1.12E-12 1.20E-12 1.18E-12 1.13E-12
 5.24E-47 2.67E-35 5.63E-26 4.89E-19 1.25E-15 1.13E-13 4.45E-13 6.75E-13
 8.21E-13 9.86E-13 1.12E-12 1.20E-12 1.18E-12 1.13E-12
 5.24E-47 2.67E-35 5.63E-26 4.89E-19 1.25E-15 1.13E-13 4.45E-13 6.75E-13
 8.21E-13 9.86E-13 1.12E-12 1.20E-12 1.18E-12 1.13E-12
  7.11394    7  14 /pl=01:ss=56:pb= 1:sz=56/type=excit/ispb = t/isel =   26
 1.00E+10 1.00E+11 1.00E+12 1.00E+13 1.00E+14 1.00E+15 1.00E+16
 5.60E+01 8.40E+01 1.40E+02 2.80E+02 5.60E+02 1.40E+03 2.80E+03 4.20E+03
 5.60E+03 8.40E+03 1.40E+04 2.80E+04 5.60E+04 8.40E+04
 1.00E-74 9.60E-36 1.30E-26 8.17E-20 1.81E-16 1.50E-14 5.71E-14 8.47E-14
 1.01E-13 1.19E-13 1.32E-13 1.37E-13 1.33E-13 1.27E-13
 1.00E-74 9.60E-36 1.30E-26 8.17E-20 1.81E-16 1.50E-14 5.71E-14 8.47E-14
 1.01E-13 1.19E-13 1.32E-13 1.37E-13 1.33E-13 1.27E-13
 1.00E-74 9.60E-36 1.30E-26 8.17E-20 1.81E-16 1.50E-14 5.71E-14 8.47E-14
 1.01E-13 1.19E-13 1.32E-13 1.37E-13 1.33E-13 1.27E-13
 1.00E-74 9.60E-36 1.30E-26 8.17E-20 1.81E-16 1.50E-14 5.71E-14 8.47E-14
 1.01E-13 1.19E-13 1.32E-13 1.37E-13 1.33E-13 1.27E-13
 1.00E-74 9.60E-36 1.30E-26 8.17E-20 1.81E-16 1.50E-14 5.71E-14 8.47E-14
 1.01E-13 1.19E-13 1.32E-13 1.37E-13 1.33E-13 1.27E-13
 3.54E-47 9.60E-36 1.30E-26 8.17E-20 1.81E-16 1.50E-14 5.71E-14 8.47E-14
 1.01E-13 1.19E-13 1.32E-13 1.37E-13 1.33E-13 1.27E-13
 3.30E-47 9.60E-36 1.30E-26 8.17E-20 1.81E-16 1.50E-14 5.71E-14 8.47E-14
 1.01E-13 1.19E-13 1.32E-13 1.37E-13 1.33E-13 1.27E-13
  7.30730    7  14 /pl=01:ss=56:pb= 1:sz=56/type=excit/ispb = t/isel =   27
 1.00E+10 1.00E+11 1.00E+12 1.00E+13 1.00E+14 1.00E+15 1.00E+16
 5.60E+01 8.40E+01 1.40E+02 2.80E+02 5.60E+02 1.40E+03 2.80E+03 4.20E+03
 5.60E+03 8.40E+03 1.40E+04 2.80E+04 5.60E+04 8.40E+04
 1.00E-74 1.07E-35 2.58E-26 2.42E-19 6.25E-16 5.46E-14 2.01E-13 2.85E-13
 3.27E-13 3.53E-13 3.45E-13 2.92E-13 2.29E-13 1.94E-13
 1.00E-74 1.07E-35 2.58E-26 2.42E-19 6.25E-16 5.46E-14 2.01E-13 2.85E-13
 3.27E-13 3.53E-13 3.45E-13 2.92E-13 2.29E-13 1.94E-13
 1.00E-74 1.07E-35 2.58E-26 2.42E-19 6.25E-16 5.46E-14 2.01E-13 2.85E-13
 3.27E-13 3.53E-13 3.45E-13 2.92E-13 2.29E-13 1.94E-13
 1.00E-74 1.07E-35 2.58E-26 2.42E-19 6.25E-16 5.46E-14 2.01E-13 2.85E-13
 3.27E-13 3.53E-13 3.45E-13 2.92E-13 2.29E-13 1.94E-13
 1.00E-74 1.07E-35 2.58E-26 2.42E-19 6.25E-16 5.46E-14 2.01E-13 2.85E-13
 3.27E-13 3.53E-13 3.45E-13 2.92E-13 2.29E-13 1.94E-13
 2.21E-47 1.07E-35 2.58E-26 2.42E-19 6.25E-16 5.46E-14 2.01E-13 2.85E-13
 3.27E-13 3.53E-13 3.45E-13 2.92E-13 2.29E-13 1.94E-13
 1.77E-47 1.07E-35 2.58E-26 2.42E-19 6.25E-16 5.46E-14 2.01E-13 2.85E-13
 3.27E-13 3.53E-13 3.45E-13 2.92E-13 2.29E-13 1.94E-13
  7.65654    7  14 /pl=01:ss=56:pb= 1:sz=56/type=excit/ispb = t/isel =   28
 1.00E+10 1.00E+11 1.00E+12 1.00E+13 1.00E+14 1.00E+15 1.00E+16
 5.60E+01 8.40E+01 1.40E+02 2.80E+02 5.60E+02 1.40E+03 2.80E+03 4.20E+03
 5.60E+03 8.40E+03 1.40E+04 2.80E+04 5.60E+04 8.40E+04
 1.00E-74 1.49E-35 2.50E-26 1.80E-19 4.11E-16 3.38E-14 1.23E-13 1.77E-13
 2.04E-13 2.25E-13 2.26E-13 2.00E-13 1.63E-13 1.42E-13
 1.00E-74 1.49E-35 2.50E-26 1.80E-19 4.11E-16 3.38E-14 1.23E-13 1.77E-13
 2.04E-13 2.25E-13 2.26E-13 2.00E-13 1.63E-13 1.42E-13
 1.00E-74 1.49E-35 2.50E-26 1.80E-19 4.11E-16 3.38E-14 1.23E-13 1.77E-13
 2.04E-13 2.25E-13 2.26E-13 2.00E-13 1.63E-13 1.42E-13
 1.00E-74 1.49E-35 2.50E-26 1.80E-19 4.11E-16 3.38E-14 1.23E-13 1.77E-13
 2.04E-13 2.25E-13 2.26E-13 2.00E-13 1.63E-13 1.42E-13
 3.31E-47 1.49E-35 2.50E-26 1.80E-19 4.11E-16 3.38E-14 1.23E-13 1.77E-13
 2.04E-13 2.25E-13 2.26E-13 2.00E-13 1.63E-13 1.42E-13
 3.97E-47 1.49E-35 2.50E-26 1.80E-19 4.11E-16 3.38E-14 1.23E-13 1.77E-13
 2.04E-13 2.25E-13 2.26E-13 2.00E-13 1.63E-13 1.42E-13
 3.94E-47 1.49E-35 2.50E-26 1.80E-19 4.11E-16 3.38E-14 1.23E-13 1.77E-13
 2.04E-13 2.25E-13 2.26E-13 2.00E-13 1.63E-13 1.42E-13
  9.20722    7  14 /pl=01:ss=56:pb= 1:sz=56/type=excit/ispb = t/isel =   29
 1.00E+10 1.00E+11 1.00E+12 1.00E+13 1.00E+14 1.00E+15 1.00E+16
 5.60E+01 8.40E+01 1.40E+02 2.80E+02 5.60E+02 1.40E+03 2.80E+03 4.20E+03
 5.60E+03 8.40E+03 1.40E+04 2.80E+04 5.60E+04 8.40E+04
 1.39E-41 1.34E-31 1.19E-23 9.44E-18 7.28E-15 3.22E-13 9.74E-13 1.32E-12
 1.48E-12 1.60E-12 1.60E-12 1.43E-12 1.19E-12 1.05E-12
 1.38E-41 1.34E-31 1.19E-23 9.44E-18 7.28E-15 3.22E-13 9.74E-13 1.32E-12
 1.48E-12 1.60E-12 1.60E-12 1.43E-12 1.19E-12 1.05E-12
 1.38E-41 1.34E-31 1.19E-23 9.44E-18 7.28E-15 3.22E-13 9.74E-13 1.32E-12
 1.48E-12 1.60E-12 1.60E-12 1.43E-12 1.19E-12 1.05E-12
 1.38E-41 1.34E-31 1.19E-23 9.44E-18 7.28E-15 3.22E-13 9.74E-13 1.32E-12
 1.48E-12 1.60E-12 1.60E-12 1.43E-12 1.19E-12 1.05E-12
 1.38E-41 1.34E-31 1.19E-23 9.44E-18 7.28E-15 3.22E-13 9.74E-13 1.32E-12
 1.48E-12 1.60E-12 1.60E-12 1.43E-12 1.19E-12 1.05E-12
 1.38E-41 1.34E-31 1.19E-23 9.44E-18 7.28E-15 3.22E-13 9.74E-13 1.32E-12
 1.48E-12 1.60E-12 1.60E-12 1.43E-12 1.19E-12 1.05E-12
 1.38E-41 1.34E-31 1.19E-23 9.44E-18 7.28E-15 3.22E-13 9.74E-13 1.32E-12
 1.48E-12 1.60E-12 1.60E-12 1.43E-12 1.19E-12 1.05E-12
  9.85330    7  14 /pl=01:ss=56:pb= 1:sz=56/type=excit/ispb = t/isel =   30
 1.00E+10 1.00E+11 1.00E+12 1.00E+13 1.00E+14 1.00E+15 1.00E+16
 5.60E+01 8.40E+01 1.40E+02 2.80E+02 5.60E+02 1.40E+03 2.80E+03 4.20E+03
 5.60E+03 8.40E+03 1.40E+04 2.80E+04 5.60E+04 8.40E+04
 1.00E-74 1.78E-34 2.04E-25 1.09E-18 2.15E-15 1.63E-13 5.83E-13 8.30E-13
 9.61E-13 1.06E-12 1.08E-12 9.73E-13 8.05E-13 7.04E-13
 1.00E-74 1.78E-34 2.04E-25 1.09E-18 2.15E-15 1.63E-13 5.83E-13 8.30E-13
 9.61E-13 1.06E-12 1.08E-12 9.73E-13 8.05E-13 7.04E-13
 1.00E-74 1.78E-34 2.04E-25 1.09E-18 2.15E-15 1.63E-13 5.83E-13 8.30E-13
 9.61E-13 1.06E-12 1.08E-12 9.73E-13 8.05E-13 7.04E-13
 1.00E-74 1.78E-34 2.04E-25 1.09E-18 2.15E-15 1.63E-13 5.83E-13 8.30E-13
 9.61E-13 1.06E-12 1.08E-12 9.73E-13 8.05E-13 7.04E-13
 7.96E-46 1.78E-34 2.04E-25 1.09E-18 2.15E-15 1.63E-13 5.83E-13 8.30E-13
 9.61E-13 1.06E-12 1.08E-12 9.73E-13 8.05E-13 7.04E-13
 7.56E-46 1.78E-34 2.04E-25 1.09E-18 2.15E-15 1.63E-13 5.83E-13 8.30E-13
 9.61E-13 1.06E-12 1.08E-12 9.73E-13 8.05E-13 7.04E-13
 7.58E-46 1.78E-34 2.04E-25 1.09E-18 2.15E-15 1.63E-13 5.83E-13 8.30E-13
 9.61E-13 1.06E-12 1.08E-12 9.73E-13 8.05E-13 7.04E-13
  9.85575    7  14 /pl=01:ss=56:pb= 1:sz=56/type=excit/ispb = t/isel =   31
 1.00E+10 1.00E+11 1.00E+12 1.00E+13 1.00E+14 1.00E+15 1.00E+16
 5.60E+01 8.40E+01 1.40E+02 2.80E+02 5.60E+02 1.40E+03 2.80E+03 4.20E+03
 5.60E+03 8.40E+03 1.40E+04 2.80E+04 5.60E+04 8.40E+04
 3.98E-42 7.20E-32 9.57E-24 1.03E-17 9.41E-15 4.71E-13 1.55E-12 2.24E-12
 2.66E-12 3.14E-12 3.55E-12 3.79E-12 3.73E-12 3.59E-12
 4.58E-42 7.20E-32 9.57E-24 1.03E-17 9.41E-15 4.71E-13 1.55E-12 2.24E-12
 2.66E-12 3.14E-12 3.55E-12 3.79E-12 3.73E-12 3.59E-12
 4.52E-42 7.20E-32 9.57E-24 1.03E-17 9.41E-15 4.71E-13 1.55E-12 2.24E-12
 2.66E-12 3.14E-12 3.55E-12 3.79E-12 3.73E-12 3.59E-12
 4.52E-42 7.20E-32 9.57E-24 1.03E-17 9.41E-15 4.71E-13 1.55E-12 2.24E-12
 2.66E-12 3.14E-12 3.55E-12 3.79E-12 3.73E-12 3.59E-12
 4.53E-42 7.20E-32 9.57E-24 1.03E-17 9.41E-15 4.71E-13 1.55E-12 2.24E-12
 2.66E-12 3.14E-12 3.55E-12 3.79E-12 3.73E-12 3.59E-12
 4.53E-42 7.20E-32 9.57E-24 1.03E-17 9.41E-15 4.71E-13 1.55E-12 2.24E-12
 2.66E-12 3.14E-12 3.55E-12 3.79E-12 3.73E-12 3.59E-12
 4.53E-42 7.20E-32 9.57E-24 1.03E-17 9.41E-15 4.71E-13 1.55E-12 2.24E-12
 2.66E-12 3.14E-12 3.55E-12 3.79E-12 3.73E-12 3.59E-12
  10.8677    7  14 /pl=01:ss=56:pb= 1:sz=56/type=excit/ispb = t/isel =   32
 1.00E+10 1.00E+11 1.00E+12 1.00E+13 1.00E+14 1.00E+15 1.00E+16
 5.60E+01 8.40E+01 1.40E+02 2.80E+02 5.60E+02 1.40E+03 2.80E+03 4.20E+03
 5.60E+03 8.40E+03 1.40E+04 2.80E+04 5.60E+04 8.40E+04
 1.00E-74 2.46E-32 4.21E-24 5.40E-18 5.18E-15 2.51E-13 7.60E-13 1.02E-12
 1.13E-12 1.19E-12 1.14E-12 9.59E-13 7.50E-13 6.37E-13
 1.20E-42 2.46E-32 4.21E-24 5.40E-18 5.18E-15 2.51E-13 7.60E-13 1.02E-12
 1.13E-12 1.19E-12 1.14E-12 9.59E-13 7.50E-13 6.37E-13
 1.12E-42 2.46E-32 4.21E-24 5.40E-18 5.18E-15 2.51E-13 7.60E-13 1.02E-12
 1.13E-12 1.19E-12 1.14E-12 9.59E-13 7.50E-13 6.37E-13
 1.12E-42 2.46E-32 4.21E-24 5.40E-18 5.18E-15 2.51E-13 7.60E-13 1.02E-12
 1.13E-12 1.19E-12 1.14E-12 9.59E-13 7.50E-13 6.37E-13
 1.12E-42 2.46E-32 4.21E-24 5.40E-18 5.18E-15 2.51E-13 7.60E-13 1.02E-12
 1.13E-12 1.19E-12 1.14E-12 9.59E-13 7.50E-13 6.37E-13
 1.12E-42 2.46E-32 4.21E-24 5.40E-18 5.18E-15 2.51E-13 7.60E-13 1.02E-12
 1.13E-12 1.19E-12 1.14E-12 9.59E-13 7.50E-13 6.37E-13
 1.12E-42 2.46E-32 4.21E-24 5.40E-18 5.18E-15 2.51E-13 7.60E-13 1.02E-12
 1.13E-12 1.19E-12 1.14E-12 9.59E-13 7.50E-13 6.37E-13
  11.3819    7  14 /pl=01:ss=56:pb= 1:sz=56/type=excit/ispb = t/isel =   33
 1.00E+10 1.00E+11 1.00E+12 1.00E+13 1.00E+14 1.00E+15 1.00E+16
 5.60E+01 8.40E+01 1.40E+02 2.80E+02 5.60E+02 1.40E+03 2.80E+03 4.20E+03
 5.60E+03 8.40E+03 1.40E+04 2.80E+04 5.60E+04 8.40E+04
 1.62E-41 9.26E-32 5.54E-24 3.36E-18 2.43E-15 1.13E-13 3.62E-13 5.12E-13
 5.97E-13 6.83E-13 7.43E-13 7.55E-13 7.15E-13 6.79E-13
 1.57E-41 9.26E-32 5.54E-24 3.36E-18 2.43E-15 1.13E-13 3.62E-13 5.12E-13
 5.97E-13 6.83E-13 7.43E-13 7.55E-13 7.15E-13 6.79E-13
 1.58E-41 9.26E-32 5.54E-24 3.36E-18 2.43E-15 1.13E-13 3.62E-13 5.12E-13
 5.97E-13 6.83E-13 7.43E-13 7.55E-13 7.15E-13 6.79E-13
 1.58E-41 9.26E-32 5.54E-24 3.36E-18 2.43E-15 1.13E-13 3.62E-13 5.12E-13
 5.97E-13 6.83E-13 7.43E-13 7.55E-13 7.15E-13 6.79E-13
 1.58E-41 9.26E-32 5.54E-24 3.36E-18 2.43E-15 1.13E-13 3.62E-13 5.12E-13
 5.97E-13 6.83E-13 7.43E-13 7.55E-13 7.15E-13 6.79E-13
 1.58E-41 9.26E-32 5.54E-24 3.36E-18 2.43E-15 1.13E-13 3.62E-13 5.12E-13
 5.97E-13 6.83E-13 7.43E-13 7.55E-13 7.15E-13 6.79E-13
 1.58E-41 9.26E-32 5.54E-24 3.36E-18 2.43E-15 1.13E-13 3.62E-13 5.12E-13
 5.97E-13 6.83E-13 7.43E-13 7.55E-13 7.15E-13 6.79E-13
  12.2833    7  14 /pl=01:ss=56:pb= 1:sz=56/type=excit/ispb = t/isel =   34
 1.00E+10 1.00E+11 1.00E+12 1.00E+13 1.00E+14 1.00E+15 1.00E+16
 5.60E+01 8.40E+01 1.40E+02 2.80E+02 5.60E+02 1.40E+03 2.80E+03 4.20E+03
 5.60E+03 8.40E+03 1.40E+04 2.80E+04 5.60E+04 8.40E+04
 1.00E-74 9.46E-38 1.03E-27 3.03E-20 1.40E-16 1.81E-14 7.99E-14 1.26E-13
 1.55E-13 1.89E-13 2.19E-13 2.35E-13 2.32E-13 2.23E-13
 1.00E-74 9.46E-38 1.03E-27 3.03E-20 1.40E-16 1.81E-14 7.99E-14 1.26E-13
 1.55E-13 1.89E-13 2.19E-13 2.35E-13 2.32E-13 2.23E-13
 1.00E-74 9.46E-38 1.03E-27 3.03E-20 1.40E-16 1.81E-14 7.99E-14 1.26E-13
 1.55E-13 1.89E-13 2.19E-13 2.35E-13 2.32E-13 2.23E-13
 1.00E-74 9.46E-38 1.03E-27 3.03E-20 1.40E-16 1.81E-14 7.99E-14 1.26E-13
 1.55E-13 1.89E-13 2.19E-13 2.35E-13 2.32E-13 2.23E-13
 1.00E-74 9.46E-38 1.03E-27 3.03E-20 1.40E-16 1.81E-14 7.99E-14 1.26E-13
 1.55E-13 1.89E-13 2.19E-13 2.35E-13 2.32E-13 2.23E-13
 1.00E-74 9.46E-38 1.03E-27 3.03E-20 1.40E-16 1.81E-14 7.99E-14 1.26E-13
 1.55E-13 1.89E-13 2.19E-13 2.35E-13 2.32E-13 2.23E-13
 1.00E-74 9.46E-38 1.03E-27 3.03E-20 1.40E-16 1.81E-14 7.99E-14 1.26E-13
 1.55E-13 1.89E-13 2.19E-13 2.35E-13 2.32E-13 2.23E-13
  12.3637    7  14 /pl=01:ss=56:pb= 1:sz=56/type=excit/ispb = t/isel =   35
 1.00E+10 1.00E+11 1.00E+12 1.00E+13 1.00E+14 1.00E+15 1.00E+16
 5.60E+01 8.40E+01 1.40E+02 2.80E+02 5.60E+02 1.40E+03 2.80E+03 4.20E+03
 5.60E+03 8.40E+03 1.40E+04 2.80E+04 5.60E+04 8.40E+04
 1.06E-41 1.02E-31 9.04E-24 7.18E-18 5.54E-15 2.45E-13 7.41E-13 1.00E-12
 1.13E-12 1.22E-12 1.22E-12 1.09E-12 9.08E-13 8.02E-13
 1.05E-41 1.02E-31 9.04E-24 7.18E-18 5.54E-15 2.45E-13 7.41E-13 1.00E-12
 1.13E-12 1.22E-12 1.22E-12 1.09E-12 9.08E-13 8.02E-13
 1.05E-41 1.02E-31 9.04E-24 7.18E-18 5.54E-15 2.45E-13 7.41E-13 1.00E-12
 1.13E-12 1.22E-12 1.22E-12 1.09E-12 9.08E-13 8.02E-13
 1.05E-41 1.02E-31 9.04E-24 7.18E-18 5.54E-15 2.45E-13 7.41E-13 1.00E-12
 1.13E-12 1.22E-12 1.22E-12 1.09E-12 9.08E-13 8.02E-13
 1.05E-41 1.02E-31 9.04E-24 7.18E-18 5.54E-15 2.45E-13 7.41E-13 1.00E-12
 1.13E-12 1.22E-12 1.22E-12 1.09E-12 9.08E-13 8.02E-13
 1.05E-41 1.02E-31 9.04E-24 7.18E-18 5.54E-15 2.45E-13 7.41E-13 1.00E-12
 1.13E-12 1.22E-12 1.22E-12 1.09E-12 9.08E-13 8.02E-13
 1.05E-41 1.02E-31 9.04E-24 7.18E-18 5.54E-15 2.45E-13 7.41E-13 1.00E-12
 1.13E-12 1.22E-12 1.22E-12 1.09E-12 9.08E-13 8.02E-13
  12.3674    7  14 /pl=01:ss=56:pb= 1:sz=56/type=excit/ispb = t/isel =   36
 1.00E+10 1.00E+11 1.00E+12 1.00E+13 1.00E+14 1.00E+15 1.00E+16
 5.60E+01 8.40E+01 1.40E+02 2.80E+02 5.60E+02 1.40E+03 2.80E+03 4.20E+03
 5.60E+03 8.40E+03 1.40E+04 2.80E+04 5.60E+04 8.40E+04
 1.00E-74 6.53E-35 5.03E-26 2.04E-19 3.70E-16 2.86E-14 1.10E-13 1.67E-13
 2.03E-13 2.48E-13 2.90E-13 3.23E-13 3.31E-13 3.25E-13
 1.00E-74 6.53E-35 5.03E-26 2.04E-19 3.70E-16 2.86E-14 1.10E-13 1.67E-13
 2.03E-13 2.48E-13 2.90E-13 3.23E-13 3.31E-13 3.25E-13
 1.00E-74 6.53E-35 5.03E-26 2.04E-19 3.70E-16 2.86E-14 1.10E-13 1.67E-13
 2.03E-13 2.48E-13 2.90E-13 3.23E-13 3.31E-13 3.25E-13
 7.03E-46 6.53E-35 5.03E-26 2.04E-19 3.70E-16 2.86E-14 1.10E-13 1.67E-13
 2.03E-13 2.48E-13 2.90E-13 3.23E-13 3.31E-13 3.25E-13
 4.22E-46 6.53E-35 5.03E-26 2.04E-19 3.70E-16 2.86E-14 1.10E-13 1.67E-13
 2.03E-13 2.48E-13 2.90E-13 3.23E-13 3.31E-13 3.25E-13
 4.57E-46 6.53E-35 5.03E-26 2.04E-19 3.69E-16 2.86E-14 1.10E-13 1.67E-13
 2.03E-13 2.48E-13 2.90E-13 3.23E-13 3.31E-13 3.25E-13
 4.56E-46 6.53E-35 5.03E-26 2.04E-19 3.69E-16 2.86E-14 1.10E-13 1.67E-13
 2.03E-13 2.48E-13 2.90E-13 3.23E-13 3.31E-13 3.25E-13
  12.7702    7  14 /pl=01:ss=56:pb= 1:sz=56/type=excit/ispb = t/isel =   37
 1.00E+10 1.00E+11 1.00E+12 1.00E+13 1.00E+14 1.00E+15 1.00E+16
 5.60E+01 8.40E+01 1.40E+02 2.80E+02 5.60E+02 1.40E+03 2.80E+03 4.20E+03
 5.60E+03 8.40E+03 1.40E+04 2.80E+04 5.60E+04 8.40E+04
 3.25E-43 5.88E-33 7.82E-25 8.44E-19 7.69E-16 3.85E-14 1.27E-13 1.83E-13
 2.17E-13 2.56E-13 2.90E-13 3.10E-13 3.05E-13 2.93E-13
 3.74E-43 5.88E-33 7.82E-25 8.44E-19 7.69E-16 3.85E-14 1.27E-13 1.83E-13
 2.17E-13 2.56E-13 2.90E-13 3.10E-13 3.05E-13 2.93E-13
 3.69E-43 5.88E-33 7.82E-25 8.44E-19 7.69E-16 3.85E-14 1.27E-13 1.83E-13
 2.17E-13 2.56E-13 2.90E-13 3.10E-13 3.05E-13 2.93E-13
 3.70E-43 5.88E-33 7.82E-25 8.44E-19 7.69E-16 3.85E-14 1.27E-13 1.83E-13
 2.17E-13 2.56E-13 2.90E-13 3.10E-13 3.05E-13 2.93E-13
 3.70E-43 5.88E-33 7.82E-25 8.44E-19 7.69E-16 3.85E-14 1.27E-13 1.83E-13
 2.17E-13 2.56E-13 2.90E-13 3.10E-13 3.05E-13 2.93E-13
 3.70E-43 5.88E-33 7.82E-25 8.44E-19 7.69E-16 3.85E-14 1.27E-13 1.83E-13
 2.17E-13 2.56E-13 2.90E-13 3.10E-13 3.05E-13 2.93E-13
 3.70E-43 5.88E-33 7.82E-25 8.44E-19 7.69E-16 3.85E-14 1.27E-13 1.83E-13
 2.17E-13 2.56E-13 2.90E-13 3.10E-13 3.05E-13 2.93E-13
  17.6716    7  14 /pl=01:ss=56:pb= 1:sz=56/type=excit/ispb = t/isel =   38
 1.00E+10 1.00E+11 1.00E+12 1.00E+13 1.00E+14 1.00E+15 1.00E+16
 5.60E+01 8.40E+01 1.40E+02 2.80E+02 5.60E+02 1.40E+03 2.80E+03 4.20E+03
 5.60E+03 8.40E+03 1.40E+04 2.80E+04 5.60E+04 8.40E+04
 1.00E-74 1.21E-35 2.02E-26 1.45E-19 3.33E-16 2.73E-14 9.98E-14 1.43E-13
 1.65E-13 1.82E-13 1.83E-13 1.62E-13 1.32E-13 1.15E-13
 1.00E-74 1.21E-35 2.02E-26 1.45E-19 3.33E-16 2.73E-14 9.98E-14 1.43E-13
 1.65E-13 1.82E-13 1.83E-13 1.62E-13 1.32E-13 1.15E-13
 1.00E-74 1.21E-35 2.02E-26 1.45E-19 3.33E-16 2.73E-14 9.98E-14 1.43E-13
 1.65E-13 1.82E-13 1.83E-13 1.62E-13 1.32E-13 1.15E-13
 1.00E-74 1.21E-35 2.02E-26 1.45E-19 3.33E-16 2.73E-14 9.98E-14 1.43E-13
 1.65E-13 1.82E-13 1.83E-13 1.62E-13 1.32E-13 1.15E-13
 2.68E-47 1.21E-35 2.02E-26 1.45E-19 3.33E-16 2.73E-14 9.98E-14 1.43E-13
 1.65E-13 1.82E-13 1.83E-13 1.62E-13 1.32E-13 1.15E-13
 3.21E-47 1.21E-35 2.02E-26 1.45E-19 3.33E-16 2.73E-14 9.98E-14 1.43E-13
 1.65E-13 1.82E-13 1.83E-13 1.62E-13 1.32E-13 1.15E-13
 3.19E-47 1.21E-35 2.02E-26 1.45E-19 3.33E-16 2.73E-14 9.98E-14 1.43E-13
 1.65E-13 1.82E-13 1.83E-13 1.62E-13 1.32E-13 1.15E-13
  18.6816    7  14 /pl=01:ss=56:pb= 1:sz=56/type=excit/ispb = t/isel =   39
 1.00E+10 1.00E+11 1.00E+12 1.00E+13 1.00E+14 1.00E+15 1.00E+16
 5.60E+01 8.40E+01 1.40E+02 2.80E+02 5.60E+02 1.40E+03 2.80E+03 4.20E+03
 5.60E+03 8.40E+03 1.40E+04 2.80E+04 5.60E+04 8.40E+04
 1.00E-74 1.83E-38 3.30E-28 1.40E-20 7.72E-17 1.07E-14 4.65E-14 7.04E-14
 8.36E-14 9.48E-14 9.74E-14 8.76E-14 7.17E-14 6.22E-14
 1.00E-74 1.83E-38 3.30E-28 1.40E-20 7.72E-17 1.07E-14 4.65E-14 7.04E-14
 8.36E-14 9.48E-14 9.74E-14 8.76E-14 7.17E-14 6.22E-14
 1.00E-74 1.83E-38 3.30E-28 1.40E-20 7.72E-17 1.07E-14 4.65E-14 7.04E-14
 8.36E-14 9.48E-14 9.74E-14 8.76E-14 7.17E-14 6.22E-14
 1.00E-74 1.83E-38 3.30E-28 1.40E-20 7.72E-17 1.07E-14 4.65E-14 7.04E-14
 8.36E-14 9.48E-14 9.74E-14 8.76E-14 7.17E-14 6.22E-14
 1.00E-74 1.83E-38 3.30E-28 1.40E-20 7.72E-17 1.07E-14 4.65E-14 7.04E-14
 8.36E-14 9.48E-14 9.74E-14 8.76E-14 7.17E-14 6.22E-14
 1.00E-74 1.83E-38 3.30E-28 1.40E-20 7.72E-17 1.07E-14 4.65E-14 7.04E-14
 8.36E-14 9.48E-14 9.74E-14 8.76E-14 7.17E-14 6.22E-14
 1.00E-74 1.83E-38 3.30E-28 1.40E-20 7.72E-17 1.07E-14 4.65E-14 7.04E-14
 8.36E-14 9.48E-14 9.74E-14 8.76E-14 7.17E-14 6.22E-14
  18.6845    7  14 /pl=01:ss=56:pb= 1:sz=56/type=excit/ispb = t/isel =   40
 1.00E+10 1.00E+11 1.00E+12 1.00E+13 1.00E+14 1.00E+15 1.00E+16
 5.60E+01 8.40E+01 1.40E+02 2.80E+02 5.60E+02 1.40E+03 2.80E+03 4.20E+03
 5.60E+03 8.40E+03 1.40E+04 2.80E+04 5.60E+04 8.40E+04
 1.00E-74 1.07E-35 2.26E-26 1.96E-19 5.01E-16 4.53E-14 1.78E-13 2.71E-13
 3.29E-13 3.96E-13 4.51E-13 4.82E-13 4.74E-13 4.56E-13
 1.00E-74 1.07E-35 2.26E-26 1.96E-19 5.01E-16 4.53E-14 1.78E-13 2.71E-13
 3.29E-13 3.96E-13 4.51E-13 4.82E-13 4.74E-13 4.56E-13
 1.00E-74 1.07E-35 2.26E-26 1.96E-19 5.01E-16 4.53E-14 1.78E-13 2.71E-13
 3.29E-13 3.96E-13 4.51E-13 4.82E-13 4.74E-13 4.56E-13
 1.00E-74 1.07E-35 2.26E-26 1.96E-19 5.01E-16 4.53E-14 1.78E-13 2.71E-13
 3.29E-13 3.96E-13 4.51E-13 4.82E-13 4.74E-13 4.56E-13
 1.00E-74 1.07E-35 2.26E-26 1.96E-19 5.01E-16 4.53E-14 1.78E-13 2.71E-13
 3.29E-13 3.96E-13 4.51E-13 4.82E-13 4.74E-13 4.56E-13
 2.10E-47 1.07E-35 2.26E-26 1.96E-19 5.01E-16 4.53E-14 1.78E-13 2.71E-13
 3.29E-13 3.96E-13 4.51E-13 4.82E-13 4.74E-13 4.56E-13
 2.10E-47 1.07E-35 2.26E-26 1.96E-19 5.01E-16 4.53E-14 1.78E-13 2.71E-13
 3.29E-13 3.96E-13 4.51E-13 4.82E-13 4.74E-13 4.56E-13
  20.3145    7  14 /pl=01:ss=56:pb= 1:sz=56/type=excit/ispb = t/isel =   41
 1.00E+10 1.00E+11 1.00E+12 1.00E+13 1.00E+14 1.00E+15 1.00E+16
 5.60E+01 8.40E+01 1.40E+02 2.80E+02 5.60E+02 1.40E+03 2.80E+03 4.20E+03
 5.60E+03 8.40E+03 1.40E+04 2.80E+04 5.60E+04 8.40E+04
 1.00E-74 4.88E-36 1.18E-26 1.11E-19 2.86E-16 2.50E-14 9.20E-14 1.31E-13
 1.50E-13 1.62E-13 1.58E-13 1.34E-13 1.05E-13 8.88E-14
 1.00E-74 4.88E-36 1.18E-26 1.11E-19 2.86E-16 2.50E-14 9.20E-14 1.31E-13
 1.50E-13 1.62E-13 1.58E-13 1.34E-13 1.05E-13 8.88E-14
 1.00E-74 4.88E-36 1.18E-26 1.11E-19 2.86E-16 2.50E-14 9.20E-14 1.31E-13
 1.50E-13 1.62E-13 1.58E-13 1.34E-13 1.05E-13 8.88E-14
 1.00E-74 4.88E-36 1.18E-26 1.11E-19 2.86E-16 2.50E-14 9.20E-14 1.31E-13
 1.50E-13 1.62E-13 1.58E-13 1.34E-13 1.05E-13 8.88E-14
 1.00E-74 4.88E-36 1.18E-26 1.11E-19 2.86E-16 2.50E-14 9.20E-14 1.31E-13
 1.50E-13 1.62E-13 1.58E-13 1.34E-13 1.05E-13 8.88E-14
 1.01E-47 4.88E-36 1.18E-26 1.11E-19 2.86E-16 2.50E-14 9.20E-14 1.31E-13
 1.50E-13 1.62E-13 1.58E-13 1.34E-13 1.05E-13 8.88E-14
 8.11E-48 4.88E-36 1.18E-26 1.11E-19 2.86E-16 2.50E-14 9.20E-14 1.31E-13
 1.50E-13 1.62E-13 1.58E-13 1.34E-13 1.05E-13 8.88E-14
  21.8116    7  14 /pl=01:ss=56:pb= 1:sz=56/type=excit/ispb = t/isel =   42
 1.00E+10 1.00E+11 1.00E+12 1.00E+13 1.00E+14 1.00E+15 1.00E+16
 5.60E+01 8.40E+01 1.40E+02 2.80E+02 5.60E+02 1.40E+03 2.80E+03 4.20E+03
 5.60E+03 8.40E+03 1.40E+04 2.80E+04 5.60E+04 8.40E+04
 1.00E-74 7.26E-36 9.83E-27 6.18E-20 1.37E-16 1.14E-14 4.32E-14 6.40E-14
 7.67E-14 8.99E-14 1.00E-13 1.04E-13 1.00E-13 9.58E-14
 1.00E-74 7.26E-36 9.83E-27 6.18E-20 1.37E-16 1.14E-14 4.32E-14 6.40E-14
 7.67E-14 8.99E-14 1.00E-13 1.04E-13 1.00E-13 9.58E-14
 1.00E-74 7.26E-36 9.83E-27 6.18E-20 1.37E-16 1.14E-14 4.32E-14 6.40E-14
 7.67E-14 8.99E-14 1.00E-13 1.04E-13 1.00E-13 9.58E-14
 1.00E-74 7.26E-36 9.83E-27 6.18E-20 1.37E-16 1.14E-14 4.32E-14 6.40E-14
 7.67E-14 8.99E-14 1.00E-13 1.04E-13 1.00E-13 9.58E-14
 1.00E-74 7.26E-36 9.83E-27 6.18E-20 1.37E-16 1.14E-14 4.32E-14 6.40E-14
 7.67E-14 8.99E-14 1.00E-13 1.04E-13 1.00E-13 9.58E-14
 2.67E-47 7.26E-36 9.83E-27 6.18E-20 1.37E-16 1.14E-14 4.32E-14 6.40E-14
 7.67E-14 8.99E-14 1.00E-13 1.04E-13 1.00E-13 9.58E-14
 2.50E-47 7.26E-36 9.83E-27 6.18E-20 1.37E-16 1.14E-14 4.32E-14 6.40E-14
 7.67E-14 8.99E-14 1.00E-13 1.04E-13 1.00E-13 9.58E-14
  23.2647    7  14 /pl=01:ss=56:pb= 1:sz=56/type=excit/ispb = t/isel =   43
 1.00E+10 1.00E+11 1.00E+12 1.00E+13 1.00E+14 1.00E+15 1.00E+16
 5.60E+01 8.40E+01 1.40E+02 2.80E+02 5.60E+02 1.40E+03 2.80E+03 4.20E+03
 5.60E+03 8.40E+03 1.40E+04 2.80E+04 5.60E+04 8.40E+04
 1.00E-74 1.48E-35 2.49E-26 1.79E-19 4.09E-16 3.36E-14 1.23E-13 1.76E-13
 2.03E-13 2.24E-13 2.25E-13 1.99E-13 1.63E-13 1.42E-13
 1.00E-74 1.48E-35 2.49E-26 1.79E-19 4.09E-16 3.36E-14 1.23E-13 1.76E-13
 2.03E-13 2.24E-13 2.25E-13 1.99E-13 1.63E-13 1.42E-13
 1.00E-74 1.48E-35 2.49E-26 1.79E-19 4.09E-16 3.36E-14 1.23E-13 1.76E-13
 2.03E-13 2.24E-13 2.25E-13 1.99E-13 1.63E-13 1.42E-13
 1.00E-74 1.48E-35 2.49E-26 1.79E-19 4.09E-16 3.36E-14 1.23E-13 1.76E-13
 2.03E-13 2.24E-13 2.25E-13 1.99E-13 1.63E-13 1.42E-13
 3.29E-47 1.48E-35 2.49E-26 1.79E-19 4.09E-16 3.36E-14 1.23E-13 1.76E-13
 2.03E-13 2.24E-13 2.25E-13 1.99E-13 1.63E-13 1.42E-13
 3.95E-47 1.48E-35 2.49E-26 1.79E-19 4.09E-16 3.36E-14 1.23E-13 1.76E-13
 2.03E-13 2.24E-13 2.25E-13 1.99E-13 1.63E-13 1.42E-13
 3.92E-47 1.48E-35 2.49E-26 1.79E-19 4.09E-16 3.36E-14 1.23E-13 1.76E-13
 2.03E-13 2.24E-13 2.25E-13 1.99E-13 1.63E-13 1.42E-13
  23.5925    7  14 /pl=01:ss=56:pb= 1:sz=56/type=excit/ispb = t/isel =   44
 1.00E+10 1.00E+11 1.00E+12 1.00E+13 1.00E+14 1.00E+15 1.00E+16
 5.60E+01 8.40E+01 1.40E+02 2.80E+02 5.60E+02 1.40E+03 2.80E+03 4.20E+03
 5.60E+03 8.40E+03 1.40E+04 2.80E+04 5.60E+04 8.40E+04
 1.00E-74 2.35E-36 4.96E-27 4.31E-20 1.10E-16 9.95E-15 3.92E-14 5.94E-14
 7.23E-14 8.69E-14 9.90E-14 1.06E-13 1.04E-13 1.00E-13
 1.00E-74 2.35E-36 4.96E-27 4.31E-20 1.10E-16 9.95E-15 3.92E-14 5.94E-14
 7.23E-14 8.69E-14 9.90E-14 1.06E-13 1.04E-13 1.00E-13
 1.00E-74 2.35E-36 4.96E-27 4.31E-20 1.10E-16 9.95E-15 3.92E-14 5.94E-14
 7.23E-14 8.69E-14 9.90E-14 1.06E-13 1.04E-13 1.00E-13
 1.00E-74 2.35E-36 4.96E-27 4.31E-20 1.10E-16 9.95E-15 3.92E-14 5.94E-14
 7.23E-14 8.69E-14 9.90E-14 1.06E-13 1.04E-13 1.00E-13
 1.00E-74 2.35E-36 4.96E-27 4.31E-20 1.10E-16 9.95E-15 3.92E-14 5.94E-14
 7.23E-14 8.69E-14 9.90E-14 1.06E-13 1.04E-13 1.00E-13
 4.61E-48 2.35E-36 4.96E-27 4.31E-20 1.10E-16 9.95E-15 3.92E-14 5.94E-14
 7.23E-14 8.69E-14 9.90E-14 1.06E-13 1.04E-13 1.00E-13
 4.61E-48 2.35E-36 4.96E-27 4.31E-20 1.10E-16 9.95E-15 3.92E-14 5.94E-14
 7.23E-14 8.69E-14 9.90E-14 1.06E-13 1.04E-13 1.00E-13
  27.4073    7  14 /pl=01:ss=56:pb= 1:sz=56/type=excit/ispb = t/isel =   45
 1.00E+10 1.00E+11 1.00E+12 1.00E+13 1.00E+14 1.00E+15 1.00E+16
 5.60E+01 8.40E+01 1.40E+02 2.80E+02 5.60E+02 1.40E+03 2.80E+03 4.20E+03
 5.60E+03 8.40E+03 1.40E+04 2.80E+04 5.60E+04 8.40E+04
 1.00E-74 1.65E-38 2.98E-28 1.26E-20 6.96E-17 9.64E-15 4.19E-14 6.34E-14
 7.54E-14 8.55E-14 8.78E-14 7.90E-14 6.46E-14 5.61E-14
 1.00E-74 1.65E-38 2.98E-28 1.26E-20 6.96E-17 9.64E-15 4.19E-14 6.34E-14
 7.54E-14 8.55E-14 8.78E-14 7.90E-14 6.46E-14 5.61E-14
 1.00E-74 1.65E-38 2.98E-28 1.26E-20 6.96E-17 9.64E-15 4.19E-14 6.34E-14
 7.54E-14 8.55E-14 8.78E-14 7.90E-14 6.46E-14 5.61E-14
 1.00E-74 1.65E-38 2.98E-28 1.26E-20 6.96E-17 9.64E-15 4.19E-14 6.34E-14
 7.54E-14 8.55E-14 8.78E-14 7.90E-14 6.46E-14 5.61E-14
 1.00E-74 1.65E-38 2.98E-28 1.26E-20 6.96E-17 9.64E-15 4.19E-14 6.34E-14
 7.54E-14 8.55E-14 8.78E-14 7.90E-14 6.46E-14 5.61E-14
 1.00E-74 1.65E-38 2.98E-28 1.26E-20 6.96E-17 9.64E-15 4.19E-14 6.34E-14
 7.54E-14 8.55E-14 8.78E-14 7.90E-14 6.46E-14 5.61E-14
 1.00E-74 1.65E-38 2.98E-28 1.26E-20 6.96E-17 9.64E-15 4.19E-14 6.34E-14
 7.54E-14 8.55E-14 8.78E-14 7.90E-14 6.46E-14 5.61E-14
  30.0258    7  14 /pl=01:ss=56:pb= 1:sz=56/type=excit/ispb = t/isel =   46
 1.00E+10 1.00E+11 1.00E+12 1.00E+13 1.00E+14 1.00E+15 1.00E+16
 5.60E+01 8.40E+01 1.40E+02 2.80E+02 5.60E+02 1.40E+03 2.80E+03 4.20E+03
 5.60E+03 8.40E+03 1.40E+04 2.80E+04 5.60E+04 8.40E+04
 2.56E-12 2.45E-11 1.38E-10 4.38E-10 6.85E-10 7.76E-10 7.39E-10 6.94E-10
 6.56E-10 5.98E-10 5.24E-10 4.25E-10 3.39E-10 2.94E-10
 2.56E-12 2.45E-11 1.38E-10 4.38E-10 6.85E-10 7.76E-10 7.39E-10 6.94E-10
 6.56E-10 5.98E-10 5.24E-10 4.25E-10 3.39E-10 2.94E-10
 2.56E-12 2.45E-11 1.38E-10 4.38E-10 6.85E-10 7.76E-10 7.39E-10 6.94E-10
 6.56E-10 5.98E-10 5.24E-10 4.25E-10 3.39E-10 2.94E-10
 2.56E-12 2.45E-11 1.38E-10 4.38E-10 6.85E-10 7.76E-10 7.39E-10 6.94E-10
 6.56E-10 5.98E-10 5.24E-10 4.25E-10 3.39E-10 2.94E-10
 2.56E-12 2.45E-11 1.38E-10 4.38E-10 6.85E-10 7.76E-10 7.39E-10 6.94E-10
 6.56E-10 5.98E-10 5.24E-10 4.25E-10 3.39E-10 2.94E-10
 2.56E-12 2.45E-11 1.38E-10 4.38E-10 6.85E-10 7.76E-10 7.39E-10 6.94E-10
 6.56E-10 5.98E-10 5.24E-10 4.25E-10 3.39E-10 2.94E-10
 2.56E-12 2.45E-11 1.38E-10 4.38E-10 6.85E-10 7.76E-10 7.39E-10 6.94E-10
 6.56E-10 5.98E-10 5.24E-10 4.25E-10 3.39E-10 2.94E-10
  31.5597    7  14 /pl=01:ss=56:pb= 1:sz=56/type=excit/ispb = t/isel =   47
 1.00E+10 1.00E+11 1.00E+12 1.00E+13 1.00E+14 1.00E+15 1.00E+16
 5.60E+01 8.40E+01 1.40E+02 2.80E+02 5.60E+02 1.40E+03 2.80E+03 4.20E+03
 5.60E+03 8.40E+03 1.40E+04 2.80E+04 5.60E+04 8.40E+04
 1.00E-74 4.44E-38 4.83E-28 1.42E-20 6.58E-17 8.52E-15 3.75E-14 5.91E-14
 7.28E-14 8.88E-14 1.03E-13 1.10E-13 1.09E-13 1.05E-13
 1.00E-74 4.44E-38 4.83E-28 1.42E-20 6.58E-17 8.52E-15 3.75E-14 5.91E-14
 7.28E-14 8.88E-14 1.03E-13 1.10E-13 1.09E-13 1.05E-13
 1.00E-74 4.44E-38 4.83E-28 1.42E-20 6.58E-17 8.52E-15 3.75E-14 5.91E-14
 7.28E-14 8.88E-14 1.03E-13 1.10E-13 1.09E-13 1.05E-13
 1.00E-74 4.44E-38 4.83E-28 1.42E-20 6.58E-17 8.52E-15 3.75E-14 5.91E-14
 7.28E-14 8.88E-14 1.03E-13 1.10E-13 1.09E-13 1.05E-13
 1.00E-74 4.44E-38 4.83E-28 1.42E-20 6.58E-17 8.52E-15 3.75E-14 5.91E-14
 7.28E-14 8.88E-14 1.03E-13 1.10E-13 1.09E-13 1.05E-13
 1.00E-74 4.44E-38 4.83E-28 1.42E-20 6.58E-17 8.52E-15 3.75E-14 5.91E-14
 7.28E-14 8.88E-14 1.03E-13 1.10E-13 1.09E-13 1.05E-13
 1.00E-74 4.44E-38 4.83E-28 1.42E-20 6.58E-17 8.52E-15 3.75E-14 5.91E-14
 7.27E-14 8.88E-14 1.03E-13 1.10E-13 1.09E-13 1.05E-13
  72.0017    7  14 /pl=01:ss=56:pb= 1:sz=56/type=excit/ispb = t/isel =   48
 1.00E+10 1.00E+11 1.00E+12 1.00E+13 1.00E+14 1.00E+15 1.00E+16
 5.60E+01 8.40E+01 1.40E+02 2.80E+02 5.60E+02 1.40E+03 2.80E+03 4.20E+03
 5.60E+03 8.40E+03 1.40E+04 2.80E+04 5.60E+04 8.40E+04
 4.12E-33 3.67E-26 1.22E-20 1.45E-16 1.36E-14 1.75E-13 3.65E-13 4.41E-13
 4.72E-13 4.88E-13 4.74E-13 4.22E-13 3.55E-13 3.17E-13
 4.12E-33 3.67E-26 1.22E-20 1.45E-16 1.36E-14 1.75E-13 3.65E-13 4.41E-13
 4.72E-13 4.88E-13 4.74E-13 4.22E-13 3.55E-13 3.17E-13
 4.12E-33 3.67E-26 1.22E-20 1.45E-16 1.36E-14 1.75E-13 3.65E-13 4.41E-13
 4.72E-13 4.88E-13 4.74E-13 4.22E-13 3.55E-13 3.17E-13
 4.12E-33 3.67E-26 1.22E-20 1.45E-16 1.36E-14 1.75E-13 3.65E-13 4.41E-13
 4.72E-13 4.88E-13 4.74E-13 4.22E-13 3.55E-13 3.17E-13
 4.12E-33 3.67E-26 1.22E-20 1.45E-16 1.36E-14 1.75E-13 3.65E-13 4.41E-13
 4.72E-13 4.88E-13 4.74E-13 4.22E-13 3.55E-13 3.17E-13
 4.12E-33 3.67E-26 1.22E-20 1.45E-16 1.36E-14 1.75E-13 3.65E-13 4.41E-13
 4.72E-13 4.88E-13 4.74E-13 4.22E-13 3.55E-13 3.17E-13
 4.12E-33 3.67E-26 1.22E-20 1.45E-16 1.36E-14 1.75E-13 3.65E-13 4.41E-13
 4.72E-13 4.88E-13 4.74E-13 4.22E-13 3.55E-13 3.17E-13
  72.0666    7  14 /pl=01:ss=56:pb= 1:sz=56/type=excit/ispb = t/isel =   49
 1.00E+10 1.00E+11 1.00E+12 1.00E+13 1.00E+14 1.00E+15 1.00E+16
 5.60E+01 8.40E+01 1.40E+02 2.80E+02 5.60E+02 1.40E+03 2.80E+03 4.20E+03
 5.60E+03 8.40E+03 1.40E+04 2.80E+04 5.60E+04 8.40E+04
 4.02E-37 1.47E-28 9.52E-22 1.05E-16 2.97E-14 7.14E-13 1.78E-12 2.28E-12
 2.51E-12 2.66E-12 2.63E-12 2.33E-12 1.93E-12 1.69E-12
 4.02E-37 1.47E-28 9.52E-22 1.05E-16 2.97E-14 7.14E-13 1.78E-12 2.28E-12
 2.51E-12 2.66E-12 2.63E-12 2.33E-12 1.93E-12 1.69E-12
 4.02E-37 1.47E-28 9.52E-22 1.05E-16 2.97E-14 7.14E-13 1.78E-12 2.28E-12
 2.51E-12 2.66E-12 2.63E-12 2.33E-12 1.93E-12 1.69E-12
 4.02E-37 1.47E-28 9.52E-22 1.05E-16 2.97E-14 7.14E-13 1.78E-12 2.28E-12
 2.51E-12 2.66E-12 2.63E-12 2.33E-12 1.93E-12 1.69E-12
 4.02E-37 1.47E-28 9.52E-22 1.05E-16 2.97E-14 7.14E-13 1.78E-12 2.28E-12
 2.51E-12 2.66E-12 2.63E-12 2.33E-12 1.93E-12 1.69E-12
 4.02E-37 1.47E-28 9.52E-22 1.05E-16 2.97E-14 7.14E-13 1.78E-12 2.28E-12
 2.51E-12 2.66E-12 2.63E-12 2.33E-12 1.93E-12 1.69E-12
 4.02E-37 1.47E-28 9.52E-22 1.05E-16 2.97E-14 7.14E-13 1.78E-12 2.28E-12
 2.51E-12 2.66E-12 2.63E-12 2.33E-12 1.93E-12 1.69E-12
  72.2546    7  14 /pl=01:ss=56:pb= 1:sz=56/type=excit/ispb = t/isel =   50
 1.00E+10 1.00E+11 1.00E+12 1.00E+13 1.00E+14 1.00E+15 1.00E+16
 5.60E+01 8.40E+01 1.40E+02 2.80E+02 5.60E+02 1.40E+03 2.80E+03 4.20E+03
 5.60E+03 8.40E+03 1.40E+04 2.80E+04 5.60E+04 8.40E+04
 1.05E-34 2.61E-27 1.96E-21 4.32E-17 5.69E-15 9.52E-14 2.31E-13 3.08E-13
 3.55E-13 4.10E-13 4.59E-13 4.90E-13 4.84E-13 4.68E-13
 1.05E-34 2.61E-27 1.96E-21 4.32E-17 5.69E-15 9.52E-14 2.31E-13 3.08E-13
 3.55E-13 4.10E-13 4.59E-13 4.90E-13 4.84E-13 4.68E-13
 1.05E-34 2.61E-27 1.96E-21 4.32E-17 5.69E-15 9.52E-14 2.31E-13 3.08E-13
 3.55E-13 4.10E-13 4.59E-13 4.90E-13 4.84E-13 4.68E-13
 1.05E-34 2.61E-27 1.96E-21 4.32E-17 5.69E-15 9.52E-14 2.31E-13 3.08E-13
 3.55E-13 4.10E-13 4.59E-13 4.90E-13 4.84E-13 4.68E-13
 1.05E-34 2.61E-27 1.96E-21 4.32E-17 5.69E-15 9.52E-14 2.31E-13 3.08E-13
 3.55E-13 4.10E-13 4.59E-13 4.90E-13 4.84E-13 4.68E-13
 1.05E-34 2.61E-27 1.96E-21 4.32E-17 5.69E-15 9.52E-14 2.31E-13 3.08E-13
 3.55E-13 4.10E-13 4.59E-13 4.90E-13 4.84E-13 4.68E-13
 1.05E-34 2.61E-27 1.96E-21 4.32E-17 5.69E-15 9.52E-14 2.31E-13 3.08E-13
 3.55E-13 4.10E-13 4.59E-13 4.90E-13 4.84E-13 4.68E-13
c-------------------------------------------------------------------------------
 
C  root partition information
C  ==========================
C
C  nuclear charge : 74
C  ion charge+1   : 57
C
C  population calculation information
C  ----------------------------------
C
C  population processing code: adas810
C
C  adf04 source file    : adf04_copmm#74_ca_40#w56_t3.dat
C  adf18/a17_p208 file  : NULL
C
C  meta. ion. coeff. selector  : 
 
C  options  : lnorm =T  lpsel =F  lzsel =T  liosel=F
C           : lhsel =F  lrsel =F  lisel =F  lnsel =F
 
C  energy levels
C  -------------
C
C   lv      configuration    (2S+1)L(w-1/2)      energy (cm^-1)
C  ---   ------------------- --------------      --------------
c    1   24565                  (0)0(  0.0)             0.0
c    2   24555516               (0)0( 29.5)       3330471.0
c    3   24555517               (0)0(  5.5)      20565399.0
c    4   24555518               (0)0( 17.5)      21954255.7
c    5   24555519               (0)0( 29.5)      23338251.1
c    6   2455551A               (0)0( 41.5)      24269887.5
c    7   14565518               (0)0(  5.5)      25600912.6
c    8   14565519               (0)0(  9.5)      26988518.4
c    9   2455551B               (0)0(  5.5)      30740171.9
c   10   2455551C               (0)0( 17.5)      31426435.8
c   11   2455551D               (0)0( 29.5)      32100617.6
c   12   2455551E               (0)0( 41.5)      32539841.0
c   13   1456551C               (0)0(  5.5)      35074277.9
c   14   1456551D               (0)0(  9.5)      35749798.5
c   15   2455551G               (0)0(  5.5)      36011159.8
c   16   2455551H               (0)0( 17.5)      36398982.2
c   17   2455551I               (0)0( 29.5)      36778475.6
c   18   2455551J               (0)0( 41.5)      37023200.7
c   19   2455551M               (0)0(  5.5)      39093108.8
c   20   2455551N               (0)0( 17.5)      39332873.7
c   21   2455551O               (0)0( 29.5)      39567579.8
c   22   2455551P               (0)0( 41.5)      39718227.1
c   23   1456551H               (0)0(  5.5)      40046978.0
c   24   1456551I               (0)0(  9.5)      40427140.7
c   25   1456551N               (0)0(  5.5)      42980880.4
c   26   1456551O               (0)0(  9.5)      43215959.6
 
 
 
c-------------------------------------------------------------------------------
 
C  superstage partition information
C  ================================
C
C  element symbol   : W
C  parent template  : 
C  partition level  :  1
C  superstage label : 56
C
C  tabulation       : photon emissivity coefft (te,ne)
C  units            : ph. emis coef(cm^3 s^-1); te (ev); ne (cm^-3)
C
C  photon emissivity atomic transitions
C  ------------------------------------
C  
C   isel  wvlen(A)            transition                type  ispb nspb
C                                                             ispp nspp sz    tg pr wr
C  ----- ---------- ----------------------------------- ----- ---- ---- --    -- -- --
C      1   2.49707   23(0)0(  5.5)-  1(0)0(  0.0)       excit   1    1  56    22 37  1
C      2   2.52732   21(0)0( 29.5)-  1(0)0(  0.0)       excit   1    1  56    16 32  2
C      3   2.71898   17(0)0( 29.5)-  1(0)0(  0.0)       excit   1    1  56    12 21  3
C      4   2.74818   22(0)0( 41.5)-  2(0)0( 29.5)       excit   1    1  56    41 30  4
C      5   2.85109   13(0)0(  5.5)-  1(0)0(  0.0)       excit   1    1  56    20 20  5
C      6   2.96800   18(0)0( 41.5)-  2(0)0( 29.5)       excit   1    1  56    37 18  6
C      7   3.02402   16(0)0( 17.5)-  2(0)0( 29.5)       excit   1    1  56    35 35  7
C      8   3.11520   11(0)0( 29.5)-  1(0)0(  0.0)       excit   1    1  56     8 10  8
C      9   3.25307    9(0)0(  5.5)-  1(0)0(  0.0)       excit   1    1  56     6 38  9
C     10   3.42356   12(0)0( 41.5)-  2(0)0( 29.5)       excit   1    1  56    33  8 10
C     11   3.55923   10(0)0( 17.5)-  2(0)0( 29.5)       excit   1    1  56    31 16 11
C     12   3.70528    8(0)0(  9.5)-  1(0)0(  0.0)       excit   1    1  56    19 11 12
C     13   3.90611    7(0)0(  5.5)-  1(0)0(  0.0)       excit   1    1  56    18  5 13
C     14   4.28481    5(0)0( 29.5)-  1(0)0(  0.0)       excit   1    1  56     4  3 14
C     15   4.77568    6(0)0( 41.5)-  2(0)0( 29.5)       excit   1    1  56    29  2 15
C     16   4.86254    3(0)0(  5.5)-  1(0)0(  0.0)       excit   1    1  56     2  6 16
C     17   4.99806    5(0)0( 29.5)-  2(0)0( 29.5)       excit   1    1  56    28 44 17
C     18   5.32837   20(0)0( 17.5)-  3(0)0(  5.5)       excit   1    1  56    51 40 18
C     19   5.36948    4(0)0( 17.5)-  2(0)0( 29.5)       excit   1    1  56    27  4 19
C     20   5.67696   26(0)0(  9.5)-  7(0)0(  5.5)       excit   1    1  56   155 49 20
C     21   5.67752   21(0)0( 29.5)-  4(0)0( 17.5)       excit   1    1  56    65 22 21
C     22   6.10502   22(0)0( 41.5)-  5(0)0( 29.5)       excit   1    1  56    79 42 22
C     23   6.31569   16(0)0( 17.5)-  3(0)0(  5.5)       excit   1    1  56    48 26 23
C     24   6.74480   24(0)0(  9.5)-  7(0)0(  5.5)       excit   1    1  56   153 31 24
C     25   6.74572   17(0)0( 29.5)-  4(0)0( 17.5)       excit   1    1  56    61 14 25
C     26   7.11394   15(0)0(  5.5)-  4(0)0( 17.5)       excit   1    1  56    59 43 26
C     27   7.30730   18(0)0( 41.5)-  5(0)0( 29.5)       excit   1    1  56    75 27 27
C     28   7.65654   16(0)0( 17.5)-  5(0)0( 29.5)       excit   1    1  56    73 34 28
C     29   9.20722   10(0)0( 17.5)-  3(0)0(  5.5)       excit   1    1  56    45 12 29
C     30   9.85330   14(0)0(  9.5)-  7(0)0(  5.5)       excit   1    1  56   151 17 30
C     31   9.85575   11(0)0( 29.5)-  4(0)0( 17.5)       excit   1    1  56    57  7 31
C     32   10.8677   12(0)0( 41.5)-  5(0)0( 29.5)       excit   1    1  56    71 15 32
C     33   11.3819    9(0)0(  5.5)-  4(0)0( 17.5)       excit   1    1  56    55 19 33
C     34   12.2833   21(0)0( 29.5)- 10(0)0( 17.5)       excit   1    1  56   105 33 34
C     35   12.3637   10(0)0( 17.5)-  5(0)0( 29.5)       excit   1    1  56    69 13 35
C     36   12.3674   13(0)0(  5.5)-  8(0)0(  9.5)       excit   1    1  56   156 28 36
C     37   12.7702   11(0)0( 29.5)-  6(0)0( 41.5)       excit   1    1  56    81 29 37
C     38   17.6716   16(0)0( 17.5)-  9(0)0(  5.5)       excit   1    1  56    92 39 38
C     39   18.6816   24(0)0(  9.5)- 13(0)0(  5.5)       excit   1    1  56   164 48 39
C     40   18.6845   17(0)0( 29.5)- 10(0)0( 17.5)       excit   1    1  56   101 25 40
C     41   20.3145   18(0)0( 41.5)- 11(0)0( 29.5)       excit   1    1  56   111 41 41
C     42   21.8116   15(0)0(  5.5)- 10(0)0( 17.5)       excit   1    1  56    99 47 42
C     43   23.2647   16(0)0( 17.5)- 11(0)0( 29.5)       excit   1    1  56   109 36 43
C     44   23.5925   17(0)0( 29.5)- 12(0)0( 41.5)       excit   1    1  56   117 46 44
C     45   27.4073   24(0)0(  9.5)- 17(0)0( 29.5)       excit   1    1  56   138 50 45
C     46   30.0258    2(0)0( 29.5)-  1(0)0(  0.0)       excit   1    1  56     1  1 46
C     47   31.5597   21(0)0( 29.5)- 16(0)0( 17.5)       excit   1    1  56   131 45 47
C     48   72.0017    4(0)0( 17.5)-  3(0)0(  5.5)       excit   1    1  56    42 24 48
C     49   72.0666    8(0)0(  9.5)-  7(0)0(  5.5)       excit   1    1  56   149  9 49
C     50   72.2546    5(0)0( 29.5)-  4(0)0( 17.5)       excit   1    1  56    53 23 50
c-------------------------------------------------------------------------------
                                                                                
C  code     : adas810
C  producer : Adam Foster
C  date     : 18/05/09
                                                                                
c-------------------------------------------------------------------------------

C-----------------------------------------------------------------------
C                               OPEN-ADAS
C                               +++++++++
C
C This file has been downloaded from OPEN-ADAS (http://open.adas.ac.uk)
C on 26-Mar-2025.
C
C TERMS AND CONDITIONS
C --------------------
C
C The user of the OPEN-ADAS system and data (hereinafter "the User")
C accepts the following terms and conditions:
C
C   1. The University of Strathclyde uses all reasonable endeavours to
C      ensure the accuracy of the data provided and any information
C      given, but the University makes no warranty, expressed or implied
C      as to its accuracy, integrity, fitness for purpose and shall not
C      be responsible for the use to which the data is put by the User
C      and/or any consequences arising out of any inaccuracies or
C      omissions.
C
C   2. Any downloaded OPEN-ADAS file is made available for the
C      personal use of the User only.  It must not be used for any
C      commercial application, incorporated into any web site or in
C      any form re-distributed without express prior written permission
C      from the ADAS Project. In particular, but not by way of
C      limitation, it must not be:
C        *  inserted into a managed database structure,
C        *  redistributed along with a modelling or analysis code,
C        *  made available on a public website.
C
C Permission for OPEN-ADAS data incorporation in non-commercial
C code/system development for scientific advance will not be
C unreasonably withheld, but will be subject to written agreement
C on a case by case basis.
C
C The User will indemnify the University of Strathclyde and keep it
C fully and effectively indemnified against each and every claim made
C against the University as a result of the User's use of the data.
C
C-----------------------------------------------------------------------
