   50    /W :29 photon emissivity coefficients/
--------------------------------------------------------------------------------
    1    1    1    1    1    1    1    1    1    1    1    1    1    1
    1    1    1    1    1    1    1    1    1    1    1    1    1    1
    1    1    1    1    1    1    1    1    1    1    1    1    1    1
    1    1    1    1    1    1    1    1    1    1    1    1    1    1
    1    1    1    1    1    1    1    1    1    1    1    1    1    1
    1    1    1    1    1
--------------------------------------------------------------------------------
//#01/p00/ 00/p01/ 01/p02/ 02/p03/ 03/p04/ 04/p05/ 05/p06/ 06/p07/ 07/p08/ 08/  
      p09/ 09/p10/ 10/p11/ 11/p12/ 12/p13/ 13/p14/ 14/p15/ 15/p16/ 16/p17/ 17/  
      p18/ 18/p19/ 19/p20/ 20/p21/ 21/p22/ 22/p23/ 23/p24/ 24/p25/ 25/p26/ 26/  
      p27/ 27/p28/ 28/p29/ 29/p30/ 30/p31/ 31/p32/ 32/p33/ 33/p34/ 34/p35/ 35/  
      p36/ 36/p37/ 37/p38/ 38/p39/ 39/p40/ 40/p41/ 41/p42/ 42/p43/ 43/p44/ 44/  
      p45/ 45/p46/ 46/p47/ 47/p48/ 48/p49/ 49/p50/ 50/p51/ 51/p52/ 52/p53/ 53/  
      p54/ 54/p55/ 55/p56/ 56/p57/ 57/p58/ 58/p59/ 59/p60/ 60/p61/ 61/p62/ 62/  
      p63/ 63/p64/ 64/p65/ 65/p66/ 66/p67/ 67/p68/ 68/p69/ 69/p70/ 70/p71/ 71/  
      p72/ 72/p73/ 73/p74/ 74/                                                  
--------------------------------------------------------------------------------
  20.0503    7  14 /pl=01:ss=29:pb= 1:sz=29/type=excit/ispb = t/isel =    1
 1.00E+10 1.00E+11 1.00E+12 1.00E+13 1.00E+14 1.00E+15 1.00E+16
 1.55E+01 2.33E+01 3.88E+01 7.75E+01 1.55E+02 3.88E+02 7.76E+02 1.16E+03
 1.55E+03 2.33E+03 3.88E+03 7.76E+03 1.55E+04 2.33E+04
 4.03E-28 1.95E-22 6.39E-18 1.42E-14 6.34E-13 5.78E-12 1.17E-11 1.49E-11
 1.69E-11 1.93E-11 2.16E-11 2.31E-11 2.30E-11 2.23E-11
 4.03E-28 1.95E-22 6.39E-18 1.42E-14 6.33E-13 5.78E-12 1.17E-11 1.49E-11
 1.69E-11 1.93E-11 2.16E-11 2.31E-11 2.30E-11 2.23E-11
 4.03E-28 1.95E-22 6.39E-18 1.42E-14 6.33E-13 5.75E-12 1.16E-11 1.48E-11
 1.68E-11 1.92E-11 2.14E-11 2.30E-11 2.29E-11 2.22E-11
 4.03E-28 1.95E-22 6.39E-18 1.42E-14 6.29E-13 5.58E-12 1.11E-11 1.41E-11
 1.59E-11 1.82E-11 2.05E-11 2.21E-11 2.21E-11 2.15E-11
 4.03E-28 1.95E-22 6.39E-18 1.42E-14 6.08E-13 5.03E-12 9.77E-12 1.23E-11
 1.39E-11 1.59E-11 1.80E-11 1.96E-11 1.99E-11 1.95E-11
 4.03E-28 1.95E-22 6.39E-18 1.41E-14 5.84E-13 4.64E-12 8.95E-12 1.13E-11
 1.27E-11 1.46E-11 1.65E-11 1.80E-11 1.83E-11 1.79E-11
 4.04E-28 1.96E-22 6.39E-18 1.41E-14 5.73E-13 4.50E-12 8.65E-12 1.09E-11
 1.23E-11 1.41E-11 1.60E-11 1.75E-11 1.77E-11 1.74E-11
  20.0975    7  14 /pl=01:ss=29:pb= 1:sz=29/type=excit/ispb = t/isel =    2
 1.00E+10 1.00E+11 1.00E+12 1.00E+13 1.00E+14 1.00E+15 1.00E+16
 1.55E+01 2.33E+01 3.88E+01 7.75E+01 1.55E+02 3.88E+02 7.76E+02 1.16E+03
 1.55E+03 2.33E+03 3.88E+03 7.76E+03 1.55E+04 2.33E+04
 4.27E-28 2.01E-22 6.43E-18 1.41E-14 6.33E-13 5.82E-12 1.18E-11 1.49E-11
 1.69E-11 1.92E-11 2.13E-11 2.27E-11 2.25E-11 2.17E-11
 4.27E-28 2.01E-22 6.43E-18 1.41E-14 6.33E-13 5.81E-12 1.18E-11 1.49E-11
 1.69E-11 1.91E-11 2.12E-11 2.27E-11 2.25E-11 2.17E-11
 4.27E-28 2.01E-22 6.43E-18 1.41E-14 6.33E-13 5.79E-12 1.17E-11 1.48E-11
 1.68E-11 1.90E-11 2.11E-11 2.26E-11 2.24E-11 2.16E-11
 4.27E-28 2.01E-22 6.43E-18 1.41E-14 6.29E-13 5.61E-12 1.12E-11 1.41E-11
 1.59E-11 1.81E-11 2.02E-11 2.17E-11 2.16E-11 2.10E-11
 4.27E-28 2.01E-22 6.43E-18 1.41E-14 6.08E-13 5.06E-12 9.81E-12 1.23E-11
 1.39E-11 1.58E-11 1.77E-11 1.93E-11 1.94E-11 1.90E-11
 4.27E-28 2.01E-22 6.43E-18 1.40E-14 5.83E-13 4.66E-12 8.98E-12 1.13E-11
 1.27E-11 1.45E-11 1.62E-11 1.77E-11 1.79E-11 1.75E-11
 4.28E-28 2.01E-22 6.43E-18 1.40E-14 5.72E-13 4.52E-12 8.68E-12 1.09E-11
 1.23E-11 1.40E-11 1.57E-11 1.71E-11 1.73E-11 1.70E-11
  20.1136    7  14 /pl=01:ss=29:pb= 1:sz=29/type=excit/ispb = t/isel =    3
 1.00E+10 1.00E+11 1.00E+12 1.00E+13 1.00E+14 1.00E+15 1.00E+16
 1.55E+01 2.33E+01 3.88E+01 7.75E+01 1.55E+02 3.88E+02 7.76E+02 1.16E+03
 1.55E+03 2.33E+03 3.88E+03 7.76E+03 1.55E+04 2.33E+04
 5.53E-28 2.57E-22 8.12E-18 1.75E-14 7.64E-13 6.90E-12 1.40E-11 1.78E-11
 2.02E-11 2.31E-11 2.59E-11 2.79E-11 2.78E-11 2.70E-11
 5.53E-28 2.57E-22 8.12E-18 1.75E-14 7.64E-13 6.90E-12 1.40E-11 1.78E-11
 2.01E-11 2.31E-11 2.59E-11 2.79E-11 2.78E-11 2.70E-11
 5.53E-28 2.57E-22 8.12E-18 1.75E-14 7.64E-13 6.87E-12 1.39E-11 1.76E-11
 2.00E-11 2.29E-11 2.57E-11 2.78E-11 2.77E-11 2.69E-11
 5.53E-28 2.57E-22 8.12E-18 1.75E-14 7.58E-13 6.66E-12 1.33E-11 1.68E-11
 1.90E-11 2.18E-11 2.46E-11 2.67E-11 2.68E-11 2.61E-11
 5.53E-28 2.57E-22 8.12E-18 1.74E-14 7.34E-13 6.02E-12 1.17E-11 1.47E-11
 1.66E-11 1.91E-11 2.16E-11 2.37E-11 2.41E-11 2.36E-11
 5.53E-28 2.57E-22 8.12E-18 1.74E-14 7.04E-13 5.54E-12 1.07E-11 1.34E-11
 1.52E-11 1.75E-11 1.98E-11 2.18E-11 2.21E-11 2.17E-11
 5.54E-28 2.58E-22 8.13E-18 1.73E-14 6.91E-13 5.37E-12 1.03E-11 1.30E-11
 1.47E-11 1.69E-11 1.92E-11 2.11E-11 2.15E-11 2.11E-11
  20.1696    7  14 /pl=01:ss=29:pb= 1:sz=29/type=excit/ispb = t/isel =    4
 1.00E+10 1.00E+11 1.00E+12 1.00E+13 1.00E+14 1.00E+15 1.00E+16
 1.55E+01 2.33E+01 3.88E+01 7.75E+01 1.55E+02 3.88E+02 7.76E+02 1.16E+03
 1.55E+03 2.33E+03 3.88E+03 7.76E+03 1.55E+04 2.33E+04
 8.99E-28 4.03E-22 1.23E-17 2.56E-14 1.07E-12 9.32E-12 1.88E-11 2.40E-11
 2.73E-11 3.15E-11 3.57E-11 3.88E-11 3.90E-11 3.79E-11
 8.99E-28 4.03E-22 1.23E-17 2.56E-14 1.07E-12 9.32E-12 1.88E-11 2.40E-11
 2.73E-11 3.15E-11 3.57E-11 3.88E-11 3.90E-11 3.79E-11
 8.99E-28 4.03E-22 1.23E-17 2.56E-14 1.07E-12 9.28E-12 1.87E-11 2.39E-11
 2.71E-11 3.13E-11 3.55E-11 3.86E-11 3.88E-11 3.78E-11
 8.99E-28 4.03E-22 1.23E-17 2.56E-14 1.06E-12 9.00E-12 1.78E-11 2.27E-11
 2.58E-11 2.98E-11 3.38E-11 3.71E-11 3.75E-11 3.67E-11
 8.99E-28 4.03E-22 1.23E-17 2.55E-14 1.03E-12 8.12E-12 1.57E-11 1.98E-11
 2.25E-11 2.60E-11 2.97E-11 3.29E-11 3.37E-11 3.32E-11
 8.99E-28 4.03E-22 1.23E-17 2.54E-14 9.88E-13 7.48E-12 1.43E-11 1.81E-11
 2.06E-11 2.38E-11 2.73E-11 3.02E-11 3.10E-11 3.05E-11
 9.00E-28 4.03E-22 1.24E-17 2.53E-14 9.69E-13 7.25E-12 1.39E-11 1.75E-11
 1.99E-11 2.31E-11 2.64E-11 2.93E-11 3.01E-11 2.96E-11
  20.2149    7  14 /pl=01:ss=29:pb= 1:sz=29/type=excit/ispb = t/isel =    5
 1.00E+10 1.00E+11 1.00E+12 1.00E+13 1.00E+14 1.00E+15 1.00E+16
 1.55E+01 2.33E+01 3.88E+01 7.75E+01 1.55E+02 3.88E+02 7.76E+02 1.16E+03
 1.55E+03 2.33E+03 3.88E+03 7.76E+03 1.55E+04 2.33E+04
 4.87E-28 2.12E-22 6.31E-18 1.29E-14 5.43E-13 4.82E-12 9.79E-12 1.25E-11
 1.42E-11 1.63E-11 1.84E-11 1.98E-11 1.98E-11 1.92E-11
 4.87E-28 2.12E-22 6.31E-18 1.29E-14 5.43E-13 4.82E-12 9.78E-12 1.25E-11
 1.42E-11 1.63E-11 1.83E-11 1.98E-11 1.98E-11 1.92E-11
 4.87E-28 2.12E-22 6.31E-18 1.29E-14 5.43E-13 4.80E-12 9.72E-12 1.24E-11
 1.41E-11 1.62E-11 1.82E-11 1.97E-11 1.97E-11 1.92E-11
 4.87E-28 2.12E-22 6.31E-18 1.29E-14 5.39E-13 4.65E-12 9.28E-12 1.18E-11
 1.34E-11 1.54E-11 1.74E-11 1.90E-11 1.91E-11 1.86E-11
 4.87E-28 2.12E-22 6.31E-18 1.28E-14 5.21E-13 4.20E-12 8.15E-12 1.03E-11
 1.17E-11 1.34E-11 1.53E-11 1.68E-11 1.71E-11 1.68E-11
 4.87E-28 2.12E-22 6.31E-18 1.28E-14 5.00E-13 3.87E-12 7.47E-12 9.43E-12
 1.07E-11 1.23E-11 1.40E-11 1.55E-11 1.57E-11 1.55E-11
 4.88E-28 2.12E-22 6.31E-18 1.27E-14 4.91E-13 3.75E-12 7.22E-12 9.11E-12
 1.03E-11 1.19E-11 1.36E-11 1.50E-11 1.53E-11 1.50E-11
  25.8238    7  14 /pl=01:ss=29:pb= 1:sz=29/type=excit/ispb = t/isel =    6
 1.00E+10 1.00E+11 1.00E+12 1.00E+13 1.00E+14 1.00E+15 1.00E+16
 1.55E+01 2.33E+01 3.88E+01 7.75E+01 1.55E+02 3.88E+02 7.76E+02 1.16E+03
 1.55E+03 2.33E+03 3.88E+03 7.76E+03 1.55E+04 2.33E+04
 1.54E-29 2.97E-23 2.88E-18 1.36E-14 7.94E-13 7.32E-12 1.31E-11 1.49E-11
 1.55E-11 1.53E-11 1.41E-11 1.17E-11 9.13E-12 7.76E-12
 1.54E-29 2.97E-23 2.88E-18 1.36E-14 7.94E-13 7.32E-12 1.31E-11 1.49E-11
 1.55E-11 1.53E-11 1.41E-11 1.17E-11 9.13E-12 7.76E-12
 1.54E-29 2.97E-23 2.88E-18 1.36E-14 7.94E-13 7.29E-12 1.30E-11 1.48E-11
 1.53E-11 1.52E-11 1.41E-11 1.17E-11 9.09E-12 7.73E-12
 1.54E-29 2.97E-23 2.88E-18 1.36E-14 7.88E-13 7.06E-12 1.24E-11 1.41E-11
 1.46E-11 1.45E-11 1.34E-11 1.12E-11 8.80E-12 7.50E-12
 1.54E-29 2.97E-23 2.88E-18 1.36E-14 7.63E-13 6.37E-12 1.09E-11 1.23E-11
 1.27E-11 1.27E-11 1.18E-11 9.95E-12 7.90E-12 6.79E-12
 1.54E-29 2.97E-23 2.88E-18 1.35E-14 7.31E-13 5.87E-12 1.00E-11 1.13E-11
 1.17E-11 1.16E-11 1.08E-11 9.13E-12 7.26E-12 6.24E-12
 1.54E-29 2.97E-23 2.88E-18 1.35E-14 7.17E-13 5.69E-12 9.67E-12 1.09E-11
 1.13E-11 1.12E-11 1.05E-11 8.87E-12 7.06E-12 6.07E-12
  27.1249    7  14 /pl=01:ss=29:pb= 1:sz=29/type=excit/ispb = t/isel =    7
 1.00E+10 1.00E+11 1.00E+12 1.00E+13 1.00E+14 1.00E+15 1.00E+16
 1.55E+01 2.33E+01 3.88E+01 7.75E+01 1.55E+02 3.88E+02 7.76E+02 1.16E+03
 1.55E+03 2.33E+03 3.88E+03 7.76E+03 1.55E+04 2.33E+04
 1.04E-23 1.60E-19 3.44E-16 1.04E-13 1.73E-12 8.67E-12 1.40E-11 1.62E-11
 1.73E-11 1.83E-11 1.87E-11 1.80E-11 1.65E-11 1.54E-11
 1.04E-23 1.60E-19 3.44E-16 1.04E-13 1.73E-12 8.67E-12 1.40E-11 1.62E-11
 1.73E-11 1.82E-11 1.87E-11 1.80E-11 1.65E-11 1.54E-11
 1.04E-23 1.60E-19 3.44E-16 1.04E-13 1.73E-12 8.63E-12 1.40E-11 1.61E-11
 1.72E-11 1.81E-11 1.86E-11 1.79E-11 1.64E-11 1.53E-11
 1.04E-23 1.60E-19 3.44E-16 1.04E-13 1.72E-12 8.38E-12 1.33E-11 1.53E-11
 1.63E-11 1.73E-11 1.77E-11 1.72E-11 1.59E-11 1.49E-11
 1.05E-23 1.61E-19 3.45E-16 1.04E-13 1.67E-12 7.60E-12 1.18E-11 1.35E-11
 1.43E-11 1.51E-11 1.56E-11 1.53E-11 1.43E-11 1.35E-11
 1.09E-23 1.66E-19 3.53E-16 1.06E-13 1.63E-12 7.12E-12 1.09E-11 1.25E-11
 1.32E-11 1.40E-11 1.44E-11 1.42E-11 1.32E-11 1.24E-11
 1.50E-23 2.16E-19 4.30E-16 1.21E-13 1.77E-12 7.45E-12 1.13E-11 1.27E-11
 1.35E-11 1.41E-11 1.45E-11 1.41E-11 1.31E-11 1.23E-11
  28.0029    7  14 /pl=01:ss=29:pb= 1:sz=29/type=excit/ispb = t/isel =    8
 1.00E+10 1.00E+11 1.00E+12 1.00E+13 1.00E+14 1.00E+15 1.00E+16
 1.55E+01 2.33E+01 3.88E+01 7.75E+01 1.55E+02 3.88E+02 7.76E+02 1.16E+03
 1.55E+03 2.33E+03 3.88E+03 7.76E+03 1.55E+04 2.33E+04
 4.89E-23 5.47E-19 8.99E-16 2.21E-13 3.27E-12 1.51E-11 2.38E-11 2.75E-11
 2.92E-11 3.10E-11 3.19E-11 3.10E-11 2.87E-11 2.68E-11
 4.89E-23 5.47E-19 8.99E-16 2.21E-13 3.27E-12 1.51E-11 2.38E-11 2.75E-11
 2.92E-11 3.10E-11 3.18E-11 3.10E-11 2.87E-11 2.68E-11
 4.89E-23 5.47E-19 8.99E-16 2.21E-13 3.27E-12 1.50E-11 2.37E-11 2.73E-11
 2.90E-11 3.08E-11 3.16E-11 3.09E-11 2.85E-11 2.67E-11
 4.89E-23 5.47E-19 8.99E-16 2.21E-13 3.24E-12 1.45E-11 2.26E-11 2.60E-11
 2.76E-11 2.93E-11 3.02E-11 2.97E-11 2.76E-11 2.59E-11
 4.90E-23 5.48E-19 9.01E-16 2.20E-13 3.14E-12 1.31E-11 1.99E-11 2.27E-11
 2.41E-11 2.56E-11 2.66E-11 2.63E-11 2.48E-11 2.34E-11
 5.01E-23 5.58E-19 9.13E-16 2.22E-13 3.04E-12 1.22E-11 1.83E-11 2.09E-11
 2.21E-11 2.35E-11 2.44E-11 2.42E-11 2.28E-11 2.15E-11
 6.08E-23 6.54E-19 1.03E-15 2.40E-13 3.17E-12 1.24E-11 1.84E-11 2.09E-11
 2.21E-11 2.34E-11 2.42E-11 2.39E-11 2.24E-11 2.12E-11
  28.1234    7  14 /pl=01:ss=29:pb= 1:sz=29/type=excit/ispb = t/isel =    9
 1.00E+10 1.00E+11 1.00E+12 1.00E+13 1.00E+14 1.00E+15 1.00E+16
 1.55E+01 2.33E+01 3.88E+01 7.75E+01 1.55E+02 3.88E+02 7.76E+02 1.16E+03
 1.55E+03 2.33E+03 3.88E+03 7.76E+03 1.55E+04 2.33E+04
 2.40E-23 2.65E-19 4.73E-16 1.51E-13 2.74E-12 1.40E-11 2.19E-11 2.45E-11
 2.54E-11 2.57E-11 2.49E-11 2.24E-11 1.93E-11 1.75E-11
 2.40E-23 2.65E-19 4.73E-16 1.51E-13 2.74E-12 1.40E-11 2.19E-11 2.45E-11
 2.53E-11 2.57E-11 2.49E-11 2.24E-11 1.93E-11 1.75E-11
 2.40E-23 2.65E-19 4.73E-16 1.51E-13 2.74E-12 1.40E-11 2.18E-11 2.43E-11
 2.52E-11 2.55E-11 2.47E-11 2.23E-11 1.92E-11 1.74E-11
 2.40E-23 2.65E-19 4.73E-16 1.51E-13 2.72E-12 1.36E-11 2.08E-11 2.32E-11
 2.39E-11 2.43E-11 2.36E-11 2.14E-11 1.86E-11 1.69E-11
 2.41E-23 2.66E-19 4.74E-16 1.50E-13 2.63E-12 1.22E-11 1.83E-11 2.02E-11
 2.09E-11 2.13E-11 2.08E-11 1.90E-11 1.67E-11 1.53E-11
 2.50E-23 2.73E-19 4.84E-16 1.51E-13 2.54E-12 1.13E-11 1.68E-11 1.86E-11
 1.92E-11 1.95E-11 1.91E-11 1.75E-11 1.54E-11 1.41E-11
 3.34E-23 3.46E-19 5.70E-16 1.65E-13 2.63E-12 1.14E-11 1.68E-11 1.84E-11
 1.90E-11 1.93E-11 1.88E-11 1.72E-11 1.51E-11 1.38E-11
  28.1765    7  14 /pl=01:ss=29:pb= 1:sz=29/type=excit/ispb = t/isel =   10
 1.00E+10 1.00E+11 1.00E+12 1.00E+13 1.00E+14 1.00E+15 1.00E+16
 1.55E+01 2.33E+01 3.88E+01 7.75E+01 1.55E+02 3.88E+02 7.76E+02 1.16E+03
 1.55E+03 2.33E+03 3.88E+03 7.76E+03 1.55E+04 2.33E+04
 7.29E-23 7.76E-19 1.27E-15 3.41E-13 5.63E-12 2.83E-11 4.52E-11 5.14E-11
 5.38E-11 5.56E-11 5.51E-11 5.13E-11 4.55E-11 4.17E-11
 7.29E-23 7.76E-19 1.27E-15 3.41E-13 5.63E-12 2.83E-11 4.52E-11 5.14E-11
 5.38E-11 5.55E-11 5.51E-11 5.13E-11 4.55E-11 4.16E-11
 7.29E-23 7.76E-19 1.27E-15 3.41E-13 5.63E-12 2.82E-11 4.49E-11 5.10E-11
 5.34E-11 5.52E-11 5.47E-11 5.10E-11 4.53E-11 4.15E-11
 7.29E-23 7.76E-19 1.27E-15 3.41E-13 5.59E-12 2.74E-11 4.29E-11 4.86E-11
 5.09E-11 5.25E-11 5.23E-11 4.91E-11 4.38E-11 4.03E-11
 7.31E-23 7.78E-19 1.27E-15 3.40E-13 5.42E-12 2.48E-11 3.79E-11 4.27E-11
 4.46E-11 4.61E-11 4.61E-11 4.37E-11 3.95E-11 3.65E-11
 7.49E-23 7.93E-19 1.29E-15 3.42E-13 5.26E-12 2.31E-11 3.50E-11 3.94E-11
 4.11E-11 4.25E-11 4.25E-11 4.03E-11 3.64E-11 3.37E-11
 9.18E-23 9.37E-19 1.46E-15 3.69E-13 5.44E-12 2.33E-11 3.49E-11 3.91E-11
 4.07E-11 4.20E-11 4.19E-11 3.96E-11 3.57E-11 3.30E-11
  28.3466    7  14 /pl=01:ss=29:pb= 1:sz=29/type=excit/ispb = t/isel =   11
 1.00E+10 1.00E+11 1.00E+12 1.00E+13 1.00E+14 1.00E+15 1.00E+16
 1.55E+01 2.33E+01 3.88E+01 7.75E+01 1.55E+02 3.88E+02 7.76E+02 1.16E+03
 1.55E+03 2.33E+03 3.88E+03 7.76E+03 1.55E+04 2.33E+04
 6.71E-23 6.70E-19 1.00E-15 2.29E-13 3.29E-12 1.49E-11 2.36E-11 2.71E-11
 2.89E-11 3.06E-11 3.14E-11 3.05E-11 2.81E-11 2.63E-11
 6.71E-23 6.70E-19 1.00E-15 2.29E-13 3.29E-12 1.49E-11 2.36E-11 2.71E-11
 2.89E-11 3.05E-11 3.14E-11 3.05E-11 2.81E-11 2.63E-11
 6.71E-23 6.70E-19 1.00E-15 2.29E-13 3.29E-12 1.49E-11 2.35E-11 2.69E-11
 2.87E-11 3.03E-11 3.12E-11 3.03E-11 2.80E-11 2.62E-11
 6.72E-23 6.70E-19 1.00E-15 2.29E-13 3.26E-12 1.44E-11 2.25E-11 2.56E-11
 2.73E-11 2.89E-11 2.98E-11 2.92E-11 2.71E-11 2.55E-11
 6.74E-23 6.72E-19 1.00E-15 2.29E-13 3.17E-12 1.31E-11 1.98E-11 2.25E-11
 2.39E-11 2.53E-11 2.63E-11 2.60E-11 2.44E-11 2.31E-11
 6.96E-23 6.90E-19 1.02E-15 2.32E-13 3.08E-12 1.22E-11 1.83E-11 2.07E-11
 2.21E-11 2.33E-11 2.42E-11 2.39E-11 2.25E-11 2.13E-11
 9.11E-23 8.62E-19 1.21E-15 2.60E-13 3.30E-12 1.26E-11 1.87E-11 2.10E-11
 2.22E-11 2.34E-11 2.41E-11 2.37E-11 2.22E-11 2.09E-11
  28.3595    7  14 /pl=01:ss=29:pb= 1:sz=29/type=excit/ispb = t/isel =   12
 1.00E+10 1.00E+11 1.00E+12 1.00E+13 1.00E+14 1.00E+15 1.00E+16
 1.55E+01 2.33E+01 3.88E+01 7.75E+01 1.55E+02 3.88E+02 7.76E+02 1.16E+03
 1.55E+03 2.33E+03 3.88E+03 7.76E+03 1.55E+04 2.33E+04
 4.09E-23 4.09E-19 6.31E-16 1.60E-13 2.54E-12 1.23E-11 1.95E-11 2.21E-11
 2.33E-11 2.42E-11 2.42E-11 2.28E-11 2.05E-11 1.89E-11
 4.09E-23 4.09E-19 6.31E-16 1.60E-13 2.54E-12 1.23E-11 1.95E-11 2.21E-11
 2.33E-11 2.42E-11 2.42E-11 2.28E-11 2.05E-11 1.89E-11
 4.09E-23 4.09E-19 6.31E-16 1.60E-13 2.54E-12 1.23E-11 1.94E-11 2.20E-11
 2.31E-11 2.40E-11 2.41E-11 2.27E-11 2.04E-11 1.88E-11
 4.10E-23 4.09E-19 6.31E-16 1.60E-13 2.53E-12 1.19E-11 1.85E-11 2.09E-11
 2.20E-11 2.28E-11 2.30E-11 2.18E-11 1.97E-11 1.83E-11
 4.11E-23 4.10E-19 6.33E-16 1.60E-13 2.45E-12 1.08E-11 1.63E-11 1.83E-11
 1.92E-11 2.00E-11 2.02E-11 1.94E-11 1.77E-11 1.65E-11
 4.23E-23 4.20E-19 6.44E-16 1.61E-13 2.37E-12 1.00E-11 1.50E-11 1.68E-11
 1.77E-11 1.84E-11 1.86E-11 1.78E-11 1.63E-11 1.52E-11
 5.44E-23 5.17E-19 7.53E-16 1.78E-13 2.49E-12 1.02E-11 1.51E-11 1.69E-11
 1.76E-11 1.83E-11 1.84E-11 1.76E-11 1.61E-11 1.50E-11
  32.4301    7  14 /pl=01:ss=29:pb= 1:sz=29/type=excit/ispb = t/isel =   13
 1.00E+10 1.00E+11 1.00E+12 1.00E+13 1.00E+14 1.00E+15 1.00E+16
 1.55E+01 2.33E+01 3.88E+01 7.75E+01 1.55E+02 3.88E+02 7.76E+02 1.16E+03
 1.55E+03 2.33E+03 3.88E+03 7.76E+03 1.55E+04 2.33E+04
 1.95E-21 5.93E-18 3.35E-15 3.49E-13 3.28E-12 1.14E-11 1.57E-11 1.66E-11
 1.66E-11 1.60E-11 1.47E-11 1.23E-11 9.97E-12 8.71E-12
 1.95E-21 5.93E-18 3.35E-15 3.49E-13 3.28E-12 1.14E-11 1.57E-11 1.66E-11
 1.66E-11 1.60E-11 1.47E-11 1.23E-11 9.97E-12 8.71E-12
 1.95E-21 5.93E-18 3.35E-15 3.49E-13 3.28E-12 1.14E-11 1.56E-11 1.65E-11
 1.65E-11 1.59E-11 1.46E-11 1.23E-11 9.93E-12 8.68E-12
 1.95E-21 5.93E-18 3.35E-15 3.48E-13 3.26E-12 1.11E-11 1.51E-11 1.59E-11
 1.59E-11 1.53E-11 1.40E-11 1.19E-11 9.67E-12 8.47E-12
 1.95E-21 5.93E-18 3.34E-15 3.48E-13 3.20E-12 1.04E-11 1.39E-11 1.46E-11
 1.46E-11 1.41E-11 1.30E-11 1.10E-11 9.03E-12 7.94E-12
 1.94E-21 5.89E-18 3.31E-15 3.43E-13 3.13E-12 1.01E-11 1.34E-11 1.41E-11
 1.41E-11 1.36E-11 1.25E-11 1.07E-11 8.75E-12 7.70E-12
 1.86E-21 5.53E-18 3.00E-15 2.99E-13 2.66E-12 8.48E-12 1.14E-11 1.21E-11
 1.22E-11 1.20E-11 1.12E-11 9.72E-12 8.11E-12 7.20E-12
  32.9701    7  14 /pl=01:ss=29:pb= 1:sz=29/type=excit/ispb = t/isel =   14
 1.00E+10 1.00E+11 1.00E+12 1.00E+13 1.00E+14 1.00E+15 1.00E+16
 1.55E+01 2.33E+01 3.88E+01 7.75E+01 1.55E+02 3.88E+02 7.76E+02 1.16E+03
 1.55E+03 2.33E+03 3.88E+03 7.76E+03 1.55E+04 2.33E+04
 4.40E-21 1.17E-17 5.92E-15 5.62E-13 4.90E-12 1.56E-11 2.06E-11 2.14E-11
 2.12E-11 2.04E-11 1.86E-11 1.56E-11 1.27E-11 1.12E-11
 4.40E-21 1.17E-17 5.92E-15 5.62E-13 4.90E-12 1.56E-11 2.06E-11 2.14E-11
 2.12E-11 2.04E-11 1.86E-11 1.56E-11 1.27E-11 1.12E-11
 4.40E-21 1.17E-17 5.92E-15 5.62E-13 4.90E-12 1.56E-11 2.05E-11 2.13E-11
 2.11E-11 2.03E-11 1.85E-11 1.55E-11 1.27E-11 1.11E-11
 4.40E-21 1.17E-17 5.92E-15 5.62E-13 4.88E-12 1.53E-11 1.98E-11 2.06E-11
 2.04E-11 1.96E-11 1.79E-11 1.51E-11 1.24E-11 1.09E-11
 4.40E-21 1.17E-17 5.92E-15 5.61E-13 4.77E-12 1.41E-11 1.79E-11 1.85E-11
 1.84E-11 1.77E-11 1.62E-11 1.38E-11 1.14E-11 1.01E-11
 4.40E-21 1.17E-17 5.89E-15 5.54E-13 4.57E-12 1.31E-11 1.66E-11 1.71E-11
 1.70E-11 1.64E-11 1.50E-11 1.28E-11 1.06E-11 9.41E-12
 4.35E-21 1.14E-17 5.60E-15 5.07E-13 4.05E-12 1.15E-11 1.48E-11 1.54E-11
 1.54E-11 1.49E-11 1.39E-11 1.20E-11 1.01E-11 8.95E-12
  33.2165    7  14 /pl=01:ss=29:pb= 1:sz=29/type=excit/ispb = t/isel =   15
 1.00E+10 1.00E+11 1.00E+12 1.00E+13 1.00E+14 1.00E+15 1.00E+16
 1.55E+01 2.33E+01 3.88E+01 7.75E+01 1.55E+02 3.88E+02 7.76E+02 1.16E+03
 1.55E+03 2.33E+03 3.88E+03 7.76E+03 1.55E+04 2.33E+04
 3.43E-21 8.68E-18 4.35E-15 4.51E-13 4.63E-12 1.77E-11 2.54E-11 2.75E-11
 2.79E-11 2.75E-11 2.59E-11 2.26E-11 1.90E-11 1.70E-11
 3.43E-21 8.68E-18 4.35E-15 4.51E-13 4.63E-12 1.77E-11 2.54E-11 2.74E-11
 2.79E-11 2.75E-11 2.59E-11 2.26E-11 1.90E-11 1.70E-11
 3.43E-21 8.68E-18 4.35E-15 4.51E-13 4.62E-12 1.77E-11 2.53E-11 2.73E-11
 2.77E-11 2.74E-11 2.58E-11 2.25E-11 1.90E-11 1.70E-11
 3.43E-21 8.68E-18 4.35E-15 4.51E-13 4.61E-12 1.73E-11 2.45E-11 2.64E-11
 2.68E-11 2.64E-11 2.49E-11 2.19E-11 1.85E-11 1.66E-11
 3.43E-21 8.68E-18 4.34E-15 4.49E-13 4.51E-12 1.61E-11 2.22E-11 2.37E-11
 2.41E-11 2.38E-11 2.25E-11 1.99E-11 1.70E-11 1.53E-11
 3.42E-21 8.61E-18 4.27E-15 4.35E-13 4.21E-12 1.44E-11 1.99E-11 2.13E-11
 2.16E-11 2.14E-11 2.04E-11 1.81E-11 1.56E-11 1.40E-11
 3.34E-21 8.06E-18 3.67E-15 3.35E-13 3.02E-12 1.01E-11 1.43E-11 1.56E-11
 1.60E-11 1.63E-11 1.59E-11 1.47E-11 1.31E-11 1.20E-11
  42.2529    7  14 /pl=01:ss=29:pb= 1:sz=29/type=excit/ispb = t/isel =   16
 1.00E+10 1.00E+11 1.00E+12 1.00E+13 1.00E+14 1.00E+15 1.00E+16
 1.55E+01 2.33E+01 3.88E+01 7.75E+01 1.55E+02 3.88E+02 7.76E+02 1.16E+03
 1.55E+03 2.33E+03 3.88E+03 7.76E+03 1.55E+04 2.33E+04
 1.14E-25 1.19E-20 1.12E-16 9.25E-14 2.25E-12 1.24E-11 1.88E-11 2.03E-11
 2.03E-11 1.96E-11 1.76E-11 1.42E-11 1.10E-11 9.31E-12
 1.14E-25 1.19E-20 1.12E-16 9.25E-14 2.25E-12 1.24E-11 1.88E-11 2.03E-11
 2.03E-11 1.96E-11 1.76E-11 1.42E-11 1.10E-11 9.30E-12
 1.14E-25 1.19E-20 1.12E-16 9.25E-14 2.25E-12 1.24E-11 1.87E-11 2.01E-11
 2.01E-11 1.94E-11 1.75E-11 1.41E-11 1.09E-11 9.27E-12
 1.14E-25 1.19E-20 1.12E-16 9.25E-14 2.23E-12 1.20E-11 1.78E-11 1.92E-11
 1.91E-11 1.85E-11 1.67E-11 1.36E-11 1.06E-11 9.00E-12
 1.14E-25 1.19E-20 1.12E-16 9.22E-14 2.16E-12 1.08E-11 1.57E-11 1.67E-11
 1.67E-11 1.62E-11 1.47E-11 1.21E-11 9.51E-12 8.14E-12
 1.14E-25 1.19E-20 1.12E-16 9.18E-14 2.07E-12 9.96E-12 1.43E-11 1.53E-11
 1.53E-11 1.48E-11 1.34E-11 1.11E-11 8.74E-12 7.48E-12
 1.15E-25 1.19E-20 1.12E-16 9.16E-14 2.03E-12 9.65E-12 1.39E-11 1.48E-11
 1.48E-11 1.43E-11 1.30E-11 1.07E-11 8.49E-12 7.27E-12
  42.6658    7  14 /pl=01:ss=29:pb= 1:sz=29/type=excit/ispb = t/isel =   17
 1.00E+10 1.00E+11 1.00E+12 1.00E+13 1.00E+14 1.00E+15 1.00E+16
 1.55E+01 2.33E+01 3.88E+01 7.75E+01 1.55E+02 3.88E+02 7.76E+02 1.16E+03
 1.55E+03 2.33E+03 3.88E+03 7.76E+03 1.55E+04 2.33E+04
 2.02E-25 2.10E-20 1.97E-16 1.63E-13 3.96E-12 2.19E-11 3.31E-11 3.57E-11
 3.57E-11 3.44E-11 3.10E-11 2.50E-11 1.94E-11 1.64E-11
 2.02E-25 2.10E-20 1.97E-16 1.63E-13 3.96E-12 2.19E-11 3.31E-11 3.57E-11
 3.57E-11 3.44E-11 3.10E-11 2.50E-11 1.94E-11 1.64E-11
 2.02E-25 2.10E-20 1.97E-16 1.63E-13 3.96E-12 2.18E-11 3.29E-11 3.55E-11
 3.54E-11 3.42E-11 3.08E-11 2.49E-11 1.93E-11 1.63E-11
 2.02E-25 2.10E-20 1.97E-16 1.63E-13 3.93E-12 2.11E-11 3.14E-11 3.37E-11
 3.37E-11 3.25E-11 2.94E-11 2.39E-11 1.86E-11 1.58E-11
 2.02E-25 2.10E-20 1.97E-16 1.62E-13 3.80E-12 1.90E-11 2.76E-11 2.95E-11
 2.94E-11 2.84E-11 2.58E-11 2.12E-11 1.67E-11 1.43E-11
 2.02E-25 2.10E-20 1.97E-16 1.62E-13 3.65E-12 1.75E-11 2.52E-11 2.70E-11
 2.69E-11 2.60E-11 2.37E-11 1.95E-11 1.54E-11 1.32E-11
 2.02E-25 2.10E-20 1.97E-16 1.61E-13 3.58E-12 1.70E-11 2.44E-11 2.60E-11
 2.60E-11 2.52E-11 2.29E-11 1.89E-11 1.49E-11 1.28E-11
  48.3546    7  14 /pl=01:ss=29:pb= 1:sz=29/type=excit/ispb = t/isel =   18
 1.00E+10 1.00E+11 1.00E+12 1.00E+13 1.00E+14 1.00E+15 1.00E+16
 1.55E+01 2.33E+01 3.88E+01 7.75E+01 1.55E+02 3.88E+02 7.76E+02 1.16E+03
 1.55E+03 2.33E+03 3.88E+03 7.76E+03 1.55E+04 2.33E+04
 1.25E-15 2.52E-13 1.62E-11 3.18E-10 1.23E-09 2.37E-09 2.69E-09 2.71E-09
 2.66E-09 2.54E-09 2.34E-09 2.02E-09 1.70E-09 1.52E-09
 1.25E-15 2.52E-13 1.62E-11 3.18E-10 1.23E-09 2.37E-09 2.68E-09 2.70E-09
 2.65E-09 2.53E-09 2.34E-09 2.02E-09 1.70E-09 1.52E-09
 1.25E-15 2.52E-13 1.62E-11 3.18E-10 1.23E-09 2.36E-09 2.67E-09 2.69E-09
 2.64E-09 2.52E-09 2.32E-09 2.01E-09 1.70E-09 1.51E-09
 1.25E-15 2.52E-13 1.62E-11 3.18E-10 1.22E-09 2.29E-09 2.55E-09 2.55E-09
 2.51E-09 2.40E-09 2.22E-09 1.93E-09 1.64E-09 1.47E-09
 1.25E-15 2.52E-13 1.62E-11 3.17E-10 1.18E-09 2.06E-09 2.24E-09 2.23E-09
 2.19E-09 2.09E-09 1.95E-09 1.71E-09 1.47E-09 1.33E-09
 1.25E-15 2.52E-13 1.62E-11 3.16E-10 1.13E-09 1.90E-09 2.05E-09 2.04E-09
 2.00E-09 1.92E-09 1.78E-09 1.57E-09 1.35E-09 1.22E-09
 1.25E-15 2.52E-13 1.62E-11 3.15E-10 1.11E-09 1.84E-09 1.98E-09 1.97E-09
 1.93E-09 1.85E-09 1.73E-09 1.53E-09 1.31E-09 1.19E-09
  48.8961    7  14 /pl=01:ss=29:pb= 1:sz=29/type=excit/ispb = t/isel =   19
 1.00E+10 1.00E+11 1.00E+12 1.00E+13 1.00E+14 1.00E+15 1.00E+16
 1.55E+01 2.33E+01 3.88E+01 7.75E+01 1.55E+02 3.88E+02 7.76E+02 1.16E+03
 1.55E+03 2.33E+03 3.88E+03 7.76E+03 1.55E+04 2.33E+04
 9.80E-16 1.87E-13 1.14E-11 2.16E-10 8.20E-10 1.57E-09 1.77E-09 1.78E-09
 1.75E-09 1.67E-09 1.54E-09 1.33E-09 1.12E-09 9.95E-10
 9.80E-16 1.87E-13 1.14E-11 2.16E-10 8.20E-10 1.57E-09 1.77E-09 1.77E-09
 1.75E-09 1.67E-09 1.54E-09 1.33E-09 1.12E-09 9.95E-10
 9.80E-16 1.87E-13 1.14E-11 2.16E-10 8.19E-10 1.56E-09 1.76E-09 1.76E-09
 1.73E-09 1.66E-09 1.53E-09 1.32E-09 1.11E-09 9.91E-10
 9.80E-16 1.87E-13 1.14E-11 2.16E-10 8.13E-10 1.51E-09 1.68E-09 1.68E-09
 1.65E-09 1.58E-09 1.46E-09 1.27E-09 1.08E-09 9.63E-10
 9.80E-16 1.87E-13 1.14E-11 2.15E-10 7.87E-10 1.36E-09 1.48E-09 1.46E-09
 1.44E-09 1.38E-09 1.28E-09 1.13E-09 9.65E-10 8.70E-10
 9.80E-16 1.87E-13 1.14E-11 2.14E-10 7.54E-10 1.26E-09 1.35E-09 1.34E-09
 1.32E-09 1.26E-09 1.17E-09 1.04E-09 8.87E-10 8.00E-10
 9.80E-16 1.87E-13 1.14E-11 2.14E-10 7.40E-10 1.22E-09 1.30E-09 1.29E-09
 1.27E-09 1.22E-09 1.14E-09 1.00E-09 8.61E-10 7.77E-10
  52.1879    7  14 /pl=01:ss=29:pb= 1:sz=29/type=excit/ispb = t/isel =   20
 1.00E+10 1.00E+11 1.00E+12 1.00E+13 1.00E+14 1.00E+15 1.00E+16
 1.55E+01 2.33E+01 3.88E+01 7.75E+01 1.55E+02 3.88E+02 7.76E+02 1.16E+03
 1.55E+03 2.33E+03 3.88E+03 7.76E+03 1.55E+04 2.33E+04
 2.41E-18 3.26E-16 1.54E-14 3.34E-13 2.90E-12 1.45E-11 2.32E-11 2.57E-11
 2.63E-11 2.58E-11 2.38E-11 1.98E-11 1.57E-11 1.35E-11
 2.41E-18 3.26E-16 1.54E-14 3.34E-13 2.90E-12 1.45E-11 2.32E-11 2.57E-11
 2.63E-11 2.58E-11 2.37E-11 1.98E-11 1.57E-11 1.35E-11
 2.41E-18 3.26E-16 1.54E-14 3.34E-13 2.89E-12 1.44E-11 2.31E-11 2.56E-11
 2.61E-11 2.56E-11 2.36E-11 1.97E-11 1.56E-11 1.35E-11
 2.41E-18 3.26E-16 1.54E-14 3.34E-13 2.87E-12 1.40E-11 2.20E-11 2.43E-11
 2.48E-11 2.44E-11 2.25E-11 1.89E-11 1.51E-11 1.31E-11
 2.41E-18 3.26E-16 1.54E-14 3.33E-13 2.79E-12 1.26E-11 1.94E-11 2.13E-11
 2.17E-11 2.14E-11 1.98E-11 1.68E-11 1.36E-11 1.19E-11
 2.41E-18 3.26E-16 1.54E-14 3.33E-13 2.69E-12 1.17E-11 1.78E-11 1.95E-11
 1.99E-11 1.96E-11 1.82E-11 1.55E-11 1.25E-11 1.09E-11
 2.41E-18 3.26E-16 1.55E-14 3.33E-13 2.64E-12 1.13E-11 1.72E-11 1.89E-11
 1.92E-11 1.90E-11 1.76E-11 1.50E-11 1.22E-11 1.06E-11
  52.3368    7  14 /pl=01:ss=29:pb= 1:sz=29/type=excit/ispb = t/isel =   21
 1.00E+10 1.00E+11 1.00E+12 1.00E+13 1.00E+14 1.00E+15 1.00E+16
 1.55E+01 2.33E+01 3.88E+01 7.75E+01 1.55E+02 3.88E+02 7.76E+02 1.16E+03
 1.55E+03 2.33E+03 3.88E+03 7.76E+03 1.55E+04 2.33E+04
 5.68E-23 7.31E-19 1.30E-15 3.04E-13 3.93E-12 1.45E-11 1.87E-11 1.89E-11
 1.81E-11 1.66E-11 1.42E-11 1.09E-11 8.02E-12 6.65E-12
 5.68E-23 7.31E-19 1.30E-15 3.04E-13 3.93E-12 1.45E-11 1.86E-11 1.88E-11
 1.81E-11 1.66E-11 1.42E-11 1.09E-11 8.02E-12 6.65E-12
 5.68E-23 7.31E-19 1.30E-15 3.04E-13 3.93E-12 1.44E-11 1.85E-11 1.87E-11
 1.80E-11 1.65E-11 1.41E-11 1.08E-11 7.98E-12 6.63E-12
 5.68E-23 7.31E-19 1.30E-15 3.04E-13 3.90E-12 1.40E-11 1.77E-11 1.78E-11
 1.71E-11 1.57E-11 1.34E-11 1.04E-11 7.72E-12 6.43E-12
 5.68E-23 7.31E-19 1.30E-15 3.03E-13 3.78E-12 1.26E-11 1.55E-11 1.55E-11
 1.49E-11 1.37E-11 1.18E-11 9.23E-12 6.93E-12 5.82E-12
 5.68E-23 7.31E-19 1.30E-15 3.02E-13 3.62E-12 1.16E-11 1.42E-11 1.42E-11
 1.36E-11 1.25E-11 1.08E-11 8.47E-12 6.37E-12 5.34E-12
 5.68E-23 7.31E-19 1.30E-15 3.01E-13 3.55E-12 1.12E-11 1.37E-11 1.37E-11
 1.32E-11 1.21E-11 1.05E-11 8.21E-12 6.19E-12 5.19E-12
  52.8346    7  14 /pl=01:ss=29:pb= 1:sz=29/type=excit/ispb = t/isel =   22
 1.00E+10 1.00E+11 1.00E+12 1.00E+13 1.00E+14 1.00E+15 1.00E+16
 1.55E+01 2.33E+01 3.88E+01 7.75E+01 1.55E+02 3.88E+02 7.76E+02 1.16E+03
 1.55E+03 2.33E+03 3.88E+03 7.76E+03 1.55E+04 2.33E+04
 6.28E-23 7.71E-19 1.31E-15 3.00E-13 3.82E-12 1.39E-11 1.78E-11 1.80E-11
 1.74E-11 1.58E-11 1.35E-11 1.03E-11 7.60E-12 6.33E-12
 6.28E-23 7.71E-19 1.31E-15 3.00E-13 3.82E-12 1.39E-11 1.78E-11 1.80E-11
 1.74E-11 1.58E-11 1.34E-11 1.03E-11 7.59E-12 6.33E-12
 6.28E-23 7.71E-19 1.31E-15 3.00E-13 3.82E-12 1.38E-11 1.77E-11 1.79E-11
 1.72E-11 1.57E-11 1.34E-11 1.03E-11 7.56E-12 6.31E-12
 6.28E-23 7.71E-19 1.31E-15 2.99E-13 3.79E-12 1.34E-11 1.69E-11 1.70E-11
 1.64E-11 1.49E-11 1.28E-11 9.86E-12 7.31E-12 6.13E-12
 6.28E-23 7.71E-19 1.31E-15 2.99E-13 3.67E-12 1.21E-11 1.49E-11 1.48E-11
 1.43E-11 1.30E-11 1.12E-11 8.75E-12 6.57E-12 5.54E-12
 6.28E-23 7.71E-19 1.31E-15 2.97E-13 3.51E-12 1.11E-11 1.36E-11 1.36E-11
 1.31E-11 1.19E-11 1.03E-11 8.03E-12 6.03E-12 5.09E-12
 6.28E-23 7.71E-19 1.31E-15 2.96E-13 3.45E-12 1.08E-11 1.31E-11 1.31E-11
 1.26E-11 1.15E-11 9.95E-12 7.79E-12 5.86E-12 4.95E-12
  54.1549    7  14 /pl=01:ss=29:pb= 1:sz=29/type=excit/ispb = t/isel =   23
 1.00E+10 1.00E+11 1.00E+12 1.00E+13 1.00E+14 1.00E+15 1.00E+16
 1.55E+01 2.33E+01 3.88E+01 7.75E+01 1.55E+02 3.88E+02 7.76E+02 1.16E+03
 1.55E+03 2.33E+03 3.88E+03 7.76E+03 1.55E+04 2.33E+04
 2.10E-15 2.36E-13 9.41E-12 1.30E-10 4.25E-10 7.45E-10 8.18E-10 8.13E-10
 7.96E-10 7.56E-10 6.93E-10 5.96E-10 4.97E-10 4.44E-10
 2.10E-15 2.36E-13 9.41E-12 1.30E-10 4.25E-10 7.45E-10 8.18E-10 8.12E-10
 7.95E-10 7.56E-10 6.92E-10 5.95E-10 4.97E-10 4.43E-10
 2.10E-15 2.36E-13 9.41E-12 1.30E-10 4.25E-10 7.42E-10 8.13E-10 8.07E-10
 7.90E-10 7.51E-10 6.88E-10 5.92E-10 4.95E-10 4.42E-10
 2.10E-15 2.36E-13 9.41E-12 1.30E-10 4.22E-10 7.19E-10 7.76E-10 7.68E-10
 7.51E-10 7.14E-10 6.57E-10 5.69E-10 4.79E-10 4.29E-10
 2.10E-15 2.36E-13 9.41E-12 1.30E-10 4.08E-10 6.49E-10 6.81E-10 6.70E-10
 6.55E-10 6.24E-10 5.77E-10 5.05E-10 4.30E-10 3.88E-10
 2.10E-15 2.36E-13 9.41E-12 1.29E-10 3.91E-10 5.97E-10 6.24E-10 6.13E-10
 5.99E-10 5.71E-10 5.29E-10 4.64E-10 3.95E-10 3.56E-10
 2.10E-15 2.36E-13 9.41E-12 1.29E-10 3.83E-10 5.78E-10 6.02E-10 5.92E-10
 5.79E-10 5.52E-10 5.12E-10 4.50E-10 3.84E-10 3.46E-10
  55.6545    7  14 /pl=01:ss=29:pb= 1:sz=29/type=excit/ispb = t/isel =   24
 1.00E+10 1.00E+11 1.00E+12 1.00E+13 1.00E+14 1.00E+15 1.00E+16
 1.55E+01 2.33E+01 3.88E+01 7.75E+01 1.55E+02 3.88E+02 7.76E+02 1.16E+03
 1.55E+03 2.33E+03 3.88E+03 7.76E+03 1.55E+04 2.33E+04
 1.36E-22 1.29E-18 1.79E-15 3.48E-13 4.11E-12 1.43E-11 1.82E-11 1.83E-11
 1.76E-11 1.60E-11 1.37E-11 1.05E-11 7.77E-12 6.49E-12
 1.36E-22 1.29E-18 1.79E-15 3.48E-13 4.11E-12 1.43E-11 1.82E-11 1.83E-11
 1.76E-11 1.60E-11 1.37E-11 1.05E-11 7.77E-12 6.49E-12
 1.36E-22 1.29E-18 1.79E-15 3.48E-13 4.11E-12 1.43E-11 1.81E-11 1.81E-11
 1.75E-11 1.59E-11 1.36E-11 1.05E-11 7.74E-12 6.46E-12
 1.36E-22 1.29E-18 1.79E-15 3.48E-13 4.08E-12 1.38E-11 1.72E-11 1.73E-11
 1.66E-11 1.51E-11 1.30E-11 1.01E-11 7.48E-12 6.28E-12
 1.36E-22 1.29E-18 1.79E-15 3.47E-13 3.95E-12 1.25E-11 1.51E-11 1.51E-11
 1.45E-11 1.32E-11 1.14E-11 8.95E-12 6.72E-12 5.67E-12
 1.36E-22 1.29E-18 1.79E-15 3.45E-13 3.78E-12 1.15E-11 1.39E-11 1.38E-11
 1.33E-11 1.21E-11 1.05E-11 8.21E-12 6.17E-12 5.21E-12
 1.36E-22 1.29E-18 1.79E-15 3.44E-13 3.71E-12 1.11E-11 1.34E-11 1.33E-11
 1.28E-11 1.17E-11 1.02E-11 7.97E-12 6.00E-12 5.07E-12
  56.6394    7  14 /pl=01:ss=29:pb= 1:sz=29/type=excit/ispb = t/isel =   25
 1.00E+10 1.00E+11 1.00E+12 1.00E+13 1.00E+14 1.00E+15 1.00E+16
 1.55E+01 2.33E+01 3.88E+01 7.75E+01 1.55E+02 3.88E+02 7.76E+02 1.16E+03
 1.55E+03 2.33E+03 3.88E+03 7.76E+03 1.55E+04 2.33E+04
 4.05E-18 3.65E-16 1.26E-14 2.10E-13 1.87E-12 1.11E-11 1.90E-11 2.15E-11
 2.22E-11 2.20E-11 2.04E-11 1.71E-11 1.36E-11 1.17E-11
 4.05E-18 3.65E-16 1.26E-14 2.10E-13 1.87E-12 1.11E-11 1.90E-11 2.15E-11
 2.22E-11 2.20E-11 2.04E-11 1.71E-11 1.36E-11 1.17E-11
 4.05E-18 3.65E-16 1.26E-14 2.10E-13 1.86E-12 1.11E-11 1.89E-11 2.13E-11
 2.20E-11 2.18E-11 2.03E-11 1.70E-11 1.36E-11 1.17E-11
 4.05E-18 3.65E-16 1.26E-14 2.10E-13 1.85E-12 1.07E-11 1.80E-11 2.03E-11
 2.10E-11 2.08E-11 1.94E-11 1.64E-11 1.31E-11 1.14E-11
 4.05E-18 3.65E-16 1.26E-14 2.10E-13 1.80E-12 9.72E-12 1.59E-11 1.78E-11
 1.84E-11 1.83E-11 1.71E-11 1.46E-11 1.19E-11 1.03E-11
 4.05E-18 3.65E-16 1.26E-14 2.09E-13 1.73E-12 8.97E-12 1.46E-11 1.63E-11
 1.69E-11 1.68E-11 1.57E-11 1.34E-11 1.09E-11 9.52E-12
 4.05E-18 3.65E-16 1.26E-14 2.08E-13 1.69E-12 8.69E-12 1.41E-11 1.58E-11
 1.63E-11 1.62E-11 1.52E-11 1.30E-11 1.06E-11 9.25E-12
  57.1705    7  14 /pl=01:ss=29:pb= 1:sz=29/type=excit/ispb = t/isel =   26
 1.00E+10 1.00E+11 1.00E+12 1.00E+13 1.00E+14 1.00E+15 1.00E+16
 1.55E+01 2.33E+01 3.88E+01 7.75E+01 1.55E+02 3.88E+02 7.76E+02 1.16E+03
 1.55E+03 2.33E+03 3.88E+03 7.76E+03 1.55E+04 2.33E+04
 2.89E-18 2.52E-16 9.50E-15 3.79E-13 4.15E-12 1.74E-11 2.52E-11 2.68E-11
 2.67E-11 2.55E-11 2.27E-11 1.84E-11 1.42E-11 1.21E-11
 2.89E-18 2.52E-16 9.50E-15 3.79E-13 4.15E-12 1.74E-11 2.52E-11 2.68E-11
 2.67E-11 2.54E-11 2.27E-11 1.84E-11 1.42E-11 1.21E-11
 2.89E-18 2.52E-16 9.50E-15 3.79E-13 4.14E-12 1.73E-11 2.51E-11 2.66E-11
 2.65E-11 2.53E-11 2.26E-11 1.83E-11 1.42E-11 1.21E-11
 2.89E-18 2.52E-16 9.51E-15 3.79E-13 4.13E-12 1.69E-11 2.42E-11 2.57E-11
 2.56E-11 2.45E-11 2.19E-11 1.78E-11 1.39E-11 1.19E-11
 2.89E-18 2.52E-16 9.53E-15 3.82E-13 4.08E-12 1.59E-11 2.24E-11 2.37E-11
 2.37E-11 2.27E-11 2.06E-11 1.69E-11 1.33E-11 1.14E-11
 2.89E-18 2.52E-16 9.60E-15 3.94E-13 4.07E-12 1.54E-11 2.15E-11 2.28E-11
 2.28E-11 2.20E-11 2.00E-11 1.66E-11 1.32E-11 1.13E-11
 2.89E-18 2.52E-16 9.65E-15 4.00E-13 4.06E-12 1.50E-11 2.10E-11 2.22E-11
 2.23E-11 2.15E-11 1.96E-11 1.63E-11 1.30E-11 1.12E-11
  57.3099    7  14 /pl=01:ss=29:pb= 1:sz=29/type=excit/ispb = t/isel =   27
 1.00E+10 1.00E+11 1.00E+12 1.00E+13 1.00E+14 1.00E+15 1.00E+16
 1.55E+01 2.33E+01 3.88E+01 7.75E+01 1.55E+02 3.88E+02 7.76E+02 1.16E+03
 1.55E+03 2.33E+03 3.88E+03 7.76E+03 1.55E+04 2.33E+04
 3.31E-22 2.74E-18 3.42E-15 6.12E-13 6.96E-12 2.35E-11 2.96E-11 2.96E-11
 2.84E-11 2.59E-11 2.20E-11 1.68E-11 1.24E-11 1.03E-11
 3.31E-22 2.74E-18 3.42E-15 6.12E-13 6.96E-12 2.35E-11 2.96E-11 2.96E-11
 2.84E-11 2.59E-11 2.20E-11 1.68E-11 1.24E-11 1.03E-11
 3.31E-22 2.74E-18 3.42E-15 6.12E-13 6.95E-12 2.34E-11 2.94E-11 2.94E-11
 2.82E-11 2.57E-11 2.19E-11 1.67E-11 1.24E-11 1.03E-11
 3.31E-22 2.74E-18 3.42E-15 6.12E-13 6.90E-12 2.27E-11 2.81E-11 2.80E-11
 2.68E-11 2.45E-11 2.09E-11 1.61E-11 1.20E-11 1.00E-11
 3.31E-22 2.74E-18 3.42E-15 6.10E-13 6.68E-12 2.04E-11 2.47E-11 2.44E-11
 2.34E-11 2.14E-11 1.83E-11 1.43E-11 1.08E-11 9.05E-12
 3.31E-22 2.74E-18 3.42E-15 6.07E-13 6.40E-12 1.88E-11 2.26E-11 2.23E-11
 2.14E-11 1.96E-11 1.68E-11 1.31E-11 9.89E-12 8.32E-12
 3.31E-22 2.74E-18 3.42E-15 6.05E-13 6.28E-12 1.82E-11 2.18E-11 2.16E-11
 2.07E-11 1.89E-11 1.63E-11 1.27E-11 9.61E-12 8.08E-12
  57.5091    7  14 /pl=01:ss=29:pb= 1:sz=29/type=excit/ispb = t/isel =   28
 1.00E+10 1.00E+11 1.00E+12 1.00E+13 1.00E+14 1.00E+15 1.00E+16
 1.55E+01 2.33E+01 3.88E+01 7.75E+01 1.55E+02 3.88E+02 7.76E+02 1.16E+03
 1.55E+03 2.33E+03 3.88E+03 7.76E+03 1.55E+04 2.33E+04
 9.15E-18 7.70E-16 2.50E-14 4.14E-13 3.16E-12 1.55E-11 2.51E-11 2.79E-11
 2.85E-11 2.80E-11 2.57E-11 2.14E-11 1.70E-11 1.46E-11
 9.15E-18 7.70E-16 2.50E-14 4.14E-13 3.16E-12 1.55E-11 2.51E-11 2.79E-11
 2.85E-11 2.80E-11 2.57E-11 2.14E-11 1.70E-11 1.46E-11
 9.15E-18 7.70E-16 2.50E-14 4.14E-13 3.16E-12 1.55E-11 2.49E-11 2.77E-11
 2.83E-11 2.78E-11 2.56E-11 2.13E-11 1.69E-11 1.45E-11
 9.15E-18 7.70E-16 2.50E-14 4.15E-13 3.15E-12 1.51E-11 2.39E-11 2.65E-11
 2.71E-11 2.66E-11 2.45E-11 2.06E-11 1.64E-11 1.42E-11
 9.15E-18 7.70E-16 2.51E-14 4.18E-13 3.10E-12 1.38E-11 2.13E-11 2.34E-11
 2.39E-11 2.35E-11 2.18E-11 1.85E-11 1.49E-11 1.29E-11
 9.15E-18 7.70E-16 2.51E-14 4.20E-13 3.01E-12 1.28E-11 1.96E-11 2.16E-11
 2.20E-11 2.17E-11 2.01E-11 1.71E-11 1.38E-11 1.20E-11
 9.14E-18 7.70E-16 2.51E-14 4.20E-13 2.97E-12 1.25E-11 1.90E-11 2.09E-11
 2.13E-11 2.10E-11 1.95E-11 1.66E-11 1.34E-11 1.17E-11
  57.9793    7  14 /pl=01:ss=29:pb= 1:sz=29/type=excit/ispb = t/isel =   29
 1.00E+10 1.00E+11 1.00E+12 1.00E+13 1.00E+14 1.00E+15 1.00E+16
 1.55E+01 2.33E+01 3.88E+01 7.75E+01 1.55E+02 3.88E+02 7.76E+02 1.16E+03
 1.55E+03 2.33E+03 3.88E+03 7.76E+03 1.55E+04 2.33E+04
 1.39E-18 1.13E-16 3.97E-15 1.28E-13 1.49E-12 7.99E-12 1.30E-11 1.46E-11
 1.50E-11 1.48E-11 1.37E-11 1.16E-11 9.31E-12 8.08E-12
 1.39E-18 1.13E-16 3.97E-15 1.28E-13 1.49E-12 7.99E-12 1.30E-11 1.46E-11
 1.50E-11 1.48E-11 1.37E-11 1.16E-11 9.31E-12 8.08E-12
 1.39E-18 1.13E-16 3.97E-15 1.28E-13 1.49E-12 8.00E-12 1.31E-11 1.46E-11
 1.50E-11 1.48E-11 1.37E-11 1.16E-11 9.34E-12 8.11E-12
 1.39E-18 1.13E-16 3.97E-15 1.29E-13 1.51E-12 8.06E-12 1.31E-11 1.47E-11
 1.51E-11 1.49E-11 1.39E-11 1.18E-11 9.55E-12 8.30E-12
 1.39E-18 1.13E-16 3.99E-15 1.33E-13 1.56E-12 8.05E-12 1.28E-11 1.43E-11
 1.47E-11 1.47E-11 1.38E-11 1.19E-11 9.79E-12 8.59E-12
 1.39E-18 1.13E-16 4.03E-15 1.39E-13 1.57E-12 7.65E-12 1.20E-11 1.34E-11
 1.38E-11 1.38E-11 1.30E-11 1.13E-11 9.34E-12 8.24E-12
 1.39E-18 1.13E-16 4.04E-15 1.40E-13 1.55E-12 7.39E-12 1.16E-11 1.29E-11
 1.32E-11 1.32E-11 1.25E-11 1.09E-11 9.03E-12 7.97E-12
  58.0298    7  14 /pl=01:ss=29:pb= 1:sz=29/type=excit/ispb = t/isel =   30
 1.00E+10 1.00E+11 1.00E+12 1.00E+13 1.00E+14 1.00E+15 1.00E+16
 1.55E+01 2.33E+01 3.88E+01 7.75E+01 1.55E+02 3.88E+02 7.76E+02 1.16E+03
 1.55E+03 2.33E+03 3.88E+03 7.76E+03 1.55E+04 2.33E+04
 2.50E-17 2.01E-15 6.26E-14 8.35E-13 4.30E-12 1.71E-11 2.64E-11 2.91E-11
 2.96E-11 2.89E-11 2.65E-11 2.20E-11 1.74E-11 1.50E-11
 2.50E-17 2.01E-15 6.26E-14 8.35E-13 4.30E-12 1.71E-11 2.64E-11 2.90E-11
 2.96E-11 2.89E-11 2.65E-11 2.20E-11 1.74E-11 1.49E-11
 2.50E-17 2.01E-15 6.26E-14 8.35E-13 4.30E-12 1.70E-11 2.63E-11 2.89E-11
 2.94E-11 2.87E-11 2.64E-11 2.19E-11 1.73E-11 1.49E-11
 2.50E-17 2.01E-15 6.26E-14 8.34E-13 4.27E-12 1.65E-11 2.51E-11 2.75E-11
 2.80E-11 2.73E-11 2.52E-11 2.11E-11 1.68E-11 1.45E-11
 2.50E-17 2.01E-15 6.26E-14 8.32E-13 4.14E-12 1.49E-11 2.21E-11 2.41E-11
 2.45E-11 2.40E-11 2.22E-11 1.88E-11 1.51E-11 1.31E-11
 2.50E-17 2.01E-15 6.26E-14 8.30E-13 3.98E-12 1.38E-11 2.03E-11 2.21E-11
 2.25E-11 2.20E-11 2.04E-11 1.73E-11 1.39E-11 1.21E-11
 2.50E-17 2.01E-15 6.26E-14 8.28E-13 3.91E-12 1.34E-11 1.97E-11 2.14E-11
 2.18E-11 2.13E-11 1.98E-11 1.68E-11 1.36E-11 1.18E-11
  58.1073    7  14 /pl=01:ss=29:pb= 1:sz=29/type=excit/ispb = t/isel =   31
 1.00E+10 1.00E+11 1.00E+12 1.00E+13 1.00E+14 1.00E+15 1.00E+16
 1.55E+01 2.33E+01 3.88E+01 7.75E+01 1.55E+02 3.88E+02 7.76E+02 1.16E+03
 1.55E+03 2.33E+03 3.88E+03 7.76E+03 1.55E+04 2.33E+04
 8.81E-18 7.08E-16 2.25E-14 4.06E-13 3.18E-12 1.50E-11 2.39E-11 2.65E-11
 2.72E-11 2.67E-11 2.47E-11 2.08E-11 1.66E-11 1.44E-11
 8.81E-18 7.08E-16 2.25E-14 4.06E-13 3.18E-12 1.50E-11 2.39E-11 2.65E-11
 2.72E-11 2.67E-11 2.47E-11 2.08E-11 1.66E-11 1.44E-11
 8.81E-18 7.08E-16 2.25E-14 4.06E-13 3.18E-12 1.50E-11 2.38E-11 2.64E-11
 2.71E-11 2.66E-11 2.46E-11 2.07E-11 1.66E-11 1.44E-11
 8.81E-18 7.08E-16 2.25E-14 4.07E-13 3.19E-12 1.48E-11 2.33E-11 2.57E-11
 2.63E-11 2.60E-11 2.41E-11 2.04E-11 1.64E-11 1.42E-11
 8.81E-18 7.08E-16 2.26E-14 4.17E-13 3.25E-12 1.41E-11 2.17E-11 2.38E-11
 2.44E-11 2.41E-11 2.24E-11 1.92E-11 1.56E-11 1.37E-11
 8.80E-18 7.08E-16 2.27E-14 4.35E-13 3.31E-12 1.34E-11 2.03E-11 2.23E-11
 2.28E-11 2.25E-11 2.10E-11 1.80E-11 1.47E-11 1.29E-11
 8.80E-18 7.08E-16 2.27E-14 4.42E-13 3.30E-12 1.31E-11 1.97E-11 2.16E-11
 2.21E-11 2.18E-11 2.04E-11 1.75E-11 1.43E-11 1.26E-11
  58.2359    7  14 /pl=01:ss=29:pb= 1:sz=29/type=excit/ispb = t/isel =   32
 1.00E+10 1.00E+11 1.00E+12 1.00E+13 1.00E+14 1.00E+15 1.00E+16
 1.55E+01 2.33E+01 3.88E+01 7.75E+01 1.55E+02 3.88E+02 7.76E+02 1.16E+03
 1.55E+03 2.33E+03 3.88E+03 7.76E+03 1.55E+04 2.33E+04
 2.69E-15 2.15E-13 6.52E-12 7.88E-11 2.73E-10 5.48E-10 6.24E-10 6.19E-10
 6.01E-10 5.61E-10 5.00E-10 4.13E-10 3.33E-10 2.91E-10
 2.69E-15 2.15E-13 6.52E-12 7.88E-11 2.73E-10 5.48E-10 6.24E-10 6.18E-10
 6.01E-10 5.61E-10 5.00E-10 4.13E-10 3.33E-10 2.91E-10
 2.69E-15 2.15E-13 6.52E-12 7.88E-11 2.73E-10 5.46E-10 6.20E-10 6.14E-10
 5.97E-10 5.57E-10 4.97E-10 4.11E-10 3.32E-10 2.90E-10
 2.69E-15 2.15E-13 6.52E-12 7.87E-11 2.71E-10 5.29E-10 5.92E-10 5.84E-10
 5.67E-10 5.30E-10 4.74E-10 3.95E-10 3.21E-10 2.82E-10
 2.69E-15 2.15E-13 6.52E-12 7.85E-11 2.62E-10 4.77E-10 5.20E-10 5.10E-10
 4.95E-10 4.63E-10 4.17E-10 3.51E-10 2.88E-10 2.55E-10
 2.69E-15 2.15E-13 6.52E-12 7.81E-11 2.51E-10 4.39E-10 4.76E-10 4.67E-10
 4.53E-10 4.24E-10 3.82E-10 3.22E-10 2.65E-10 2.34E-10
 2.69E-15 2.15E-13 6.52E-12 7.79E-11 2.46E-10 4.25E-10 4.59E-10 4.50E-10
 4.37E-10 4.10E-10 3.69E-10 3.12E-10 2.57E-10 2.27E-10
  58.2393    7  14 /pl=01:ss=29:pb= 1:sz=29/type=excit/ispb = t/isel =   33
 1.00E+10 1.00E+11 1.00E+12 1.00E+13 1.00E+14 1.00E+15 1.00E+16
 1.55E+01 2.33E+01 3.88E+01 7.75E+01 1.55E+02 3.88E+02 7.76E+02 1.16E+03
 1.55E+03 2.33E+03 3.88E+03 7.76E+03 1.55E+04 2.33E+04
 6.86E-19 5.51E-17 2.37E-15 1.81E-13 2.94E-12 1.64E-11 2.62E-11 2.89E-11
 2.93E-11 2.86E-11 2.61E-11 2.14E-11 1.67E-11 1.42E-11
 6.86E-19 5.51E-17 2.37E-15 1.82E-13 2.94E-12 1.64E-11 2.62E-11 2.89E-11
 2.93E-11 2.86E-11 2.60E-11 2.14E-11 1.67E-11 1.42E-11
 6.86E-19 5.51E-17 2.38E-15 1.82E-13 2.94E-12 1.64E-11 2.61E-11 2.87E-11
 2.92E-11 2.85E-11 2.59E-11 2.13E-11 1.67E-11 1.42E-11
 6.86E-19 5.51E-17 2.38E-15 1.83E-13 2.94E-12 1.60E-11 2.52E-11 2.77E-11
 2.81E-11 2.74E-11 2.51E-11 2.07E-11 1.63E-11 1.40E-11
 6.86E-19 5.52E-17 2.41E-15 1.89E-13 2.94E-12 1.50E-11 2.29E-11 2.50E-11
 2.53E-11 2.48E-11 2.28E-11 1.90E-11 1.51E-11 1.31E-11
 6.86E-19 5.52E-17 2.50E-15 2.04E-13 2.99E-12 1.42E-11 2.14E-11 2.32E-11
 2.36E-11 2.30E-11 2.12E-11 1.78E-11 1.42E-11 1.22E-11
 6.86E-19 5.54E-17 2.56E-15 2.15E-13 2.99E-12 1.36E-11 2.03E-11 2.20E-11
 2.23E-11 2.18E-11 2.01E-11 1.69E-11 1.36E-11 1.17E-11
  58.5427    7  14 /pl=01:ss=29:pb= 1:sz=29/type=excit/ispb = t/isel =   34
 1.00E+10 1.00E+11 1.00E+12 1.00E+13 1.00E+14 1.00E+15 1.00E+16
 1.55E+01 2.33E+01 3.88E+01 7.75E+01 1.55E+02 3.88E+02 7.76E+02 1.16E+03
 1.55E+03 2.33E+03 3.88E+03 7.76E+03 1.55E+04 2.33E+04
 5.88E-17 4.57E-15 1.37E-13 1.66E-12 6.85E-12 2.20E-11 3.25E-11 3.54E-11
 3.60E-11 3.52E-11 3.25E-11 2.73E-11 2.19E-11 1.90E-11
 5.88E-17 4.57E-15 1.37E-13 1.66E-12 6.85E-12 2.20E-11 3.25E-11 3.54E-11
 3.60E-11 3.52E-11 3.24E-11 2.72E-11 2.19E-11 1.90E-11
 5.88E-17 4.57E-15 1.37E-13 1.66E-12 6.84E-12 2.19E-11 3.23E-11 3.52E-11
 3.57E-11 3.50E-11 3.23E-11 2.71E-11 2.18E-11 1.89E-11
 5.88E-17 4.57E-15 1.37E-13 1.66E-12 6.80E-12 2.13E-11 3.09E-11 3.36E-11
 3.41E-11 3.34E-11 3.09E-11 2.62E-11 2.11E-11 1.84E-11
 5.88E-17 4.57E-15 1.37E-13 1.66E-12 6.59E-12 1.93E-11 2.74E-11 2.96E-11
 3.01E-11 2.95E-11 2.75E-11 2.35E-11 1.92E-11 1.68E-11
 5.88E-17 4.57E-15 1.37E-13 1.65E-12 6.33E-12 1.79E-11 2.54E-11 2.74E-11
 2.78E-11 2.74E-11 2.55E-11 2.19E-11 1.79E-11 1.57E-11
 5.88E-17 4.57E-15 1.37E-13 1.64E-12 6.22E-12 1.75E-11 2.47E-11 2.66E-11
 2.71E-11 2.67E-11 2.49E-11 2.14E-11 1.76E-11 1.54E-11
  58.9152    7  14 /pl=01:ss=29:pb= 1:sz=29/type=excit/ispb = t/isel =   35
 1.00E+10 1.00E+11 1.00E+12 1.00E+13 1.00E+14 1.00E+15 1.00E+16
 1.55E+01 2.33E+01 3.88E+01 7.75E+01 1.55E+02 3.88E+02 7.76E+02 1.16E+03
 1.55E+03 2.33E+03 3.88E+03 7.76E+03 1.55E+04 2.33E+04
 2.66E-17 2.00E-15 5.96E-14 8.92E-13 5.49E-12 2.09E-11 3.07E-11 3.32E-11
 3.34E-11 3.22E-11 2.92E-11 2.40E-11 1.88E-11 1.61E-11
 2.66E-17 2.00E-15 5.96E-14 8.92E-13 5.49E-12 2.08E-11 3.07E-11 3.31E-11
 3.34E-11 3.22E-11 2.92E-11 2.40E-11 1.88E-11 1.61E-11
 2.66E-17 2.00E-15 5.96E-14 8.92E-13 5.49E-12 2.08E-11 3.06E-11 3.29E-11
 3.32E-11 3.20E-11 2.90E-11 2.39E-11 1.87E-11 1.61E-11
 2.66E-17 2.00E-15 5.96E-14 8.92E-13 5.46E-12 2.02E-11 2.93E-11 3.14E-11
 3.16E-11 3.06E-11 2.78E-11 2.30E-11 1.82E-11 1.57E-11
 2.66E-17 2.00E-15 5.96E-14 8.93E-13 5.33E-12 1.84E-11 2.59E-11 2.77E-11
 2.78E-11 2.70E-11 2.46E-11 2.06E-11 1.65E-11 1.43E-11
 2.66E-17 2.00E-15 5.97E-14 8.95E-13 5.16E-12 1.70E-11 2.39E-11 2.55E-11
 2.56E-11 2.48E-11 2.27E-11 1.90E-11 1.52E-11 1.32E-11
 2.66E-17 2.00E-15 5.97E-14 8.95E-13 5.08E-12 1.66E-11 2.31E-11 2.47E-11
 2.48E-11 2.40E-11 2.20E-11 1.85E-11 1.48E-11 1.28E-11
  58.9952    7  14 /pl=01:ss=29:pb= 1:sz=29/type=excit/ispb = t/isel =   36
 1.00E+10 1.00E+11 1.00E+12 1.00E+13 1.00E+14 1.00E+15 1.00E+16
 1.55E+01 2.33E+01 3.88E+01 7.75E+01 1.55E+02 3.88E+02 7.76E+02 1.16E+03
 1.55E+03 2.33E+03 3.88E+03 7.76E+03 1.55E+04 2.33E+04
 1.22E-17 9.21E-16 2.81E-14 4.94E-13 3.52E-12 1.48E-11 2.26E-11 2.46E-11
 2.50E-11 2.43E-11 2.22E-11 1.84E-11 1.45E-11 1.25E-11
 1.22E-17 9.21E-16 2.81E-14 4.94E-13 3.52E-12 1.48E-11 2.26E-11 2.46E-11
 2.50E-11 2.43E-11 2.21E-11 1.83E-11 1.45E-11 1.25E-11
 1.22E-17 9.21E-16 2.81E-14 4.94E-13 3.52E-12 1.47E-11 2.24E-11 2.45E-11
 2.48E-11 2.41E-11 2.20E-11 1.83E-11 1.45E-11 1.24E-11
 1.22E-17 9.21E-16 2.81E-14 4.94E-13 3.50E-12 1.44E-11 2.16E-11 2.34E-11
 2.38E-11 2.31E-11 2.12E-11 1.77E-11 1.41E-11 1.22E-11
 1.22E-17 9.21E-16 2.81E-14 4.94E-13 3.42E-12 1.32E-11 1.94E-11 2.10E-11
 2.12E-11 2.07E-11 1.91E-11 1.61E-11 1.30E-11 1.13E-11
 1.22E-17 9.21E-16 2.81E-14 4.98E-13 3.36E-12 1.24E-11 1.81E-11 1.95E-11
 1.98E-11 1.94E-11 1.79E-11 1.51E-11 1.22E-11 1.07E-11
 1.22E-17 9.20E-16 2.82E-14 5.01E-13 3.33E-12 1.21E-11 1.76E-11 1.90E-11
 1.93E-11 1.88E-11 1.74E-11 1.48E-11 1.20E-11 1.04E-11
  59.4617    7  14 /pl=01:ss=29:pb= 1:sz=29/type=excit/ispb = t/isel =   37
 1.00E+10 1.00E+11 1.00E+12 1.00E+13 1.00E+14 1.00E+15 1.00E+16
 1.55E+01 2.33E+01 3.88E+01 7.75E+01 1.55E+02 3.88E+02 7.76E+02 1.16E+03
 1.55E+03 2.33E+03 3.88E+03 7.76E+03 1.55E+04 2.33E+04
 1.67E-17 1.21E-15 3.50E-14 5.15E-13 3.43E-12 1.54E-11 2.42E-11 2.67E-11
 2.72E-11 2.66E-11 2.43E-11 2.01E-11 1.59E-11 1.36E-11
 1.67E-17 1.21E-15 3.50E-14 5.15E-13 3.43E-12 1.53E-11 2.42E-11 2.67E-11
 2.72E-11 2.66E-11 2.43E-11 2.01E-11 1.58E-11 1.36E-11
 1.67E-17 1.21E-15 3.50E-14 5.15E-13 3.43E-12 1.53E-11 2.40E-11 2.65E-11
 2.70E-11 2.64E-11 2.42E-11 2.00E-11 1.58E-11 1.35E-11
 1.67E-17 1.21E-15 3.50E-14 5.15E-13 3.41E-12 1.49E-11 2.30E-11 2.53E-11
 2.57E-11 2.52E-11 2.31E-11 1.93E-11 1.53E-11 1.32E-11
 1.67E-17 1.21E-15 3.50E-14 5.16E-13 3.33E-12 1.35E-11 2.04E-11 2.22E-11
 2.26E-11 2.22E-11 2.05E-11 1.72E-11 1.38E-11 1.20E-11
 1.67E-17 1.21E-15 3.50E-14 5.18E-13 3.23E-12 1.25E-11 1.87E-11 2.04E-11
 2.08E-11 2.04E-11 1.88E-11 1.59E-11 1.28E-11 1.11E-11
 1.67E-17 1.21E-15 3.50E-14 5.19E-13 3.19E-12 1.22E-11 1.81E-11 1.97E-11
 2.01E-11 1.97E-11 1.82E-11 1.54E-11 1.24E-11 1.08E-11
  59.6142    7  14 /pl=01:ss=29:pb= 1:sz=29/type=excit/ispb = t/isel =   38
 1.00E+10 1.00E+11 1.00E+12 1.00E+13 1.00E+14 1.00E+15 1.00E+16
 1.55E+01 2.33E+01 3.88E+01 7.75E+01 1.55E+02 3.88E+02 7.76E+02 1.16E+03
 1.55E+03 2.33E+03 3.88E+03 7.76E+03 1.55E+04 2.33E+04
 2.79E-16 2.00E-14 5.59E-13 6.25E-12 2.21E-11 5.58E-11 7.52E-11 7.98E-11
 7.99E-11 7.73E-11 7.04E-11 5.88E-11 4.71E-11 4.09E-11
 2.79E-16 2.00E-14 5.59E-13 6.25E-12 2.21E-11 5.58E-11 7.52E-11 7.98E-11
 7.98E-11 7.72E-11 7.04E-11 5.88E-11 4.71E-11 4.09E-11
 2.79E-16 2.00E-14 5.59E-13 6.25E-12 2.21E-11 5.56E-11 7.48E-11 7.93E-11
 7.94E-11 7.68E-11 7.00E-11 5.85E-11 4.69E-11 4.07E-11
 2.79E-16 2.00E-14 5.59E-13 6.25E-12 2.20E-11 5.41E-11 7.18E-11 7.59E-11
 7.59E-11 7.35E-11 6.72E-11 5.65E-11 4.56E-11 3.98E-11
 2.79E-16 2.00E-14 5.59E-13 6.24E-12 2.14E-11 4.93E-11 6.38E-11 6.71E-11
 6.71E-11 6.51E-11 5.99E-11 5.09E-11 4.16E-11 3.65E-11
 2.79E-16 2.00E-14 5.59E-13 6.22E-12 2.05E-11 4.56E-11 5.87E-11 6.17E-11
 6.17E-11 5.99E-11 5.52E-11 4.70E-11 3.85E-11 3.38E-11
 2.79E-16 2.00E-14 5.59E-13 6.20E-12 2.02E-11 4.43E-11 5.69E-11 5.98E-11
 5.98E-11 5.81E-11 5.36E-11 4.58E-11 3.75E-11 3.29E-11
  61.2162    7  14 /pl=01:ss=29:pb= 1:sz=29/type=excit/ispb = t/isel =   39
 1.00E+10 1.00E+11 1.00E+12 1.00E+13 1.00E+14 1.00E+15 1.00E+16
 1.55E+01 2.33E+01 3.88E+01 7.75E+01 1.55E+02 3.88E+02 7.76E+02 1.16E+03
 1.55E+03 2.33E+03 3.88E+03 7.76E+03 1.55E+04 2.33E+04
 5.56E-16 3.55E-14 9.03E-13 9.22E-12 2.99E-11 7.00E-11 9.24E-11 9.73E-11
 9.73E-11 9.38E-11 8.55E-11 7.15E-11 5.73E-11 4.97E-11
 5.56E-16 3.55E-14 9.03E-13 9.22E-12 2.99E-11 7.00E-11 9.23E-11 9.72E-11
 9.73E-11 9.37E-11 8.55E-11 7.14E-11 5.73E-11 4.97E-11
 5.56E-16 3.55E-14 9.03E-13 9.22E-12 2.98E-11 6.97E-11 9.18E-11 9.66E-11
 9.66E-11 9.31E-11 8.49E-11 7.11E-11 5.70E-11 4.95E-11
 5.56E-16 3.55E-14 9.03E-13 9.22E-12 2.96E-11 6.75E-11 8.75E-11 9.17E-11
 9.17E-11 8.84E-11 8.10E-11 6.82E-11 5.51E-11 4.81E-11
 5.56E-16 3.55E-14 9.03E-13 9.19E-12 2.86E-11 6.03E-11 7.59E-11 7.91E-11
 7.90E-11 7.63E-11 7.03E-11 5.99E-11 4.90E-11 4.31E-11
 5.56E-16 3.55E-14 9.03E-13 9.14E-12 2.72E-11 5.49E-11 6.86E-11 7.14E-11
 7.13E-11 6.89E-11 6.36E-11 5.42E-11 4.44E-11 3.91E-11
 5.55E-16 3.55E-14 9.03E-13 9.11E-12 2.67E-11 5.31E-11 6.63E-11 6.90E-11
 6.89E-11 6.67E-11 6.15E-11 5.26E-11 4.31E-11 3.79E-11
  61.2275    7  14 /pl=01:ss=29:pb= 1:sz=29/type=excit/ispb = t/isel =   40
 1.00E+10 1.00E+11 1.00E+12 1.00E+13 1.00E+14 1.00E+15 1.00E+16
 1.55E+01 2.33E+01 3.88E+01 7.75E+01 1.55E+02 3.88E+02 7.76E+02 1.16E+03
 1.55E+03 2.33E+03 3.88E+03 7.76E+03 1.55E+04 2.33E+04
 9.70E-16 6.18E-14 1.57E-12 1.60E-11 4.86E-11 9.20E-11 1.06E-10 1.06E-10
 1.04E-10 9.81E-11 8.85E-11 7.38E-11 5.99E-11 5.24E-11
 9.70E-16 6.18E-14 1.57E-12 1.60E-11 4.86E-11 9.20E-11 1.06E-10 1.06E-10
 1.04E-10 9.80E-11 8.84E-11 7.38E-11 5.98E-11 5.24E-11
 9.70E-16 6.18E-14 1.57E-12 1.60E-11 4.85E-11 9.16E-11 1.05E-10 1.06E-10
 1.03E-10 9.74E-11 8.79E-11 7.34E-11 5.96E-11 5.22E-11
 9.70E-16 6.18E-14 1.57E-12 1.60E-11 4.82E-11 8.88E-11 1.01E-10 1.00E-10
 9.81E-11 9.27E-11 8.39E-11 7.05E-11 5.77E-11 5.07E-11
 9.70E-16 6.18E-14 1.57E-12 1.59E-11 4.66E-11 8.01E-11 8.84E-11 8.78E-11
 8.56E-11 8.10E-11 7.38E-11 6.27E-11 5.18E-11 4.58E-11
 9.70E-16 6.18E-14 1.57E-12 1.58E-11 4.47E-11 7.38E-11 8.10E-11 8.03E-11
 7.84E-11 7.42E-11 6.76E-11 5.75E-11 4.76E-11 4.21E-11
 9.70E-16 6.18E-14 1.57E-12 1.58E-11 4.38E-11 7.14E-11 7.82E-11 7.75E-11
 7.56E-11 7.17E-11 6.54E-11 5.57E-11 4.62E-11 4.09E-11
  61.9673    7  14 /pl=01:ss=29:pb= 1:sz=29/type=excit/ispb = t/isel =   41
 1.00E+10 1.00E+11 1.00E+12 1.00E+13 1.00E+14 1.00E+15 1.00E+16
 1.55E+01 2.33E+01 3.88E+01 7.75E+01 1.55E+02 3.88E+02 7.76E+02 1.16E+03
 1.55E+03 2.33E+03 3.88E+03 7.76E+03 1.55E+04 2.33E+04
 1.62E-16 9.79E-15 2.39E-13 2.44E-12 8.49E-12 2.30E-11 3.24E-11 3.49E-11
 3.52E-11 3.42E-11 3.13E-11 2.62E-11 2.10E-11 1.82E-11
 1.62E-16 9.79E-15 2.39E-13 2.44E-12 8.49E-12 2.30E-11 3.24E-11 3.48E-11
 3.52E-11 3.42E-11 3.13E-11 2.62E-11 2.10E-11 1.82E-11
 1.62E-16 9.79E-15 2.39E-13 2.44E-12 8.49E-12 2.29E-11 3.22E-11 3.46E-11
 3.49E-11 3.40E-11 3.11E-11 2.61E-11 2.09E-11 1.81E-11
 1.62E-16 9.79E-15 2.39E-13 2.43E-12 8.43E-12 2.22E-11 3.08E-11 3.30E-11
 3.33E-11 3.24E-11 2.98E-11 2.51E-11 2.02E-11 1.76E-11
 1.62E-16 9.79E-15 2.39E-13 2.43E-12 8.16E-12 2.01E-11 2.72E-11 2.89E-11
 2.92E-11 2.85E-11 2.63E-11 2.24E-11 1.83E-11 1.60E-11
 1.62E-16 9.79E-15 2.39E-13 2.42E-12 7.83E-12 1.86E-11 2.50E-11 2.66E-11
 2.68E-11 2.62E-11 2.43E-11 2.07E-11 1.69E-11 1.48E-11
 1.62E-16 9.79E-15 2.39E-13 2.41E-12 7.68E-12 1.80E-11 2.42E-11 2.57E-11
 2.60E-11 2.54E-11 2.35E-11 2.01E-11 1.64E-11 1.44E-11
  62.5879    7  14 /pl=01:ss=29:pb= 1:sz=29/type=excit/ispb = t/isel =   42
 1.00E+10 1.00E+11 1.00E+12 1.00E+13 1.00E+14 1.00E+15 1.00E+16
 1.55E+01 2.33E+01 3.88E+01 7.75E+01 1.55E+02 3.88E+02 7.76E+02 1.16E+03
 1.55E+03 2.33E+03 3.88E+03 7.76E+03 1.55E+04 2.33E+04
 1.31E-17 7.61E-16 1.95E-14 4.39E-13 4.46E-12 2.20E-11 3.49E-11 3.86E-11
 3.95E-11 3.88E-11 3.59E-11 3.01E-11 2.42E-11 2.10E-11
 1.31E-17 7.61E-16 1.95E-14 4.39E-13 4.45E-12 2.20E-11 3.48E-11 3.85E-11
 3.94E-11 3.87E-11 3.58E-11 3.01E-11 2.42E-11 2.10E-11
 1.31E-17 7.61E-16 1.95E-14 4.37E-13 4.42E-12 2.16E-11 3.41E-11 3.77E-11
 3.85E-11 3.78E-11 3.50E-11 2.95E-11 2.38E-11 2.06E-11
 1.31E-17 7.61E-16 1.94E-14 4.25E-13 4.14E-12 1.88E-11 2.87E-11 3.14E-11
 3.21E-11 3.16E-11 2.94E-11 2.52E-11 2.07E-11 1.82E-11
 1.31E-17 7.61E-16 1.91E-14 3.63E-13 2.99E-12 1.17E-11 1.74E-11 1.90E-11
 1.94E-11 1.92E-11 1.80E-11 1.56E-11 1.30E-11 1.16E-11
 1.31E-17 7.61E-16 1.88E-14 3.02E-13 2.19E-12 8.97E-12 1.37E-11 1.51E-11
 1.54E-11 1.53E-11 1.43E-11 1.23E-11 1.01E-11 8.91E-12
 1.31E-17 7.61E-16 1.88E-14 2.95E-13 2.09E-12 8.58E-12 1.31E-11 1.44E-11
 1.47E-11 1.46E-11 1.37E-11 1.18E-11 9.67E-12 8.49E-12
  63.3250    7  14 /pl=01:ss=29:pb= 1:sz=29/type=excit/ispb = t/isel =   43
 1.00E+10 1.00E+11 1.00E+12 1.00E+13 1.00E+14 1.00E+15 1.00E+16
 1.55E+01 2.33E+01 3.88E+01 7.75E+01 1.55E+02 3.88E+02 7.76E+02 1.16E+03
 1.55E+03 2.33E+03 3.88E+03 7.76E+03 1.55E+04 2.33E+04
 1.24E-17 6.86E-16 1.74E-14 4.96E-13 5.56E-12 2.64E-11 4.08E-11 4.47E-11
 4.54E-11 4.43E-11 4.07E-11 3.41E-11 2.73E-11 2.36E-11
 1.24E-17 6.86E-16 1.74E-14 4.96E-13 5.56E-12 2.64E-11 4.08E-11 4.46E-11
 4.54E-11 4.43E-11 4.07E-11 3.41E-11 2.73E-11 2.36E-11
 1.24E-17 6.86E-16 1.74E-14 4.96E-13 5.56E-12 2.63E-11 4.05E-11 4.43E-11
 4.50E-11 4.39E-11 4.04E-11 3.38E-11 2.71E-11 2.35E-11
 1.24E-17 6.86E-16 1.74E-14 5.00E-13 5.54E-12 2.53E-11 3.81E-11 4.14E-11
 4.20E-11 4.11E-11 3.79E-11 3.20E-11 2.59E-11 2.26E-11
 1.24E-17 6.86E-16 1.75E-14 5.11E-13 5.34E-12 2.13E-11 3.06E-11 3.29E-11
 3.33E-11 3.26E-11 3.03E-11 2.60E-11 2.14E-11 1.89E-11
 1.24E-17 6.86E-16 1.74E-14 4.84E-13 4.58E-12 1.71E-11 2.45E-11 2.63E-11
 2.67E-11 2.61E-11 2.42E-11 2.08E-11 1.71E-11 1.50E-11
 1.24E-17 6.86E-16 1.72E-14 4.53E-13 4.22E-12 1.60E-11 2.29E-11 2.47E-11
 2.50E-11 2.45E-11 2.27E-11 1.94E-11 1.59E-11 1.40E-11
  63.9242    7  14 /pl=01:ss=29:pb= 1:sz=29/type=excit/ispb = t/isel =   44
 1.00E+10 1.00E+11 1.00E+12 1.00E+13 1.00E+14 1.00E+15 1.00E+16
 1.55E+01 2.33E+01 3.88E+01 7.75E+01 1.55E+02 3.88E+02 7.76E+02 1.16E+03
 1.55E+03 2.33E+03 3.88E+03 7.76E+03 1.55E+04 2.33E+04
 4.97E-17 2.64E-15 6.07E-14 9.09E-13 5.95E-12 2.21E-11 3.21E-11 3.45E-11
 3.47E-11 3.34E-11 3.03E-11 2.50E-11 1.97E-11 1.70E-11
 4.97E-17 2.64E-15 6.07E-14 9.08E-13 5.95E-12 2.21E-11 3.21E-11 3.44E-11
 3.46E-11 3.34E-11 3.03E-11 2.50E-11 1.97E-11 1.70E-11
 4.97E-17 2.64E-15 6.07E-14 9.08E-13 5.94E-12 2.20E-11 3.19E-11 3.42E-11
 3.44E-11 3.32E-11 3.01E-11 2.48E-11 1.96E-11 1.69E-11
 4.97E-17 2.64E-15 6.07E-14 9.07E-13 5.89E-12 2.13E-11 3.04E-11 3.24E-11
 3.26E-11 3.15E-11 2.87E-11 2.38E-11 1.90E-11 1.64E-11
 4.97E-17 2.64E-15 6.07E-14 9.02E-13 5.66E-12 1.90E-11 2.64E-11 2.81E-11
 2.82E-11 2.73E-11 2.50E-11 2.10E-11 1.69E-11 1.47E-11
 4.97E-17 2.64E-15 6.07E-14 8.95E-13 5.40E-12 1.74E-11 2.41E-11 2.56E-11
 2.57E-11 2.49E-11 2.28E-11 1.91E-11 1.54E-11 1.34E-11
 4.97E-17 2.63E-15 6.07E-14 8.92E-13 5.30E-12 1.69E-11 2.33E-11 2.47E-11
 2.48E-11 2.40E-11 2.20E-11 1.86E-11 1.50E-11 1.30E-11
  64.2693    7  14 /pl=01:ss=29:pb= 1:sz=29/type=excit/ispb = t/isel =   45
 1.00E+10 1.00E+11 1.00E+12 1.00E+13 1.00E+14 1.00E+15 1.00E+16
 1.55E+01 2.33E+01 3.88E+01 7.75E+01 1.55E+02 3.88E+02 7.76E+02 1.16E+03
 1.55E+03 2.33E+03 3.88E+03 7.76E+03 1.55E+04 2.33E+04
 2.95E-16 1.52E-14 3.31E-13 3.22E-12 1.19E-11 3.16E-11 4.28E-11 4.52E-11
 4.52E-11 4.36E-11 3.97E-11 3.32E-11 2.67E-11 2.32E-11
 2.95E-16 1.52E-14 3.31E-13 3.22E-12 1.19E-11 3.16E-11 4.27E-11 4.52E-11
 4.52E-11 4.36E-11 3.97E-11 3.32E-11 2.67E-11 2.32E-11
 2.95E-16 1.52E-14 3.31E-13 3.22E-12 1.18E-11 3.15E-11 4.25E-11 4.49E-11
 4.49E-11 4.33E-11 3.95E-11 3.30E-11 2.66E-11 2.31E-11
 2.95E-16 1.52E-14 3.31E-13 3.22E-12 1.18E-11 3.05E-11 4.05E-11 4.26E-11
 4.26E-11 4.11E-11 3.76E-11 3.17E-11 2.57E-11 2.24E-11
 2.95E-16 1.52E-14 3.31E-13 3.21E-12 1.14E-11 2.74E-11 3.53E-11 3.69E-11
 3.69E-11 3.56E-11 3.28E-11 2.79E-11 2.29E-11 2.01E-11
 2.95E-16 1.52E-14 3.31E-13 3.19E-12 1.09E-11 2.50E-11 3.21E-11 3.36E-11
 3.35E-11 3.24E-11 2.99E-11 2.54E-11 2.09E-11 1.84E-11
 2.95E-16 1.52E-14 3.31E-13 3.18E-12 1.07E-11 2.44E-11 3.12E-11 3.26E-11
 3.25E-11 3.15E-11 2.90E-11 2.48E-11 2.03E-11 1.79E-11
  65.3723    7  14 /pl=01:ss=29:pb= 1:sz=29/type=excit/ispb = t/isel =   46
 1.00E+10 1.00E+11 1.00E+12 1.00E+13 1.00E+14 1.00E+15 1.00E+16
 1.55E+01 2.33E+01 3.88E+01 7.75E+01 1.55E+02 3.88E+02 7.76E+02 1.16E+03
 1.55E+03 2.33E+03 3.88E+03 7.76E+03 1.55E+04 2.33E+04
 1.30E-21 6.07E-18 4.76E-15 6.05E-13 5.81E-12 1.77E-11 2.15E-11 2.12E-11
 2.02E-11 1.83E-11 1.54E-11 1.18E-11 8.65E-12 7.17E-12
 1.30E-21 6.07E-18 4.76E-15 6.05E-13 5.81E-12 1.77E-11 2.15E-11 2.12E-11
 2.02E-11 1.82E-11 1.54E-11 1.18E-11 8.64E-12 7.16E-12
 1.30E-21 6.07E-18 4.76E-15 6.05E-13 5.80E-12 1.76E-11 2.14E-11 2.10E-11
 2.01E-11 1.81E-11 1.53E-11 1.17E-11 8.61E-12 7.14E-12
 1.30E-21 6.07E-18 4.76E-15 6.04E-13 5.76E-12 1.70E-11 2.04E-11 2.00E-11
 1.91E-11 1.72E-11 1.46E-11 1.12E-11 8.33E-12 6.93E-12
 1.30E-21 6.07E-18 4.76E-15 6.03E-13 5.58E-12 1.54E-11 1.79E-11 1.75E-11
 1.67E-11 1.51E-11 1.29E-11 9.99E-12 7.48E-12 6.26E-12
 1.30E-21 6.07E-18 4.76E-15 6.00E-13 5.34E-12 1.42E-11 1.64E-11 1.60E-11
 1.53E-11 1.38E-11 1.18E-11 9.16E-12 6.87E-12 5.76E-12
 1.30E-21 6.07E-18 4.76E-15 5.98E-13 5.24E-12 1.37E-11 1.59E-11 1.54E-11
 1.47E-11 1.33E-11 1.14E-11 8.89E-12 6.67E-12 5.60E-12
  68.2268    7  14 /pl=01:ss=29:pb= 1:sz=29/type=excit/ispb = t/isel =   47
 1.00E+10 1.00E+11 1.00E+12 1.00E+13 1.00E+14 1.00E+15 1.00E+16
 1.55E+01 2.33E+01 3.88E+01 7.75E+01 1.55E+02 3.88E+02 7.76E+02 1.16E+03
 1.55E+03 2.33E+03 3.88E+03 7.76E+03 1.55E+04 2.33E+04
 2.36E-21 9.28E-18 6.36E-15 7.34E-13 6.65E-12 1.97E-11 2.38E-11 2.33E-11
 2.22E-11 2.01E-11 1.69E-11 1.29E-11 9.45E-12 7.82E-12
 2.36E-21 9.28E-18 6.36E-15 7.33E-13 6.65E-12 1.97E-11 2.37E-11 2.32E-11
 2.22E-11 2.00E-11 1.69E-11 1.29E-11 9.44E-12 7.82E-12
 2.36E-21 9.28E-18 6.36E-15 7.33E-13 6.64E-12 1.96E-11 2.36E-11 2.31E-11
 2.20E-11 1.99E-11 1.68E-11 1.28E-11 9.40E-12 7.79E-12
 2.36E-21 9.28E-18 6.36E-15 7.33E-13 6.59E-12 1.90E-11 2.25E-11 2.20E-11
 2.09E-11 1.89E-11 1.60E-11 1.23E-11 9.10E-12 7.57E-12
 2.36E-21 9.28E-18 6.36E-15 7.31E-13 6.38E-12 1.72E-11 1.98E-11 1.92E-11
 1.83E-11 1.66E-11 1.41E-11 1.09E-11 8.17E-12 6.84E-12
 2.36E-21 9.28E-18 6.36E-15 7.28E-13 6.12E-12 1.58E-11 1.81E-11 1.75E-11
 1.67E-11 1.52E-11 1.29E-11 1.00E-11 7.50E-12 6.29E-12
 2.36E-21 9.29E-18 6.36E-15 7.26E-13 6.00E-12 1.53E-11 1.75E-11 1.69E-11
 1.61E-11 1.47E-11 1.25E-11 9.72E-12 7.29E-12 6.11E-12
  82.8638    7  14 /pl=01:ss=29:pb= 1:sz=29/type=excit/ispb = t/isel =   48
 1.00E+10 1.00E+11 1.00E+12 1.00E+13 1.00E+14 1.00E+15 1.00E+16
 1.55E+01 2.33E+01 3.88E+01 7.75E+01 1.55E+02 3.88E+02 7.76E+02 1.16E+03
 1.55E+03 2.33E+03 3.88E+03 7.76E+03 1.55E+04 2.33E+04
 1.14E-20 2.24E-17 8.85E-15 6.77E-13 4.96E-12 1.30E-11 1.49E-11 1.45E-11
 1.37E-11 1.22E-11 1.03E-11 7.74E-12 5.65E-12 4.69E-12
 1.14E-20 2.24E-17 8.85E-15 6.77E-13 4.96E-12 1.30E-11 1.49E-11 1.45E-11
 1.37E-11 1.22E-11 1.03E-11 7.74E-12 5.65E-12 4.69E-12
 1.14E-20 2.24E-17 8.85E-15 6.77E-13 4.95E-12 1.29E-11 1.48E-11 1.44E-11
 1.36E-11 1.21E-11 1.02E-11 7.70E-12 5.63E-12 4.68E-12
 1.14E-20 2.24E-17 8.85E-15 6.77E-13 4.92E-12 1.25E-11 1.42E-11 1.37E-11
 1.29E-11 1.15E-11 9.73E-12 7.39E-12 5.44E-12 4.54E-12
 1.14E-20 2.24E-17 8.85E-15 6.75E-13 4.76E-12 1.13E-11 1.24E-11 1.20E-11
 1.13E-11 1.01E-11 8.55E-12 6.56E-12 4.89E-12 4.10E-12
 1.14E-20 2.24E-17 8.85E-15 6.72E-13 4.56E-12 1.04E-11 1.14E-11 1.10E-11
 1.03E-11 9.24E-12 7.83E-12 6.02E-12 4.49E-12 3.77E-12
 1.14E-20 2.24E-17 8.85E-15 6.70E-13 4.47E-12 1.01E-11 1.10E-11 1.06E-11
 9.99E-12 8.93E-12 7.59E-12 5.84E-12 4.36E-12 3.67E-12
  115.902    7  14 /pl=01:ss=29:pb= 1:sz=29/type=excit/ispb = t/isel =   49
 1.00E+10 1.00E+11 1.00E+12 1.00E+13 1.00E+14 1.00E+15 1.00E+16
 1.55E+01 2.33E+01 3.88E+01 7.75E+01 1.55E+02 3.88E+02 7.76E+02 1.16E+03
 1.55E+03 2.33E+03 3.88E+03 7.76E+03 1.55E+04 2.33E+04
 1.13E-25 1.18E-20 1.11E-16 9.16E-14 2.23E-12 1.23E-11 1.86E-11 2.01E-11
 2.01E-11 1.94E-11 1.74E-11 1.41E-11 1.09E-11 9.21E-12
 1.13E-25 1.18E-20 1.11E-16 9.16E-14 2.23E-12 1.23E-11 1.86E-11 2.01E-11
 2.01E-11 1.94E-11 1.74E-11 1.41E-11 1.09E-11 9.21E-12
 1.13E-25 1.18E-20 1.11E-16 9.16E-14 2.23E-12 1.22E-11 1.85E-11 1.99E-11
 1.99E-11 1.92E-11 1.73E-11 1.40E-11 1.08E-11 9.18E-12
 1.13E-25 1.18E-20 1.11E-16 9.16E-14 2.21E-12 1.19E-11 1.77E-11 1.90E-11
 1.89E-11 1.83E-11 1.65E-11 1.35E-11 1.05E-11 8.91E-12
 1.13E-25 1.18E-20 1.11E-16 9.13E-14 2.14E-12 1.07E-11 1.55E-11 1.66E-11
 1.65E-11 1.60E-11 1.45E-11 1.19E-11 9.41E-12 8.06E-12
 1.13E-25 1.18E-20 1.11E-16 9.09E-14 2.05E-12 9.86E-12 1.42E-11 1.52E-11
 1.51E-11 1.46E-11 1.33E-11 1.10E-11 8.65E-12 7.40E-12
 1.13E-25 1.18E-20 1.11E-16 9.07E-14 2.01E-12 9.55E-12 1.37E-11 1.46E-11
 1.46E-11 1.42E-11 1.29E-11 1.06E-11 8.40E-12 7.20E-12
  116.809    7  14 /pl=01:ss=29:pb= 1:sz=29/type=excit/ispb = t/isel =   50
 1.00E+10 1.00E+11 1.00E+12 1.00E+13 1.00E+14 1.00E+15 1.00E+16
 1.55E+01 2.33E+01 3.88E+01 7.75E+01 1.55E+02 3.88E+02 7.76E+02 1.16E+03
 1.55E+03 2.33E+03 3.88E+03 7.76E+03 1.55E+04 2.33E+04
 8.11E-26 8.44E-21 7.94E-17 6.56E-14 1.59E-12 8.80E-12 1.33E-11 1.44E-11
 1.44E-11 1.39E-11 1.25E-11 1.01E-11 7.79E-12 6.59E-12
 8.11E-26 8.44E-21 7.94E-17 6.56E-14 1.59E-12 8.80E-12 1.33E-11 1.44E-11
 1.44E-11 1.39E-11 1.25E-11 1.01E-11 7.79E-12 6.59E-12
 8.11E-26 8.44E-21 7.94E-17 6.56E-14 1.59E-12 8.76E-12 1.32E-11 1.43E-11
 1.43E-11 1.38E-11 1.24E-11 1.00E-11 7.76E-12 6.57E-12
 8.11E-26 8.44E-21 7.94E-17 6.55E-14 1.58E-12 8.49E-12 1.26E-11 1.36E-11
 1.36E-11 1.31E-11 1.18E-11 9.63E-12 7.50E-12 6.38E-12
 8.11E-26 8.44E-21 7.94E-17 6.54E-14 1.53E-12 7.66E-12 1.11E-11 1.19E-11
 1.18E-11 1.14E-11 1.04E-11 8.55E-12 6.74E-12 5.77E-12
 8.11E-26 8.44E-21 7.94E-17 6.50E-14 1.47E-12 7.05E-12 1.02E-11 1.08E-11
 1.08E-11 1.05E-11 9.53E-12 7.84E-12 6.19E-12 5.30E-12
 8.12E-26 8.45E-21 7.94E-17 6.49E-14 1.44E-12 6.84E-12 9.82E-12 1.05E-11
 1.05E-11 1.01E-11 9.22E-12 7.61E-12 6.01E-12 5.15E-12
c-------------------------------------------------------------------------------
 
C  root partition information
C  ==========================
C
C  nuclear charge : 74
C  ion charge+1   : 30
C
C  population calculation information
C  ----------------------------------
C
C  population processing code: adas810
C
C  adf04 source file    : adf04_copmm#74_ls_40#w29.dat
C  adf18/a17_p208 file  : NULL
C
C  meta. ion. coeff. selector  : 
 
C  options  : lnorm =T  lpsel =F  lzsel =T  liosel=F
C           : lhsel =F  lrsel =F  lisel =F  lnsel =F
 
C  energy levels
C  -------------
C
C   lv      configuration    (2S+1)L(w-1/2)      energy (cm^-1)
C  ---   ------------------- --------------      --------------
c    1   99                     (2)2(  4.5)             0.0
c    2   8951A                  (4)3( 13.5)       1555954.0
c    3   8951A                  (4)2(  9.5)       1564354.0
c    4   8951A                  (4)5( 21.5)       1579154.0
c    5   8951A                  (2)4(  8.5)       1597754.0
c    6   8951A                  (4)6( 25.5)       1601354.0
c    7   8951A                  (4)1(  5.5)       1613754.0
c    8   8951A                  (4)0(  1.5)       1630854.0
c    9   8951A                  (2)1(  2.5)       1633254.0
c   10   8951A                  (4)4( 17.5)       1633554.0
c   11   8951A                  (2)6( 12.5)       1636354.0
c   12   8951A                  (4)3( 13.5)       1677454.0
c   13   8951A                  (2)2(  4.5)       1681754.0
c   14   8951A                  (2)7( 14.5)       1686854.0
c   15   8951A                  (2)0(  0.5)       1689554.0
c   16   8951A                  (2)3(  6.5)       1695054.0
c   17   8951A                  (2)3(  6.5)       1697354.0
c   18   8951A                  (4)2(  9.5)       1708154.0
c   19   8951A                  (2)4(  8.5)       1717054.0
c   20   606527558609           (2)1(  2.5)       1717154.0
c   21   8951A                  (4)4( 17.5)       1720954.0
c   22   8951A                  (2)2(  4.5)       1723254.0
c   23   8951A                  (2)4(  8.5)       1724754.0
c   24   8951A                  (2)3(  6.5)       1738854.0
c   25   8951A                  (2)4(  8.5)       1749154.0
c   26   8951A                  (2)6( 12.5)       1752154.0
c   27   8951A                  (2)5( 10.5)       1760954.0
c   28   8951A                  (2)5( 10.5)       1761654.0
c   29   8951A                  (2)1(  2.5)       1764754.0
c   30   8951A                  (2)2(  4.5)       1765554.0
c   31   8951A                  (2)5( 10.5)       1826654.0
c   32   8951A                  (2)1(  2.5)       1846554.0
c   33   8951A                  (2)3(  6.5)       1916154.0
c   34   8951A                  (2)2(  4.5)       2045154.0
c   35   8951A                  (2)3(  6.5)       2068054.0
c   36   606517568609           (2)0(  0.5)       2923954.0
c   37   8951B                  (2)2(  4.5)       2942854.0
c   38   60652755859951A        (4)1(  5.5)       2995554.0
c   39   8951B                  (4)3( 13.5)       3010554.0
c   40   8951B                  (2)3(  6.5)       3033054.0
c   41   8951B                  (4)1(  5.5)       3052054.0
c   42   60652755859951A        (2)2(  4.5)       3052754.0
c   43   8951B                  (2)1(  2.5)       3078454.0
c   44   8951B                  (2)4(  8.5)       3083554.0
c   45   60652755859951A        (4)0(  1.5)       3087454.0
c   46   60652755859951A        (2)4(  8.5)       3095354.0
c   47   60652755859951A        (2)1(  2.5)       3096254.0
c   48   60652755859951A        (2)5( 10.5)       3103154.0
c   49   60652755859951A        (4)2(  9.5)       3163254.0
c   50   60652755859951A        (2)3(  6.5)       3165254.0
c   51   60652755859951A        (4)5( 21.5)       3179354.0
c   52   60652755859951A        (4)3( 13.5)       3182854.0
c   53   60652755859951A        (4)4( 17.5)       3195654.0
c   54   60652755859951A        (2)1(  2.5)       3214154.0
c   55   60652755859951A        (4)1(  5.5)       3246854.0
c   56   60652755859951A        (2)3(  6.5)       3252554.0
c   57   8951B                  (2)0(  0.5)       3254254.0
c   58   60652755859951A        (2)5( 10.5)       3255754.0
c   59   60652755859951A        (4)5( 21.5)       3265454.0
c   60   60652755859951A        (2)4(  8.5)       3278254.0
c   61   60652755859951A        (4)2(  9.5)       3319054.0
c   62   60652755859951A        (4)4( 17.5)       3390554.0
c   63   60652755859951A        (2)6( 12.5)       3400154.0
c   64   60652755859951A        (4)6( 25.5)       3407454.0
c   65   8951C                  (2)1(  2.5)       3426254.0
c   66   60652755859951A        (2)5( 10.5)       3432554.0
c   67   60652755859951A        (2)4(  8.5)       3446354.0
c   68   8951C                  (2)3(  6.5)       3446354.0
c   69   60652755859951A        (2)2(  4.5)       3462054.0
c   70   60652755859951A        (4)2(  9.5)       3474854.0
c   71   8951C                  (4)2(  9.5)       3500054.0
c   72   60652755859951A        (4)4( 17.5)       3503854.0
c   73   8951C                  (2)4(  8.5)       3504354.0
c   74   60652755859951A        (4)3( 13.5)       3513954.0
c   75   8951C                  (4)4( 17.5)       3523854.0
c   76   60652755859951A        (2)3(  6.5)       3524554.0
c   77   8951C                  (2)2(  4.5)       3526154.0
c   78   8951C                  (2)3(  6.5)       3527754.0
c   79   8951C                  (4)1(  5.5)       3542954.0
c   80   60652755859951A        (2)6( 12.5)       3544654.0
c   81   60652755859951A        (2)5( 10.5)       3548954.0
c   82   8951C                  (2)3(  6.5)       3549054.0
c   83   8951C                  (2)1(  2.5)       3555754.0
c   84   60652755859951A        (2)4(  8.5)       3560654.0
c   85   8951C                  (4)3( 13.5)       3564154.0
c   86   8951C                  (2)5( 10.5)       3570154.0
c   87   8951C                  (2)2(  4.5)       3571054.0
c   88   60652755859951A        (4)3( 13.5)       3595054.0
c   89   8951C                  (4)2(  9.5)       3595654.0
c   90   60652755859951A        (2)2(  4.5)       3595654.0
c   91   60652755859951A        (2)3(  6.5)       3609854.0
c   92   60652755859951A        (2)1(  2.5)       3613154.0
c   93   60652755859951A        (2)0(  0.5)       3614854.0
c   94   60652755859951A        (2)4(  8.5)       3620354.0
c   95   60652755859951A        (2)2(  4.5)       3627854.0
c   96   8951C                  (2)0(  0.5)       3681954.0
c   97   8951C                  (2)2(  4.5)       3686654.0
c   98   8951C                  (4)0(  1.5)       3691254.0
c   99   8951C                  (2)4(  8.5)       3696754.0
c  100   8951C                  (2)1(  2.5)       3779154.0
c  101   60652755859951A        (2)2(  4.5)       3794354.0
c  102   60652755859951A        (2)0(  0.5)       3795954.0
c  103   60652755859951A        (2)1(  2.5)       3796054.0
c  104   60652755859951A        (2)3(  6.5)       3844854.0
c  105   60652755859951A        (2)2(  4.5)       3944454.0
c  106   60652755859951A        (2)4(  8.5)       3964554.0
c  107   60652755859951A        (2)3(  6.5)       3991454.0
c  108   8951D                  (2)3(  6.5)       4145554.0
c  109   8951D                  (2)4(  8.5)       4154054.0
c  110   8951D                  (2)3(  6.5)       4174754.0
c  111   8951D                  (2)0(  0.5)       4178954.0
c  112   8951D                  (4)2(  9.5)       4179954.0
c  113   8951D                  (2)1(  2.5)       4181054.0
c  114   8951D                  (4)1(  5.5)       4198454.0
c  115   8951D                  (2)2(  4.5)       4207254.0
c  116   8951D                  (2)2(  4.5)       4213654.0
c  117   8951D                  (4)3( 13.5)       4215854.0
c  118   8951D                  (4)5( 21.5)       4227354.0
c  119   8951D                  (4)4( 17.5)       4228554.0
c  120   8951D                  (2)4(  8.5)       4236154.0
c  121   8951D                  (2)5( 10.5)       4236254.0
c  122   8951D                  (4)2(  9.5)       4252354.0
c  123   8951D                  (2)3(  6.5)       4262654.0
c  124   8951D                  (2)6( 12.5)       4276254.0
c  125   8951D                  (4)3( 13.5)       4276954.0
c  126   8951D                  (2)2(  4.5)       4283654.0
c  127   8951D                  (2)3(  6.5)       4287954.0
c  128   8951D                  (2)5( 10.5)       4304054.0
c  129   8951D                  (2)1(  2.5)       4307654.0
c  130   8951D                  (4)1(  5.5)       4308554.0
c  131   8951D                  (2)1(  2.5)       4313654.0
c  132   8951D                  (2)4(  8.5)       4322454.0
c  133   8951D                  (2)2(  4.5)       4411854.0
c  134   8951D                  (2)2(  4.5)       4466654.0
c  135   8951E                  (2)0(  0.5)       4825854.0
c  136   8951E                  (2)5( 10.5)       4840854.0
c  137   8951E                  (4)2(  9.5)       4860854.0
c  138   8951E                  (2)5( 10.5)       4861054.0
c  139   8951E                  (4)3( 13.5)       4861454.0
c  140   8951E                  (2)2(  4.5)       4862154.0
c  141   8951E                  (2)1(  2.5)       4866054.0
c  142   8951E                  (2)4(  8.5)       4885654.0
c  143   8951E                  (4)1(  5.5)       4906254.0
c  144   8951E                  (2)1(  2.5)       4918054.0
c  145   8951E                  (4)6( 25.5)       4934854.0
c  146   8951E                  (4)5( 21.5)       4935754.0
c  147   8951E                  (4)4( 17.5)       4936954.0
c  148   8951E                  (2)6( 12.5)       4946854.0
c  149   8951E                  (2)2(  4.5)       4946854.0
c  150   8951E                  (2)4(  8.5)       4947554.0
c  151   8951E                  (2)3(  6.5)       4957954.0
c  152   8951E                  (4)3( 13.5)       4971454.0
c  153   8951E                  (2)3(  6.5)       4971754.0
c  154   8951E                  (2)1(  2.5)       4975754.0
c  155   8951E                  (4)4( 17.5)       4976454.0
c  156   8951E                  (2)3(  6.5)       4979354.0
c  157   8951E                  (2)7( 14.5)       4980454.0
c  158   8951E                  (2)4(  8.5)       4985354.0
c  159   8951E                  (2)2(  4.5)       4987454.0
c  160   8951E                  (4)2(  9.5)       4993654.0
c  161   8951E                  (2)3(  6.5)       4996454.0
c  162   8951E                  (2)2(  4.5)       4998854.0
c  163   8951E                  (2)6( 12.5)       5007054.0
c  164   8951E                  (2)5( 10.5)       5010454.0
c  165   8951E                  (2)4(  8.5)       5011454.0
c  166   8951E                  (4)0(  1.5)       5098654.0
c  167   8951E                  (2)3(  6.5)       5171754.0
c  168   8951G                  (2)2(  4.5)       5383354.0
c  169   8951F                  (2)5( 10.5)       5385954.0
c  170   8951F                  (2)6( 12.5)       5394854.0
c  171   8951F                  (2)2(  4.5)       5399654.0
c  172   8951F                  (4)4( 17.5)       5401854.0
c  173   8951F                  (4)3( 13.5)       5402854.0
c  174   8951F                  (4)6( 25.5)       5409654.0
c  175   8951F                  (4)2(  9.5)       5415254.0
c  176   8951F                  (2)5( 10.5)       5416054.0
c  177   8951F                  (4)7( 29.5)       5443454.0
c  178   8951F                  (2)2(  4.5)       5447354.0
c  179   8951F                  (2)3(  6.5)       5452054.0
c  180   8951G                  (4)3( 13.5)       5452354.0
c  181   8951G                  (2)3(  6.5)       5469654.0
c  182   8951F                  (4)4( 17.5)       5476754.0
c  183   8951F                  (2)3(  6.5)       5479954.0
c  184   8951F                  (2)7( 14.5)       5480154.0
c  185   8951F                  (2)6( 12.5)       5486454.0
c  186   8951F                  (4)5( 21.5)       5495254.0
c  187   8951G                  (4)1(  5.5)       5496354.0
c  188   8951F                  (2)4(  8.5)       5505954.0
c  189   8951F                  (2)8( 16.5)       5506854.0
c  190   8951F                  (4)5( 21.5)       5507454.0
c  191   8951G                  (2)1(  2.5)       5507654.0
c  192   8951F                  (2)4(  8.5)       5511154.0
c  193   8951F                  (2)0(  0.5)       5514954.0
c  194   8951F                  (2)4(  8.5)       5522354.0
c  195   8951G                  (2)4(  8.5)       5524254.0
c  196   8951F                  (4)3( 13.5)       5528054.0
c  197   8951F                  (2)1(  2.5)       5528654.0
c  198   8951F                  (2)2(  4.5)       5533854.0
c  199   8951F                  (4)1(  5.5)       5534354.0
c  200   8951F                  (2)3(  6.5)       5534654.0
c  201   8951F                  (2)7( 14.5)       5537254.0
c  202   8951F                  (2)1(  2.5)       5540554.0
c  203   8951F                  (2)4(  8.5)       5541754.0
c  204   8951F                  (2)5( 10.5)       5543754.0
c  205   8951F                  (2)5( 10.5)       5545154.0
c  206   8951F                  (2)6( 12.5)       5545654.0
c  207   8951F                  (2)3(  6.5)       5635154.0
c  208   8951H                  (2)3(  6.5)       5639554.0
c  209   8951H                  (4)2(  9.5)       5664554.0
c  210   8951H                  (4)1(  5.5)       5690054.0
c  211   8951H                  (2)1(  2.5)       5692754.0
c  212   8951G                  (2)0(  0.5)       5695254.0
c  213   8951F                  (2)4(  8.5)       5706254.0
c  214   8951H                  (2)4(  8.5)       5713854.0
c  215   8951H                  (2)2(  4.5)       5715554.0
c  216   8951H                  (4)4( 17.5)       5716854.0
c  217   8951H                  (2)2(  4.5)       5725654.0
c  218   8951H                  (2)3(  6.5)       5728254.0
c  219   8951H                  (4)3( 13.5)       5759854.0
c  220   8951H                  (2)3(  6.5)       5761254.0
c  221   8951H                  (2)5( 10.5)       5773254.0
c  222   8951H                  (4)2(  9.5)       5774754.0
c  223   8951H                  (2)2(  4.5)       5782454.0
c  224   8951H                  (2)1(  2.5)       5810754.0
c  225   8951H                  (2)0(  0.5)       5823254.0
c  226   8951H                  (4)0(  1.5)       5829054.0
c  227   8951H                  (2)4(  8.5)       5836254.0
c  228   8951H                  (2)1(  2.5)       5962654.0
c  229   8951I                  (2)3(  6.5)       6002654.0
c  230   8951I                  (2)4(  8.5)       6007554.0
c  231   8951I                  (2)1(  2.5)       6011954.0
c  232   8951I                  (4)2(  9.5)       6020154.0
c  233   8951I                  (2)0(  0.5)       6020754.0
c  234   8951I                  (2)1(  2.5)       6026154.0
c  235   8951I                  (2)3(  6.5)       6038354.0
c  236   8951I                  (4)3( 13.5)       6047054.0
c  237   8951I                  (2)2(  4.5)       6047054.0
c  238   8951I                  (4)4( 17.5)       6083354.0
c  239   8951I                  (4)5( 21.5)       6084554.0
c  240   8951I                  (2)4(  8.5)       6093254.0
c  241   8951I                  (2)5( 10.5)       6094554.0
c  242   8951I                  (4)1(  5.5)       6105554.0
c  243   8951I                  (4)2(  9.5)       6119754.0
c  244   8951I                  (2)3(  6.5)       6122854.0
c  245   8951I                  (2)2(  4.5)       6123954.0
c  246   8951I                  (4)3( 13.5)       6125754.0
c  247   8951I                  (2)6( 12.5)       6139454.0
c  248   8951I                  (4)1(  5.5)       6142054.0
c  249   8951I                  (2)3(  6.5)       6144354.0
c  250   8951I                  (2)1(  2.5)       6147754.0
c  251   8951I                  (2)5( 10.5)       6153054.0
c  252   8951I                  (2)2(  4.5)       6159354.0
c  253   8951I                  (2)4(  8.5)       6162554.0
c  254   8951I                  (2)2(  4.5)       6252454.0
c  255   8951I                  (2)2(  4.5)       6321354.0
c  256   8951J                  (2)0(  0.5)       6339954.0
c  257   8951J                  (2)5( 10.5)       6352654.0
c  258   8951J                  (2)3(  6.5)       6366754.0
c  259   8951J                  (2)5( 10.5)       6370054.0
c  260   8951J                  (2)2(  4.5)       6371254.0
c  261   8951J                  (2)1(  2.5)       6373354.0
c  262   8951J                  (4)3( 13.5)       6379554.0
c  263   8951J                  (2)2(  4.5)       6393154.0
c  264   8951J                  (2)3(  6.5)       6397154.0
c  265   8951J                  (2)4(  8.5)       6397254.0
c  266   8951J                  (2)1(  2.5)       6429954.0
c  267   8951J                  (4)4( 17.5)       6447254.0
c  268   8951J                  (4)5( 21.5)       6448554.0
c  269   8951J                  (4)6( 25.5)       6449354.0
c  270   8951J                  (2)4(  8.5)       6459854.0
c  271   8951J                  (2)6( 12.5)       6460554.0
c  272   8951J                  (4)4( 17.5)       6485854.0
c  273   8951J                  (4)3( 13.5)       6486654.0
c  274   8951J                  (2)3(  6.5)       6487354.0
c  275   8951J                  (4)1(  5.5)       6490854.0
c  276   8951J                  (2)4(  8.5)       6497654.0
c  277   8951J                  (2)1(  2.5)       6497754.0
c  278   8951J                  (2)7( 14.5)       6501154.0
c  279   8951J                  (4)2(  9.5)       6501954.0
c  280   8951J                  (2)2(  4.5)       6503054.0
c  281   8951J                  (2)2(  4.5)       6504054.0
c  282   8951J                  (4)2(  9.5)       6507654.0
c  283   8951J                  (2)3(  6.5)       6509054.0
c  284   8951J                  (2)6( 12.5)       6514154.0
c  285   8951J                  (2)5( 10.5)       6515754.0
c  286   8951J                  (2)4(  8.5)       6516354.0
c  287   8951J                  (4)0(  1.5)       6607554.0
c  288   8951K                  (2)4(  8.5)       6617754.0
c  289   8951K                  (2)5( 10.5)       6634654.0
c  290   8951K                  (2)4(  8.5)       6638854.0
c  291   8951K                  (2)6( 12.5)       6640154.0
c  292   8951K                  (2)2(  4.5)       6643154.0
c  293   8951K                  (2)3(  6.5)       6643354.0
c  294   8951M                  (2)2(  4.5)       6664954.0
c  295   8951K                  (4)2(  9.5)       6666354.0
c  296   8951K                  (2)6( 12.5)       6668954.0
c  297   8951J                  (2)3(  6.5)       6681754.0
c  298   8951K                  (4)5( 21.5)       6691954.0
c  299   8951K                  (4)6( 25.5)       6692954.0
c  300   8951K                  (4)1(  5.5)       6712554.0
c  301   8951K                  (4)7( 29.5)       6719254.0
c  302   8951K                  (4)3( 13.5)       6724754.0
c  303   8951K                  (2)5( 10.5)       6729054.0
c  304   8951K                  (2)5( 10.5)       6729554.0
c  305   8951K                  (2)7( 14.5)       6731154.0
c  306   8951M                  (4)3( 13.5)       6734654.0
c  307   8951M                  (2)3(  6.5)       6751054.0
c  308   8951K                  (4)5( 21.5)       6753954.0
c  309   8951K                  (4)4( 17.5)       6755454.0
c  310   8951K                  (2)4(  8.5)       6762054.0
c  311   8951K                  (2)8( 16.5)       6767654.0
c  312   8951K                  (2)3(  6.5)       6769454.0
c  313   8951K                  (4)3( 13.5)       6770154.0
c  314   8951K                  (2)0(  0.5)       6770854.0
c  315   8951K                  (2)3(  6.5)       6773454.0
c  316   8951K                  (2)1(  2.5)       6775254.0
c  317   8951K                  (4)4( 17.5)       6775454.0
c  318   8951K                  (2)2(  4.5)       6777854.0
c  319   8951M                  (4)1(  5.5)       6778554.0
c  320   8951K                  (2)2(  4.5)       6778954.0
c  321   8951K                  (2)7( 14.5)       6782454.0
c  322   8951K                  (2)3(  6.5)       6783854.0
c  323   8951K                  (2)4(  8.5)       6784154.0
c  324   8951K                  (2)5( 10.5)       6785954.0
c  325   8951K                  (2)6( 12.5)       6786754.0
c  326   8951K                  (2)1(  2.5)       6786954.0
c  327   8951M                  (2)1(  2.5)       6790754.0
c  328   8951M                  (2)4(  8.5)       6805754.0
c  329   8951N                  (2)3(  6.5)       6813554.0
c  330   8951N                  (2)2(  4.5)       6813954.0
c  331   8951N                  (2)1(  2.5)       6845154.0
c  332   8951N                  (2)2(  4.5)       6863954.0
c  333   8951N                  (4)2(  9.5)       6889054.0
c  334   8951N                  (4)4( 17.5)       6891454.0
c  335   8951N                  (2)4(  8.5)       6894454.0
c  336   8951N                  (2)2(  4.5)       6897054.0
c  337   8951N                  (4)3( 13.5)       6898654.0
c  338   8951N                  (2)3(  6.5)       6928454.0
c  339   8951N                  (4)1(  5.5)       6930254.0
c  340   8951N                  (4)2(  9.5)       6942554.0
c  341   8951N                  (2)3(  6.5)       6943354.0
c  342   8951N                  (2)5( 10.5)       6950654.0
c  343   8951K                  (2)4(  8.5)       6952054.0
c  344   8951N                  (2)0(  0.5)       6964154.0
c  345   8951N                  (2)1(  2.5)       6967954.0
c  346   8951M                  (2)0(  0.5)       6977454.0
c  347   8951N                  (4)0(  1.5)       6979354.0
c  348   8951N                  (2)4(  8.5)       6986754.0
c  349   8951O                  (2)3(  6.5)       7027554.0
c  350   8951O                  (2)4(  8.5)       7029354.0
c  351   8951O                  (2)1(  2.5)       7032354.0
c  352   8951O                  (2)2(  4.5)       7032654.0
c  353   8951O                  (2)0(  0.5)       7037454.0
c  354   8951O                  (2)3(  6.5)       7058254.0
c  355   8951O                  (4)1(  5.5)       7084254.0
c  356   8951O                  (2)1(  2.5)       7089354.0
c  357   8951O                  (4)3( 13.5)       7103954.0
c  358   8951O                  (4)4( 17.5)       7105854.0
c  359   8951O                  (4)5( 21.5)       7108254.0
c  360   8951O                  (4)2(  9.5)       7112554.0
c  361   8951O                  (2)2(  4.5)       7116554.0
c  362   8951O                  (2)4(  8.5)       7116954.0
c  363   8951O                  (2)5( 10.5)       7118854.0
c  364   8951N                  (2)1(  2.5)       7133754.0
c  365   8951O                  (4)3( 13.5)       7134454.0
c  366   8951O                  (4)2(  9.5)       7147754.0
c  367   8951O                  (2)3(  6.5)       7147854.0
c  368   8951O                  (2)2(  4.5)       7154854.0
c  369   8951O                  (4)1(  5.5)       7161254.0
c  370   8951O                  (2)1(  2.5)       7165154.0
c  371   8951O                  (2)6( 12.5)       7165554.0
c  372   8951O                  (2)3(  6.5)       7167954.0
c  373   8951O                  (2)2(  4.5)       7173054.0
c  374   8951O                  (2)5( 10.5)       7173154.0
c  375   8951O                  (2)4(  8.5)       7178754.0
c  376   8951P                  (2)0(  0.5)       7213754.0
c  377   8951P                  (2)3(  6.5)       7240754.0
c  378   8951P                  (2)5( 10.5)       7242354.0
c  379   8951P                  (2)2(  4.5)       7243254.0
c  380   8951P                  (2)1(  2.5)       7244454.0
c  381   8951P                  (4)3( 13.5)       7265154.0
c  382   8951P                  (2)2(  4.5)       7265254.0
c  383   8951P                  (2)3(  6.5)       7268654.0
c  384   8951P                  (2)5( 10.5)       7269054.0
c  385   8951P                  (2)4(  8.5)       7269454.0
c  386   8951P                  (4)4( 17.5)       7285254.0
c  387   8951P                  (2)1(  2.5)       7302854.0
c  388   8951P                  (4)5( 21.5)       7321854.0
c  389   8951P                  (4)6( 25.5)       7323454.0
c  390   8951P                  (2)4(  8.5)       7333354.0
c  391   8951P                  (2)6( 12.5)       7334554.0
c  392   8951O                  (2)2(  4.5)       7342754.0
c  393   8951P                  (4)4( 17.5)       7358354.0
c  394   8951P                  (4)3( 13.5)       7360254.0
c  395   8951P                  (2)3(  6.5)       7363754.0
c  396   8951P                  (4)1(  5.5)       7364854.0
c  397   8951P                  (2)4(  8.5)       7371454.0
c  398   8951P                  (4)2(  9.5)       7373454.0
c  399   8951P                  (2)1(  2.5)       7376054.0
c  400   8951P                  (2)2(  4.5)       7376154.0
c  401   8951P                  (2)7( 14.5)       7377854.0
c  402   8951P                  (2)2(  4.5)       7378854.0
c  403   8951Q                  (2)3(  6.5)       7379154.0
c  404   8951P                  (2)3(  6.5)       7382254.0
c  405   8951P                  (4)2(  9.5)       7382354.0
c  406   8951P                  (2)6( 12.5)       7385254.0
c  407   8951P                  (2)5( 10.5)       7386154.0
c  408   8951P                  (2)4(  8.5)       7386654.0
c  409   8951Q                  (2)5( 10.5)       7397954.0
c  410   8951Q                  (2)4(  8.5)       7400454.0
c  411   8951Q                  (2)6( 12.5)       7401254.0
c  412   8951Q                  (2)3(  6.5)       7402854.0
c  413   8951Q                  (2)2(  4.5)       7403254.0
c  414   8951Q                  (2)6( 12.5)       7428554.0
c  415   8951Q                  (4)2(  9.5)       7430554.0
c  416   8951Q                  (4)6( 25.5)       7455654.0
c  417   8951Q                  (4)5( 21.5)       7455754.0
c  418   8951Q                  (4)1(  5.5)       7474054.0
c  419   8951P                  (4)0(  1.5)       7479454.0
c  420   8951Q                  (4)7( 29.5)       7483254.0
c  421   8951Q                  (4)3( 13.5)       7488054.0
c  422   8951Q                  (2)5( 10.5)       7491854.0
c  423   8951Q                  (2)5( 10.5)       7492054.0
c  424   8951Q                  (2)4(  8.5)       7493954.0
c  425   8951Q                  (2)7( 14.5)       7494454.0
c  426   8951Q                  (4)5( 21.5)       7515754.0
c  427   8951Q                  (4)4( 17.5)       7519354.0
c  428   8951Q                  (2)4(  8.5)       7522754.0
c  429   8951Q                  (4)3( 13.5)       7531254.0
c  430   8951Q                  (2)8( 16.5)       7534854.0
c  431   8951Q                  (2)3(  6.5)       7535154.0
c  432   8951Q                  (2)2(  4.5)       7535954.0
c  433   8951Q                  (2)0(  0.5)       7536154.0
c  434   8951Q                  (2)1(  2.5)       7538354.0
c  435   8951Q                  (4)4( 17.5)       7538554.0
c  436   8951Q                  (2)2(  4.5)       7540254.0
c  437   8951Q                  (2)3(  6.5)       7542654.0
c  438   8951Q                  (2)7( 14.5)       7543254.0
c  439   8951Q                  (2)4(  8.5)       7543854.0
c  440   8951Q                  (2)5( 10.5)       7545054.0
c  441   8951Q                  (2)6( 12.5)       7545754.0
c  442   8951Q                  (2)1(  2.5)       7549854.0
c  443   8951P                  (2)3(  6.5)       7554654.0
c  444   8951Q                  (2)4(  8.5)       7713654.0
 
 
 
c-------------------------------------------------------------------------------
 
C  superstage partition information
C  ================================
C
C  element symbol   : W
C  parent template  : 
C  partition level  :  1
C  superstage label : 29
C
C  tabulation       : photon emissivity coefft (te,ne)
C  units            : ph. emis coef(cm^3 s^-1); te (ev); ne (cm^-3)
C
C  photon emissivity atomic transitions
C  ------------------------------------
C  
C   isel  wvlen(A)            transition                type  ispb nspb
C                                                             ispp nspp sz    tg pr wr
C  ----- ---------- ----------------------------------- ----- ---- ---- --    -- -- --
C      1   20.0503  159(2)2(  4.5)-  1(2)2(  4.5)       excit   1    1  29   142 34  1
C      2   20.0975  154(2)1(  2.5)-  1(2)2(  4.5)       excit   1    1  29   138 35  2
C      3   20.1136  153(2)3(  6.5)-  1(2)2(  4.5)       excit   1    1  29   137 24  3
C      4   20.1696  151(2)3(  6.5)-  1(2)2(  4.5)       excit   1    1  29   135 12  4
C      5   20.2149  149(2)2(  4.5)-  1(2)2(  4.5)       excit   1    1  29   133 41  5
C      6   25.8238  188(2)4(  8.5)- 10(4)4( 17.5)       excit   1    1  29  3501 47  6
C      7   27.1249   97(2)2(  4.5)-  1(2)2(  4.5)       excit   1    1  29    86 43  7
C      8   28.0029   87(2)2(  4.5)-  1(2)2(  4.5)       excit   1    1  29    76 18  8
C      9   28.1234   83(2)1(  2.5)-  1(2)2(  4.5)       excit   1    1  29    73 30  9
C     10   28.1765   82(2)3(  6.5)-  1(2)2(  4.5)       excit   1    1  29    72  8 10
C     11   28.3466   78(2)3(  6.5)-  1(2)2(  4.5)       excit   1    1  29    69 19 11
C     12   28.3595   77(2)2(  4.5)-  1(2)2(  4.5)       excit   1    1  29    68 32 12
C     13   32.4301   44(2)4(  8.5)-  1(2)2(  4.5)       excit   1    1  29    36 46 13
C     14   32.9701   40(2)3(  6.5)-  1(2)2(  4.5)       excit   1    1  29    32 38 14
C     15   33.2165   39(4)3( 13.5)-  1(2)2(  4.5)       excit   1    1  29    31 25 15
C     16   42.2529  133(2)2(  4.5)- 34(2)2(  4.5)       excit   1    1  29 11417 39 16
C     17   42.6658  133(2)2(  4.5)- 35(2)3(  6.5)       excit   1    1  29 11767 14 17
C     18   48.3546   35(2)3(  6.5)-  1(2)2(  4.5)       excit   1    1  29    27  1 18
C     19   48.8961   34(2)2(  4.5)-  1(2)2(  4.5)       excit   1    1  29    26  2 19
C     20   52.1879   33(2)3(  6.5)-  1(2)2(  4.5)       excit   1    1  29    25 29 20
C     21   52.3368   95(2)2(  4.5)- 20(2)1(  2.5)       excit   1    1  29  6761 42 21
C     22   52.8346   91(2)3(  6.5)- 20(2)1(  2.5)       excit   1    1  29  6758 45 22
C     23   54.1549   32(2)1(  2.5)-  1(2)2(  4.5)       excit   1    1  29    24  3 23
C     24   55.6545   74(4)3( 13.5)- 20(2)1(  2.5)       excit   1    1  29  6745 44 24
C     25   56.6394   30(2)2(  4.5)-  1(2)2(  4.5)       excit   1    1  29    23 36 25
C     26   57.1705   25(2)4(  8.5)-  1(2)2(  4.5)       excit   1    1  29    21 28 26
C     27   57.3099   69(2)2(  4.5)- 20(2)1(  2.5)       excit   1    1  29  6740 20 27
C     28   57.5091   24(2)3(  6.5)-  1(2)2(  4.5)       excit   1    1  29    20 23 28
C     29   57.9793   23(2)4(  8.5)-  1(2)2(  4.5)       excit   1    1  29    19 48 29
C     30   58.0298   22(2)2(  4.5)-  1(2)2(  4.5)       excit   1    1  29    18 21 30
C     31   58.1073   21(4)4( 17.5)-  1(2)2(  4.5)       excit   1    1  29    17 26 31
C     32   58.2359   20(2)1(  2.5)-  1(2)2(  4.5)       excit   1    1  29    16  4 32
C     33   58.2393   19(2)4(  8.5)-  1(2)2(  4.5)       excit   1    1  29    15 22 33
C     34   58.5427   18(4)2(  9.5)-  1(2)2(  4.5)       excit   1    1  29    14 13 34
C     35   58.9152   17(2)3(  6.5)-  1(2)2(  4.5)       excit   1    1  29    13 17 35
C     36   58.9952   16(2)3(  6.5)-  1(2)2(  4.5)       excit   1    1  29    12 31 36
C     37   59.4617   13(2)2(  4.5)-  1(2)2(  4.5)       excit   1    1  29    10 27 37
C     38   59.6142   12(4)3( 13.5)-  1(2)2(  4.5)       excit   1    1  29     9  7 38
C     39   61.2162   10(4)4( 17.5)-  1(2)2(  4.5)       excit   1    1  29     8  6 39
C     40   61.2275    9(2)1(  2.5)-  1(2)2(  4.5)       excit   1    1  29     7  5 40
C     41   61.9673    7(4)1(  5.5)-  1(2)2(  4.5)       excit   1    1  29     5 15 41
C     42   62.5879    5(2)4(  8.5)-  1(2)2(  4.5)       excit   1    1  29     4 11 42
C     43   63.3250    4(4)5( 21.5)-  1(2)2(  4.5)       excit   1    1  29     3  9 43
C     44   63.9242    3(4)2(  9.5)-  1(2)2(  4.5)       excit   1    1  29     2 16 44
C     45   64.2693    2(4)3( 13.5)-  1(2)2(  4.5)       excit   1    1  29     1 10 45
C     46   65.3723   55(4)1(  5.5)- 20(2)1(  2.5)       excit   1    1  29  6733 37 46
C     47   68.2268   52(4)3( 13.5)- 20(2)1(  2.5)       excit   1    1  29  6730 33 47
C     48   82.8638   36(2)0(  0.5)- 20(2)1(  2.5)       excit   1    1  29  6718 49 48
C     49   115.902  133(2)2(  4.5)- 82(2)3(  6.5)       excit   1    1  29 27210 40 49
C     50   116.809  133(2)2(  4.5)- 83(2)1(  2.5)       excit   1    1  29 27527 50 50
c-------------------------------------------------------------------------------
                                                                                
C  code     : adas810
C  producer : Adam Foster
C  date     : 15/05/09
                                                                                
c-------------------------------------------------------------------------------

C-----------------------------------------------------------------------
C                               OPEN-ADAS
C                               +++++++++
C
C This file has been downloaded from OPEN-ADAS (http://open.adas.ac.uk)
C on 26-Mar-2025.
C
C TERMS AND CONDITIONS
C --------------------
C
C The user of the OPEN-ADAS system and data (hereinafter "the User")
C accepts the following terms and conditions:
C
C   1. The University of Strathclyde uses all reasonable endeavours to
C      ensure the accuracy of the data provided and any information
C      given, but the University makes no warranty, expressed or implied
C      as to its accuracy, integrity, fitness for purpose and shall not
C      be responsible for the use to which the data is put by the User
C      and/or any consequences arising out of any inaccuracies or
C      omissions.
C
C   2. Any downloaded OPEN-ADAS file is made available for the
C      personal use of the User only.  It must not be used for any
C      commercial application, incorporated into any web site or in
C      any form re-distributed without express prior written permission
C      from the ADAS Project. In particular, but not by way of
C      limitation, it must not be:
C        *  inserted into a managed database structure,
C        *  redistributed along with a modelling or analysis code,
C        *  made available on a public website.
C
C Permission for OPEN-ADAS data incorporation in non-commercial
C code/system development for scientific advance will not be
C unreasonably withheld, but will be subject to written agreement
C on a case by case basis.
C
C The User will indemnify the University of Strathclyde and keep it
C fully and effectively indemnified against each and every claim made
C against the University as a result of the User's use of the data.
C
C-----------------------------------------------------------------------
