   50    /W :42 photon emissivity coefficients/
--------------------------------------------------------------------------------
    1    1    1    1    1    1    1    1    1    1    1    1    1    1
    1    1    1    1    1    1    1    1    1    1    1    1    1    1
    1    1    1    1    1    1    1    1    1    1    1    1    1    1
    1    1    1    1    1    1    1    1    1    1    1    1    1    1
    1    1    1    1    1    1    1    1    1    1    1    1    1    1
    1    1    1    1    1
--------------------------------------------------------------------------------
//#01/p00/ 00/p01/ 01/p02/ 02/p03/ 03/p04/ 04/p05/ 05/p06/ 06/p07/ 07/p08/ 08/  
      p09/ 09/p10/ 10/p11/ 11/p12/ 12/p13/ 13/p14/ 14/p15/ 15/p16/ 16/p17/ 17/  
      p18/ 18/p19/ 19/p20/ 20/p21/ 21/p22/ 22/p23/ 23/p24/ 24/p25/ 25/p26/ 26/  
      p27/ 27/p28/ 28/p29/ 29/p30/ 30/p31/ 31/p32/ 32/p33/ 33/p34/ 34/p35/ 35/  
      p36/ 36/p37/ 37/p38/ 38/p39/ 39/p40/ 40/p41/ 41/p42/ 42/p43/ 43/p44/ 44/  
      p45/ 45/p46/ 46/p47/ 47/p48/ 48/p49/ 49/p50/ 50/p51/ 51/p52/ 52/p53/ 53/  
      p54/ 54/p55/ 55/p56/ 56/p57/ 57/p58/ 58/p59/ 59/p60/ 60/p61/ 61/p62/ 62/  
      p63/ 63/p64/ 64/p65/ 65/p66/ 66/p67/ 67/p68/ 68/p69/ 69/p70/ 70/p71/ 71/  
      p72/ 72/p73/ 73/p74/ 74/                                                  
--------------------------------------------------------------------------------
  5.76111    7  14 /pl=01:ss=42:pb= 1:sz=42/type=excit/ispb = t/isel =    1
 1.00E+10 1.00E+11 1.00E+12 1.00E+13 1.00E+14 1.00E+15 1.00E+16
 3.19E+01 4.78E+01 7.97E+01 1.59E+02 3.19E+02 7.97E+02 1.59E+03 2.39E+03
 3.19E+03 4.78E+03 7.97E+03 1.59E+04 3.19E+04 4.78E+04
 1.21E-40 9.05E-31 6.48E-23 4.05E-17 2.34E-14 7.60E-13 2.12E-12 2.91E-12
 3.39E-12 3.94E-12 4.47E-12 4.92E-12 5.08E-12 5.08E-12
 1.21E-40 9.05E-31 6.48E-23 4.02E-17 2.27E-14 7.01E-13 1.87E-12 2.50E-12
 2.85E-12 3.21E-12 3.50E-12 3.64E-12 3.57E-12 3.46E-12
 1.22E-40 9.06E-31 6.48E-23 4.03E-17 2.26E-14 6.96E-13 1.85E-12 2.46E-12
 2.79E-12 3.13E-12 3.38E-12 3.46E-12 3.32E-12 3.18E-12
 1.23E-40 9.17E-31 6.58E-23 4.11E-17 2.32E-14 7.14E-13 1.89E-12 2.51E-12
 2.84E-12 3.18E-12 3.42E-12 3.49E-12 3.33E-12 3.18E-12
 1.38E-40 1.03E-30 7.54E-23 4.94E-17 2.87E-14 8.87E-13 2.32E-12 3.04E-12
 3.41E-12 3.77E-12 3.98E-12 3.96E-12 3.70E-12 3.49E-12
 2.60E-40 1.92E-30 1.47E-22 1.01E-16 6.07E-14 1.92E-12 5.00E-12 6.48E-12
 7.20E-12 7.79E-12 7.98E-12 7.53E-12 6.64E-12 6.00E-12
 7.17E-40 4.79E-30 3.10E-22 1.79E-16 1.02E-13 3.31E-12 8.99E-12 1.20E-11
 1.36E-11 1.52E-11 1.61E-11 1.61E-11 1.49E-11 1.38E-11
  5.80741    7  14 /pl=01:ss=42:pb= 1:sz=42/type=excit/ispb = t/isel =    2
 1.00E+10 1.00E+11 1.00E+12 1.00E+13 1.00E+14 1.00E+15 1.00E+16
 3.19E+01 4.78E+01 7.97E+01 1.59E+02 3.19E+02 7.97E+02 1.59E+03 2.39E+03
 3.19E+03 4.78E+03 7.97E+03 1.59E+04 3.19E+04 4.78E+04
 2.24E-39 9.13E-30 4.05E-22 1.77E-16 8.51E-14 2.49E-12 6.72E-12 9.10E-12
 1.05E-11 1.21E-11 1.37E-11 1.49E-11 1.54E-11 1.54E-11
 2.23E-39 9.13E-30 4.05E-22 1.76E-16 8.24E-14 2.29E-12 5.92E-12 7.81E-12
 8.80E-12 9.88E-12 1.07E-11 1.10E-11 1.08E-11 1.05E-11
 2.23E-39 9.13E-30 4.04E-22 1.75E-16 8.21E-14 2.27E-12 5.83E-12 7.65E-12
 8.60E-12 9.60E-12 1.03E-11 1.05E-11 1.01E-11 9.60E-12
 2.23E-39 9.12E-30 4.04E-22 1.75E-16 8.18E-14 2.26E-12 5.81E-12 7.62E-12
 8.56E-12 9.55E-12 1.02E-11 1.04E-11 9.97E-12 9.50E-12
 2.22E-39 9.04E-30 3.97E-22 1.70E-16 7.95E-14 2.21E-12 5.70E-12 7.49E-12
 8.43E-12 9.42E-12 1.01E-11 1.03E-11 9.88E-12 9.43E-12
 2.12E-39 8.39E-30 3.51E-22 1.42E-16 6.62E-14 1.90E-12 5.01E-12 6.65E-12
 7.54E-12 8.50E-12 9.23E-12 9.51E-12 9.25E-12 8.88E-12
 1.75E-39 6.38E-30 2.49E-22 1.00E-16 4.91E-14 1.49E-12 3.99E-12 5.32E-12
 6.04E-12 6.81E-12 7.40E-12 7.64E-12 7.46E-12 7.19E-12
  5.81315    7  14 /pl=01:ss=42:pb= 1:sz=42/type=excit/ispb = t/isel =    3
 1.00E+10 1.00E+11 1.00E+12 1.00E+13 1.00E+14 1.00E+15 1.00E+16
 3.19E+01 4.78E+01 7.97E+01 1.59E+02 3.19E+02 7.97E+02 1.59E+03 2.39E+03
 3.19E+03 4.78E+03 7.97E+03 1.59E+04 3.19E+04 4.78E+04
 3.17E-39 1.27E-29 5.54E-22 2.39E-16 1.14E-13 3.33E-12 8.97E-12 1.21E-11
 1.41E-11 1.62E-11 1.83E-11 2.00E-11 2.07E-11 2.06E-11
 3.19E-39 1.27E-29 5.53E-22 2.37E-16 1.11E-13 3.07E-12 7.91E-12 1.04E-11
 1.18E-11 1.32E-11 1.43E-11 1.48E-11 1.45E-11 1.40E-11
 3.19E-39 1.27E-29 5.53E-22 2.37E-16 1.10E-13 3.04E-12 7.79E-12 1.02E-11
 1.15E-11 1.28E-11 1.38E-11 1.40E-11 1.35E-11 1.29E-11
 3.19E-39 1.27E-29 5.53E-22 2.36E-16 1.10E-13 3.03E-12 7.76E-12 1.02E-11
 1.15E-11 1.28E-11 1.37E-11 1.40E-11 1.34E-11 1.27E-11
 3.18E-39 1.26E-29 5.45E-22 2.31E-16 1.07E-13 2.98E-12 7.64E-12 1.00E-11
 1.13E-11 1.27E-11 1.36E-11 1.38E-11 1.33E-11 1.26E-11
 3.08E-39 1.19E-29 4.92E-22 1.98E-16 9.21E-14 2.64E-12 6.92E-12 9.15E-12
 1.04E-11 1.17E-11 1.27E-11 1.30E-11 1.26E-11 1.21E-11
 2.75E-39 9.82E-30 3.77E-22 1.50E-16 7.28E-14 2.19E-12 5.84E-12 7.77E-12
 8.86E-12 9.95E-12 1.08E-11 1.11E-11 1.08E-11 1.04E-11
  5.81450    7  14 /pl=01:ss=42:pb= 1:sz=42/type=excit/ispb = t/isel =    4
 1.00E+10 1.00E+11 1.00E+12 1.00E+13 1.00E+14 1.00E+15 1.00E+16
 3.19E+01 4.78E+01 7.97E+01 1.59E+02 3.19E+02 7.97E+02 1.59E+03 2.39E+03
 3.19E+03 4.78E+03 7.97E+03 1.59E+04 3.19E+04 4.78E+04
 6.58E-39 2.63E-29 1.14E-21 4.91E-16 2.34E-13 6.81E-12 1.83E-11 2.48E-11
 2.87E-11 3.31E-11 3.73E-11 4.08E-11 4.22E-11 4.19E-11
 6.60E-39 2.63E-29 1.14E-21 4.87E-16 2.27E-13 6.27E-12 1.61E-11 2.13E-11
 2.41E-11 2.70E-11 2.92E-11 3.02E-11 2.96E-11 2.86E-11
 6.60E-39 2.63E-29 1.14E-21 4.87E-16 2.26E-13 6.21E-12 1.59E-11 2.09E-11
 2.35E-11 2.62E-11 2.81E-11 2.87E-11 2.75E-11 2.62E-11
 6.60E-39 2.63E-29 1.14E-21 4.85E-16 2.25E-13 6.19E-12 1.58E-11 2.08E-11
 2.34E-11 2.61E-11 2.80E-11 2.85E-11 2.73E-11 2.60E-11
 6.56E-39 2.61E-29 1.12E-21 4.72E-16 2.19E-13 6.05E-12 1.55E-11 2.04E-11
 2.31E-11 2.57E-11 2.76E-11 2.82E-11 2.70E-11 2.57E-11
 6.26E-39 2.42E-29 9.88E-22 3.93E-16 1.82E-13 5.20E-12 1.37E-11 1.82E-11
 2.06E-11 2.32E-11 2.52E-11 2.60E-11 2.53E-11 2.42E-11
 5.16E-39 1.84E-29 7.01E-22 2.78E-16 1.35E-13 4.08E-12 1.09E-11 1.45E-11
 1.65E-11 1.86E-11 2.02E-11 2.09E-11 2.04E-11 1.96E-11
  5.92426    7  14 /pl=01:ss=42:pb= 1:sz=42/type=excit/ispb = t/isel =    5
 1.00E+10 1.00E+11 1.00E+12 1.00E+13 1.00E+14 1.00E+15 1.00E+16
 3.19E+01 4.78E+01 7.97E+01 1.59E+02 3.19E+02 7.97E+02 1.59E+03 2.39E+03
 3.19E+03 4.78E+03 7.97E+03 1.59E+04 3.19E+04 4.78E+04
 6.00E-40 2.41E-30 1.05E-22 4.52E-17 2.16E-14 6.30E-13 1.70E-12 2.29E-12
 2.66E-12 3.07E-12 3.46E-12 3.78E-12 3.91E-12 3.89E-12
 6.02E-40 2.41E-30 1.05E-22 4.48E-17 2.09E-14 5.81E-13 1.50E-12 1.97E-12
 2.23E-12 2.50E-12 2.71E-12 2.80E-12 2.74E-12 2.65E-12
 6.03E-40 2.41E-30 1.05E-22 4.48E-17 2.09E-14 5.75E-13 1.47E-12 1.93E-12
 2.18E-12 2.43E-12 2.61E-12 2.65E-12 2.55E-12 2.43E-12
 6.02E-40 2.41E-30 1.04E-22 4.47E-17 2.08E-14 5.73E-13 1.47E-12 1.92E-12
 2.17E-12 2.42E-12 2.60E-12 2.64E-12 2.53E-12 2.41E-12
 6.00E-40 2.39E-30 1.03E-22 4.36E-17 2.03E-14 5.63E-13 1.44E-12 1.89E-12
 2.15E-12 2.39E-12 2.57E-12 2.62E-12 2.51E-12 2.39E-12
 5.83E-40 2.26E-30 9.30E-23 3.74E-17 1.74E-14 4.99E-13 1.31E-12 1.73E-12
 1.97E-12 2.21E-12 2.40E-12 2.46E-12 2.38E-12 2.28E-12
 5.19E-40 1.86E-30 7.12E-23 2.83E-17 1.38E-14 4.15E-13 1.10E-12 1.47E-12
 1.67E-12 1.88E-12 2.04E-12 2.10E-12 2.04E-12 1.96E-12
  5.97858    7  14 /pl=01:ss=42:pb= 1:sz=42/type=excit/ispb = t/isel =    6
 1.00E+10 1.00E+11 1.00E+12 1.00E+13 1.00E+14 1.00E+15 1.00E+16
 3.19E+01 4.78E+01 7.97E+01 1.59E+02 3.19E+02 7.97E+02 1.59E+03 2.39E+03
 3.19E+03 4.78E+03 7.97E+03 1.59E+04 3.19E+04 4.78E+04
 1.35E-38 2.92E-29 7.76E-22 2.31E-16 9.20E-14 2.40E-12 6.20E-12 8.29E-12
 9.55E-12 1.10E-11 1.23E-11 1.33E-11 1.37E-11 1.36E-11
 1.35E-38 2.92E-29 7.76E-22 2.30E-16 8.92E-14 2.21E-12 5.47E-12 7.11E-12
 8.03E-12 8.93E-12 9.60E-12 9.86E-12 9.62E-12 9.26E-12
 1.35E-38 2.92E-29 7.76E-22 2.29E-16 8.88E-14 2.19E-12 5.38E-12 6.97E-12
 7.84E-12 8.67E-12 9.24E-12 9.35E-12 8.95E-12 8.49E-12
 1.35E-38 2.92E-29 7.74E-22 2.29E-16 8.85E-14 2.18E-12 5.37E-12 6.94E-12
 7.81E-12 8.63E-12 9.20E-12 9.29E-12 8.87E-12 8.40E-12
 1.34E-38 2.89E-29 7.62E-22 2.23E-16 8.60E-14 2.13E-12 5.26E-12 6.82E-12
 7.68E-12 8.51E-12 9.08E-12 9.19E-12 8.79E-12 8.33E-12
 1.28E-38 2.68E-29 6.73E-22 1.85E-16 7.16E-14 1.83E-12 4.63E-12 6.06E-12
 6.87E-12 7.67E-12 8.28E-12 8.49E-12 8.23E-12 7.85E-12
 1.06E-38 2.04E-29 4.77E-22 1.31E-16 5.31E-14 1.43E-12 3.68E-12 4.85E-12
 5.51E-12 6.15E-12 6.64E-12 6.82E-12 6.63E-12 6.35E-12
  5.98108    7  14 /pl=01:ss=42:pb= 1:sz=42/type=excit/ispb = t/isel =    7
 1.00E+10 1.00E+11 1.00E+12 1.00E+13 1.00E+14 1.00E+15 1.00E+16
 3.19E+01 4.78E+01 7.97E+01 1.59E+02 3.19E+02 7.97E+02 1.59E+03 2.39E+03
 3.19E+03 4.78E+03 7.97E+03 1.59E+04 3.19E+04 4.78E+04
 9.96E-39 2.13E-29 5.62E-22 1.66E-16 6.60E-14 1.72E-12 4.45E-12 5.96E-12
 6.85E-12 7.87E-12 8.78E-12 9.59E-12 9.86E-12 9.78E-12
 9.95E-39 2.13E-29 5.62E-22 1.65E-16 6.40E-14 1.58E-12 3.93E-12 5.11E-12
 5.76E-12 6.41E-12 6.87E-12 7.09E-12 6.92E-12 6.67E-12
 9.95E-39 2.13E-29 5.62E-22 1.65E-16 6.37E-14 1.57E-12 3.87E-12 5.01E-12
 5.62E-12 6.23E-12 6.62E-12 6.73E-12 6.43E-12 6.11E-12
 9.95E-39 2.13E-29 5.61E-22 1.64E-16 6.35E-14 1.56E-12 3.85E-12 4.99E-12
 5.60E-12 6.20E-12 6.58E-12 6.68E-12 6.38E-12 6.05E-12
 9.89E-39 2.11E-29 5.52E-22 1.60E-16 6.17E-14 1.52E-12 3.78E-12 4.90E-12
 5.51E-12 6.11E-12 6.50E-12 6.61E-12 6.32E-12 6.00E-12
 9.45E-39 1.96E-29 4.88E-22 1.34E-16 5.15E-14 1.32E-12 3.33E-12 4.37E-12
 4.94E-12 5.52E-12 5.93E-12 6.12E-12 5.92E-12 5.66E-12
 7.84E-39 1.50E-29 3.49E-22 9.48E-17 3.84E-14 1.03E-12 2.66E-12 3.51E-12
 3.98E-12 4.45E-12 4.78E-12 4.94E-12 4.80E-12 4.60E-12
  6.02759    7  14 /pl=01:ss=42:pb= 1:sz=42/type=excit/ispb = t/isel =    8
 1.00E+10 1.00E+11 1.00E+12 1.00E+13 1.00E+14 1.00E+15 1.00E+16
 3.19E+01 4.78E+01 7.97E+01 1.59E+02 3.19E+02 7.97E+02 1.59E+03 2.39E+03
 3.19E+03 4.78E+03 7.97E+03 1.59E+04 3.19E+04 4.78E+04
 9.67E-39 1.75E-29 4.04E-22 1.08E-16 4.08E-14 1.03E-12 2.64E-12 3.52E-12
 4.05E-12 4.63E-12 5.18E-12 5.62E-12 5.78E-12 5.71E-12
 9.66E-39 1.75E-29 4.04E-22 1.07E-16 3.95E-14 9.50E-13 2.33E-12 3.02E-12
 3.40E-12 3.77E-12 4.05E-12 4.16E-12 4.06E-12 3.90E-12
 9.66E-39 1.75E-29 4.04E-22 1.07E-16 3.94E-14 9.40E-13 2.30E-12 2.96E-12
 3.32E-12 3.67E-12 3.90E-12 3.95E-12 3.77E-12 3.57E-12
 9.66E-39 1.75E-29 4.03E-22 1.07E-16 3.93E-14 9.37E-13 2.29E-12 2.95E-12
 3.31E-12 3.65E-12 3.88E-12 3.92E-12 3.74E-12 3.53E-12
 9.61E-39 1.73E-29 3.97E-22 1.04E-16 3.82E-14 9.16E-13 2.25E-12 2.90E-12
 3.26E-12 3.60E-12 3.83E-12 3.88E-12 3.71E-12 3.51E-12
 9.20E-39 1.61E-29 3.52E-22 8.73E-17 3.20E-14 7.93E-13 1.99E-12 2.59E-12
 2.93E-12 3.26E-12 3.51E-12 3.60E-12 3.48E-12 3.31E-12
 7.70E-39 1.25E-29 2.54E-22 6.25E-17 2.40E-14 6.28E-13 1.60E-12 2.10E-12
 2.37E-12 2.65E-12 2.85E-12 2.92E-12 2.84E-12 2.71E-12
  7.25827    7  14 /pl=01:ss=42:pb= 1:sz=42/type=excit/ispb = t/isel =    9
 1.00E+10 1.00E+11 1.00E+12 1.00E+13 1.00E+14 1.00E+15 1.00E+16
 3.19E+01 4.78E+01 7.97E+01 1.59E+02 3.19E+02 7.97E+02 1.59E+03 2.39E+03
 3.19E+03 4.78E+03 7.97E+03 1.59E+04 3.19E+04 4.78E+04
 7.88E-35 3.84E-27 5.73E-21 2.76E-16 5.33E-14 9.44E-13 2.12E-12 2.64E-12
 2.89E-12 3.09E-12 3.17E-12 3.06E-12 2.84E-12 2.67E-12
 7.88E-35 3.84E-27 5.73E-21 2.75E-16 5.17E-14 8.70E-13 1.87E-12 2.26E-12
 2.42E-12 2.52E-12 2.48E-12 2.27E-12 1.99E-12 1.82E-12
 7.88E-35 3.84E-27 5.73E-21 2.74E-16 5.15E-14 8.62E-13 1.84E-12 2.22E-12
 2.37E-12 2.45E-12 2.39E-12 2.15E-12 1.85E-12 1.67E-12
 7.88E-35 3.84E-27 5.72E-21 2.74E-16 5.14E-14 8.61E-13 1.83E-12 2.21E-12
 2.36E-12 2.44E-12 2.38E-12 2.14E-12 1.84E-12 1.65E-12
 7.89E-35 3.83E-27 5.68E-21 2.71E-16 5.10E-14 8.60E-13 1.84E-12 2.22E-12
 2.37E-12 2.45E-12 2.38E-12 2.14E-12 1.84E-12 1.65E-12
 7.97E-35 3.78E-27 5.43E-21 2.53E-16 4.88E-14 8.58E-13 1.86E-12 2.26E-12
 2.41E-12 2.49E-12 2.43E-12 2.17E-12 1.86E-12 1.67E-12
 8.30E-35 3.63E-27 4.90E-21 2.28E-16 4.61E-14 8.55E-13 1.90E-12 2.32E-12
 2.49E-12 2.58E-12 2.51E-12 2.24E-12 1.91E-12 1.71E-12
  7.31616    7  14 /pl=01:ss=42:pb= 1:sz=42/type=excit/ispb = t/isel =   10
 1.00E+10 1.00E+11 1.00E+12 1.00E+13 1.00E+14 1.00E+15 1.00E+16
 3.19E+01 4.78E+01 7.97E+01 1.59E+02 3.19E+02 7.97E+02 1.59E+03 2.39E+03
 3.19E+03 4.78E+03 7.97E+03 1.59E+04 3.19E+04 4.78E+04
 1.01E-34 4.30E-27 6.11E-21 3.27E-16 6.85E-14 1.26E-12 2.86E-12 3.53E-12
 3.84E-12 4.08E-12 4.10E-12 3.83E-12 3.43E-12 3.17E-12
 1.01E-34 4.30E-27 6.11E-21 3.25E-16 6.63E-14 1.16E-12 2.52E-12 3.03E-12
 3.23E-12 3.32E-12 3.21E-12 2.84E-12 2.41E-12 2.16E-12
 1.01E-34 4.30E-27 6.10E-21 3.24E-16 6.61E-14 1.15E-12 2.48E-12 2.97E-12
 3.15E-12 3.23E-12 3.09E-12 2.69E-12 2.24E-12 1.98E-12
 1.01E-34 4.30E-27 6.10E-21 3.24E-16 6.59E-14 1.15E-12 2.47E-12 2.96E-12
 3.14E-12 3.22E-12 3.07E-12 2.67E-12 2.22E-12 1.96E-12
 1.01E-34 4.26E-27 6.01E-21 3.16E-16 6.45E-14 1.13E-12 2.44E-12 2.93E-12
 3.11E-12 3.19E-12 3.05E-12 2.65E-12 2.21E-12 1.95E-12
 9.69E-35 4.00E-27 5.42E-21 2.74E-16 5.63E-14 1.02E-12 2.25E-12 2.72E-12
 2.90E-12 2.99E-12 2.88E-12 2.53E-12 2.11E-12 1.88E-12
 8.32E-35 3.19E-27 4.13E-21 2.13E-16 4.60E-14 8.80E-13 1.96E-12 2.39E-12
 2.55E-12 2.63E-12 2.53E-12 2.22E-12 1.86E-12 1.65E-12
  15.8178    7  14 /pl=01:ss=42:pb= 1:sz=42/type=excit/ispb = t/isel =   11
 1.00E+10 1.00E+11 1.00E+12 1.00E+13 1.00E+14 1.00E+15 1.00E+16
 3.19E+01 4.78E+01 7.97E+01 1.59E+02 3.19E+02 7.97E+02 1.59E+03 2.39E+03
 3.19E+03 4.78E+03 7.97E+03 1.59E+04 3.19E+04 4.78E+04
 4.15E-22 1.26E-18 7.12E-16 6.88E-14 5.35E-13 1.56E-12 2.22E-12 2.54E-12
 2.75E-12 3.01E-12 3.27E-12 3.48E-12 3.51E-12 3.47E-12
 4.15E-22 1.26E-18 7.11E-16 6.83E-14 5.18E-13 1.44E-12 1.96E-12 2.18E-12
 2.31E-12 2.46E-12 2.56E-12 2.58E-12 2.46E-12 2.37E-12
 4.15E-22 1.26E-18 7.11E-16 6.83E-14 5.16E-13 1.43E-12 1.93E-12 2.14E-12
 2.26E-12 2.39E-12 2.47E-12 2.44E-12 2.29E-12 2.17E-12
 4.15E-22 1.26E-18 7.12E-16 6.83E-14 5.17E-13 1.43E-12 1.93E-12 2.14E-12
 2.26E-12 2.38E-12 2.46E-12 2.43E-12 2.27E-12 2.15E-12
 4.20E-22 1.27E-18 7.16E-16 6.86E-14 5.21E-13 1.45E-12 1.96E-12 2.17E-12
 2.29E-12 2.41E-12 2.49E-12 2.46E-12 2.29E-12 2.16E-12
 4.58E-22 1.36E-18 7.50E-16 7.08E-14 5.47E-13 1.57E-12 2.14E-12 2.37E-12
 2.50E-12 2.63E-12 2.69E-12 2.64E-12 2.44E-12 2.29E-12
 6.05E-22 1.65E-18 8.33E-16 7.44E-14 5.83E-13 1.73E-12 2.41E-12 2.70E-12
 2.86E-12 3.02E-12 3.12E-12 3.07E-12 2.85E-12 2.67E-12
  16.6684    7  14 /pl=01:ss=42:pb= 1:sz=42/type=excit/ispb = t/isel =   12
 1.00E+10 1.00E+11 1.00E+12 1.00E+13 1.00E+14 1.00E+15 1.00E+16
 3.19E+01 4.78E+01 7.97E+01 1.59E+02 3.19E+02 7.97E+02 1.59E+03 2.39E+03
 3.19E+03 4.78E+03 7.97E+03 1.59E+04 3.19E+04 4.78E+04
 6.73E-22 2.04E-18 1.15E-15 1.12E-13 8.68E-13 2.53E-12 3.60E-12 4.13E-12
 4.46E-12 4.89E-12 5.31E-12 5.65E-12 5.69E-12 5.63E-12
 6.73E-22 2.04E-18 1.15E-15 1.11E-13 8.41E-13 2.33E-12 3.18E-12 3.54E-12
 3.75E-12 3.98E-12 4.15E-12 4.18E-12 3.99E-12 3.84E-12
 6.73E-22 2.04E-18 1.15E-15 1.11E-13 8.38E-13 2.31E-12 3.13E-12 3.47E-12
 3.67E-12 3.87E-12 4.00E-12 3.97E-12 3.72E-12 3.52E-12
 6.73E-22 2.05E-18 1.15E-15 1.11E-13 8.38E-13 2.31E-12 3.13E-12 3.47E-12
 3.66E-12 3.86E-12 3.99E-12 3.95E-12 3.69E-12 3.49E-12
 6.81E-22 2.06E-18 1.16E-15 1.11E-13 8.45E-13 2.34E-12 3.17E-12 3.52E-12
 3.71E-12 3.91E-12 4.03E-12 3.98E-12 3.72E-12 3.51E-12
 7.44E-22 2.20E-18 1.22E-15 1.15E-13 8.88E-13 2.54E-12 3.47E-12 3.85E-12
 4.05E-12 4.26E-12 4.37E-12 4.28E-12 3.95E-12 3.71E-12
 9.82E-22 2.67E-18 1.35E-15 1.21E-13 9.45E-13 2.80E-12 3.91E-12 4.38E-12
 4.63E-12 4.90E-12 5.05E-12 4.98E-12 4.62E-12 4.33E-12
  19.0792    7  14 /pl=01:ss=42:pb= 1:sz=42/type=excit/ispb = t/isel =   13
 1.00E+10 1.00E+11 1.00E+12 1.00E+13 1.00E+14 1.00E+15 1.00E+16
 3.19E+01 4.78E+01 7.97E+01 1.59E+02 3.19E+02 7.97E+02 1.59E+03 2.39E+03
 3.19E+03 4.78E+03 7.97E+03 1.59E+04 3.19E+04 4.78E+04
 2.71E-22 1.77E-18 1.82E-15 2.67E-13 2.41E-12 6.64E-12 8.15E-12 8.36E-12
 8.29E-12 8.00E-12 7.43E-12 6.51E-12 5.53E-12 4.98E-12
 2.71E-22 1.77E-18 1.82E-15 2.65E-13 2.33E-12 6.12E-12 7.19E-12 7.17E-12
 6.96E-12 6.52E-12 5.82E-12 4.82E-12 3.88E-12 3.40E-12
 2.71E-22 1.77E-18 1.82E-15 2.65E-13 2.32E-12 6.06E-12 7.08E-12 7.03E-12
 6.80E-12 6.33E-12 5.60E-12 4.57E-12 3.61E-12 3.12E-12
 2.71E-22 1.77E-18 1.82E-15 2.65E-13 2.32E-12 6.04E-12 7.06E-12 7.00E-12
 6.78E-12 6.30E-12 5.58E-12 4.54E-12 3.58E-12 3.09E-12
 2.70E-22 1.76E-18 1.79E-15 2.59E-13 2.27E-12 5.95E-12 6.97E-12 6.94E-12
 6.72E-12 6.26E-12 5.54E-12 4.52E-12 3.56E-12 3.07E-12
 2.66E-22 1.69E-18 1.65E-15 2.27E-13 1.99E-12 5.43E-12 6.49E-12 6.51E-12
 6.34E-12 5.94E-12 5.30E-12 4.35E-12 3.46E-12 2.99E-12
 2.50E-22 1.46E-18 1.33E-15 1.80E-13 1.65E-12 4.72E-12 5.76E-12 5.83E-12
 5.70E-12 5.36E-12 4.80E-12 3.96E-12 3.16E-12 2.74E-12
  20.0562    7  14 /pl=01:ss=42:pb= 1:sz=42/type=excit/ispb = t/isel =   14
 1.00E+10 1.00E+11 1.00E+12 1.00E+13 1.00E+14 1.00E+15 1.00E+16
 3.19E+01 4.78E+01 7.97E+01 1.59E+02 3.19E+02 7.97E+02 1.59E+03 2.39E+03
 3.19E+03 4.78E+03 7.97E+03 1.59E+04 3.19E+04 4.78E+04
 1.22E-22 9.76E-19 1.17E-15 1.93E-13 1.82E-12 5.10E-12 6.23E-12 6.34E-12
 6.25E-12 5.98E-12 5.47E-12 4.68E-12 3.87E-12 3.43E-12
 1.22E-22 9.76E-19 1.17E-15 1.92E-13 1.77E-12 4.70E-12 5.49E-12 5.44E-12
 5.25E-12 4.87E-12 4.28E-12 3.46E-12 2.72E-12 2.34E-12
 1.22E-22 9.76E-19 1.17E-15 1.92E-13 1.76E-12 4.65E-12 5.41E-12 5.33E-12
 5.13E-12 4.73E-12 4.13E-12 3.28E-12 2.53E-12 2.15E-12
 1.22E-22 9.75E-19 1.17E-15 1.91E-13 1.75E-12 4.64E-12 5.39E-12 5.32E-12
 5.11E-12 4.71E-12 4.11E-12 3.26E-12 2.51E-12 2.13E-12
 1.22E-22 9.69E-19 1.15E-15 1.87E-13 1.71E-12 4.55E-12 5.31E-12 5.24E-12
 5.05E-12 4.66E-12 4.07E-12 3.24E-12 2.49E-12 2.11E-12
 1.19E-22 9.16E-19 1.04E-15 1.59E-13 1.46E-12 4.03E-12 4.81E-12 4.80E-12
 4.65E-12 4.32E-12 3.81E-12 3.06E-12 2.38E-12 2.03E-12
 1.04E-22 7.41E-19 7.84E-16 1.19E-13 1.15E-12 3.34E-12 4.06E-12 4.08E-12
 3.97E-12 3.71E-12 3.28E-12 2.65E-12 2.08E-12 1.78E-12
  44.0684    7  14 /pl=01:ss=42:pb= 1:sz=42/type=excit/ispb = t/isel =   15
 1.00E+10 1.00E+11 1.00E+12 1.00E+13 1.00E+14 1.00E+15 1.00E+16
 3.19E+01 4.78E+01 7.97E+01 1.59E+02 3.19E+02 7.97E+02 1.59E+03 2.39E+03
 3.19E+03 4.78E+03 7.97E+03 1.59E+04 3.19E+04 4.78E+04
 3.03E-17 2.95E-15 1.04E-13 1.21E-12 3.02E-12 3.68E-12 3.29E-12 2.96E-12
 2.72E-12 2.40E-12 2.03E-12 1.60E-12 1.26E-12 1.09E-12
 3.03E-17 2.95E-15 1.04E-13 1.21E-12 2.92E-12 3.39E-12 2.90E-12 2.54E-12
 2.29E-12 1.95E-12 1.59E-12 1.19E-12 8.83E-13 7.44E-13
 3.03E-17 2.95E-15 1.04E-13 1.20E-12 2.91E-12 3.36E-12 2.85E-12 2.49E-12
 2.23E-12 1.90E-12 1.53E-12 1.13E-12 8.21E-13 6.82E-13
 3.03E-17 2.95E-15 1.04E-13 1.20E-12 2.90E-12 3.34E-12 2.84E-12 2.48E-12
 2.22E-12 1.89E-12 1.52E-12 1.12E-12 8.14E-13 6.75E-13
 3.02E-17 2.92E-15 1.02E-13 1.17E-12 2.83E-12 3.28E-12 2.80E-12 2.44E-12
 2.19E-12 1.87E-12 1.50E-12 1.11E-12 8.09E-13 6.71E-13
 2.91E-17 2.74E-15 9.15E-14 9.91E-13 2.40E-12 2.87E-12 2.51E-12 2.21E-12
 2.00E-12 1.72E-12 1.40E-12 1.04E-12 7.69E-13 6.42E-13
 2.50E-17 2.18E-15 6.78E-14 7.28E-13 1.85E-12 2.34E-12 2.08E-12 1.84E-12
 1.67E-12 1.44E-12 1.18E-12 8.83E-13 6.58E-13 5.52E-13
  46.5879    7  14 /pl=01:ss=42:pb= 1:sz=42/type=excit/ispb = t/isel =   16
 1.00E+10 1.00E+11 1.00E+12 1.00E+13 1.00E+14 1.00E+15 1.00E+16
 3.19E+01 4.78E+01 7.97E+01 1.59E+02 3.19E+02 7.97E+02 1.59E+03 2.39E+03
 3.19E+03 4.78E+03 7.97E+03 1.59E+04 3.19E+04 4.78E+04
 1.12E-16 6.54E-15 1.54E-13 1.33E-12 2.85E-12 3.19E-12 2.76E-12 2.47E-12
 2.26E-12 1.99E-12 1.69E-12 1.35E-12 1.07E-12 9.41E-13
 1.12E-16 6.54E-15 1.54E-13 1.32E-12 2.76E-12 2.94E-12 2.44E-12 2.12E-12
 1.90E-12 1.62E-12 1.32E-12 9.96E-13 7.53E-13 6.42E-13
 1.12E-16 6.54E-15 1.54E-13 1.32E-12 2.75E-12 2.91E-12 2.40E-12 2.08E-12
 1.86E-12 1.58E-12 1.27E-12 9.45E-13 7.01E-13 5.89E-13
 1.13E-16 6.61E-15 1.56E-13 1.34E-12 2.79E-12 2.95E-12 2.43E-12 2.10E-12
 1.87E-12 1.59E-12 1.28E-12 9.46E-13 6.99E-13 5.86E-13
 1.25E-16 7.24E-15 1.71E-13 1.48E-12 3.11E-12 3.29E-12 2.69E-12 2.31E-12
 2.05E-12 1.72E-12 1.38E-12 1.00E-12 7.33E-13 6.11E-13
 1.94E-16 1.09E-14 2.56E-13 2.25E-12 4.89E-12 5.30E-12 4.31E-12 3.66E-12
 3.22E-12 2.66E-12 2.07E-12 1.45E-12 1.01E-12 8.17E-13
 3.90E-16 2.03E-14 4.25E-13 3.35E-12 7.13E-12 7.97E-12 6.70E-12 5.81E-12
 5.19E-12 4.37E-12 3.48E-12 2.51E-12 1.79E-12 1.46E-12
  47.0018    7  14 /pl=01:ss=42:pb= 1:sz=42/type=excit/ispb = t/isel =   17
 1.00E+10 1.00E+11 1.00E+12 1.00E+13 1.00E+14 1.00E+15 1.00E+16
 3.19E+01 4.78E+01 7.97E+01 1.59E+02 3.19E+02 7.97E+02 1.59E+03 2.39E+03
 3.19E+03 4.78E+03 7.97E+03 1.59E+04 3.19E+04 4.78E+04
 6.43E-15 8.53E-14 6.37E-13 2.47E-12 3.80E-12 3.87E-12 3.52E-12 3.29E-12
 3.13E-12 2.90E-12 2.63E-12 2.29E-12 1.97E-12 1.80E-12
 6.43E-15 8.54E-14 6.36E-13 2.45E-12 3.68E-12 3.57E-12 3.11E-12 2.82E-12
 2.63E-12 2.37E-12 2.06E-12 1.70E-12 1.38E-12 1.22E-12
 6.44E-15 8.55E-14 6.38E-13 2.45E-12 3.68E-12 3.54E-12 3.07E-12 2.77E-12
 2.57E-12 2.30E-12 1.99E-12 1.61E-12 1.29E-12 1.12E-12
 6.53E-15 8.67E-14 6.49E-13 2.51E-12 3.78E-12 3.64E-12 3.14E-12 2.84E-12
 2.63E-12 2.34E-12 2.02E-12 1.63E-12 1.29E-12 1.12E-12
 7.46E-15 9.91E-14 7.60E-13 3.08E-12 4.76E-12 4.58E-12 3.89E-12 3.47E-12
 3.18E-12 2.80E-12 2.36E-12 1.86E-12 1.44E-12 1.24E-12
 1.54E-14 2.02E-13 1.59E-12 6.64E-12 1.04E-11 1.02E-11 8.57E-12 7.56E-12
 6.84E-12 5.90E-12 4.84E-12 3.61E-12 2.64E-12 2.18E-12
 4.51E-14 5.30E-13 3.48E-12 1.20E-11 1.78E-11 1.77E-11 1.55E-11 1.41E-11
 1.30E-11 1.16E-11 9.90E-12 7.80E-12 5.99E-12 5.09E-12
  47.0146    7  14 /pl=01:ss=42:pb= 1:sz=42/type=excit/ispb = t/isel =   18
 1.00E+10 1.00E+11 1.00E+12 1.00E+13 1.00E+14 1.00E+15 1.00E+16
 3.19E+01 4.78E+01 7.97E+01 1.59E+02 3.19E+02 7.97E+02 1.59E+03 2.39E+03
 3.19E+03 4.78E+03 7.97E+03 1.59E+04 3.19E+04 4.78E+04
 1.72E-37 1.11E-28 1.13E-21 1.62E-16 4.42E-14 8.98E-13 2.06E-12 2.54E-12
 2.73E-12 2.85E-12 2.78E-12 2.45E-12 2.05E-12 1.82E-12
 1.72E-37 1.11E-28 1.13E-21 1.60E-16 4.28E-14 8.28E-13 1.82E-12 2.18E-12
 2.30E-12 2.33E-12 2.18E-12 1.81E-12 1.44E-12 1.24E-12
 1.72E-37 1.11E-28 1.13E-21 1.60E-16 4.26E-14 8.20E-13 1.79E-12 2.13E-12
 2.24E-12 2.26E-12 2.09E-12 1.72E-12 1.34E-12 1.14E-12
 1.72E-37 1.11E-28 1.12E-21 1.60E-16 4.25E-14 8.17E-13 1.78E-12 2.12E-12
 2.23E-12 2.25E-12 2.08E-12 1.71E-12 1.33E-12 1.13E-12
 1.71E-37 1.10E-28 1.11E-21 1.55E-16 4.13E-14 7.98E-13 1.75E-12 2.09E-12
 2.20E-12 2.22E-12 2.06E-12 1.69E-12 1.32E-12 1.12E-12
 1.63E-37 1.02E-28 9.76E-22 1.30E-16 3.44E-14 6.87E-13 1.54E-12 1.85E-12
 1.97E-12 2.00E-12 1.88E-12 1.56E-12 1.23E-12 1.05E-12
 1.34E-37 7.73E-29 6.93E-22 9.15E-17 2.55E-14 5.38E-13 1.23E-12 1.48E-12
 1.58E-12 1.60E-12 1.51E-12 1.26E-12 9.94E-13 8.52E-13
  47.7218    7  14 /pl=01:ss=42:pb= 1:sz=42/type=excit/ispb = t/isel =   19
 1.00E+10 1.00E+11 1.00E+12 1.00E+13 1.00E+14 1.00E+15 1.00E+16
 3.19E+01 4.78E+01 7.97E+01 1.59E+02 3.19E+02 7.97E+02 1.59E+03 2.39E+03
 3.19E+03 4.78E+03 7.97E+03 1.59E+04 3.19E+04 4.78E+04
 9.70E-13 1.21E-11 8.28E-11 2.92E-10 4.18E-10 4.06E-10 3.67E-10 3.44E-10
 3.27E-10 3.07E-10 2.81E-10 2.48E-10 2.16E-10 1.99E-10
 9.70E-13 1.21E-11 8.28E-11 2.90E-10 4.05E-10 3.74E-10 3.24E-10 2.95E-10
 2.75E-10 2.50E-10 2.20E-10 1.83E-10 1.52E-10 1.35E-10
 9.70E-13 1.21E-11 8.28E-11 2.89E-10 4.03E-10 3.70E-10 3.19E-10 2.89E-10
 2.69E-10 2.43E-10 2.12E-10 1.74E-10 1.41E-10 1.24E-10
 9.69E-13 1.21E-11 8.27E-11 2.89E-10 4.02E-10 3.69E-10 3.17E-10 2.88E-10
 2.68E-10 2.42E-10 2.11E-10 1.73E-10 1.40E-10 1.23E-10
 9.64E-13 1.20E-11 8.13E-11 2.81E-10 3.91E-10 3.61E-10 3.12E-10 2.84E-10
 2.63E-10 2.39E-10 2.08E-10 1.71E-10 1.39E-10 1.22E-10
 9.21E-13 1.11E-11 7.20E-11 2.35E-10 3.26E-10 3.12E-10 2.75E-10 2.53E-10
 2.37E-10 2.16E-10 1.91E-10 1.58E-10 1.30E-10 1.15E-10
 7.63E-13 8.51E-12 5.14E-11 1.67E-10 2.44E-10 2.47E-10 2.21E-10 2.05E-10
 1.92E-10 1.75E-10 1.55E-10 1.29E-10 1.06E-10 9.40E-11
  48.1334    7  14 /pl=01:ss=42:pb= 1:sz=42/type=excit/ispb = t/isel =   20
 1.00E+10 1.00E+11 1.00E+12 1.00E+13 1.00E+14 1.00E+15 1.00E+16
 3.19E+01 4.78E+01 7.97E+01 1.59E+02 3.19E+02 7.97E+02 1.59E+03 2.39E+03
 3.19E+03 4.78E+03 7.97E+03 1.59E+04 3.19E+04 4.78E+04
 5.85E-16 1.65E-14 2.38E-13 1.53E-12 2.96E-12 3.31E-12 2.99E-12 2.75E-12
 2.57E-12 2.33E-12 2.04E-12 1.71E-12 1.42E-12 1.27E-12
 5.89E-16 1.65E-14 2.39E-13 1.52E-12 2.88E-12 3.06E-12 2.65E-12 2.37E-12
 2.16E-12 1.90E-12 1.60E-12 1.27E-12 9.96E-13 8.67E-13
 6.24E-16 1.72E-14 2.47E-13 1.58E-12 2.97E-12 3.13E-12 2.69E-12 2.39E-12
 2.17E-12 1.89E-12 1.58E-12 1.23E-12 9.43E-13 8.07E-13
 9.73E-16 2.40E-14 3.32E-13 2.13E-12 4.00E-12 4.14E-12 3.49E-12 3.06E-12
 2.76E-12 2.37E-12 1.94E-12 1.46E-12 1.09E-12 9.21E-13
 4.42E-15 9.12E-14 1.16E-12 7.30E-12 1.36E-11 1.36E-11 1.11E-11 9.47E-12
 8.39E-12 6.99E-12 5.48E-12 3.83E-12 2.64E-12 2.11E-12
 3.40E-14 6.47E-13 7.29E-12 3.97E-11 6.96E-11 7.00E-11 5.86E-11 5.08E-11
 4.56E-11 3.85E-11 3.07E-11 2.17E-11 1.49E-11 1.18E-11
 1.45E-13 2.43E-12 2.12E-11 8.80E-11 1.42E-10 1.46E-10 1.29E-10 1.17E-10
 1.08E-10 9.64E-11 8.22E-11 6.45E-11 4.92E-11 4.16E-11
  48.9266    7  14 /pl=01:ss=42:pb= 1:sz=42/type=excit/ispb = t/isel =   21
 1.00E+10 1.00E+11 1.00E+12 1.00E+13 1.00E+14 1.00E+15 1.00E+16
 3.19E+01 4.78E+01 7.97E+01 1.59E+02 3.19E+02 7.97E+02 1.59E+03 2.39E+03
 3.19E+03 4.78E+03 7.97E+03 1.59E+04 3.19E+04 4.78E+04
 1.71E-13 1.99E-12 1.31E-11 4.43E-11 6.26E-11 6.05E-11 5.48E-11 5.11E-11
 4.87E-11 4.57E-11 4.18E-11 3.67E-11 3.20E-11 2.94E-11
 1.71E-13 1.99E-12 1.30E-11 4.40E-11 6.07E-11 5.58E-11 4.83E-11 4.38E-11
 4.09E-11 3.72E-11 3.27E-11 2.72E-11 2.25E-11 2.01E-11
 1.71E-13 1.99E-12 1.31E-11 4.40E-11 6.05E-11 5.53E-11 4.76E-11 4.30E-11
 4.00E-11 3.62E-11 3.16E-11 2.58E-11 2.09E-11 1.84E-11
 1.72E-13 2.00E-12 1.31E-11 4.43E-11 6.10E-11 5.58E-11 4.79E-11 4.33E-11
 4.02E-11 3.63E-11 3.16E-11 2.58E-11 2.08E-11 1.83E-11
 1.79E-13 2.09E-12 1.38E-11 4.73E-11 6.60E-11 6.07E-11 5.19E-11 4.66E-11
 4.31E-11 3.87E-11 3.35E-11 2.70E-11 2.16E-11 1.89E-11
 2.45E-13 2.81E-12 1.88E-11 6.62E-11 9.56E-11 9.01E-11 7.67E-11 6.84E-11
 6.27E-11 5.54E-11 4.68E-11 3.65E-11 2.81E-11 2.40E-11
 4.89E-13 5.14E-12 3.03E-11 9.47E-11 1.34E-10 1.30E-10 1.14E-10 1.03E-10
 9.58E-11 8.59E-11 7.40E-11 5.91E-11 4.63E-11 3.97E-11
  49.5373    7  14 /pl=01:ss=42:pb= 1:sz=42/type=excit/ispb = t/isel =   22
 1.00E+10 1.00E+11 1.00E+12 1.00E+13 1.00E+14 1.00E+15 1.00E+16
 3.19E+01 4.78E+01 7.97E+01 1.59E+02 3.19E+02 7.97E+02 1.59E+03 2.39E+03
 3.19E+03 4.78E+03 7.97E+03 1.59E+04 3.19E+04 4.78E+04
 2.19E-16 1.09E-14 2.25E-13 1.76E-12 3.64E-12 4.15E-12 3.77E-12 3.48E-12
 3.27E-12 2.99E-12 2.70E-12 2.36E-12 2.06E-12 1.90E-12
 2.19E-16 1.09E-14 2.25E-13 1.75E-12 3.52E-12 3.83E-12 3.32E-12 2.98E-12
 2.75E-12 2.44E-12 2.11E-12 1.74E-12 1.45E-12 1.30E-12
 2.19E-16 1.09E-14 2.25E-13 1.74E-12 3.51E-12 3.79E-12 3.27E-12 2.92E-12
 2.68E-12 2.37E-12 2.03E-12 1.65E-12 1.34E-12 1.19E-12
 2.19E-16 1.09E-14 2.25E-13 1.74E-12 3.51E-12 3.79E-12 3.27E-12 2.92E-12
 2.68E-12 2.36E-12 2.03E-12 1.64E-12 1.33E-12 1.18E-12
 2.20E-16 1.09E-14 2.25E-13 1.73E-12 3.50E-12 3.80E-12 3.28E-12 2.93E-12
 2.69E-12 2.37E-12 2.03E-12 1.65E-12 1.34E-12 1.18E-12
 2.32E-16 1.12E-14 2.25E-13 1.69E-12 3.45E-12 3.86E-12 3.38E-12 3.03E-12
 2.78E-12 2.45E-12 2.10E-12 1.69E-12 1.37E-12 1.20E-12
 2.77E-16 1.23E-14 2.27E-13 1.63E-12 3.40E-12 3.96E-12 3.53E-12 3.18E-12
 2.93E-12 2.60E-12 2.23E-12 1.80E-12 1.45E-12 1.28E-12
  55.4029    7  14 /pl=01:ss=42:pb= 1:sz=42/type=excit/ispb = t/isel =   23
 1.00E+10 1.00E+11 1.00E+12 1.00E+13 1.00E+14 1.00E+15 1.00E+16
 3.19E+01 4.78E+01 7.97E+01 1.59E+02 3.19E+02 7.97E+02 1.59E+03 2.39E+03
 3.19E+03 4.78E+03 7.97E+03 1.59E+04 3.19E+04 4.78E+04
 7.88E-14 1.05E-12 7.81E-12 3.02E-11 4.66E-11 4.74E-11 4.32E-11 4.04E-11
 3.84E-11 3.56E-11 3.23E-11 2.81E-11 2.42E-11 2.20E-11
 7.89E-14 1.05E-12 7.81E-12 3.00E-11 4.52E-11 4.37E-11 3.81E-11 3.46E-11
 3.22E-11 2.90E-11 2.53E-11 2.08E-11 1.70E-11 1.50E-11
 7.90E-14 1.05E-12 7.82E-12 3.01E-11 4.52E-11 4.34E-11 3.76E-11 3.40E-11
 3.16E-11 2.83E-11 2.44E-11 1.98E-11 1.58E-11 1.38E-11
 8.01E-14 1.06E-12 7.96E-12 3.08E-11 4.64E-11 4.46E-11 3.85E-11 3.48E-11
 3.22E-11 2.88E-11 2.47E-11 1.99E-11 1.59E-11 1.38E-11
 9.15E-14 1.22E-12 9.32E-12 3.78E-11 5.83E-11 5.61E-11 4.77E-11 4.25E-11
 3.90E-11 3.43E-11 2.90E-11 2.28E-11 1.77E-11 1.52E-11
 1.89E-13 2.47E-12 1.95E-11 8.14E-11 1.28E-10 1.25E-10 1.05E-10 9.27E-11
 8.39E-11 7.24E-11 5.93E-11 4.43E-11 3.24E-11 2.68E-11
 5.54E-13 6.51E-12 4.27E-11 1.47E-10 2.18E-10 2.18E-10 1.91E-10 1.73E-10
 1.60E-10 1.42E-10 1.21E-10 9.57E-11 7.35E-11 6.24E-11
  58.0970    7  14 /pl=01:ss=42:pb= 1:sz=42/type=excit/ispb = t/isel =   24
 1.00E+10 1.00E+11 1.00E+12 1.00E+13 1.00E+14 1.00E+15 1.00E+16
 3.19E+01 4.78E+01 7.97E+01 1.59E+02 3.19E+02 7.97E+02 1.59E+03 2.39E+03
 3.19E+03 4.78E+03 7.97E+03 1.59E+04 3.19E+04 4.78E+04
 5.01E-13 5.84E-12 3.83E-11 1.30E-10 1.84E-10 1.77E-10 1.61E-10 1.50E-10
 1.43E-10 1.34E-10 1.23E-10 1.08E-10 9.40E-11 8.63E-11
 5.01E-13 5.84E-12 3.83E-11 1.29E-10 1.78E-10 1.64E-10 1.42E-10 1.29E-10
 1.20E-10 1.09E-10 9.60E-11 7.98E-11 6.59E-11 5.89E-11
 5.02E-13 5.85E-12 3.83E-11 1.29E-10 1.77E-10 1.62E-10 1.40E-10 1.26E-10
 1.17E-10 1.06E-10 9.25E-11 7.57E-11 6.13E-11 5.40E-11
 5.04E-13 5.87E-12 3.85E-11 1.30E-10 1.79E-10 1.64E-10 1.41E-10 1.27E-10
 1.18E-10 1.07E-10 9.28E-11 7.57E-11 6.11E-11 5.37E-11
 5.26E-13 6.12E-12 4.04E-11 1.39E-10 1.94E-10 1.78E-10 1.52E-10 1.37E-10
 1.26E-10 1.14E-10 9.82E-11 7.93E-11 6.35E-11 5.55E-11
 7.17E-13 8.24E-12 5.51E-11 1.94E-10 2.80E-10 2.64E-10 2.25E-10 2.01E-10
 1.84E-10 1.62E-10 1.37E-10 1.07E-10 8.24E-11 7.04E-11
 1.44E-12 1.51E-11 8.87E-11 2.78E-10 3.93E-10 3.81E-10 3.34E-10 3.03E-10
 2.81E-10 2.52E-10 2.17E-10 1.73E-10 1.36E-10 1.16E-10
  59.2354    7  14 /pl=01:ss=42:pb= 1:sz=42/type=excit/ispb = t/isel =   25
 1.00E+10 1.00E+11 1.00E+12 1.00E+13 1.00E+14 1.00E+15 1.00E+16
 3.19E+01 4.78E+01 7.97E+01 1.59E+02 3.19E+02 7.97E+02 1.59E+03 2.39E+03
 3.19E+03 4.78E+03 7.97E+03 1.59E+04 3.19E+04 4.78E+04
 1.48E-12 1.10E-11 5.27E-11 1.54E-10 2.14E-10 2.07E-10 1.83E-10 1.69E-10
 1.59E-10 1.45E-10 1.30E-10 1.11E-10 9.39E-11 8.47E-11
 1.48E-12 1.10E-11 5.27E-11 1.53E-10 2.07E-10 1.90E-10 1.61E-10 1.45E-10
 1.33E-10 1.18E-10 1.01E-10 8.19E-11 6.59E-11 5.77E-11
 1.48E-12 1.10E-11 5.27E-11 1.53E-10 2.07E-10 1.89E-10 1.59E-10 1.42E-10
 1.30E-10 1.15E-10 9.77E-11 7.77E-11 6.13E-11 5.29E-11
 1.48E-12 1.10E-11 5.26E-11 1.53E-10 2.06E-10 1.88E-10 1.58E-10 1.41E-10
 1.30E-10 1.15E-10 9.73E-11 7.72E-11 6.08E-11 5.24E-11
 1.47E-12 1.10E-11 5.19E-11 1.49E-10 2.01E-10 1.85E-10 1.56E-10 1.40E-10
 1.28E-10 1.14E-10 9.65E-11 7.67E-11 6.04E-11 5.21E-11
 1.44E-12 1.04E-11 4.73E-11 1.30E-10 1.76E-10 1.68E-10 1.45E-10 1.30E-10
 1.20E-10 1.07E-10 9.14E-11 7.32E-11 5.81E-11 5.03E-11
 1.32E-12 8.80E-12 3.73E-11 1.01E-10 1.44E-10 1.45E-10 1.27E-10 1.15E-10
 1.06E-10 9.46E-11 8.10E-11 6.49E-11 5.16E-11 4.47E-11
  59.3197    7  14 /pl=01:ss=42:pb= 1:sz=42/type=excit/ispb = t/isel =   26
 1.00E+10 1.00E+11 1.00E+12 1.00E+13 1.00E+14 1.00E+15 1.00E+16
 3.19E+01 4.78E+01 7.97E+01 1.59E+02 3.19E+02 7.97E+02 1.59E+03 2.39E+03
 3.19E+03 4.78E+03 7.97E+03 1.59E+04 3.19E+04 4.78E+04
 1.09E-12 7.98E-12 3.62E-11 9.37E-11 1.16E-10 1.02E-10 8.77E-11 8.06E-11
 7.60E-11 7.01E-11 6.36E-11 5.49E-11 4.75E-11 4.34E-11
 1.09E-12 7.98E-12 3.61E-11 9.31E-11 1.12E-10 9.37E-11 7.74E-11 6.92E-11
 6.39E-11 5.71E-11 4.98E-11 4.06E-11 3.33E-11 2.96E-11
 1.09E-12 7.98E-12 3.61E-11 9.30E-11 1.12E-10 9.28E-11 7.61E-11 6.78E-11
 6.24E-11 5.55E-11 4.79E-11 3.85E-11 3.10E-11 2.71E-11
 1.09E-12 7.99E-12 3.62E-11 9.30E-11 1.12E-10 9.27E-11 7.61E-11 6.77E-11
 6.23E-11 5.53E-11 4.77E-11 3.83E-11 3.07E-11 2.69E-11
 1.10E-12 8.04E-12 3.62E-11 9.27E-11 1.12E-10 9.32E-11 7.66E-11 6.81E-11
 6.27E-11 5.56E-11 4.80E-11 3.84E-11 3.08E-11 2.69E-11
 1.17E-12 8.32E-12 3.63E-11 9.05E-11 1.11E-10 9.59E-11 7.97E-11 7.10E-11
 6.53E-11 5.79E-11 4.98E-11 3.97E-11 3.16E-11 2.75E-11
 1.36E-12 8.91E-12 3.60E-11 8.69E-11 1.10E-10 9.94E-11 8.42E-11 7.56E-11
 6.97E-11 6.20E-11 5.34E-11 4.26E-11 3.40E-11 2.95E-11
  59.6951    7  14 /pl=01:ss=42:pb= 1:sz=42/type=excit/ispb = t/isel =   27
 1.00E+10 1.00E+11 1.00E+12 1.00E+13 1.00E+14 1.00E+15 1.00E+16
 3.19E+01 4.78E+01 7.97E+01 1.59E+02 3.19E+02 7.97E+02 1.59E+03 2.39E+03
 3.19E+03 4.78E+03 7.97E+03 1.59E+04 3.19E+04 4.78E+04
 4.16E-12 3.01E-11 1.35E-10 3.49E-10 4.34E-10 3.81E-10 3.28E-10 3.01E-10
 2.84E-10 2.60E-10 2.35E-10 2.04E-10 1.75E-10 1.60E-10
 4.16E-12 3.01E-11 1.34E-10 3.47E-10 4.20E-10 3.51E-10 2.89E-10 2.58E-10
 2.38E-10 2.12E-10 1.84E-10 1.51E-10 1.23E-10 1.09E-10
 4.16E-12 3.01E-11 1.34E-10 3.46E-10 4.19E-10 3.48E-10 2.85E-10 2.53E-10
 2.33E-10 2.06E-10 1.77E-10 1.43E-10 1.14E-10 9.99E-11
 4.16E-12 3.01E-11 1.34E-10 3.46E-10 4.17E-10 3.47E-10 2.84E-10 2.52E-10
 2.32E-10 2.05E-10 1.76E-10 1.42E-10 1.13E-10 9.89E-11
 4.14E-12 2.99E-11 1.33E-10 3.38E-10 4.09E-10 3.42E-10 2.81E-10 2.49E-10
 2.30E-10 2.04E-10 1.75E-10 1.41E-10 1.13E-10 9.84E-11
 4.06E-12 2.86E-11 1.21E-10 2.96E-10 3.61E-10 3.12E-10 2.61E-10 2.34E-10
 2.16E-10 1.93E-10 1.67E-10 1.35E-10 1.09E-10 9.51E-11
 3.77E-12 2.45E-11 9.70E-11 2.34E-10 2.99E-10 2.73E-10 2.32E-10 2.09E-10
 1.94E-10 1.72E-10 1.49E-10 1.21E-10 9.69E-11 8.49E-11
  59.9556    7  14 /pl=01:ss=42:pb= 1:sz=42/type=excit/ispb = t/isel =   28
 1.00E+10 1.00E+11 1.00E+12 1.00E+13 1.00E+14 1.00E+15 1.00E+16
 3.19E+01 4.78E+01 7.97E+01 1.59E+02 3.19E+02 7.97E+02 1.59E+03 2.39E+03
 3.19E+03 4.78E+03 7.97E+03 1.59E+04 3.19E+04 4.78E+04
 4.71E-16 2.04E-14 3.78E-13 2.71E-12 5.29E-12 5.59E-12 4.77E-12 4.22E-12
 3.85E-12 3.38E-12 2.85E-12 2.26E-12 1.80E-12 1.57E-12
 4.71E-16 2.04E-14 3.78E-13 2.69E-12 5.13E-12 5.16E-12 4.20E-12 3.62E-12
 3.24E-12 2.75E-12 2.23E-12 1.67E-12 1.26E-12 1.07E-12
 4.71E-16 2.04E-14 3.78E-13 2.69E-12 5.11E-12 5.11E-12 4.14E-12 3.55E-12
 3.16E-12 2.67E-12 2.15E-12 1.59E-12 1.17E-12 9.81E-13
 4.72E-16 2.04E-14 3.78E-13 2.69E-12 5.11E-12 5.11E-12 4.14E-12 3.55E-12
 3.16E-12 2.67E-12 2.14E-12 1.58E-12 1.16E-12 9.72E-13
 4.77E-16 2.06E-14 3.80E-13 2.70E-12 5.16E-12 5.19E-12 4.21E-12 3.60E-12
 3.21E-12 2.71E-12 2.17E-12 1.60E-12 1.17E-12 9.79E-13
 5.25E-16 2.22E-14 4.02E-13 2.82E-12 5.47E-12 5.67E-12 4.64E-12 3.98E-12
 3.54E-12 2.98E-12 2.38E-12 1.74E-12 1.26E-12 1.05E-12
 7.06E-16 2.74E-14 4.53E-13 2.99E-12 5.87E-12 6.32E-12 5.29E-12 4.58E-12
 4.11E-12 3.49E-12 2.80E-12 2.06E-12 1.51E-12 1.25E-12
  59.9592    7  14 /pl=01:ss=42:pb= 1:sz=42/type=excit/ispb = t/isel =   29
 1.00E+10 1.00E+11 1.00E+12 1.00E+13 1.00E+14 1.00E+15 1.00E+16
 3.19E+01 4.78E+01 7.97E+01 1.59E+02 3.19E+02 7.97E+02 1.59E+03 2.39E+03
 3.19E+03 4.78E+03 7.97E+03 1.59E+04 3.19E+04 4.78E+04
 3.54E-16 1.58E-14 2.99E-13 2.18E-12 4.29E-12 4.54E-12 3.85E-12 3.40E-12
 3.10E-12 2.70E-12 2.27E-12 1.78E-12 1.40E-12 1.21E-12
 3.54E-16 1.58E-14 2.98E-13 2.17E-12 4.16E-12 4.18E-12 3.39E-12 2.92E-12
 2.61E-12 2.20E-12 1.78E-12 1.32E-12 9.79E-13 8.24E-13
 3.54E-16 1.58E-14 2.98E-13 2.16E-12 4.14E-12 4.14E-12 3.34E-12 2.86E-12
 2.54E-12 2.14E-12 1.71E-12 1.25E-12 9.10E-13 7.56E-13
 3.54E-16 1.58E-14 2.98E-13 2.16E-12 4.13E-12 4.12E-12 3.33E-12 2.85E-12
 2.53E-12 2.13E-12 1.70E-12 1.24E-12 9.02E-13 7.48E-13
 3.52E-16 1.56E-14 2.93E-13 2.10E-12 4.01E-12 4.03E-12 3.27E-12 2.80E-12
 2.49E-12 2.10E-12 1.68E-12 1.23E-12 8.95E-13 7.42E-13
 3.36E-16 1.45E-14 2.59E-13 1.75E-12 3.34E-12 3.48E-12 2.88E-12 2.49E-12
 2.24E-12 1.90E-12 1.53E-12 1.14E-12 8.39E-13 7.00E-13
 2.78E-16 1.11E-14 1.85E-13 1.24E-12 2.49E-12 2.73E-12 2.30E-12 2.01E-12
 1.80E-12 1.53E-12 1.24E-12 9.21E-13 6.83E-13 5.73E-13
  60.9719    7  14 /pl=01:ss=42:pb= 1:sz=42/type=excit/ispb = t/isel =   30
 1.00E+10 1.00E+11 1.00E+12 1.00E+13 1.00E+14 1.00E+15 1.00E+16
 3.19E+01 4.78E+01 7.97E+01 1.59E+02 3.19E+02 7.97E+02 1.59E+03 2.39E+03
 3.19E+03 4.78E+03 7.97E+03 1.59E+04 3.19E+04 4.78E+04
 1.13E-15 4.87E-14 8.96E-13 6.39E-12 1.24E-11 1.31E-11 1.11E-11 9.76E-12
 8.89E-12 7.75E-12 6.49E-12 5.09E-12 3.98E-12 3.45E-12
 1.13E-15 4.87E-14 8.96E-13 6.35E-12 1.21E-11 1.20E-11 9.75E-12 8.38E-12
 7.47E-12 6.32E-12 5.08E-12 3.77E-12 2.79E-12 2.35E-12
 1.13E-15 4.87E-14 8.95E-13 6.34E-12 1.20E-11 1.19E-11 9.60E-12 8.21E-12
 7.30E-12 6.14E-12 4.89E-12 3.57E-12 2.60E-12 2.16E-12
 1.13E-15 4.87E-14 8.94E-13 6.32E-12 1.20E-11 1.19E-11 9.57E-12 8.18E-12
 7.27E-12 6.11E-12 4.87E-12 3.55E-12 2.57E-12 2.13E-12
 1.13E-15 4.82E-14 8.80E-13 6.16E-12 1.17E-11 1.16E-11 9.40E-12 8.05E-12
 7.16E-12 6.03E-12 4.81E-12 3.52E-12 2.55E-12 2.12E-12
 1.08E-15 4.51E-14 7.84E-13 5.19E-12 9.81E-12 1.01E-11 8.36E-12 7.23E-12
 6.47E-12 5.50E-12 4.43E-12 3.28E-12 2.41E-12 2.01E-12
 9.18E-16 3.53E-14 5.72E-13 3.76E-12 7.46E-12 8.12E-12 6.81E-12 5.93E-12
 5.32E-12 4.52E-12 3.65E-12 2.71E-12 2.00E-12 1.68E-12
  61.2970    7  14 /pl=01:ss=42:pb= 1:sz=42/type=excit/ispb = t/isel =   31
 1.00E+10 1.00E+11 1.00E+12 1.00E+13 1.00E+14 1.00E+15 1.00E+16
 3.19E+01 4.78E+01 7.97E+01 1.59E+02 3.19E+02 7.97E+02 1.59E+03 2.39E+03
 3.19E+03 4.78E+03 7.97E+03 1.59E+04 3.19E+04 4.78E+04
 3.01E-16 1.28E-14 2.33E-13 1.65E-12 3.24E-12 3.50E-12 3.06E-12 2.77E-12
 2.56E-12 2.30E-12 2.01E-12 1.67E-12 1.40E-12 1.26E-12
 3.01E-16 1.28E-14 2.33E-13 1.64E-12 3.14E-12 3.22E-12 2.70E-12 2.38E-12
 2.16E-12 1.88E-12 1.57E-12 1.24E-12 9.83E-13 8.60E-13
 3.01E-16 1.28E-14 2.33E-13 1.64E-12 3.14E-12 3.20E-12 2.66E-12 2.33E-12
 2.11E-12 1.82E-12 1.51E-12 1.18E-12 9.14E-13 7.89E-13
 3.03E-16 1.29E-14 2.35E-13 1.66E-12 3.18E-12 3.25E-12 2.69E-12 2.36E-12
 2.13E-12 1.84E-12 1.52E-12 1.18E-12 9.12E-13 7.85E-13
 3.25E-16 1.38E-14 2.56E-13 1.86E-12 3.64E-12 3.72E-12 3.05E-12 2.64E-12
 2.37E-12 2.03E-12 1.66E-12 1.26E-12 9.60E-13 8.20E-13
 5.14E-16 2.17E-14 4.13E-13 3.13E-12 6.29E-12 6.54E-12 5.28E-12 4.50E-12
 3.97E-12 3.31E-12 2.61E-12 1.88E-12 1.35E-12 1.11E-12
 1.22E-15 4.69E-14 7.71E-13 5.03E-12 9.74E-12 1.04E-11 8.62E-12 7.46E-12
 6.69E-12 5.68E-12 4.56E-12 3.35E-12 2.43E-12 2.02E-12
  61.8850    7  14 /pl=01:ss=42:pb= 1:sz=42/type=excit/ispb = t/isel =   32
 1.00E+10 1.00E+11 1.00E+12 1.00E+13 1.00E+14 1.00E+15 1.00E+16
 3.19E+01 4.78E+01 7.97E+01 1.59E+02 3.19E+02 7.97E+02 1.59E+03 2.39E+03
 3.19E+03 4.78E+03 7.97E+03 1.59E+04 3.19E+04 4.78E+04
 3.23E-15 1.35E-13 2.41E-12 1.69E-11 3.25E-11 3.40E-11 2.87E-11 2.53E-11
 2.30E-11 2.00E-11 1.67E-11 1.31E-11 1.02E-11 8.79E-12
 3.23E-15 1.35E-13 2.41E-12 1.67E-11 3.15E-11 3.13E-11 2.53E-11 2.17E-11
 1.93E-11 1.63E-11 1.31E-11 9.67E-12 7.16E-12 5.99E-12
 3.23E-15 1.35E-13 2.41E-12 1.67E-11 3.14E-11 3.10E-11 2.49E-11 2.12E-11
 1.89E-11 1.58E-11 1.26E-11 9.17E-12 6.66E-12 5.50E-12
 3.23E-15 1.34E-13 2.40E-12 1.67E-11 3.12E-11 3.09E-11 2.48E-11 2.12E-11
 1.88E-11 1.58E-11 1.25E-11 9.11E-12 6.60E-12 5.44E-12
 3.21E-15 1.33E-13 2.36E-12 1.62E-11 3.04E-11 3.02E-11 2.43E-11 2.08E-11
 1.85E-11 1.55E-11 1.24E-11 9.01E-12 6.54E-12 5.40E-12
 3.07E-15 1.24E-13 2.09E-12 1.35E-11 2.53E-11 2.60E-11 2.14E-11 1.85E-11
 1.66E-11 1.41E-11 1.13E-11 8.35E-12 6.14E-12 5.10E-12
 2.54E-15 9.44E-14 1.49E-12 9.58E-12 1.88E-11 2.05E-11 1.72E-11 1.49E-11
 1.34E-11 1.13E-11 9.14E-12 6.77E-12 5.01E-12 4.18E-12
  62.9366    7  14 /pl=01:ss=42:pb= 1:sz=42/type=excit/ispb = t/isel =   33
 1.00E+10 1.00E+11 1.00E+12 1.00E+13 1.00E+14 1.00E+15 1.00E+16
 3.19E+01 4.78E+01 7.97E+01 1.59E+02 3.19E+02 7.97E+02 1.59E+03 2.39E+03
 3.19E+03 4.78E+03 7.97E+03 1.59E+04 3.19E+04 4.78E+04
 4.32E-17 4.21E-15 1.48E-13 1.73E-12 4.31E-12 5.25E-12 4.69E-12 4.22E-12
 3.88E-12 3.42E-12 2.89E-12 2.29E-12 1.80E-12 1.56E-12
 4.32E-17 4.21E-15 1.48E-13 1.72E-12 4.17E-12 4.84E-12 4.14E-12 3.62E-12
 3.26E-12 2.79E-12 2.26E-12 1.69E-12 1.26E-12 1.06E-12
 4.32E-17 4.21E-15 1.48E-13 1.72E-12 4.16E-12 4.79E-12 4.07E-12 3.55E-12
 3.19E-12 2.71E-12 2.18E-12 1.61E-12 1.17E-12 9.73E-13
 4.32E-17 4.20E-15 1.48E-13 1.71E-12 4.14E-12 4.77E-12 4.06E-12 3.53E-12
 3.17E-12 2.70E-12 2.17E-12 1.60E-12 1.16E-12 9.63E-13
 4.30E-17 4.17E-15 1.46E-13 1.67E-12 4.04E-12 4.67E-12 3.99E-12 3.48E-12
 3.13E-12 2.66E-12 2.15E-12 1.58E-12 1.15E-12 9.57E-13
 4.15E-17 3.91E-15 1.31E-13 1.41E-12 3.42E-12 4.10E-12 3.58E-12 3.15E-12
 2.85E-12 2.45E-12 1.99E-12 1.49E-12 1.10E-12 9.16E-13
 3.57E-17 3.11E-15 9.67E-14 1.04E-12 2.63E-12 3.33E-12 2.96E-12 2.63E-12
 2.39E-12 2.05E-12 1.68E-12 1.26E-12 9.39E-13 7.88E-13
  66.7423    7  14 /pl=01:ss=42:pb= 1:sz=42/type=excit/ispb = t/isel =   34
 1.00E+10 1.00E+11 1.00E+12 1.00E+13 1.00E+14 1.00E+15 1.00E+16
 3.19E+01 4.78E+01 7.97E+01 1.59E+02 3.19E+02 7.97E+02 1.59E+03 2.39E+03
 3.19E+03 4.78E+03 7.97E+03 1.59E+04 3.19E+04 4.78E+04
 2.24E-15 1.14E-13 2.41E-12 1.91E-11 3.91E-11 4.23E-11 3.64E-11 3.23E-11
 2.96E-11 2.59E-11 2.19E-11 1.73E-11 1.37E-11 1.20E-11
 2.24E-15 1.14E-13 2.41E-12 1.89E-11 3.78E-11 3.90E-11 3.21E-11 2.77E-11
 2.48E-11 2.11E-11 1.71E-11 1.28E-11 9.61E-12 8.15E-12
 2.24E-15 1.14E-13 2.41E-12 1.89E-11 3.77E-11 3.86E-11 3.16E-11 2.71E-11
 2.43E-11 2.05E-11 1.65E-11 1.22E-11 8.94E-12 7.47E-12
 2.24E-15 1.14E-13 2.41E-12 1.89E-11 3.76E-11 3.85E-11 3.15E-11 2.70E-11
 2.42E-11 2.04E-11 1.64E-11 1.21E-11 8.86E-12 7.40E-12
 2.23E-15 1.13E-13 2.37E-12 1.84E-11 3.65E-11 3.77E-11 3.09E-11 2.66E-11
 2.38E-11 2.02E-11 1.62E-11 1.20E-11 8.79E-12 7.34E-12
 2.14E-15 1.05E-13 2.11E-12 1.54E-11 3.07E-11 3.28E-11 2.75E-11 2.39E-11
 2.15E-11 1.84E-11 1.49E-11 1.12E-11 8.30E-12 6.98E-12
 1.80E-15 8.21E-14 1.53E-12 1.11E-11 2.32E-11 2.62E-11 2.23E-11 1.95E-11
 1.77E-11 1.51E-11 1.23E-11 9.24E-12 6.92E-12 5.85E-12
  67.5219    7  14 /pl=01:ss=42:pb= 1:sz=42/type=excit/ispb = t/isel =   35
 1.00E+10 1.00E+11 1.00E+12 1.00E+13 1.00E+14 1.00E+15 1.00E+16
 3.19E+01 4.78E+01 7.97E+01 1.59E+02 3.19E+02 7.97E+02 1.59E+03 2.39E+03
 3.19E+03 4.78E+03 7.97E+03 1.59E+04 3.19E+04 4.78E+04
 9.20E-16 4.51E-14 9.21E-13 7.12E-12 1.44E-11 1.55E-11 1.32E-11 1.17E-11
 1.07E-11 9.30E-12 7.79E-12 6.11E-12 4.77E-12 4.13E-12
 9.20E-16 4.51E-14 9.21E-13 7.07E-12 1.39E-11 1.43E-11 1.17E-11 1.00E-11
 8.95E-12 7.58E-12 6.10E-12 4.52E-12 3.35E-12 2.81E-12
 9.20E-16 4.51E-14 9.21E-13 7.06E-12 1.39E-11 1.41E-11 1.15E-11 9.83E-12
 8.75E-12 7.36E-12 5.87E-12 4.29E-12 3.11E-12 2.58E-12
 9.20E-16 4.51E-14 9.19E-13 7.04E-12 1.38E-11 1.41E-11 1.14E-11 9.79E-12
 8.71E-12 7.32E-12 5.84E-12 4.26E-12 3.09E-12 2.55E-12
 9.15E-16 4.47E-14 9.05E-13 6.86E-12 1.35E-11 1.38E-11 1.12E-11 9.63E-12
 8.58E-12 7.23E-12 5.78E-12 4.22E-12 3.06E-12 2.54E-12
 8.79E-16 4.17E-14 8.05E-13 5.77E-12 1.13E-11 1.20E-11 9.98E-12 8.65E-12
 7.76E-12 6.59E-12 5.32E-12 3.93E-12 2.89E-12 2.41E-12
 7.45E-16 3.26E-14 5.87E-13 4.17E-12 8.61E-12 9.60E-12 8.14E-12 7.09E-12
 6.38E-12 5.42E-12 4.39E-12 3.26E-12 2.41E-12 2.02E-12
  70.6624    7  14 /pl=01:ss=42:pb= 1:sz=42/type=excit/ispb = t/isel =   36
 1.00E+10 1.00E+11 1.00E+12 1.00E+13 1.00E+14 1.00E+15 1.00E+16
 3.19E+01 4.78E+01 7.97E+01 1.59E+02 3.19E+02 7.97E+02 1.59E+03 2.39E+03
 3.19E+03 4.78E+03 7.97E+03 1.59E+04 3.19E+04 4.78E+04
 7.84E-12 4.07E-11 1.41E-10 3.11E-10 3.62E-10 3.08E-10 2.60E-10 2.35E-10
 2.20E-10 2.01E-10 1.78E-10 1.53E-10 1.29E-10 1.17E-10
 7.84E-12 4.07E-11 1.41E-10 3.09E-10 3.50E-10 2.84E-10 2.30E-10 2.02E-10
 1.85E-10 1.63E-10 1.40E-10 1.13E-10 9.07E-11 8.00E-11
 7.84E-12 4.07E-11 1.41E-10 3.09E-10 3.49E-10 2.81E-10 2.26E-10 1.98E-10
 1.80E-10 1.59E-10 1.34E-10 1.07E-10 8.44E-11 7.33E-11
 7.84E-12 4.06E-11 1.41E-10 3.08E-10 3.48E-10 2.81E-10 2.26E-10 1.98E-10
 1.80E-10 1.58E-10 1.34E-10 1.06E-10 8.37E-11 7.26E-11
 7.85E-12 4.06E-11 1.40E-10 3.05E-10 3.45E-10 2.79E-10 2.25E-10 1.97E-10
 1.80E-10 1.58E-10 1.34E-10 1.06E-10 8.36E-11 7.25E-11
 7.98E-12 4.03E-11 1.34E-10 2.82E-10 3.24E-10 2.72E-10 2.22E-10 1.96E-10
 1.79E-10 1.57E-10 1.33E-10 1.06E-10 8.34E-11 7.23E-11
 8.50E-12 3.95E-11 1.22E-10 2.50E-10 2.97E-10 2.62E-10 2.18E-10 1.93E-10
 1.77E-10 1.56E-10 1.33E-10 1.05E-10 8.29E-11 7.18E-11
  71.5717    7  14 /pl=01:ss=42:pb= 1:sz=42/type=excit/ispb = t/isel =   37
 1.00E+10 1.00E+11 1.00E+12 1.00E+13 1.00E+14 1.00E+15 1.00E+16
 3.19E+01 4.78E+01 7.97E+01 1.59E+02 3.19E+02 7.97E+02 1.59E+03 2.39E+03
 3.19E+03 4.78E+03 7.97E+03 1.59E+04 3.19E+04 4.78E+04
 3.37E-16 1.50E-14 2.84E-13 2.08E-12 4.08E-12 4.32E-12 3.66E-12 3.24E-12
 2.95E-12 2.57E-12 2.16E-12 1.69E-12 1.33E-12 1.15E-12
 3.37E-16 1.50E-14 2.84E-13 2.06E-12 3.96E-12 3.98E-12 3.23E-12 2.78E-12
 2.48E-12 2.10E-12 1.69E-12 1.25E-12 9.32E-13 7.85E-13
 3.37E-16 1.50E-14 2.84E-13 2.06E-12 3.94E-12 3.94E-12 3.18E-12 2.72E-12
 2.42E-12 2.04E-12 1.63E-12 1.19E-12 8.66E-13 7.19E-13
 3.37E-16 1.50E-14 2.84E-13 2.05E-12 3.93E-12 3.93E-12 3.17E-12 2.71E-12
 2.41E-12 2.03E-12 1.62E-12 1.18E-12 8.59E-13 7.12E-13
 3.35E-16 1.49E-14 2.79E-13 2.00E-12 3.82E-12 3.84E-12 3.11E-12 2.67E-12
 2.37E-12 2.00E-12 1.60E-12 1.17E-12 8.51E-13 7.06E-13
 3.20E-16 1.38E-14 2.47E-13 1.67E-12 3.18E-12 3.31E-12 2.74E-12 2.37E-12
 2.13E-12 1.81E-12 1.46E-12 1.08E-12 7.98E-13 6.67E-13
 2.65E-16 1.06E-14 1.76E-13 1.18E-12 2.37E-12 2.60E-12 2.19E-12 1.91E-12
 1.71E-12 1.46E-12 1.18E-12 8.76E-13 6.50E-13 5.45E-13
  71.7731    7  14 /pl=01:ss=42:pb= 1:sz=42/type=excit/ispb = t/isel =   38
 1.00E+10 1.00E+11 1.00E+12 1.00E+13 1.00E+14 1.00E+15 1.00E+16
 3.19E+01 4.78E+01 7.97E+01 1.59E+02 3.19E+02 7.97E+02 1.59E+03 2.39E+03
 3.19E+03 4.78E+03 7.97E+03 1.59E+04 3.19E+04 4.78E+04
 4.80E-14 2.46E-13 9.12E-13 2.44E-12 3.39E-12 3.25E-12 2.82E-12 2.57E-12
 2.39E-12 2.16E-12 1.91E-12 1.60E-12 1.34E-12 1.20E-12
 4.80E-14 2.47E-13 9.11E-13 2.42E-12 3.28E-12 3.00E-12 2.49E-12 2.20E-12
 2.01E-12 1.76E-12 1.49E-12 1.18E-12 9.40E-13 8.21E-13
 4.81E-14 2.47E-13 9.12E-13 2.42E-12 3.28E-12 2.97E-12 2.45E-12 2.16E-12
 1.96E-12 1.71E-12 1.44E-12 1.12E-12 8.74E-13 7.53E-13
 4.83E-14 2.48E-13 9.18E-13 2.44E-12 3.30E-12 2.99E-12 2.47E-12 2.17E-12
 1.97E-12 1.72E-12 1.44E-12 1.12E-12 8.71E-13 7.48E-13
 5.11E-14 2.62E-13 9.75E-13 2.62E-12 3.57E-12 3.25E-12 2.67E-12 2.34E-12
 2.12E-12 1.84E-12 1.53E-12 1.18E-12 9.05E-13 7.74E-13
 7.45E-14 3.77E-13 1.41E-12 3.74E-12 5.15E-12 4.78E-12 3.94E-12 3.42E-12
 3.08E-12 2.64E-12 2.15E-12 1.60E-12 1.19E-12 9.92E-13
 1.63E-13 7.46E-13 2.39E-12 5.41E-12 7.19E-12 6.85E-12 5.82E-12 5.16E-12
 4.70E-12 4.10E-12 3.41E-12 2.62E-12 1.97E-12 1.66E-12
  73.2301    7  14 /pl=01:ss=42:pb= 1:sz=42/type=excit/ispb = t/isel =   39
 1.00E+10 1.00E+11 1.00E+12 1.00E+13 1.00E+14 1.00E+15 1.00E+16
 3.19E+01 4.78E+01 7.97E+01 1.59E+02 3.19E+02 7.97E+02 1.59E+03 2.39E+03
 3.19E+03 4.78E+03 7.97E+03 1.59E+04 3.19E+04 4.78E+04
 3.97E-14 2.97E-13 1.42E-12 4.14E-12 5.75E-12 5.55E-12 4.91E-12 4.53E-12
 4.26E-12 3.90E-12 3.48E-12 2.97E-12 2.52E-12 2.27E-12
 3.97E-14 2.97E-13 1.41E-12 4.11E-12 5.57E-12 5.12E-12 4.33E-12 3.88E-12
 3.58E-12 3.18E-12 2.73E-12 2.20E-12 1.77E-12 1.55E-12
 3.97E-14 2.97E-13 1.41E-12 4.11E-12 5.55E-12 5.07E-12 4.27E-12 3.81E-12
 3.50E-12 3.09E-12 2.62E-12 2.09E-12 1.65E-12 1.42E-12
 3.97E-14 2.96E-13 1.41E-12 4.10E-12 5.53E-12 5.05E-12 4.25E-12 3.79E-12
 3.48E-12 3.08E-12 2.61E-12 2.07E-12 1.63E-12 1.41E-12
 3.96E-14 2.94E-13 1.39E-12 4.01E-12 5.41E-12 4.97E-12 4.20E-12 3.75E-12
 3.45E-12 3.05E-12 2.59E-12 2.06E-12 1.62E-12 1.40E-12
 3.86E-14 2.80E-13 1.27E-12 3.49E-12 4.74E-12 4.51E-12 3.88E-12 3.50E-12
 3.23E-12 2.87E-12 2.46E-12 1.97E-12 1.56E-12 1.35E-12
 3.53E-14 2.36E-13 1.00E-12 2.72E-12 3.88E-12 3.89E-12 3.41E-12 3.09E-12
 2.85E-12 2.54E-12 2.18E-12 1.74E-12 1.38E-12 1.20E-12
  73.3590    7  14 /pl=01:ss=42:pb= 1:sz=42/type=excit/ispb = t/isel =   40
 1.00E+10 1.00E+11 1.00E+12 1.00E+13 1.00E+14 1.00E+15 1.00E+16
 3.19E+01 4.78E+01 7.97E+01 1.59E+02 3.19E+02 7.97E+02 1.59E+03 2.39E+03
 3.19E+03 4.78E+03 7.97E+03 1.59E+04 3.19E+04 4.78E+04
 8.20E-13 6.01E-12 2.72E-11 7.06E-11 8.73E-11 7.65E-11 6.60E-11 6.07E-11
 5.73E-11 5.27E-11 4.79E-11 4.13E-11 3.58E-11 3.26E-11
 8.20E-13 6.01E-12 2.72E-11 7.01E-11 8.46E-11 7.05E-11 5.82E-11 5.21E-11
 4.81E-11 4.30E-11 3.75E-11 3.06E-11 2.51E-11 2.23E-11
 8.20E-13 6.01E-12 2.72E-11 7.00E-11 8.43E-11 6.98E-11 5.73E-11 5.10E-11
 4.70E-11 4.18E-11 3.61E-11 2.90E-11 2.33E-11 2.04E-11
 8.21E-13 6.01E-12 2.72E-11 7.00E-11 8.42E-11 6.98E-11 5.73E-11 5.10E-11
 4.69E-11 4.17E-11 3.60E-11 2.88E-11 2.31E-11 2.02E-11
 8.30E-13 6.06E-12 2.73E-11 6.98E-11 8.42E-11 7.02E-11 5.77E-11 5.13E-11
 4.72E-11 4.19E-11 3.61E-11 2.89E-11 2.32E-11 2.03E-11
 8.82E-13 6.26E-12 2.73E-11 6.81E-11 8.36E-11 7.22E-11 6.00E-11 5.35E-11
 4.92E-11 4.36E-11 3.75E-11 2.99E-11 2.38E-11 2.07E-11
 1.03E-12 6.71E-12 2.71E-11 6.55E-11 8.28E-11 7.48E-11 6.34E-11 5.69E-11
 5.25E-11 4.67E-11 4.02E-11 3.21E-11 2.56E-11 2.22E-11
  73.9339    7  14 /pl=01:ss=42:pb= 1:sz=42/type=excit/ispb = t/isel =   41
 1.00E+10 1.00E+11 1.00E+12 1.00E+13 1.00E+14 1.00E+15 1.00E+16
 3.19E+01 4.78E+01 7.97E+01 1.59E+02 3.19E+02 7.97E+02 1.59E+03 2.39E+03
 3.19E+03 4.78E+03 7.97E+03 1.59E+04 3.19E+04 4.78E+04
 1.62E-13 1.18E-12 5.24E-12 1.36E-11 1.69E-11 1.48E-11 1.28E-11 1.17E-11
 1.11E-11 1.02E-11 9.17E-12 7.95E-12 6.84E-12 6.23E-12
 1.62E-13 1.18E-12 5.24E-12 1.35E-11 1.64E-11 1.37E-11 1.13E-11 1.01E-11
 9.29E-12 8.27E-12 7.18E-12 5.88E-12 4.79E-12 4.25E-12
 1.62E-13 1.18E-12 5.24E-12 1.35E-11 1.63E-11 1.35E-11 1.11E-11 9.85E-12
 9.07E-12 8.03E-12 6.91E-12 5.58E-12 4.46E-12 3.89E-12
 1.62E-13 1.17E-12 5.23E-12 1.35E-11 1.63E-11 1.35E-11 1.11E-11 9.82E-12
 9.04E-12 8.00E-12 6.88E-12 5.55E-12 4.42E-12 3.86E-12
 1.62E-13 1.17E-12 5.17E-12 1.32E-11 1.59E-11 1.33E-11 1.09E-11 9.73E-12
 8.96E-12 7.94E-12 6.83E-12 5.51E-12 4.40E-12 3.84E-12
 1.58E-13 1.11E-12 4.73E-12 1.15E-11 1.41E-11 1.22E-11 1.02E-11 9.12E-12
 8.43E-12 7.51E-12 6.49E-12 5.27E-12 4.23E-12 3.71E-12
 1.47E-13 9.54E-13 3.78E-12 9.13E-12 1.17E-11 1.06E-11 9.06E-12 8.15E-12
 7.55E-12 6.72E-12 5.80E-12 4.71E-12 3.78E-12 3.31E-12
  74.4657    7  14 /pl=01:ss=42:pb= 1:sz=42/type=excit/ispb = t/isel =   42
 1.00E+10 1.00E+11 1.00E+12 1.00E+13 1.00E+14 1.00E+15 1.00E+16
 3.19E+01 4.78E+01 7.97E+01 1.59E+02 3.19E+02 7.97E+02 1.59E+03 2.39E+03
 3.19E+03 4.78E+03 7.97E+03 1.59E+04 3.19E+04 4.78E+04
 8.84E-16 3.68E-14 6.58E-13 4.61E-12 8.88E-12 9.29E-12 7.84E-12 6.90E-12
 6.29E-12 5.47E-12 4.57E-12 3.57E-12 2.79E-12 2.40E-12
 8.84E-16 3.68E-14 6.58E-13 4.58E-12 8.60E-12 8.56E-12 6.92E-12 5.92E-12
 5.28E-12 4.46E-12 3.58E-12 2.64E-12 1.96E-12 1.64E-12
 8.84E-16 3.68E-14 6.58E-13 4.57E-12 8.57E-12 8.48E-12 6.81E-12 5.80E-12
 5.16E-12 4.33E-12 3.44E-12 2.51E-12 1.82E-12 1.50E-12
 8.83E-16 3.67E-14 6.56E-13 4.56E-12 8.54E-12 8.45E-12 6.78E-12 5.78E-12
 5.14E-12 4.31E-12 3.43E-12 2.49E-12 1.80E-12 1.49E-12
 8.78E-16 3.64E-14 6.46E-13 4.44E-12 8.30E-12 8.25E-12 6.65E-12 5.68E-12
 5.06E-12 4.25E-12 3.38E-12 2.46E-12 1.79E-12 1.47E-12
 8.39E-16 3.38E-14 5.71E-13 3.70E-12 6.92E-12 7.12E-12 5.86E-12 5.06E-12
 4.53E-12 3.84E-12 3.09E-12 2.28E-12 1.68E-12 1.39E-12
 6.93E-16 2.58E-14 4.06E-13 2.62E-12 5.15E-12 5.59E-12 4.69E-12 4.07E-12
 3.65E-12 3.10E-12 2.50E-12 1.85E-12 1.37E-12 1.14E-12
  81.2282    7  14 /pl=01:ss=42:pb= 1:sz=42/type=excit/ispb = t/isel =   43
 1.00E+10 1.00E+11 1.00E+12 1.00E+13 1.00E+14 1.00E+15 1.00E+16
 3.19E+01 4.78E+01 7.97E+01 1.59E+02 3.19E+02 7.97E+02 1.59E+03 2.39E+03
 3.19E+03 4.78E+03 7.97E+03 1.59E+04 3.19E+04 4.78E+04
 3.79E-16 1.36E-14 2.18E-13 1.41E-12 2.72E-12 3.16E-12 3.01E-12 2.90E-12
 2.81E-12 2.70E-12 2.58E-12 2.44E-12 2.29E-12 2.18E-12
 3.79E-16 1.36E-14 2.18E-13 1.40E-12 2.63E-12 2.91E-12 2.66E-12 2.48E-12
 2.36E-12 2.20E-12 2.02E-12 1.81E-12 1.61E-12 1.49E-12
 3.79E-16 1.36E-14 2.18E-13 1.40E-12 2.62E-12 2.88E-12 2.62E-12 2.44E-12
 2.30E-12 2.14E-12 1.95E-12 1.71E-12 1.49E-12 1.37E-12
 3.79E-16 1.36E-14 2.18E-13 1.40E-12 2.62E-12 2.88E-12 2.61E-12 2.43E-12
 2.30E-12 2.13E-12 1.94E-12 1.71E-12 1.48E-12 1.35E-12
 3.81E-16 1.37E-14 2.18E-13 1.39E-12 2.61E-12 2.89E-12 2.62E-12 2.44E-12
 2.30E-12 2.13E-12 1.94E-12 1.71E-12 1.48E-12 1.35E-12
 4.02E-16 1.41E-14 2.19E-13 1.36E-12 2.58E-12 2.92E-12 2.67E-12 2.49E-12
 2.35E-12 2.17E-12 1.97E-12 1.72E-12 1.49E-12 1.36E-12
 4.83E-16 1.56E-14 2.22E-13 1.32E-12 2.55E-12 2.98E-12 2.76E-12 2.57E-12
 2.43E-12 2.24E-12 2.02E-12 1.76E-12 1.51E-12 1.37E-12
  87.0474    7  14 /pl=01:ss=42:pb= 1:sz=42/type=excit/ispb = t/isel =   44
 1.00E+10 1.00E+11 1.00E+12 1.00E+13 1.00E+14 1.00E+15 1.00E+16
 3.19E+01 4.78E+01 7.97E+01 1.59E+02 3.19E+02 7.97E+02 1.59E+03 2.39E+03
 3.19E+03 4.78E+03 7.97E+03 1.59E+04 3.19E+04 4.78E+04
 1.02E-12 3.74E-12 9.93E-12 1.80E-11 1.92E-11 1.57E-11 1.30E-11 1.17E-11
 1.09E-11 9.84E-12 8.70E-12 7.37E-12 6.23E-12 5.63E-12
 1.02E-12 3.74E-12 9.92E-12 1.78E-11 1.86E-11 1.44E-11 1.15E-11 1.00E-11
 9.13E-12 8.02E-12 6.81E-12 5.46E-12 4.37E-12 3.84E-12
 1.02E-12 3.74E-12 9.93E-12 1.78E-11 1.86E-11 1.43E-11 1.13E-11 9.83E-12
 8.92E-12 7.79E-12 6.56E-12 5.18E-12 4.07E-12 3.52E-12
 1.03E-12 3.76E-12 9.97E-12 1.79E-11 1.87E-11 1.44E-11 1.13E-11 9.86E-12
 8.94E-12 7.79E-12 6.56E-12 5.16E-12 4.04E-12 3.49E-12
 1.07E-12 3.91E-12 1.03E-11 1.85E-11 1.94E-11 1.50E-11 1.18E-11 1.03E-11
 9.29E-12 8.07E-12 6.76E-12 5.30E-12 4.13E-12 3.55E-12
 1.34E-12 4.74E-12 1.22E-11 2.18E-11 2.34E-11 1.87E-11 1.48E-11 1.28E-11
 1.16E-11 9.95E-12 8.24E-12 6.31E-12 4.81E-12 4.09E-12
 2.09E-12 6.80E-12 1.60E-11 2.65E-11 2.85E-11 2.36E-11 1.92E-11 1.68E-11
 1.54E-11 1.34E-11 1.12E-11 8.75E-12 6.73E-12 5.73E-12
  91.5282    7  14 /pl=01:ss=42:pb= 1:sz=42/type=excit/ispb = t/isel =   45
 1.00E+10 1.00E+11 1.00E+12 1.00E+13 1.00E+14 1.00E+15 1.00E+16
 3.19E+01 4.78E+01 7.97E+01 1.59E+02 3.19E+02 7.97E+02 1.59E+03 2.39E+03
 3.19E+03 4.78E+03 7.97E+03 1.59E+04 3.19E+04 4.78E+04
 4.04E-12 2.09E-11 7.27E-11 1.60E-10 1.86E-10 1.59E-10 1.34E-10 1.21E-10
 1.13E-10 1.03E-10 9.19E-11 7.86E-11 6.66E-11 6.04E-11
 4.04E-12 2.09E-11 7.27E-11 1.59E-10 1.81E-10 1.46E-10 1.18E-10 1.04E-10
 9.52E-11 8.42E-11 7.19E-11 5.81E-11 4.67E-11 4.12E-11
 4.04E-12 2.09E-11 7.27E-11 1.59E-10 1.80E-10 1.45E-10 1.16E-10 1.02E-10
 9.30E-11 8.18E-11 6.93E-11 5.52E-11 4.35E-11 3.78E-11
 4.04E-12 2.09E-11 7.27E-11 1.59E-10 1.80E-10 1.45E-10 1.16E-10 1.02E-10
 9.27E-11 8.15E-11 6.90E-11 5.49E-11 4.31E-11 3.74E-11
 4.05E-12 2.09E-11 7.22E-11 1.57E-10 1.78E-10 1.44E-10 1.16E-10 1.02E-10
 9.26E-11 8.15E-11 6.90E-11 5.48E-11 4.31E-11 3.74E-11
 4.11E-12 2.07E-11 6.92E-11 1.45E-10 1.67E-10 1.40E-10 1.15E-10 1.01E-10
 9.21E-11 8.11E-11 6.88E-11 5.47E-11 4.30E-11 3.73E-11
 4.38E-12 2.03E-11 6.29E-11 1.29E-10 1.53E-10 1.35E-10 1.12E-10 9.96E-11
 9.13E-11 8.06E-11 6.84E-11 5.43E-11 4.27E-11 3.70E-11
  93.4004    7  14 /pl=01:ss=42:pb= 1:sz=42/type=excit/ispb = t/isel =   46
 1.00E+10 1.00E+11 1.00E+12 1.00E+13 1.00E+14 1.00E+15 1.00E+16
 3.19E+01 4.78E+01 7.97E+01 1.59E+02 3.19E+02 7.97E+02 1.59E+03 2.39E+03
 3.19E+03 4.78E+03 7.97E+03 1.59E+04 3.19E+04 4.78E+04
 2.08E-13 1.07E-12 3.94E-12 1.05E-11 1.46E-11 1.40E-11 1.22E-11 1.11E-11
 1.03E-11 9.35E-12 8.24E-12 6.92E-12 5.79E-12 5.20E-12
 2.08E-13 1.07E-12 3.94E-12 1.05E-11 1.42E-11 1.29E-11 1.08E-11 9.51E-12
 8.68E-12 7.62E-12 6.45E-12 5.12E-12 4.06E-12 3.55E-12
 2.08E-13 1.07E-12 3.94E-12 1.05E-11 1.42E-11 1.28E-11 1.06E-11 9.33E-12
 8.49E-12 7.41E-12 6.21E-12 4.86E-12 3.78E-12 3.25E-12
 2.09E-13 1.07E-12 3.97E-12 1.05E-11 1.43E-11 1.29E-11 1.07E-11 9.39E-12
 8.53E-12 7.44E-12 6.23E-12 4.86E-12 3.76E-12 3.23E-12
 2.21E-13 1.13E-12 4.21E-12 1.13E-11 1.54E-11 1.40E-11 1.15E-11 1.01E-11
 9.16E-12 7.94E-12 6.60E-12 5.10E-12 3.91E-12 3.35E-12
 3.22E-13 1.63E-12 6.08E-12 1.61E-11 2.23E-11 2.07E-11 1.70E-11 1.48E-11
 1.33E-11 1.14E-11 9.28E-12 6.93E-12 5.12E-12 4.29E-12
 7.03E-13 3.23E-12 1.03E-11 2.34E-11 3.11E-11 2.96E-11 2.52E-11 2.23E-11
 2.03E-11 1.77E-11 1.48E-11 1.13E-11 8.52E-12 7.18E-12
  118.572    7  14 /pl=01:ss=42:pb= 1:sz=42/type=excit/ispb = t/isel =   47
 1.00E+10 1.00E+11 1.00E+12 1.00E+13 1.00E+14 1.00E+15 1.00E+16
 3.19E+01 4.78E+01 7.97E+01 1.59E+02 3.19E+02 7.97E+02 1.59E+03 2.39E+03
 3.19E+03 4.78E+03 7.97E+03 1.59E+04 3.19E+04 4.78E+04
 3.29E-12 8.41E-12 1.69E-11 2.44E-11 2.27E-11 1.65E-11 1.31E-11 1.15E-11
 1.06E-11 9.48E-12 8.28E-12 6.92E-12 5.79E-12 5.21E-12
 3.29E-12 8.41E-12 1.69E-11 2.42E-11 2.20E-11 1.52E-11 1.15E-11 9.90E-12
 8.92E-12 7.72E-12 6.48E-12 5.12E-12 4.06E-12 3.55E-12
 3.28E-12 8.39E-12 1.68E-11 2.41E-11 2.19E-11 1.51E-11 1.13E-11 9.69E-12
 8.70E-12 7.50E-12 6.23E-12 4.86E-12 3.77E-12 3.26E-12
 3.22E-12 8.22E-12 1.64E-11 2.35E-11 2.13E-11 1.48E-11 1.12E-11 9.57E-12
 8.61E-12 7.42E-12 6.18E-12 4.81E-12 3.74E-12 3.22E-12
 2.72E-12 6.82E-12 1.32E-11 1.86E-11 1.73E-11 1.27E-11 1.00E-11 8.75E-12
 7.96E-12 6.98E-12 5.90E-12 4.68E-12 3.67E-12 3.18E-12
 1.10E-12 2.60E-12 4.83E-12 7.14E-12 7.57E-12 6.57E-12 5.79E-12 5.37E-12
 5.09E-12 4.71E-12 4.24E-12 3.64E-12 3.06E-12 2.73E-12
 1.78E-13 4.06E-13 7.75E-13 1.22E-12 1.37E-12 1.30E-12 1.25E-12 1.22E-12
 1.21E-12 1.19E-12 1.16E-12 1.12E-12 1.07E-12 1.04E-12
  121.039    7  14 /pl=01:ss=42:pb= 1:sz=42/type=excit/ispb = t/isel =   48
 1.00E+10 1.00E+11 1.00E+12 1.00E+13 1.00E+14 1.00E+15 1.00E+16
 3.19E+01 4.78E+01 7.97E+01 1.59E+02 3.19E+02 7.97E+02 1.59E+03 2.39E+03
 3.19E+03 4.78E+03 7.97E+03 1.59E+04 3.19E+04 4.78E+04
 7.51E-12 2.76E-11 7.31E-11 1.32E-10 1.42E-10 1.15E-10 9.57E-11 8.61E-11
 8.01E-11 7.25E-11 6.41E-11 5.43E-11 4.59E-11 4.15E-11
 7.51E-12 2.76E-11 7.31E-11 1.31E-10 1.37E-10 1.06E-10 8.45E-11 7.39E-11
 6.73E-11 5.91E-11 5.02E-11 4.02E-11 3.22E-11 2.83E-11
 7.52E-12 2.76E-11 7.31E-11 1.31E-10 1.37E-10 1.05E-10 8.32E-11 7.25E-11
 6.58E-11 5.74E-11 4.83E-11 3.82E-11 3.00E-11 2.59E-11
 7.55E-12 2.77E-11 7.34E-11 1.32E-10 1.37E-10 1.06E-10 8.34E-11 7.26E-11
 6.59E-11 5.74E-11 4.83E-11 3.80E-11 2.98E-11 2.57E-11
 7.90E-12 2.88E-11 7.60E-11 1.36E-10 1.43E-10 1.10E-10 8.70E-11 7.56E-11
 6.84E-11 5.95E-11 4.98E-11 3.90E-11 3.04E-11 2.62E-11
 9.88E-12 3.49E-11 9.02E-11 1.61E-10 1.73E-10 1.38E-10 1.09E-10 9.43E-11
 8.51E-11 7.33E-11 6.07E-11 4.65E-11 3.54E-11 3.01E-11
 1.54E-11 5.01E-11 1.18E-10 1.95E-10 2.10E-10 1.74E-10 1.42E-10 1.24E-10
 1.13E-10 9.87E-11 8.29E-11 6.45E-11 4.96E-11 4.22E-11
  309.961    7  14 /pl=01:ss=42:pb= 1:sz=42/type=excit/ispb = t/isel =   49
 1.00E+10 1.00E+11 1.00E+12 1.00E+13 1.00E+14 1.00E+15 1.00E+16
 3.19E+01 4.78E+01 7.97E+01 1.59E+02 3.19E+02 7.97E+02 1.59E+03 2.39E+03
 3.19E+03 4.78E+03 7.97E+03 1.59E+04 3.19E+04 4.78E+04
 1.44E-10 2.30E-10 4.15E-10 7.20E-10 8.05E-10 6.91E-10 5.99E-10 5.52E-10
 5.21E-10 4.83E-10 4.38E-10 3.81E-10 3.30E-10 3.02E-10
 1.44E-10 2.30E-10 4.15E-10 7.15E-10 7.80E-10 6.37E-10 5.29E-10 4.73E-10
 4.38E-10 3.93E-10 3.42E-10 2.82E-10 2.31E-10 2.06E-10
 1.44E-10 2.30E-10 4.15E-10 7.14E-10 7.77E-10 6.31E-10 5.20E-10 4.64E-10
 4.28E-10 3.82E-10 3.30E-10 2.67E-10 2.15E-10 1.89E-10
 1.43E-10 2.29E-10 4.14E-10 7.10E-10 7.72E-10 6.26E-10 5.17E-10 4.61E-10
 4.25E-10 3.79E-10 3.27E-10 2.65E-10 2.13E-10 1.87E-10
 1.41E-10 2.25E-10 4.03E-10 6.76E-10 7.26E-10 5.90E-10 4.90E-10 4.39E-10
 4.06E-10 3.64E-10 3.16E-10 2.57E-10 2.08E-10 1.83E-10
 1.23E-10 1.91E-10 3.10E-10 4.48E-10 4.52E-10 3.74E-10 3.23E-10 2.97E-10
 2.81E-10 2.59E-10 2.33E-10 2.00E-10 1.69E-10 1.52E-10
 5.33E-11 7.30E-11 9.21E-11 1.02E-10 9.41E-11 7.99E-11 7.31E-11 7.03E-11
 6.86E-11 6.68E-11 6.46E-11 6.16E-11 5.83E-11 5.63E-11
  327.407    7  14 /pl=01:ss=42:pb= 1:sz=42/type=excit/ispb = t/isel =   50
 1.00E+10 1.00E+11 1.00E+12 1.00E+13 1.00E+14 1.00E+15 1.00E+16
 3.19E+01 4.78E+01 7.97E+01 1.59E+02 3.19E+02 7.97E+02 1.59E+03 2.39E+03
 3.19E+03 4.78E+03 7.97E+03 1.59E+04 3.19E+04 4.78E+04
 2.12E-13 7.76E-13 2.06E-12 3.73E-12 3.99E-12 3.25E-12 2.70E-12 2.42E-12
 2.25E-12 2.04E-12 1.80E-12 1.53E-12 1.29E-12 1.17E-12
 2.12E-13 7.76E-13 2.06E-12 3.70E-12 3.87E-12 2.99E-12 2.38E-12 2.08E-12
 1.89E-12 1.66E-12 1.41E-12 1.13E-12 9.07E-13 7.96E-13
 2.12E-13 7.77E-13 2.06E-12 3.70E-12 3.85E-12 2.97E-12 2.34E-12 2.04E-12
 1.85E-12 1.62E-12 1.36E-12 1.07E-12 8.44E-13 7.30E-13
 2.13E-13 7.80E-13 2.07E-12 3.71E-12 3.87E-12 2.98E-12 2.35E-12 2.04E-12
 1.85E-12 1.62E-12 1.36E-12 1.07E-12 8.39E-13 7.24E-13
 2.22E-13 8.11E-13 2.14E-12 3.84E-12 4.03E-12 3.11E-12 2.45E-12 2.13E-12
 1.93E-12 1.67E-12 1.40E-12 1.10E-12 8.56E-13 7.37E-13
 2.78E-13 9.83E-13 2.54E-12 4.53E-12 4.86E-12 3.88E-12 3.07E-12 2.66E-12
 2.40E-12 2.06E-12 1.71E-12 1.31E-12 9.98E-13 8.48E-13
 4.34E-13 1.41E-12 3.31E-12 5.49E-12 5.91E-12 4.90E-12 3.99E-12 3.50E-12
 3.19E-12 2.78E-12 2.33E-12 1.82E-12 1.40E-12 1.19E-12
c-------------------------------------------------------------------------------
 
C  root partition information
C  ==========================
C
C  nuclear charge : 74
C  ion charge+1   : 43
C
C  population calculation information
C  ----------------------------------
C
C  population processing code: adas810
C
C  adf04 source file    : adf04_copmm#74_ls_40#w42.dat
C  adf18/a17_p208 file  : NULL
C
C  meta. ion. coeff. selector  : 
 
C  options  : lnorm =T  lpsel =F  lzsel =T  liosel=F
C           : lhsel =F  lrsel =F  lisel =F  lnsel =F
 
C  energy levels
C  -------------
C
C   lv      configuration    (2S+1)L(w-1/2)      energy (cm^-1)
C  ---   ------------------- --------------      --------------
c    1   606527528              (1)2(  2.0)             0.0
c    2   606527528              (3)1(  4.0)        322621.0
c    3   606527528              (1)0(  0.0)        843370.0
c    4   606517538              (3)1(  4.0)       1148800.0
c    5   606517538              (5)0(  2.0)       1393280.0
c    6   606517538              (3)2(  7.0)       1415180.0
c    7   606517538              (1)2(  2.0)       1675180.0
c    8   606517538              (3)0(  1.0)       1685780.0
c    9   606527518519           (3)3( 10.0)       1688180.0
c   10   606527518519           (3)2(  7.0)       2043880.0
c   11   606527518519           (1)3(  3.0)       2095480.0
c   12   606527518519           (3)1(  4.0)       2127580.0
c   13   606527518519           (1)1(  1.0)       2318480.0
c   14   606527518519           (1)2(  2.0)       2400180.0
c   15   606517538              (1)1(  1.0)       2512180.0
c   16   606517528519           (3)1(  4.0)       2726580.0
c   17   606517528519           (5)2( 12.0)       2874380.0
c   18   606517528519           (3)1(  4.0)       2904280.0
c   19   606517528519           (5)3( 17.0)       2919280.0
c   20   606517528519           (3)4( 13.0)       2972180.0
c   21   606517528519           (3)2(  7.0)       3021880.0
c   22   606517528519           (1)4(  4.0)       3031080.0
c   23   606517528519           (3)3( 10.0)       3046580.0
c   24   606517528519           (1)2(  2.0)       3055280.0
c   25   606517528519           (5)1(  7.0)       3061180.0
c   26   606517528519           (1)1(  1.0)       3082980.0
c   27   606517528519           (3)0(  1.0)       3137780.0
c   28   606517528519           (1)3(  3.0)       3156180.0
c   29   606517528519           (3)3( 10.0)       3167480.0
c   30   60652751851A           (3)4( 13.0)       3186480.0
c   31   606517528519           (3)2(  7.0)       3295280.0
c   32   606517528519           (3)2(  7.0)       3407180.0
c   33   606517528519           (3)1(  4.0)       3505180.0
c   34   606517528519           (3)2(  7.0)       3526380.0
c   35   60652751851A           (1)3(  3.0)       3564780.0
c   36   606517528519           (3)3( 10.0)       3594280.0
c   37   60652751851A           (3)2(  7.0)       3608780.0
c   38   606517528519           (1)0(  0.0)       3659780.0
c   39   60652751851A           (3)3( 10.0)       3664680.0
c   40   60652751851A           (1)2(  2.0)       3683480.0
c   41   60652751851A           (1)4(  4.0)       3684380.0
c   42   606517528519           (1)1(  1.0)       3808280.0
c   43   606517528519           (1)2(  2.0)       3907680.0
c   44   606517528519           (1)3(  3.0)       3957680.0
c   45   606517528519           (1)2(  2.0)       4038180.0
c   46   60652751851B           (3)1(  4.0)       6321980.0
c   47   60652751851C           (3)0(  1.0)       6646680.0
c   48   60652751851B           (1)1(  1.0)       6679180.0
c   49   60652751851C           (3)2(  7.0)       6929480.0
c   50   60652751851C           (1)2(  2.0)       7081480.0
c   51   60652751851C           (3)1(  4.0)       7195180.0
c   52   60652751851C           (1)1(  1.0)       7412180.0
c   53   60651752851C           (1)2(  2.0)       7446880.0
c   54   60652751851C           (1)0(  0.0)       7492280.0
c   55   60652751851D           (3)1(  4.0)       7626780.0
c   56   60651752851C           (1)3(  3.0)       7813180.0
c   57   60651752851C           (5)0(  2.0)       7848780.0
c   58   60652751851D           (3)3( 10.0)       7859380.0
c   59   60652751851D           (3)2(  7.0)       7898480.0
c   60   60651752851C           (5)2( 12.0)       7935780.0
c   61   60652751851D           (1)3(  3.0)       8071380.0
c   62   60652751851D           (1)2(  2.0)       8076980.0
c   63   60652751851D           (1)1(  1.0)       8118980.0
c   64   60651752851C           (3)3( 10.0)       8163480.0
c   65   60652751851E           (3)3( 10.0)       8186980.0
c   66   60651752851C           (3)2(  7.0)       8190680.0
c   67   60651752851C           (3)2(  7.0)       8204680.0
c   68   60651752851C           (1)1(  1.0)       8208780.0
c   69   60651752851C           (3)1(  4.0)       8250080.0
c   70   60651752851C           (3)0(  1.0)       8308480.0
c   71   60651752851C           (1)2(  2.0)       8311580.0
c   72   60652751851E           (3)2(  7.0)       8352680.0
c   73   60652751851E           (3)4( 13.0)       8507280.0
c   74   60651752851C           (5)1(  7.0)       8559280.0
c   75   60651752851C           (3)1(  4.0)       8585780.0
c   76   60651752851D           (5)1(  7.0)       8615580.0
c   77   60652751851E           (1)4(  4.0)       8716180.0
c   78   60652751851E           (1)3(  3.0)       8717980.0
c   79   60651752851D           (3)1(  4.0)       8734680.0
c   80   60652751851E           (1)2(  2.0)       8744480.0
c   81   60651752851C           (3)2(  7.0)       8751580.0
c   82   60651752851D           (1)3(  3.0)       8779280.0
c   83   60651752851D           (3)0(  1.0)       8786980.0
c   84   60651752851D           (1)4(  4.0)       8793880.0
c   85   60651752851D           (3)2(  7.0)       8832280.0
c   86   60651752851C           (3)1(  4.0)       8861180.0
c   87   60651752851D           (1)2(  2.0)       8885680.0
c   88   60651752851D           (3)1(  4.0)       8901680.0
c   89   60651752851D           (3)4( 13.0)       8909280.0
c   90   60651752851D           (1)0(  0.0)       8914880.0
c   91   60651752851C           (3)1(  4.0)       8918580.0
c   92   60651752851D           (3)3( 10.0)       8926780.0
c   93   60651752851C           (3)0(  1.0)       8930880.0
c   94   60651752851D           (3)3( 10.0)       8937280.0
c   95   60651752851D           (5)3( 17.0)       8938580.0
c   96   60651752851D           (1)3(  3.0)       8977380.0
c   97   60651752851D           (3)1(  4.0)       9020180.0
c   98   60651752851C           (1)0(  0.0)       9079980.0
c   99   60651752851C           (1)1(  1.0)       9082280.0
c  100   60651752851C           (1)1(  1.0)       9145180.0
c  101   60651752851D           (5)2( 12.0)       9408880.0
c  102   60651752851D           (3)2(  7.0)       9440180.0
c  103   60651752851D           (3)3( 10.0)       9543280.0
c  104   60651752851D           (3)2(  7.0)       9581480.0
c  105   60651752851D           (3)2(  7.0)       9704780.0
c  106   60651752851D           (1)1(  1.0)       9707680.0
c  107   60651752851D           (1)2(  2.0)       9749580.0
c  108   60651752851D           (1)1(  1.0)       9773380.0
c  109   60651752851D           (1)2(  2.0)       9792180.0
c  110   60652751851G           (3)1(  4.0)       9954080.0
c  111   60652751851H           (3)2(  7.0)      10251080.0
c  112   60652751851I           (1)2(  2.0)      10286380.0
c  113   60652751851I           (1)3(  3.0)      10296380.0
c  114   60652751851G           (1)1(  1.0)      10305380.0
c  115   60652751851H           (3)1(  4.0)      10343380.0
c  116   60652751851H           (3)0(  1.0)      10516380.0
c  117   60652751851H           (1)2(  2.0)      10518380.0
c  118   60652751851H           (1)1(  1.0)      10704380.0
c  119   60651752851H           (5)0(  2.0)      10713380.0
c  120   60652751851H           (1)0(  0.0)      10735380.0
c  121   60652751851J           (3)2(  7.0)      10788380.0
c  122   60652751851I           (3)3( 10.0)      10865380.0
c  123   60652751851I           (3)2(  7.0)      10891380.0
c  124   60652751851I           (3)1(  4.0)      11057380.0
c  125   60652751851J           (3)3( 10.0)      11074380.0
c  126   60652751851I           (1)1(  1.0)      11087380.0
c  127   60652751851J           (3)4( 13.0)      11208380.0
c  128   60651752851H           (1)3(  3.0)      11267380.0
c  129   60651752851H           (3)0(  1.0)      11401380.0
c  130   60652751851J           (1)3(  3.0)      11414380.0
c  131   60652751851J           (1)4(  4.0)      11416380.0
c  132   60651752851H           (3)1(  4.0)      11419380.0
c  133   60652751851J           (1)2(  2.0)      11429380.0
c  134   60651752851H           (1)2(  2.0)      11462380.0
c  135   60651752851H           (1)1(  1.0)      11475380.0
c  136   60651752851H           (3)3( 10.0)      11478380.0
c  137   60651752851H           (3)2(  7.0)      11485380.0
c  138   60651752851H           (5)2( 12.0)      11497380.0
c  139   60651752851H           (3)2(  7.0)      11546380.0
c  140   60651752851H           (3)0(  1.0)      11579380.0
c  141   60651752851H           (1)2(  2.0)      11581380.0
c  142   60651752851I           (5)1(  7.0)      11594380.0
c  143   60651752851I           (3)1(  4.0)      11720380.0
c  144   60651752851I           (1)4(  4.0)      11789380.0
c  145   60651752851I           (3)0(  1.0)      11792380.0
c  146   60651752851I           (3)3( 10.0)      11830380.0
c  147   60651752851I           (1)2(  2.0)      11832380.0
c  148   60651752851I           (1)1(  1.0)      11837380.0
c  149   60651752851I           (1)0(  0.0)      11840380.0
c  150   60651752851I           (3)4( 13.0)      11888380.0
c  151   60651752851I           (3)3( 10.0)      11925380.0
c  152   60651752851I           (5)3( 17.0)      11930380.0
c  153   60651752851H           (5)1(  7.0)      11932380.0
c  154   60651752851I           (1)3(  3.0)      11940380.0
c  155   60651752851I           (1)3(  3.0)      11950380.0
c  156   60652751851M           (3)1(  4.0)      11985380.0
c  157   60651752851I           (3)2(  7.0)      11991380.0
c  158   60651752851I           (3)1(  4.0)      12013380.0
c  159   60652751851O           (1)3(  3.0)      12032380.0
c  160   60651752851H           (3)2(  7.0)      12119380.0
c  161   60651752851H           (3)1(  4.0)      12126380.0
c  162   60652751851N           (3)2(  7.0)      12146380.0
c  163   60651752851H           (3)1(  4.0)      12212380.0
c  164   60652751851N           (3)1(  4.0)      12230380.0
c  165   60651752851H           (3)1(  4.0)      12270380.0
c  166   60651752851I           (3)2(  7.0)      12322380.0
c  167   60652751851M           (1)1(  1.0)      12342380.0
c  168   60651752851H           (1)1(  1.0)      12357380.0
c  169   60652751851O           (3)1(  4.0)      12368380.0
c  170   60651752851I           (3)1(  4.0)      12370380.0
c  171   60651752851H           (1)0(  0.0)      12374380.0
c  172   60652751851P           (3)2(  7.0)      12392380.0
c  173   60651752851H           (1)1(  1.0)      12401380.0
c  174   60651752851I           (3)2(  7.0)      12409380.0
c  175   60651752851I           (5)2( 12.0)      12411380.0
c  176   60652751851N           (3)0(  1.0)      12471380.0
c  177   60652751851N           (1)2(  2.0)      12472380.0
c  178   60651752851I           (3)3( 10.0)      12536380.0
c  179   60652751851N           (1)1(  1.0)      12591380.0
c  180   60652751851N           (1)0(  0.0)      12605380.0
c  181   60652751851O           (3)3( 10.0)      12612380.0
c  182   60652751851O           (3)2(  7.0)      12641380.0
c  183   60652751851P           (3)3( 10.0)      12679380.0
c  184   60651752851I           (3)2(  7.0)      12699380.0
c  185   60651752851I           (1)2(  2.0)      12725380.0
c  186   60651752851I           (1)1(  1.0)      12751380.0
c  187   60651752851I           (1)2(  2.0)      12759380.0
c  188   60652751851P           (3)4( 13.0)      12812380.0
c  189   60652751851O           (1)2(  2.0)      12812380.0
c  190   60652751851O           (1)1(  1.0)      12817380.0
c  191   96527538               (1)4(  4.0)      12859380.0
c  192   96527538               (3)0(  1.0)      12884380.0
c  193   96527538               (1)3(  3.0)      12894380.0
c  194   60652751851U           (1)2(  2.0)      12985380.0
c  195   60652751851P           (1)3(  3.0)      13018380.0
c  196   60652751851P           (1)4(  4.0)      13018380.0
c  197   60652751851P           (1)2(  2.0)      13027380.0
c  198   60652751851V           (1)3(  3.0)      13132380.0
c  199   60652751851T           (3)1(  4.0)      13259380.0
c  200   96527538               (3)1(  4.0)      13361380.0
c  201   60652751851U           (3)1(  4.0)      13412380.0
c  202   60652751851W           (3)2(  7.0)      13421380.0
c  203   60652751851V           (3)1(  4.0)      13472380.0
c  204   96527538               (3)2(  7.0)      13515380.0
c  205   60652751851U           (3)2(  7.0)      13570380.0
c  206   60652751851T           (1)1(  1.0)      13607380.0
c  207   96527538               (5)2( 12.0)      13641380.0
c  208   96527538               (1)0(  0.0)      13647380.0
c  209   96527538               (1)1(  1.0)      13662380.0
c  210   96527538               (1)2(  2.0)      13668380.0
c  211   60652751851U           (3)0(  1.0)      13692380.0
c  212   60652751851W           (3)3( 10.0)      13709380.0
c  213   60652751851V           (3)3( 10.0)      13718380.0
c  214   60652751851V           (3)2(  7.0)      13747380.0
c  215   60652751851U           (1)1(  1.0)      13766380.0
c  216   60652751851U           (1)0(  0.0)      13776380.0
c  217   96527538               (3)2(  7.0)      13777380.0
c  218   60652751851W           (3)4( 13.0)      13843380.0
c  219   60652751851V           (1)2(  2.0)      13913380.0
c  220   60652751851V           (1)1(  1.0)      13918380.0
c  221   96527538               (3)3( 10.0)      13932380.0
c  222   96527538               (3)4( 13.0)      13943380.0
c  223   60652751851W           (1)3(  3.0)      14047380.0
c  224   60652751851W           (1)4(  4.0)      14048380.0
c  225   60652751851W           (1)2(  2.0)      14053380.0
c  226   96527528519            (3)0(  1.0)      14061380.0
c  227   96527528519            (1)3(  3.0)      14115380.0
c  228   96527538               (3)3( 10.0)      14155380.0
c  229   96527538               (3)1(  4.0)      14273380.0
c  230   96527528519            (1)3(  3.0)      14325380.0
c  231   96527538               (1)2(  2.0)      14448380.0
c  232   96527538               (1)1(  1.0)      14495380.0
c  233   96527538               (3)2(  7.0)      14573380.0
c  234   96527528519            (5)4( 22.0)      14602380.0
c  235   96527528519            (5)3( 17.0)      14814380.0
c  236   96527528519            (1)6(  6.0)      14847380.0
c  237   96527528519            (1)3(  3.0)      14857380.0
c  238   96527528519            (1)5(  5.0)      14878380.0
c  239   96527528519            (3)0(  1.0)      14959380.0
c  240   96527538               (1)3(  3.0)      14970380.0
c  241   96527528519            (3)3( 10.0)      14989380.0
c  242   96527528519            (3)0(  1.0)      15007380.0
c  243   96527528519            (1)3(  3.0)      15028380.0
c  244   96527528519            (1)2(  2.0)      15032380.0
c  245   96527528519            (3)2(  7.0)      15033380.0
c  246   96527528519            (1)5(  5.0)      15033380.0
c  247   96527528519            (5)1(  7.0)      15034380.0
c  248   96527528519            (5)2( 12.0)      15052380.0
c  249   96527528519            (1)3(  3.0)      15068380.0
c  250   96527528519            (1)1(  1.0)      15078380.0
c  251   96527528519            (1)1(  1.0)      15105380.0
c  252   96527528519            (1)1(  1.0)      15124380.0
c  253   96527528519            (1)0(  0.0)      15135380.0
c  254   96527528519            (5)1(  7.0)      15152380.0
c  255   96527528519            (1)4(  4.0)      15159380.0
c  256   96527528519            (3)2(  7.0)      15169380.0
c  257   96527528519            (1)4(  4.0)      15191380.0
c  258   96527528519            (1)3(  3.0)      15199380.0
c  259   96527528519            (3)1(  4.0)      15211380.0
c  260   96527528519            (3)1(  4.0)      15230380.0
c  261   96527528519            (1)2(  2.0)      15232380.0
c  262   96527528519            (3)6( 19.0)      15278380.0
c  263   96527528519            (3)1(  4.0)      15294380.0
c  264   96527528519            (3)3( 10.0)      15309380.0
c  265   96527528519            (5)2( 12.0)      15310380.0
c  266   96527528519            (3)5( 16.0)      15320380.0
c  267   96527528519            (3)3( 10.0)      15340380.0
c  268   96527528519            (3)2(  7.0)      15358380.0
c  269   96527528519            (3)2(  7.0)      15383380.0
c  270   96527528519            (5)2( 12.0)      15383380.0
c  271   96527528519            (3)2(  7.0)      15402380.0
c  272   96527528519            (3)3( 10.0)      15403380.0
c  273   96527528519            (3)5( 16.0)      15404380.0
c  274   96527528519            (3)4( 13.0)      15408380.0
c  275   96527528519            (3)4( 13.0)      15410380.0
c  276   96527528519            (5)5( 27.0)      15437380.0
c  277   96527528519            (3)3( 10.0)      15446380.0
c  278   96527528519            (5)4( 22.0)      15461380.0
c  279   96527528519            (3)3( 10.0)      15490380.0
c  280   96527528519            (3)2(  7.0)      15492380.0
c  281   96527528519            (3)4( 13.0)      15497380.0
c  282   96527528519            (3)1(  4.0)      15504380.0
c  283   96527528519            (3)1(  4.0)      15554380.0
c  284   96527528519            (3)3( 10.0)      15556380.0
c  285   96527528519            (5)1(  7.0)      15566380.0
c  286   96527528519            (3)1(  4.0)      15576380.0
c  287   96527528519            (3)3( 10.0)      15577380.0
c  288   96527528519            (5)3( 17.0)      15584380.0
c  289   96527528519            (1)4(  4.0)      15584380.0
c  290   96527528519            (5)3( 17.0)      15590380.0
c  291   96527528519            (3)4( 13.0)      15620380.0
c  292   96527528519            (1)2(  2.0)      15665380.0
c  293   96527528519            (3)1(  4.0)      15677380.0
c  294   96527528519            (1)4(  4.0)      15681380.0
c  295   96527528519            (3)5( 16.0)      15682380.0
c  296   9652752851A            (1)5(  5.0)      15685380.0
c  297   96527528519            (1)3(  3.0)      15698380.0
c  298   9652752851A            (1)3(  3.0)      15712380.0
c  299   96527528519            (1)1(  1.0)      15723380.0
c  300   96527528519            (1)1(  1.0)      15732380.0
c  301   96527528519            (3)2(  7.0)      15740380.0
c  302   9652752851A            (1)2(  2.0)      15747380.0
c  303   96527528519            (3)1(  4.0)      15762380.0
c  304   96527528519            (3)3( 10.0)      15773380.0
c  305   96527528519            (3)4( 13.0)      15775380.0
c  306   9652752851A            (1)4(  4.0)      15777380.0
c  307   96527528519            (1)2(  2.0)      15795380.0
c  308   96527528519            (1)4(  4.0)      15796380.0
c  309   96527528519            (3)4( 13.0)      15867380.0
c  310   96527528519            (1)1(  1.0)      15876380.0
c  311   96527528519            (3)5( 16.0)      15877380.0
c  312   96527528519            (3)2(  7.0)      15898380.0
c  313   96527528519            (1)2(  2.0)      15898380.0
c  314   96527528519            (1)2(  2.0)      15920380.0
c  315   96527528519            (3)2(  7.0)      15938380.0
c  316   96527528519            (3)2(  7.0)      15966380.0
c  317   96527528519            (1)4(  4.0)      15970380.0
c  318   96527528519            (1)0(  0.0)      15980380.0
c  319   96527528519            (3)2(  7.0)      15999380.0
c  320   96527528519            (1)5(  5.0)      16003380.0
c  321   96527528519            (3)4( 13.0)      16004380.0
c  322   96527528519            (1)3(  3.0)      16015380.0
c  323   96527528519            (3)1(  4.0)      16044380.0
c  324   96527528519            (1)2(  2.0)      16050380.0
c  325   96527528519            (3)3( 10.0)      16055380.0
c  326   96527528519            (3)4( 13.0)      16171380.0
c  327   96527528519            (3)2(  7.0)      16193380.0
c  328   96527528519            (3)3( 10.0)      16198380.0
c  329   96527528519            (3)0(  1.0)      16206380.0
c  330   96527528519            (5)0(  2.0)      16269380.0
c  331   96527528519            (1)1(  1.0)      16355380.0
c  332   96527528519            (1)2(  2.0)      16360380.0
c  333   96527528519            (3)1(  4.0)      16360380.0
c  334   9652752851A            (5)2( 12.0)      16398380.0
c  335   9652752851A            (1)1(  1.0)      16427380.0
c  336   9652752851A            (5)4( 22.0)      16447380.0
c  337   9652752851A            (1)7(  7.0)      16449380.0
c  338   96527528519            (1)2(  2.0)      16479380.0
c  339   9652752851A            (1)3(  3.0)      16483380.0
c  340   9652752851A            (3)3( 10.0)      16486380.0
c  341   9652752851A            (1)3(  3.0)      16507380.0
c  342   9652752851A            (1)2(  2.0)      16515380.0
c  343   9652752851A            (1)2(  2.0)      16521380.0
c  344   9652752851A            (1)4(  4.0)      16523380.0
c  345   9652752851A            (1)1(  1.0)      16535380.0
c  346   9652752851A            (1)0(  0.0)      16539380.0
c  347   9652752851A            (1)2(  2.0)      16541380.0
c  348   9652752851A            (1)4(  4.0)      16543380.0
c  349   9652752851A            (3)2(  7.0)      16545380.0
c  350   9652752851A            (3)4( 13.0)      16545380.0
c  351   9652752851A            (1)4(  4.0)      16570380.0
c  352   9652752851A            (1)6(  6.0)      16572380.0
c  353   9652752851A            (3)1(  4.0)      16579380.0
c  354   9652752851A            (1)2(  2.0)      16583380.0
c  355   9652752851A            (3)1(  4.0)      16590380.0
c  356   9652752851A            (1)1(  1.0)      16591380.0
c  357   9652752851A            (1)3(  3.0)      16601380.0
c  358   9652752851A            (3)3( 10.0)      16607380.0
c  359   9652752851A            (1)4(  4.0)      16610380.0
c  360   9652752851A            (3)3( 10.0)      16632380.0
c  361   96527528519            (1)0(  0.0)      16638380.0
c  362   9652752851A            (5)1(  7.0)      16642380.0
c  363   9652752851A            (3)5( 16.0)      16650380.0
c  364   9652752851A            (3)3( 10.0)      16719380.0
c  365   9652752851A            (3)4( 13.0)      16726380.0
c  366   9652752851A            (3)5( 16.0)      16730380.0
c  367   9652752851A            (5)4( 22.0)      16742380.0
c  368   9652752851A            (3)2(  7.0)      16791380.0
c  369   9652752851A            (3)7( 22.0)      16802380.0
c  370   9652752851A            (3)5( 16.0)      16807380.0
c  371   9652752851A            (3)1(  4.0)      16809380.0
c  372   9652752851A            (3)2(  7.0)      16820380.0
c  373   9652752851A            (3)1(  4.0)      16821380.0
c  374   9652752851A            (3)4( 13.0)      16825380.0
c  375   9652752851A            (3)3( 10.0)      16827380.0
c  376   9652752851A            (3)6( 19.0)      16834380.0
c  377   9652752851A            (3)4( 13.0)      16836380.0
c  378   9652752851A            (3)2(  7.0)      16839380.0
c  379   9652752851A            (5)2( 12.0)      16863380.0
c  380   9652752851A            (3)4( 13.0)      16881380.0
c  381   9652752851A            (5)2( 12.0)      16906380.0
c  382   9652752851A            (3)2(  7.0)      16916380.0
c  383   9652752851A            (3)6( 19.0)      16961380.0
c  384   9652752851A            (5)5( 27.0)      16963380.0
c  385   9652752851A            (5)3( 17.0)      16965380.0
c  386   9652752851A            (3)3( 10.0)      16972380.0
c  387   9652752851A            (5)6( 32.0)      16976380.0
c  388   9652752851A            (5)0(  2.0)      16993380.0
c  389   9652752851A            (1)6(  6.0)      16994380.0
c  390   9652752851A            (5)3( 17.0)      17005380.0
c  391   9652752851A            (3)5( 16.0)      17007380.0
c  392   9652752851A            (3)3( 10.0)      17008380.0
c  393   9652752851A            (5)1(  7.0)      17009380.0
c  394   9652752851A            (5)5( 27.0)      17011380.0
c  395   9652752851A            (1)5(  5.0)      17028380.0
c  396   9652752851A            (3)5( 16.0)      17060380.0
c  397   9652752851A            (3)2(  7.0)      17066380.0
c  398   9652752851A            (3)5( 16.0)      17070380.0
c  399   9652752851A            (3)6( 19.0)      17078380.0
c  400   9652752851A            (1)5(  5.0)      17094380.0
c  401   9652752851A            (3)4( 13.0)      17101380.0
c  402   9652752851A            (5)3( 17.0)      17120380.0
c  403   9652752851A            (3)2(  7.0)      17131380.0
c  404   9652752851A            (3)3( 10.0)      17144380.0
c  405   9652752851A            (3)6( 19.0)      17151380.0
c  406   9652752851A            (3)0(  1.0)      17154380.0
c  407   9652752851A            (3)5( 16.0)      17173380.0
c  408   9652752851A            (1)3(  3.0)      17198380.0
c  409   9652752851A            (1)2(  2.0)      17202380.0
c  410   9652752851A            (3)2(  7.0)      17213380.0
c  411   9652752851A            (1)1(  1.0)      17219380.0
c  412   9652752851A            (1)5(  5.0)      17230380.0
c  413   9652752851A            (1)2(  2.0)      17232380.0
c  414   9652752851A            (1)4(  4.0)      17243380.0
c  415   9652752851A            (5)4( 22.0)      17256380.0
c  416   9652752851A            (3)4( 13.0)      17278380.0
c  417   9652752851A            (3)3( 10.0)      17278380.0
c  418   9652752851A            (3)3( 10.0)      17289380.0
c  419   9652752851A            (1)4(  4.0)      17294380.0
c  420   9652752851A            (3)4( 13.0)      17294380.0
c  421   9652752851A            (3)4( 13.0)      17321380.0
c  422   9652752851A            (3)1(  4.0)      17333380.0
c  423   9652752851A            (1)5(  5.0)      17351380.0
c  424   9652752851A            (1)3(  3.0)      17362380.0
c  425   9652752851A            (3)1(  4.0)      17365380.0
c  426   9652752851A            (1)4(  4.0)      17368380.0
c  427   9652752851A            (1)1(  1.0)      17384380.0
c  428   9652752851A            (3)2(  7.0)      17400380.0
c  429   9652752851A            (3)3( 10.0)      17423380.0
c  430   9652752851A            (1)3(  3.0)      17430380.0
c  431   9652752851A            (1)3(  3.0)      17434380.0
c  432   9652752851A            (3)0(  1.0)      17438380.0
c  433   9652752851A            (3)2(  7.0)      17440380.0
c  434   9652752851A            (1)2(  2.0)      17441380.0
c  435   9652752851A            (3)4( 13.0)      17446380.0
c  436   9652752851A            (3)1(  4.0)      17594380.0
c  437   9652752851A            (3)1(  4.0)      17645380.0
c  438   9652752851A            (3)5( 16.0)      17675380.0
c  439   9652752851A            (3)2(  7.0)      17680380.0
c  440   9652752851A            (3)3( 10.0)      17703380.0
c  441   9652752851A            (3)4( 13.0)      17724380.0
c  442   9652752851A            (1)0(  0.0)      17747380.0
c  443   9652752851A            (1)6(  6.0)      17764380.0
c  444   9652752851A            (1)5(  5.0)      17856380.0
c  445   9652752851A            (1)3(  3.0)      17858380.0
c  446   9652752851A            (3)0(  1.0)      17965380.0
c  447   9652752851A            (1)1(  1.0)      18053380.0
 
 
 
c-------------------------------------------------------------------------------
 
C  superstage partition information
C  ================================
C
C  element symbol   : W
C  parent template  : 
C  partition level  :  1
C  superstage label : 42
C
C  tabulation       : photon emissivity coefft (te,ne)
C  units            : ph. emis coef(cm^3 s^-1); te (ev); ne (cm^-3)
C
C  photon emissivity atomic transitions
C  ------------------------------------
C  
C   isel  wvlen(A)            transition                type  ispb nspb
C                                                             ispp nspp sz    tg pr wr
C  ----- ---------- ----------------------------------- ----- ---- ---- --    -- -- --
C      1   5.76111  439(3)2(  7.0)-  2(3)1(  4.0)       excit   1    1  42   802 34  1
C      2   5.80741  411(1)1(  1.0)-  1(1)2(  2.0)       excit   1    1  42   375 20  2
C      3   5.81315  409(1)2(  2.0)-  1(1)2(  2.0)       excit   1    1  42   373 16  3
C      4   5.81450  408(1)3(  3.0)-  1(1)2(  2.0)       excit   1    1  42   372 14  4
C      5   5.92426  409(1)2(  2.0)-  2(3)1(  4.0)       excit   1    1  42   778 40  5
C      6   5.97858  365(3)4( 13.0)-  1(1)2(  2.0)       excit   1    1  42   344 23  6
C      7   5.98108  364(3)3( 10.0)-  1(1)2(  2.0)       excit   1    1  42   343 25  7
C      8   6.02759  355(3)1(  4.0)-  1(1)2(  2.0)       excit   1    1  42   336 30  8
C      9   7.25827  217(3)2(  7.0)-  1(1)2(  2.0)       excit   1    1  42   211 44  9
C     10   7.31616  210(1)2(  2.0)-  1(1)2(  2.0)       excit   1    1  42   204 36 10
C     11   15.8178   46(3)1(  4.0)-  1(1)2(  2.0)       excit   1    1  42    44 43 11
C     12   16.6684   46(3)1(  4.0)-  2(3)1(  4.0)       excit   1    1  42   445 29 12
C     13   19.0792   49(3)2(  7.0)-  9(3)3( 10.0)       excit   1    1  42  3038 27 13
C     14   20.0562   50(1)2(  2.0)- 11(1)3(  3.0)       excit   1    1  42  3884 28 14
C     15   44.0684   41(1)4(  4.0)-  6(3)2(  7.0)       excit   1    1  42  1877 41 15
C     16   46.5879   31(3)2(  7.0)-  4(3)1(  4.0)       excit   1    1  42  1072 49 16
C     17   47.0018   12(3)1(  4.0)-  1(1)2(  2.0)       excit   1    1  42    11 39 17
C     18   47.0146  307(1)2(  2.0)-210(1)2(  2.0)       excit   1    1  42 61282 50 18
C     19   47.7218   11(1)3(  3.0)-  1(1)2(  2.0)       excit   1    1  42    10  2 19
C     20   48.1334   14(1)2(  2.0)-  2(3)1(  4.0)       excit   1    1  42   414 45 20
C     21   48.9266   10(3)2(  7.0)-  1(1)2(  2.0)       excit   1    1  42     9 11 21
C     22   49.5373   29(3)3( 10.0)-  4(3)1(  4.0)       excit   1    1  42  1070 38 22
C     23   55.4029   12(3)1(  4.0)-  2(3)1(  4.0)       excit   1    1  42   412 12 23
C     24   58.0970   10(3)2(  7.0)-  2(3)1(  4.0)       excit   1    1  42   410  6 24
C     25   59.2354    9(3)3( 10.0)-  1(1)2(  2.0)       excit   1    1  42     8  5 25
C     26   59.3197    8(3)0(  1.0)-  1(1)2(  2.0)       excit   1    1  42     7  9 26
C     27   59.6951    7(1)2(  2.0)-  1(1)2(  2.0)       excit   1    1  42     6  3 27
C     28   59.9556   25(5)1(  7.0)-  5(5)0(  2.0)       excit   1    1  42  1469 31 28
C     29   59.9592   26(1)1(  1.0)-  6(3)2(  7.0)       excit   1    1  42  1863 35 29
C     30   60.9719   24(1)2(  2.0)-  6(3)2(  7.0)       excit   1    1  42  1861 24 30
C     31   61.2970   23(3)3( 10.0)-  6(3)2(  7.0)       excit   1    1  42  1860 42 31
C     32   61.8850   22(1)4(  4.0)-  6(3)2(  7.0)       excit   1    1  42  1859 15 32
C     33   62.9366   41(1)4(  4.0)- 11(1)3(  3.0)       excit   1    1  42  3877 33 33
C     34   66.7423   30(3)4( 13.0)-  9(3)3( 10.0)       excit   1    1  42  3021 13 34
C     35   67.5219   28(1)3(  3.0)-  7(1)2(  2.0)       excit   1    1  42  2288 19 35
C     36   70.6624    6(3)2(  7.0)-  1(1)2(  2.0)       excit   1    1  42     5  4 36
C     37   71.5717   26(1)1(  1.0)-  8(3)0(  1.0)       excit   1    1  42  2675 37 37
C     38   71.7731    5(5)0(  2.0)-  1(1)2(  2.0)       excit   1    1  42     4 47 38
C     39   73.2301    9(3)3( 10.0)-  2(3)1(  4.0)       excit   1    1  42   409 32 39
C     40   73.3590    8(3)0(  1.0)-  2(3)1(  4.0)       excit   1    1  42   408 10 40
C     41   73.9339    7(1)2(  2.0)-  2(3)1(  4.0)       excit   1    1  42   407 21 41
C     42   74.4657   22(1)4(  4.0)-  9(3)3( 10.0)       excit   1    1  42  3013 26 42
C     43   81.2282   19(5)3( 17.0)-  9(3)3( 10.0)       excit   1    1  42  3010 46 43
C     44   87.0474    4(3)1(  4.0)-  1(1)2(  2.0)       excit   1    1  42     3 18 44
C     45   91.5282    6(3)2(  7.0)-  2(3)1(  4.0)       excit   1    1  42   406  7 45
C     46   93.4004    5(5)0(  2.0)-  2(3)1(  4.0)       excit   1    1  42   405 22 46
C     47   118.572    3(1)0(  0.0)-  1(1)2(  2.0)       excit   1    1  42     2 17 47
C     48   121.039    4(3)1(  4.0)-  2(3)1(  4.0)       excit   1    1  42   404  8 48
C     49   309.961    2(3)1(  4.0)-  1(1)2(  2.0)       excit   1    1  42     1  1 49
C     50   327.407    4(3)1(  4.0)-  3(1)0(  0.0)       excit   1    1  42   809 48 50
c-------------------------------------------------------------------------------
                                                                                
C  code     : adas810
C  producer : Adam Foster
C  date     : 15/05/09
                                                                                
c-------------------------------------------------------------------------------

C-----------------------------------------------------------------------
C                               OPEN-ADAS
C                               +++++++++
C
C This file has been downloaded from OPEN-ADAS (http://open.adas.ac.uk)
C on 26-Mar-2025.
C
C TERMS AND CONDITIONS
C --------------------
C
C The user of the OPEN-ADAS system and data (hereinafter "the User")
C accepts the following terms and conditions:
C
C   1. The University of Strathclyde uses all reasonable endeavours to
C      ensure the accuracy of the data provided and any information
C      given, but the University makes no warranty, expressed or implied
C      as to its accuracy, integrity, fitness for purpose and shall not
C      be responsible for the use to which the data is put by the User
C      and/or any consequences arising out of any inaccuracies or
C      omissions.
C
C   2. Any downloaded OPEN-ADAS file is made available for the
C      personal use of the User only.  It must not be used for any
C      commercial application, incorporated into any web site or in
C      any form re-distributed without express prior written permission
C      from the ADAS Project. In particular, but not by way of
C      limitation, it must not be:
C        *  inserted into a managed database structure,
C        *  redistributed along with a modelling or analysis code,
C        *  made available on a public website.
C
C Permission for OPEN-ADAS data incorporation in non-commercial
C code/system development for scientific advance will not be
C unreasonably withheld, but will be subject to written agreement
C on a case by case basis.
C
C The User will indemnify the University of Strathclyde and keep it
C fully and effectively indemnified against each and every claim made
C against the University as a result of the User's use of the data.
C
C-----------------------------------------------------------------------
