   50    /W :53 photon emissivity coefficients/
--------------------------------------------------------------------------------
    1    1    1    1    1    1    1    1    1    1    1    1    1    1
    1    1    1    1    1    1    1    1    1    1    1    1    1    1
    1    1    1    1    1    1    1    1    1    1    1    1    1    1
    1    1    1    1    1    1    1    1    1    1    1    1    1    1
    1    1    1    1    1    1    1    1    1    1    1    1    1    1
    1    1    1    1    1
--------------------------------------------------------------------------------
//#01/p00/ 00/p01/ 01/p02/ 02/p03/ 03/p04/ 04/p05/ 05/p06/ 06/p07/ 07/p08/ 08/  
      p09/ 09/p10/ 10/p11/ 11/p12/ 12/p13/ 13/p14/ 14/p15/ 15/p16/ 16/p17/ 17/  
      p18/ 18/p19/ 19/p20/ 20/p21/ 21/p22/ 22/p23/ 23/p24/ 24/p25/ 25/p26/ 26/  
      p27/ 27/p28/ 28/p29/ 29/p30/ 30/p31/ 31/p32/ 32/p33/ 33/p34/ 34/p35/ 35/  
      p36/ 36/p37/ 37/p38/ 38/p39/ 39/p40/ 40/p41/ 41/p42/ 42/p43/ 43/p44/ 44/  
      p45/ 45/p46/ 46/p47/ 47/p48/ 48/p49/ 49/p50/ 50/p51/ 51/p52/ 52/p53/ 53/  
      p54/ 54/p55/ 55/p56/ 56/p57/ 57/p58/ 58/p59/ 59/p60/ 60/p61/ 61/p62/ 62/  
      p63/ 63/p64/ 64/p65/ 65/p66/ 66/p67/ 67/p68/ 68/p69/ 69/p70/ 70/p71/ 71/  
      p72/ 72/p73/ 73/p74/ 74/                                                  
--------------------------------------------------------------------------------
  2.82631    7  14 /pl=01:ss=53:pb= 1:sz=53/type=excit/ispb = t/isel =    1
 1.00E+10 1.00E+11 1.00E+12 1.00E+13 1.00E+14 1.00E+15 1.00E+16
 5.03E+01 7.54E+01 1.26E+02 2.51E+02 5.03E+02 1.26E+03 2.51E+03 3.77E+03
 5.03E+03 7.54E+03 1.26E+04 2.51E+04 5.03E+04 7.54E+04
 1.00E-74 2.89E-37 2.88E-27 7.83E-20 3.45E-16 4.18E-14 1.77E-13 2.68E-13
 3.22E-13 3.76E-13 4.05E-13 3.98E-13 3.62E-13 3.35E-13
 1.00E-74 2.89E-37 2.88E-27 7.83E-20 3.45E-16 4.18E-14 1.77E-13 2.68E-13
 3.22E-13 3.76E-13 4.05E-13 3.98E-13 3.62E-13 3.35E-13
 1.00E-74 2.89E-37 2.88E-27 7.83E-20 3.45E-16 4.18E-14 1.77E-13 2.68E-13
 3.22E-13 3.76E-13 4.05E-13 3.98E-13 3.62E-13 3.35E-13
 1.00E-74 2.89E-37 2.88E-27 7.83E-20 3.45E-16 4.18E-14 1.77E-13 2.68E-13
 3.22E-13 3.76E-13 4.05E-13 3.98E-13 3.62E-13 3.35E-13
 1.00E-74 2.89E-37 2.88E-27 7.83E-20 3.45E-16 4.18E-14 1.77E-13 2.68E-13
 3.22E-13 3.76E-13 4.05E-13 3.98E-13 3.62E-13 3.35E-13
 1.00E-74 2.89E-37 2.88E-27 7.83E-20 3.45E-16 4.18E-14 1.77E-13 2.68E-13
 3.22E-13 3.76E-13 4.05E-13 3.98E-13 3.62E-13 3.35E-13
 1.00E-74 2.89E-37 2.88E-27 7.83E-20 3.45E-16 4.18E-14 1.77E-13 2.68E-13
 3.22E-13 3.76E-13 4.05E-13 3.98E-13 3.62E-13 3.35E-13
  2.95789    7  14 /pl=01:ss=53:pb= 1:sz=53/type=excit/ispb = t/isel =    2
 1.00E+10 1.00E+11 1.00E+12 1.00E+13 1.00E+14 1.00E+15 1.00E+16
 5.03E+01 7.54E+01 1.26E+02 2.51E+02 5.03E+02 1.26E+03 2.51E+03 3.77E+03
 5.03E+03 7.54E+03 1.26E+04 2.51E+04 5.03E+04 7.54E+04
 1.00E-74 7.09E-36 2.52E-26 3.17E-19 9.54E-16 9.26E-14 3.64E-13 5.41E-13
 6.44E-13 7.42E-13 7.95E-13 7.79E-13 7.07E-13 6.53E-13
 1.00E-74 7.09E-36 2.52E-26 3.17E-19 9.54E-16 9.26E-14 3.64E-13 5.41E-13
 6.44E-13 7.42E-13 7.95E-13 7.79E-13 7.07E-13 6.53E-13
 1.00E-74 7.09E-36 2.52E-26 3.17E-19 9.54E-16 9.26E-14 3.64E-13 5.41E-13
 6.44E-13 7.42E-13 7.95E-13 7.79E-13 7.07E-13 6.53E-13
 1.00E-74 7.09E-36 2.52E-26 3.17E-19 9.54E-16 9.26E-14 3.64E-13 5.41E-13
 6.44E-13 7.42E-13 7.95E-13 7.79E-13 7.07E-13 6.53E-13
 1.00E-74 7.09E-36 2.52E-26 3.17E-19 9.54E-16 9.26E-14 3.64E-13 5.41E-13
 6.44E-13 7.42E-13 7.95E-13 7.79E-13 7.07E-13 6.53E-13
 1.00E-74 7.09E-36 2.52E-26 3.17E-19 9.54E-16 9.26E-14 3.64E-13 5.41E-13
 6.44E-13 7.42E-13 7.95E-13 7.79E-13 7.07E-13 6.53E-13
 7.96E-48 7.09E-36 2.52E-26 3.17E-19 9.54E-16 9.26E-14 3.64E-13 5.41E-13
 6.44E-13 7.42E-13 7.95E-13 7.79E-13 7.07E-13 6.53E-13
  3.18725    7  14 /pl=01:ss=53:pb= 1:sz=53/type=excit/ispb = t/isel =    3
 1.00E+10 1.00E+11 1.00E+12 1.00E+13 1.00E+14 1.00E+15 1.00E+16
 5.03E+01 7.54E+01 1.26E+02 2.51E+02 5.03E+02 1.26E+03 2.51E+03 3.77E+03
 5.03E+03 7.54E+03 1.26E+04 2.51E+04 5.03E+04 7.54E+04
 1.00E-74 8.52E-34 6.10E-25 2.32E-18 3.88E-15 2.68E-13 9.41E-13 1.35E-12
 1.58E-12 1.80E-12 1.91E-12 1.87E-12 1.70E-12 1.57E-12
 1.00E-74 8.52E-34 6.10E-25 2.32E-18 3.88E-15 2.68E-13 9.41E-13 1.35E-12
 1.58E-12 1.80E-12 1.91E-12 1.87E-12 1.70E-12 1.57E-12
 1.00E-74 8.52E-34 6.10E-25 2.32E-18 3.88E-15 2.68E-13 9.41E-13 1.35E-12
 1.58E-12 1.80E-12 1.91E-12 1.87E-12 1.70E-12 1.57E-12
 6.89E-45 8.52E-34 6.10E-25 2.32E-18 3.88E-15 2.68E-13 9.41E-13 1.35E-12
 1.58E-12 1.80E-12 1.91E-12 1.87E-12 1.70E-12 1.57E-12
 6.55E-45 8.52E-34 6.10E-25 2.32E-18 3.88E-15 2.68E-13 9.41E-13 1.35E-12
 1.58E-12 1.80E-12 1.91E-12 1.87E-12 1.70E-12 1.57E-12
 6.48E-45 8.52E-34 6.10E-25 2.32E-18 3.88E-15 2.68E-13 9.41E-13 1.35E-12
 1.58E-12 1.80E-12 1.91E-12 1.87E-12 1.70E-12 1.57E-12
 6.47E-45 8.52E-34 6.10E-25 2.32E-18 3.88E-15 2.67E-13 9.41E-13 1.35E-12
 1.58E-12 1.80E-12 1.91E-12 1.87E-12 1.70E-12 1.57E-12
  3.29269    7  14 /pl=01:ss=53:pb= 1:sz=53/type=excit/ispb = t/isel =    4
 1.00E+10 1.00E+11 1.00E+12 1.00E+13 1.00E+14 1.00E+15 1.00E+16
 5.03E+01 7.54E+01 1.26E+02 2.51E+02 5.03E+02 1.26E+03 2.51E+03 3.77E+03
 5.03E+03 7.54E+03 1.26E+04 2.51E+04 5.03E+04 7.54E+04
 1.00E-74 3.32E-33 1.23E-24 2.81E-18 3.63E-15 2.17E-13 7.58E-13 1.12E-12
 1.35E-12 1.63E-12 1.88E-12 2.08E-12 2.09E-12 2.04E-12
 9.50E-44 3.32E-33 1.23E-24 2.81E-18 3.63E-15 2.17E-13 7.58E-13 1.12E-12
 1.35E-12 1.63E-12 1.88E-12 2.08E-12 2.09E-12 2.04E-12
 5.70E-44 3.32E-33 1.23E-24 2.81E-18 3.63E-15 2.17E-13 7.58E-13 1.12E-12
 1.35E-12 1.63E-12 1.88E-12 2.08E-12 2.09E-12 2.04E-12
 5.80E-44 3.32E-33 1.23E-24 2.81E-18 3.63E-15 2.17E-13 7.58E-13 1.12E-12
 1.35E-12 1.63E-12 1.88E-12 2.08E-12 2.09E-12 2.04E-12
 5.78E-44 3.32E-33 1.23E-24 2.81E-18 3.63E-15 2.17E-13 7.58E-13 1.12E-12
 1.35E-12 1.63E-12 1.88E-12 2.08E-12 2.09E-12 2.04E-12
 5.78E-44 3.32E-33 1.23E-24 2.81E-18 3.63E-15 2.17E-13 7.58E-13 1.12E-12
 1.35E-12 1.63E-12 1.88E-12 2.08E-12 2.09E-12 2.04E-12
 5.78E-44 3.32E-33 1.23E-24 2.81E-18 3.63E-15 2.17E-13 7.58E-13 1.12E-12
 1.35E-12 1.63E-12 1.88E-12 2.08E-12 2.09E-12 2.04E-12
  3.65984    7  14 /pl=01:ss=53:pb= 1:sz=53/type=excit/ispb = t/isel =    5
 1.00E+10 1.00E+11 1.00E+12 1.00E+13 1.00E+14 1.00E+15 1.00E+16
 5.03E+01 7.54E+01 1.26E+02 2.51E+02 5.03E+02 1.26E+03 2.51E+03 3.77E+03
 5.03E+03 7.54E+03 1.26E+04 2.51E+04 5.03E+04 7.54E+04
 4.40E-40 2.05E-30 1.02E-22 5.24E-17 3.23E-14 1.25E-12 3.68E-12 5.00E-12
 5.75E-12 6.39E-12 6.75E-12 6.56E-12 5.99E-12 5.55E-12
 4.37E-40 2.05E-30 1.02E-22 5.24E-17 3.23E-14 1.25E-12 3.68E-12 5.00E-12
 5.75E-12 6.39E-12 6.75E-12 6.56E-12 5.99E-12 5.55E-12
 4.37E-40 2.05E-30 1.02E-22 5.24E-17 3.23E-14 1.25E-12 3.68E-12 5.00E-12
 5.75E-12 6.39E-12 6.75E-12 6.56E-12 5.99E-12 5.55E-12
 4.37E-40 2.05E-30 1.02E-22 5.24E-17 3.23E-14 1.25E-12 3.68E-12 5.00E-12
 5.75E-12 6.39E-12 6.75E-12 6.56E-12 5.99E-12 5.55E-12
 4.37E-40 2.05E-30 1.02E-22 5.24E-17 3.23E-14 1.25E-12 3.68E-12 5.00E-12
 5.75E-12 6.39E-12 6.75E-12 6.56E-12 5.99E-12 5.55E-12
 4.37E-40 2.05E-30 1.02E-22 5.24E-17 3.23E-14 1.25E-12 3.68E-12 5.00E-12
 5.75E-12 6.39E-12 6.75E-12 6.56E-12 5.99E-12 5.55E-12
 4.37E-40 2.05E-30 1.02E-22 5.24E-17 3.23E-14 1.25E-12 3.68E-12 5.00E-12
 5.75E-12 6.39E-12 6.75E-12 6.56E-12 5.99E-12 5.55E-12
  3.67280    7  14 /pl=01:ss=53:pb= 1:sz=53/type=excit/ispb = t/isel =    6
 1.00E+10 1.00E+11 1.00E+12 1.00E+13 1.00E+14 1.00E+15 1.00E+16
 5.03E+01 7.54E+01 1.26E+02 2.51E+02 5.03E+02 1.26E+03 2.51E+03 3.77E+03
 5.03E+03 7.54E+03 1.26E+04 2.51E+04 5.03E+04 7.54E+04
 1.00E-74 4.06E-33 2.08E-24 6.08E-18 8.75E-15 5.38E-13 1.77E-12 2.42E-12
 2.73E-12 2.91E-12 2.81E-12 2.36E-12 1.84E-12 1.55E-12
 1.00E-74 4.06E-33 2.08E-24 6.08E-18 8.75E-15 5.38E-13 1.77E-12 2.42E-12
 2.73E-12 2.91E-12 2.81E-12 2.36E-12 1.84E-12 1.55E-12
 6.05E-44 4.06E-33 2.08E-24 6.08E-18 8.75E-15 5.38E-13 1.77E-12 2.42E-12
 2.73E-12 2.91E-12 2.81E-12 2.36E-12 1.84E-12 1.55E-12
 4.84E-44 4.06E-33 2.08E-24 6.08E-18 8.75E-15 5.38E-13 1.77E-12 2.42E-12
 2.73E-12 2.91E-12 2.81E-12 2.36E-12 1.84E-12 1.55E-12
 4.66E-44 4.06E-33 2.08E-24 6.08E-18 8.75E-15 5.38E-13 1.77E-12 2.42E-12
 2.73E-12 2.91E-12 2.81E-12 2.36E-12 1.84E-12 1.55E-12
 4.69E-44 4.06E-33 2.08E-24 6.08E-18 8.75E-15 5.38E-13 1.77E-12 2.42E-12
 2.73E-12 2.91E-12 2.81E-12 2.36E-12 1.84E-12 1.55E-12
 4.69E-44 4.06E-33 2.08E-24 6.08E-18 8.75E-15 5.38E-13 1.77E-12 2.42E-12
 2.73E-12 2.91E-12 2.81E-12 2.36E-12 1.84E-12 1.55E-12
  3.82938    7  14 /pl=01:ss=53:pb= 1:sz=53/type=excit/ispb = t/isel =    7
 1.00E+10 1.00E+11 1.00E+12 1.00E+13 1.00E+14 1.00E+15 1.00E+16
 5.03E+01 7.54E+01 1.26E+02 2.51E+02 5.03E+02 1.26E+03 2.51E+03 3.77E+03
 5.03E+03 7.54E+03 1.26E+04 2.51E+04 5.03E+04 7.54E+04
 1.55E-40 2.71E-31 6.21E-24 1.90E-18 1.06E-15 4.54E-14 1.41E-13 1.94E-13
 2.20E-13 2.41E-13 2.45E-13 2.26E-13 1.96E-13 1.76E-13
 1.55E-40 2.71E-31 6.21E-24 1.90E-18 1.06E-15 4.54E-14 1.41E-13 1.94E-13
 2.20E-13 2.41E-13 2.45E-13 2.26E-13 1.96E-13 1.76E-13
 1.55E-40 2.71E-31 6.21E-24 1.90E-18 1.06E-15 4.54E-14 1.41E-13 1.94E-13
 2.20E-13 2.41E-13 2.45E-13 2.26E-13 1.96E-13 1.76E-13
 1.55E-40 2.71E-31 6.21E-24 1.90E-18 1.06E-15 4.54E-14 1.41E-13 1.94E-13
 2.20E-13 2.41E-13 2.45E-13 2.26E-13 1.96E-13 1.76E-13
 1.55E-40 2.71E-31 6.21E-24 1.90E-18 1.06E-15 4.54E-14 1.41E-13 1.94E-13
 2.20E-13 2.41E-13 2.45E-13 2.26E-13 1.96E-13 1.76E-13
 1.55E-40 2.71E-31 6.21E-24 1.90E-18 1.06E-15 4.54E-14 1.41E-13 1.94E-13
 2.20E-13 2.41E-13 2.45E-13 2.26E-13 1.96E-13 1.76E-13
 1.55E-40 2.71E-31 6.21E-24 1.90E-18 1.06E-15 4.54E-14 1.41E-13 1.94E-13
 2.20E-13 2.41E-13 2.45E-13 2.26E-13 1.96E-13 1.76E-13
  3.84323    7  14 /pl=01:ss=53:pb= 1:sz=53/type=excit/ispb = t/isel =    8
 1.00E+10 1.00E+11 1.00E+12 1.00E+13 1.00E+14 1.00E+15 1.00E+16
 5.03E+01 7.54E+01 1.26E+02 2.51E+02 5.03E+02 1.26E+03 2.51E+03 3.77E+03
 5.03E+03 7.54E+03 1.26E+04 2.51E+04 5.03E+04 7.54E+04
 4.11E-43 1.30E-32 3.01E-24 4.85E-18 5.20E-15 2.69E-13 8.41E-13 1.14E-12
 1.28E-12 1.37E-12 1.34E-12 1.15E-12 9.13E-13 7.79E-13
 4.11E-43 1.30E-32 3.01E-24 4.85E-18 5.20E-15 2.69E-13 8.41E-13 1.14E-12
 1.28E-12 1.37E-12 1.34E-12 1.15E-12 9.13E-13 7.79E-13
 4.02E-43 1.30E-32 3.01E-24 4.85E-18 5.20E-15 2.69E-13 8.41E-13 1.14E-12
 1.28E-12 1.37E-12 1.34E-12 1.15E-12 9.13E-13 7.79E-13
 4.03E-43 1.30E-32 3.01E-24 4.85E-18 5.20E-15 2.69E-13 8.41E-13 1.14E-12
 1.28E-12 1.37E-12 1.34E-12 1.15E-12 9.13E-13 7.79E-13
 4.03E-43 1.30E-32 3.01E-24 4.85E-18 5.20E-15 2.69E-13 8.41E-13 1.14E-12
 1.28E-12 1.37E-12 1.34E-12 1.15E-12 9.13E-13 7.79E-13
 4.03E-43 1.30E-32 3.01E-24 4.85E-18 5.20E-15 2.69E-13 8.41E-13 1.14E-12
 1.28E-12 1.37E-12 1.34E-12 1.15E-12 9.13E-13 7.79E-13
 4.03E-43 1.30E-32 3.01E-24 4.85E-18 5.20E-15 2.69E-13 8.41E-13 1.14E-12
 1.28E-12 1.37E-12 1.34E-12 1.15E-12 9.13E-13 7.79E-13
  4.48098    7  14 /pl=01:ss=53:pb= 1:sz=53/type=excit/ispb = t/isel =    9
 1.00E+10 1.00E+11 1.00E+12 1.00E+13 1.00E+14 1.00E+15 1.00E+16
 5.03E+01 7.54E+01 1.26E+02 2.51E+02 5.03E+02 1.26E+03 2.51E+03 3.77E+03
 5.03E+03 7.54E+03 1.26E+04 2.51E+04 5.03E+04 7.54E+04
 2.10E-34 1.61E-26 2.97E-20 1.30E-15 2.42E-13 5.00E-12 1.29E-11 1.75E-11
 2.03E-11 2.35E-11 2.65E-11 2.84E-11 2.82E-11 2.73E-11
 2.10E-34 1.61E-26 2.97E-20 1.30E-15 2.42E-13 5.00E-12 1.29E-11 1.75E-11
 2.03E-11 2.35E-11 2.65E-11 2.84E-11 2.82E-11 2.73E-11
 2.10E-34 1.61E-26 2.97E-20 1.30E-15 2.42E-13 5.00E-12 1.29E-11 1.75E-11
 2.03E-11 2.35E-11 2.65E-11 2.84E-11 2.82E-11 2.73E-11
 2.10E-34 1.61E-26 2.97E-20 1.30E-15 2.42E-13 5.00E-12 1.29E-11 1.75E-11
 2.03E-11 2.35E-11 2.65E-11 2.84E-11 2.82E-11 2.73E-11
 2.10E-34 1.61E-26 2.97E-20 1.30E-15 2.42E-13 5.00E-12 1.29E-11 1.75E-11
 2.03E-11 2.35E-11 2.65E-11 2.84E-11 2.82E-11 2.73E-11
 2.10E-34 1.61E-26 2.97E-20 1.30E-15 2.42E-13 5.00E-12 1.29E-11 1.75E-11
 2.03E-11 2.35E-11 2.65E-11 2.84E-11 2.82E-11 2.73E-11
 2.10E-34 1.61E-26 2.97E-20 1.30E-15 2.42E-13 5.00E-12 1.29E-11 1.75E-11
 2.03E-11 2.35E-11 2.65E-11 2.84E-11 2.82E-11 2.73E-11
  4.79335    7  14 /pl=01:ss=53:pb= 1:sz=53/type=excit/ispb = t/isel =   10
 1.00E+10 1.00E+11 1.00E+12 1.00E+13 1.00E+14 1.00E+15 1.00E+16
 5.03E+01 7.54E+01 1.26E+02 2.51E+02 5.03E+02 1.26E+03 2.51E+03 3.77E+03
 5.03E+03 7.54E+03 1.26E+04 2.51E+04 5.03E+04 7.54E+04
 3.94E-35 9.10E-28 6.47E-22 1.36E-17 1.69E-15 2.50E-14 5.31E-14 6.43E-14
 6.88E-14 7.07E-14 6.80E-14 5.95E-14 4.92E-14 4.33E-14
 3.94E-35 9.10E-28 6.47E-22 1.36E-17 1.69E-15 2.50E-14 5.31E-14 6.43E-14
 6.88E-14 7.07E-14 6.80E-14 5.95E-14 4.92E-14 4.33E-14
 3.94E-35 9.10E-28 6.47E-22 1.36E-17 1.69E-15 2.50E-14 5.31E-14 6.43E-14
 6.88E-14 7.07E-14 6.80E-14 5.95E-14 4.92E-14 4.33E-14
 3.94E-35 9.10E-28 6.47E-22 1.36E-17 1.69E-15 2.50E-14 5.31E-14 6.43E-14
 6.88E-14 7.07E-14 6.80E-14 5.95E-14 4.92E-14 4.33E-14
 3.94E-35 9.10E-28 6.47E-22 1.36E-17 1.69E-15 2.50E-14 5.31E-14 6.43E-14
 6.88E-14 7.07E-14 6.80E-14 5.95E-14 4.92E-14 4.33E-14
 3.94E-35 9.10E-28 6.47E-22 1.36E-17 1.69E-15 2.50E-14 5.31E-14 6.43E-14
 6.88E-14 7.07E-14 6.80E-14 5.95E-14 4.92E-14 4.33E-14
 3.94E-35 9.10E-28 6.47E-22 1.36E-17 1.69E-15 2.50E-14 5.31E-14 6.43E-14
 6.88E-14 7.07E-14 6.80E-14 5.95E-14 4.92E-14 4.33E-14
  5.03912    7  14 /pl=01:ss=53:pb= 1:sz=53/type=excit/ispb = t/isel =   11
 1.00E+10 1.00E+11 1.00E+12 1.00E+13 1.00E+14 1.00E+15 1.00E+16
 5.03E+01 7.54E+01 1.26E+02 2.51E+02 5.03E+02 1.26E+03 2.51E+03 3.77E+03
 5.03E+03 7.54E+03 1.26E+04 2.51E+04 5.03E+04 7.54E+04
 2.97E-31 2.97E-24 1.08E-18 1.38E-14 1.33E-12 1.74E-11 3.69E-11 4.59E-11
 5.06E-11 5.50E-11 5.74E-11 5.65E-11 5.27E-11 4.92E-11
 2.97E-31 2.97E-24 1.08E-18 1.38E-14 1.33E-12 1.74E-11 3.69E-11 4.59E-11
 5.06E-11 5.50E-11 5.74E-11 5.65E-11 5.27E-11 4.92E-11
 2.97E-31 2.97E-24 1.08E-18 1.38E-14 1.33E-12 1.74E-11 3.69E-11 4.59E-11
 5.06E-11 5.50E-11 5.74E-11 5.65E-11 5.27E-11 4.92E-11
 2.97E-31 2.97E-24 1.08E-18 1.38E-14 1.33E-12 1.74E-11 3.69E-11 4.59E-11
 5.06E-11 5.50E-11 5.74E-11 5.65E-11 5.27E-11 4.92E-11
 2.97E-31 2.97E-24 1.08E-18 1.38E-14 1.33E-12 1.74E-11 3.69E-11 4.59E-11
 5.06E-11 5.50E-11 5.74E-11 5.65E-11 5.27E-11 4.92E-11
 2.97E-31 2.97E-24 1.08E-18 1.38E-14 1.33E-12 1.74E-11 3.69E-11 4.59E-11
 5.06E-11 5.50E-11 5.74E-11 5.65E-11 5.27E-11 4.92E-11
 2.97E-31 2.97E-24 1.08E-18 1.38E-14 1.33E-12 1.74E-11 3.69E-11 4.59E-11
 5.06E-11 5.50E-11 5.74E-11 5.65E-11 5.27E-11 4.92E-11
  5.06232    7  14 /pl=01:ss=53:pb= 1:sz=53/type=excit/ispb = t/isel =   12
 1.00E+10 1.00E+11 1.00E+12 1.00E+13 1.00E+14 1.00E+15 1.00E+16
 5.03E+01 7.54E+01 1.26E+02 2.51E+02 5.03E+02 1.26E+03 2.51E+03 3.77E+03
 5.03E+03 7.54E+03 1.26E+04 2.51E+04 5.03E+04 7.54E+04
 3.95E-35 7.34E-27 2.76E-20 2.02E-15 4.62E-13 9.52E-12 2.20E-11 2.71E-11
 2.91E-11 2.97E-11 2.80E-11 2.34E-11 1.84E-11 1.56E-11
 3.95E-35 7.34E-27 2.76E-20 2.02E-15 4.62E-13 9.52E-12 2.20E-11 2.71E-11
 2.91E-11 2.97E-11 2.80E-11 2.34E-11 1.84E-11 1.56E-11
 3.95E-35 7.34E-27 2.76E-20 2.02E-15 4.62E-13 9.52E-12 2.20E-11 2.71E-11
 2.91E-11 2.97E-11 2.80E-11 2.34E-11 1.84E-11 1.56E-11
 3.95E-35 7.34E-27 2.76E-20 2.02E-15 4.62E-13 9.52E-12 2.20E-11 2.71E-11
 2.91E-11 2.97E-11 2.80E-11 2.34E-11 1.84E-11 1.56E-11
 3.95E-35 7.34E-27 2.76E-20 2.02E-15 4.62E-13 9.52E-12 2.20E-11 2.71E-11
 2.91E-11 2.97E-11 2.80E-11 2.34E-11 1.84E-11 1.56E-11
 3.95E-35 7.34E-27 2.76E-20 2.02E-15 4.62E-13 9.52E-12 2.20E-11 2.71E-11
 2.91E-11 2.97E-11 2.80E-11 2.34E-11 1.84E-11 1.56E-11
 3.95E-35 7.34E-27 2.76E-20 2.02E-15 4.62E-13 9.52E-12 2.20E-11 2.71E-11
 2.91E-11 2.97E-11 2.80E-11 2.34E-11 1.84E-11 1.56E-11
  5.33066    7  14 /pl=01:ss=53:pb= 1:sz=53/type=excit/ispb = t/isel =   13
 1.00E+10 1.00E+11 1.00E+12 1.00E+13 1.00E+14 1.00E+15 1.00E+16
 5.03E+01 7.54E+01 1.26E+02 2.51E+02 5.03E+02 1.26E+03 2.51E+03 3.77E+03
 5.03E+03 7.54E+03 1.26E+04 2.51E+04 5.03E+04 7.54E+04
 1.19E-31 4.86E-25 8.62E-20 6.46E-16 4.89E-14 5.76E-13 1.18E-12 1.42E-12
 1.51E-12 1.55E-12 1.48E-12 1.29E-12 1.06E-12 9.35E-13
 1.19E-31 4.86E-25 8.62E-20 6.46E-16 4.89E-14 5.76E-13 1.18E-12 1.42E-12
 1.51E-12 1.55E-12 1.48E-12 1.29E-12 1.06E-12 9.35E-13
 1.19E-31 4.86E-25 8.62E-20 6.46E-16 4.89E-14 5.76E-13 1.18E-12 1.42E-12
 1.51E-12 1.55E-12 1.48E-12 1.29E-12 1.06E-12 9.35E-13
 1.19E-31 4.86E-25 8.62E-20 6.46E-16 4.89E-14 5.76E-13 1.18E-12 1.42E-12
 1.51E-12 1.55E-12 1.48E-12 1.29E-12 1.06E-12 9.35E-13
 1.19E-31 4.86E-25 8.62E-20 6.46E-16 4.89E-14 5.76E-13 1.18E-12 1.42E-12
 1.51E-12 1.55E-12 1.48E-12 1.29E-12 1.06E-12 9.35E-13
 1.19E-31 4.86E-25 8.62E-20 6.46E-16 4.89E-14 5.76E-13 1.18E-12 1.42E-12
 1.51E-12 1.55E-12 1.48E-12 1.29E-12 1.06E-12 9.35E-13
 1.19E-31 4.86E-25 8.62E-20 6.46E-16 4.89E-14 5.76E-13 1.18E-12 1.42E-12
 1.51E-12 1.55E-12 1.48E-12 1.29E-12 1.06E-12 9.35E-13
  5.35568    7  14 /pl=01:ss=53:pb= 1:sz=53/type=excit/ispb = t/isel =   14
 1.00E+10 1.00E+11 1.00E+12 1.00E+13 1.00E+14 1.00E+15 1.00E+16
 5.03E+01 7.54E+01 1.26E+02 2.51E+02 5.03E+02 1.26E+03 2.51E+03 3.77E+03
 5.03E+03 7.54E+03 1.26E+04 2.51E+04 5.03E+04 7.54E+04
 5.38E-37 4.10E-29 7.60E-23 3.32E-18 6.19E-16 1.28E-14 3.30E-14 4.47E-14
 5.19E-14 6.01E-14 6.76E-14 7.26E-14 7.21E-14 6.97E-14
 5.38E-37 4.10E-29 7.60E-23 3.32E-18 6.19E-16 1.28E-14 3.30E-14 4.47E-14
 5.19E-14 6.01E-14 6.76E-14 7.26E-14 7.21E-14 6.97E-14
 5.38E-37 4.10E-29 7.60E-23 3.32E-18 6.19E-16 1.28E-14 3.30E-14 4.47E-14
 5.19E-14 6.01E-14 6.76E-14 7.26E-14 7.21E-14 6.97E-14
 5.38E-37 4.10E-29 7.60E-23 3.32E-18 6.19E-16 1.28E-14 3.30E-14 4.47E-14
 5.19E-14 6.01E-14 6.76E-14 7.26E-14 7.21E-14 6.97E-14
 5.38E-37 4.10E-29 7.60E-23 3.32E-18 6.19E-16 1.28E-14 3.30E-14 4.47E-14
 5.19E-14 6.01E-14 6.76E-14 7.26E-14 7.21E-14 6.97E-14
 5.38E-37 4.10E-29 7.60E-23 3.32E-18 6.19E-16 1.28E-14 3.30E-14 4.47E-14
 5.19E-14 6.01E-14 6.76E-14 7.26E-14 7.21E-14 6.97E-14
 5.38E-37 4.10E-29 7.60E-23 3.32E-18 6.19E-16 1.28E-14 3.30E-14 4.47E-14
 5.19E-14 6.01E-14 6.76E-14 7.26E-14 7.21E-14 6.97E-14
  5.56488    7  14 /pl=01:ss=53:pb= 1:sz=53/type=excit/ispb = t/isel =   15
 1.00E+10 1.00E+11 1.00E+12 1.00E+13 1.00E+14 1.00E+15 1.00E+16
 5.03E+01 7.54E+01 1.26E+02 2.51E+02 5.03E+02 1.26E+03 2.51E+03 3.77E+03
 5.03E+03 7.54E+03 1.26E+04 2.51E+04 5.03E+04 7.54E+04
 1.00E-74 8.58E-38 7.94E-28 2.03E-20 8.64E-17 1.02E-14 4.14E-14 6.11E-14
 7.13E-14 7.88E-14 7.82E-14 6.75E-14 5.32E-14 4.51E-14
 1.00E-74 8.58E-38 7.94E-28 2.03E-20 8.64E-17 1.02E-14 4.14E-14 6.11E-14
 7.13E-14 7.88E-14 7.82E-14 6.75E-14 5.32E-14 4.51E-14
 1.00E-74 8.58E-38 7.94E-28 2.03E-20 8.64E-17 1.02E-14 4.14E-14 6.11E-14
 7.13E-14 7.88E-14 7.82E-14 6.75E-14 5.32E-14 4.51E-14
 1.00E-74 8.58E-38 7.94E-28 2.03E-20 8.64E-17 1.02E-14 4.14E-14 6.11E-14
 7.13E-14 7.88E-14 7.82E-14 6.75E-14 5.32E-14 4.51E-14
 1.00E-74 8.58E-38 7.94E-28 2.03E-20 8.64E-17 1.02E-14 4.14E-14 6.11E-14
 7.13E-14 7.88E-14 7.82E-14 6.75E-14 5.32E-14 4.51E-14
 1.00E-74 8.58E-38 7.93E-28 2.03E-20 8.64E-17 1.02E-14 4.14E-14 6.11E-14
 7.13E-14 7.88E-14 7.82E-14 6.75E-14 5.32E-14 4.51E-14
 1.00E-74 8.58E-38 7.93E-28 2.03E-20 8.64E-17 1.02E-14 4.14E-14 6.11E-14
 7.13E-14 7.88E-14 7.82E-14 6.75E-14 5.32E-14 4.51E-14
  5.78045    7  14 /pl=01:ss=53:pb= 1:sz=53/type=excit/ispb = t/isel =   16
 1.00E+10 1.00E+11 1.00E+12 1.00E+13 1.00E+14 1.00E+15 1.00E+16
 5.03E+01 7.54E+01 1.26E+02 2.51E+02 5.03E+02 1.26E+03 2.51E+03 3.77E+03
 5.03E+03 7.54E+03 1.26E+04 2.51E+04 5.03E+04 7.54E+04
 5.37E-30 9.51E-24 1.10E-18 6.86E-15 4.99E-13 6.11E-12 1.30E-11 1.59E-11
 1.71E-11 1.78E-11 1.72E-11 1.53E-11 1.28E-11 1.14E-11
 5.37E-30 9.51E-24 1.10E-18 6.86E-15 4.99E-13 6.11E-12 1.30E-11 1.59E-11
 1.71E-11 1.78E-11 1.72E-11 1.53E-11 1.28E-11 1.14E-11
 5.37E-30 9.51E-24 1.10E-18 6.86E-15 4.99E-13 6.11E-12 1.30E-11 1.59E-11
 1.71E-11 1.78E-11 1.72E-11 1.53E-11 1.28E-11 1.14E-11
 5.37E-30 9.51E-24 1.10E-18 6.86E-15 4.99E-13 6.11E-12 1.30E-11 1.59E-11
 1.71E-11 1.78E-11 1.72E-11 1.53E-11 1.28E-11 1.14E-11
 5.37E-30 9.51E-24 1.10E-18 6.86E-15 4.99E-13 6.11E-12 1.30E-11 1.59E-11
 1.71E-11 1.78E-11 1.72E-11 1.53E-11 1.28E-11 1.14E-11
 5.37E-30 9.51E-24 1.10E-18 6.86E-15 4.99E-13 6.11E-12 1.30E-11 1.59E-11
 1.71E-11 1.78E-11 1.72E-11 1.53E-11 1.28E-11 1.14E-11
 5.37E-30 9.51E-24 1.10E-18 6.86E-15 4.99E-13 6.11E-12 1.30E-11 1.59E-11
 1.71E-11 1.78E-11 1.72E-11 1.53E-11 1.28E-11 1.14E-11
  5.80806    7  14 /pl=01:ss=53:pb= 1:sz=53/type=excit/ispb = t/isel =   17
 1.00E+10 1.00E+11 1.00E+12 1.00E+13 1.00E+14 1.00E+15 1.00E+16
 5.03E+01 7.54E+01 1.26E+02 2.51E+02 5.03E+02 1.26E+03 2.51E+03 3.77E+03
 5.03E+03 7.54E+03 1.26E+04 2.51E+04 5.03E+04 7.54E+04
 1.29E-32 2.98E-25 2.12E-19 4.47E-15 5.54E-13 8.20E-12 1.74E-11 2.11E-11
 2.26E-11 2.32E-11 2.23E-11 1.95E-11 1.61E-11 1.42E-11
 1.29E-32 2.98E-25 2.12E-19 4.47E-15 5.54E-13 8.20E-12 1.74E-11 2.11E-11
 2.26E-11 2.32E-11 2.23E-11 1.95E-11 1.61E-11 1.42E-11
 1.29E-32 2.98E-25 2.12E-19 4.47E-15 5.54E-13 8.20E-12 1.74E-11 2.11E-11
 2.26E-11 2.32E-11 2.23E-11 1.95E-11 1.61E-11 1.42E-11
 1.29E-32 2.98E-25 2.12E-19 4.47E-15 5.54E-13 8.20E-12 1.74E-11 2.11E-11
 2.26E-11 2.32E-11 2.23E-11 1.95E-11 1.61E-11 1.42E-11
 1.29E-32 2.98E-25 2.12E-19 4.47E-15 5.54E-13 8.20E-12 1.74E-11 2.11E-11
 2.26E-11 2.32E-11 2.23E-11 1.95E-11 1.61E-11 1.42E-11
 1.29E-32 2.98E-25 2.12E-19 4.47E-15 5.54E-13 8.20E-12 1.74E-11 2.11E-11
 2.26E-11 2.32E-11 2.23E-11 1.95E-11 1.61E-11 1.42E-11
 1.29E-32 2.98E-25 2.12E-19 4.47E-15 5.54E-13 8.20E-12 1.74E-11 2.11E-11
 2.26E-11 2.32E-11 2.23E-11 1.95E-11 1.61E-11 1.42E-11
  6.01598    7  14 /pl=01:ss=53:pb= 1:sz=53/type=excit/ispb = t/isel =   18
 1.00E+10 1.00E+11 1.00E+12 1.00E+13 1.00E+14 1.00E+15 1.00E+16
 5.03E+01 7.54E+01 1.26E+02 2.51E+02 5.03E+02 1.26E+03 2.51E+03 3.77E+03
 5.03E+03 7.54E+03 1.26E+04 2.51E+04 5.03E+04 7.54E+04
 1.00E-74 1.64E-37 1.64E-27 4.45E-20 1.96E-16 2.38E-14 1.01E-13 1.52E-13
 1.83E-13 2.14E-13 2.30E-13 2.26E-13 2.06E-13 1.90E-13
 1.00E-74 1.64E-37 1.64E-27 4.45E-20 1.96E-16 2.38E-14 1.01E-13 1.52E-13
 1.83E-13 2.14E-13 2.30E-13 2.26E-13 2.06E-13 1.90E-13
 1.00E-74 1.64E-37 1.64E-27 4.45E-20 1.96E-16 2.38E-14 1.01E-13 1.52E-13
 1.83E-13 2.14E-13 2.30E-13 2.26E-13 2.06E-13 1.90E-13
 1.00E-74 1.64E-37 1.64E-27 4.45E-20 1.96E-16 2.38E-14 1.01E-13 1.52E-13
 1.83E-13 2.14E-13 2.30E-13 2.26E-13 2.06E-13 1.90E-13
 1.00E-74 1.64E-37 1.64E-27 4.45E-20 1.96E-16 2.38E-14 1.01E-13 1.52E-13
 1.83E-13 2.14E-13 2.30E-13 2.26E-13 2.06E-13 1.90E-13
 1.00E-74 1.64E-37 1.64E-27 4.45E-20 1.96E-16 2.38E-14 1.01E-13 1.52E-13
 1.83E-13 2.14E-13 2.30E-13 2.26E-13 2.06E-13 1.90E-13
 1.00E-74 1.64E-37 1.64E-27 4.45E-20 1.96E-16 2.38E-14 1.01E-13 1.52E-13
 1.83E-13 2.14E-13 2.30E-13 2.26E-13 2.06E-13 1.90E-13
  6.12083    7  14 /pl=01:ss=53:pb= 1:sz=53/type=excit/ispb = t/isel =   19
 1.00E+10 1.00E+11 1.00E+12 1.00E+13 1.00E+14 1.00E+15 1.00E+16
 5.03E+01 7.54E+01 1.26E+02 2.51E+02 5.03E+02 1.26E+03 2.51E+03 3.77E+03
 5.03E+03 7.54E+03 1.26E+04 2.51E+04 5.03E+04 7.54E+04
 1.00E-74 2.42E-36 7.75E-27 9.08E-20 2.65E-16 2.50E-14 9.51E-14 1.37E-13
 1.58E-13 1.74E-13 1.73E-13 1.51E-13 1.21E-13 1.04E-13
 1.00E-74 2.42E-36 7.75E-27 9.08E-20 2.65E-16 2.50E-14 9.51E-14 1.37E-13
 1.58E-13 1.74E-13 1.73E-13 1.51E-13 1.21E-13 1.04E-13
 1.00E-74 2.42E-36 7.75E-27 9.08E-20 2.65E-16 2.50E-14 9.51E-14 1.37E-13
 1.58E-13 1.74E-13 1.73E-13 1.51E-13 1.21E-13 1.04E-13
 1.00E-74 2.42E-36 7.75E-27 9.08E-20 2.65E-16 2.50E-14 9.51E-14 1.37E-13
 1.58E-13 1.74E-13 1.73E-13 1.51E-13 1.21E-13 1.04E-13
 1.00E-74 2.42E-36 7.75E-27 9.08E-20 2.65E-16 2.50E-14 9.51E-14 1.37E-13
 1.58E-13 1.74E-13 1.73E-13 1.51E-13 1.21E-13 1.04E-13
 1.00E-74 2.42E-36 7.75E-27 9.08E-20 2.65E-16 2.50E-14 9.51E-14 1.37E-13
 1.58E-13 1.74E-13 1.73E-13 1.51E-13 1.21E-13 1.04E-13
 2.77E-48 2.42E-36 7.75E-27 9.08E-20 2.65E-16 2.50E-14 9.51E-14 1.37E-13
 1.58E-13 1.74E-13 1.73E-13 1.51E-13 1.21E-13 1.04E-13
  6.41070    7  14 /pl=01:ss=53:pb= 1:sz=53/type=excit/ispb = t/isel =   20
 1.00E+10 1.00E+11 1.00E+12 1.00E+13 1.00E+14 1.00E+15 1.00E+16
 5.03E+01 7.54E+01 1.26E+02 2.51E+02 5.03E+02 1.26E+03 2.51E+03 3.77E+03
 5.03E+03 7.54E+03 1.26E+04 2.51E+04 5.03E+04 7.54E+04
 1.00E-74 1.00E-37 1.04E-27 2.89E-20 1.29E-16 1.58E-14 6.60E-14 9.91E-14
 1.18E-13 1.33E-13 1.38E-13 1.25E-13 1.02E-13 8.83E-14
 1.00E-74 1.00E-37 1.04E-27 2.89E-20 1.29E-16 1.58E-14 6.60E-14 9.91E-14
 1.18E-13 1.33E-13 1.38E-13 1.25E-13 1.02E-13 8.83E-14
 1.00E-74 1.00E-37 1.04E-27 2.89E-20 1.29E-16 1.58E-14 6.60E-14 9.91E-14
 1.18E-13 1.33E-13 1.38E-13 1.25E-13 1.02E-13 8.83E-14
 1.00E-74 1.00E-37 1.04E-27 2.89E-20 1.29E-16 1.58E-14 6.60E-14 9.91E-14
 1.18E-13 1.33E-13 1.38E-13 1.25E-13 1.02E-13 8.83E-14
 1.00E-74 1.00E-37 1.04E-27 2.89E-20 1.29E-16 1.58E-14 6.60E-14 9.91E-14
 1.18E-13 1.33E-13 1.38E-13 1.25E-13 1.02E-13 8.83E-14
 1.00E-74 1.00E-37 1.04E-27 2.89E-20 1.29E-16 1.58E-14 6.60E-14 9.91E-14
 1.18E-13 1.33E-13 1.38E-13 1.25E-13 1.02E-13 8.83E-14
 1.00E-74 1.00E-37 1.04E-27 2.89E-20 1.29E-16 1.58E-14 6.60E-14 9.91E-14
 1.18E-13 1.33E-13 1.38E-13 1.25E-13 1.02E-13 8.83E-14
  6.64517    7  14 /pl=01:ss=53:pb= 1:sz=53/type=excit/ispb = t/isel =   21
 1.00E+10 1.00E+11 1.00E+12 1.00E+13 1.00E+14 1.00E+15 1.00E+16
 5.03E+01 7.54E+01 1.26E+02 2.51E+02 5.03E+02 1.26E+03 2.51E+03 3.77E+03
 5.03E+03 7.54E+03 1.26E+04 2.51E+04 5.03E+04 7.54E+04
 1.00E-74 3.93E-36 1.40E-26 1.76E-19 5.30E-16 5.14E-14 2.02E-13 3.00E-13
 3.57E-13 4.12E-13 4.41E-13 4.32E-13 3.92E-13 3.62E-13
 1.00E-74 3.93E-36 1.40E-26 1.76E-19 5.30E-16 5.14E-14 2.02E-13 3.00E-13
 3.57E-13 4.12E-13 4.41E-13 4.32E-13 3.92E-13 3.62E-13
 1.00E-74 3.93E-36 1.40E-26 1.76E-19 5.30E-16 5.14E-14 2.02E-13 3.00E-13
 3.57E-13 4.12E-13 4.41E-13 4.32E-13 3.92E-13 3.62E-13
 1.00E-74 3.93E-36 1.40E-26 1.76E-19 5.30E-16 5.14E-14 2.02E-13 3.00E-13
 3.57E-13 4.12E-13 4.41E-13 4.32E-13 3.92E-13 3.62E-13
 1.00E-74 3.93E-36 1.40E-26 1.76E-19 5.30E-16 5.14E-14 2.02E-13 3.00E-13
 3.57E-13 4.12E-13 4.41E-13 4.32E-13 3.92E-13 3.62E-13
 1.00E-74 3.93E-36 1.40E-26 1.76E-19 5.30E-16 5.14E-14 2.02E-13 3.00E-13
 3.57E-13 4.12E-13 4.41E-13 4.32E-13 3.92E-13 3.62E-13
 4.42E-48 3.93E-36 1.40E-26 1.76E-19 5.30E-16 5.14E-14 2.02E-13 3.00E-13
 3.57E-13 4.12E-13 4.41E-13 4.32E-13 3.92E-13 3.62E-13
  7.11390    7  14 /pl=01:ss=53:pb= 1:sz=53/type=excit/ispb = t/isel =   22
 1.00E+10 1.00E+11 1.00E+12 1.00E+13 1.00E+14 1.00E+15 1.00E+16
 5.03E+01 7.54E+01 1.26E+02 2.51E+02 5.03E+02 1.26E+03 2.51E+03 3.77E+03
 5.03E+03 7.54E+03 1.26E+04 2.51E+04 5.03E+04 7.54E+04
 1.00E-74 2.31E-36 8.69E-27 1.14E-19 3.48E-16 3.39E-14 1.32E-13 1.94E-13
 2.27E-13 2.55E-13 2.61E-13 2.36E-13 1.93E-13 1.67E-13
 1.00E-74 2.31E-36 8.69E-27 1.14E-19 3.48E-16 3.39E-14 1.32E-13 1.94E-13
 2.27E-13 2.55E-13 2.61E-13 2.36E-13 1.93E-13 1.67E-13
 1.00E-74 2.31E-36 8.69E-27 1.14E-19 3.48E-16 3.39E-14 1.32E-13 1.94E-13
 2.27E-13 2.55E-13 2.61E-13 2.36E-13 1.93E-13 1.67E-13
 1.00E-74 2.31E-36 8.69E-27 1.14E-19 3.48E-16 3.39E-14 1.32E-13 1.94E-13
 2.27E-13 2.55E-13 2.61E-13 2.36E-13 1.93E-13 1.67E-13
 1.00E-74 2.31E-36 8.69E-27 1.14E-19 3.48E-16 3.39E-14 1.32E-13 1.94E-13
 2.27E-13 2.55E-13 2.61E-13 2.36E-13 1.93E-13 1.67E-13
 1.00E-74 2.31E-36 8.69E-27 1.14E-19 3.48E-16 3.39E-14 1.32E-13 1.94E-13
 2.27E-13 2.55E-13 2.61E-13 2.36E-13 1.93E-13 1.67E-13
 1.95E-48 2.31E-36 8.70E-27 1.14E-19 3.48E-16 3.39E-14 1.32E-13 1.94E-13
 2.27E-13 2.55E-13 2.61E-13 2.36E-13 1.93E-13 1.67E-13
  7.24791    7  14 /pl=01:ss=53:pb= 1:sz=53/type=excit/ispb = t/isel =   23
 1.00E+10 1.00E+11 1.00E+12 1.00E+13 1.00E+14 1.00E+15 1.00E+16
 5.03E+01 7.54E+01 1.26E+02 2.51E+02 5.03E+02 1.26E+03 2.51E+03 3.77E+03
 5.03E+03 7.54E+03 1.26E+04 2.51E+04 5.03E+04 7.54E+04
 1.00E-74 3.73E-34 2.24E-25 7.60E-19 1.22E-15 8.31E-14 2.86E-13 4.00E-13
 4.56E-13 4.97E-13 4.94E-13 4.35E-13 3.55E-13 3.08E-13
 1.00E-74 3.73E-34 2.24E-25 7.60E-19 1.22E-15 8.31E-14 2.86E-13 4.00E-13
 4.56E-13 4.97E-13 4.94E-13 4.35E-13 3.55E-13 3.08E-13
 1.00E-74 3.73E-34 2.24E-25 7.60E-19 1.22E-15 8.31E-14 2.86E-13 4.00E-13
 4.56E-13 4.97E-13 4.94E-13 4.35E-13 3.55E-13 3.08E-13
 3.18E-45 3.73E-34 2.24E-25 7.60E-19 1.22E-15 8.31E-14 2.86E-13 4.00E-13
 4.56E-13 4.97E-13 4.94E-13 4.35E-13 3.55E-13 3.08E-13
 3.60E-45 3.73E-34 2.24E-25 7.60E-19 1.22E-15 8.31E-14 2.86E-13 4.00E-13
 4.56E-13 4.97E-13 4.94E-13 4.35E-13 3.55E-13 3.08E-13
 3.56E-45 3.73E-34 2.24E-25 7.60E-19 1.22E-15 8.31E-14 2.86E-13 4.00E-13
 4.56E-13 4.97E-13 4.94E-13 4.35E-13 3.55E-13 3.08E-13
 3.56E-45 3.73E-34 2.24E-25 7.60E-19 1.22E-15 8.31E-14 2.86E-13 4.00E-13
 4.56E-13 4.97E-13 4.94E-13 4.35E-13 3.55E-13 3.08E-13
  7.92671    7  14 /pl=01:ss=53:pb= 1:sz=53/type=excit/ispb = t/isel =   24
 1.00E+10 1.00E+11 1.00E+12 1.00E+13 1.00E+14 1.00E+15 1.00E+16
 5.03E+01 7.54E+01 1.26E+02 2.51E+02 5.03E+02 1.26E+03 2.51E+03 3.77E+03
 5.03E+03 7.54E+03 1.26E+04 2.51E+04 5.03E+04 7.54E+04
 1.00E-74 4.54E-34 3.25E-25 1.24E-18 2.06E-15 1.42E-13 5.01E-13 7.20E-13
 8.44E-13 9.60E-13 1.02E-12 9.96E-13 9.07E-13 8.38E-13
 1.00E-74 4.54E-34 3.25E-25 1.24E-18 2.06E-15 1.42E-13 5.01E-13 7.20E-13
 8.44E-13 9.60E-13 1.02E-12 9.96E-13 9.07E-13 8.38E-13
 1.00E-74 4.54E-34 3.25E-25 1.24E-18 2.06E-15 1.42E-13 5.01E-13 7.20E-13
 8.44E-13 9.60E-13 1.02E-12 9.96E-13 9.07E-13 8.38E-13
 3.67E-45 4.54E-34 3.25E-25 1.24E-18 2.06E-15 1.42E-13 5.01E-13 7.20E-13
 8.44E-13 9.60E-13 1.02E-12 9.96E-13 9.07E-13 8.38E-13
 3.49E-45 4.54E-34 3.25E-25 1.24E-18 2.06E-15 1.42E-13 5.01E-13 7.20E-13
 8.44E-13 9.60E-13 1.02E-12 9.96E-13 9.07E-13 8.38E-13
 3.45E-45 4.54E-34 3.25E-25 1.24E-18 2.06E-15 1.42E-13 5.01E-13 7.20E-13
 8.44E-13 9.60E-13 1.02E-12 9.96E-13 9.07E-13 8.38E-13
 3.45E-45 4.54E-34 3.25E-25 1.24E-18 2.06E-15 1.42E-13 5.01E-13 7.20E-13
 8.44E-13 9.60E-13 1.02E-12 9.96E-13 9.07E-13 8.38E-13
  8.55942    7  14 /pl=01:ss=53:pb= 1:sz=53/type=excit/ispb = t/isel =   25
 1.00E+10 1.00E+11 1.00E+12 1.00E+13 1.00E+14 1.00E+15 1.00E+16
 5.03E+01 7.54E+01 1.26E+02 2.51E+02 5.03E+02 1.26E+03 2.51E+03 3.77E+03
 5.03E+03 7.54E+03 1.26E+04 2.51E+04 5.03E+04 7.54E+04
 1.00E-74 2.50E-34 1.97E-25 7.98E-19 1.37E-15 9.36E-14 3.26E-13 4.63E-13
 5.33E-13 5.89E-13 5.98E-13 5.36E-13 4.39E-13 3.79E-13
 1.00E-74 2.50E-34 1.97E-25 7.98E-19 1.37E-15 9.36E-14 3.26E-13 4.63E-13
 5.33E-13 5.89E-13 5.98E-13 5.36E-13 4.39E-13 3.79E-13
 1.00E-74 2.50E-34 1.97E-25 7.98E-19 1.37E-15 9.36E-14 3.26E-13 4.63E-13
 5.33E-13 5.89E-13 5.98E-13 5.36E-13 4.39E-13 3.79E-13
 1.99E-45 2.50E-34 1.97E-25 7.98E-19 1.37E-15 9.36E-14 3.26E-13 4.63E-13
 5.33E-13 5.89E-13 5.98E-13 5.36E-13 4.39E-13 3.79E-13
 1.59E-45 2.50E-34 1.97E-25 7.98E-19 1.37E-15 9.36E-14 3.26E-13 4.63E-13
 5.33E-13 5.89E-13 5.98E-13 5.36E-13 4.39E-13 3.79E-13
 1.67E-45 2.50E-34 1.97E-25 7.98E-19 1.37E-15 9.36E-14 3.26E-13 4.63E-13
 5.33E-13 5.89E-13 5.98E-13 5.36E-13 4.39E-13 3.79E-13
 1.68E-45 2.50E-34 1.97E-25 7.98E-19 1.37E-15 9.36E-14 3.26E-13 4.63E-13
 5.33E-13 5.89E-13 5.98E-13 5.36E-13 4.39E-13 3.79E-13
  10.5032    7  14 /pl=01:ss=53:pb= 1:sz=53/type=excit/ispb = t/isel =   26
 1.00E+10 1.00E+11 1.00E+12 1.00E+13 1.00E+14 1.00E+15 1.00E+16
 5.03E+01 7.54E+01 1.26E+02 2.51E+02 5.03E+02 1.26E+03 2.51E+03 3.77E+03
 5.03E+03 7.54E+03 1.26E+04 2.51E+04 5.03E+04 7.54E+04
 4.86E-40 1.51E-30 5.41E-23 2.20E-17 1.26E-14 4.83E-13 1.40E-12 1.87E-12
 2.09E-12 2.23E-12 2.19E-12 1.94E-12 1.60E-12 1.41E-12
 4.87E-40 1.51E-30 5.41E-23 2.20E-17 1.26E-14 4.83E-13 1.40E-12 1.87E-12
 2.09E-12 2.23E-12 2.19E-12 1.94E-12 1.60E-12 1.41E-12
 4.87E-40 1.51E-30 5.41E-23 2.20E-17 1.26E-14 4.83E-13 1.40E-12 1.87E-12
 2.09E-12 2.23E-12 2.19E-12 1.94E-12 1.60E-12 1.41E-12
 4.87E-40 1.51E-30 5.41E-23 2.20E-17 1.26E-14 4.83E-13 1.40E-12 1.87E-12
 2.09E-12 2.23E-12 2.19E-12 1.94E-12 1.60E-12 1.41E-12
 4.87E-40 1.51E-30 5.41E-23 2.20E-17 1.26E-14 4.83E-13 1.40E-12 1.87E-12
 2.09E-12 2.23E-12 2.19E-12 1.94E-12 1.60E-12 1.41E-12
 4.87E-40 1.51E-30 5.41E-23 2.20E-17 1.26E-14 4.83E-13 1.40E-12 1.87E-12
 2.09E-12 2.23E-12 2.19E-12 1.94E-12 1.60E-12 1.41E-12
 4.87E-40 1.51E-30 5.41E-23 2.20E-17 1.26E-14 4.83E-13 1.40E-12 1.87E-12
 2.09E-12 2.23E-12 2.19E-12 1.94E-12 1.60E-12 1.41E-12
  10.5173    7  14 /pl=01:ss=53:pb= 1:sz=53/type=excit/ispb = t/isel =   27
 1.00E+10 1.00E+11 1.00E+12 1.00E+13 1.00E+14 1.00E+15 1.00E+16
 5.03E+01 7.54E+01 1.26E+02 2.51E+02 5.03E+02 1.26E+03 2.51E+03 3.77E+03
 5.03E+03 7.54E+03 1.26E+04 2.51E+04 5.03E+04 7.54E+04
 1.00E-74 5.54E-33 2.04E-24 4.68E-18 6.04E-15 3.62E-13 1.26E-12 1.87E-12
 2.25E-12 2.71E-12 3.13E-12 3.46E-12 3.48E-12 3.40E-12
 1.58E-43 5.54E-33 2.04E-24 4.68E-18 6.04E-15 3.62E-13 1.26E-12 1.87E-12
 2.25E-12 2.71E-12 3.13E-12 3.46E-12 3.48E-12 3.40E-12
 9.50E-44 5.54E-33 2.04E-24 4.68E-18 6.04E-15 3.62E-13 1.26E-12 1.87E-12
 2.25E-12 2.71E-12 3.13E-12 3.46E-12 3.48E-12 3.40E-12
 9.66E-44 5.54E-33 2.04E-24 4.68E-18 6.04E-15 3.62E-13 1.26E-12 1.87E-12
 2.25E-12 2.71E-12 3.13E-12 3.46E-12 3.48E-12 3.40E-12
 9.63E-44 5.54E-33 2.04E-24 4.68E-18 6.04E-15 3.62E-13 1.26E-12 1.87E-12
 2.25E-12 2.71E-12 3.13E-12 3.46E-12 3.48E-12 3.40E-12
 9.63E-44 5.54E-33 2.04E-24 4.68E-18 6.04E-15 3.62E-13 1.26E-12 1.87E-12
 2.25E-12 2.71E-12 3.13E-12 3.46E-12 3.48E-12 3.40E-12
 9.63E-44 5.54E-33 2.04E-24 4.69E-18 6.04E-15 3.62E-13 1.26E-12 1.87E-12
 2.25E-12 2.71E-12 3.13E-12 3.46E-12 3.48E-12 3.40E-12
  11.6765    7  14 /pl=01:ss=53:pb= 1:sz=53/type=excit/ispb = t/isel =   28
 1.00E+10 1.00E+11 1.00E+12 1.00E+13 1.00E+14 1.00E+15 1.00E+16
 5.03E+01 7.54E+01 1.26E+02 2.51E+02 5.03E+02 1.26E+03 2.51E+03 3.77E+03
 5.03E+03 7.54E+03 1.26E+04 2.51E+04 5.03E+04 7.54E+04
 2.02E-40 9.42E-31 4.68E-23 2.41E-17 1.48E-14 5.74E-13 1.69E-12 2.30E-12
 2.64E-12 2.94E-12 3.10E-12 3.02E-12 2.75E-12 2.55E-12
 2.01E-40 9.42E-31 4.68E-23 2.41E-17 1.48E-14 5.74E-13 1.69E-12 2.30E-12
 2.64E-12 2.94E-12 3.10E-12 3.02E-12 2.75E-12 2.55E-12
 2.01E-40 9.42E-31 4.68E-23 2.41E-17 1.48E-14 5.74E-13 1.69E-12 2.30E-12
 2.64E-12 2.94E-12 3.10E-12 3.02E-12 2.75E-12 2.55E-12
 2.01E-40 9.42E-31 4.68E-23 2.41E-17 1.48E-14 5.74E-13 1.69E-12 2.30E-12
 2.64E-12 2.94E-12 3.10E-12 3.02E-12 2.75E-12 2.55E-12
 2.01E-40 9.42E-31 4.68E-23 2.41E-17 1.48E-14 5.74E-13 1.69E-12 2.30E-12
 2.64E-12 2.94E-12 3.10E-12 3.02E-12 2.75E-12 2.55E-12
 2.01E-40 9.42E-31 4.68E-23 2.41E-17 1.48E-14 5.74E-13 1.69E-12 2.30E-12
 2.64E-12 2.94E-12 3.10E-12 3.02E-12 2.75E-12 2.55E-12
 2.01E-40 9.42E-31 4.68E-23 2.41E-17 1.48E-14 5.74E-13 1.69E-12 2.30E-12
 2.64E-12 2.94E-12 3.10E-12 3.02E-12 2.75E-12 2.55E-12
  11.6806    7  14 /pl=01:ss=53:pb= 1:sz=53/type=excit/ispb = t/isel =   29
 1.00E+10 1.00E+11 1.00E+12 1.00E+13 1.00E+14 1.00E+15 1.00E+16
 5.03E+01 7.54E+01 1.26E+02 2.51E+02 5.03E+02 1.26E+03 2.51E+03 3.77E+03
 5.03E+03 7.54E+03 1.26E+04 2.51E+04 5.03E+04 7.54E+04
 1.00E-74 8.37E-38 8.33E-28 2.26E-20 9.96E-17 1.21E-14 5.12E-14 7.76E-14
 9.31E-14 1.09E-13 1.17E-13 1.15E-13 1.05E-13 9.67E-14
 1.00E-74 8.37E-38 8.33E-28 2.26E-20 9.96E-17 1.21E-14 5.12E-14 7.76E-14
 9.31E-14 1.09E-13 1.17E-13 1.15E-13 1.05E-13 9.67E-14
 1.00E-74 8.37E-38 8.33E-28 2.26E-20 9.96E-17 1.21E-14 5.12E-14 7.76E-14
 9.31E-14 1.09E-13 1.17E-13 1.15E-13 1.05E-13 9.67E-14
 1.00E-74 8.37E-38 8.33E-28 2.26E-20 9.96E-17 1.21E-14 5.12E-14 7.76E-14
 9.31E-14 1.09E-13 1.17E-13 1.15E-13 1.05E-13 9.67E-14
 1.00E-74 8.37E-38 8.33E-28 2.26E-20 9.96E-17 1.21E-14 5.12E-14 7.76E-14
 9.31E-14 1.09E-13 1.17E-13 1.15E-13 1.05E-13 9.67E-14
 1.00E-74 8.37E-38 8.33E-28 2.26E-20 9.96E-17 1.21E-14 5.12E-14 7.76E-14
 9.31E-14 1.09E-13 1.17E-13 1.15E-13 1.05E-13 9.67E-14
 1.00E-74 8.37E-38 8.33E-28 2.26E-20 9.96E-17 1.21E-14 5.12E-14 7.76E-14
 9.31E-14 1.09E-13 1.17E-13 1.15E-13 1.05E-13 9.67E-14
  11.6885    7  14 /pl=01:ss=53:pb= 1:sz=53/type=excit/ispb = t/isel =   30
 1.00E+10 1.00E+11 1.00E+12 1.00E+13 1.00E+14 1.00E+15 1.00E+16
 5.03E+01 7.54E+01 1.26E+02 2.51E+02 5.03E+02 1.26E+03 2.51E+03 3.77E+03
 5.03E+03 7.54E+03 1.26E+04 2.51E+04 5.03E+04 7.54E+04
 1.00E-74 2.15E-33 1.10E-24 3.22E-18 4.64E-15 2.85E-13 9.37E-13 1.28E-12
 1.44E-12 1.54E-12 1.49E-12 1.25E-12 9.74E-13 8.23E-13
 1.00E-74 2.15E-33 1.10E-24 3.22E-18 4.64E-15 2.85E-13 9.37E-13 1.28E-12
 1.44E-12 1.54E-12 1.49E-12 1.25E-12 9.74E-13 8.23E-13
 3.21E-44 2.15E-33 1.10E-24 3.22E-18 4.64E-15 2.85E-13 9.37E-13 1.28E-12
 1.44E-12 1.54E-12 1.49E-12 1.25E-12 9.74E-13 8.23E-13
 2.57E-44 2.15E-33 1.10E-24 3.22E-18 4.64E-15 2.85E-13 9.37E-13 1.28E-12
 1.44E-12 1.54E-12 1.49E-12 1.25E-12 9.74E-13 8.23E-13
 2.47E-44 2.15E-33 1.10E-24 3.22E-18 4.64E-15 2.85E-13 9.37E-13 1.28E-12
 1.44E-12 1.54E-12 1.49E-12 1.25E-12 9.74E-13 8.23E-13
 2.48E-44 2.15E-33 1.10E-24 3.22E-18 4.64E-15 2.85E-13 9.37E-13 1.28E-12
 1.44E-12 1.54E-12 1.49E-12 1.25E-12 9.74E-13 8.23E-13
 2.48E-44 2.15E-33 1.10E-24 3.22E-18 4.64E-15 2.85E-13 9.37E-13 1.28E-12
 1.44E-12 1.54E-12 1.49E-12 1.25E-12 9.74E-13 8.23E-13
  12.3152    7  14 /pl=01:ss=53:pb= 1:sz=53/type=excit/ispb = t/isel =   31
 1.00E+10 1.00E+11 1.00E+12 1.00E+13 1.00E+14 1.00E+15 1.00E+16
 5.03E+01 7.54E+01 1.26E+02 2.51E+02 5.03E+02 1.26E+03 2.51E+03 3.77E+03
 5.03E+03 7.54E+03 1.26E+04 2.51E+04 5.03E+04 7.54E+04
 1.00E-74 7.63E-38 7.91E-28 2.21E-20 9.85E-17 1.20E-14 5.04E-14 7.57E-14
 8.98E-14 1.02E-13 1.05E-13 9.52E-14 7.81E-14 6.74E-14
 1.00E-74 7.63E-38 7.91E-28 2.21E-20 9.85E-17 1.20E-14 5.04E-14 7.57E-14
 8.98E-14 1.02E-13 1.05E-13 9.52E-14 7.81E-14 6.74E-14
 1.00E-74 7.63E-38 7.91E-28 2.21E-20 9.85E-17 1.20E-14 5.04E-14 7.57E-14
 8.98E-14 1.02E-13 1.05E-13 9.52E-14 7.81E-14 6.74E-14
 1.00E-74 7.63E-38 7.91E-28 2.21E-20 9.85E-17 1.20E-14 5.04E-14 7.57E-14
 8.98E-14 1.02E-13 1.05E-13 9.52E-14 7.81E-14 6.74E-14
 1.00E-74 7.63E-38 7.91E-28 2.21E-20 9.85E-17 1.20E-14 5.04E-14 7.57E-14
 8.98E-14 1.02E-13 1.05E-13 9.52E-14 7.81E-14 6.74E-14
 1.00E-74 7.63E-38 7.91E-28 2.21E-20 9.85E-17 1.20E-14 5.04E-14 7.57E-14
 8.98E-14 1.02E-13 1.05E-13 9.52E-14 7.81E-14 6.74E-14
 1.00E-74 7.63E-38 7.91E-28 2.21E-20 9.85E-17 1.20E-14 5.04E-14 7.57E-14
 8.98E-14 1.02E-13 1.05E-13 9.52E-14 7.81E-14 6.74E-14
  12.8958    7  14 /pl=01:ss=53:pb= 1:sz=53/type=excit/ispb = t/isel =   32
 1.00E+10 1.00E+11 1.00E+12 1.00E+13 1.00E+14 1.00E+15 1.00E+16
 5.03E+01 7.54E+01 1.26E+02 2.51E+02 5.03E+02 1.26E+03 2.51E+03 3.77E+03
 5.03E+03 7.54E+03 1.26E+04 2.51E+04 5.03E+04 7.54E+04
 7.77E-41 4.58E-31 2.73E-23 1.59E-17 1.03E-14 3.99E-13 1.15E-12 1.54E-12
 1.73E-12 1.87E-12 1.86E-12 1.64E-12 1.34E-12 1.16E-12
 7.77E-41 4.58E-31 2.73E-23 1.59E-17 1.03E-14 3.99E-13 1.15E-12 1.54E-12
 1.73E-12 1.87E-12 1.86E-12 1.64E-12 1.34E-12 1.16E-12
 7.77E-41 4.58E-31 2.73E-23 1.59E-17 1.03E-14 3.99E-13 1.15E-12 1.54E-12
 1.73E-12 1.87E-12 1.86E-12 1.64E-12 1.34E-12 1.16E-12
 7.77E-41 4.58E-31 2.73E-23 1.59E-17 1.03E-14 3.99E-13 1.15E-12 1.54E-12
 1.73E-12 1.87E-12 1.86E-12 1.64E-12 1.34E-12 1.16E-12
 7.77E-41 4.58E-31 2.73E-23 1.59E-17 1.03E-14 3.99E-13 1.15E-12 1.54E-12
 1.73E-12 1.87E-12 1.86E-12 1.64E-12 1.34E-12 1.16E-12
 7.77E-41 4.58E-31 2.73E-23 1.59E-17 1.03E-14 3.99E-13 1.15E-12 1.54E-12
 1.73E-12 1.87E-12 1.86E-12 1.64E-12 1.34E-12 1.16E-12
 7.77E-41 4.58E-31 2.73E-23 1.59E-17 1.03E-14 3.99E-13 1.15E-12 1.54E-12
 1.73E-12 1.87E-12 1.86E-12 1.64E-12 1.34E-12 1.16E-12
  13.2917    7  14 /pl=01:ss=53:pb= 1:sz=53/type=excit/ispb = t/isel =   33
 1.00E+10 1.00E+11 1.00E+12 1.00E+13 1.00E+14 1.00E+15 1.00E+16
 5.03E+01 7.54E+01 1.26E+02 2.51E+02 5.03E+02 1.26E+03 2.51E+03 3.77E+03
 5.03E+03 7.54E+03 1.26E+04 2.51E+04 5.03E+04 7.54E+04
 1.00E-74 1.07E-36 3.42E-27 4.01E-20 1.17E-16 1.10E-14 4.20E-14 6.05E-14
 6.99E-14 7.68E-14 7.65E-14 6.66E-14 5.34E-14 4.59E-14
 1.00E-74 1.07E-36 3.42E-27 4.01E-20 1.17E-16 1.10E-14 4.20E-14 6.05E-14
 6.99E-14 7.68E-14 7.65E-14 6.66E-14 5.34E-14 4.59E-14
 1.00E-74 1.07E-36 3.42E-27 4.01E-20 1.17E-16 1.10E-14 4.20E-14 6.05E-14
 6.99E-14 7.68E-14 7.65E-14 6.66E-14 5.34E-14 4.59E-14
 1.00E-74 1.07E-36 3.42E-27 4.01E-20 1.17E-16 1.10E-14 4.20E-14 6.05E-14
 6.99E-14 7.68E-14 7.65E-14 6.66E-14 5.34E-14 4.59E-14
 1.00E-74 1.07E-36 3.42E-27 4.01E-20 1.17E-16 1.10E-14 4.20E-14 6.05E-14
 6.99E-14 7.68E-14 7.65E-14 6.66E-14 5.34E-14 4.59E-14
 1.00E-74 1.07E-36 3.42E-27 4.01E-20 1.17E-16 1.10E-14 4.20E-14 6.05E-14
 6.99E-14 7.68E-14 7.65E-14 6.66E-14 5.34E-14 4.59E-14
 1.22E-48 1.07E-36 3.42E-27 4.01E-20 1.17E-16 1.10E-14 4.20E-14 6.05E-14
 6.99E-14 7.68E-14 7.65E-14 6.66E-14 5.34E-14 4.59E-14
  13.5971    7  14 /pl=01:ss=53:pb= 1:sz=53/type=excit/ispb = t/isel =   34
 1.00E+10 1.00E+11 1.00E+12 1.00E+13 1.00E+14 1.00E+15 1.00E+16
 5.03E+01 7.54E+01 1.26E+02 2.51E+02 5.03E+02 1.26E+03 2.51E+03 3.77E+03
 5.03E+03 7.54E+03 1.26E+04 2.51E+04 5.03E+04 7.54E+04
 2.05E-40 3.60E-31 8.23E-24 2.52E-18 1.41E-15 6.02E-14 1.87E-13 2.57E-13
 2.92E-13 3.19E-13 3.24E-13 2.99E-13 2.59E-13 2.34E-13
 2.06E-40 3.60E-31 8.23E-24 2.52E-18 1.41E-15 6.02E-14 1.87E-13 2.57E-13
 2.92E-13 3.19E-13 3.24E-13 2.99E-13 2.59E-13 2.34E-13
 2.06E-40 3.60E-31 8.23E-24 2.52E-18 1.41E-15 6.02E-14 1.87E-13 2.57E-13
 2.92E-13 3.19E-13 3.24E-13 2.99E-13 2.59E-13 2.34E-13
 2.06E-40 3.60E-31 8.23E-24 2.52E-18 1.41E-15 6.02E-14 1.87E-13 2.57E-13
 2.92E-13 3.19E-13 3.24E-13 2.99E-13 2.59E-13 2.34E-13
 2.06E-40 3.60E-31 8.23E-24 2.52E-18 1.41E-15 6.02E-14 1.87E-13 2.57E-13
 2.92E-13 3.19E-13 3.24E-13 2.99E-13 2.59E-13 2.34E-13
 2.06E-40 3.60E-31 8.23E-24 2.52E-18 1.41E-15 6.02E-14 1.87E-13 2.57E-13
 2.92E-13 3.19E-13 3.24E-13 2.99E-13 2.59E-13 2.34E-13
 2.06E-40 3.60E-31 8.23E-24 2.52E-18 1.41E-15 6.02E-14 1.87E-13 2.57E-13
 2.92E-13 3.19E-13 3.24E-13 2.99E-13 2.59E-13 2.34E-13
  13.6091    7  14 /pl=01:ss=53:pb= 1:sz=53/type=excit/ispb = t/isel =   35
 1.00E+10 1.00E+11 1.00E+12 1.00E+13 1.00E+14 1.00E+15 1.00E+16
 5.03E+01 7.54E+01 1.26E+02 2.51E+02 5.03E+02 1.26E+03 2.51E+03 3.77E+03
 5.03E+03 7.54E+03 1.26E+04 2.51E+04 5.03E+04 7.54E+04
 6.26E-43 1.98E-32 4.59E-24 7.40E-18 7.93E-15 4.11E-13 1.28E-12 1.74E-12
 1.96E-12 2.10E-12 2.05E-12 1.76E-12 1.39E-12 1.19E-12
 6.26E-43 1.98E-32 4.59E-24 7.40E-18 7.93E-15 4.11E-13 1.28E-12 1.74E-12
 1.96E-12 2.10E-12 2.05E-12 1.76E-12 1.39E-12 1.19E-12
 6.14E-43 1.98E-32 4.59E-24 7.40E-18 7.93E-15 4.11E-13 1.28E-12 1.74E-12
 1.96E-12 2.10E-12 2.05E-12 1.76E-12 1.39E-12 1.19E-12
 6.15E-43 1.98E-32 4.59E-24 7.40E-18 7.93E-15 4.11E-13 1.28E-12 1.74E-12
 1.96E-12 2.10E-12 2.05E-12 1.76E-12 1.39E-12 1.19E-12
 6.15E-43 1.98E-32 4.59E-24 7.40E-18 7.93E-15 4.11E-13 1.28E-12 1.74E-12
 1.96E-12 2.10E-12 2.05E-12 1.76E-12 1.39E-12 1.19E-12
 6.15E-43 1.98E-32 4.59E-24 7.40E-18 7.93E-15 4.11E-13 1.28E-12 1.74E-12
 1.96E-12 2.10E-12 2.05E-12 1.76E-12 1.39E-12 1.19E-12
 6.15E-43 1.98E-32 4.59E-24 7.40E-18 7.93E-15 4.11E-13 1.28E-12 1.74E-12
 1.96E-12 2.10E-12 2.05E-12 1.76E-12 1.39E-12 1.19E-12
  14.3117    7  14 /pl=01:ss=53:pb= 1:sz=53/type=excit/ispb = t/isel =   36
 1.00E+10 1.00E+11 1.00E+12 1.00E+13 1.00E+14 1.00E+15 1.00E+16
 5.03E+01 7.54E+01 1.26E+02 2.51E+02 5.03E+02 1.26E+03 2.51E+03 3.77E+03
 5.03E+03 7.54E+03 1.26E+04 2.51E+04 5.03E+04 7.54E+04
 1.00E-74 1.93E-36 6.85E-27 8.62E-20 2.59E-16 2.52E-14 9.89E-14 1.47E-13
 1.75E-13 2.02E-13 2.16E-13 2.12E-13 1.92E-13 1.77E-13
 1.00E-74 1.93E-36 6.85E-27 8.62E-20 2.59E-16 2.52E-14 9.89E-14 1.47E-13
 1.75E-13 2.02E-13 2.16E-13 2.12E-13 1.92E-13 1.77E-13
 1.00E-74 1.93E-36 6.85E-27 8.62E-20 2.59E-16 2.52E-14 9.89E-14 1.47E-13
 1.75E-13 2.02E-13 2.16E-13 2.12E-13 1.92E-13 1.77E-13
 1.00E-74 1.93E-36 6.85E-27 8.62E-20 2.59E-16 2.52E-14 9.89E-14 1.47E-13
 1.75E-13 2.02E-13 2.16E-13 2.12E-13 1.92E-13 1.77E-13
 1.00E-74 1.93E-36 6.85E-27 8.62E-20 2.59E-16 2.52E-14 9.89E-14 1.47E-13
 1.75E-13 2.02E-13 2.16E-13 2.12E-13 1.92E-13 1.77E-13
 1.00E-74 1.93E-36 6.85E-27 8.62E-20 2.59E-16 2.52E-14 9.89E-14 1.47E-13
 1.75E-13 2.02E-13 2.16E-13 2.12E-13 1.92E-13 1.77E-13
 2.16E-48 1.93E-36 6.85E-27 8.62E-20 2.59E-16 2.52E-14 9.89E-14 1.47E-13
 1.75E-13 2.02E-13 2.16E-13 2.12E-13 1.92E-13 1.77E-13
  14.3351    7  14 /pl=01:ss=53:pb= 1:sz=53/type=excit/ispb = t/isel =   37
 1.00E+10 1.00E+11 1.00E+12 1.00E+13 1.00E+14 1.00E+15 1.00E+16
 5.03E+01 7.54E+01 1.26E+02 2.51E+02 5.03E+02 1.26E+03 2.51E+03 3.77E+03
 5.03E+03 7.54E+03 1.26E+04 2.51E+04 5.03E+04 7.54E+04
 4.65E-41 1.45E-31 5.17E-24 2.10E-18 1.20E-15 4.61E-14 1.34E-13 1.79E-13
 1.99E-13 2.13E-13 2.10E-13 1.85E-13 1.53E-13 1.34E-13
 4.65E-41 1.45E-31 5.17E-24 2.10E-18 1.20E-15 4.61E-14 1.34E-13 1.79E-13
 1.99E-13 2.13E-13 2.10E-13 1.85E-13 1.53E-13 1.34E-13
 4.65E-41 1.45E-31 5.17E-24 2.10E-18 1.20E-15 4.61E-14 1.34E-13 1.79E-13
 1.99E-13 2.13E-13 2.10E-13 1.85E-13 1.53E-13 1.34E-13
 4.65E-41 1.45E-31 5.17E-24 2.10E-18 1.20E-15 4.61E-14 1.34E-13 1.79E-13
 1.99E-13 2.13E-13 2.10E-13 1.85E-13 1.53E-13 1.34E-13
 4.65E-41 1.45E-31 5.17E-24 2.10E-18 1.20E-15 4.61E-14 1.34E-13 1.79E-13
 1.99E-13 2.13E-13 2.10E-13 1.85E-13 1.53E-13 1.34E-13
 4.65E-41 1.45E-31 5.17E-24 2.10E-18 1.20E-15 4.61E-14 1.34E-13 1.79E-13
 1.99E-13 2.13E-13 2.10E-13 1.85E-13 1.53E-13 1.34E-13
 4.65E-41 1.45E-31 5.17E-24 2.10E-18 1.20E-15 4.61E-14 1.34E-13 1.79E-13
 1.99E-13 2.13E-13 2.10E-13 1.85E-13 1.53E-13 1.34E-13
  14.3436    7  14 /pl=01:ss=53:pb= 1:sz=53/type=excit/ispb = t/isel =   38
 1.00E+10 1.00E+11 1.00E+12 1.00E+13 1.00E+14 1.00E+15 1.00E+16
 5.03E+01 7.54E+01 1.26E+02 2.51E+02 5.03E+02 1.26E+03 2.51E+03 3.77E+03
 5.03E+03 7.54E+03 1.26E+04 2.51E+04 5.03E+04 7.54E+04
 1.00E-74 5.24E-34 1.93E-25 4.44E-19 5.72E-16 3.43E-14 1.20E-13 1.77E-13
 2.13E-13 2.57E-13 2.96E-13 3.28E-13 3.30E-13 3.22E-13
 1.50E-44 5.24E-34 1.93E-25 4.44E-19 5.72E-16 3.43E-14 1.20E-13 1.77E-13
 2.13E-13 2.57E-13 2.96E-13 3.28E-13 3.30E-13 3.22E-13
 9.00E-45 5.24E-34 1.93E-25 4.44E-19 5.72E-16 3.43E-14 1.20E-13 1.77E-13
 2.13E-13 2.57E-13 2.96E-13 3.28E-13 3.30E-13 3.22E-13
 9.15E-45 5.24E-34 1.93E-25 4.44E-19 5.72E-16 3.43E-14 1.20E-13 1.77E-13
 2.13E-13 2.57E-13 2.96E-13 3.28E-13 3.30E-13 3.22E-13
 9.12E-45 5.24E-34 1.93E-25 4.44E-19 5.72E-16 3.43E-14 1.20E-13 1.77E-13
 2.13E-13 2.57E-13 2.96E-13 3.28E-13 3.30E-13 3.22E-13
 9.12E-45 5.24E-34 1.93E-25 4.44E-19 5.72E-16 3.43E-14 1.20E-13 1.77E-13
 2.13E-13 2.57E-13 2.96E-13 3.28E-13 3.30E-13 3.22E-13
 9.12E-45 5.24E-34 1.93E-25 4.44E-19 5.72E-16 3.43E-14 1.20E-13 1.77E-13
 2.13E-13 2.57E-13 2.96E-13 3.28E-13 3.30E-13 3.22E-13
  15.2019    7  14 /pl=01:ss=53:pb= 1:sz=53/type=excit/ispb = t/isel =   39
 1.00E+10 1.00E+11 1.00E+12 1.00E+13 1.00E+14 1.00E+15 1.00E+16
 5.03E+01 7.54E+01 1.26E+02 2.51E+02 5.03E+02 1.26E+03 2.51E+03 3.77E+03
 5.03E+03 7.54E+03 1.26E+04 2.51E+04 5.03E+04 7.54E+04
 1.00E-74 1.71E-36 6.45E-27 8.49E-20 2.58E-16 2.51E-14 9.81E-14 1.44E-13
 1.69E-13 1.89E-13 1.93E-13 1.75E-13 1.43E-13 1.24E-13
 1.00E-74 1.71E-36 6.45E-27 8.49E-20 2.58E-16 2.51E-14 9.81E-14 1.44E-13
 1.69E-13 1.89E-13 1.93E-13 1.75E-13 1.43E-13 1.24E-13
 1.00E-74 1.71E-36 6.45E-27 8.49E-20 2.58E-16 2.51E-14 9.81E-14 1.44E-13
 1.69E-13 1.89E-13 1.93E-13 1.75E-13 1.43E-13 1.24E-13
 1.00E-74 1.71E-36 6.45E-27 8.49E-20 2.58E-16 2.51E-14 9.81E-14 1.44E-13
 1.69E-13 1.89E-13 1.93E-13 1.75E-13 1.43E-13 1.24E-13
 1.00E-74 1.71E-36 6.45E-27 8.49E-20 2.58E-16 2.51E-14 9.81E-14 1.44E-13
 1.69E-13 1.89E-13 1.93E-13 1.75E-13 1.43E-13 1.24E-13
 1.00E-74 1.71E-36 6.45E-27 8.49E-20 2.58E-16 2.51E-14 9.81E-14 1.44E-13
 1.69E-13 1.89E-13 1.93E-13 1.75E-13 1.43E-13 1.24E-13
 1.45E-48 1.71E-36 6.45E-27 8.49E-20 2.58E-16 2.51E-14 9.81E-14 1.44E-13
 1.69E-13 1.89E-13 1.93E-13 1.75E-13 1.43E-13 1.24E-13
  20.0687    7  14 /pl=01:ss=53:pb= 1:sz=53/type=excit/ispb = t/isel =   40
 1.00E+10 1.00E+11 1.00E+12 1.00E+13 1.00E+14 1.00E+15 1.00E+16
 5.03E+01 7.54E+01 1.26E+02 2.51E+02 5.03E+02 1.26E+03 2.51E+03 3.77E+03
 5.03E+03 7.54E+03 1.26E+04 2.51E+04 5.03E+04 7.54E+04
 1.00E-74 1.43E-34 8.58E-26 2.91E-19 4.70E-16 3.19E-14 1.10E-13 1.53E-13
 1.75E-13 1.91E-13 1.90E-13 1.67E-13 1.36E-13 1.18E-13
 1.00E-74 1.43E-34 8.58E-26 2.91E-19 4.70E-16 3.19E-14 1.10E-13 1.53E-13
 1.75E-13 1.91E-13 1.90E-13 1.67E-13 1.36E-13 1.18E-13
 1.00E-74 1.43E-34 8.58E-26 2.91E-19 4.70E-16 3.19E-14 1.10E-13 1.53E-13
 1.75E-13 1.91E-13 1.90E-13 1.67E-13 1.36E-13 1.18E-13
 1.22E-45 1.43E-34 8.58E-26 2.91E-19 4.70E-16 3.19E-14 1.10E-13 1.53E-13
 1.75E-13 1.91E-13 1.90E-13 1.67E-13 1.36E-13 1.18E-13
 1.38E-45 1.43E-34 8.58E-26 2.91E-19 4.70E-16 3.19E-14 1.10E-13 1.53E-13
 1.75E-13 1.91E-13 1.90E-13 1.67E-13 1.36E-13 1.18E-13
 1.37E-45 1.43E-34 8.58E-26 2.91E-19 4.70E-16 3.19E-14 1.10E-13 1.53E-13
 1.75E-13 1.91E-13 1.90E-13 1.67E-13 1.36E-13 1.18E-13
 1.37E-45 1.43E-34 8.58E-26 2.91E-19 4.70E-16 3.19E-14 1.10E-13 1.53E-13
 1.75E-13 1.91E-13 1.90E-13 1.67E-13 1.36E-13 1.18E-13
  21.9570    7  14 /pl=01:ss=53:pb= 1:sz=53/type=excit/ispb = t/isel =   41
 1.00E+10 1.00E+11 1.00E+12 1.00E+13 1.00E+14 1.00E+15 1.00E+16
 5.03E+01 7.54E+01 1.26E+02 2.51E+02 5.03E+02 1.26E+03 2.51E+03 3.77E+03
 5.03E+03 7.54E+03 1.26E+04 2.51E+04 5.03E+04 7.54E+04
 1.00E-74 1.96E-34 1.40E-25 5.34E-19 8.92E-16 6.15E-14 2.16E-13 3.11E-13
 3.65E-13 4.15E-13 4.40E-13 4.30E-13 3.92E-13 3.62E-13
 1.00E-74 1.96E-34 1.40E-25 5.34E-19 8.92E-16 6.15E-14 2.16E-13 3.11E-13
 3.65E-13 4.15E-13 4.40E-13 4.30E-13 3.92E-13 3.62E-13
 1.00E-74 1.96E-34 1.40E-25 5.34E-19 8.92E-16 6.15E-14 2.16E-13 3.11E-13
 3.65E-13 4.15E-13 4.40E-13 4.30E-13 3.92E-13 3.62E-13
 1.59E-45 1.96E-34 1.40E-25 5.34E-19 8.92E-16 6.15E-14 2.16E-13 3.11E-13
 3.65E-13 4.15E-13 4.40E-13 4.30E-13 3.92E-13 3.62E-13
 1.51E-45 1.96E-34 1.40E-25 5.34E-19 8.92E-16 6.15E-14 2.16E-13 3.11E-13
 3.65E-13 4.15E-13 4.40E-13 4.30E-13 3.92E-13 3.62E-13
 1.49E-45 1.96E-34 1.40E-25 5.34E-19 8.92E-16 6.15E-14 2.16E-13 3.11E-13
 3.65E-13 4.15E-13 4.40E-13 4.30E-13 3.92E-13 3.62E-13
 1.49E-45 1.96E-34 1.40E-25 5.34E-19 8.92E-16 6.15E-14 2.16E-13 3.11E-13
 3.65E-13 4.15E-13 4.40E-13 4.30E-13 3.92E-13 3.62E-13
  23.3371    7  14 /pl=01:ss=53:pb= 1:sz=53/type=excit/ispb = t/isel =   42
 1.00E+10 1.00E+11 1.00E+12 1.00E+13 1.00E+14 1.00E+15 1.00E+16
 5.03E+01 7.54E+01 1.26E+02 2.51E+02 5.03E+02 1.26E+03 2.51E+03 3.77E+03
 5.03E+03 7.54E+03 1.26E+04 2.51E+04 5.03E+04 7.54E+04
 1.00E-74 4.55E-38 4.53E-28 1.23E-20 5.42E-17 6.58E-15 2.79E-14 4.22E-14
 5.07E-14 5.92E-14 6.37E-14 6.26E-14 5.70E-14 5.26E-14
 1.00E-74 4.55E-38 4.53E-28 1.23E-20 5.42E-17 6.58E-15 2.79E-14 4.22E-14
 5.07E-14 5.92E-14 6.37E-14 6.26E-14 5.70E-14 5.26E-14
 1.00E-74 4.55E-38 4.53E-28 1.23E-20 5.42E-17 6.58E-15 2.79E-14 4.22E-14
 5.07E-14 5.92E-14 6.37E-14 6.26E-14 5.70E-14 5.26E-14
 1.00E-74 4.55E-38 4.53E-28 1.23E-20 5.42E-17 6.58E-15 2.79E-14 4.22E-14
 5.07E-14 5.92E-14 6.37E-14 6.26E-14 5.70E-14 5.26E-14
 1.00E-74 4.55E-38 4.53E-28 1.23E-20 5.42E-17 6.58E-15 2.79E-14 4.22E-14
 5.07E-14 5.92E-14 6.37E-14 6.26E-14 5.70E-14 5.26E-14
 1.00E-74 4.55E-38 4.53E-28 1.23E-20 5.42E-17 6.58E-15 2.79E-14 4.22E-14
 5.07E-14 5.92E-14 6.37E-14 6.26E-14 5.70E-14 5.26E-14
 1.00E-74 4.55E-38 4.53E-28 1.23E-20 5.42E-17 6.58E-15 2.79E-14 4.22E-14
 5.07E-14 5.92E-14 6.37E-14 6.26E-14 5.70E-14 5.26E-14
  23.7859    7  14 /pl=01:ss=53:pb= 1:sz=53/type=excit/ispb = t/isel =   43
 1.00E+10 1.00E+11 1.00E+12 1.00E+13 1.00E+14 1.00E+15 1.00E+16
 5.03E+01 7.54E+01 1.26E+02 2.51E+02 5.03E+02 1.26E+03 2.51E+03 3.77E+03
 5.03E+03 7.54E+03 1.26E+04 2.51E+04 5.03E+04 7.54E+04
 1.00E-74 1.69E-34 1.33E-25 5.38E-19 9.20E-16 6.31E-14 2.20E-13 3.12E-13
 3.59E-13 3.97E-13 4.03E-13 3.61E-13 2.96E-13 2.55E-13
 1.00E-74 1.69E-34 1.33E-25 5.38E-19 9.20E-16 6.31E-14 2.20E-13 3.12E-13
 3.59E-13 3.97E-13 4.03E-13 3.61E-13 2.96E-13 2.55E-13
 1.00E-74 1.69E-34 1.33E-25 5.38E-19 9.20E-16 6.31E-14 2.20E-13 3.12E-13
 3.59E-13 3.97E-13 4.03E-13 3.61E-13 2.96E-13 2.55E-13
 1.34E-45 1.69E-34 1.33E-25 5.38E-19 9.20E-16 6.31E-14 2.20E-13 3.12E-13
 3.59E-13 3.97E-13 4.03E-13 3.61E-13 2.96E-13 2.55E-13
 1.07E-45 1.69E-34 1.33E-25 5.38E-19 9.20E-16 6.31E-14 2.20E-13 3.12E-13
 3.59E-13 3.97E-13 4.03E-13 3.61E-13 2.96E-13 2.55E-13
 1.13E-45 1.69E-34 1.33E-25 5.38E-19 9.20E-16 6.31E-14 2.20E-13 3.12E-13
 3.59E-13 3.97E-13 4.03E-13 3.61E-13 2.96E-13 2.55E-13
 1.13E-45 1.69E-34 1.33E-25 5.38E-19 9.20E-16 6.31E-14 2.20E-13 3.12E-13
 3.59E-13 3.97E-13 4.03E-13 3.61E-13 2.96E-13 2.55E-13
  24.5781    7  14 /pl=01:ss=53:pb= 1:sz=53/type=excit/ispb = t/isel =   44
 1.00E+10 1.00E+11 1.00E+12 1.00E+13 1.00E+14 1.00E+15 1.00E+16
 5.03E+01 7.54E+01 1.26E+02 2.51E+02 5.03E+02 1.26E+03 2.51E+03 3.77E+03
 5.03E+03 7.54E+03 1.26E+04 2.51E+04 5.03E+04 7.54E+04
 1.00E-74 5.02E-38 5.21E-28 1.45E-20 6.48E-17 7.91E-15 3.32E-14 4.98E-14
 5.91E-14 6.71E-14 6.92E-14 6.26E-14 5.14E-14 4.44E-14
 1.00E-74 5.02E-38 5.21E-28 1.45E-20 6.48E-17 7.91E-15 3.32E-14 4.98E-14
 5.91E-14 6.71E-14 6.92E-14 6.26E-14 5.14E-14 4.44E-14
 1.00E-74 5.02E-38 5.21E-28 1.45E-20 6.48E-17 7.91E-15 3.32E-14 4.98E-14
 5.91E-14 6.71E-14 6.92E-14 6.26E-14 5.14E-14 4.44E-14
 1.00E-74 5.02E-38 5.21E-28 1.45E-20 6.48E-17 7.91E-15 3.32E-14 4.98E-14
 5.91E-14 6.71E-14 6.92E-14 6.26E-14 5.14E-14 4.44E-14
 1.00E-74 5.02E-38 5.21E-28 1.45E-20 6.48E-17 7.91E-15 3.32E-14 4.98E-14
 5.91E-14 6.71E-14 6.92E-14 6.26E-14 5.14E-14 4.44E-14
 1.00E-74 5.02E-38 5.21E-28 1.45E-20 6.48E-17 7.91E-15 3.32E-14 4.98E-14
 5.91E-14 6.71E-14 6.92E-14 6.26E-14 5.14E-14 4.44E-14
 1.00E-74 5.02E-38 5.21E-28 1.45E-20 6.48E-17 7.91E-15 3.32E-14 4.98E-14
 5.91E-14 6.71E-14 6.92E-14 6.26E-14 5.14E-14 4.44E-14
  25.7729    7  14 /pl=01:ss=53:pb= 1:sz=53/type=excit/ispb = t/isel =   45
 1.00E+10 1.00E+11 1.00E+12 1.00E+13 1.00E+14 1.00E+15 1.00E+16
 5.03E+01 7.54E+01 1.26E+02 2.51E+02 5.03E+02 1.26E+03 2.51E+03 3.77E+03
 5.03E+03 7.54E+03 1.26E+04 2.51E+04 5.03E+04 7.54E+04
 1.00E-74 4.83E-35 2.29E-26 6.82E-20 1.10E-16 7.71E-15 2.71E-14 3.86E-14
 4.44E-14 4.94E-14 5.07E-14 4.72E-14 4.13E-14 3.74E-14
 1.00E-74 4.83E-35 2.29E-26 6.82E-20 1.10E-16 7.71E-15 2.71E-14 3.86E-14
 4.44E-14 4.94E-14 5.07E-14 4.72E-14 4.13E-14 3.74E-14
 1.00E-74 4.83E-35 2.29E-26 6.82E-20 1.10E-16 7.71E-15 2.71E-14 3.86E-14
 4.44E-14 4.94E-14 5.07E-14 4.72E-14 4.13E-14 3.74E-14
 5.83E-46 4.83E-35 2.29E-26 6.82E-20 1.10E-16 7.71E-15 2.71E-14 3.86E-14
 4.44E-14 4.94E-14 5.07E-14 4.72E-14 4.13E-14 3.74E-14
 6.41E-46 4.83E-35 2.29E-26 6.82E-20 1.10E-16 7.71E-15 2.71E-14 3.86E-14
 4.44E-14 4.94E-14 5.07E-14 4.72E-14 4.13E-14 3.74E-14
 6.38E-46 4.83E-35 2.29E-26 6.82E-20 1.10E-16 7.71E-15 2.71E-14 3.86E-14
 4.44E-14 4.94E-14 5.07E-14 4.72E-14 4.13E-14 3.74E-14
 6.37E-46 4.83E-35 2.29E-26 6.82E-20 1.10E-16 7.71E-15 2.71E-14 3.86E-14
 4.44E-14 4.94E-14 5.07E-14 4.72E-14 4.13E-14 3.74E-14
  27.4366    7  14 /pl=01:ss=53:pb= 1:sz=53/type=excit/ispb = t/isel =   46
 1.00E+10 1.00E+11 1.00E+12 1.00E+13 1.00E+14 1.00E+15 1.00E+16
 5.03E+01 7.54E+01 1.26E+02 2.51E+02 5.03E+02 1.26E+03 2.51E+03 3.77E+03
 5.03E+03 7.54E+03 1.26E+04 2.51E+04 5.03E+04 7.54E+04
 3.77E-13 6.19E-12 5.32E-11 2.33E-10 4.26E-10 5.32E-10 5.29E-10 5.06E-10
 4.83E-10 4.45E-10 3.93E-10 3.22E-10 2.58E-10 2.24E-10
 3.77E-13 6.19E-12 5.32E-11 2.33E-10 4.26E-10 5.32E-10 5.29E-10 5.06E-10
 4.83E-10 4.45E-10 3.93E-10 3.22E-10 2.58E-10 2.24E-10
 3.77E-13 6.19E-12 5.32E-11 2.33E-10 4.26E-10 5.32E-10 5.29E-10 5.06E-10
 4.83E-10 4.45E-10 3.93E-10 3.22E-10 2.58E-10 2.24E-10
 3.77E-13 6.19E-12 5.32E-11 2.33E-10 4.26E-10 5.32E-10 5.29E-10 5.06E-10
 4.83E-10 4.45E-10 3.93E-10 3.22E-10 2.58E-10 2.24E-10
 3.77E-13 6.19E-12 5.32E-11 2.33E-10 4.26E-10 5.32E-10 5.29E-10 5.06E-10
 4.83E-10 4.45E-10 3.93E-10 3.22E-10 2.58E-10 2.24E-10
 3.77E-13 6.19E-12 5.32E-11 2.33E-10 4.26E-10 5.32E-10 5.29E-10 5.06E-10
 4.83E-10 4.45E-10 3.93E-10 3.22E-10 2.58E-10 2.24E-10
 3.77E-13 6.19E-12 5.32E-11 2.33E-10 4.26E-10 5.32E-10 5.29E-10 5.06E-10
 4.83E-10 4.45E-10 3.93E-10 3.22E-10 2.58E-10 2.24E-10
  36.8849    7  14 /pl=01:ss=53:pb= 1:sz=53/type=excit/ispb = t/isel =   47
 1.00E+10 1.00E+11 1.00E+12 1.00E+13 1.00E+14 1.00E+15 1.00E+16
 5.03E+01 7.54E+01 1.26E+02 2.51E+02 5.03E+02 1.26E+03 2.51E+03 3.77E+03
 5.03E+03 7.54E+03 1.26E+04 2.51E+04 5.03E+04 7.54E+04
 1.00E-74 9.34E-37 3.32E-27 4.17E-20 1.26E-16 1.22E-14 4.79E-14 7.12E-14
 8.48E-14 9.77E-14 1.05E-13 1.03E-13 9.31E-14 8.60E-14
 1.00E-74 9.34E-37 3.32E-27 4.17E-20 1.26E-16 1.22E-14 4.79E-14 7.12E-14
 8.48E-14 9.77E-14 1.05E-13 1.03E-13 9.31E-14 8.60E-14
 1.00E-74 9.34E-37 3.32E-27 4.17E-20 1.26E-16 1.22E-14 4.79E-14 7.12E-14
 8.48E-14 9.77E-14 1.05E-13 1.03E-13 9.31E-14 8.60E-14
 1.00E-74 9.34E-37 3.32E-27 4.17E-20 1.26E-16 1.22E-14 4.79E-14 7.12E-14
 8.48E-14 9.77E-14 1.05E-13 1.03E-13 9.31E-14 8.60E-14
 1.00E-74 9.34E-37 3.32E-27 4.17E-20 1.26E-16 1.22E-14 4.79E-14 7.12E-14
 8.48E-14 9.77E-14 1.05E-13 1.03E-13 9.31E-14 8.60E-14
 1.00E-74 9.34E-37 3.32E-27 4.17E-20 1.26E-16 1.22E-14 4.79E-14 7.12E-14
 8.48E-14 9.77E-14 1.05E-13 1.03E-13 9.31E-14 8.60E-14
 1.05E-48 9.34E-37 3.32E-27 4.17E-20 1.26E-16 1.22E-14 4.79E-14 7.12E-14
 8.48E-14 9.77E-14 1.05E-13 1.03E-13 9.31E-14 8.60E-14
  39.5768    7  14 /pl=01:ss=53:pb= 1:sz=53/type=excit/ispb = t/isel =   48
 1.00E+10 1.00E+11 1.00E+12 1.00E+13 1.00E+14 1.00E+15 1.00E+16
 5.03E+01 7.54E+01 1.26E+02 2.51E+02 5.03E+02 1.26E+03 2.51E+03 3.77E+03
 5.03E+03 7.54E+03 1.26E+04 2.51E+04 5.03E+04 7.54E+04
 1.00E-74 1.03E-36 3.87E-27 5.09E-20 1.55E-16 1.51E-14 5.88E-14 8.61E-14
 1.01E-13 1.14E-13 1.16E-13 1.05E-13 8.59E-14 7.45E-14
 1.00E-74 1.03E-36 3.87E-27 5.09E-20 1.55E-16 1.51E-14 5.88E-14 8.61E-14
 1.01E-13 1.14E-13 1.16E-13 1.05E-13 8.59E-14 7.45E-14
 1.00E-74 1.03E-36 3.87E-27 5.09E-20 1.55E-16 1.51E-14 5.88E-14 8.61E-14
 1.01E-13 1.14E-13 1.16E-13 1.05E-13 8.59E-14 7.45E-14
 1.00E-74 1.03E-36 3.87E-27 5.09E-20 1.55E-16 1.51E-14 5.88E-14 8.61E-14
 1.01E-13 1.14E-13 1.16E-13 1.05E-13 8.59E-14 7.45E-14
 1.00E-74 1.03E-36 3.87E-27 5.09E-20 1.55E-16 1.51E-14 5.88E-14 8.61E-14
 1.01E-13 1.14E-13 1.16E-13 1.05E-13 8.59E-14 7.45E-14
 1.00E-74 1.03E-36 3.87E-27 5.09E-20 1.55E-16 1.51E-14 5.88E-14 8.61E-14
 1.01E-13 1.14E-13 1.16E-13 1.05E-13 8.59E-14 7.45E-14
 8.69E-49 1.03E-36 3.87E-27 5.09E-20 1.55E-16 1.51E-14 5.88E-14 8.61E-14
 1.01E-13 1.14E-13 1.16E-13 1.05E-13 8.59E-14 7.45E-14
  68.5076    7  14 /pl=01:ss=53:pb= 1:sz=53/type=excit/ispb = t/isel =   49
 1.00E+10 1.00E+11 1.00E+12 1.00E+13 1.00E+14 1.00E+15 1.00E+16
 5.03E+01 7.54E+01 1.26E+02 2.51E+02 5.03E+02 1.26E+03 2.51E+03 3.77E+03
 5.03E+03 7.54E+03 1.26E+04 2.51E+04 5.03E+04 7.54E+04
 1.01E-30 4.14E-24 7.35E-19 5.51E-15 4.17E-13 4.91E-12 1.01E-11 1.21E-11
 1.29E-11 1.32E-11 1.26E-11 1.10E-11 9.04E-12 7.98E-12
 1.01E-30 4.14E-24 7.35E-19 5.51E-15 4.17E-13 4.91E-12 1.01E-11 1.21E-11
 1.29E-11 1.32E-11 1.26E-11 1.10E-11 9.04E-12 7.98E-12
 1.01E-30 4.14E-24 7.35E-19 5.51E-15 4.17E-13 4.91E-12 1.01E-11 1.21E-11
 1.29E-11 1.32E-11 1.26E-11 1.10E-11 9.04E-12 7.98E-12
 1.01E-30 4.14E-24 7.35E-19 5.51E-15 4.17E-13 4.91E-12 1.01E-11 1.21E-11
 1.29E-11 1.32E-11 1.26E-11 1.10E-11 9.04E-12 7.98E-12
 1.01E-30 4.14E-24 7.35E-19 5.51E-15 4.17E-13 4.91E-12 1.01E-11 1.21E-11
 1.29E-11 1.32E-11 1.26E-11 1.10E-11 9.04E-12 7.98E-12
 1.01E-30 4.14E-24 7.35E-19 5.51E-15 4.17E-13 4.91E-12 1.01E-11 1.21E-11
 1.29E-11 1.32E-11 1.26E-11 1.10E-11 9.04E-12 7.98E-12
 1.01E-30 4.14E-24 7.35E-19 5.51E-15 4.17E-13 4.91E-12 1.01E-11 1.21E-11
 1.29E-11 1.32E-11 1.26E-11 1.10E-11 9.04E-12 7.98E-12
  68.7604    7  14 /pl=01:ss=53:pb= 1:sz=53/type=excit/ispb = t/isel =   50
 1.00E+10 1.00E+11 1.00E+12 1.00E+13 1.00E+14 1.00E+15 1.00E+16
 5.03E+01 7.54E+01 1.26E+02 2.51E+02 5.03E+02 1.26E+03 2.51E+03 3.77E+03
 5.03E+03 7.54E+03 1.26E+04 2.51E+04 5.03E+04 7.54E+04
 5.26E-36 4.01E-28 7.43E-22 3.24E-17 6.06E-15 1.25E-13 3.23E-13 4.37E-13
 5.07E-13 5.88E-13 6.62E-13 7.10E-13 7.05E-13 6.82E-13
 5.26E-36 4.01E-28 7.43E-22 3.24E-17 6.06E-15 1.25E-13 3.23E-13 4.37E-13
 5.07E-13 5.88E-13 6.62E-13 7.10E-13 7.05E-13 6.82E-13
 5.26E-36 4.01E-28 7.43E-22 3.24E-17 6.06E-15 1.25E-13 3.23E-13 4.37E-13
 5.07E-13 5.88E-13 6.62E-13 7.10E-13 7.05E-13 6.82E-13
 5.26E-36 4.01E-28 7.43E-22 3.24E-17 6.06E-15 1.25E-13 3.23E-13 4.37E-13
 5.07E-13 5.88E-13 6.62E-13 7.10E-13 7.05E-13 6.82E-13
 5.26E-36 4.01E-28 7.43E-22 3.24E-17 6.06E-15 1.25E-13 3.23E-13 4.37E-13
 5.07E-13 5.88E-13 6.62E-13 7.10E-13 7.05E-13 6.82E-13
 5.26E-36 4.01E-28 7.43E-22 3.24E-17 6.06E-15 1.25E-13 3.23E-13 4.37E-13
 5.07E-13 5.88E-13 6.62E-13 7.10E-13 7.05E-13 6.82E-13
 5.26E-36 4.01E-28 7.43E-22 3.24E-17 6.06E-15 1.25E-13 3.23E-13 4.37E-13
 5.07E-13 5.88E-13 6.62E-13 7.10E-13 7.05E-13 6.82E-13
c-------------------------------------------------------------------------------
 
C  root partition information
C  ==========================
C
C  nuclear charge : 74
C  ion charge+1   : 54
C
C  population calculation information
C  ----------------------------------
C
C  population processing code: adas810
C
C  adf04 source file    : adf04_copmm#74_ca_40#w53_t3.dat
C  adf18/a17_p208 file  : NULL
C
C  meta. ion. coeff. selector  : 
 
C  options  : lnorm =T  lpsel =F  lzsel =T  liosel=F
C           : lhsel =F  lrsel =F  lisel =F  lnsel =F
 
C  energy levels
C  -------------
C
C   lv      configuration    (2S+1)L(w-1/2)      energy (cm^-1)
C  ---   ------------------- --------------      --------------
c    1   36                    (0)0(  59.5)             0.0
c    2   24555546              (0)0( 629.5)       3644769.5
c    3   26518                 (0)0( 134.5)      17299705.9
c    4   26519                 (0)0( 224.5)      18759398.0
c    5   2651A                 (0)0( 314.5)      19844732.5
c    6   24555536518           (0)0(2159.5)      20862216.3
c    7   24555536519           (0)0(3599.5)      22316542.3
c    8   2455553651A           (0)0(5039.5)      23398551.7
c    9   2651C                 (0)0( 134.5)      26113890.4
c   10   2651D                 (0)0( 224.5)      26820631.3
c   11   2651E                 (0)0( 314.5)      27323590.1
c   12   2651F                 (0)0( 404.5)      27599206.2
c   13   2455553651C           (0)0(2159.5)      29664571.2
c   14   2455553651D           (0)0(3599.5)      30370324.4
c   15   2651H                 (0)0( 134.5)      30700677.5
c   16   2455553651E           (0)0(5039.5)      30871944.4
c   17   2651I                 (0)0( 224.5)      31096785.1
c   18   2651J                 (0)0( 314.5)      31374980.0
c   19   2651K                 (0)0( 404.5)      31527767.2
c   20   2651N                 (0)0( 134.5)      33393125.0
c   21   2651O                 (0)0( 224.5)      33637367.3
c   22   2651P                 (0)0( 314.5)      33807920.9
c   23   2651Q                 (0)0( 404.5)      33901713.3
c   24   2651U                 (0)0( 134.5)      35108340.4
c   25   2651V                 (0)0( 224.5)      35269533.4
c   26   2651W                 (0)0( 314.5)      35381805.6
c   27   2651X                 (0)0( 404.5)      35443642.6
 
 
 
c-------------------------------------------------------------------------------
 
C  superstage partition information
C  ================================
C
C  element symbol   : W
C  parent template  : 
C  partition level  :  1
C  superstage label : 53
C
C  tabulation       : photon emissivity coefft (te,ne)
C  units            : ph. emis coef(cm^3 s^-1); te (ev); ne (cm^-3)
C
C  photon emissivity atomic transitions
C  ------------------------------------
C  
C   isel  wvlen(A)            transition                type  ispb nspb
C                                                             ispp nspp sz    tg pr wr
C  ----- ---------- ----------------------------------- ----- ---- ---- --    -- -- --
C      1   2.82631   26(0)0( 314.5)-  1(0)0(  59.5)     excit   1    1  53    18 27  1
C      2   2.95789   22(0)0( 314.5)-  1(0)0(  59.5)     excit   1    1  53    14 21  2
C      3   3.18725   18(0)0( 314.5)-  1(0)0(  59.5)     excit   1    1  53    10 15  3
C      4   3.29269   14(0)0(3599.5)-  1(0)0(  59.5)     excit   1    1  53    25 14  4
C      5   3.65984   11(0)0( 314.5)-  1(0)0(  59.5)     excit   1    1  53     6  8  5
C      6   3.67280   16(0)0(5039.5)-  2(0)0( 629.5)     excit   1    1  53   183 11  6
C      7   3.82938    9(0)0( 134.5)-  1(0)0(  59.5)     excit   1    1  53     4 32  7
C      8   3.84323   13(0)0(2159.5)-  2(0)0( 629.5)     excit   1    1  53   181 19  8
C      9   4.48098    7(0)0(3599.5)-  1(0)0(  59.5)     excit   1    1  53    22  4  9
C     10   4.79335    6(0)0(2159.5)-  1(0)0(  59.5)     excit   1    1  53    21 47 10
C     11   5.03912    5(0)0( 314.5)-  1(0)0(  59.5)     excit   1    1  53     3  2 11
C     12   5.06232    8(0)0(5039.5)-  2(0)0( 629.5)     excit   1    1  53   180  3 12
C     13   5.33066    4(0)0( 224.5)-  1(0)0(  59.5)     excit   1    1  53     2 17 13
C     14   5.35568    7(0)0(3599.5)-  2(0)0( 629.5)     excit   1    1  53   179 46 14
C     15   5.56488   25(0)0( 224.5)-  3(0)0( 134.5)     excit   1    1  53    39 44 15
C     16   5.78045    3(0)0( 134.5)-  1(0)0(  59.5)     excit   1    1  53     1  6 16
C     17   5.80806    6(0)0(2159.5)-  2(0)0( 629.5)     excit   1    1  53   178  5 17
C     18   6.01598   26(0)0( 314.5)-  4(0)0( 224.5)     excit   1    1  53    56 33 18
C     19   6.12083   21(0)0( 224.5)-  3(0)0( 134.5)     excit   1    1  53    36 38 19
C     20   6.41070   27(0)0( 404.5)-  5(0)0( 314.5)     excit   1    1  53    73 39 20
C     21   6.64517   22(0)0( 314.5)-  4(0)0( 224.5)     excit   1    1  53    52 25 21
C     22   7.11390   23(0)0( 404.5)-  5(0)0( 314.5)     excit   1    1  53    69 31 22
C     23   7.24791   17(0)0( 224.5)-  3(0)0( 134.5)     excit   1    1  53    33 24 23
C     24   7.92671   18(0)0( 314.5)-  4(0)0( 224.5)     excit   1    1  53    48 20 24
C     25   8.55942   19(0)0( 404.5)-  5(0)0( 314.5)     excit   1    1  53    65 23 25
C     26   10.5032   10(0)0( 224.5)-  3(0)0( 134.5)     excit   1    1  53    30 12 26
C     27   10.5173   14(0)0(3599.5)-  6(0)0(2159.5)     excit   1    1  53   187  9 27
C     28   11.6765   11(0)0( 314.5)-  4(0)0( 224.5)     excit   1    1  53    44 10 28
C     29   11.6806   26(0)0( 314.5)- 10(0)0( 224.5)     excit   1    1  53    97 40 29
C     30   11.6885   16(0)0(5039.5)-  7(0)0(3599.5)     excit   1    1  53   192 18 30
C     31   12.3152   27(0)0( 404.5)- 11(0)0( 314.5)     excit   1    1  53   111 42 31
C     32   12.8958   12(0)0( 404.5)-  5(0)0( 314.5)     excit   1    1  53    61 16 32
C     33   13.2917   21(0)0( 224.5)-  9(0)0( 134.5)     excit   1    1  53    80 45 33
C     34   13.5971    9(0)0( 134.5)-  4(0)0( 224.5)     excit   1    1  53    42 30 34
C     35   13.6091   13(0)0(2159.5)-  7(0)0(3599.5)     excit   1    1  53   190 13 35
C     36   14.3117   22(0)0( 314.5)- 10(0)0( 224.5)     excit   1    1  53    93 34 36
C     37   14.3351   10(0)0( 224.5)-  5(0)0( 314.5)     excit   1    1  53    59 35 37
C     38   14.3436   14(0)0(3599.5)-  8(0)0(5039.5)     excit   1    1  53   194 29 38
C     39   15.2019   23(0)0( 404.5)- 11(0)0( 314.5)     excit   1    1  53   107 36 39
C     40   20.0687   17(0)0( 224.5)-  9(0)0( 134.5)     excit   1    1  53    77 37 40
C     41   21.9570   18(0)0( 314.5)- 10(0)0( 224.5)     excit   1    1  53    89 26 41
C     42   23.3371   26(0)0( 314.5)- 17(0)0( 224.5)     excit   1    1  53   137 49 42
C     43   23.7859   19(0)0( 404.5)- 11(0)0( 314.5)     excit   1    1  53   103 28 43
C     44   24.5781   27(0)0( 404.5)- 18(0)0( 314.5)     excit   1    1  53   147 48 44
C     45   25.7729   15(0)0( 134.5)- 10(0)0( 224.5)     excit   1    1  53    87 50 45
C     46   27.4366    2(0)0( 629.5)-  1(0)0(  59.5)     excit   1    1  53    20  1 46
C     47   36.8849   22(0)0( 314.5)- 17(0)0( 224.5)     excit   1    1  53   133 43 47
C     48   39.5768   23(0)0( 404.5)- 18(0)0( 314.5)     excit   1    1  53   143 41 48
C     49   68.5076    4(0)0( 224.5)-  3(0)0( 134.5)     excit   1    1  53    27  7 49
C     50   68.7604    7(0)0(3599.5)-  6(0)0(2159.5)     excit   1    1  53   184 22 50
c-------------------------------------------------------------------------------
                                                                                
C  code     : adas810
C  producer : Adam Foster
C  date     : 18/05/09
                                                                                
c-------------------------------------------------------------------------------

C-----------------------------------------------------------------------
C                               OPEN-ADAS
C                               +++++++++
C
C This file has been downloaded from OPEN-ADAS (http://open.adas.ac.uk)
C on 26-Mar-2025.
C
C TERMS AND CONDITIONS
C --------------------
C
C The user of the OPEN-ADAS system and data (hereinafter "the User")
C accepts the following terms and conditions:
C
C   1. The University of Strathclyde uses all reasonable endeavours to
C      ensure the accuracy of the data provided and any information
C      given, but the University makes no warranty, expressed or implied
C      as to its accuracy, integrity, fitness for purpose and shall not
C      be responsible for the use to which the data is put by the User
C      and/or any consequences arising out of any inaccuracies or
C      omissions.
C
C   2. Any downloaded OPEN-ADAS file is made available for the
C      personal use of the User only.  It must not be used for any
C      commercial application, incorporated into any web site or in
C      any form re-distributed without express prior written permission
C      from the ADAS Project. In particular, but not by way of
C      limitation, it must not be:
C        *  inserted into a managed database structure,
C        *  redistributed along with a modelling or analysis code,
C        *  made available on a public website.
C
C Permission for OPEN-ADAS data incorporation in non-commercial
C code/system development for scientific advance will not be
C unreasonably withheld, but will be subject to written agreement
C on a case by case basis.
C
C The User will indemnify the University of Strathclyde and keep it
C fully and effectively indemnified against each and every claim made
C against the University as a result of the User's use of the data.
C
C-----------------------------------------------------------------------
