   50    /W :45 photon emissivity coefficients/
--------------------------------------------------------------------------------
    1    1    1    1    1    1    1    1    1    1    1    1    1    1
    1    1    1    1    1    1    1    1    1    1    1    1    1    1
    1    1    1    1    1    1    1    1    1    1    1    1    1    1
    1    1    1    1    1    1    1    1    1    1    1    1    1    1
    1    1    1    1    1    1    1    1    1    1    1    1    1    1
    1    1    1    1    1
--------------------------------------------------------------------------------
//#01/p00/ 00/p01/ 01/p02/ 02/p03/ 03/p04/ 04/p05/ 05/p06/ 06/p07/ 07/p08/ 08/  
      p09/ 09/p10/ 10/p11/ 11/p12/ 12/p13/ 13/p14/ 14/p15/ 15/p16/ 16/p17/ 17/  
      p18/ 18/p19/ 19/p20/ 20/p21/ 21/p22/ 22/p23/ 23/p24/ 24/p25/ 25/p26/ 26/  
      p27/ 27/p28/ 28/p29/ 29/p30/ 30/p31/ 31/p32/ 32/p33/ 33/p34/ 34/p35/ 35/  
      p36/ 36/p37/ 37/p38/ 38/p39/ 39/p40/ 40/p41/ 41/p42/ 42/p43/ 43/p44/ 44/  
      p45/ 45/p46/ 46/p47/ 47/p48/ 48/p49/ 49/p50/ 50/p51/ 51/p52/ 52/p53/ 53/  
      p54/ 54/p55/ 55/p56/ 56/p57/ 57/p58/ 58/p59/ 59/p60/ 60/p61/ 61/p62/ 62/  
      p63/ 63/p64/ 64/p65/ 65/p66/ 66/p67/ 67/p68/ 68/p69/ 69/p70/ 70/p71/ 71/  
      p72/ 72/p73/ 73/p74/ 74/                                                  
--------------------------------------------------------------------------------
  3.81453    7  14 /pl=01:ss=45:pb= 1:sz=45/type=excit/ispb = t/isel =    1
 1.00E+10 1.00E+11 1.00E+12 1.00E+13 1.00E+14 1.00E+15 1.00E+16
 3.65E+01 5.47E+01 9.12E+01 1.82E+02 3.65E+02 9.12E+02 1.82E+03 2.73E+03
 3.65E+03 5.47E+03 9.12E+03 1.82E+04 3.65E+04 5.47E+04
 1.00E-74 3.16E-37 5.16E-27 2.03E-19 1.08E-15 1.51E-13 6.87E-13 1.11E-12
 1.40E-12 1.76E-12 2.11E-12 2.41E-12 2.51E-12 2.48E-12
 1.00E-74 3.16E-37 5.16E-27 2.03E-19 1.08E-15 1.51E-13 6.87E-13 1.11E-12
 1.40E-12 1.76E-12 2.11E-12 2.41E-12 2.51E-12 2.48E-12
 1.00E-74 3.16E-37 5.16E-27 2.03E-19 1.08E-15 1.51E-13 6.87E-13 1.11E-12
 1.40E-12 1.76E-12 2.11E-12 2.41E-12 2.51E-12 2.48E-12
 1.00E-74 3.16E-37 5.16E-27 2.03E-19 1.08E-15 1.51E-13 6.87E-13 1.11E-12
 1.40E-12 1.76E-12 2.11E-12 2.41E-12 2.51E-12 2.48E-12
 1.00E-74 3.16E-37 5.16E-27 2.03E-19 1.08E-15 1.51E-13 6.87E-13 1.11E-12
 1.40E-12 1.76E-12 2.11E-12 2.41E-12 2.51E-12 2.48E-12
 1.00E-74 3.16E-37 5.16E-27 2.03E-19 1.08E-15 1.51E-13 6.87E-13 1.11E-12
 1.40E-12 1.76E-12 2.11E-12 2.41E-12 2.51E-12 2.48E-12
 1.00E-74 3.16E-37 5.16E-27 2.03E-19 1.08E-15 1.51E-13 6.86E-13 1.11E-12
 1.40E-12 1.76E-12 2.11E-12 2.41E-12 2.51E-12 2.48E-12
  4.02965    7  14 /pl=01:ss=45:pb= 1:sz=45/type=excit/ispb = t/isel =    2
 1.00E+10 1.00E+11 1.00E+12 1.00E+13 1.00E+14 1.00E+15 1.00E+16
 3.65E+01 5.47E+01 9.12E+01 1.82E+02 3.65E+02 9.12E+02 1.82E+03 2.73E+03
 3.65E+03 5.47E+03 9.12E+03 1.82E+04 3.65E+04 5.47E+04
 1.00E-74 7.19E-37 3.35E-27 5.13E-20 1.71E-16 1.78E-14 7.34E-14 1.13E-13
 1.38E-13 1.67E-13 1.93E-13 2.12E-13 2.15E-13 2.09E-13
 1.00E-74 7.19E-37 3.35E-27 5.13E-20 1.71E-16 1.78E-14 7.34E-14 1.13E-13
 1.38E-13 1.67E-13 1.93E-13 2.12E-13 2.15E-13 2.09E-13
 1.00E-74 7.19E-37 3.35E-27 5.13E-20 1.71E-16 1.78E-14 7.34E-14 1.13E-13
 1.38E-13 1.67E-13 1.93E-13 2.12E-13 2.15E-13 2.09E-13
 1.00E-74 7.19E-37 3.35E-27 5.13E-20 1.71E-16 1.78E-14 7.34E-14 1.13E-13
 1.38E-13 1.67E-13 1.93E-13 2.12E-13 2.15E-13 2.09E-13
 1.00E-74 7.19E-37 3.35E-27 5.13E-20 1.71E-16 1.78E-14 7.34E-14 1.13E-13
 1.38E-13 1.67E-13 1.93E-13 2.12E-13 2.15E-13 2.09E-13
 1.00E-74 7.19E-37 3.35E-27 5.13E-20 1.71E-16 1.78E-14 7.34E-14 1.13E-13
 1.38E-13 1.67E-13 1.93E-13 2.12E-13 2.15E-13 2.09E-13
 3.87E-49 7.19E-37 3.35E-27 5.13E-20 1.71E-16 1.78E-14 7.34E-14 1.13E-13
 1.38E-13 1.67E-13 1.93E-13 2.12E-13 2.15E-13 2.09E-13
  4.42219    7  14 /pl=01:ss=45:pb= 1:sz=45/type=excit/ispb = t/isel =    3
 1.00E+10 1.00E+11 1.00E+12 1.00E+13 1.00E+14 1.00E+15 1.00E+16
 3.65E+01 5.47E+01 9.12E+01 1.82E+02 3.65E+02 9.12E+02 1.82E+03 2.73E+03
 3.65E+03 5.47E+03 9.12E+03 1.82E+04 3.65E+04 5.47E+04
 1.00E-74 6.49E-33 4.03E-24 1.37E-17 2.15E-14 1.43E-12 5.03E-12 7.25E-12
 8.54E-12 9.82E-12 1.06E-11 1.07E-11 9.94E-12 9.33E-12
 6.19E-44 6.49E-33 4.03E-24 1.37E-17 2.15E-14 1.43E-12 5.03E-12 7.25E-12
 8.54E-12 9.82E-12 1.06E-11 1.07E-11 9.94E-12 9.33E-12
 6.19E-44 6.49E-33 4.03E-24 1.37E-17 2.15E-14 1.43E-12 5.03E-12 7.25E-12
 8.54E-12 9.82E-12 1.06E-11 1.07E-11 9.94E-12 9.33E-12
 5.88E-44 6.49E-33 4.03E-24 1.37E-17 2.15E-14 1.43E-12 5.03E-12 7.25E-12
 8.54E-12 9.82E-12 1.06E-11 1.07E-11 9.94E-12 9.33E-12
 5.90E-44 6.49E-33 4.03E-24 1.37E-17 2.15E-14 1.43E-12 5.03E-12 7.25E-12
 8.54E-12 9.82E-12 1.06E-11 1.07E-11 9.94E-12 9.33E-12
 5.90E-44 6.49E-33 4.03E-24 1.37E-17 2.15E-14 1.43E-12 5.03E-12 7.25E-12
 8.54E-12 9.82E-12 1.06E-11 1.07E-11 9.94E-12 9.33E-12
 5.90E-44 6.49E-33 4.03E-24 1.37E-17 2.15E-14 1.43E-12 5.03E-12 7.25E-12
 8.54E-12 9.82E-12 1.06E-11 1.07E-11 9.94E-12 9.33E-12
  4.70921    7  14 /pl=01:ss=45:pb= 1:sz=45/type=excit/ispb = t/isel =    4
 1.00E+10 1.00E+11 1.00E+12 1.00E+13 1.00E+14 1.00E+15 1.00E+16
 3.65E+01 5.47E+01 9.12E+01 1.82E+02 3.65E+02 9.12E+02 1.82E+03 2.73E+03
 3.65E+03 5.47E+03 9.12E+03 1.82E+04 3.65E+04 5.47E+04
 4.43E-44 1.54E-33 2.85E-25 4.30E-19 5.50E-16 3.80E-14 1.37E-13 1.98E-13
 2.30E-13 2.58E-13 2.68E-13 2.50E-13 2.18E-13 1.97E-13
 6.64E-44 1.54E-33 2.85E-25 4.30E-19 5.50E-16 3.80E-14 1.37E-13 1.98E-13
 2.30E-13 2.58E-13 2.68E-13 2.50E-13 2.18E-13 1.97E-13
 6.55E-44 1.54E-33 2.85E-25 4.30E-19 5.50E-16 3.80E-14 1.37E-13 1.98E-13
 2.30E-13 2.58E-13 2.68E-13 2.50E-13 2.18E-13 1.97E-13
 6.57E-44 1.54E-33 2.85E-25 4.30E-19 5.50E-16 3.80E-14 1.37E-13 1.98E-13
 2.30E-13 2.58E-13 2.68E-13 2.50E-13 2.18E-13 1.97E-13
 6.57E-44 1.54E-33 2.85E-25 4.30E-19 5.50E-16 3.80E-14 1.37E-13 1.98E-13
 2.30E-13 2.58E-13 2.68E-13 2.50E-13 2.18E-13 1.97E-13
 6.57E-44 1.54E-33 2.85E-25 4.30E-19 5.50E-16 3.80E-14 1.37E-13 1.98E-13
 2.30E-13 2.58E-13 2.68E-13 2.50E-13 2.18E-13 1.97E-13
 6.57E-44 1.54E-33 2.85E-25 4.30E-19 5.50E-16 3.80E-14 1.37E-13 1.98E-13
 2.30E-13 2.58E-13 2.68E-13 2.50E-13 2.18E-13 1.97E-13
  5.03604    7  14 /pl=01:ss=45:pb= 1:sz=45/type=excit/ispb = t/isel =    5
 1.00E+10 1.00E+11 1.00E+12 1.00E+13 1.00E+14 1.00E+15 1.00E+16
 3.65E+01 5.47E+01 9.12E+01 1.82E+02 3.65E+02 9.12E+02 1.82E+03 2.73E+03
 3.65E+03 5.47E+03 9.12E+03 1.82E+04 3.65E+04 5.47E+04
 8.16E-40 3.96E-30 2.04E-22 1.09E-16 7.28E-14 3.35E-12 1.12E-11 1.64E-11
 1.96E-11 2.34E-11 2.66E-11 2.88E-11 2.88E-11 2.78E-11
 8.16E-40 3.96E-30 2.04E-22 1.09E-16 7.28E-14 3.35E-12 1.12E-11 1.64E-11
 1.96E-11 2.34E-11 2.66E-11 2.88E-11 2.88E-11 2.78E-11
 8.16E-40 3.96E-30 2.04E-22 1.09E-16 7.28E-14 3.35E-12 1.12E-11 1.64E-11
 1.96E-11 2.34E-11 2.66E-11 2.88E-11 2.88E-11 2.78E-11
 8.16E-40 3.96E-30 2.04E-22 1.09E-16 7.28E-14 3.35E-12 1.12E-11 1.64E-11
 1.96E-11 2.34E-11 2.66E-11 2.88E-11 2.88E-11 2.78E-11
 8.16E-40 3.96E-30 2.04E-22 1.09E-16 7.28E-14 3.35E-12 1.12E-11 1.64E-11
 1.96E-11 2.34E-11 2.66E-11 2.88E-11 2.88E-11 2.78E-11
 8.16E-40 3.96E-30 2.04E-22 1.09E-16 7.28E-14 3.35E-12 1.12E-11 1.64E-11
 1.96E-11 2.34E-11 2.66E-11 2.88E-11 2.88E-11 2.78E-11
 8.16E-40 3.96E-30 2.04E-22 1.09E-16 7.28E-14 3.35E-12 1.12E-11 1.64E-11
 1.96E-11 2.33E-11 2.66E-11 2.88E-11 2.88E-11 2.78E-11
  5.87455    7  14 /pl=01:ss=45:pb= 1:sz=45/type=excit/ispb = t/isel =    6
 1.00E+10 1.00E+11 1.00E+12 1.00E+13 1.00E+14 1.00E+15 1.00E+16
 3.65E+01 5.47E+01 9.12E+01 1.82E+02 3.65E+02 9.12E+02 1.82E+03 2.73E+03
 3.65E+03 5.47E+03 9.12E+03 1.82E+04 3.65E+04 5.47E+04
 1.54E-34 3.01E-26 1.18E-19 8.94E-15 2.13E-12 4.75E-11 1.19E-10 1.56E-10
 1.76E-10 1.96E-10 2.08E-10 2.09E-10 1.96E-10 1.85E-10
 1.54E-34 3.01E-26 1.18E-19 8.94E-15 2.13E-12 4.75E-11 1.19E-10 1.56E-10
 1.76E-10 1.96E-10 2.08E-10 2.09E-10 1.96E-10 1.85E-10
 1.54E-34 3.01E-26 1.18E-19 8.94E-15 2.13E-12 4.75E-11 1.19E-10 1.56E-10
 1.76E-10 1.96E-10 2.08E-10 2.09E-10 1.96E-10 1.85E-10
 1.54E-34 3.01E-26 1.18E-19 8.94E-15 2.13E-12 4.75E-11 1.19E-10 1.56E-10
 1.76E-10 1.96E-10 2.08E-10 2.09E-10 1.96E-10 1.85E-10
 1.54E-34 3.01E-26 1.18E-19 8.94E-15 2.13E-12 4.75E-11 1.19E-10 1.56E-10
 1.76E-10 1.96E-10 2.08E-10 2.09E-10 1.96E-10 1.85E-10
 1.54E-34 3.01E-26 1.18E-19 8.94E-15 2.13E-12 4.75E-11 1.19E-10 1.56E-10
 1.76E-10 1.96E-10 2.08E-10 2.09E-10 1.96E-10 1.85E-10
 1.54E-34 3.01E-26 1.18E-19 8.94E-15 2.13E-12 4.75E-11 1.19E-10 1.56E-10
 1.76E-10 1.96E-10 2.08E-10 2.09E-10 1.96E-10 1.85E-10
  5.89245    7  14 /pl=01:ss=45:pb= 1:sz=45/type=excit/ispb = t/isel =    7
 1.00E+10 1.00E+11 1.00E+12 1.00E+13 1.00E+14 1.00E+15 1.00E+16
 3.65E+01 5.47E+01 9.12E+01 1.82E+02 3.65E+02 9.12E+02 1.82E+03 2.73E+03
 3.65E+03 5.47E+03 9.12E+03 1.82E+04 3.65E+04 5.47E+04
 2.26E-36 4.23E-28 1.67E-21 1.36E-16 3.53E-14 8.98E-13 2.46E-12 3.35E-12
 3.86E-12 4.40E-12 4.80E-12 4.94E-12 4.76E-12 4.54E-12
 2.26E-36 4.23E-28 1.67E-21 1.36E-16 3.53E-14 8.98E-13 2.46E-12 3.35E-12
 3.86E-12 4.40E-12 4.80E-12 4.94E-12 4.76E-12 4.54E-12
 2.26E-36 4.23E-28 1.67E-21 1.36E-16 3.53E-14 8.98E-13 2.46E-12 3.35E-12
 3.86E-12 4.40E-12 4.80E-12 4.94E-12 4.76E-12 4.54E-12
 2.26E-36 4.23E-28 1.67E-21 1.36E-16 3.53E-14 8.98E-13 2.46E-12 3.35E-12
 3.86E-12 4.40E-12 4.80E-12 4.94E-12 4.76E-12 4.54E-12
 2.26E-36 4.23E-28 1.67E-21 1.36E-16 3.53E-14 8.98E-13 2.46E-12 3.35E-12
 3.86E-12 4.40E-12 4.80E-12 4.94E-12 4.76E-12 4.54E-12
 2.26E-36 4.23E-28 1.67E-21 1.36E-16 3.53E-14 8.98E-13 2.46E-12 3.35E-12
 3.86E-12 4.40E-12 4.80E-12 4.94E-12 4.76E-12 4.54E-12
 2.26E-36 4.23E-28 1.67E-21 1.36E-16 3.53E-14 8.98E-13 2.46E-12 3.35E-12
 3.86E-12 4.39E-12 4.80E-12 4.94E-12 4.76E-12 4.54E-12
  5.90476    7  14 /pl=01:ss=45:pb= 1:sz=45/type=excit/ispb = t/isel =    8
 1.00E+10 1.00E+11 1.00E+12 1.00E+13 1.00E+14 1.00E+15 1.00E+16
 3.65E+01 5.47E+01 9.12E+01 1.82E+02 3.65E+02 9.12E+02 1.82E+03 2.73E+03
 3.65E+03 5.47E+03 9.12E+03 1.82E+04 3.65E+04 5.47E+04
 1.46E-41 3.35E-31 6.06E-23 8.09E-17 7.91E-14 3.89E-12 1.20E-11 1.62E-11
 1.83E-11 1.96E-11 1.93E-11 1.67E-11 1.33E-11 1.15E-11
 1.43E-41 3.35E-31 6.06E-23 8.09E-17 7.91E-14 3.89E-12 1.20E-11 1.62E-11
 1.83E-11 1.96E-11 1.93E-11 1.67E-11 1.33E-11 1.15E-11
 1.43E-41 3.35E-31 6.06E-23 8.09E-17 7.91E-14 3.89E-12 1.20E-11 1.62E-11
 1.83E-11 1.96E-11 1.93E-11 1.67E-11 1.33E-11 1.15E-11
 1.43E-41 3.35E-31 6.06E-23 8.09E-17 7.91E-14 3.89E-12 1.20E-11 1.62E-11
 1.83E-11 1.96E-11 1.93E-11 1.67E-11 1.33E-11 1.15E-11
 1.43E-41 3.35E-31 6.06E-23 8.09E-17 7.91E-14 3.89E-12 1.20E-11 1.62E-11
 1.83E-11 1.96E-11 1.93E-11 1.67E-11 1.33E-11 1.15E-11
 1.43E-41 3.35E-31 6.06E-23 8.09E-17 7.91E-14 3.89E-12 1.20E-11 1.62E-11
 1.83E-11 1.96E-11 1.93E-11 1.67E-11 1.33E-11 1.15E-11
 1.43E-41 3.35E-31 6.05E-23 8.09E-17 7.91E-14 3.89E-12 1.20E-11 1.62E-11
 1.83E-11 1.96E-11 1.93E-11 1.67E-11 1.33E-11 1.15E-11
  6.40038    7  14 /pl=01:ss=45:pb= 1:sz=45/type=excit/ispb = t/isel =    9
 1.00E+10 1.00E+11 1.00E+12 1.00E+13 1.00E+14 1.00E+15 1.00E+16
 3.65E+01 5.47E+01 9.12E+01 1.82E+02 3.65E+02 9.12E+02 1.82E+03 2.73E+03
 3.65E+03 5.47E+03 9.12E+03 1.82E+04 3.65E+04 5.47E+04
 2.62E-35 1.05E-27 1.17E-21 3.48E-17 5.40E-15 1.02E-13 2.46E-13 3.12E-13
 3.42E-13 3.63E-13 3.59E-13 3.26E-13 2.79E-13 2.52E-13
 2.62E-35 1.05E-27 1.17E-21 3.48E-17 5.40E-15 1.02E-13 2.46E-13 3.12E-13
 3.42E-13 3.63E-13 3.59E-13 3.26E-13 2.79E-13 2.52E-13
 2.62E-35 1.05E-27 1.17E-21 3.48E-17 5.40E-15 1.02E-13 2.46E-13 3.12E-13
 3.42E-13 3.63E-13 3.59E-13 3.26E-13 2.79E-13 2.52E-13
 2.62E-35 1.05E-27 1.17E-21 3.48E-17 5.40E-15 1.02E-13 2.46E-13 3.12E-13
 3.42E-13 3.63E-13 3.59E-13 3.26E-13 2.79E-13 2.52E-13
 2.62E-35 1.05E-27 1.17E-21 3.48E-17 5.40E-15 1.02E-13 2.46E-13 3.12E-13
 3.42E-13 3.63E-13 3.59E-13 3.26E-13 2.79E-13 2.52E-13
 2.62E-35 1.05E-27 1.17E-21 3.48E-17 5.40E-15 1.02E-13 2.46E-13 3.12E-13
 3.42E-13 3.63E-13 3.59E-13 3.26E-13 2.79E-13 2.52E-13
 2.62E-35 1.05E-27 1.17E-21 3.48E-17 5.40E-15 1.02E-13 2.46E-13 3.11E-13
 3.42E-13 3.63E-13 3.59E-13 3.26E-13 2.79E-13 2.52E-13
  7.13334    7  14 /pl=01:ss=45:pb= 1:sz=45/type=excit/ispb = t/isel =   10
 1.00E+10 1.00E+11 1.00E+12 1.00E+13 1.00E+14 1.00E+15 1.00E+16
 3.65E+01 5.47E+01 9.12E+01 1.82E+02 3.65E+02 9.12E+02 1.82E+03 2.73E+03
 3.65E+03 5.47E+03 9.12E+03 1.82E+04 3.65E+04 5.47E+04
 1.59E-31 1.21E-24 5.02E-19 1.04E-14 1.58E-12 3.12E-11 7.69E-11 9.83E-11
 1.08E-10 1.16E-10 1.15E-10 1.05E-10 9.04E-11 8.16E-11
 1.59E-31 1.21E-24 5.02E-19 1.04E-14 1.58E-12 3.12E-11 7.69E-11 9.83E-11
 1.08E-10 1.16E-10 1.15E-10 1.05E-10 9.04E-11 8.16E-11
 1.59E-31 1.21E-24 5.02E-19 1.04E-14 1.58E-12 3.12E-11 7.69E-11 9.83E-11
 1.08E-10 1.16E-10 1.15E-10 1.05E-10 9.04E-11 8.16E-11
 1.59E-31 1.21E-24 5.02E-19 1.04E-14 1.58E-12 3.12E-11 7.69E-11 9.83E-11
 1.08E-10 1.16E-10 1.15E-10 1.05E-10 9.04E-11 8.16E-11
 1.59E-31 1.21E-24 5.02E-19 1.04E-14 1.58E-12 3.12E-11 7.69E-11 9.83E-11
 1.08E-10 1.16E-10 1.15E-10 1.05E-10 9.04E-11 8.16E-11
 1.59E-31 1.21E-24 5.02E-19 1.04E-14 1.58E-12 3.12E-11 7.68E-11 9.83E-11
 1.08E-10 1.16E-10 1.15E-10 1.05E-10 9.04E-11 8.16E-11
 1.59E-31 1.21E-24 5.02E-19 1.04E-14 1.58E-12 3.12E-11 7.68E-11 9.83E-11
 1.08E-10 1.15E-10 1.15E-10 1.05E-10 9.04E-11 8.16E-11
  7.66193    7  14 /pl=01:ss=45:pb= 1:sz=45/type=excit/ispb = t/isel =   11
 1.00E+10 1.00E+11 1.00E+12 1.00E+13 1.00E+14 1.00E+15 1.00E+16
 3.65E+01 5.47E+01 9.12E+01 1.82E+02 3.65E+02 9.12E+02 1.82E+03 2.73E+03
 3.65E+03 5.47E+03 9.12E+03 1.82E+04 3.65E+04 5.47E+04
 3.02E-33 2.98E-26 1.07E-20 1.36E-16 1.29E-14 1.60E-13 3.21E-13 3.81E-13
 4.03E-13 4.11E-13 3.86E-13 3.26E-13 2.58E-13 2.20E-13
 3.02E-33 2.98E-26 1.07E-20 1.36E-16 1.29E-14 1.60E-13 3.21E-13 3.81E-13
 4.03E-13 4.11E-13 3.86E-13 3.26E-13 2.58E-13 2.20E-13
 3.02E-33 2.98E-26 1.07E-20 1.36E-16 1.29E-14 1.60E-13 3.21E-13 3.81E-13
 4.03E-13 4.11E-13 3.86E-13 3.26E-13 2.58E-13 2.20E-13
 3.02E-33 2.98E-26 1.07E-20 1.36E-16 1.29E-14 1.60E-13 3.21E-13 3.81E-13
 4.03E-13 4.11E-13 3.86E-13 3.26E-13 2.58E-13 2.20E-13
 3.02E-33 2.98E-26 1.07E-20 1.36E-16 1.29E-14 1.60E-13 3.21E-13 3.81E-13
 4.03E-13 4.11E-13 3.86E-13 3.26E-13 2.58E-13 2.20E-13
 3.02E-33 2.98E-26 1.07E-20 1.36E-16 1.29E-14 1.60E-13 3.21E-13 3.81E-13
 4.03E-13 4.11E-13 3.86E-13 3.26E-13 2.58E-13 2.20E-13
 3.02E-33 2.98E-26 1.07E-20 1.36E-16 1.29E-14 1.60E-13 3.21E-13 3.81E-13
 4.03E-13 4.11E-13 3.86E-13 3.26E-13 2.58E-13 2.20E-13
  7.94923    7  14 /pl=01:ss=45:pb= 1:sz=45/type=excit/ispb = t/isel =   12
 1.00E+10 1.00E+11 1.00E+12 1.00E+13 1.00E+14 1.00E+15 1.00E+16
 3.65E+01 5.47E+01 9.12E+01 1.82E+02 3.65E+02 9.12E+02 1.82E+03 2.73E+03
 3.65E+03 5.47E+03 9.12E+03 1.82E+04 3.65E+04 5.47E+04
 1.37E-32 7.93E-26 1.85E-20 1.70E-16 1.37E-14 1.53E-13 2.90E-13 3.33E-13
 3.47E-13 3.42E-13 3.13E-13 2.57E-13 1.98E-13 1.67E-13
 1.37E-32 7.93E-26 1.85E-20 1.70E-16 1.37E-14 1.53E-13 2.90E-13 3.33E-13
 3.47E-13 3.42E-13 3.13E-13 2.57E-13 1.98E-13 1.67E-13
 1.37E-32 7.93E-26 1.85E-20 1.70E-16 1.37E-14 1.53E-13 2.90E-13 3.33E-13
 3.47E-13 3.42E-13 3.13E-13 2.57E-13 1.98E-13 1.67E-13
 1.37E-32 7.93E-26 1.85E-20 1.70E-16 1.37E-14 1.53E-13 2.90E-13 3.33E-13
 3.47E-13 3.42E-13 3.13E-13 2.57E-13 1.98E-13 1.67E-13
 1.37E-32 7.93E-26 1.85E-20 1.70E-16 1.37E-14 1.53E-13 2.90E-13 3.33E-13
 3.47E-13 3.42E-13 3.13E-13 2.57E-13 1.98E-13 1.67E-13
 1.37E-32 7.93E-26 1.85E-20 1.70E-16 1.37E-14 1.53E-13 2.90E-13 3.33E-13
 3.47E-13 3.42E-13 3.13E-13 2.57E-13 1.98E-13 1.67E-13
 1.37E-32 7.93E-26 1.85E-20 1.70E-16 1.37E-14 1.53E-13 2.90E-13 3.33E-13
 3.47E-13 3.42E-13 3.13E-13 2.57E-13 1.98E-13 1.67E-13
  8.29951    7  14 /pl=01:ss=45:pb= 1:sz=45/type=excit/ispb = t/isel =   13
 1.00E+10 1.00E+11 1.00E+12 1.00E+13 1.00E+14 1.00E+15 1.00E+16
 3.65E+01 5.47E+01 9.12E+01 1.82E+02 3.65E+02 9.12E+02 1.82E+03 2.73E+03
 3.65E+03 5.47E+03 9.12E+03 1.82E+04 3.65E+04 5.47E+04
 7.28E-30 5.09E-24 2.23E-19 6.07E-16 2.79E-14 2.32E-13 4.26E-13 5.10E-13
 5.56E-13 6.05E-13 6.44E-13 6.60E-13 6.39E-13 6.13E-13
 7.28E-30 5.09E-24 2.23E-19 6.07E-16 2.79E-14 2.32E-13 4.26E-13 5.10E-13
 5.56E-13 6.05E-13 6.44E-13 6.60E-13 6.39E-13 6.13E-13
 7.28E-30 5.09E-24 2.23E-19 6.07E-16 2.79E-14 2.32E-13 4.26E-13 5.10E-13
 5.56E-13 6.05E-13 6.44E-13 6.60E-13 6.39E-13 6.13E-13
 7.28E-30 5.09E-24 2.23E-19 6.07E-16 2.79E-14 2.32E-13 4.26E-13 5.10E-13
 5.56E-13 6.05E-13 6.44E-13 6.60E-13 6.39E-13 6.13E-13
 7.28E-30 5.09E-24 2.23E-19 6.07E-16 2.79E-14 2.32E-13 4.26E-13 5.10E-13
 5.56E-13 6.05E-13 6.44E-13 6.60E-13 6.39E-13 6.13E-13
 7.28E-30 5.09E-24 2.23E-19 6.07E-16 2.79E-14 2.32E-13 4.26E-13 5.10E-13
 5.56E-13 6.05E-13 6.44E-13 6.60E-13 6.39E-13 6.13E-13
 7.28E-30 5.09E-24 2.23E-19 6.07E-16 2.79E-14 2.32E-13 4.26E-13 5.10E-13
 5.56E-13 6.05E-13 6.44E-13 6.60E-13 6.39E-13 6.13E-13
  8.98589    7  14 /pl=01:ss=45:pb= 1:sz=45/type=excit/ispb = t/isel =   14
 1.00E+10 1.00E+11 1.00E+12 1.00E+13 1.00E+14 1.00E+15 1.00E+16
 3.65E+01 5.47E+01 9.12E+01 1.82E+02 3.65E+02 9.12E+02 1.82E+03 2.73E+03
 3.65E+03 5.47E+03 9.12E+03 1.82E+04 3.65E+04 5.47E+04
 4.79E-30 5.35E-24 3.38E-19 1.17E-15 5.90E-14 5.07E-13 9.09E-13 1.05E-12
 1.10E-12 1.10E-12 1.04E-12 8.90E-13 7.18E-13 6.22E-13
 4.79E-30 5.35E-24 3.38E-19 1.17E-15 5.90E-14 5.07E-13 9.09E-13 1.05E-12
 1.10E-12 1.10E-12 1.04E-12 8.90E-13 7.18E-13 6.22E-13
 4.79E-30 5.35E-24 3.38E-19 1.17E-15 5.90E-14 5.07E-13 9.09E-13 1.05E-12
 1.10E-12 1.10E-12 1.04E-12 8.90E-13 7.18E-13 6.22E-13
 4.79E-30 5.35E-24 3.38E-19 1.17E-15 5.90E-14 5.07E-13 9.09E-13 1.05E-12
 1.10E-12 1.10E-12 1.04E-12 8.90E-13 7.18E-13 6.22E-13
 4.79E-30 5.35E-24 3.38E-19 1.17E-15 5.90E-14 5.07E-13 9.09E-13 1.05E-12
 1.10E-12 1.10E-12 1.04E-12 8.90E-13 7.18E-13 6.22E-13
 4.79E-30 5.35E-24 3.38E-19 1.17E-15 5.90E-14 5.07E-13 9.09E-13 1.05E-12
 1.10E-12 1.10E-12 1.04E-12 8.90E-13 7.18E-13 6.22E-13
 4.79E-30 5.35E-24 3.38E-19 1.17E-15 5.90E-14 5.07E-13 9.09E-13 1.05E-12
 1.10E-12 1.10E-12 1.04E-12 8.90E-13 7.18E-13 6.22E-13
  9.65516    7  14 /pl=01:ss=45:pb= 1:sz=45/type=excit/ispb = t/isel =   15
 1.00E+10 1.00E+11 1.00E+12 1.00E+13 1.00E+14 1.00E+15 1.00E+16
 3.65E+01 5.47E+01 9.12E+01 1.82E+02 3.65E+02 9.12E+02 1.82E+03 2.73E+03
 3.65E+03 5.47E+03 9.12E+03 1.82E+04 3.65E+04 5.47E+04
 8.73E-29 4.07E-23 1.27E-18 2.58E-15 9.86E-14 7.04E-13 1.16E-12 1.28E-12
 1.30E-12 1.26E-12 1.14E-12 9.28E-13 7.18E-13 6.09E-13
 8.73E-29 4.07E-23 1.27E-18 2.58E-15 9.86E-14 7.04E-13 1.16E-12 1.28E-12
 1.30E-12 1.26E-12 1.14E-12 9.28E-13 7.18E-13 6.09E-13
 8.73E-29 4.07E-23 1.27E-18 2.58E-15 9.86E-14 7.04E-13 1.16E-12 1.28E-12
 1.30E-12 1.26E-12 1.14E-12 9.28E-13 7.18E-13 6.09E-13
 8.73E-29 4.07E-23 1.27E-18 2.58E-15 9.86E-14 7.04E-13 1.16E-12 1.28E-12
 1.30E-12 1.26E-12 1.14E-12 9.28E-13 7.18E-13 6.09E-13
 8.73E-29 4.07E-23 1.27E-18 2.58E-15 9.86E-14 7.04E-13 1.16E-12 1.28E-12
 1.30E-12 1.26E-12 1.14E-12 9.28E-13 7.18E-13 6.09E-13
 8.73E-29 4.07E-23 1.27E-18 2.58E-15 9.86E-14 7.04E-13 1.16E-12 1.28E-12
 1.30E-12 1.26E-12 1.14E-12 9.28E-13 7.18E-13 6.09E-13
 8.73E-29 4.07E-23 1.27E-18 2.58E-15 9.86E-14 7.04E-13 1.16E-12 1.28E-12
 1.30E-12 1.26E-12 1.14E-12 9.28E-13 7.18E-13 6.09E-13
  10.9522    7  14 /pl=01:ss=45:pb= 1:sz=45/type=excit/ispb = t/isel =   16
 1.00E+10 1.00E+11 1.00E+12 1.00E+13 1.00E+14 1.00E+15 1.00E+16
 3.65E+01 5.47E+01 9.12E+01 1.82E+02 3.65E+02 9.12E+02 1.82E+03 2.73E+03
 3.65E+03 5.47E+03 9.12E+03 1.82E+04 3.65E+04 5.47E+04
 5.16E-30 3.60E-24 1.58E-19 4.30E-16 1.98E-14 1.65E-13 3.02E-13 3.61E-13
 3.94E-13 4.29E-13 4.56E-13 4.68E-13 4.53E-13 4.34E-13
 5.16E-30 3.60E-24 1.58E-19 4.30E-16 1.98E-14 1.65E-13 3.02E-13 3.61E-13
 3.94E-13 4.29E-13 4.56E-13 4.68E-13 4.53E-13 4.34E-13
 5.16E-30 3.60E-24 1.58E-19 4.30E-16 1.98E-14 1.65E-13 3.02E-13 3.61E-13
 3.94E-13 4.29E-13 4.56E-13 4.68E-13 4.53E-13 4.34E-13
 5.16E-30 3.60E-24 1.58E-19 4.30E-16 1.98E-14 1.65E-13 3.02E-13 3.61E-13
 3.94E-13 4.29E-13 4.56E-13 4.68E-13 4.53E-13 4.34E-13
 5.16E-30 3.60E-24 1.58E-19 4.30E-16 1.98E-14 1.65E-13 3.02E-13 3.61E-13
 3.94E-13 4.29E-13 4.56E-13 4.68E-13 4.53E-13 4.34E-13
 5.16E-30 3.60E-24 1.58E-19 4.30E-16 1.98E-14 1.65E-13 3.02E-13 3.61E-13
 3.94E-13 4.29E-13 4.56E-13 4.68E-13 4.53E-13 4.34E-13
 5.16E-30 3.61E-24 1.58E-19 4.30E-16 1.98E-14 1.65E-13 3.02E-13 3.61E-13
 3.94E-13 4.29E-13 4.56E-13 4.68E-13 4.53E-13 4.34E-13
  11.7736    7  14 /pl=01:ss=45:pb= 1:sz=45/type=excit/ispb = t/isel =   17
 1.00E+10 1.00E+11 1.00E+12 1.00E+13 1.00E+14 1.00E+15 1.00E+16
 3.65E+01 5.47E+01 9.12E+01 1.82E+02 3.65E+02 9.12E+02 1.82E+03 2.73E+03
 3.65E+03 5.47E+03 9.12E+03 1.82E+04 3.65E+04 5.47E+04
 1.00E-74 1.07E-36 8.83E-27 2.07E-19 8.51E-16 9.80E-14 4.02E-13 5.94E-13
 6.99E-13 7.80E-13 7.92E-13 6.99E-13 5.66E-13 4.87E-13
 1.00E-74 1.07E-36 8.83E-27 2.07E-19 8.51E-16 9.80E-14 4.02E-13 5.94E-13
 6.99E-13 7.80E-13 7.92E-13 6.99E-13 5.66E-13 4.87E-13
 1.00E-74 1.07E-36 8.83E-27 2.07E-19 8.51E-16 9.80E-14 4.02E-13 5.94E-13
 6.99E-13 7.80E-13 7.92E-13 6.99E-13 5.66E-13 4.87E-13
 1.00E-74 1.07E-36 8.83E-27 2.07E-19 8.51E-16 9.80E-14 4.02E-13 5.94E-13
 6.99E-13 7.80E-13 7.92E-13 6.99E-13 5.66E-13 4.87E-13
 1.00E-74 1.07E-36 8.83E-27 2.07E-19 8.51E-16 9.80E-14 4.02E-13 5.94E-13
 6.99E-13 7.80E-13 7.92E-13 6.99E-13 5.66E-13 4.87E-13
 1.00E-74 1.07E-36 8.83E-27 2.07E-19 8.51E-16 9.80E-14 4.02E-13 5.94E-13
 6.99E-13 7.80E-13 7.92E-13 6.99E-13 5.66E-13 4.87E-13
 4.26E-49 1.07E-36 8.83E-27 2.07E-19 8.51E-16 9.80E-14 4.02E-13 5.94E-13
 6.99E-13 7.80E-13 7.92E-13 6.99E-13 5.66E-13 4.87E-13
  11.8434    7  14 /pl=01:ss=45:pb= 1:sz=45/type=excit/ispb = t/isel =   18
 1.00E+10 1.00E+11 1.00E+12 1.00E+13 1.00E+14 1.00E+15 1.00E+16
 3.65E+01 5.47E+01 9.12E+01 1.82E+02 3.65E+02 9.12E+02 1.82E+03 2.73E+03
 3.65E+03 5.47E+03 9.12E+03 1.82E+04 3.65E+04 5.47E+04
 8.10E-24 9.50E-20 1.57E-16 3.60E-14 4.96E-13 2.12E-12 3.20E-12 3.61E-12
 3.84E-12 4.04E-12 4.21E-12 4.20E-12 4.01E-12 3.81E-12
 8.10E-24 9.50E-20 1.57E-16 3.60E-14 4.96E-13 2.12E-12 3.20E-12 3.61E-12
 3.84E-12 4.04E-12 4.21E-12 4.20E-12 4.01E-12 3.81E-12
 8.10E-24 9.50E-20 1.57E-16 3.60E-14 4.96E-13 2.12E-12 3.20E-12 3.61E-12
 3.84E-12 4.04E-12 4.21E-12 4.20E-12 4.01E-12 3.81E-12
 8.10E-24 9.50E-20 1.57E-16 3.60E-14 4.96E-13 2.12E-12 3.20E-12 3.61E-12
 3.84E-12 4.04E-12 4.21E-12 4.20E-12 4.01E-12 3.81E-12
 8.10E-24 9.50E-20 1.57E-16 3.60E-14 4.96E-13 2.12E-12 3.20E-12 3.61E-12
 3.84E-12 4.04E-12 4.21E-12 4.20E-12 4.01E-12 3.81E-12
 8.10E-24 9.50E-20 1.57E-16 3.60E-14 4.96E-13 2.12E-12 3.20E-12 3.61E-12
 3.84E-12 4.04E-12 4.21E-12 4.20E-12 4.01E-12 3.81E-12
 8.11E-24 9.51E-20 1.57E-16 3.61E-14 4.96E-13 2.12E-12 3.20E-12 3.61E-12
 3.84E-12 4.04E-12 4.21E-12 4.20E-12 4.01E-12 3.81E-12
  12.5490    7  14 /pl=01:ss=45:pb= 1:sz=45/type=excit/ispb = t/isel =   19
 1.00E+10 1.00E+11 1.00E+12 1.00E+13 1.00E+14 1.00E+15 1.00E+16
 3.65E+01 5.47E+01 9.12E+01 1.82E+02 3.65E+02 9.12E+02 1.82E+03 2.73E+03
 3.65E+03 5.47E+03 9.12E+03 1.82E+04 3.65E+04 5.47E+04
 1.00E-74 2.14E-32 7.54E-24 1.67E-17 2.10E-14 1.19E-12 3.82E-12 5.22E-12
 5.86E-12 6.26E-12 6.10E-12 5.20E-12 4.09E-12 3.48E-12
 4.03E-43 2.14E-32 7.54E-24 1.67E-17 2.10E-14 1.19E-12 3.82E-12 5.22E-12
 5.86E-12 6.26E-12 6.10E-12 5.20E-12 4.09E-12 3.48E-12
 3.95E-43 2.14E-32 7.54E-24 1.67E-17 2.10E-14 1.19E-12 3.82E-12 5.22E-12
 5.86E-12 6.26E-12 6.10E-12 5.20E-12 4.09E-12 3.48E-12
 3.93E-43 2.14E-32 7.54E-24 1.67E-17 2.10E-14 1.19E-12 3.82E-12 5.22E-12
 5.86E-12 6.26E-12 6.10E-12 5.20E-12 4.09E-12 3.48E-12
 3.93E-43 2.14E-32 7.54E-24 1.67E-17 2.10E-14 1.19E-12 3.82E-12 5.22E-12
 5.86E-12 6.26E-12 6.10E-12 5.20E-12 4.09E-12 3.48E-12
 3.93E-43 2.14E-32 7.54E-24 1.67E-17 2.10E-14 1.19E-12 3.82E-12 5.22E-12
 5.86E-12 6.26E-12 6.10E-12 5.20E-12 4.09E-12 3.48E-12
 3.93E-43 2.14E-32 7.54E-24 1.67E-17 2.10E-14 1.19E-12 3.82E-12 5.22E-12
 5.86E-12 6.26E-12 6.10E-12 5.20E-12 4.09E-12 3.48E-12
  12.5657    7  14 /pl=01:ss=45:pb= 1:sz=45/type=excit/ispb = t/isel =   20
 1.00E+10 1.00E+11 1.00E+12 1.00E+13 1.00E+14 1.00E+15 1.00E+16
 3.65E+01 5.47E+01 9.12E+01 1.82E+02 3.65E+02 9.12E+02 1.82E+03 2.73E+03
 3.65E+03 5.47E+03 9.12E+03 1.82E+04 3.65E+04 5.47E+04
 1.00E-74 4.06E-37 6.62E-27 2.60E-19 1.39E-15 1.93E-13 8.82E-13 1.42E-12
 1.80E-12 2.25E-12 2.71E-12 3.09E-12 3.22E-12 3.19E-12
 1.00E-74 4.06E-37 6.62E-27 2.60E-19 1.39E-15 1.93E-13 8.82E-13 1.42E-12
 1.80E-12 2.25E-12 2.71E-12 3.09E-12 3.22E-12 3.19E-12
 1.00E-74 4.06E-37 6.62E-27 2.60E-19 1.39E-15 1.93E-13 8.82E-13 1.42E-12
 1.80E-12 2.25E-12 2.71E-12 3.09E-12 3.22E-12 3.19E-12
 1.00E-74 4.06E-37 6.62E-27 2.60E-19 1.39E-15 1.93E-13 8.82E-13 1.42E-12
 1.80E-12 2.25E-12 2.71E-12 3.09E-12 3.22E-12 3.19E-12
 1.00E-74 4.06E-37 6.62E-27 2.60E-19 1.39E-15 1.93E-13 8.82E-13 1.42E-12
 1.80E-12 2.25E-12 2.71E-12 3.09E-12 3.22E-12 3.19E-12
 1.00E-74 4.06E-37 6.62E-27 2.60E-19 1.39E-15 1.93E-13 8.82E-13 1.42E-12
 1.80E-12 2.25E-12 2.71E-12 3.09E-12 3.22E-12 3.19E-12
 1.00E-74 4.06E-37 6.62E-27 2.60E-19 1.39E-15 1.93E-13 8.81E-13 1.42E-12
 1.80E-12 2.25E-12 2.71E-12 3.09E-12 3.22E-12 3.19E-12
  12.7243    7  14 /pl=01:ss=45:pb= 1:sz=45/type=excit/ispb = t/isel =   21
 1.00E+10 1.00E+11 1.00E+12 1.00E+13 1.00E+14 1.00E+15 1.00E+16
 3.65E+01 5.47E+01 9.12E+01 1.82E+02 3.65E+02 9.12E+02 1.82E+03 2.73E+03
 3.65E+03 5.47E+03 9.12E+03 1.82E+04 3.65E+04 5.47E+04
 1.02E-24 2.79E-20 9.09E-17 3.42E-14 5.79E-13 2.68E-12 4.01E-12 4.40E-12
 4.51E-12 4.47E-12 4.17E-12 3.58E-12 2.90E-12 2.55E-12
 1.02E-24 2.79E-20 9.09E-17 3.42E-14 5.79E-13 2.68E-12 4.01E-12 4.40E-12
 4.51E-12 4.47E-12 4.17E-12 3.58E-12 2.90E-12 2.55E-12
 1.02E-24 2.79E-20 9.09E-17 3.42E-14 5.79E-13 2.68E-12 4.01E-12 4.40E-12
 4.51E-12 4.47E-12 4.17E-12 3.58E-12 2.90E-12 2.55E-12
 1.02E-24 2.79E-20 9.09E-17 3.42E-14 5.79E-13 2.68E-12 4.01E-12 4.40E-12
 4.51E-12 4.47E-12 4.17E-12 3.58E-12 2.90E-12 2.55E-12
 1.02E-24 2.79E-20 9.09E-17 3.42E-14 5.79E-13 2.68E-12 4.01E-12 4.40E-12
 4.51E-12 4.47E-12 4.17E-12 3.58E-12 2.90E-12 2.55E-12
 1.02E-24 2.79E-20 9.09E-17 3.42E-14 5.79E-13 2.68E-12 4.01E-12 4.40E-12
 4.51E-12 4.47E-12 4.17E-12 3.58E-12 2.90E-12 2.55E-12
 1.02E-24 2.79E-20 9.09E-17 3.42E-14 5.79E-13 2.68E-12 4.01E-12 4.40E-12
 4.51E-12 4.47E-12 4.17E-12 3.58E-12 2.90E-12 2.55E-12
  14.3079    7  14 /pl=01:ss=45:pb= 1:sz=45/type=excit/ispb = t/isel =   22
 1.00E+10 1.00E+11 1.00E+12 1.00E+13 1.00E+14 1.00E+15 1.00E+16
 3.65E+01 5.47E+01 9.12E+01 1.82E+02 3.65E+02 9.12E+02 1.82E+03 2.73E+03
 3.65E+03 5.47E+03 9.12E+03 1.82E+04 3.65E+04 5.47E+04
 1.00E-74 1.75E-32 1.09E-23 3.68E-17 5.78E-14 3.85E-12 1.35E-11 1.95E-11
 2.30E-11 2.64E-11 2.85E-11 2.87E-11 2.68E-11 2.51E-11
 1.67E-43 1.75E-32 1.09E-23 3.68E-17 5.78E-14 3.85E-12 1.35E-11 1.95E-11
 2.30E-11 2.64E-11 2.85E-11 2.87E-11 2.68E-11 2.51E-11
 1.67E-43 1.75E-32 1.09E-23 3.68E-17 5.78E-14 3.85E-12 1.35E-11 1.95E-11
 2.30E-11 2.64E-11 2.85E-11 2.87E-11 2.68E-11 2.51E-11
 1.58E-43 1.75E-32 1.09E-23 3.68E-17 5.78E-14 3.85E-12 1.35E-11 1.95E-11
 2.30E-11 2.64E-11 2.85E-11 2.87E-11 2.68E-11 2.51E-11
 1.59E-43 1.75E-32 1.09E-23 3.68E-17 5.78E-14 3.85E-12 1.35E-11 1.95E-11
 2.30E-11 2.64E-11 2.85E-11 2.87E-11 2.68E-11 2.51E-11
 1.59E-43 1.75E-32 1.09E-23 3.68E-17 5.78E-14 3.85E-12 1.35E-11 1.95E-11
 2.30E-11 2.64E-11 2.85E-11 2.87E-11 2.68E-11 2.51E-11
 1.59E-43 1.75E-32 1.09E-23 3.68E-17 5.78E-14 3.85E-12 1.35E-11 1.95E-11
 2.30E-11 2.64E-11 2.85E-11 2.87E-11 2.68E-11 2.51E-11
  14.3204    7  14 /pl=01:ss=45:pb= 1:sz=45/type=excit/ispb = t/isel =   23
 1.00E+10 1.00E+11 1.00E+12 1.00E+13 1.00E+14 1.00E+15 1.00E+16
 3.65E+01 5.47E+01 9.12E+01 1.82E+02 3.65E+02 9.12E+02 1.82E+03 2.73E+03
 3.65E+03 5.47E+03 9.12E+03 1.82E+04 3.65E+04 5.47E+04
 1.00E-74 2.92E-37 8.36E-27 4.98E-19 3.24E-15 4.94E-13 2.19E-12 3.32E-12
 3.94E-12 4.43E-12 4.49E-12 3.93E-12 3.13E-12 2.68E-12
 1.00E-74 2.92E-37 8.36E-27 4.98E-19 3.24E-15 4.94E-13 2.19E-12 3.32E-12
 3.94E-12 4.43E-12 4.49E-12 3.93E-12 3.13E-12 2.68E-12
 1.00E-74 2.92E-37 8.36E-27 4.98E-19 3.24E-15 4.94E-13 2.19E-12 3.32E-12
 3.94E-12 4.43E-12 4.49E-12 3.93E-12 3.13E-12 2.68E-12
 1.00E-74 2.92E-37 8.36E-27 4.98E-19 3.24E-15 4.94E-13 2.19E-12 3.32E-12
 3.94E-12 4.43E-12 4.49E-12 3.93E-12 3.13E-12 2.68E-12
 1.00E-74 2.92E-37 8.36E-27 4.98E-19 3.24E-15 4.94E-13 2.19E-12 3.32E-12
 3.94E-12 4.43E-12 4.49E-12 3.93E-12 3.13E-12 2.68E-12
 1.00E-74 2.92E-37 8.36E-27 4.98E-19 3.24E-15 4.94E-13 2.19E-12 3.32E-12
 3.94E-12 4.43E-12 4.49E-12 3.93E-12 3.13E-12 2.68E-12
 1.00E-74 2.92E-37 8.36E-27 4.98E-19 3.24E-15 4.94E-13 2.19E-12 3.32E-12
 3.94E-12 4.43E-12 4.49E-12 3.93E-12 3.13E-12 2.68E-12
  15.2469    7  14 /pl=01:ss=45:pb= 1:sz=45/type=excit/ispb = t/isel =   24
 1.00E+10 1.00E+11 1.00E+12 1.00E+13 1.00E+14 1.00E+15 1.00E+16
 3.65E+01 5.47E+01 9.12E+01 1.82E+02 3.65E+02 9.12E+02 1.82E+03 2.73E+03
 3.65E+03 5.47E+03 9.12E+03 1.82E+04 3.65E+04 5.47E+04
 1.00E-74 2.59E-36 1.21E-26 1.85E-19 6.18E-16 6.44E-14 2.65E-13 4.08E-13
 4.97E-13 6.04E-13 6.97E-13 7.65E-13 7.75E-13 7.56E-13
 1.00E-74 2.59E-36 1.21E-26 1.85E-19 6.18E-16 6.44E-14 2.65E-13 4.08E-13
 4.97E-13 6.04E-13 6.97E-13 7.65E-13 7.75E-13 7.56E-13
 1.00E-74 2.59E-36 1.21E-26 1.85E-19 6.18E-16 6.44E-14 2.65E-13 4.08E-13
 4.97E-13 6.04E-13 6.97E-13 7.65E-13 7.75E-13 7.56E-13
 1.00E-74 2.59E-36 1.21E-26 1.85E-19 6.18E-16 6.44E-14 2.65E-13 4.08E-13
 4.97E-13 6.04E-13 6.97E-13 7.65E-13 7.75E-13 7.56E-13
 1.00E-74 2.59E-36 1.21E-26 1.85E-19 6.18E-16 6.44E-14 2.65E-13 4.08E-13
 4.97E-13 6.04E-13 6.97E-13 7.65E-13 7.75E-13 7.56E-13
 1.00E-74 2.59E-36 1.21E-26 1.85E-19 6.18E-16 6.44E-14 2.65E-13 4.08E-13
 4.97E-13 6.04E-13 6.97E-13 7.65E-13 7.75E-13 7.56E-13
 1.40E-48 2.59E-36 1.21E-26 1.85E-19 6.18E-16 6.44E-14 2.65E-13 4.08E-13
 4.97E-13 6.04E-13 6.97E-13 7.65E-13 7.75E-13 7.56E-13
  15.4651    7  14 /pl=01:ss=45:pb= 1:sz=45/type=excit/ispb = t/isel =   25
 1.00E+10 1.00E+11 1.00E+12 1.00E+13 1.00E+14 1.00E+15 1.00E+16
 3.65E+01 5.47E+01 9.12E+01 1.82E+02 3.65E+02 9.12E+02 1.82E+03 2.73E+03
 3.65E+03 5.47E+03 9.12E+03 1.82E+04 3.65E+04 5.47E+04
 4.18E-22 2.37E-18 2.18E-15 3.14E-13 3.23E-12 1.07E-11 1.39E-11 1.43E-11
 1.40E-11 1.32E-11 1.16E-11 9.26E-12 7.14E-12 6.06E-12
 4.18E-22 2.37E-18 2.18E-15 3.14E-13 3.23E-12 1.07E-11 1.39E-11 1.43E-11
 1.40E-11 1.32E-11 1.16E-11 9.26E-12 7.14E-12 6.06E-12
 4.18E-22 2.37E-18 2.18E-15 3.14E-13 3.23E-12 1.07E-11 1.39E-11 1.43E-11
 1.40E-11 1.32E-11 1.16E-11 9.26E-12 7.14E-12 6.06E-12
 4.18E-22 2.37E-18 2.18E-15 3.14E-13 3.23E-12 1.07E-11 1.39E-11 1.43E-11
 1.40E-11 1.32E-11 1.16E-11 9.26E-12 7.14E-12 6.06E-12
 4.18E-22 2.37E-18 2.18E-15 3.14E-13 3.23E-12 1.07E-11 1.39E-11 1.43E-11
 1.40E-11 1.32E-11 1.16E-11 9.26E-12 7.14E-12 6.06E-12
 4.18E-22 2.37E-18 2.18E-15 3.14E-13 3.23E-12 1.07E-11 1.39E-11 1.43E-11
 1.40E-11 1.32E-11 1.16E-11 9.26E-12 7.14E-12 6.06E-12
 4.18E-22 2.37E-18 2.18E-15 3.14E-13 3.23E-12 1.07E-11 1.39E-11 1.43E-11
 1.40E-11 1.32E-11 1.16E-11 9.26E-12 7.14E-12 6.06E-12
  16.8787    7  14 /pl=01:ss=45:pb= 1:sz=45/type=excit/ispb = t/isel =   26
 1.00E+10 1.00E+11 1.00E+12 1.00E+13 1.00E+14 1.00E+15 1.00E+16
 3.65E+01 5.47E+01 9.12E+01 1.82E+02 3.65E+02 9.12E+02 1.82E+03 2.73E+03
 3.65E+03 5.47E+03 9.12E+03 1.82E+04 3.65E+04 5.47E+04
 1.00E-74 1.95E-33 1.64E-24 6.98E-18 1.22E-14 8.47E-13 2.97E-12 4.24E-12
 4.91E-12 5.46E-12 5.57E-12 5.06E-12 4.18E-12 3.63E-12
 1.00E-74 1.95E-33 1.64E-24 6.98E-18 1.22E-14 8.47E-13 2.97E-12 4.24E-12
 4.91E-12 5.46E-12 5.57E-12 5.06E-12 4.18E-12 3.63E-12
 1.00E-74 1.95E-33 1.64E-24 6.98E-18 1.22E-14 8.47E-13 2.97E-12 4.24E-12
 4.91E-12 5.46E-12 5.57E-12 5.06E-12 4.18E-12 3.63E-12
 1.24E-44 1.95E-33 1.64E-24 6.98E-18 1.22E-14 8.47E-13 2.97E-12 4.24E-12
 4.91E-12 5.46E-12 5.57E-12 5.06E-12 4.18E-12 3.63E-12
 1.21E-44 1.95E-33 1.64E-24 6.98E-18 1.22E-14 8.47E-13 2.97E-12 4.24E-12
 4.91E-12 5.46E-12 5.57E-12 5.06E-12 4.18E-12 3.63E-12
 1.22E-44 1.95E-33 1.64E-24 6.98E-18 1.22E-14 8.47E-13 2.97E-12 4.24E-12
 4.91E-12 5.46E-12 5.57E-12 5.06E-12 4.18E-12 3.63E-12
 1.22E-44 1.95E-33 1.64E-24 6.98E-18 1.22E-14 8.47E-13 2.97E-12 4.24E-12
 4.91E-12 5.46E-12 5.57E-12 5.06E-12 4.18E-12 3.63E-12
  17.8224    7  14 /pl=01:ss=45:pb= 1:sz=45/type=excit/ispb = t/isel =   27
 1.00E+10 1.00E+11 1.00E+12 1.00E+13 1.00E+14 1.00E+15 1.00E+16
 3.65E+01 5.47E+01 9.12E+01 1.82E+02 3.65E+02 9.12E+02 1.82E+03 2.73E+03
 3.65E+03 5.47E+03 9.12E+03 1.82E+04 3.65E+04 5.47E+04
 4.43E-43 1.54E-32 2.85E-24 4.30E-18 5.50E-15 3.80E-13 1.37E-12 1.98E-12
 2.30E-12 2.58E-12 2.68E-12 2.50E-12 2.18E-12 1.97E-12
 6.64E-43 1.54E-32 2.85E-24 4.30E-18 5.50E-15 3.80E-13 1.37E-12 1.98E-12
 2.30E-12 2.58E-12 2.68E-12 2.50E-12 2.18E-12 1.97E-12
 6.55E-43 1.54E-32 2.85E-24 4.30E-18 5.50E-15 3.80E-13 1.37E-12 1.98E-12
 2.30E-12 2.58E-12 2.68E-12 2.50E-12 2.18E-12 1.97E-12
 6.57E-43 1.54E-32 2.85E-24 4.30E-18 5.50E-15 3.80E-13 1.37E-12 1.98E-12
 2.30E-12 2.58E-12 2.68E-12 2.50E-12 2.18E-12 1.97E-12
 6.57E-43 1.54E-32 2.85E-24 4.30E-18 5.50E-15 3.80E-13 1.37E-12 1.98E-12
 2.30E-12 2.58E-12 2.68E-12 2.50E-12 2.18E-12 1.97E-12
 6.57E-43 1.54E-32 2.85E-24 4.30E-18 5.50E-15 3.80E-13 1.37E-12 1.98E-12
 2.30E-12 2.58E-12 2.68E-12 2.50E-12 2.18E-12 1.97E-12
 6.57E-43 1.54E-32 2.85E-24 4.30E-18 5.50E-15 3.80E-13 1.37E-12 1.98E-12
 2.30E-12 2.58E-12 2.68E-12 2.50E-12 2.18E-12 1.97E-12
  17.8330    7  14 /pl=01:ss=45:pb= 1:sz=45/type=excit/ispb = t/isel =   28
 1.00E+10 1.00E+11 1.00E+12 1.00E+13 1.00E+14 1.00E+15 1.00E+16
 3.65E+01 5.47E+01 9.12E+01 1.82E+02 3.65E+02 9.12E+02 1.82E+03 2.73E+03
 3.65E+03 5.47E+03 9.12E+03 1.82E+04 3.65E+04 5.47E+04
 1.00E-74 2.23E-36 1.84E-26 4.31E-19 1.77E-15 2.04E-13 8.35E-13 1.24E-12
 1.45E-12 1.62E-12 1.65E-12 1.45E-12 1.18E-12 1.01E-12
 1.00E-74 2.23E-36 1.84E-26 4.31E-19 1.77E-15 2.04E-13 8.35E-13 1.24E-12
 1.45E-12 1.62E-12 1.65E-12 1.45E-12 1.18E-12 1.01E-12
 1.00E-74 2.23E-36 1.84E-26 4.31E-19 1.77E-15 2.04E-13 8.35E-13 1.24E-12
 1.45E-12 1.62E-12 1.65E-12 1.45E-12 1.18E-12 1.01E-12
 1.00E-74 2.23E-36 1.84E-26 4.31E-19 1.77E-15 2.04E-13 8.35E-13 1.24E-12
 1.45E-12 1.62E-12 1.65E-12 1.45E-12 1.18E-12 1.01E-12
 1.00E-74 2.23E-36 1.84E-26 4.31E-19 1.77E-15 2.04E-13 8.35E-13 1.24E-12
 1.45E-12 1.62E-12 1.65E-12 1.45E-12 1.18E-12 1.01E-12
 1.00E-74 2.23E-36 1.84E-26 4.31E-19 1.77E-15 2.04E-13 8.35E-13 1.24E-12
 1.45E-12 1.62E-12 1.65E-12 1.45E-12 1.18E-12 1.01E-12
 8.86E-49 2.23E-36 1.84E-26 4.31E-19 1.77E-15 2.04E-13 8.35E-13 1.24E-12
 1.45E-12 1.62E-12 1.65E-12 1.45E-12 1.18E-12 1.01E-12
  18.0988    7  14 /pl=01:ss=45:pb= 1:sz=45/type=excit/ispb = t/isel =   29
 1.00E+10 1.00E+11 1.00E+12 1.00E+13 1.00E+14 1.00E+15 1.00E+16
 3.65E+01 5.47E+01 9.12E+01 1.82E+02 3.65E+02 9.12E+02 1.82E+03 2.73E+03
 3.65E+03 5.47E+03 9.12E+03 1.82E+04 3.65E+04 5.47E+04
 8.51E-24 9.98E-20 1.65E-16 3.79E-14 5.21E-13 2.23E-12 3.36E-12 3.79E-12
 4.04E-12 4.25E-12 4.42E-12 4.41E-12 4.21E-12 4.00E-12
 8.51E-24 9.98E-20 1.65E-16 3.79E-14 5.21E-13 2.23E-12 3.36E-12 3.79E-12
 4.04E-12 4.25E-12 4.42E-12 4.41E-12 4.21E-12 4.00E-12
 8.51E-24 9.98E-20 1.65E-16 3.79E-14 5.21E-13 2.23E-12 3.36E-12 3.79E-12
 4.04E-12 4.25E-12 4.42E-12 4.41E-12 4.21E-12 4.00E-12
 8.51E-24 9.98E-20 1.65E-16 3.79E-14 5.21E-13 2.23E-12 3.36E-12 3.79E-12
 4.04E-12 4.25E-12 4.42E-12 4.41E-12 4.21E-12 4.00E-12
 8.51E-24 9.98E-20 1.65E-16 3.79E-14 5.21E-13 2.23E-12 3.36E-12 3.79E-12
 4.04E-12 4.25E-12 4.42E-12 4.41E-12 4.21E-12 4.00E-12
 8.51E-24 9.98E-20 1.65E-16 3.79E-14 5.21E-13 2.23E-12 3.36E-12 3.79E-12
 4.04E-12 4.25E-12 4.42E-12 4.41E-12 4.21E-12 4.00E-12
 8.52E-24 9.99E-20 1.65E-16 3.79E-14 5.22E-13 2.23E-12 3.36E-12 3.79E-12
 4.04E-12 4.25E-12 4.42E-12 4.41E-12 4.21E-12 4.00E-12
  18.2682    7  14 /pl=01:ss=45:pb= 1:sz=45/type=excit/ispb = t/isel =   30
 1.00E+10 1.00E+11 1.00E+12 1.00E+13 1.00E+14 1.00E+15 1.00E+16
 3.65E+01 5.47E+01 9.12E+01 1.82E+02 3.65E+02 9.12E+02 1.82E+03 2.73E+03
 3.65E+03 5.47E+03 9.12E+03 1.82E+04 3.65E+04 5.47E+04
 9.62E-33 5.56E-26 1.30E-20 1.19E-16 9.62E-15 1.07E-13 2.03E-13 2.34E-13
 2.43E-13 2.40E-13 2.20E-13 1.80E-13 1.39E-13 1.17E-13
 9.62E-33 5.56E-26 1.30E-20 1.19E-16 9.62E-15 1.07E-13 2.03E-13 2.34E-13
 2.43E-13 2.40E-13 2.20E-13 1.80E-13 1.39E-13 1.17E-13
 9.62E-33 5.56E-26 1.30E-20 1.19E-16 9.62E-15 1.07E-13 2.03E-13 2.34E-13
 2.43E-13 2.40E-13 2.20E-13 1.80E-13 1.39E-13 1.17E-13
 9.62E-33 5.56E-26 1.30E-20 1.19E-16 9.62E-15 1.07E-13 2.03E-13 2.34E-13
 2.43E-13 2.40E-13 2.20E-13 1.80E-13 1.39E-13 1.17E-13
 9.62E-33 5.56E-26 1.30E-20 1.19E-16 9.62E-15 1.07E-13 2.03E-13 2.34E-13
 2.43E-13 2.40E-13 2.20E-13 1.80E-13 1.39E-13 1.17E-13
 9.62E-33 5.56E-26 1.30E-20 1.19E-16 9.62E-15 1.07E-13 2.03E-13 2.34E-13
 2.43E-13 2.40E-13 2.20E-13 1.80E-13 1.39E-13 1.17E-13
 9.62E-33 5.56E-26 1.30E-20 1.19E-16 9.62E-15 1.07E-13 2.03E-13 2.34E-13
 2.43E-13 2.40E-13 2.20E-13 1.80E-13 1.39E-13 1.17E-13
  20.1416    7  14 /pl=01:ss=45:pb= 1:sz=45/type=excit/ispb = t/isel =   31
 1.00E+10 1.00E+11 1.00E+12 1.00E+13 1.00E+14 1.00E+15 1.00E+16
 3.65E+01 5.47E+01 9.12E+01 1.82E+02 3.65E+02 9.12E+02 1.82E+03 2.73E+03
 3.65E+03 5.47E+03 9.12E+03 1.82E+04 3.65E+04 5.47E+04
 1.00E-74 3.06E-33 1.08E-24 2.39E-18 3.01E-15 1.71E-13 5.47E-13 7.47E-13
 8.39E-13 8.97E-13 8.74E-13 7.44E-13 5.86E-13 4.99E-13
 5.77E-44 3.06E-33 1.08E-24 2.39E-18 3.01E-15 1.71E-13 5.47E-13 7.47E-13
 8.39E-13 8.97E-13 8.74E-13 7.44E-13 5.86E-13 4.99E-13
 5.66E-44 3.06E-33 1.08E-24 2.39E-18 3.01E-15 1.71E-13 5.47E-13 7.47E-13
 8.39E-13 8.97E-13 8.74E-13 7.44E-13 5.86E-13 4.99E-13
 5.63E-44 3.06E-33 1.08E-24 2.39E-18 3.01E-15 1.71E-13 5.47E-13 7.47E-13
 8.39E-13 8.97E-13 8.74E-13 7.44E-13 5.86E-13 4.99E-13
 5.64E-44 3.06E-33 1.08E-24 2.39E-18 3.01E-15 1.71E-13 5.47E-13 7.47E-13
 8.39E-13 8.97E-13 8.74E-13 7.44E-13 5.86E-13 4.99E-13
 5.64E-44 3.06E-33 1.08E-24 2.39E-18 3.01E-15 1.71E-13 5.47E-13 7.47E-13
 8.39E-13 8.97E-13 8.74E-13 7.44E-13 5.86E-13 4.99E-13
 5.64E-44 3.06E-33 1.08E-24 2.39E-18 3.01E-15 1.71E-13 5.47E-13 7.47E-13
 8.39E-13 8.97E-13 8.74E-13 7.44E-13 5.86E-13 4.99E-13
  20.1446    7  14 /pl=01:ss=45:pb= 1:sz=45/type=excit/ispb = t/isel =   32
 1.00E+10 1.00E+11 1.00E+12 1.00E+13 1.00E+14 1.00E+15 1.00E+16
 3.65E+01 5.47E+01 9.12E+01 1.82E+02 3.65E+02 9.12E+02 1.82E+03 2.73E+03
 3.65E+03 5.47E+03 9.12E+03 1.82E+04 3.65E+04 5.47E+04
 1.00E-74 5.81E-38 9.48E-28 3.73E-20 1.99E-16 2.77E-14 1.26E-13 2.04E-13
 2.58E-13 3.23E-13 3.88E-13 4.43E-13 4.61E-13 4.56E-13
 1.00E-74 5.81E-38 9.48E-28 3.73E-20 1.99E-16 2.77E-14 1.26E-13 2.04E-13
 2.58E-13 3.23E-13 3.88E-13 4.43E-13 4.61E-13 4.56E-13
 1.00E-74 5.81E-38 9.48E-28 3.73E-20 1.99E-16 2.77E-14 1.26E-13 2.04E-13
 2.58E-13 3.23E-13 3.88E-13 4.43E-13 4.61E-13 4.56E-13
 1.00E-74 5.81E-38 9.48E-28 3.73E-20 1.99E-16 2.77E-14 1.26E-13 2.04E-13
 2.58E-13 3.23E-13 3.88E-13 4.43E-13 4.61E-13 4.56E-13
 1.00E-74 5.81E-38 9.48E-28 3.73E-20 1.99E-16 2.77E-14 1.26E-13 2.04E-13
 2.58E-13 3.23E-13 3.88E-13 4.43E-13 4.61E-13 4.56E-13
 1.00E-74 5.81E-38 9.48E-28 3.73E-20 1.99E-16 2.77E-14 1.26E-13 2.04E-13
 2.58E-13 3.23E-13 3.88E-13 4.43E-13 4.61E-13 4.56E-13
 1.00E-74 5.81E-38 9.48E-28 3.73E-20 1.99E-16 2.77E-14 1.26E-13 2.04E-13
 2.58E-13 3.23E-13 3.88E-13 4.43E-13 4.61E-13 4.56E-13
  20.4888    7  14 /pl=01:ss=45:pb= 1:sz=45/type=excit/ispb = t/isel =   33
 1.00E+10 1.00E+11 1.00E+12 1.00E+13 1.00E+14 1.00E+15 1.00E+16
 3.65E+01 5.47E+01 9.12E+01 1.82E+02 3.65E+02 9.12E+02 1.82E+03 2.73E+03
 3.65E+03 5.47E+03 9.12E+03 1.82E+04 3.65E+04 5.47E+04
 1.51E-25 4.17E-21 1.36E-17 5.10E-15 8.63E-14 4.00E-13 5.99E-13 6.56E-13
 6.72E-13 6.66E-13 6.23E-13 5.34E-13 4.33E-13 3.80E-13
 1.51E-25 4.17E-21 1.36E-17 5.10E-15 8.63E-14 4.00E-13 5.99E-13 6.56E-13
 6.72E-13 6.66E-13 6.23E-13 5.34E-13 4.33E-13 3.80E-13
 1.51E-25 4.17E-21 1.36E-17 5.10E-15 8.63E-14 4.00E-13 5.99E-13 6.56E-13
 6.72E-13 6.66E-13 6.23E-13 5.34E-13 4.33E-13 3.80E-13
 1.51E-25 4.17E-21 1.36E-17 5.10E-15 8.63E-14 4.00E-13 5.99E-13 6.56E-13
 6.72E-13 6.66E-13 6.23E-13 5.34E-13 4.33E-13 3.80E-13
 1.51E-25 4.17E-21 1.36E-17 5.10E-15 8.63E-14 4.00E-13 5.99E-13 6.56E-13
 6.72E-13 6.66E-13 6.23E-13 5.34E-13 4.33E-13 3.80E-13
 1.51E-25 4.17E-21 1.36E-17 5.10E-15 8.63E-14 4.00E-13 5.99E-13 6.56E-13
 6.72E-13 6.66E-13 6.23E-13 5.34E-13 4.33E-13 3.80E-13
 1.51E-25 4.17E-21 1.36E-17 5.10E-15 8.63E-14 4.00E-13 5.99E-13 6.56E-13
 6.72E-13 6.66E-13 6.23E-13 5.34E-13 4.33E-13 3.80E-13
  23.5568    7  14 /pl=01:ss=45:pb= 1:sz=45/type=excit/ispb = t/isel =   34
 1.00E+10 1.00E+11 1.00E+12 1.00E+13 1.00E+14 1.00E+15 1.00E+16
 3.65E+01 5.47E+01 9.12E+01 1.82E+02 3.65E+02 9.12E+02 1.82E+03 2.73E+03
 3.65E+03 5.47E+03 9.12E+03 1.82E+04 3.65E+04 5.47E+04
 2.88E-30 2.01E-24 8.82E-20 2.40E-16 1.11E-14 9.20E-14 1.69E-13 2.02E-13
 2.20E-13 2.40E-13 2.55E-13 2.61E-13 2.53E-13 2.43E-13
 2.88E-30 2.01E-24 8.82E-20 2.40E-16 1.11E-14 9.20E-14 1.69E-13 2.02E-13
 2.20E-13 2.40E-13 2.55E-13 2.61E-13 2.53E-13 2.43E-13
 2.88E-30 2.01E-24 8.82E-20 2.40E-16 1.11E-14 9.20E-14 1.69E-13 2.02E-13
 2.20E-13 2.40E-13 2.55E-13 2.61E-13 2.53E-13 2.43E-13
 2.88E-30 2.01E-24 8.82E-20 2.40E-16 1.11E-14 9.20E-14 1.69E-13 2.02E-13
 2.20E-13 2.40E-13 2.55E-13 2.61E-13 2.53E-13 2.43E-13
 2.88E-30 2.01E-24 8.82E-20 2.40E-16 1.11E-14 9.20E-14 1.69E-13 2.02E-13
 2.20E-13 2.40E-13 2.55E-13 2.61E-13 2.53E-13 2.43E-13
 2.88E-30 2.01E-24 8.82E-20 2.40E-16 1.11E-14 9.20E-14 1.69E-13 2.02E-13
 2.20E-13 2.40E-13 2.55E-13 2.61E-13 2.53E-13 2.43E-13
 2.88E-30 2.02E-24 8.82E-20 2.40E-16 1.11E-14 9.20E-14 1.69E-13 2.02E-13
 2.20E-13 2.40E-13 2.55E-13 2.61E-13 2.53E-13 2.43E-13
  23.5923    7  14 /pl=01:ss=45:pb= 1:sz=45/type=excit/ispb = t/isel =   35
 1.00E+10 1.00E+11 1.00E+12 1.00E+13 1.00E+14 1.00E+15 1.00E+16
 3.65E+01 5.47E+01 9.12E+01 1.82E+02 3.65E+02 9.12E+02 1.82E+03 2.73E+03
 3.65E+03 5.47E+03 9.12E+03 1.82E+04 3.65E+04 5.47E+04
 3.88E-37 3.07E-28 3.69E-21 6.48E-16 2.33E-13 6.51E-12 1.71E-11 2.21E-11
 2.45E-11 2.61E-11 2.59E-11 2.32E-11 1.96E-11 1.74E-11
 3.88E-37 3.07E-28 3.69E-21 6.48E-16 2.33E-13 6.51E-12 1.71E-11 2.21E-11
 2.45E-11 2.61E-11 2.59E-11 2.32E-11 1.96E-11 1.74E-11
 3.88E-37 3.07E-28 3.69E-21 6.48E-16 2.33E-13 6.51E-12 1.71E-11 2.21E-11
 2.45E-11 2.61E-11 2.59E-11 2.32E-11 1.96E-11 1.74E-11
 3.88E-37 3.07E-28 3.69E-21 6.48E-16 2.33E-13 6.51E-12 1.71E-11 2.21E-11
 2.45E-11 2.61E-11 2.59E-11 2.32E-11 1.96E-11 1.74E-11
 3.88E-37 3.07E-28 3.69E-21 6.48E-16 2.33E-13 6.51E-12 1.71E-11 2.21E-11
 2.45E-11 2.61E-11 2.59E-11 2.32E-11 1.96E-11 1.74E-11
 3.88E-37 3.07E-28 3.69E-21 6.48E-16 2.33E-13 6.51E-12 1.71E-11 2.21E-11
 2.45E-11 2.61E-11 2.59E-11 2.32E-11 1.96E-11 1.74E-11
 3.88E-37 3.07E-28 3.69E-21 6.48E-16 2.33E-13 6.50E-12 1.71E-11 2.21E-11
 2.45E-11 2.61E-11 2.59E-11 2.32E-11 1.96E-11 1.74E-11
  23.6436    7  14 /pl=01:ss=45:pb= 1:sz=45/type=excit/ispb = t/isel =   36
 1.00E+10 1.00E+11 1.00E+12 1.00E+13 1.00E+14 1.00E+15 1.00E+16
 3.65E+01 5.47E+01 9.12E+01 1.82E+02 3.65E+02 9.12E+02 1.82E+03 2.73E+03
 3.65E+03 5.47E+03 9.12E+03 1.82E+04 3.65E+04 5.47E+04
 1.00E-74 2.18E-36 1.80E-26 4.23E-19 1.74E-15 2.00E-13 8.20E-13 1.21E-12
 1.42E-12 1.59E-12 1.62E-12 1.43E-12 1.15E-12 9.94E-13
 1.00E-74 2.18E-36 1.80E-26 4.23E-19 1.74E-15 2.00E-13 8.20E-13 1.21E-12
 1.42E-12 1.59E-12 1.62E-12 1.43E-12 1.15E-12 9.94E-13
 1.00E-74 2.18E-36 1.80E-26 4.23E-19 1.74E-15 2.00E-13 8.20E-13 1.21E-12
 1.42E-12 1.59E-12 1.62E-12 1.43E-12 1.15E-12 9.94E-13
 1.00E-74 2.18E-36 1.80E-26 4.23E-19 1.74E-15 2.00E-13 8.20E-13 1.21E-12
 1.42E-12 1.59E-12 1.62E-12 1.43E-12 1.15E-12 9.94E-13
 1.00E-74 2.18E-36 1.80E-26 4.23E-19 1.74E-15 2.00E-13 8.20E-13 1.21E-12
 1.42E-12 1.59E-12 1.62E-12 1.43E-12 1.15E-12 9.94E-13
 1.00E-74 2.18E-36 1.80E-26 4.23E-19 1.74E-15 2.00E-13 8.19E-13 1.21E-12
 1.42E-12 1.59E-12 1.62E-12 1.43E-12 1.15E-12 9.94E-13
 8.69E-49 2.18E-36 1.80E-26 4.23E-19 1.74E-15 2.00E-13 8.19E-13 1.21E-12
 1.42E-12 1.59E-12 1.62E-12 1.43E-12 1.15E-12 9.94E-13
  23.6471    7  14 /pl=01:ss=45:pb= 1:sz=45/type=excit/ispb = t/isel =   37
 1.00E+10 1.00E+11 1.00E+12 1.00E+13 1.00E+14 1.00E+15 1.00E+16
 3.65E+01 5.47E+01 9.12E+01 1.82E+02 3.65E+02 9.12E+02 1.82E+03 2.73E+03
 3.65E+03 5.47E+03 9.12E+03 1.82E+04 3.65E+04 5.47E+04
 6.95E-42 1.60E-31 2.89E-23 3.86E-17 3.78E-14 1.86E-12 5.73E-12 7.76E-12
 8.73E-12 9.37E-12 9.20E-12 7.97E-12 6.37E-12 5.50E-12
 6.82E-42 1.60E-31 2.89E-23 3.86E-17 3.78E-14 1.86E-12 5.73E-12 7.76E-12
 8.73E-12 9.37E-12 9.20E-12 7.97E-12 6.37E-12 5.50E-12
 6.81E-42 1.60E-31 2.89E-23 3.86E-17 3.78E-14 1.86E-12 5.73E-12 7.76E-12
 8.73E-12 9.37E-12 9.20E-12 7.97E-12 6.37E-12 5.50E-12
 6.81E-42 1.60E-31 2.89E-23 3.86E-17 3.78E-14 1.86E-12 5.73E-12 7.76E-12
 8.73E-12 9.37E-12 9.20E-12 7.97E-12 6.37E-12 5.50E-12
 6.81E-42 1.60E-31 2.89E-23 3.86E-17 3.78E-14 1.86E-12 5.73E-12 7.76E-12
 8.73E-12 9.37E-12 9.20E-12 7.97E-12 6.37E-12 5.50E-12
 6.81E-42 1.60E-31 2.89E-23 3.86E-17 3.78E-14 1.86E-12 5.73E-12 7.76E-12
 8.73E-12 9.37E-12 9.20E-12 7.97E-12 6.37E-12 5.50E-12
 6.81E-42 1.60E-31 2.89E-23 3.86E-17 3.78E-14 1.86E-12 5.73E-12 7.76E-12
 8.73E-12 9.37E-12 9.20E-12 7.97E-12 6.37E-12 5.50E-12
  23.6590    7  14 /pl=01:ss=45:pb= 1:sz=45/type=excit/ispb = t/isel =   38
 1.00E+10 1.00E+11 1.00E+12 1.00E+13 1.00E+14 1.00E+15 1.00E+16
 3.65E+01 5.47E+01 9.12E+01 1.82E+02 3.65E+02 9.12E+02 1.82E+03 2.73E+03
 3.65E+03 5.47E+03 9.12E+03 1.82E+04 3.65E+04 5.47E+04
 1.00E-74 7.58E-38 2.17E-27 1.29E-19 8.40E-16 1.28E-13 5.69E-13 8.63E-13
 1.02E-12 1.15E-12 1.17E-12 1.02E-12 8.14E-13 6.95E-13
 1.00E-74 7.58E-38 2.17E-27 1.29E-19 8.40E-16 1.28E-13 5.69E-13 8.63E-13
 1.02E-12 1.15E-12 1.17E-12 1.02E-12 8.14E-13 6.95E-13
 1.00E-74 7.58E-38 2.17E-27 1.29E-19 8.40E-16 1.28E-13 5.69E-13 8.63E-13
 1.02E-12 1.15E-12 1.17E-12 1.02E-12 8.14E-13 6.95E-13
 1.00E-74 7.58E-38 2.17E-27 1.29E-19 8.40E-16 1.28E-13 5.69E-13 8.63E-13
 1.02E-12 1.15E-12 1.17E-12 1.02E-12 8.14E-13 6.95E-13
 1.00E-74 7.58E-38 2.17E-27 1.29E-19 8.40E-16 1.28E-13 5.69E-13 8.63E-13
 1.02E-12 1.15E-12 1.17E-12 1.02E-12 8.14E-13 6.95E-13
 1.00E-74 7.58E-38 2.17E-27 1.29E-19 8.40E-16 1.28E-13 5.69E-13 8.62E-13
 1.02E-12 1.15E-12 1.17E-12 1.02E-12 8.14E-13 6.95E-13
 1.00E-74 7.58E-38 2.17E-27 1.29E-19 8.40E-16 1.28E-13 5.69E-13 8.62E-13
 1.02E-12 1.15E-12 1.17E-12 1.02E-12 8.14E-13 6.95E-13
  24.8589    7  14 /pl=01:ss=45:pb= 1:sz=45/type=excit/ispb = t/isel =   39
 1.00E+10 1.00E+11 1.00E+12 1.00E+13 1.00E+14 1.00E+15 1.00E+16
 3.65E+01 5.47E+01 9.12E+01 1.82E+02 3.65E+02 9.12E+02 1.82E+03 2.73E+03
 3.65E+03 5.47E+03 9.12E+03 1.82E+04 3.65E+04 5.47E+04
 1.57E-30 1.75E-24 1.11E-19 3.83E-16 1.93E-14 1.66E-13 2.98E-13 3.43E-13
 3.59E-13 3.61E-13 3.42E-13 2.91E-13 2.35E-13 2.04E-13
 1.57E-30 1.75E-24 1.11E-19 3.83E-16 1.93E-14 1.66E-13 2.98E-13 3.43E-13
 3.59E-13 3.61E-13 3.42E-13 2.91E-13 2.35E-13 2.04E-13
 1.57E-30 1.75E-24 1.11E-19 3.83E-16 1.93E-14 1.66E-13 2.98E-13 3.43E-13
 3.59E-13 3.61E-13 3.42E-13 2.91E-13 2.35E-13 2.04E-13
 1.57E-30 1.75E-24 1.11E-19 3.83E-16 1.93E-14 1.66E-13 2.98E-13 3.43E-13
 3.59E-13 3.61E-13 3.42E-13 2.91E-13 2.35E-13 2.04E-13
 1.57E-30 1.75E-24 1.11E-19 3.83E-16 1.93E-14 1.66E-13 2.98E-13 3.43E-13
 3.59E-13 3.61E-13 3.42E-13 2.91E-13 2.35E-13 2.04E-13
 1.57E-30 1.75E-24 1.11E-19 3.83E-16 1.93E-14 1.66E-13 2.98E-13 3.43E-13
 3.59E-13 3.61E-13 3.42E-13 2.91E-13 2.35E-13 2.04E-13
 1.57E-30 1.75E-24 1.11E-19 3.83E-16 1.93E-14 1.66E-13 2.98E-13 3.43E-13
 3.59E-13 3.61E-13 3.42E-13 2.91E-13 2.35E-13 2.04E-13
  30.7569    7  14 /pl=01:ss=45:pb= 1:sz=45/type=excit/ispb = t/isel =   40
 1.00E+10 1.00E+11 1.00E+12 1.00E+13 1.00E+14 1.00E+15 1.00E+16
 3.65E+01 5.47E+01 9.12E+01 1.82E+02 3.65E+02 9.12E+02 1.82E+03 2.73E+03
 3.65E+03 5.47E+03 9.12E+03 1.82E+04 3.65E+04 5.47E+04
 6.54E-29 3.05E-23 9.51E-19 1.93E-15 7.38E-14 5.27E-13 8.68E-13 9.59E-13
 9.75E-13 9.46E-13 8.56E-13 6.95E-13 5.38E-13 4.56E-13
 6.54E-29 3.05E-23 9.51E-19 1.93E-15 7.38E-14 5.27E-13 8.68E-13 9.59E-13
 9.75E-13 9.46E-13 8.56E-13 6.95E-13 5.38E-13 4.56E-13
 6.54E-29 3.05E-23 9.51E-19 1.93E-15 7.38E-14 5.27E-13 8.68E-13 9.59E-13
 9.75E-13 9.46E-13 8.56E-13 6.95E-13 5.38E-13 4.56E-13
 6.54E-29 3.05E-23 9.51E-19 1.93E-15 7.38E-14 5.27E-13 8.68E-13 9.59E-13
 9.75E-13 9.46E-13 8.56E-13 6.95E-13 5.38E-13 4.56E-13
 6.54E-29 3.05E-23 9.51E-19 1.93E-15 7.38E-14 5.27E-13 8.68E-13 9.59E-13
 9.75E-13 9.46E-13 8.56E-13 6.95E-13 5.38E-13 4.56E-13
 6.54E-29 3.05E-23 9.51E-19 1.93E-15 7.38E-14 5.27E-13 8.68E-13 9.59E-13
 9.75E-13 9.46E-13 8.56E-13 6.95E-13 5.38E-13 4.56E-13
 6.54E-29 3.05E-23 9.51E-19 1.93E-15 7.38E-14 5.27E-13 8.68E-13 9.59E-13
 9.75E-13 9.46E-13 8.55E-13 6.95E-13 5.38E-13 4.56E-13
  35.0601    7  14 /pl=01:ss=45:pb= 1:sz=45/type=excit/ispb = t/isel =   41
 1.00E+10 1.00E+11 1.00E+12 1.00E+13 1.00E+14 1.00E+15 1.00E+16
 3.65E+01 5.47E+01 9.12E+01 1.82E+02 3.65E+02 9.12E+02 1.82E+03 2.73E+03
 3.65E+03 5.47E+03 9.12E+03 1.82E+04 3.65E+04 5.47E+04
 5.16E-30 3.60E-24 1.58E-19 4.30E-16 1.98E-14 1.65E-13 3.02E-13 3.61E-13
 3.94E-13 4.29E-13 4.56E-13 4.68E-13 4.53E-13 4.34E-13
 5.16E-30 3.60E-24 1.58E-19 4.30E-16 1.98E-14 1.65E-13 3.02E-13 3.61E-13
 3.94E-13 4.29E-13 4.56E-13 4.68E-13 4.53E-13 4.34E-13
 5.16E-30 3.60E-24 1.58E-19 4.30E-16 1.98E-14 1.65E-13 3.02E-13 3.61E-13
 3.94E-13 4.29E-13 4.56E-13 4.68E-13 4.53E-13 4.34E-13
 5.16E-30 3.60E-24 1.58E-19 4.30E-16 1.98E-14 1.65E-13 3.02E-13 3.61E-13
 3.94E-13 4.29E-13 4.56E-13 4.68E-13 4.53E-13 4.34E-13
 5.16E-30 3.60E-24 1.58E-19 4.30E-16 1.98E-14 1.65E-13 3.02E-13 3.61E-13
 3.94E-13 4.29E-13 4.56E-13 4.68E-13 4.53E-13 4.34E-13
 5.16E-30 3.60E-24 1.58E-19 4.30E-16 1.98E-14 1.65E-13 3.02E-13 3.61E-13
 3.94E-13 4.29E-13 4.56E-13 4.68E-13 4.53E-13 4.34E-13
 5.16E-30 3.61E-24 1.58E-19 4.30E-16 1.98E-14 1.65E-13 3.02E-13 3.61E-13
 3.94E-13 4.29E-13 4.56E-13 4.68E-13 4.53E-13 4.34E-13
  62.2901    7  14 /pl=01:ss=45:pb= 1:sz=45/type=excit/ispb = t/isel =   42
 1.00E+10 1.00E+11 1.00E+12 1.00E+13 1.00E+14 1.00E+15 1.00E+16
 3.65E+01 5.47E+01 9.12E+01 1.82E+02 3.65E+02 9.12E+02 1.82E+03 2.73E+03
 3.65E+03 5.47E+03 9.12E+03 1.82E+04 3.65E+04 5.47E+04
 5.41E-33 2.17E-25 2.41E-19 7.19E-15 1.11E-12 2.10E-11 5.07E-11 6.43E-11
 7.07E-11 7.50E-11 7.40E-11 6.73E-11 5.76E-11 5.19E-11
 5.41E-33 2.17E-25 2.41E-19 7.19E-15 1.11E-12 2.10E-11 5.07E-11 6.43E-11
 7.07E-11 7.50E-11 7.40E-11 6.73E-11 5.76E-11 5.19E-11
 5.41E-33 2.17E-25 2.41E-19 7.19E-15 1.11E-12 2.10E-11 5.07E-11 6.43E-11
 7.07E-11 7.50E-11 7.40E-11 6.73E-11 5.76E-11 5.19E-11
 5.41E-33 2.17E-25 2.41E-19 7.19E-15 1.11E-12 2.10E-11 5.07E-11 6.43E-11
 7.07E-11 7.50E-11 7.40E-11 6.73E-11 5.76E-11 5.19E-11
 5.41E-33 2.17E-25 2.41E-19 7.19E-15 1.11E-12 2.10E-11 5.07E-11 6.43E-11
 7.07E-11 7.50E-11 7.40E-11 6.73E-11 5.76E-11 5.19E-11
 5.41E-33 2.17E-25 2.41E-19 7.19E-15 1.11E-12 2.10E-11 5.07E-11 6.43E-11
 7.07E-11 7.50E-11 7.40E-11 6.73E-11 5.76E-11 5.19E-11
 5.41E-33 2.17E-25 2.41E-19 7.19E-15 1.11E-12 2.10E-11 5.07E-11 6.43E-11
 7.07E-11 7.50E-11 7.40E-11 6.73E-11 5.76E-11 5.19E-11
  62.5188    7  14 /pl=01:ss=45:pb= 1:sz=45/type=excit/ispb = t/isel =   43
 1.00E+10 1.00E+11 1.00E+12 1.00E+13 1.00E+14 1.00E+15 1.00E+16
 3.65E+01 5.47E+01 9.12E+01 1.82E+02 3.65E+02 9.12E+02 1.82E+03 2.73E+03
 3.65E+03 5.47E+03 9.12E+03 1.82E+04 3.65E+04 5.47E+04
 5.01E-41 2.43E-31 1.25E-23 6.70E-18 4.47E-15 2.06E-13 6.90E-13 1.01E-12
 1.21E-12 1.43E-12 1.64E-12 1.77E-12 1.77E-12 1.71E-12
 5.01E-41 2.43E-31 1.25E-23 6.70E-18 4.47E-15 2.06E-13 6.90E-13 1.01E-12
 1.21E-12 1.43E-12 1.64E-12 1.77E-12 1.77E-12 1.71E-12
 5.01E-41 2.43E-31 1.25E-23 6.70E-18 4.47E-15 2.06E-13 6.90E-13 1.01E-12
 1.21E-12 1.43E-12 1.64E-12 1.77E-12 1.77E-12 1.71E-12
 5.01E-41 2.43E-31 1.25E-23 6.70E-18 4.47E-15 2.06E-13 6.90E-13 1.01E-12
 1.21E-12 1.43E-12 1.64E-12 1.77E-12 1.77E-12 1.71E-12
 5.01E-41 2.43E-31 1.25E-23 6.70E-18 4.47E-15 2.06E-13 6.90E-13 1.01E-12
 1.21E-12 1.43E-12 1.64E-12 1.77E-12 1.77E-12 1.71E-12
 5.01E-41 2.43E-31 1.25E-23 6.70E-18 4.47E-15 2.06E-13 6.90E-13 1.01E-12
 1.21E-12 1.43E-12 1.64E-12 1.77E-12 1.77E-12 1.71E-12
 5.01E-41 2.43E-31 1.25E-23 6.70E-18 4.47E-15 2.06E-13 6.90E-13 1.01E-12
 1.21E-12 1.43E-12 1.64E-12 1.77E-12 1.77E-12 1.71E-12
  63.2658    7  14 /pl=01:ss=45:pb= 1:sz=45/type=excit/ispb = t/isel =   44
 1.00E+10 1.00E+11 1.00E+12 1.00E+13 1.00E+14 1.00E+15 1.00E+16
 3.65E+01 5.47E+01 9.12E+01 1.82E+02 3.65E+02 9.12E+02 1.82E+03 2.73E+03
 3.65E+03 5.47E+03 9.12E+03 1.82E+04 3.65E+04 5.47E+04
 4.36E-14 9.73E-13 1.06E-11 5.51E-11 1.06E-10 1.31E-10 1.26E-10 1.17E-10
 1.10E-10 9.87E-11 8.43E-11 6.54E-11 4.96E-11 4.21E-11
 4.36E-14 9.73E-13 1.06E-11 5.51E-11 1.06E-10 1.31E-10 1.26E-10 1.17E-10
 1.10E-10 9.87E-11 8.43E-11 6.54E-11 4.96E-11 4.21E-11
 4.36E-14 9.73E-13 1.06E-11 5.51E-11 1.06E-10 1.31E-10 1.26E-10 1.17E-10
 1.10E-10 9.87E-11 8.43E-11 6.54E-11 4.96E-11 4.21E-11
 4.36E-14 9.73E-13 1.06E-11 5.51E-11 1.06E-10 1.31E-10 1.26E-10 1.17E-10
 1.10E-10 9.87E-11 8.43E-11 6.54E-11 4.96E-11 4.21E-11
 4.36E-14 9.73E-13 1.06E-11 5.51E-11 1.06E-10 1.31E-10 1.26E-10 1.17E-10
 1.10E-10 9.87E-11 8.43E-11 6.54E-11 4.96E-11 4.21E-11
 4.36E-14 9.73E-13 1.06E-11 5.51E-11 1.06E-10 1.31E-10 1.26E-10 1.17E-10
 1.10E-10 9.87E-11 8.43E-11 6.54E-11 4.96E-11 4.21E-11
 4.37E-14 9.73E-13 1.06E-11 5.51E-11 1.06E-10 1.31E-10 1.26E-10 1.17E-10
 1.10E-10 9.87E-11 8.43E-11 6.54E-11 4.96E-11 4.21E-11
  71.5039    7  14 /pl=01:ss=45:pb= 1:sz=45/type=excit/ispb = t/isel =   45
 1.00E+10 1.00E+11 1.00E+12 1.00E+13 1.00E+14 1.00E+15 1.00E+16
 3.65E+01 5.47E+01 9.12E+01 1.82E+02 3.65E+02 9.12E+02 1.82E+03 2.73E+03
 3.65E+03 5.47E+03 9.12E+03 1.82E+04 3.65E+04 5.47E+04
 3.83E-36 7.49E-28 2.92E-21 2.22E-16 5.31E-14 1.18E-12 2.96E-12 3.88E-12
 4.38E-12 4.87E-12 5.18E-12 5.19E-12 4.87E-12 4.59E-12
 3.83E-36 7.49E-28 2.92E-21 2.22E-16 5.31E-14 1.18E-12 2.96E-12 3.88E-12
 4.38E-12 4.87E-12 5.18E-12 5.19E-12 4.87E-12 4.59E-12
 3.83E-36 7.49E-28 2.92E-21 2.22E-16 5.31E-14 1.18E-12 2.96E-12 3.88E-12
 4.38E-12 4.87E-12 5.18E-12 5.19E-12 4.87E-12 4.59E-12
 3.83E-36 7.49E-28 2.92E-21 2.22E-16 5.31E-14 1.18E-12 2.96E-12 3.88E-12
 4.38E-12 4.87E-12 5.18E-12 5.19E-12 4.87E-12 4.59E-12
 3.83E-36 7.49E-28 2.92E-21 2.22E-16 5.31E-14 1.18E-12 2.96E-12 3.88E-12
 4.38E-12 4.87E-12 5.18E-12 5.19E-12 4.87E-12 4.59E-12
 3.83E-36 7.49E-28 2.92E-21 2.22E-16 5.31E-14 1.18E-12 2.96E-12 3.88E-12
 4.38E-12 4.87E-12 5.18E-12 5.19E-12 4.87E-12 4.59E-12
 3.83E-36 7.49E-28 2.92E-21 2.22E-16 5.31E-14 1.18E-12 2.96E-12 3.88E-12
 4.38E-12 4.87E-12 5.18E-12 5.19E-12 4.87E-12 4.59E-12
  71.5494    7  14 /pl=01:ss=45:pb= 1:sz=45/type=excit/ispb = t/isel =   46
 1.00E+10 1.00E+11 1.00E+12 1.00E+13 1.00E+14 1.00E+15 1.00E+16
 3.65E+01 5.47E+01 9.12E+01 1.82E+02 3.65E+02 9.12E+02 1.82E+03 2.73E+03
 3.65E+03 5.47E+03 9.12E+03 1.82E+04 3.65E+04 5.47E+04
 2.14E-25 4.19E-21 1.36E-17 5.29E-15 1.72E-13 4.35E-12 1.27E-11 1.70E-11
 1.91E-11 2.04E-11 2.00E-11 1.74E-11 1.39E-11 1.20E-11
 7.68E-25 4.24E-21 1.36E-17 5.29E-15 1.72E-13 4.35E-12 1.27E-11 1.70E-11
 1.91E-11 2.04E-11 2.00E-11 1.74E-11 1.39E-11 1.20E-11
 6.30E-24 4.73E-21 1.36E-17 5.29E-15 1.72E-13 4.35E-12 1.27E-11 1.70E-11
 1.91E-11 2.04E-11 2.00E-11 1.74E-11 1.39E-11 1.20E-11
 6.17E-23 9.71E-21 1.38E-17 5.29E-15 1.72E-13 4.35E-12 1.27E-11 1.70E-11
 1.91E-11 2.04E-11 2.00E-11 1.74E-11 1.39E-11 1.20E-11
 6.15E-22 5.95E-20 1.53E-17 5.31E-15 1.72E-13 4.35E-12 1.27E-11 1.70E-11
 1.91E-11 2.04E-11 2.00E-11 1.74E-11 1.39E-11 1.20E-11
 6.15E-21 5.57E-19 3.07E-17 5.47E-15 1.72E-13 4.35E-12 1.27E-11 1.70E-11
 1.91E-11 2.04E-11 2.00E-11 1.74E-11 1.39E-11 1.20E-11
 6.15E-20 5.53E-18 1.85E-16 7.04E-15 1.76E-13 4.35E-12 1.27E-11 1.70E-11
 1.91E-11 2.04E-11 2.00E-11 1.74E-11 1.39E-11 1.20E-11
  71.7065    7  14 /pl=01:ss=45:pb= 1:sz=45/type=excit/ispb = t/isel =   47
 1.00E+10 1.00E+11 1.00E+12 1.00E+13 1.00E+14 1.00E+15 1.00E+16
 3.65E+01 5.47E+01 9.12E+01 1.82E+02 3.65E+02 9.12E+02 1.82E+03 2.73E+03
 3.65E+03 5.47E+03 9.12E+03 1.82E+04 3.65E+04 5.47E+04
 6.03E-43 1.39E-32 2.51E-24 3.35E-18 3.28E-15 1.61E-13 4.97E-13 6.73E-13
 7.57E-13 8.13E-13 7.98E-13 6.92E-13 5.52E-13 4.77E-13
 5.92E-43 1.39E-32 2.51E-24 3.35E-18 3.28E-15 1.61E-13 4.97E-13 6.73E-13
 7.57E-13 8.13E-13 7.98E-13 6.92E-13 5.52E-13 4.77E-13
 5.91E-43 1.39E-32 2.51E-24 3.35E-18 3.28E-15 1.61E-13 4.97E-13 6.73E-13
 7.57E-13 8.13E-13 7.98E-13 6.92E-13 5.52E-13 4.77E-13
 5.91E-43 1.39E-32 2.51E-24 3.35E-18 3.28E-15 1.61E-13 4.97E-13 6.73E-13
 7.57E-13 8.13E-13 7.98E-13 6.92E-13 5.52E-13 4.77E-13
 5.91E-43 1.39E-32 2.51E-24 3.35E-18 3.28E-15 1.61E-13 4.97E-13 6.73E-13
 7.57E-13 8.13E-13 7.98E-13 6.92E-13 5.52E-13 4.77E-13
 5.91E-43 1.39E-32 2.51E-24 3.35E-18 3.28E-15 1.61E-13 4.97E-13 6.73E-13
 7.57E-13 8.13E-13 7.98E-13 6.92E-13 5.52E-13 4.77E-13
 5.91E-43 1.39E-32 2.51E-24 3.35E-18 3.28E-15 1.61E-13 4.97E-13 6.73E-13
 7.57E-13 8.13E-13 7.98E-13 6.92E-13 5.52E-13 4.77E-13
  74.7566    7  14 /pl=01:ss=45:pb= 1:sz=45/type=excit/ispb = t/isel =   48
 1.00E+10 1.00E+11 1.00E+12 1.00E+13 1.00E+14 1.00E+15 1.00E+16
 3.65E+01 5.47E+01 9.12E+01 1.82E+02 3.65E+02 9.12E+02 1.82E+03 2.73E+03
 3.65E+03 5.47E+03 9.12E+03 1.82E+04 3.65E+04 5.47E+04
 6.51E-11 2.45E-10 6.62E-10 1.26E-09 1.57E-09 1.58E-09 1.43E-09 1.31E-09
 1.23E-09 1.11E-09 9.59E-10 7.71E-10 6.11E-10 5.30E-10
 6.51E-11 2.45E-10 6.62E-10 1.26E-09 1.57E-09 1.58E-09 1.43E-09 1.31E-09
 1.23E-09 1.11E-09 9.59E-10 7.71E-10 6.11E-10 5.30E-10
 6.51E-11 2.45E-10 6.62E-10 1.26E-09 1.57E-09 1.58E-09 1.43E-09 1.31E-09
 1.23E-09 1.11E-09 9.59E-10 7.71E-10 6.11E-10 5.30E-10
 6.51E-11 2.45E-10 6.62E-10 1.26E-09 1.57E-09 1.58E-09 1.43E-09 1.31E-09
 1.23E-09 1.11E-09 9.59E-10 7.71E-10 6.11E-10 5.30E-10
 6.51E-11 2.45E-10 6.62E-10 1.26E-09 1.57E-09 1.58E-09 1.43E-09 1.31E-09
 1.23E-09 1.11E-09 9.59E-10 7.71E-10 6.11E-10 5.30E-10
 6.51E-11 2.45E-10 6.62E-10 1.26E-09 1.57E-09 1.58E-09 1.43E-09 1.31E-09
 1.23E-09 1.11E-09 9.59E-10 7.71E-10 6.11E-10 5.30E-10
 6.51E-11 2.45E-10 6.61E-10 1.26E-09 1.57E-09 1.58E-09 1.43E-09 1.31E-09
 1.23E-09 1.11E-09 9.59E-10 7.71E-10 6.11E-10 5.30E-10
  77.7320    7  14 /pl=01:ss=45:pb= 1:sz=45/type=excit/ispb = t/isel =   49
 1.00E+10 1.00E+11 1.00E+12 1.00E+13 1.00E+14 1.00E+15 1.00E+16
 3.65E+01 5.47E+01 9.12E+01 1.82E+02 3.65E+02 9.12E+02 1.82E+03 2.73E+03
 3.65E+03 5.47E+03 9.12E+03 1.82E+04 3.65E+04 5.47E+04
 1.39E-38 1.10E-29 1.32E-22 2.33E-17 8.35E-15 2.34E-13 6.13E-13 7.95E-13
 8.79E-13 9.37E-13 9.29E-13 8.34E-13 7.04E-13 6.26E-13
 1.39E-38 1.10E-29 1.32E-22 2.33E-17 8.35E-15 2.34E-13 6.13E-13 7.95E-13
 8.79E-13 9.37E-13 9.29E-13 8.34E-13 7.04E-13 6.26E-13
 1.39E-38 1.10E-29 1.32E-22 2.33E-17 8.35E-15 2.34E-13 6.13E-13 7.95E-13
 8.79E-13 9.37E-13 9.29E-13 8.34E-13 7.04E-13 6.26E-13
 1.39E-38 1.10E-29 1.32E-22 2.33E-17 8.35E-15 2.34E-13 6.13E-13 7.95E-13
 8.79E-13 9.37E-13 9.29E-13 8.34E-13 7.04E-13 6.26E-13
 1.39E-38 1.10E-29 1.32E-22 2.33E-17 8.35E-15 2.34E-13 6.13E-13 7.95E-13
 8.79E-13 9.37E-13 9.29E-13 8.34E-13 7.04E-13 6.26E-13
 1.39E-38 1.10E-29 1.32E-22 2.33E-17 8.35E-15 2.34E-13 6.13E-13 7.95E-13
 8.79E-13 9.37E-13 9.29E-13 8.34E-13 7.04E-13 6.26E-13
 1.39E-38 1.10E-29 1.32E-22 2.33E-17 8.35E-15 2.34E-13 6.13E-13 7.95E-13
 8.79E-13 9.37E-13 9.29E-13 8.34E-13 7.04E-13 6.26E-13
  159.804    7  14 /pl=01:ss=45:pb= 1:sz=45/type=excit/ispb = t/isel =   50
 1.00E+10 1.00E+11 1.00E+12 1.00E+13 1.00E+14 1.00E+15 1.00E+16
 3.65E+01 5.47E+01 9.12E+01 1.82E+02 3.65E+02 9.12E+02 1.82E+03 2.73E+03
 3.65E+03 5.47E+03 9.12E+03 1.82E+04 3.65E+04 5.47E+04
 1.00E-74 1.27E-34 7.88E-26 2.67E-19 4.19E-16 2.80E-14 9.82E-14 1.42E-13
 1.67E-13 1.92E-13 2.07E-13 2.09E-13 1.94E-13 1.82E-13
 1.21E-45 1.27E-34 7.88E-26 2.67E-19 4.19E-16 2.80E-14 9.82E-14 1.42E-13
 1.67E-13 1.92E-13 2.07E-13 2.09E-13 1.94E-13 1.82E-13
 1.21E-45 1.27E-34 7.88E-26 2.67E-19 4.19E-16 2.80E-14 9.82E-14 1.42E-13
 1.67E-13 1.92E-13 2.07E-13 2.09E-13 1.94E-13 1.82E-13
 1.15E-45 1.27E-34 7.88E-26 2.67E-19 4.19E-16 2.80E-14 9.82E-14 1.42E-13
 1.67E-13 1.92E-13 2.07E-13 2.09E-13 1.94E-13 1.82E-13
 1.15E-45 1.27E-34 7.88E-26 2.67E-19 4.19E-16 2.80E-14 9.82E-14 1.42E-13
 1.67E-13 1.92E-13 2.07E-13 2.09E-13 1.94E-13 1.82E-13
 1.15E-45 1.27E-34 7.88E-26 2.67E-19 4.19E-16 2.80E-14 9.82E-14 1.42E-13
 1.67E-13 1.92E-13 2.07E-13 2.09E-13 1.94E-13 1.82E-13
 1.15E-45 1.27E-34 7.88E-26 2.67E-19 4.19E-16 2.80E-14 9.82E-14 1.42E-13
 1.67E-13 1.92E-13 2.07E-13 2.09E-13 1.94E-13 1.82E-13
c-------------------------------------------------------------------------------
 
C  root partition information
C  ==========================
C
C  nuclear charge : 74
C  ion charge+1   : 46
C
C  population calculation information
C  ----------------------------------
C
C  population processing code: adas810
C
C  adf04 source file    : adf04_copmm#74_ca_40#w45_t3.dat
C  adf18/a17_p208 file  : NULL
C
C  meta. ion. coeff. selector  : 
 
C  options  : lnorm =T  lpsel =F  lzsel =T  liosel=F
C           : lhsel =F  lrsel =F  lisel =F  lnsel =F
 
C  energy levels
C  -------------
C
C   lv      configuration    (2S+1)L(w-1/2)      energy (cm^-1)
C  ---   ------------------- --------------      --------------
c    1   606517                 (0)0(  0.5)             0.0
c    2   606518                 (0)0(  2.5)       1337675.3
c    3   606519                 (0)0(  4.5)       2918308.8
c    4   60651A                 (0)0(  6.5)       4315944.5
c    5   60651B                 (0)0(  0.5)       7803844.5
c    6   60651C                 (0)0(  2.5)       8443525.0
c    7   60651D                 (0)0(  4.5)       9196651.8
c    8   60651G                 (0)0(  0.5)      11694831.5
c    9   60651H                 (0)0(  2.5)      12048898.8
c   10   60651I                 (0)0(  4.5)      12466229.6
c   11   60651M                 (0)0(  0.5)      13917504.8
c   12   96517518               (0)0( 59.5)      14018671.6
c   13   60651N                 (0)0(  2.5)      14133950.6
c   14   60651O                 (0)0(  4.5)      14389210.4
c   15   96517519               (0)0( 98.5)      15624061.9
c   16   24555606527            (0)0(  2.5)      16970878.2
c   17   9651751A               (0)0(139.5)      17022586.4
c   18   24555606517518         (0)0( 35.5)      18257350.1
c   19   24555606517519         (0)0( 59.5)      19856869.4
c   20   9651751C               (0)0( 59.5)      21234982.8
c   21   2455560651751A         (0)0( 83.5)      21251443.4
c   22   9651751D               (0)0( 98.5)      21987440.3
c   23   9651751E               (0)0(139.5)      22613206.0
c   24   9651751F               (0)0(179.5)      22947213.3
c   25   2455560651751B         (0)0( 11.5)      24816049.8
c   26   2455560651751C         (0)0( 35.5)      25464454.4
c   27   2455560651751D         (0)0( 59.5)      26215551.0
c   28   2455560651751E         (0)0( 83.5)      26839923.1
 
 
 
c-------------------------------------------------------------------------------
 
C  superstage partition information
C  ================================
C
C  element symbol   : W
C  parent template  : 
C  partition level  :  1
C  superstage label : 45
C
C  tabulation       : photon emissivity coefft (te,ne)
C  units            : ph. emis coef(cm^3 s^-1); te (ev); ne (cm^-3)
C
C  photon emissivity atomic transitions
C  ------------------------------------
C  
C   isel  wvlen(A)            transition                type  ispb nspb
C                                                             ispp nspp sz    tg pr wr
C  ----- ---------- ----------------------------------- ----- ---- ---- --    -- -- --
C      1   3.81453   27(0)0( 59.5)-  1(0)0(  0.5)       excit   1    1  45    18 24  1
C      2   4.02965   25(0)0( 11.5)-  1(0)0(  0.5)       excit   1    1  45    16 49  2
C      3   4.42219   23(0)0(139.5)-  1(0)0(  0.5)       excit   1    1  45    25 12  3
C      4   4.70921   20(0)0( 59.5)-  1(0)0(  0.5)       excit   1    1  45    23 46  4
C      5   5.03604   19(0)0( 59.5)-  1(0)0(  0.5)       excit   1    1  45    14  6  5
C      6   5.87455   17(0)0(139.5)-  1(0)0(  0.5)       excit   1    1  45    22  2  6
C      7   5.89245   16(0)0(  2.5)-  1(0)0(  0.5)       excit   1    1  45    12 17  7
C      8   5.90476   21(0)0( 83.5)-  4(0)0(  6.5)       excit   1    1  45   137 10  8
C      9   6.40038   15(0)0( 98.5)-  1(0)0(  0.5)       excit   1    1  45    21 43  9
C     10   7.13334   12(0)0( 59.5)-  1(0)0(  0.5)       excit   1    1  45    20  4 10
C     11   7.66193   14(0)0(  4.5)-  2(0)0(  2.5)       excit   1    1  45    36 42 11
C     12   7.94923   11(0)0(  0.5)-  2(0)0(  2.5)       excit   1    1  45    34 45 12
C     13   8.29951    9(0)0(  2.5)-  1(0)0(  0.5)       excit   1    1  45     7 38 13
C     14   8.98589   10(0)0(  4.5)-  2(0)0(  2.5)       excit   1    1  45    33 30 14
C     15   9.65516    8(0)0(  0.5)-  2(0)0(  2.5)       excit   1    1  45    31 28 15
C     16   10.9522    9(0)0(  2.5)-  3(0)0(  4.5)       excit   1    1  45    42 40 16
C     17   11.7736   26(0)0( 35.5)- 16(0)0(  2.5)       excit   1    1  45    87 35 17
C     18   11.8434    6(0)0(  2.5)-  1(0)0(  0.5)       excit   1    1  45     4 21 18
C     19   12.5490   22(0)0( 98.5)- 12(0)0( 59.5)       excit   1    1  45   112 14 19
C     20   12.5657   27(0)0( 59.5)- 18(0)0( 35.5)       excit   1    1  45    93 22 20
C     21   12.7243    7(0)0(  4.5)-  2(0)0(  2.5)       excit   1    1  45    30 18 21
C     22   14.3079   23(0)0(139.5)- 15(0)0( 98.5)       excit   1    1  45   117  7 22
C     23   14.3204   28(0)0( 83.5)- 19(0)0( 59.5)       excit   1    1  45    99 19 23
C     24   15.2469   25(0)0( 11.5)- 18(0)0( 35.5)       excit   1    1  45    91 36 24
C     25   15.4651    5(0)0(  0.5)-  2(0)0(  2.5)       excit   1    1  45    28 11 25
C     26   16.8787   24(0)0(179.5)- 17(0)0(139.5)       excit   1    1  45   123 15 26
C     27   17.8224   20(0)0( 59.5)- 15(0)0( 98.5)       excit   1    1  45   115 23 27
C     28   17.8330   26(0)0( 35.5)- 19(0)0( 59.5)       excit   1    1  45    97 26 28
C     29   18.0988    6(0)0(  2.5)-  3(0)0(  4.5)       excit   1    1  45    39 20 29
C     30   18.2682   11(0)0(  0.5)-  6(0)0(  2.5)       excit   1    1  45    60 48 30
C     31   20.1416   22(0)0( 98.5)- 17(0)0(139.5)       excit   1    1  45   121 33 31
C     32   20.1446   27(0)0( 59.5)- 21(0)0( 83.5)       excit   1    1  45   101 41 32
C     33   20.4888    7(0)0(  4.5)-  4(0)0(  6.5)       excit   1    1  45   132 37 33
C     34   23.5568    9(0)0(  2.5)-  5(0)0(  0.5)       excit   1    1  45    51 47 34
C     35   23.5923   18(0)0( 35.5)- 12(0)0( 59.5)       excit   1    1  45   108  8 35
C     36   23.6436   26(0)0( 35.5)- 20(0)0( 59.5)       excit   1    1  45   124 27 36
C     37   23.6471   21(0)0( 83.5)- 17(0)0(139.5)       excit   1    1  45   119 13 37
C     38   23.6590   28(0)0( 83.5)- 23(0)0(139.5)       excit   1    1  45   129 29 38
C     39   24.8589   10(0)0(  4.5)-  6(0)0(  2.5)       excit   1    1  45    59 44 39
C     40   30.7569    8(0)0(  0.5)-  6(0)0(  2.5)       excit   1    1  45    57 31 40
C     41   35.0601    9(0)0(  2.5)-  7(0)0(  4.5)       excit   1    1  45    64 39 41
C     42   62.2901   15(0)0( 98.5)- 12(0)0( 59.5)       excit   1    1  45   109  5 42
C     43   62.5188   19(0)0( 59.5)- 18(0)0( 35.5)       excit   1    1  45    89 25 43
C     44   63.2658    3(0)0(  4.5)-  2(0)0(  2.5)       excit   1    1  45    27  3 44
C     45   71.5039   17(0)0(139.5)- 15(0)0( 98.5)       excit   1    1  45   114 16 45
C     46   71.5494    4(0)0(  6.5)-  3(0)0(  4.5)       excit   1    1  45    47  9 46
C     47   71.7065   21(0)0( 83.5)- 19(0)0( 59.5)       excit   1    1  45    95 34 47
C     48   74.7566    2(0)0(  2.5)-  1(0)0(  0.5)       excit   1    1  45     1  1 48
C     49   77.7320   18(0)0( 35.5)- 16(0)0(  2.5)       excit   1    1  45    84 32 49
C     50   159.804   23(0)0(139.5)- 22(0)0( 98.5)       excit   1    1  45   127 50 50
c-------------------------------------------------------------------------------
                                                                                
C  code     : adas810
C  producer : Adam Foster
C  date     : 15/05/09
                                                                                
c-------------------------------------------------------------------------------

C-----------------------------------------------------------------------
C                               OPEN-ADAS
C                               +++++++++
C
C This file has been downloaded from OPEN-ADAS (http://open.adas.ac.uk)
C on 26-Mar-2025.
C
C TERMS AND CONDITIONS
C --------------------
C
C The user of the OPEN-ADAS system and data (hereinafter "the User")
C accepts the following terms and conditions:
C
C   1. The University of Strathclyde uses all reasonable endeavours to
C      ensure the accuracy of the data provided and any information
C      given, but the University makes no warranty, expressed or implied
C      as to its accuracy, integrity, fitness for purpose and shall not
C      be responsible for the use to which the data is put by the User
C      and/or any consequences arising out of any inaccuracies or
C      omissions.
C
C   2. Any downloaded OPEN-ADAS file is made available for the
C      personal use of the User only.  It must not be used for any
C      commercial application, incorporated into any web site or in
C      any form re-distributed without express prior written permission
C      from the ADAS Project. In particular, but not by way of
C      limitation, it must not be:
C        *  inserted into a managed database structure,
C        *  redistributed along with a modelling or analysis code,
C        *  made available on a public website.
C
C Permission for OPEN-ADAS data incorporation in non-commercial
C code/system development for scientific advance will not be
C unreasonably withheld, but will be subject to written agreement
C on a case by case basis.
C
C The User will indemnify the University of Strathclyde and keep it
C fully and effectively indemnified against each and every claim made
C against the University as a result of the User's use of the data.
C
C-----------------------------------------------------------------------
