   50    /W :39 photon emissivity coefficients/
--------------------------------------------------------------------------------
    1    1    1    1    1    1    1    1    1    1    1    1    1    1
    1    1    1    1    1    1    1    1    1    1    1    1    1    1
    1    1    1    1    1    1    1    1    1    1    1    1    1    1
    1    1    1    1    1    1    1    1    1    1    1    1    1    1
    1    1    1    1    1    1    1    1    1    1    1    1    1    1
    1    1    1    1    1
--------------------------------------------------------------------------------
//#01/p00/ 00/p01/ 01/p02/ 02/p03/ 03/p04/ 04/p05/ 05/p06/ 06/p07/ 07/p08/ 08/  
      p09/ 09/p10/ 10/p11/ 11/p12/ 12/p13/ 13/p14/ 14/p15/ 15/p16/ 16/p17/ 17/  
      p18/ 18/p19/ 19/p20/ 20/p21/ 21/p22/ 22/p23/ 23/p24/ 24/p25/ 25/p26/ 26/  
      p27/ 27/p28/ 28/p29/ 29/p30/ 30/p31/ 31/p32/ 32/p33/ 33/p34/ 34/p35/ 35/  
      p36/ 36/p37/ 37/p38/ 38/p39/ 39/p40/ 40/p41/ 41/p42/ 42/p43/ 43/p44/ 44/  
      p45/ 45/p46/ 46/p47/ 47/p48/ 48/p49/ 49/p50/ 50/p51/ 51/p52/ 52/p53/ 53/  
      p54/ 54/p55/ 55/p56/ 56/p57/ 57/p58/ 58/p59/ 59/p60/ 60/p61/ 61/p62/ 62/  
      p63/ 63/p64/ 64/p65/ 65/p66/ 66/p67/ 67/p68/ 68/p69/ 69/p70/ 70/p71/ 71/  
      p72/ 72/p73/ 73/p74/ 74/                                                  
--------------------------------------------------------------------------------
  4.68065    7  14 /pl=01:ss=39:pb= 1:sz=39/type=excit/ispb = t/isel =    1
 1.00E+10 1.00E+11 1.00E+12 1.00E+13 1.00E+14 1.00E+15 1.00E+16
 2.76E+01 4.14E+01 6.89E+01 1.38E+02 2.76E+02 6.89E+02 1.38E+03 2.07E+03
 2.76E+03 4.14E+03 6.89E+03 1.38E+04 2.76E+04 4.14E+04
 1.00E-74 2.19E-38 2.27E-27 3.56E-19 3.76E-15 7.77E-13 3.94E-12 6.41E-12
 8.01E-12 9.78E-12 1.12E-11 1.18E-11 1.14E-11 1.09E-11
 1.00E-74 2.19E-38 2.27E-27 3.56E-19 3.76E-15 7.77E-13 3.94E-12 6.41E-12
 8.01E-12 9.78E-12 1.12E-11 1.18E-11 1.14E-11 1.09E-11
 1.00E-74 2.19E-38 2.27E-27 3.56E-19 3.76E-15 7.77E-13 3.94E-12 6.41E-12
 8.01E-12 9.78E-12 1.12E-11 1.18E-11 1.14E-11 1.09E-11
 1.00E-74 2.19E-38 2.27E-27 3.56E-19 3.76E-15 7.77E-13 3.94E-12 6.41E-12
 8.01E-12 9.78E-12 1.12E-11 1.18E-11 1.14E-11 1.09E-11
 1.00E-74 2.19E-38 2.27E-27 3.56E-19 3.76E-15 7.77E-13 3.94E-12 6.41E-12
 8.01E-12 9.78E-12 1.12E-11 1.18E-11 1.14E-11 1.09E-11
 1.00E-74 2.19E-38 2.27E-27 3.55E-19 3.75E-15 7.75E-13 3.93E-12 6.39E-12
 7.98E-12 9.75E-12 1.12E-11 1.17E-11 1.14E-11 1.08E-11
 1.00E-74 2.19E-38 2.27E-27 3.54E-19 3.71E-15 7.61E-13 3.85E-12 6.26E-12
 7.82E-12 9.56E-12 1.10E-11 1.16E-11 1.12E-11 1.07E-11
  5.92011    7  14 /pl=01:ss=39:pb= 1:sz=39/type=excit/ispb = t/isel =    2
 1.00E+10 1.00E+11 1.00E+12 1.00E+13 1.00E+14 1.00E+15 1.00E+16
 2.76E+01 4.14E+01 6.89E+01 1.38E+02 2.76E+02 6.89E+02 1.38E+03 2.07E+03
 2.76E+03 4.14E+03 6.89E+03 1.38E+04 2.76E+04 4.14E+04
 1.00E-74 4.15E-32 2.01E-23 5.64E-17 8.01E-14 5.03E-12 1.75E-11 2.54E-11
 3.01E-11 3.53E-11 3.94E-11 4.14E-11 4.05E-11 3.89E-11
 1.00E-74 4.15E-32 2.01E-23 5.64E-17 8.01E-14 5.03E-12 1.75E-11 2.54E-11
 3.01E-11 3.53E-11 3.94E-11 4.14E-11 4.05E-11 3.89E-11
 4.44E-43 4.15E-32 2.01E-23 5.64E-17 8.01E-14 5.03E-12 1.75E-11 2.54E-11
 3.01E-11 3.53E-11 3.94E-11 4.14E-11 4.05E-11 3.89E-11
 5.33E-43 4.15E-32 2.01E-23 5.64E-17 8.01E-14 5.03E-12 1.75E-11 2.54E-11
 3.01E-11 3.53E-11 3.94E-11 4.14E-11 4.05E-11 3.89E-11
 5.11E-43 4.15E-32 2.01E-23 5.64E-17 8.01E-14 5.03E-12 1.75E-11 2.54E-11
 3.01E-11 3.53E-11 3.94E-11 4.14E-11 4.05E-11 3.89E-11
 5.11E-43 4.15E-32 2.01E-23 5.64E-17 8.00E-14 5.01E-12 1.75E-11 2.53E-11
 3.00E-11 3.52E-11 3.93E-11 4.13E-11 4.04E-11 3.88E-11
 5.11E-43 4.15E-32 2.01E-23 5.62E-17 7.92E-14 4.92E-12 1.71E-11 2.48E-11
 2.94E-11 3.45E-11 3.86E-11 4.07E-11 3.99E-11 3.84E-11
  5.95998    7  14 /pl=01:ss=39:pb= 1:sz=39/type=excit/ispb = t/isel =    3
 1.00E+10 1.00E+11 1.00E+12 1.00E+13 1.00E+14 1.00E+15 1.00E+16
 2.76E+01 4.14E+01 6.89E+01 1.38E+02 2.76E+02 6.89E+02 1.38E+03 2.07E+03
 2.76E+03 4.14E+03 6.89E+03 1.38E+04 2.76E+04 4.14E+04
 1.00E-74 1.60E-32 6.76E-24 1.72E-17 2.33E-14 1.42E-12 4.91E-12 7.11E-12
 8.43E-12 9.86E-12 1.10E-11 1.15E-11 1.11E-11 1.07E-11
 1.00E-74 1.60E-32 6.76E-24 1.72E-17 2.33E-14 1.42E-12 4.91E-12 7.11E-12
 8.43E-12 9.86E-12 1.10E-11 1.15E-11 1.11E-11 1.07E-11
 2.62E-43 1.60E-32 6.76E-24 1.72E-17 2.33E-14 1.42E-12 4.91E-12 7.11E-12
 8.43E-12 9.86E-12 1.10E-11 1.15E-11 1.11E-11 1.07E-11
 2.36E-43 1.60E-32 6.76E-24 1.72E-17 2.33E-14 1.42E-12 4.91E-12 7.11E-12
 8.43E-12 9.86E-12 1.10E-11 1.15E-11 1.11E-11 1.07E-11
 2.34E-43 1.60E-32 6.76E-24 1.72E-17 2.33E-14 1.42E-12 4.91E-12 7.10E-12
 8.43E-12 9.86E-12 1.10E-11 1.15E-11 1.11E-11 1.07E-11
 2.34E-43 1.60E-32 6.76E-24 1.72E-17 2.33E-14 1.42E-12 4.89E-12 7.08E-12
 8.40E-12 9.83E-12 1.09E-11 1.15E-11 1.11E-11 1.07E-11
 2.34E-43 1.60E-32 6.76E-24 1.71E-17 2.30E-14 1.39E-12 4.79E-12 6.93E-12
 8.23E-12 9.64E-12 1.07E-11 1.13E-11 1.10E-11 1.05E-11
  6.01700    7  14 /pl=01:ss=39:pb= 1:sz=39/type=excit/ispb = t/isel =    4
 1.00E+10 1.00E+11 1.00E+12 1.00E+13 1.00E+14 1.00E+15 1.00E+16
 2.76E+01 4.14E+01 6.89E+01 1.38E+02 2.76E+02 6.89E+02 1.38E+03 2.07E+03
 2.76E+03 4.14E+03 6.89E+03 1.38E+04 2.76E+04 4.14E+04
 1.00E-74 2.62E-32 9.16E-24 2.02E-17 2.54E-14 1.48E-12 5.02E-12 7.23E-12
 8.56E-12 9.99E-12 1.11E-11 1.17E-11 1.14E-11 1.09E-11
 1.00E-74 2.62E-32 9.16E-24 2.02E-17 2.54E-14 1.48E-12 5.02E-12 7.23E-12
 8.56E-12 9.99E-12 1.11E-11 1.17E-11 1.14E-11 1.09E-11
 3.76E-43 2.62E-32 9.16E-24 2.02E-17 2.54E-14 1.48E-12 5.02E-12 7.23E-12
 8.56E-12 9.99E-12 1.11E-11 1.17E-11 1.14E-11 1.09E-11
 4.88E-43 2.62E-32 9.16E-24 2.02E-17 2.54E-14 1.48E-12 5.02E-12 7.23E-12
 8.56E-12 9.99E-12 1.11E-11 1.17E-11 1.14E-11 1.09E-11
 4.88E-43 2.62E-32 9.16E-24 2.02E-17 2.54E-14 1.48E-12 5.01E-12 7.23E-12
 8.56E-12 9.99E-12 1.11E-11 1.17E-11 1.14E-11 1.09E-11
 4.86E-43 2.62E-32 9.16E-24 2.02E-17 2.53E-14 1.48E-12 5.00E-12 7.20E-12
 8.53E-12 9.96E-12 1.11E-11 1.17E-11 1.14E-11 1.09E-11
 4.87E-43 2.62E-32 9.16E-24 2.01E-17 2.51E-14 1.45E-12 4.89E-12 7.05E-12
 8.35E-12 9.77E-12 1.09E-11 1.15E-11 1.13E-11 1.08E-11
  6.02498    7  14 /pl=01:ss=39:pb= 1:sz=39/type=excit/ispb = t/isel =    5
 1.00E+10 1.00E+11 1.00E+12 1.00E+13 1.00E+14 1.00E+15 1.00E+16
 2.76E+01 4.14E+01 6.89E+01 1.38E+02 2.76E+02 6.89E+02 1.38E+03 2.07E+03
 2.76E+03 4.14E+03 6.89E+03 1.38E+04 2.76E+04 4.14E+04
 1.00E-74 1.12E-31 3.84E-23 8.29E-17 1.03E-13 5.98E-12 2.03E-11 2.92E-11
 3.45E-11 4.02E-11 4.47E-11 4.69E-11 4.57E-11 4.39E-11
 3.00E-42 1.12E-31 3.84E-23 8.29E-17 1.03E-13 5.98E-12 2.03E-11 2.92E-11
 3.45E-11 4.02E-11 4.47E-11 4.69E-11 4.57E-11 4.39E-11
 2.10E-42 1.12E-31 3.84E-23 8.29E-17 1.03E-13 5.98E-12 2.03E-11 2.92E-11
 3.45E-11 4.02E-11 4.47E-11 4.69E-11 4.57E-11 4.39E-11
 2.16E-42 1.12E-31 3.84E-23 8.29E-17 1.03E-13 5.98E-12 2.03E-11 2.92E-11
 3.45E-11 4.02E-11 4.47E-11 4.69E-11 4.57E-11 4.39E-11
 2.17E-42 1.12E-31 3.84E-23 8.29E-17 1.03E-13 5.97E-12 2.03E-11 2.92E-11
 3.44E-11 4.02E-11 4.47E-11 4.69E-11 4.57E-11 4.39E-11
 2.16E-42 1.12E-31 3.84E-23 8.28E-17 1.03E-13 5.96E-12 2.02E-11 2.91E-11
 3.43E-11 4.01E-11 4.46E-11 4.68E-11 4.56E-11 4.39E-11
 2.16E-42 1.12E-31 3.84E-23 8.25E-17 1.02E-13 5.85E-12 1.98E-11 2.85E-11
 3.36E-11 3.93E-11 4.38E-11 4.61E-11 4.51E-11 4.34E-11
  6.04940    7  14 /pl=01:ss=39:pb= 1:sz=39/type=excit/ispb = t/isel =    6
 1.00E+10 1.00E+11 1.00E+12 1.00E+13 1.00E+14 1.00E+15 1.00E+16
 2.76E+01 4.14E+01 6.89E+01 1.38E+02 2.76E+02 6.89E+02 1.38E+03 2.07E+03
 2.76E+03 4.14E+03 6.89E+03 1.38E+04 2.76E+04 4.14E+04
 1.00E-74 9.23E-32 2.90E-23 5.90E-17 7.15E-14 4.08E-12 1.37E-11 1.96E-11
 2.32E-11 2.71E-11 3.01E-11 3.15E-11 3.07E-11 2.95E-11
 2.02E-42 9.23E-32 2.90E-23 5.90E-17 7.15E-14 4.08E-12 1.37E-11 1.96E-11
 2.32E-11 2.71E-11 3.01E-11 3.15E-11 3.07E-11 2.95E-11
 2.02E-42 9.23E-32 2.90E-23 5.90E-17 7.15E-14 4.08E-12 1.37E-11 1.96E-11
 2.32E-11 2.71E-11 3.01E-11 3.15E-11 3.07E-11 2.95E-11
 1.96E-42 9.23E-32 2.90E-23 5.90E-17 7.15E-14 4.08E-12 1.37E-11 1.96E-11
 2.32E-11 2.71E-11 3.01E-11 3.15E-11 3.07E-11 2.95E-11
 1.96E-42 9.23E-32 2.90E-23 5.89E-17 7.15E-14 4.08E-12 1.37E-11 1.96E-11
 2.32E-11 2.71E-11 3.01E-11 3.15E-11 3.07E-11 2.95E-11
 1.96E-42 9.23E-32 2.90E-23 5.89E-17 7.14E-14 4.06E-12 1.36E-11 1.96E-11
 2.32E-11 2.70E-11 3.00E-11 3.15E-11 3.06E-11 2.94E-11
 1.96E-42 9.23E-32 2.90E-23 5.87E-17 7.06E-14 3.99E-12 1.33E-11 1.92E-11
 2.27E-11 2.65E-11 2.95E-11 3.10E-11 3.02E-11 2.91E-11
  6.23147    7  14 /pl=01:ss=39:pb= 1:sz=39/type=excit/ispb = t/isel =    7
 1.00E+10 1.00E+11 1.00E+12 1.00E+13 1.00E+14 1.00E+15 1.00E+16
 2.76E+01 4.14E+01 6.89E+01 1.38E+02 2.76E+02 6.89E+02 1.38E+03 2.07E+03
 2.76E+03 4.14E+03 6.89E+03 1.38E+04 2.76E+04 4.14E+04
 9.70E-42 2.12E-31 3.74E-23 4.93E-17 4.82E-14 2.44E-12 7.89E-12 1.12E-11
 1.31E-11 1.51E-11 1.67E-11 1.74E-11 1.67E-11 1.60E-11
 9.21E-42 2.12E-31 3.74E-23 4.93E-17 4.82E-14 2.44E-12 7.89E-12 1.12E-11
 1.31E-11 1.51E-11 1.67E-11 1.74E-11 1.67E-11 1.60E-11
 9.31E-42 2.12E-31 3.74E-23 4.93E-17 4.82E-14 2.44E-12 7.89E-12 1.12E-11
 1.31E-11 1.51E-11 1.67E-11 1.74E-11 1.67E-11 1.60E-11
 9.31E-42 2.12E-31 3.74E-23 4.93E-17 4.82E-14 2.43E-12 7.88E-12 1.12E-11
 1.31E-11 1.51E-11 1.67E-11 1.74E-11 1.67E-11 1.60E-11
 9.31E-42 2.12E-31 3.74E-23 4.93E-17 4.82E-14 2.43E-12 7.88E-12 1.12E-11
 1.31E-11 1.51E-11 1.67E-11 1.74E-11 1.67E-11 1.60E-11
 9.31E-42 2.12E-31 3.74E-23 4.93E-17 4.81E-14 2.43E-12 7.86E-12 1.12E-11
 1.30E-11 1.51E-11 1.67E-11 1.73E-11 1.67E-11 1.60E-11
 9.31E-42 2.12E-31 3.74E-23 4.91E-17 4.76E-14 2.38E-12 7.69E-12 1.09E-11
 1.28E-11 1.48E-11 1.64E-11 1.71E-11 1.65E-11 1.58E-11
  6.24159    7  14 /pl=01:ss=39:pb= 1:sz=39/type=excit/ispb = t/isel =    8
 1.00E+10 1.00E+11 1.00E+12 1.00E+13 1.00E+14 1.00E+15 1.00E+16
 2.76E+01 4.14E+01 6.89E+01 1.38E+02 2.76E+02 6.89E+02 1.38E+03 2.07E+03
 2.76E+03 4.14E+03 6.89E+03 1.38E+04 2.76E+04 4.14E+04
 9.77E-42 2.32E-31 3.97E-23 5.11E-17 4.92E-14 2.46E-12 7.92E-12 1.12E-11
 1.32E-11 1.52E-11 1.68E-11 1.75E-11 1.69E-11 1.61E-11
 1.07E-41 2.32E-31 3.97E-23 5.11E-17 4.92E-14 2.46E-12 7.92E-12 1.12E-11
 1.32E-11 1.52E-11 1.68E-11 1.75E-11 1.69E-11 1.61E-11
 1.06E-41 2.32E-31 3.97E-23 5.11E-17 4.92E-14 2.46E-12 7.92E-12 1.12E-11
 1.32E-11 1.52E-11 1.68E-11 1.75E-11 1.69E-11 1.61E-11
 1.06E-41 2.32E-31 3.97E-23 5.11E-17 4.92E-14 2.46E-12 7.92E-12 1.12E-11
 1.32E-11 1.52E-11 1.68E-11 1.75E-11 1.69E-11 1.61E-11
 1.06E-41 2.32E-31 3.97E-23 5.11E-17 4.92E-14 2.46E-12 7.92E-12 1.12E-11
 1.32E-11 1.52E-11 1.68E-11 1.75E-11 1.69E-11 1.61E-11
 1.06E-41 2.32E-31 3.97E-23 5.10E-17 4.92E-14 2.45E-12 7.90E-12 1.12E-11
 1.31E-11 1.52E-11 1.68E-11 1.74E-11 1.69E-11 1.61E-11
 1.06E-41 2.32E-31 3.97E-23 5.08E-17 4.86E-14 2.41E-12 7.73E-12 1.10E-11
 1.29E-11 1.49E-11 1.65E-11 1.72E-11 1.67E-11 1.59E-11
  7.55369    7  14 /pl=01:ss=39:pb= 1:sz=39/type=excit/ispb = t/isel =    9
 1.00E+10 1.00E+11 1.00E+12 1.00E+13 1.00E+14 1.00E+15 1.00E+16
 2.76E+01 4.14E+01 6.89E+01 1.38E+02 2.76E+02 6.89E+02 1.38E+03 2.07E+03
 2.76E+03 4.14E+03 6.89E+03 1.38E+04 2.76E+04 4.14E+04
 2.49E-37 9.27E-29 9.28E-22 2.76E-16 1.61E-13 6.60E-12 2.03E-11 2.77E-11
 3.15E-11 3.44E-11 3.46E-11 3.13E-11 2.64E-11 2.35E-11
 2.49E-37 9.27E-29 9.28E-22 2.76E-16 1.61E-13 6.60E-12 2.03E-11 2.77E-11
 3.15E-11 3.44E-11 3.46E-11 3.13E-11 2.64E-11 2.35E-11
 2.49E-37 9.27E-29 9.28E-22 2.76E-16 1.61E-13 6.60E-12 2.03E-11 2.77E-11
 3.15E-11 3.44E-11 3.46E-11 3.13E-11 2.64E-11 2.35E-11
 2.49E-37 9.27E-29 9.28E-22 2.76E-16 1.61E-13 6.60E-12 2.03E-11 2.77E-11
 3.15E-11 3.44E-11 3.46E-11 3.13E-11 2.64E-11 2.35E-11
 2.49E-37 9.27E-29 9.28E-22 2.76E-16 1.61E-13 6.60E-12 2.03E-11 2.77E-11
 3.15E-11 3.44E-11 3.46E-11 3.13E-11 2.64E-11 2.35E-11
 2.49E-37 9.27E-29 9.28E-22 2.76E-16 1.60E-13 6.58E-12 2.02E-11 2.76E-11
 3.14E-11 3.43E-11 3.45E-11 3.13E-11 2.64E-11 2.35E-11
 2.49E-37 9.27E-29 9.27E-22 2.75E-16 1.59E-13 6.46E-12 1.98E-11 2.71E-11
 3.08E-11 3.36E-11 3.39E-11 3.08E-11 2.61E-11 2.32E-11
  14.3066    7  14 /pl=01:ss=39:pb= 1:sz=39/type=excit/ispb = t/isel =   10
 1.00E+10 1.00E+11 1.00E+12 1.00E+13 1.00E+14 1.00E+15 1.00E+16
 2.76E+01 4.14E+01 6.89E+01 1.38E+02 2.76E+02 6.89E+02 1.38E+03 2.07E+03
 2.76E+03 4.14E+03 6.89E+03 1.38E+04 2.76E+04 4.14E+04
 1.14E-24 3.31E-20 1.14E-16 4.64E-14 8.88E-13 4.86E-12 8.30E-12 9.91E-12
 1.09E-11 1.20E-11 1.30E-11 1.35E-11 1.31E-11 1.26E-11
 1.14E-24 3.31E-20 1.14E-16 4.64E-14 8.88E-13 4.86E-12 8.30E-12 9.91E-12
 1.09E-11 1.20E-11 1.30E-11 1.35E-11 1.31E-11 1.26E-11
 1.14E-24 3.31E-20 1.14E-16 4.64E-14 8.88E-13 4.86E-12 8.30E-12 9.91E-12
 1.09E-11 1.20E-11 1.30E-11 1.35E-11 1.31E-11 1.26E-11
 1.14E-24 3.31E-20 1.14E-16 4.64E-14 8.88E-13 4.86E-12 8.30E-12 9.91E-12
 1.09E-11 1.20E-11 1.29E-11 1.35E-11 1.31E-11 1.26E-11
 1.14E-24 3.31E-20 1.14E-16 4.64E-14 8.88E-13 4.86E-12 8.30E-12 9.91E-12
 1.09E-11 1.20E-11 1.29E-11 1.35E-11 1.31E-11 1.26E-11
 1.14E-24 3.31E-20 1.14E-16 4.64E-14 8.86E-13 4.85E-12 8.27E-12 9.88E-12
 1.08E-11 1.19E-11 1.29E-11 1.35E-11 1.31E-11 1.26E-11
 1.14E-24 3.31E-20 1.14E-16 4.63E-14 8.78E-13 4.77E-12 8.11E-12 9.68E-12
 1.06E-11 1.17E-11 1.27E-11 1.33E-11 1.29E-11 1.24E-11
  16.4887    7  14 /pl=01:ss=39:pb= 1:sz=39/type=excit/ispb = t/isel =   11
 1.00E+10 1.00E+11 1.00E+12 1.00E+13 1.00E+14 1.00E+15 1.00E+16
 2.76E+01 4.14E+01 6.89E+01 1.38E+02 2.76E+02 6.89E+02 1.38E+03 2.07E+03
 2.76E+03 4.14E+03 6.89E+03 1.38E+04 2.76E+04 4.14E+04
 1.00E-22 7.45E-19 8.69E-16 1.55E-13 1.90E-12 8.02E-12 1.29E-11 1.52E-11
 1.65E-11 1.80E-11 1.92E-11 1.94E-11 1.85E-11 1.75E-11
 1.00E-22 7.45E-19 8.69E-16 1.55E-13 1.90E-12 8.02E-12 1.29E-11 1.52E-11
 1.65E-11 1.80E-11 1.92E-11 1.94E-11 1.85E-11 1.75E-11
 1.00E-22 7.45E-19 8.69E-16 1.55E-13 1.90E-12 8.02E-12 1.29E-11 1.52E-11
 1.65E-11 1.80E-11 1.92E-11 1.94E-11 1.85E-11 1.75E-11
 1.00E-22 7.45E-19 8.69E-16 1.55E-13 1.90E-12 8.02E-12 1.29E-11 1.52E-11
 1.65E-11 1.80E-11 1.92E-11 1.94E-11 1.85E-11 1.75E-11
 1.00E-22 7.45E-19 8.69E-16 1.55E-13 1.90E-12 8.02E-12 1.29E-11 1.52E-11
 1.65E-11 1.80E-11 1.92E-11 1.94E-11 1.85E-11 1.75E-11
 1.00E-22 7.45E-19 8.69E-16 1.55E-13 1.90E-12 8.01E-12 1.29E-11 1.52E-11
 1.65E-11 1.80E-11 1.92E-11 1.94E-11 1.84E-11 1.75E-11
 1.00E-22 7.46E-19 8.71E-16 1.55E-13 1.89E-12 7.91E-12 1.27E-11 1.49E-11
 1.62E-11 1.77E-11 1.89E-11 1.91E-11 1.82E-11 1.73E-11
  17.2328    7  14 /pl=01:ss=39:pb= 1:sz=39/type=excit/ispb = t/isel =   12
 1.00E+10 1.00E+11 1.00E+12 1.00E+13 1.00E+14 1.00E+15 1.00E+16
 2.76E+01 4.14E+01 6.89E+01 1.38E+02 2.76E+02 6.89E+02 1.38E+03 2.07E+03
 2.76E+03 4.14E+03 6.89E+03 1.38E+04 2.76E+04 4.14E+04
 1.02E-24 4.16E-20 1.85E-16 8.66E-14 1.60E-12 7.47E-12 1.08E-11 1.15E-11
 1.15E-11 1.10E-11 9.89E-12 8.02E-12 6.17E-12 5.20E-12
 1.02E-24 4.16E-20 1.85E-16 8.66E-14 1.60E-12 7.47E-12 1.08E-11 1.15E-11
 1.15E-11 1.10E-11 9.89E-12 8.02E-12 6.17E-12 5.20E-12
 1.02E-24 4.16E-20 1.85E-16 8.66E-14 1.60E-12 7.47E-12 1.08E-11 1.15E-11
 1.15E-11 1.10E-11 9.89E-12 8.02E-12 6.17E-12 5.20E-12
 1.02E-24 4.16E-20 1.85E-16 8.66E-14 1.60E-12 7.47E-12 1.08E-11 1.15E-11
 1.15E-11 1.10E-11 9.89E-12 8.01E-12 6.17E-12 5.20E-12
 1.02E-24 4.16E-20 1.85E-16 8.66E-14 1.60E-12 7.46E-12 1.08E-11 1.15E-11
 1.15E-11 1.10E-11 9.89E-12 8.01E-12 6.17E-12 5.20E-12
 1.02E-24 4.16E-20 1.85E-16 8.65E-14 1.60E-12 7.44E-12 1.08E-11 1.14E-11
 1.14E-11 1.10E-11 9.87E-12 8.00E-12 6.16E-12 5.20E-12
 1.02E-24 4.16E-20 1.85E-16 8.62E-14 1.58E-12 7.31E-12 1.05E-11 1.12E-11
 1.12E-11 1.07E-11 9.69E-12 7.88E-12 6.08E-12 5.14E-12
  17.2757    7  14 /pl=01:ss=39:pb= 1:sz=39/type=excit/ispb = t/isel =   13
 1.00E+10 1.00E+11 1.00E+12 1.00E+13 1.00E+14 1.00E+15 1.00E+16
 2.76E+01 4.14E+01 6.89E+01 1.38E+02 2.76E+02 6.89E+02 1.38E+03 2.07E+03
 2.76E+03 4.14E+03 6.89E+03 1.38E+04 2.76E+04 4.14E+04
 1.71E-22 8.42E-19 7.03E-16 9.79E-14 1.07E-12 4.23E-12 6.63E-12 7.75E-12
 8.42E-12 9.13E-12 9.69E-12 9.82E-12 9.32E-12 8.82E-12
 1.71E-22 8.42E-19 7.03E-16 9.79E-14 1.07E-12 4.23E-12 6.63E-12 7.75E-12
 8.42E-12 9.13E-12 9.69E-12 9.82E-12 9.32E-12 8.82E-12
 1.71E-22 8.42E-19 7.03E-16 9.79E-14 1.07E-12 4.23E-12 6.63E-12 7.75E-12
 8.42E-12 9.13E-12 9.69E-12 9.82E-12 9.32E-12 8.82E-12
 1.71E-22 8.42E-19 7.03E-16 9.79E-14 1.07E-12 4.23E-12 6.63E-12 7.75E-12
 8.42E-12 9.13E-12 9.69E-12 9.82E-12 9.32E-12 8.82E-12
 1.71E-22 8.42E-19 7.03E-16 9.79E-14 1.07E-12 4.22E-12 6.63E-12 7.75E-12
 8.42E-12 9.13E-12 9.68E-12 9.82E-12 9.32E-12 8.82E-12
 1.71E-22 8.42E-19 7.03E-16 9.78E-14 1.06E-12 4.21E-12 6.61E-12 7.73E-12
 8.39E-12 9.10E-12 9.66E-12 9.80E-12 9.31E-12 8.81E-12
 1.71E-22 8.42E-19 7.03E-16 9.75E-14 1.05E-12 4.14E-12 6.47E-12 7.57E-12
 8.23E-12 8.93E-12 9.49E-12 9.65E-12 9.19E-12 8.71E-12
  18.0113    7  14 /pl=01:ss=39:pb= 1:sz=39/type=excit/ispb = t/isel =   14
 1.00E+10 1.00E+11 1.00E+12 1.00E+13 1.00E+14 1.00E+15 1.00E+16
 2.76E+01 4.14E+01 6.89E+01 1.38E+02 2.76E+02 6.89E+02 1.38E+03 2.07E+03
 2.76E+03 4.14E+03 6.89E+03 1.38E+04 2.76E+04 4.14E+04
 1.17E-21 3.99E-18 2.49E-15 2.80E-13 2.70E-12 9.87E-12 1.51E-11 1.76E-11
 1.91E-11 2.07E-11 2.17E-11 2.19E-11 2.07E-11 1.96E-11
 1.17E-21 3.99E-18 2.49E-15 2.80E-13 2.70E-12 9.87E-12 1.51E-11 1.76E-11
 1.91E-11 2.07E-11 2.17E-11 2.19E-11 2.07E-11 1.96E-11
 1.17E-21 3.99E-18 2.49E-15 2.80E-13 2.70E-12 9.87E-12 1.51E-11 1.76E-11
 1.91E-11 2.07E-11 2.17E-11 2.19E-11 2.07E-11 1.96E-11
 1.17E-21 3.99E-18 2.49E-15 2.80E-13 2.70E-12 9.87E-12 1.51E-11 1.76E-11
 1.91E-11 2.07E-11 2.17E-11 2.19E-11 2.07E-11 1.96E-11
 1.17E-21 3.99E-18 2.49E-15 2.80E-13 2.70E-12 9.87E-12 1.51E-11 1.76E-11
 1.90E-11 2.07E-11 2.17E-11 2.19E-11 2.07E-11 1.96E-11
 1.17E-21 3.99E-18 2.49E-15 2.79E-13 2.70E-12 9.84E-12 1.51E-11 1.76E-11
 1.90E-11 2.06E-11 2.17E-11 2.18E-11 2.06E-11 1.96E-11
 1.17E-21 3.99E-18 2.49E-15 2.79E-13 2.67E-12 9.66E-12 1.48E-11 1.72E-11
 1.86E-11 2.02E-11 2.13E-11 2.15E-11 2.04E-11 1.93E-11
  20.0694    7  14 /pl=01:ss=39:pb= 1:sz=39/type=excit/ispb = t/isel =   15
 1.00E+10 1.00E+11 1.00E+12 1.00E+13 1.00E+14 1.00E+15 1.00E+16
 2.76E+01 4.14E+01 6.89E+01 1.38E+02 2.76E+02 6.89E+02 1.38E+03 2.07E+03
 2.76E+03 4.14E+03 6.89E+03 1.38E+04 2.76E+04 4.14E+04
 1.37E-23 2.22E-19 4.75E-16 1.28E-13 1.81E-12 7.21E-12 9.94E-12 1.04E-11
 1.03E-11 9.74E-12 8.70E-12 7.00E-12 5.41E-12 4.58E-12
 1.37E-23 2.22E-19 4.75E-16 1.28E-13 1.81E-12 7.21E-12 9.94E-12 1.04E-11
 1.03E-11 9.74E-12 8.70E-12 7.00E-12 5.41E-12 4.58E-12
 1.37E-23 2.22E-19 4.75E-16 1.28E-13 1.81E-12 7.21E-12 9.94E-12 1.04E-11
 1.03E-11 9.74E-12 8.70E-12 7.00E-12 5.41E-12 4.58E-12
 1.37E-23 2.22E-19 4.75E-16 1.28E-13 1.81E-12 7.21E-12 9.94E-12 1.04E-11
 1.03E-11 9.74E-12 8.70E-12 7.00E-12 5.41E-12 4.58E-12
 1.37E-23 2.22E-19 4.75E-16 1.28E-13 1.81E-12 7.21E-12 9.94E-12 1.04E-11
 1.03E-11 9.74E-12 8.69E-12 7.00E-12 5.41E-12 4.58E-12
 1.37E-23 2.22E-19 4.75E-16 1.28E-13 1.81E-12 7.19E-12 9.91E-12 1.03E-11
 1.02E-11 9.71E-12 8.67E-12 6.98E-12 5.40E-12 4.57E-12
 1.37E-23 2.22E-19 4.75E-16 1.28E-13 1.79E-12 7.06E-12 9.70E-12 1.01E-11
 1.00E-11 9.52E-12 8.52E-12 6.88E-12 5.33E-12 4.52E-12
  21.6109    7  14 /pl=01:ss=39:pb= 1:sz=39/type=excit/ispb = t/isel =   16
 1.00E+10 1.00E+11 1.00E+12 1.00E+13 1.00E+14 1.00E+15 1.00E+16
 2.76E+01 4.14E+01 6.89E+01 1.38E+02 2.76E+02 6.89E+02 1.38E+03 2.07E+03
 2.76E+03 4.14E+03 6.89E+03 1.38E+04 2.76E+04 4.14E+04
 1.65E-23 2.68E-19 5.73E-16 1.55E-13 2.18E-12 8.69E-12 1.20E-11 1.25E-11
 1.24E-11 1.17E-11 1.05E-11 8.43E-12 6.51E-12 5.52E-12
 1.65E-23 2.68E-19 5.73E-16 1.55E-13 2.18E-12 8.69E-12 1.20E-11 1.25E-11
 1.24E-11 1.17E-11 1.05E-11 8.43E-12 6.51E-12 5.52E-12
 1.65E-23 2.68E-19 5.73E-16 1.55E-13 2.18E-12 8.69E-12 1.20E-11 1.25E-11
 1.24E-11 1.17E-11 1.05E-11 8.43E-12 6.51E-12 5.52E-12
 1.65E-23 2.68E-19 5.73E-16 1.55E-13 2.18E-12 8.69E-12 1.20E-11 1.25E-11
 1.24E-11 1.17E-11 1.05E-11 8.43E-12 6.51E-12 5.52E-12
 1.65E-23 2.68E-19 5.73E-16 1.55E-13 2.18E-12 8.69E-12 1.20E-11 1.25E-11
 1.24E-11 1.17E-11 1.05E-11 8.43E-12 6.51E-12 5.52E-12
 1.65E-23 2.68E-19 5.73E-16 1.55E-13 2.18E-12 8.67E-12 1.19E-11 1.24E-11
 1.23E-11 1.17E-11 1.04E-11 8.42E-12 6.50E-12 5.51E-12
 1.65E-23 2.68E-19 5.72E-16 1.54E-13 2.15E-12 8.51E-12 1.17E-11 1.22E-11
 1.21E-11 1.15E-11 1.03E-11 8.29E-12 6.42E-12 5.45E-12
  22.6393    7  14 /pl=01:ss=39:pb= 1:sz=39/type=excit/ispb = t/isel =   17
 1.00E+10 1.00E+11 1.00E+12 1.00E+13 1.00E+14 1.00E+15 1.00E+16
 2.76E+01 4.14E+01 6.89E+01 1.38E+02 2.76E+02 6.89E+02 1.38E+03 2.07E+03
 2.76E+03 4.14E+03 6.89E+03 1.38E+04 2.76E+04 4.14E+04
 1.26E-23 2.05E-19 4.39E-16 1.19E-13 1.67E-12 6.66E-12 9.18E-12 9.57E-12
 9.48E-12 9.00E-12 8.03E-12 6.46E-12 4.99E-12 4.23E-12
 1.26E-23 2.05E-19 4.39E-16 1.19E-13 1.67E-12 6.66E-12 9.18E-12 9.57E-12
 9.48E-12 9.00E-12 8.03E-12 6.46E-12 4.99E-12 4.23E-12
 1.26E-23 2.05E-19 4.39E-16 1.19E-13 1.67E-12 6.66E-12 9.18E-12 9.57E-12
 9.48E-12 9.00E-12 8.03E-12 6.46E-12 4.99E-12 4.23E-12
 1.26E-23 2.05E-19 4.39E-16 1.19E-13 1.67E-12 6.66E-12 9.18E-12 9.57E-12
 9.48E-12 9.00E-12 8.03E-12 6.46E-12 4.99E-12 4.23E-12
 1.26E-23 2.05E-19 4.39E-16 1.19E-13 1.67E-12 6.66E-12 9.18E-12 9.56E-12
 9.48E-12 8.99E-12 8.03E-12 6.46E-12 4.99E-12 4.23E-12
 1.26E-23 2.05E-19 4.39E-16 1.18E-13 1.67E-12 6.64E-12 9.15E-12 9.53E-12
 9.45E-12 8.97E-12 8.01E-12 6.45E-12 4.98E-12 4.22E-12
 1.26E-23 2.05E-19 4.39E-16 1.18E-13 1.65E-12 6.52E-12 8.96E-12 9.33E-12
 9.25E-12 8.79E-12 7.87E-12 6.35E-12 4.92E-12 4.18E-12
  43.5711    7  14 /pl=01:ss=39:pb= 1:sz=39/type=excit/ispb = t/isel =   18
 1.00E+10 1.00E+11 1.00E+12 1.00E+13 1.00E+14 1.00E+15 1.00E+16
 2.76E+01 4.14E+01 6.89E+01 1.38E+02 2.76E+02 6.89E+02 1.38E+03 2.07E+03
 2.76E+03 4.14E+03 6.89E+03 1.38E+04 2.76E+04 4.14E+04
 6.95E-19 3.21E-16 3.95E-14 1.25E-12 6.05E-12 1.23E-11 1.33E-11 1.26E-11
 1.18E-11 1.05E-11 8.79E-12 6.72E-12 5.02E-12 4.23E-12
 6.95E-19 3.21E-16 3.95E-14 1.25E-12 6.05E-12 1.23E-11 1.33E-11 1.26E-11
 1.18E-11 1.05E-11 8.79E-12 6.72E-12 5.02E-12 4.23E-12
 6.95E-19 3.21E-16 3.95E-14 1.25E-12 6.05E-12 1.23E-11 1.33E-11 1.26E-11
 1.18E-11 1.05E-11 8.79E-12 6.72E-12 5.02E-12 4.23E-12
 6.95E-19 3.21E-16 3.95E-14 1.25E-12 6.05E-12 1.23E-11 1.33E-11 1.26E-11
 1.18E-11 1.05E-11 8.79E-12 6.72E-12 5.02E-12 4.23E-12
 6.95E-19 3.21E-16 3.95E-14 1.25E-12 6.05E-12 1.23E-11 1.33E-11 1.26E-11
 1.18E-11 1.05E-11 8.79E-12 6.72E-12 5.02E-12 4.23E-12
 6.96E-19 3.21E-16 3.95E-14 1.25E-12 6.05E-12 1.23E-11 1.33E-11 1.26E-11
 1.18E-11 1.05E-11 8.79E-12 6.72E-12 5.02E-12 4.23E-12
 6.96E-19 3.21E-16 3.96E-14 1.26E-12 6.10E-12 1.24E-11 1.33E-11 1.26E-11
 1.18E-11 1.05E-11 8.80E-12 6.73E-12 5.03E-12 4.23E-12
  45.7191    7  14 /pl=01:ss=39:pb= 1:sz=39/type=excit/ispb = t/isel =   19
 1.00E+10 1.00E+11 1.00E+12 1.00E+13 1.00E+14 1.00E+15 1.00E+16
 2.76E+01 4.14E+01 6.89E+01 1.38E+02 2.76E+02 6.89E+02 1.38E+03 2.07E+03
 2.76E+03 4.14E+03 6.89E+03 1.38E+04 2.76E+04 4.14E+04
 2.86E-13 6.23E-12 6.75E-11 3.55E-10 7.25E-10 9.71E-10 9.80E-10 9.45E-10
 9.09E-10 8.46E-10 7.60E-10 6.37E-10 5.24E-10 4.62E-10
 2.86E-13 6.23E-12 6.75E-11 3.55E-10 7.25E-10 9.71E-10 9.80E-10 9.45E-10
 9.09E-10 8.46E-10 7.60E-10 6.37E-10 5.24E-10 4.62E-10
 2.86E-13 6.23E-12 6.75E-11 3.55E-10 7.25E-10 9.71E-10 9.80E-10 9.45E-10
 9.09E-10 8.46E-10 7.60E-10 6.37E-10 5.24E-10 4.62E-10
 2.86E-13 6.23E-12 6.75E-11 3.55E-10 7.25E-10 9.71E-10 9.80E-10 9.45E-10
 9.09E-10 8.46E-10 7.60E-10 6.37E-10 5.24E-10 4.62E-10
 2.86E-13 6.23E-12 6.75E-11 3.55E-10 7.25E-10 9.70E-10 9.80E-10 9.45E-10
 9.09E-10 8.46E-10 7.59E-10 6.37E-10 5.24E-10 4.62E-10
 2.86E-13 6.23E-12 6.75E-11 3.55E-10 7.24E-10 9.68E-10 9.77E-10 9.42E-10
 9.06E-10 8.44E-10 7.58E-10 6.36E-10 5.23E-10 4.61E-10
 2.86E-13 6.23E-12 6.75E-11 3.54E-10 7.16E-10 9.50E-10 9.57E-10 9.22E-10
 8.88E-10 8.27E-10 7.44E-10 6.26E-10 5.16E-10 4.56E-10
  45.8505    7  14 /pl=01:ss=39:pb= 1:sz=39/type=excit/ispb = t/isel =   20
 1.00E+10 1.00E+11 1.00E+12 1.00E+13 1.00E+14 1.00E+15 1.00E+16
 2.76E+01 4.14E+01 6.89E+01 1.38E+02 2.76E+02 6.89E+02 1.38E+03 2.07E+03
 2.76E+03 4.14E+03 6.89E+03 1.38E+04 2.76E+04 4.14E+04
 1.14E-40 1.02E-30 8.42E-23 6.28E-17 4.59E-14 1.91E-12 5.57E-12 7.40E-12
 8.24E-12 8.74E-12 8.49E-12 7.31E-12 5.83E-12 5.01E-12
 1.14E-40 1.02E-30 8.42E-23 6.28E-17 4.59E-14 1.91E-12 5.57E-12 7.40E-12
 8.24E-12 8.74E-12 8.49E-12 7.31E-12 5.83E-12 5.01E-12
 1.14E-40 1.02E-30 8.42E-23 6.28E-17 4.59E-14 1.91E-12 5.57E-12 7.40E-12
 8.24E-12 8.74E-12 8.49E-12 7.31E-12 5.83E-12 5.01E-12
 1.14E-40 1.02E-30 8.42E-23 6.28E-17 4.59E-14 1.91E-12 5.57E-12 7.40E-12
 8.24E-12 8.74E-12 8.49E-12 7.31E-12 5.83E-12 5.01E-12
 1.14E-40 1.02E-30 8.42E-23 6.28E-17 4.59E-14 1.90E-12 5.57E-12 7.39E-12
 8.23E-12 8.74E-12 8.49E-12 7.31E-12 5.83E-12 5.00E-12
 1.14E-40 1.02E-30 8.42E-23 6.28E-17 4.58E-14 1.90E-12 5.55E-12 7.37E-12
 8.21E-12 8.71E-12 8.47E-12 7.29E-12 5.82E-12 5.00E-12
 1.14E-40 1.02E-30 8.41E-23 6.25E-17 4.53E-14 1.86E-12 5.44E-12 7.22E-12
 8.04E-12 8.54E-12 8.32E-12 7.18E-12 5.75E-12 4.94E-12
  49.0196    7  14 /pl=01:ss=39:pb= 1:sz=39/type=excit/ispb = t/isel =   21
 1.00E+10 1.00E+11 1.00E+12 1.00E+13 1.00E+14 1.00E+15 1.00E+16
 2.76E+01 4.14E+01 6.89E+01 1.38E+02 2.76E+02 6.89E+02 1.38E+03 2.07E+03
 2.76E+03 4.14E+03 6.89E+03 1.38E+04 2.76E+04 4.14E+04
 4.79E-19 2.21E-16 2.72E-14 8.61E-13 4.17E-12 8.50E-12 9.13E-12 8.68E-12
 8.13E-12 7.26E-12 6.05E-12 4.63E-12 3.46E-12 2.91E-12
 4.79E-19 2.21E-16 2.72E-14 8.61E-13 4.17E-12 8.50E-12 9.13E-12 8.68E-12
 8.13E-12 7.26E-12 6.05E-12 4.63E-12 3.46E-12 2.91E-12
 4.79E-19 2.21E-16 2.72E-14 8.61E-13 4.17E-12 8.50E-12 9.13E-12 8.68E-12
 8.13E-12 7.26E-12 6.05E-12 4.63E-12 3.46E-12 2.91E-12
 4.79E-19 2.21E-16 2.72E-14 8.61E-13 4.17E-12 8.50E-12 9.13E-12 8.68E-12
 8.13E-12 7.26E-12 6.05E-12 4.63E-12 3.46E-12 2.91E-12
 4.79E-19 2.21E-16 2.72E-14 8.61E-13 4.17E-12 8.50E-12 9.13E-12 8.68E-12
 8.12E-12 7.26E-12 6.05E-12 4.63E-12 3.46E-12 2.91E-12
 4.79E-19 2.21E-16 2.72E-14 8.62E-13 4.17E-12 8.50E-12 9.13E-12 8.67E-12
 8.12E-12 7.25E-12 6.05E-12 4.63E-12 3.46E-12 2.91E-12
 4.79E-19 2.21E-16 2.73E-14 8.68E-13 4.20E-12 8.53E-12 9.15E-12 8.69E-12
 8.13E-12 7.26E-12 6.06E-12 4.63E-12 3.46E-12 2.91E-12
  50.4363    7  14 /pl=01:ss=39:pb= 1:sz=39/type=excit/ispb = t/isel =   22
 1.00E+10 1.00E+11 1.00E+12 1.00E+13 1.00E+14 1.00E+15 1.00E+16
 2.76E+01 4.14E+01 6.89E+01 1.38E+02 2.76E+02 6.89E+02 1.38E+03 2.07E+03
 2.76E+03 4.14E+03 6.89E+03 1.38E+04 2.76E+04 4.14E+04
 4.99E-17 6.59E-15 3.01E-13 4.51E-12 1.49E-11 2.41E-11 2.39E-11 2.20E-11
 2.03E-11 1.78E-11 1.46E-11 1.10E-11 8.09E-12 6.76E-12
 4.99E-17 6.59E-15 3.01E-13 4.51E-12 1.49E-11 2.41E-11 2.39E-11 2.20E-11
 2.03E-11 1.78E-11 1.46E-11 1.10E-11 8.09E-12 6.76E-12
 4.99E-17 6.59E-15 3.01E-13 4.51E-12 1.49E-11 2.41E-11 2.39E-11 2.20E-11
 2.03E-11 1.78E-11 1.46E-11 1.10E-11 8.09E-12 6.76E-12
 4.99E-17 6.59E-15 3.01E-13 4.51E-12 1.49E-11 2.41E-11 2.39E-11 2.20E-11
 2.03E-11 1.78E-11 1.46E-11 1.10E-11 8.09E-12 6.76E-12
 4.99E-17 6.59E-15 3.01E-13 4.51E-12 1.49E-11 2.41E-11 2.39E-11 2.20E-11
 2.03E-11 1.78E-11 1.46E-11 1.10E-11 8.08E-12 6.76E-12
 4.99E-17 6.59E-15 3.01E-13 4.51E-12 1.49E-11 2.41E-11 2.38E-11 2.20E-11
 2.02E-11 1.78E-11 1.46E-11 1.10E-11 8.07E-12 6.75E-12
 4.99E-17 6.60E-15 3.01E-13 4.49E-12 1.47E-11 2.36E-11 2.33E-11 2.15E-11
 1.98E-11 1.74E-11 1.43E-11 1.08E-11 7.97E-12 6.67E-12
  50.5799    7  14 /pl=01:ss=39:pb= 1:sz=39/type=excit/ispb = t/isel =   23
 1.00E+10 1.00E+11 1.00E+12 1.00E+13 1.00E+14 1.00E+15 1.00E+16
 2.76E+01 4.14E+01 6.89E+01 1.38E+02 2.76E+02 6.89E+02 1.38E+03 2.07E+03
 2.76E+03 4.14E+03 6.89E+03 1.38E+04 2.76E+04 4.14E+04
 5.57E-13 8.87E-12 7.47E-11 3.28E-10 6.15E-10 7.93E-10 7.87E-10 7.52E-10
 7.17E-10 6.64E-10 5.91E-10 4.91E-10 3.99E-10 3.51E-10
 5.57E-13 8.87E-12 7.47E-11 3.28E-10 6.15E-10 7.93E-10 7.87E-10 7.52E-10
 7.17E-10 6.64E-10 5.91E-10 4.91E-10 3.99E-10 3.51E-10
 5.57E-13 8.87E-12 7.47E-11 3.28E-10 6.15E-10 7.93E-10 7.87E-10 7.52E-10
 7.17E-10 6.64E-10 5.91E-10 4.91E-10 3.99E-10 3.51E-10
 5.57E-13 8.87E-12 7.47E-11 3.28E-10 6.15E-10 7.93E-10 7.87E-10 7.52E-10
 7.17E-10 6.64E-10 5.91E-10 4.91E-10 3.99E-10 3.51E-10
 5.57E-13 8.87E-12 7.47E-11 3.28E-10 6.15E-10 7.93E-10 7.87E-10 7.52E-10
 7.16E-10 6.64E-10 5.91E-10 4.91E-10 3.99E-10 3.51E-10
 5.57E-13 8.87E-12 7.47E-11 3.28E-10 6.14E-10 7.90E-10 7.85E-10 7.49E-10
 7.14E-10 6.62E-10 5.90E-10 4.90E-10 3.99E-10 3.51E-10
 5.57E-13 8.87E-12 7.47E-11 3.27E-10 6.08E-10 7.76E-10 7.68E-10 7.34E-10
 7.00E-10 6.49E-10 5.79E-10 4.83E-10 3.94E-10 3.47E-10
  50.9243    7  14 /pl=01:ss=39:pb= 1:sz=39/type=excit/ispb = t/isel =   24
 1.00E+10 1.00E+11 1.00E+12 1.00E+13 1.00E+14 1.00E+15 1.00E+16
 2.76E+01 4.14E+01 6.89E+01 1.38E+02 2.76E+02 6.89E+02 1.38E+03 2.07E+03
 2.76E+03 4.14E+03 6.89E+03 1.38E+04 2.76E+04 4.14E+04
 2.86E-17 3.68E-15 1.63E-13 2.41E-12 7.89E-12 1.28E-11 1.28E-11 1.18E-11
 1.10E-11 9.64E-12 8.01E-12 6.09E-12 4.55E-12 3.82E-12
 2.86E-17 3.68E-15 1.63E-13 2.41E-12 7.89E-12 1.28E-11 1.28E-11 1.18E-11
 1.10E-11 9.64E-12 8.01E-12 6.09E-12 4.55E-12 3.82E-12
 2.86E-17 3.68E-15 1.63E-13 2.41E-12 7.89E-12 1.28E-11 1.28E-11 1.18E-11
 1.10E-11 9.64E-12 8.01E-12 6.09E-12 4.55E-12 3.82E-12
 2.86E-17 3.68E-15 1.63E-13 2.41E-12 7.89E-12 1.28E-11 1.28E-11 1.18E-11
 1.09E-11 9.64E-12 8.01E-12 6.09E-12 4.55E-12 3.82E-12
 2.86E-17 3.68E-15 1.63E-13 2.41E-12 7.89E-12 1.28E-11 1.28E-11 1.18E-11
 1.09E-11 9.64E-12 8.01E-12 6.09E-12 4.55E-12 3.82E-12
 2.86E-17 3.68E-15 1.63E-13 2.41E-12 7.88E-12 1.28E-11 1.27E-11 1.18E-11
 1.09E-11 9.61E-12 7.99E-12 6.07E-12 4.54E-12 3.81E-12
 2.86E-17 3.68E-15 1.63E-13 2.41E-12 7.80E-12 1.26E-11 1.25E-11 1.15E-11
 1.07E-11 9.43E-12 7.85E-12 5.98E-12 4.49E-12 3.77E-12
  51.4253    7  14 /pl=01:ss=39:pb= 1:sz=39/type=excit/ispb = t/isel =   25
 1.00E+10 1.00E+11 1.00E+12 1.00E+13 1.00E+14 1.00E+15 1.00E+16
 2.76E+01 4.14E+01 6.89E+01 1.38E+02 2.76E+02 6.89E+02 1.38E+03 2.07E+03
 2.76E+03 4.14E+03 6.89E+03 1.38E+04 2.76E+04 4.14E+04
 4.00E-14 6.16E-13 5.32E-12 2.65E-11 5.72E-11 8.22E-11 8.43E-11 8.08E-11
 7.72E-11 7.12E-11 6.28E-11 5.14E-11 4.13E-11 3.60E-11
 4.00E-14 6.16E-13 5.32E-12 2.65E-11 5.72E-11 8.22E-11 8.43E-11 8.08E-11
 7.72E-11 7.12E-11 6.28E-11 5.14E-11 4.13E-11 3.60E-11
 4.00E-14 6.16E-13 5.32E-12 2.65E-11 5.72E-11 8.22E-11 8.43E-11 8.08E-11
 7.72E-11 7.12E-11 6.28E-11 5.14E-11 4.13E-11 3.60E-11
 4.00E-14 6.16E-13 5.32E-12 2.65E-11 5.72E-11 8.22E-11 8.43E-11 8.08E-11
 7.72E-11 7.12E-11 6.28E-11 5.14E-11 4.13E-11 3.60E-11
 4.00E-14 6.16E-13 5.32E-12 2.65E-11 5.72E-11 8.22E-11 8.43E-11 8.08E-11
 7.72E-11 7.12E-11 6.28E-11 5.14E-11 4.12E-11 3.60E-11
 4.00E-14 6.16E-13 5.32E-12 2.65E-11 5.71E-11 8.21E-11 8.41E-11 8.07E-11
 7.71E-11 7.11E-11 6.27E-11 5.14E-11 4.12E-11 3.59E-11
 4.00E-14 6.16E-13 5.32E-12 2.65E-11 5.69E-11 8.14E-11 8.32E-11 7.98E-11
 7.62E-11 7.04E-11 6.21E-11 5.10E-11 4.10E-11 3.57E-11
  51.7553    7  14 /pl=01:ss=39:pb= 1:sz=39/type=excit/ispb = t/isel =   26
 1.00E+10 1.00E+11 1.00E+12 1.00E+13 1.00E+14 1.00E+15 1.00E+16
 2.76E+01 4.14E+01 6.89E+01 1.38E+02 2.76E+02 6.89E+02 1.38E+03 2.07E+03
 2.76E+03 4.14E+03 6.89E+03 1.38E+04 2.76E+04 4.14E+04
 2.88E-13 4.34E-12 3.57E-11 1.58E-10 3.03E-10 3.95E-10 3.91E-10 3.69E-10
 3.51E-10 3.21E-10 2.81E-10 2.30E-10 1.85E-10 1.61E-10
 2.88E-13 4.34E-12 3.57E-11 1.58E-10 3.03E-10 3.95E-10 3.91E-10 3.69E-10
 3.51E-10 3.21E-10 2.81E-10 2.30E-10 1.85E-10 1.61E-10
 2.88E-13 4.34E-12 3.57E-11 1.58E-10 3.03E-10 3.95E-10 3.91E-10 3.69E-10
 3.51E-10 3.21E-10 2.81E-10 2.30E-10 1.85E-10 1.61E-10
 2.88E-13 4.34E-12 3.57E-11 1.58E-10 3.03E-10 3.95E-10 3.91E-10 3.69E-10
 3.51E-10 3.21E-10 2.81E-10 2.30E-10 1.85E-10 1.61E-10
 2.88E-13 4.34E-12 3.57E-11 1.58E-10 3.03E-10 3.95E-10 3.91E-10 3.68E-10
 3.51E-10 3.21E-10 2.81E-10 2.30E-10 1.85E-10 1.61E-10
 2.88E-13 4.34E-12 3.57E-11 1.58E-10 3.03E-10 3.94E-10 3.90E-10 3.67E-10
 3.50E-10 3.20E-10 2.81E-10 2.30E-10 1.84E-10 1.61E-10
 2.88E-13 4.34E-12 3.57E-11 1.58E-10 3.00E-10 3.87E-10 3.82E-10 3.60E-10
 3.43E-10 3.14E-10 2.76E-10 2.27E-10 1.82E-10 1.59E-10
  52.7268    7  14 /pl=01:ss=39:pb= 1:sz=39/type=excit/ispb = t/isel =   27
 1.00E+10 1.00E+11 1.00E+12 1.00E+13 1.00E+14 1.00E+15 1.00E+16
 2.76E+01 4.14E+01 6.89E+01 1.38E+02 2.76E+02 6.89E+02 1.38E+03 2.07E+03
 2.76E+03 4.14E+03 6.89E+03 1.38E+04 2.76E+04 4.14E+04
 3.35E-13 4.72E-12 3.61E-11 1.47E-10 2.64E-10 3.30E-10 3.27E-10 3.12E-10
 2.98E-10 2.76E-10 2.47E-10 2.07E-10 1.69E-10 1.49E-10
 3.35E-13 4.72E-12 3.61E-11 1.47E-10 2.64E-10 3.30E-10 3.27E-10 3.12E-10
 2.98E-10 2.76E-10 2.47E-10 2.07E-10 1.69E-10 1.49E-10
 3.35E-13 4.72E-12 3.61E-11 1.47E-10 2.64E-10 3.30E-10 3.27E-10 3.12E-10
 2.98E-10 2.76E-10 2.47E-10 2.07E-10 1.69E-10 1.49E-10
 3.35E-13 4.72E-12 3.61E-11 1.47E-10 2.64E-10 3.30E-10 3.27E-10 3.12E-10
 2.98E-10 2.76E-10 2.47E-10 2.07E-10 1.69E-10 1.49E-10
 3.35E-13 4.72E-12 3.61E-11 1.47E-10 2.64E-10 3.30E-10 3.27E-10 3.12E-10
 2.98E-10 2.76E-10 2.47E-10 2.07E-10 1.69E-10 1.49E-10
 3.35E-13 4.72E-12 3.61E-11 1.47E-10 2.64E-10 3.29E-10 3.26E-10 3.11E-10
 2.97E-10 2.75E-10 2.46E-10 2.07E-10 1.69E-10 1.49E-10
 3.35E-13 4.72E-12 3.61E-11 1.46E-10 2.61E-10 3.23E-10 3.19E-10 3.05E-10
 2.91E-10 2.70E-10 2.42E-10 2.03E-10 1.67E-10 1.47E-10
  53.5045    7  14 /pl=01:ss=39:pb= 1:sz=39/type=excit/ispb = t/isel =   28
 1.00E+10 1.00E+11 1.00E+12 1.00E+13 1.00E+14 1.00E+15 1.00E+16
 2.76E+01 4.14E+01 6.89E+01 1.38E+02 2.76E+02 6.89E+02 1.38E+03 2.07E+03
 2.76E+03 4.14E+03 6.89E+03 1.38E+04 2.76E+04 4.14E+04
 4.69E-17 4.54E-15 1.61E-13 2.01E-12 6.05E-12 9.55E-12 9.52E-12 8.86E-12
 8.26E-12 7.35E-12 6.21E-12 4.82E-12 3.69E-12 3.15E-12
 4.69E-17 4.54E-15 1.61E-13 2.01E-12 6.05E-12 9.55E-12 9.52E-12 8.86E-12
 8.26E-12 7.35E-12 6.21E-12 4.82E-12 3.69E-12 3.15E-12
 4.69E-17 4.54E-15 1.61E-13 2.01E-12 6.05E-12 9.55E-12 9.52E-12 8.86E-12
 8.26E-12 7.35E-12 6.21E-12 4.82E-12 3.69E-12 3.15E-12
 4.69E-17 4.54E-15 1.61E-13 2.01E-12 6.05E-12 9.55E-12 9.52E-12 8.86E-12
 8.26E-12 7.35E-12 6.21E-12 4.82E-12 3.70E-12 3.15E-12
 4.69E-17 4.54E-15 1.61E-13 2.01E-12 6.06E-12 9.56E-12 9.53E-12 8.87E-12
 8.27E-12 7.36E-12 6.21E-12 4.83E-12 3.70E-12 3.15E-12
 4.70E-17 4.55E-15 1.61E-13 2.02E-12 6.11E-12 9.66E-12 9.63E-12 8.97E-12
 8.36E-12 7.44E-12 6.28E-12 4.87E-12 3.73E-12 3.17E-12
 4.71E-17 4.58E-15 1.64E-13 2.10E-12 6.41E-12 1.02E-11 1.02E-11 9.56E-12
 8.92E-12 7.94E-12 6.69E-12 5.18E-12 3.94E-12 3.34E-12
  54.8847    7  14 /pl=01:ss=39:pb= 1:sz=39/type=excit/ispb = t/isel =   29
 1.00E+10 1.00E+11 1.00E+12 1.00E+13 1.00E+14 1.00E+15 1.00E+16
 2.76E+01 4.14E+01 6.89E+01 1.38E+02 2.76E+02 6.89E+02 1.38E+03 2.07E+03
 2.76E+03 4.14E+03 6.89E+03 1.38E+04 2.76E+04 4.14E+04
 2.40E-17 3.48E-15 1.70E-13 2.70E-12 9.16E-12 1.51E-11 1.50E-11 1.38E-11
 1.27E-11 1.12E-11 9.25E-12 6.93E-12 5.10E-12 4.25E-12
 2.40E-17 3.48E-15 1.70E-13 2.70E-12 9.16E-12 1.51E-11 1.50E-11 1.38E-11
 1.27E-11 1.12E-11 9.25E-12 6.93E-12 5.10E-12 4.25E-12
 2.40E-17 3.48E-15 1.70E-13 2.70E-12 9.16E-12 1.51E-11 1.50E-11 1.38E-11
 1.27E-11 1.12E-11 9.25E-12 6.93E-12 5.10E-12 4.25E-12
 2.40E-17 3.48E-15 1.70E-13 2.70E-12 9.16E-12 1.51E-11 1.50E-11 1.38E-11
 1.27E-11 1.12E-11 9.25E-12 6.93E-12 5.10E-12 4.25E-12
 2.40E-17 3.48E-15 1.70E-13 2.70E-12 9.16E-12 1.51E-11 1.50E-11 1.38E-11
 1.27E-11 1.12E-11 9.25E-12 6.93E-12 5.10E-12 4.25E-12
 2.40E-17 3.48E-15 1.70E-13 2.70E-12 9.15E-12 1.50E-11 1.50E-11 1.38E-11
 1.27E-11 1.11E-11 9.22E-12 6.91E-12 5.09E-12 4.25E-12
 2.40E-17 3.48E-15 1.70E-13 2.69E-12 9.05E-12 1.48E-11 1.47E-11 1.35E-11
 1.24E-11 1.09E-11 9.06E-12 6.81E-12 5.02E-12 4.20E-12
  56.1640    7  14 /pl=01:ss=39:pb= 1:sz=39/type=excit/ispb = t/isel =   30
 1.00E+10 1.00E+11 1.00E+12 1.00E+13 1.00E+14 1.00E+15 1.00E+16
 2.76E+01 4.14E+01 6.89E+01 1.38E+02 2.76E+02 6.89E+02 1.38E+03 2.07E+03
 2.76E+03 4.14E+03 6.89E+03 1.38E+04 2.76E+04 4.14E+04
 6.25E-17 5.30E-15 1.69E-13 1.94E-12 5.59E-12 8.36E-12 8.00E-12 7.27E-12
 6.67E-12 5.79E-12 4.72E-12 3.51E-12 2.56E-12 2.12E-12
 6.25E-17 5.30E-15 1.69E-13 1.94E-12 5.59E-12 8.36E-12 8.00E-12 7.27E-12
 6.67E-12 5.79E-12 4.72E-12 3.51E-12 2.56E-12 2.12E-12
 6.25E-17 5.30E-15 1.69E-13 1.94E-12 5.59E-12 8.36E-12 8.00E-12 7.27E-12
 6.67E-12 5.79E-12 4.72E-12 3.51E-12 2.56E-12 2.12E-12
 6.25E-17 5.30E-15 1.69E-13 1.94E-12 5.59E-12 8.36E-12 8.00E-12 7.27E-12
 6.67E-12 5.79E-12 4.72E-12 3.51E-12 2.56E-12 2.12E-12
 6.25E-17 5.30E-15 1.69E-13 1.94E-12 5.59E-12 8.35E-12 8.00E-12 7.27E-12
 6.66E-12 5.79E-12 4.72E-12 3.51E-12 2.56E-12 2.12E-12
 6.25E-17 5.30E-15 1.69E-13 1.94E-12 5.58E-12 8.33E-12 7.97E-12 7.25E-12
 6.64E-12 5.77E-12 4.71E-12 3.50E-12 2.56E-12 2.12E-12
 6.25E-17 5.30E-15 1.69E-13 1.93E-12 5.53E-12 8.19E-12 7.81E-12 7.11E-12
 6.52E-12 5.67E-12 4.63E-12 3.45E-12 2.52E-12 2.09E-12
  57.5606    7  14 /pl=01:ss=39:pb= 1:sz=39/type=excit/ispb = t/isel =   31
 1.00E+10 1.00E+11 1.00E+12 1.00E+13 1.00E+14 1.00E+15 1.00E+16
 2.76E+01 4.14E+01 6.89E+01 1.38E+02 2.76E+02 6.89E+02 1.38E+03 2.07E+03
 2.76E+03 4.14E+03 6.89E+03 1.38E+04 2.76E+04 4.14E+04
 1.92E-16 1.24E-14 3.19E-13 3.13E-12 8.36E-12 1.23E-11 1.21E-11 1.12E-11
 1.04E-11 9.23E-12 7.79E-12 6.06E-12 4.65E-12 3.96E-12
 1.92E-16 1.24E-14 3.19E-13 3.13E-12 8.36E-12 1.23E-11 1.21E-11 1.12E-11
 1.04E-11 9.23E-12 7.79E-12 6.06E-12 4.65E-12 3.96E-12
 1.92E-16 1.24E-14 3.19E-13 3.13E-12 8.36E-12 1.23E-11 1.21E-11 1.12E-11
 1.04E-11 9.23E-12 7.79E-12 6.06E-12 4.65E-12 3.96E-12
 1.92E-16 1.24E-14 3.19E-13 3.13E-12 8.36E-12 1.23E-11 1.21E-11 1.12E-11
 1.04E-11 9.23E-12 7.79E-12 6.06E-12 4.65E-12 3.96E-12
 1.92E-16 1.24E-14 3.19E-13 3.13E-12 8.36E-12 1.23E-11 1.20E-11 1.12E-11
 1.04E-11 9.23E-12 7.79E-12 6.06E-12 4.65E-12 3.96E-12
 1.92E-16 1.24E-14 3.19E-13 3.13E-12 8.36E-12 1.23E-11 1.20E-11 1.12E-11
 1.04E-11 9.22E-12 7.78E-12 6.05E-12 4.64E-12 3.96E-12
 1.92E-16 1.25E-14 3.20E-13 3.14E-12 8.37E-12 1.22E-11 1.20E-11 1.11E-11
 1.03E-11 9.15E-12 7.73E-12 6.02E-12 4.62E-12 3.94E-12
  60.6097    7  14 /pl=01:ss=39:pb= 1:sz=39/type=excit/ispb = t/isel =   32
 1.00E+10 1.00E+11 1.00E+12 1.00E+13 1.00E+14 1.00E+15 1.00E+16
 2.76E+01 4.14E+01 6.89E+01 1.38E+02 2.76E+02 6.89E+02 1.38E+03 2.07E+03
 2.76E+03 4.14E+03 6.89E+03 1.38E+04 2.76E+04 4.14E+04
 5.80E-16 3.29E-14 7.59E-13 6.89E-12 1.76E-11 2.47E-11 2.34E-11 2.11E-11
 1.94E-11 1.69E-11 1.40E-11 1.05E-11 7.83E-12 6.54E-12
 5.80E-16 3.29E-14 7.59E-13 6.89E-12 1.76E-11 2.47E-11 2.34E-11 2.11E-11
 1.94E-11 1.69E-11 1.40E-11 1.05E-11 7.83E-12 6.54E-12
 5.80E-16 3.29E-14 7.59E-13 6.89E-12 1.76E-11 2.47E-11 2.34E-11 2.11E-11
 1.94E-11 1.69E-11 1.40E-11 1.05E-11 7.83E-12 6.54E-12
 5.80E-16 3.29E-14 7.59E-13 6.89E-12 1.76E-11 2.47E-11 2.34E-11 2.11E-11
 1.94E-11 1.69E-11 1.40E-11 1.05E-11 7.83E-12 6.54E-12
 5.80E-16 3.29E-14 7.59E-13 6.89E-12 1.76E-11 2.47E-11 2.34E-11 2.11E-11
 1.94E-11 1.69E-11 1.40E-11 1.05E-11 7.83E-12 6.54E-12
 5.80E-16 3.29E-14 7.59E-13 6.89E-12 1.76E-11 2.46E-11 2.33E-11 2.11E-11
 1.93E-11 1.69E-11 1.40E-11 1.05E-11 7.82E-12 6.54E-12
 5.80E-16 3.29E-14 7.60E-13 6.90E-12 1.75E-11 2.44E-11 2.30E-11 2.08E-11
 1.91E-11 1.67E-11 1.38E-11 1.04E-11 7.77E-12 6.50E-12
  61.1135    7  14 /pl=01:ss=39:pb= 1:sz=39/type=excit/ispb = t/isel =   33
 1.00E+10 1.00E+11 1.00E+12 1.00E+13 1.00E+14 1.00E+15 1.00E+16
 2.76E+01 4.14E+01 6.89E+01 1.38E+02 2.76E+02 6.89E+02 1.38E+03 2.07E+03
 2.76E+03 4.14E+03 6.89E+03 1.38E+04 2.76E+04 4.14E+04
 1.19E-16 1.01E-14 3.21E-13 3.69E-12 1.06E-11 1.59E-11 1.52E-11 1.38E-11
 1.27E-11 1.10E-11 8.99E-12 6.68E-12 4.87E-12 4.04E-12
 1.19E-16 1.01E-14 3.21E-13 3.69E-12 1.06E-11 1.59E-11 1.52E-11 1.38E-11
 1.27E-11 1.10E-11 8.99E-12 6.68E-12 4.87E-12 4.04E-12
 1.19E-16 1.01E-14 3.21E-13 3.69E-12 1.06E-11 1.59E-11 1.52E-11 1.38E-11
 1.27E-11 1.10E-11 8.99E-12 6.68E-12 4.87E-12 4.04E-12
 1.19E-16 1.01E-14 3.21E-13 3.69E-12 1.06E-11 1.59E-11 1.52E-11 1.38E-11
 1.27E-11 1.10E-11 8.99E-12 6.68E-12 4.87E-12 4.04E-12
 1.19E-16 1.01E-14 3.21E-13 3.69E-12 1.06E-11 1.59E-11 1.52E-11 1.38E-11
 1.27E-11 1.10E-11 8.99E-12 6.68E-12 4.87E-12 4.03E-12
 1.19E-16 1.01E-14 3.21E-13 3.69E-12 1.06E-11 1.59E-11 1.52E-11 1.38E-11
 1.26E-11 1.10E-11 8.97E-12 6.67E-12 4.86E-12 4.03E-12
 1.19E-16 1.01E-14 3.21E-13 3.68E-12 1.05E-11 1.56E-11 1.49E-11 1.35E-11
 1.24E-11 1.08E-11 8.82E-12 6.57E-12 4.81E-12 3.99E-12
  61.2306    7  14 /pl=01:ss=39:pb= 1:sz=39/type=excit/ispb = t/isel =   34
 1.00E+10 1.00E+11 1.00E+12 1.00E+13 1.00E+14 1.00E+15 1.00E+16
 2.76E+01 4.14E+01 6.89E+01 1.38E+02 2.76E+02 6.89E+02 1.38E+03 2.07E+03
 2.76E+03 4.14E+03 6.89E+03 1.38E+04 2.76E+04 4.14E+04
 3.42E-13 3.31E-12 1.96E-11 7.36E-11 1.38E-10 1.83E-10 1.81E-10 1.72E-10
 1.62E-10 1.48E-10 1.29E-10 1.04E-10 8.28E-11 7.17E-11
 3.42E-13 3.31E-12 1.96E-11 7.36E-11 1.38E-10 1.83E-10 1.81E-10 1.72E-10
 1.62E-10 1.48E-10 1.29E-10 1.04E-10 8.28E-11 7.17E-11
 3.42E-13 3.31E-12 1.96E-11 7.36E-11 1.38E-10 1.83E-10 1.81E-10 1.72E-10
 1.62E-10 1.48E-10 1.29E-10 1.04E-10 8.28E-11 7.17E-11
 3.42E-13 3.31E-12 1.96E-11 7.36E-11 1.38E-10 1.83E-10 1.81E-10 1.72E-10
 1.62E-10 1.48E-10 1.29E-10 1.04E-10 8.28E-11 7.17E-11
 3.42E-13 3.31E-12 1.96E-11 7.36E-11 1.38E-10 1.83E-10 1.81E-10 1.72E-10
 1.62E-10 1.48E-10 1.29E-10 1.04E-10 8.28E-11 7.17E-11
 3.42E-13 3.31E-12 1.96E-11 7.36E-11 1.38E-10 1.82E-10 1.81E-10 1.71E-10
 1.62E-10 1.48E-10 1.29E-10 1.04E-10 8.27E-11 7.16E-11
 3.42E-13 3.31E-12 1.96E-11 7.34E-11 1.37E-10 1.79E-10 1.77E-10 1.68E-10
 1.59E-10 1.45E-10 1.27E-10 1.03E-10 8.17E-11 7.09E-11
  61.6648    7  14 /pl=01:ss=39:pb= 1:sz=39/type=excit/ispb = t/isel =   35
 1.00E+10 1.00E+11 1.00E+12 1.00E+13 1.00E+14 1.00E+15 1.00E+16
 2.76E+01 4.14E+01 6.89E+01 1.38E+02 2.76E+02 6.89E+02 1.38E+03 2.07E+03
 2.76E+03 4.14E+03 6.89E+03 1.38E+04 2.76E+04 4.14E+04
 4.09E-12 3.83E-11 2.12E-10 6.92E-10 1.13E-09 1.34E-09 1.28E-09 1.20E-09
 1.14E-09 1.04E-09 9.12E-10 7.47E-10 6.00E-10 5.25E-10
 4.09E-12 3.83E-11 2.12E-10 6.92E-10 1.13E-09 1.34E-09 1.28E-09 1.20E-09
 1.14E-09 1.04E-09 9.12E-10 7.47E-10 6.00E-10 5.25E-10
 4.09E-12 3.83E-11 2.12E-10 6.92E-10 1.13E-09 1.34E-09 1.28E-09 1.20E-09
 1.14E-09 1.04E-09 9.12E-10 7.47E-10 6.00E-10 5.25E-10
 4.09E-12 3.83E-11 2.12E-10 6.92E-10 1.13E-09 1.34E-09 1.28E-09 1.20E-09
 1.14E-09 1.04E-09 9.12E-10 7.47E-10 6.00E-10 5.25E-10
 4.09E-12 3.83E-11 2.12E-10 6.92E-10 1.13E-09 1.33E-09 1.28E-09 1.20E-09
 1.14E-09 1.04E-09 9.12E-10 7.47E-10 6.00E-10 5.25E-10
 4.09E-12 3.83E-11 2.12E-10 6.91E-10 1.13E-09 1.33E-09 1.27E-09 1.20E-09
 1.13E-09 1.03E-09 9.09E-10 7.45E-10 5.99E-10 5.24E-10
 4.09E-12 3.83E-11 2.12E-10 6.89E-10 1.12E-09 1.31E-09 1.25E-09 1.17E-09
 1.11E-09 1.01E-09 8.93E-10 7.34E-10 5.92E-10 5.18E-10
  63.2351    7  14 /pl=01:ss=39:pb= 1:sz=39/type=excit/ispb = t/isel =   36
 1.00E+10 1.00E+11 1.00E+12 1.00E+13 1.00E+14 1.00E+15 1.00E+16
 2.76E+01 4.14E+01 6.89E+01 1.38E+02 2.76E+02 6.89E+02 1.38E+03 2.07E+03
 2.76E+03 4.14E+03 6.89E+03 1.38E+04 2.76E+04 4.14E+04
 5.05E-16 2.59E-14 5.51E-13 4.69E-12 1.16E-11 1.59E-11 1.48E-11 1.33E-11
 1.21E-11 1.05E-11 8.58E-12 6.36E-12 4.66E-12 3.87E-12
 5.05E-16 2.59E-14 5.51E-13 4.69E-12 1.16E-11 1.59E-11 1.48E-11 1.33E-11
 1.21E-11 1.05E-11 8.58E-12 6.36E-12 4.66E-12 3.87E-12
 5.05E-16 2.59E-14 5.51E-13 4.69E-12 1.16E-11 1.59E-11 1.48E-11 1.33E-11
 1.21E-11 1.05E-11 8.58E-12 6.36E-12 4.66E-12 3.87E-12
 5.05E-16 2.59E-14 5.51E-13 4.69E-12 1.16E-11 1.59E-11 1.48E-11 1.33E-11
 1.21E-11 1.05E-11 8.58E-12 6.36E-12 4.66E-12 3.87E-12
 5.05E-16 2.59E-14 5.51E-13 4.69E-12 1.16E-11 1.59E-11 1.48E-11 1.33E-11
 1.21E-11 1.05E-11 8.58E-12 6.36E-12 4.66E-12 3.87E-12
 5.05E-16 2.59E-14 5.51E-13 4.69E-12 1.16E-11 1.59E-11 1.48E-11 1.33E-11
 1.21E-11 1.05E-11 8.56E-12 6.35E-12 4.66E-12 3.87E-12
 5.05E-16 2.59E-14 5.51E-13 4.68E-12 1.15E-11 1.56E-11 1.45E-11 1.31E-11
 1.19E-11 1.03E-11 8.44E-12 6.27E-12 4.61E-12 3.83E-12
  64.6037    7  14 /pl=01:ss=39:pb= 1:sz=39/type=excit/ispb = t/isel =   37
 1.00E+10 1.00E+11 1.00E+12 1.00E+13 1.00E+14 1.00E+15 1.00E+16
 2.76E+01 4.14E+01 6.89E+01 1.38E+02 2.76E+02 6.89E+02 1.38E+03 2.07E+03
 2.76E+03 4.14E+03 6.89E+03 1.38E+04 2.76E+04 4.14E+04
 1.08E-17 1.66E-15 8.49E-14 1.40E-12 4.81E-12 8.13E-12 8.19E-12 7.62E-12
 7.09E-12 6.26E-12 5.24E-12 4.00E-12 3.00E-12 2.53E-12
 1.08E-17 1.66E-15 8.49E-14 1.40E-12 4.81E-12 8.13E-12 8.19E-12 7.62E-12
 7.09E-12 6.26E-12 5.24E-12 4.00E-12 3.00E-12 2.53E-12
 1.08E-17 1.66E-15 8.49E-14 1.40E-12 4.81E-12 8.13E-12 8.19E-12 7.62E-12
 7.09E-12 6.26E-12 5.24E-12 4.00E-12 3.00E-12 2.53E-12
 1.08E-17 1.66E-15 8.49E-14 1.40E-12 4.81E-12 8.13E-12 8.19E-12 7.62E-12
 7.09E-12 6.26E-12 5.24E-12 4.00E-12 3.01E-12 2.53E-12
 1.08E-17 1.66E-15 8.49E-14 1.40E-12 4.81E-12 8.13E-12 8.19E-12 7.62E-12
 7.09E-12 6.27E-12 5.24E-12 4.00E-12 3.01E-12 2.53E-12
 1.08E-17 1.66E-15 8.50E-14 1.40E-12 4.83E-12 8.18E-12 8.24E-12 7.67E-12
 7.13E-12 6.30E-12 5.27E-12 4.03E-12 3.02E-12 2.54E-12
 1.08E-17 1.67E-15 8.59E-14 1.43E-12 4.95E-12 8.41E-12 8.50E-12 7.93E-12
 7.39E-12 6.54E-12 5.47E-12 4.18E-12 3.13E-12 2.63E-12
  67.6544    7  14 /pl=01:ss=39:pb= 1:sz=39/type=excit/ispb = t/isel =   38
 1.00E+10 1.00E+11 1.00E+12 1.00E+13 1.00E+14 1.00E+15 1.00E+16
 2.76E+01 4.14E+01 6.89E+01 1.38E+02 2.76E+02 6.89E+02 1.38E+03 2.07E+03
 2.76E+03 4.14E+03 6.89E+03 1.38E+04 2.76E+04 4.14E+04
 2.44E-17 3.53E-15 1.72E-13 2.74E-12 9.31E-12 1.53E-11 1.53E-11 1.40E-11
 1.29E-11 1.13E-11 9.39E-12 7.04E-12 5.18E-12 4.32E-12
 2.44E-17 3.53E-15 1.72E-13 2.74E-12 9.31E-12 1.53E-11 1.53E-11 1.40E-11
 1.29E-11 1.13E-11 9.39E-12 7.04E-12 5.18E-12 4.32E-12
 2.44E-17 3.53E-15 1.72E-13 2.74E-12 9.31E-12 1.53E-11 1.53E-11 1.40E-11
 1.29E-11 1.13E-11 9.39E-12 7.04E-12 5.18E-12 4.32E-12
 2.44E-17 3.53E-15 1.72E-13 2.74E-12 9.31E-12 1.53E-11 1.53E-11 1.40E-11
 1.29E-11 1.13E-11 9.39E-12 7.04E-12 5.18E-12 4.32E-12
 2.44E-17 3.53E-15 1.72E-13 2.74E-12 9.30E-12 1.53E-11 1.52E-11 1.40E-11
 1.29E-11 1.13E-11 9.39E-12 7.04E-12 5.17E-12 4.32E-12
 2.44E-17 3.53E-15 1.72E-13 2.74E-12 9.29E-12 1.53E-11 1.52E-11 1.40E-11
 1.29E-11 1.13E-11 9.37E-12 7.02E-12 5.17E-12 4.31E-12
 2.44E-17 3.53E-15 1.72E-13 2.73E-12 9.19E-12 1.50E-11 1.49E-11 1.37E-11
 1.26E-11 1.11E-11 9.20E-12 6.92E-12 5.10E-12 4.27E-12
  67.7690    7  14 /pl=01:ss=39:pb= 1:sz=39/type=excit/ispb = t/isel =   39
 1.00E+10 1.00E+11 1.00E+12 1.00E+13 1.00E+14 1.00E+15 1.00E+16
 2.76E+01 4.14E+01 6.89E+01 1.38E+02 2.76E+02 6.89E+02 1.38E+03 2.07E+03
 2.76E+03 4.14E+03 6.89E+03 1.38E+04 2.76E+04 4.14E+04
 7.43E-16 6.30E-14 2.00E-12 2.31E-11 6.64E-11 9.93E-11 9.51E-11 8.64E-11
 7.92E-11 6.88E-11 5.61E-11 4.17E-11 3.04E-11 2.52E-11
 7.43E-16 6.30E-14 2.00E-12 2.31E-11 6.64E-11 9.93E-11 9.51E-11 8.64E-11
 7.92E-11 6.88E-11 5.61E-11 4.17E-11 3.04E-11 2.52E-11
 7.43E-16 6.30E-14 2.00E-12 2.31E-11 6.64E-11 9.93E-11 9.51E-11 8.64E-11
 7.92E-11 6.88E-11 5.61E-11 4.17E-11 3.04E-11 2.52E-11
 7.43E-16 6.30E-14 2.00E-12 2.31E-11 6.64E-11 9.93E-11 9.51E-11 8.64E-11
 7.92E-11 6.88E-11 5.61E-11 4.17E-11 3.04E-11 2.52E-11
 7.43E-16 6.30E-14 2.00E-12 2.31E-11 6.64E-11 9.93E-11 9.50E-11 8.64E-11
 7.92E-11 6.88E-11 5.61E-11 4.17E-11 3.04E-11 2.52E-11
 7.43E-16 6.30E-14 2.00E-12 2.31E-11 6.63E-11 9.90E-11 9.47E-11 8.62E-11
 7.90E-11 6.86E-11 5.60E-11 4.16E-11 3.04E-11 2.52E-11
 7.43E-16 6.30E-14 2.00E-12 2.30E-11 6.57E-11 9.73E-11 9.29E-11 8.44E-11
 7.74E-11 6.73E-11 5.50E-11 4.10E-11 3.00E-11 2.49E-11
  68.4477    7  14 /pl=01:ss=39:pb= 1:sz=39/type=excit/ispb = t/isel =   40
 1.00E+10 1.00E+11 1.00E+12 1.00E+13 1.00E+14 1.00E+15 1.00E+16
 2.76E+01 4.14E+01 6.89E+01 1.38E+02 2.76E+02 6.89E+02 1.38E+03 2.07E+03
 2.76E+03 4.14E+03 6.89E+03 1.38E+04 2.76E+04 4.14E+04
 1.07E-12 7.88E-12 3.62E-11 1.04E-10 1.62E-10 1.91E-10 1.85E-10 1.75E-10
 1.66E-10 1.53E-10 1.35E-10 1.12E-10 9.08E-11 7.97E-11
 1.07E-12 7.88E-12 3.62E-11 1.04E-10 1.62E-10 1.91E-10 1.85E-10 1.75E-10
 1.66E-10 1.53E-10 1.35E-10 1.12E-10 9.08E-11 7.97E-11
 1.07E-12 7.88E-12 3.62E-11 1.04E-10 1.62E-10 1.91E-10 1.85E-10 1.75E-10
 1.66E-10 1.53E-10 1.35E-10 1.12E-10 9.08E-11 7.97E-11
 1.07E-12 7.88E-12 3.62E-11 1.04E-10 1.62E-10 1.91E-10 1.85E-10 1.75E-10
 1.66E-10 1.53E-10 1.35E-10 1.12E-10 9.08E-11 7.97E-11
 1.07E-12 7.88E-12 3.62E-11 1.04E-10 1.62E-10 1.91E-10 1.85E-10 1.75E-10
 1.66E-10 1.53E-10 1.35E-10 1.12E-10 9.08E-11 7.97E-11
 1.07E-12 7.88E-12 3.62E-11 1.04E-10 1.62E-10 1.90E-10 1.84E-10 1.74E-10
 1.65E-10 1.52E-10 1.35E-10 1.12E-10 9.06E-11 7.96E-11
 1.07E-12 7.88E-12 3.61E-11 1.03E-10 1.61E-10 1.87E-10 1.80E-10 1.70E-10
 1.62E-10 1.49E-10 1.32E-10 1.10E-10 8.94E-11 7.86E-11
  70.8632    7  14 /pl=01:ss=39:pb= 1:sz=39/type=excit/ispb = t/isel =   41
 1.00E+10 1.00E+11 1.00E+12 1.00E+13 1.00E+14 1.00E+15 1.00E+16
 2.76E+01 4.14E+01 6.89E+01 1.38E+02 2.76E+02 6.89E+02 1.38E+03 2.07E+03
 2.76E+03 4.14E+03 6.89E+03 1.38E+04 2.76E+04 4.14E+04
 2.03E-12 1.39E-11 6.02E-11 1.68E-10 2.66E-10 3.17E-10 3.06E-10 2.88E-10
 2.72E-10 2.47E-10 2.16E-10 1.75E-10 1.39E-10 1.21E-10
 2.03E-12 1.39E-11 6.02E-11 1.68E-10 2.66E-10 3.17E-10 3.06E-10 2.88E-10
 2.72E-10 2.47E-10 2.16E-10 1.75E-10 1.39E-10 1.21E-10
 2.03E-12 1.39E-11 6.02E-11 1.68E-10 2.66E-10 3.17E-10 3.06E-10 2.88E-10
 2.72E-10 2.47E-10 2.16E-10 1.75E-10 1.39E-10 1.21E-10
 2.03E-12 1.39E-11 6.02E-11 1.68E-10 2.66E-10 3.17E-10 3.06E-10 2.88E-10
 2.72E-10 2.47E-10 2.16E-10 1.75E-10 1.39E-10 1.21E-10
 2.03E-12 1.39E-11 6.02E-11 1.68E-10 2.66E-10 3.17E-10 3.06E-10 2.88E-10
 2.72E-10 2.47E-10 2.15E-10 1.75E-10 1.39E-10 1.21E-10
 2.03E-12 1.39E-11 6.02E-11 1.68E-10 2.65E-10 3.16E-10 3.05E-10 2.87E-10
 2.71E-10 2.47E-10 2.15E-10 1.74E-10 1.39E-10 1.20E-10
 2.03E-12 1.39E-11 6.02E-11 1.68E-10 2.63E-10 3.11E-10 2.99E-10 2.81E-10
 2.66E-10 2.42E-10 2.11E-10 1.72E-10 1.37E-10 1.19E-10
  71.4454    7  14 /pl=01:ss=39:pb= 1:sz=39/type=excit/ispb = t/isel =   42
 1.00E+10 1.00E+11 1.00E+12 1.00E+13 1.00E+14 1.00E+15 1.00E+16
 2.76E+01 4.14E+01 6.89E+01 1.38E+02 2.76E+02 6.89E+02 1.38E+03 2.07E+03
 2.76E+03 4.14E+03 6.89E+03 1.38E+04 2.76E+04 4.14E+04
 1.00E-13 7.02E-13 3.66E-12 1.57E-11 3.44E-11 5.12E-11 5.30E-11 5.09E-11
 4.85E-11 4.46E-11 3.91E-11 3.19E-11 2.55E-11 2.22E-11
 1.00E-13 7.02E-13 3.66E-12 1.57E-11 3.44E-11 5.12E-11 5.30E-11 5.09E-11
 4.85E-11 4.46E-11 3.91E-11 3.19E-11 2.55E-11 2.22E-11
 1.00E-13 7.02E-13 3.66E-12 1.57E-11 3.44E-11 5.12E-11 5.30E-11 5.09E-11
 4.85E-11 4.46E-11 3.91E-11 3.19E-11 2.55E-11 2.22E-11
 1.00E-13 7.02E-13 3.66E-12 1.57E-11 3.44E-11 5.12E-11 5.30E-11 5.09E-11
 4.85E-11 4.46E-11 3.91E-11 3.19E-11 2.55E-11 2.22E-11
 1.00E-13 7.02E-13 3.66E-12 1.57E-11 3.44E-11 5.12E-11 5.30E-11 5.09E-11
 4.85E-11 4.46E-11 3.91E-11 3.19E-11 2.55E-11 2.22E-11
 1.00E-13 7.02E-13 3.66E-12 1.57E-11 3.45E-11 5.12E-11 5.30E-11 5.09E-11
 4.86E-11 4.46E-11 3.91E-11 3.19E-11 2.55E-11 2.22E-11
 1.00E-13 7.02E-13 3.66E-12 1.58E-11 3.47E-11 5.14E-11 5.32E-11 5.11E-11
 4.87E-11 4.47E-11 3.92E-11 3.20E-11 2.56E-11 2.23E-11
  74.2832    7  14 /pl=01:ss=39:pb= 1:sz=39/type=excit/ispb = t/isel =   43
 1.00E+10 1.00E+11 1.00E+12 1.00E+13 1.00E+14 1.00E+15 1.00E+16
 2.76E+01 4.14E+01 6.89E+01 1.38E+02 2.76E+02 6.89E+02 1.38E+03 2.07E+03
 2.76E+03 4.14E+03 6.89E+03 1.38E+04 2.76E+04 4.14E+04
 3.49E-16 1.78E-14 3.77E-13 3.20E-12 7.95E-12 1.11E-11 1.06E-11 9.76E-12
 9.05E-12 7.99E-12 6.71E-12 5.25E-12 4.04E-12 3.45E-12
 3.49E-16 1.78E-14 3.77E-13 3.20E-12 7.95E-12 1.11E-11 1.06E-11 9.76E-12
 9.05E-12 7.99E-12 6.71E-12 5.25E-12 4.04E-12 3.45E-12
 3.49E-16 1.78E-14 3.77E-13 3.20E-12 7.95E-12 1.11E-11 1.06E-11 9.76E-12
 9.05E-12 7.99E-12 6.71E-12 5.25E-12 4.04E-12 3.45E-12
 3.49E-16 1.78E-14 3.77E-13 3.20E-12 7.95E-12 1.11E-11 1.06E-11 9.76E-12
 9.05E-12 7.99E-12 6.71E-12 5.25E-12 4.04E-12 3.45E-12
 3.49E-16 1.78E-14 3.77E-13 3.20E-12 7.95E-12 1.11E-11 1.06E-11 9.76E-12
 9.05E-12 7.99E-12 6.71E-12 5.25E-12 4.04E-12 3.45E-12
 3.49E-16 1.78E-14 3.77E-13 3.20E-12 7.95E-12 1.11E-11 1.06E-11 9.76E-12
 9.05E-12 7.99E-12 6.71E-12 5.25E-12 4.04E-12 3.45E-12
 3.50E-16 1.78E-14 3.79E-13 3.24E-12 8.07E-12 1.13E-11 1.07E-11 9.84E-12
 9.12E-12 8.04E-12 6.75E-12 5.27E-12 4.05E-12 3.45E-12
  75.9434    7  14 /pl=01:ss=39:pb= 1:sz=39/type=excit/ispb = t/isel =   44
 1.00E+10 1.00E+11 1.00E+12 1.00E+13 1.00E+14 1.00E+15 1.00E+16
 2.76E+01 4.14E+01 6.89E+01 1.38E+02 2.76E+02 6.89E+02 1.38E+03 2.07E+03
 2.76E+03 4.14E+03 6.89E+03 1.38E+04 2.76E+04 4.14E+04
 3.50E-13 2.09E-12 8.63E-12 2.81E-11 5.57E-11 8.31E-11 8.79E-11 8.53E-11
 8.18E-11 7.57E-11 6.66E-11 5.42E-11 4.31E-11 3.73E-11
 3.50E-13 2.09E-12 8.63E-12 2.81E-11 5.57E-11 8.31E-11 8.79E-11 8.53E-11
 8.18E-11 7.57E-11 6.66E-11 5.42E-11 4.31E-11 3.73E-11
 3.50E-13 2.09E-12 8.63E-12 2.81E-11 5.57E-11 8.31E-11 8.79E-11 8.53E-11
 8.18E-11 7.57E-11 6.66E-11 5.42E-11 4.31E-11 3.73E-11
 3.50E-13 2.09E-12 8.63E-12 2.81E-11 5.57E-11 8.30E-11 8.79E-11 8.53E-11
 8.18E-11 7.57E-11 6.66E-11 5.42E-11 4.31E-11 3.73E-11
 3.50E-13 2.09E-12 8.63E-12 2.81E-11 5.57E-11 8.30E-11 8.78E-11 8.52E-11
 8.17E-11 7.56E-11 6.65E-11 5.42E-11 4.31E-11 3.73E-11
 3.50E-13 2.09E-12 8.63E-12 2.81E-11 5.54E-11 8.24E-11 8.72E-11 8.46E-11
 8.12E-11 7.51E-11 6.62E-11 5.40E-11 4.29E-11 3.72E-11
 3.50E-13 2.09E-12 8.62E-12 2.78E-11 5.40E-11 7.92E-11 8.34E-11 8.09E-11
 7.77E-11 7.20E-11 6.36E-11 5.22E-11 4.17E-11 3.62E-11
  84.7479    7  14 /pl=01:ss=39:pb= 1:sz=39/type=excit/ispb = t/isel =   45
 1.00E+10 1.00E+11 1.00E+12 1.00E+13 1.00E+14 1.00E+15 1.00E+16
 2.76E+01 4.14E+01 6.89E+01 1.38E+02 2.76E+02 6.89E+02 1.38E+03 2.07E+03
 2.76E+03 4.14E+03 6.89E+03 1.38E+04 2.76E+04 4.14E+04
 1.55E-14 1.54E-13 2.25E-12 1.97E-11 5.35E-11 8.39E-11 8.52E-11 8.01E-11
 7.51E-11 6.73E-11 5.71E-11 4.43E-11 3.38E-11 2.86E-11
 1.55E-14 1.54E-13 2.25E-12 1.97E-11 5.35E-11 8.39E-11 8.52E-11 8.01E-11
 7.51E-11 6.73E-11 5.71E-11 4.43E-11 3.38E-11 2.86E-11
 1.55E-14 1.54E-13 2.25E-12 1.97E-11 5.35E-11 8.39E-11 8.52E-11 8.01E-11
 7.51E-11 6.73E-11 5.71E-11 4.43E-11 3.38E-11 2.86E-11
 1.55E-14 1.54E-13 2.25E-12 1.97E-11 5.35E-11 8.39E-11 8.52E-11 8.01E-11
 7.51E-11 6.73E-11 5.71E-11 4.43E-11 3.38E-11 2.86E-11
 1.55E-14 1.54E-13 2.25E-12 1.97E-11 5.35E-11 8.38E-11 8.52E-11 8.00E-11
 7.50E-11 6.72E-11 5.70E-11 4.43E-11 3.37E-11 2.86E-11
 1.55E-14 1.54E-13 2.25E-12 1.97E-11 5.33E-11 8.33E-11 8.46E-11 7.95E-11
 7.46E-11 6.69E-11 5.68E-11 4.41E-11 3.36E-11 2.85E-11
 1.54E-14 1.54E-13 2.24E-12 1.93E-11 5.14E-11 7.92E-11 8.03E-11 7.55E-11
 7.10E-11 6.38E-11 5.44E-11 4.26E-11 3.27E-11 2.78E-11
  87.7424    7  14 /pl=01:ss=39:pb= 1:sz=39/type=excit/ispb = t/isel =   46
 1.00E+10 1.00E+11 1.00E+12 1.00E+13 1.00E+14 1.00E+15 1.00E+16
 2.76E+01 4.14E+01 6.89E+01 1.38E+02 2.76E+02 6.89E+02 1.38E+03 2.07E+03
 2.76E+03 4.14E+03 6.89E+03 1.38E+04 2.76E+04 4.14E+04
 2.60E-16 1.33E-14 2.84E-13 2.42E-12 5.99E-12 8.19E-12 7.63E-12 6.86E-12
 6.26E-12 5.41E-12 4.42E-12 3.28E-12 2.40E-12 1.99E-12
 2.60E-16 1.33E-14 2.84E-13 2.42E-12 5.99E-12 8.19E-12 7.63E-12 6.86E-12
 6.26E-12 5.41E-12 4.42E-12 3.28E-12 2.40E-12 1.99E-12
 2.60E-16 1.33E-14 2.84E-13 2.42E-12 5.99E-12 8.19E-12 7.63E-12 6.86E-12
 6.26E-12 5.41E-12 4.42E-12 3.28E-12 2.40E-12 1.99E-12
 2.60E-16 1.33E-14 2.84E-13 2.42E-12 5.99E-12 8.19E-12 7.63E-12 6.86E-12
 6.26E-12 5.41E-12 4.42E-12 3.28E-12 2.40E-12 1.99E-12
 2.60E-16 1.33E-14 2.84E-13 2.42E-12 5.99E-12 8.19E-12 7.62E-12 6.86E-12
 6.26E-12 5.41E-12 4.42E-12 3.28E-12 2.40E-12 1.99E-12
 2.60E-16 1.33E-14 2.84E-13 2.42E-12 5.98E-12 8.17E-12 7.60E-12 6.84E-12
 6.24E-12 5.39E-12 4.41E-12 3.27E-12 2.40E-12 1.99E-12
 2.60E-16 1.33E-14 2.84E-13 2.41E-12 5.93E-12 8.05E-12 7.47E-12 6.72E-12
 6.13E-12 5.31E-12 4.35E-12 3.23E-12 2.38E-12 1.97E-12
  88.3158    7  14 /pl=01:ss=39:pb= 1:sz=39/type=excit/ispb = t/isel =   47
 1.00E+10 1.00E+11 1.00E+12 1.00E+13 1.00E+14 1.00E+15 1.00E+16
 2.76E+01 4.14E+01 6.89E+01 1.38E+02 2.76E+02 6.89E+02 1.38E+03 2.07E+03
 2.76E+03 4.14E+03 6.89E+03 1.38E+04 2.76E+04 4.14E+04
 6.81E-17 5.60E-15 1.74E-13 1.97E-12 5.65E-12 8.58E-12 8.41E-12 7.77E-12
 7.21E-12 6.37E-12 5.34E-12 4.12E-12 3.14E-12 2.67E-12
 6.81E-17 5.60E-15 1.74E-13 1.97E-12 5.65E-12 8.58E-12 8.41E-12 7.77E-12
 7.21E-12 6.37E-12 5.34E-12 4.12E-12 3.14E-12 2.67E-12
 6.81E-17 5.60E-15 1.74E-13 1.97E-12 5.65E-12 8.58E-12 8.41E-12 7.77E-12
 7.21E-12 6.37E-12 5.34E-12 4.12E-12 3.14E-12 2.67E-12
 6.81E-17 5.60E-15 1.74E-13 1.97E-12 5.65E-12 8.58E-12 8.41E-12 7.77E-12
 7.21E-12 6.37E-12 5.34E-12 4.12E-12 3.14E-12 2.67E-12
 6.81E-17 5.60E-15 1.74E-13 1.97E-12 5.65E-12 8.58E-12 8.40E-12 7.77E-12
 7.21E-12 6.37E-12 5.34E-12 4.12E-12 3.14E-12 2.67E-12
 6.81E-17 5.60E-15 1.74E-13 1.97E-12 5.65E-12 8.57E-12 8.39E-12 7.76E-12
 7.20E-12 6.36E-12 5.34E-12 4.12E-12 3.14E-12 2.67E-12
 6.82E-17 5.61E-15 1.74E-13 1.98E-12 5.67E-12 8.56E-12 8.37E-12 7.73E-12
 7.17E-12 6.34E-12 5.32E-12 4.11E-12 3.13E-12 2.66E-12
  88.6368    7  14 /pl=01:ss=39:pb= 1:sz=39/type=excit/ispb = t/isel =   48
 1.00E+10 1.00E+11 1.00E+12 1.00E+13 1.00E+14 1.00E+15 1.00E+16
 2.76E+01 4.14E+01 6.89E+01 1.38E+02 2.76E+02 6.89E+02 1.38E+03 2.07E+03
 2.76E+03 4.14E+03 6.89E+03 1.38E+04 2.76E+04 4.14E+04
 6.86E-16 3.51E-14 7.48E-13 6.36E-12 1.58E-11 2.16E-11 2.01E-11 1.81E-11
 1.65E-11 1.42E-11 1.17E-11 8.64E-12 6.33E-12 5.26E-12
 6.86E-16 3.51E-14 7.48E-13 6.36E-12 1.58E-11 2.16E-11 2.01E-11 1.81E-11
 1.65E-11 1.42E-11 1.17E-11 8.64E-12 6.33E-12 5.26E-12
 6.86E-16 3.51E-14 7.48E-13 6.36E-12 1.58E-11 2.16E-11 2.01E-11 1.81E-11
 1.65E-11 1.42E-11 1.17E-11 8.64E-12 6.33E-12 5.26E-12
 6.86E-16 3.51E-14 7.48E-13 6.36E-12 1.58E-11 2.16E-11 2.01E-11 1.81E-11
 1.65E-11 1.42E-11 1.17E-11 8.64E-12 6.33E-12 5.25E-12
 6.86E-16 3.51E-14 7.48E-13 6.36E-12 1.58E-11 2.16E-11 2.01E-11 1.81E-11
 1.65E-11 1.42E-11 1.16E-11 8.63E-12 6.33E-12 5.25E-12
 6.86E-16 3.51E-14 7.48E-13 6.36E-12 1.58E-11 2.15E-11 2.00E-11 1.80E-11
 1.64E-11 1.42E-11 1.16E-11 8.62E-12 6.32E-12 5.25E-12
 6.86E-16 3.51E-14 7.49E-13 6.35E-12 1.56E-11 2.12E-11 1.97E-11 1.77E-11
 1.62E-11 1.40E-11 1.15E-11 8.51E-12 6.26E-12 5.20E-12
  120.598    7  14 /pl=01:ss=39:pb= 1:sz=39/type=excit/ispb = t/isel =   49
 1.00E+10 1.00E+11 1.00E+12 1.00E+13 1.00E+14 1.00E+15 1.00E+16
 2.76E+01 4.14E+01 6.89E+01 1.38E+02 2.76E+02 6.89E+02 1.38E+03 2.07E+03
 2.76E+03 4.14E+03 6.89E+03 1.38E+04 2.76E+04 4.14E+04
 1.15E-15 5.91E-14 1.26E-12 1.07E-11 2.66E-11 3.63E-11 3.38E-11 3.04E-11
 2.78E-11 2.40E-11 1.96E-11 1.45E-11 1.07E-11 8.85E-12
 1.15E-15 5.91E-14 1.26E-12 1.07E-11 2.66E-11 3.63E-11 3.38E-11 3.04E-11
 2.78E-11 2.40E-11 1.96E-11 1.45E-11 1.07E-11 8.85E-12
 1.15E-15 5.91E-14 1.26E-12 1.07E-11 2.66E-11 3.63E-11 3.38E-11 3.04E-11
 2.78E-11 2.40E-11 1.96E-11 1.45E-11 1.07E-11 8.85E-12
 1.15E-15 5.91E-14 1.26E-12 1.07E-11 2.66E-11 3.63E-11 3.38E-11 3.04E-11
 2.78E-11 2.40E-11 1.96E-11 1.45E-11 1.07E-11 8.85E-12
 1.15E-15 5.91E-14 1.26E-12 1.07E-11 2.66E-11 3.63E-11 3.38E-11 3.04E-11
 2.77E-11 2.40E-11 1.96E-11 1.45E-11 1.07E-11 8.85E-12
 1.15E-15 5.91E-14 1.26E-12 1.07E-11 2.65E-11 3.62E-11 3.37E-11 3.03E-11
 2.77E-11 2.39E-11 1.96E-11 1.45E-11 1.06E-11 8.84E-12
 1.15E-15 5.91E-14 1.26E-12 1.07E-11 2.63E-11 3.57E-11 3.31E-11 2.98E-11
 2.72E-11 2.35E-11 1.93E-11 1.43E-11 1.05E-11 8.76E-12
  192.234    7  14 /pl=01:ss=39:pb= 1:sz=39/type=excit/ispb = t/isel =   50
 1.00E+10 1.00E+11 1.00E+12 1.00E+13 1.00E+14 1.00E+15 1.00E+16
 2.76E+01 4.14E+01 6.89E+01 1.38E+02 2.76E+02 6.89E+02 1.38E+03 2.07E+03
 2.76E+03 4.14E+03 6.89E+03 1.38E+04 2.76E+04 4.14E+04
 2.00E-17 2.05E-15 7.99E-14 1.13E-12 4.00E-12 8.03E-12 9.26E-12 9.22E-12
 8.96E-12 8.37E-12 7.43E-12 6.07E-12 4.81E-12 4.16E-12
 2.00E-17 2.05E-15 7.99E-14 1.13E-12 4.00E-12 8.03E-12 9.26E-12 9.22E-12
 8.96E-12 8.37E-12 7.43E-12 6.07E-12 4.81E-12 4.16E-12
 2.00E-17 2.05E-15 7.99E-14 1.13E-12 4.00E-12 8.02E-12 9.26E-12 9.22E-12
 8.96E-12 8.37E-12 7.43E-12 6.07E-12 4.81E-12 4.16E-12
 2.00E-17 2.05E-15 7.99E-14 1.13E-12 4.00E-12 8.02E-12 9.26E-12 9.22E-12
 8.96E-12 8.37E-12 7.42E-12 6.07E-12 4.81E-12 4.16E-12
 2.00E-17 2.05E-15 7.97E-14 1.13E-12 3.98E-12 7.97E-12 9.20E-12 9.16E-12
 8.91E-12 8.32E-12 7.39E-12 6.04E-12 4.80E-12 4.15E-12
 1.98E-17 2.03E-15 7.80E-14 1.08E-12 3.75E-12 7.47E-12 8.65E-12 8.65E-12
 8.43E-12 7.91E-12 7.07E-12 5.82E-12 4.65E-12 4.04E-12
 1.86E-17 1.81E-15 6.43E-14 7.67E-13 2.41E-12 4.61E-12 5.43E-12 5.54E-12
 5.50E-12 5.30E-12 4.91E-12 4.27E-12 3.59E-12 3.20E-12
c-------------------------------------------------------------------------------
 
C  root partition information
C  ==========================
C
C  nuclear charge : 74
C  ion charge+1   : 40
C
C  population calculation information
C  ----------------------------------
C
C  population processing code: adas810
C
C  adf04 source file    : adf04_copmm#74_ls_40#w39.dat
C  adf18/a17_p208 file  : NULL
C
C  meta. ion. coeff. selector  : 
 
C  options  : lnorm =T  lpsel =F  lzsel =T  liosel=F
C           : lhsel =F  lrsel =F  lisel =F  lnsel =F
 
C  energy levels
C  -------------
C
C   lv      configuration    (2S+1)L(w-1/2)      energy (cm^-1)
C  ---   ------------------- --------------      --------------
c    1   606527558              (2)1(  2.5)             0.0
c    2   606527548519           (2)2(  4.5)       1179970.0
c    3   606527548519           (4)3( 13.5)       1316770.0
c    4   606527548519           (4)2(  9.5)       1399670.0
c    5   606517568              (2)0(  0.5)       1411170.0
c    6   606527548519           (2)3(  6.5)       1460970.0
c    7   606527548519           (2)2(  4.5)       1621670.0
c    8   606527548519           (2)1(  2.5)       1633170.0
c    9   606527548519           (2)4(  8.5)       1836970.0
c   10   606527548519           (2)0(  0.5)       1896570.0
c   11   606527548519           (4)1(  5.5)       1932170.0
c   12   606527548519           (2)3(  6.5)       1944570.0
c   13   606527548519           (2)1(  2.5)       1977070.0
c   14   606527548519           (2)2(  4.5)       2187270.0
c   15   606517558519           (4)1(  5.5)       2675570.0
c   16   606517558519           (4)3( 13.5)       2725970.0
c   17   606517558519           (4)2(  9.5)       2757370.0
c   18   60652754851A           (2)2(  4.5)       2761370.0
c   19   606517558519           (2)2(  4.5)       2829870.0
c   20   60652754851A           (4)3( 13.5)       2915270.0
c   21   606517558519           (2)3(  6.5)       2917270.0
c   22   60652754851A           (2)4(  8.5)       3019370.0
c   23   60652754851A           (4)2(  9.5)       3076870.0
c   24   60652754851A           (2)3(  6.5)       3097270.0
c   25   606517558519           (2)3(  6.5)       3141470.0
c   26   60652754851A           (4)4( 17.5)       3185770.0
c   27   606517558519           (2)2(  4.5)       3299270.0
c   28   606517558519           (2)1(  2.5)       3349570.0
c   29   60652754851A           (2)1(  2.5)       3374870.0
c   30   606517558519           (2)1(  2.5)       3393870.0
c   31   60652754851A           (2)5( 10.5)       3443170.0
c   32   60652754851A           (2)2(  4.5)       3455170.0
c   33   60652754851A           (2)4(  8.5)       3492470.0
c   34   60652754851A           (2)3(  6.5)       3563370.0
c   35   60652754851A           (2)3(  6.5)       4227270.0
c   36   60652754851B           (2)0(  0.5)       5370970.0
c   37   60652754851B           (2)1(  2.5)       5552070.0
c   38   60652754851B           (4)1(  5.5)       5788470.0
c   39   60652754851C           (4)1(  5.5)       5962070.0
c   40   60652754851C           (2)1(  2.5)       5978770.0
c   41   60652754851C           (2)0(  0.5)       6004570.0
c   42   60652754851B           (2)2(  4.5)       6064770.0
c   43   60652754851C           (2)2(  4.5)       6112270.0
c   44   60652754851C           (2)1(  2.5)       6290070.0
c   45   60652754851C           (4)2(  9.5)       6425670.0
c   46   60652754851C           (2)1(  2.5)       6604370.0
c   47   60652754851C           (2)3(  6.5)       6634670.0
c   48   60652754851D           (2)1(  2.5)       6707970.0
c   49   60652754851D           (4)2(  9.5)       6715670.0
c   50   60652754851D           (2)2(  4.5)       6738270.0
c   51   60652754851C           (2)2(  4.5)       6779870.0
c   52   60652754851D           (2)2(  4.5)       6989770.0
c   53   60651755851B           (2)1(  2.5)       7044470.0
c   54   60652754851D           (4)3( 13.5)       7134870.0
c   55   60651755851B           (2)1(  2.5)       7214070.0
c   56   60652754851D           (2)3(  6.5)       7306170.0
c   57   60651755851B           (4)1(  5.5)       7311770.0
c   58   60652754851E           (2)3(  6.5)       7354670.0
c   59   60652754851D           (2)0(  0.5)       7361470.0
c   60   60652754851D           (2)1(  2.5)       7408170.0
c   61   60652754851E           (2)3(  6.5)       7423170.0
c   62   60652754851D           (2)4(  8.5)       7424470.0
c   63   60652754851D           (2)3(  6.5)       7446570.0
c   64   60652754851D           (2)2(  4.5)       7457070.0
c   65   60652754851C           (4)0(  1.5)       7528170.0
c   66   60652754851D           (4)1(  5.5)       7544470.0
c   67   60651755851C           (4)1(  5.5)       7608270.0
c   68   60651755851C           (2)2(  4.5)       7622570.0
c   69   60651755851C           (2)1(  2.5)       7648870.0
c   70   60651755851C           (2)0(  0.5)       7653770.0
c   71   60652754851E           (4)3( 13.5)       7692970.0
c   72   60651755851C           (2)2(  4.5)       7751470.0
c   73   60652754851E           (4)4( 17.5)       7753370.0
c   74   60651755851C           (2)0(  0.5)       7778370.0
c   75   60652754851E           (2)2(  4.5)       7788570.0
c   76   60652754851E           (4)2(  9.5)       7852770.0
c   77   60651755851C           (2)1(  2.5)       7899270.0
c   78   60652754851E           (2)4(  8.5)       8025270.0
c   79   60651755851C           (4)2(  9.5)       8060870.0
c   80   60652754851E           (2)1(  2.5)       8082370.0
c   81   60652754851E           (2)2(  4.5)       8103070.0
c   82   60652754851E           (2)5( 10.5)       8103570.0
c   83   60651755851C           (4)0(  1.5)       8104170.0
c   84   60652754851E           (2)3(  6.5)       8119870.0
c   85   60652754851E           (2)4(  8.5)       8121470.0
c   86   60651755851D           (2)2(  4.5)       8305270.0
c   87   60651755851D           (2)3(  6.5)       8395470.0
c   88   60651755851D           (2)2(  4.5)       8403670.0
c   89   60651755851D           (2)1(  2.5)       8405370.0
c   90   60651755851D           (4)2(  9.5)       8530570.0
c   91   60651755851D           (2)3(  6.5)       8621270.0
c   92   60651755851D           (4)1(  5.5)       8642470.0
c   93   60652754851G           (2)0(  0.5)       8717070.0
c   94   60651755851D           (4)3( 13.5)       8792370.0
c   95   60651755851D           (2)1(  2.5)       8812270.0
c   96   60652754851G           (2)1(  2.5)       8892470.0
c   97   60652754851H           (2)0(  0.5)       9027470.0
c   98   60652754851H           (2)1(  2.5)       9044870.0
c   99   60652754851H           (4)1(  5.5)       9060170.0
c  100   60652754851G           (4)1(  5.5)       9141670.0
c  101   60652754851H           (2)2(  4.5)       9219970.0
c  102   60652754851H           (2)1(  2.5)       9286570.0
c  103   60652754851I           (2)1(  2.5)       9398670.0
c  104   60652754851G           (2)2(  4.5)       9417070.0
c  105   60652754851I           (4)2(  9.5)       9442570.0
c  106   60652754851I           (2)2(  4.5)       9457770.0
c  107   60652754851H           (4)2(  9.5)       9494770.0
c  108   60652754851I           (2)2(  4.5)       9687570.0
c  109   60652754851I           (2)3(  6.5)       9689970.0
c  110   60652754851H           (2)1(  2.5)       9693170.0
c  111   60652754851H           (2)3(  6.5)       9721570.0
c  112   60652754851J           (2)3(  6.5)       9748270.0
c  113   60652754851H           (2)2(  4.5)       9801170.0
c  114   60652754851J           (2)3(  6.5)       9820170.0
c  115   60652754851I           (4)3( 13.5)       9851470.0
c  116   60652754851J           (4)4( 17.5)      10027570.0
c  117   60652754851J           (4)3( 13.5)      10102570.0
c  118   60652754851I           (2)0(  0.5)      10115570.0
c  119   60652754851I           (2)4(  8.5)      10146570.0
c  120   60652754851I           (2)3(  6.5)      10156570.0
c  121   60652754851I           (2)1(  2.5)      10161570.0
c  122   60652754851J           (2)2(  4.5)      10186570.0
c  123   60651755851G           (2)1(  2.5)      10374570.0
c  124   60652754851I           (4)1(  5.5)      10398570.0
c  125   60652754851J           (2)4(  8.5)      10422570.0
c  126   60652754851I           (2)2(  4.5)      10456570.0
c  127   60652754851J           (4)2(  9.5)      10494570.0
c  128   60652754851J           (2)1(  2.5)      10499570.0
c  129   60652754851J           (2)5( 10.5)      10508570.0
c  130   60652754851J           (2)2(  4.5)      10510570.0
c  131   60652754851J           (2)4(  8.5)      10518570.0
c  132   60652754851J           (2)3(  6.5)      10519570.0
c  133   60651755851G           (2)1(  2.5)      10538570.0
c  134   60652754851H           (4)0(  1.5)      10560570.0
c  135   60652754851M           (2)0(  0.5)      10570570.0
c  136   60651755851H           (2)0(  0.5)      10646570.0
c  137   60651755851G           (4)1(  5.5)      10648570.0
c  138   60651755851H           (2)2(  4.5)      10686570.0
c  139   60651755851H           (4)1(  5.5)      10688570.0
c  140   60651755851H           (2)1(  2.5)      10701570.0
c  141   60652754851N           (2)0(  0.5)      10734570.0
c  142   60652754851M           (2)1(  2.5)      10749570.0
c  143   60651755851H           (2)0(  0.5)      10765570.0
c  144   60652754851N           (2)1(  2.5)      10772570.0
c  145   60652754851N           (4)1(  5.5)      10802570.0
c  146   60651755851H           (2)2(  4.5)      10828570.0
c  147   60651755851H           (2)1(  2.5)      10910570.0
c  148   60652754851O           (2)1(  2.5)      10958570.0
c  149   60652754851N           (2)2(  4.5)      10965570.0
c  150   60652754851N           (2)1(  2.5)      10985570.0
c  151   60651755851I           (2)1(  2.5)      10997570.0
c  152   60652754851M           (4)1(  5.5)      11000570.0
c  153   60652754851O           (4)2(  9.5)      11014570.0
c  154   60651755851I           (4)2(  9.5)      11017570.0
c  155   60652754851O           (2)2(  4.5)      11021570.0
c  156   60651755851H           (4)2(  9.5)      11069570.0
c  157   60651755851I           (2)3(  6.5)      11106570.0
c  158   60652754851N           (4)2(  9.5)      11220570.0
c  159   60652754851P           (2)3(  6.5)      11239570.0
c  160   60652754851O           (2)2(  4.5)      11249570.0
c  161   60652754851P           (4)3( 13.5)      11266570.0
c  162   60652754851M           (2)2(  4.5)      11271570.0
c  163   60651755851I           (2)3(  6.5)      11298570.0
c  164   60651755851I           (2)2(  4.5)      11333570.0
c  165   60651755851I           (2)1(  2.5)      11346570.0
c  166   60651755851I           (4)1(  5.5)      11393570.0
c  167   60651755851I           (2)2(  4.5)      11393570.0
c  168   60652754851O           (4)3( 13.5)      11417570.0
c  169   60652754851N           (2)1(  2.5)      11440570.0
c  170   60652754851N           (2)3(  6.5)      11458570.0
c  171   60652754851P           (4)2(  9.5)      11460570.0
c  172   60651755851H           (4)0(  1.5)      11465570.0
c  173   60652754851P           (2)3(  6.5)      11482570.0
c  174   60652754851N           (2)2(  4.5)      11506570.0
c  175   60651755851I           (4)3( 13.5)      11506570.0
c  176   60652754851O           (2)3(  6.5)      11599570.0
c  177   60652754851P           (4)4( 17.5)      11651570.0
c  178   60652754851O           (2)0(  0.5)      11700570.0
c  179   60652754851O           (2)4(  8.5)      11713570.0
c  180   60652754851O           (2)2(  4.5)      11718570.0
c  181   60652754851O           (2)3(  6.5)      11719570.0
c  182   60652754851O           (2)1(  2.5)      11725570.0
c  183   60652754851O           (4)1(  5.5)      11822570.0
c  184   60652754851P           (2)4(  8.5)      11844570.0
c  185   60652754851P           (2)5( 10.5)      11931570.0
c  186   60652754851P           (2)1(  2.5)      11934570.0
c  187   60652754851P           (2)2(  4.5)      11935570.0
c  188   60652754851P           (2)3(  6.5)      11937570.0
c  189   60652754851P           (2)4(  8.5)      11937570.0
c  190   60652754851P           (2)2(  4.5)      12084570.0
c  191   60652754851N           (4)0(  1.5)      12266570.0
c  192   96527568               (2)2(  4.5)      13238570.0
c  193   96527558519            (2)3(  6.5)      14334570.0
c  194   96527558519            (2)4(  8.5)      14346570.0
c  195   96527558519            (2)1(  2.5)      14349570.0
c  196   96527558519            (4)2(  9.5)      14404570.0
c  197   96527558519            (2)0(  0.5)      14406570.0
c  198   96527558519            (2)3(  6.5)      14415570.0
c  199   96527558519            (2)1(  2.5)      14421570.0
c  200   96527558519            (2)2(  4.5)      14425570.0
c  201   96527558519            (2)0(  0.5)      14450570.0
c  202   96527558519            (2)2(  4.5)      14470570.0
c  203   96527558519            (4)0(  1.5)      14533570.0
c  204   96527558519            (2)4(  8.5)      14563570.0
c  205   96527558519            (4)1(  5.5)      14680570.0
c  206   96527558519            (4)4( 17.5)      14694570.0
c  207   96527558519            (4)4( 17.5)      14695570.0
c  208   96527558519            (4)3( 13.5)      14777570.0
c  209   96527558519            (4)3( 13.5)      14785570.0
c  210   96527558519            (4)5( 21.5)      14820570.0
c  211   96527558519            (4)3( 13.5)      14904570.0
c  212   96527558519            (2)5( 10.5)      14909570.0
c  213   96527558519            (2)2(  4.5)      14918570.0
c  214   96527558519            (2)2(  4.5)      14939570.0
c  215   96527558519            (4)1(  5.5)      14941570.0
c  216   96527558519            (2)1(  2.5)      14942570.0
c  217   96527558519            (2)3(  6.5)      14975570.0
c  218   96527558519            (4)2(  9.5)      15015570.0
c  219   96527558519            (4)2(  9.5)      15022570.0
c  220   96527558519            (2)3(  6.5)      15080570.0
c  221   96527558519            (4)1(  5.5)      15093570.0
c  222   96527558519            (2)5( 10.5)      15104570.0
c  223   96527558519            (2)2(  4.5)      15109570.0
c  224   96527558519            (2)4(  8.5)      15135570.0
c  225   96527558519            (2)1(  2.5)      15159570.0
c  226   96527558519            (2)2(  4.5)      15173570.0
c  227   96527558519            (2)1(  2.5)      15187570.0
c  228   96527558519            (2)3(  6.5)      15201570.0
c  229   96527558519            (2)4(  8.5)      15289570.0
c  230   96527558519            (2)1(  2.5)      15419570.0
c  231   96527558519            (2)3(  6.5)      15453570.0
c  232   9652755851A            (2)4(  8.5)      15939570.0
c  233   9652755851A            (2)3(  6.5)      15991570.0
c  234   9652755851A            (2)1(  2.5)      16009570.0
c  235   9652755851A            (2)2(  4.5)      16010570.0
c  236   9652755851A            (2)4(  8.5)      16018570.0
c  237   9652755851A            (2)2(  4.5)      16021570.0
c  238   9652755851A            (4)2(  9.5)      16047570.0
c  239   9652755851A            (4)4( 17.5)      16077570.0
c  240   9652755851A            (4)5( 21.5)      16158570.0
c  241   9652755851A            (2)5( 10.5)      16198570.0
c  242   9652755851A            (2)3(  6.5)      16219570.0
c  243   9652755851A            (4)1(  5.5)      16223570.0
c  244   9652755851A            (2)4(  8.5)      16254570.0
c  245   9652755851A            (4)4( 17.5)      16292570.0
c  246   9652755851A            (4)3( 13.5)      16309570.0
c  247   9652755851A            (4)4( 17.5)      16311570.0
c  248   9652755851A            (4)1(  5.5)      16338570.0
c  249   9652755851A            (4)2(  9.5)      16406570.0
c  250   9652755851A            (4)6( 25.5)      16429570.0
c  251   9652755851A            (4)0(  1.5)      16456570.0
c  252   9652755851A            (4)5( 21.5)      16478570.0
c  253   9652755851A            (2)0(  0.5)      16499570.0
c  254   9652755851A            (2)3(  6.5)      16514570.0
c  255   9652755851A            (2)6( 12.5)      16522570.0
c  256   9652755851A            (2)2(  4.5)      16530570.0
c  257   9652755851A            (2)5( 10.5)      16539570.0
c  258   9652755851A            (2)4(  8.5)      16559570.0
c  259   9652755851A            (2)2(  4.5)      16561570.0
c  260   9652755851A            (4)2(  9.5)      16572570.0
c  261   9652755851A            (4)3( 13.5)      16576570.0
c  262   9652755851A            (2)2(  4.5)      16597570.0
c  263   9652755851A            (2)0(  0.5)      16619570.0
c  264   9652755851A            (2)3(  6.5)      16624570.0
c  265   9652755851A            (2)4(  8.5)      16633570.0
c  266   9652755851A            (2)1(  2.5)      16697570.0
c  267   9652755851A            (2)6( 12.5)      16700570.0
c  268   9652755851A            (2)3(  6.5)      16727570.0
c  269   9652755851A            (2)5( 10.5)      16750570.0
c  270   9652755851A            (2)4(  8.5)      16764570.0
c  271   9652755851A            (2)1(  2.5)      16771570.0
c  272   9652755851A            (2)2(  4.5)      16778570.0
c  273   9652755851A            (2)5( 10.5)      16834570.0
c  274   9652755851A            (2)1(  2.5)      16891570.0
c  275   9652755851A            (2)3(  6.5)      16968570.0
c  276   9652755851A            (4)3( 13.5)      16984570.0
c  277   9652755851C            (2)3(  6.5)      19197570.0
c  278   9652755851C            (2)3(  6.5)      19216570.0
c  279   9652755851C            (2)2(  4.5)      19224570.0
c  280   9652755851C            (2)1(  2.5)      19304570.0
c  281   9652755851C            (2)1(  2.5)      19360570.0
c  282   9652755851C            (2)3(  6.5)      19403570.0
c  283   9652755851C            (2)0(  0.5)      19403570.0
c  284   9652755851C            (4)1(  5.5)      19453570.0
c  285   9652755851C            (2)1(  2.5)      19531570.0
c  286   9652755851C            (4)2(  9.5)      19619570.0
c  287   9652755851C            (4)2(  9.5)      19640570.0
c  288   9652755851C            (4)3( 13.5)      19682570.0
c  289   9652755851C            (4)4( 17.5)      19701570.0
c  290   9652755851C            (2)2(  4.5)      19745570.0
c  291   9652755851C            (2)4(  8.5)      19745570.0
c  292   9652755851C            (2)2(  4.5)      19793570.0
c  293   9652755851C            (4)0(  1.5)      19799570.0
c  294   9652755851C            (2)2(  4.5)      19861570.0
c  295   9652755851C            (4)2(  9.5)      19879570.0
c  296   9652755851C            (4)1(  5.5)      19965570.0
c  297   9652755851C            (4)3( 13.5)      19974570.0
c  298   9652755851C            (2)4(  8.5)      19987570.0
c  299   9652755851D            (2)4(  8.5)      20002570.0
c  300   9652755851D            (2)3(  6.5)      20004570.0
c  301   9652755851D            (2)2(  4.5)      20005570.0
c  302   9652755851C            (2)2(  4.5)      20022570.0
c  303   9652755851D            (2)0(  0.5)      20039570.0
c  304   9652755851D            (2)0(  0.5)      20053570.0
c  305   9652755851D            (2)3(  6.5)      20057570.0
c  306   9652755851D            (2)1(  2.5)      20060570.0
c  307   9652755851D            (2)2(  4.5)      20066570.0
c  308   9652755851C            (2)0(  0.5)      20129570.0
c  309   9652755851C            (2)3(  6.5)      20138570.0
c  310   9652755851D            (4)3( 13.5)      20172570.0
c  311   9652755851C            (2)2(  4.5)      20176570.0
c  312   9652755851D            (2)1(  2.5)      20212570.0
c  313   9652755851D            (4)1(  5.5)      20230570.0
c  314   9652755851D            (2)4(  8.5)      20233570.0
c  315   9652755851D            (2)2(  4.5)      20250570.0
c  316   9652755851D            (2)3(  6.5)      20267570.0
c  317   9652755851D            (2)3(  6.5)      20275570.0
c  318   9652755851C            (2)1(  2.5)      20300570.0
c  319   9652755851D            (2)1(  2.5)      20311570.0
c  320   9652755851D            (4)4( 17.5)      20335570.0
c  321   9652755851D            (2)2(  4.5)      20347570.0
c  322   9652755851D            (4)4( 17.5)      20350570.0
c  323   9652755851D            (2)1(  2.5)      20462570.0
c  324   9652755851D            (4)5( 21.5)      20494570.0
c  325   9652755851D            (4)2(  9.5)      20517570.0
c  326   9652755851D            (2)1(  2.5)      20559570.0
c  327   9652755851D            (4)2(  9.5)      20562570.0
c  328   9652755851D            (2)5( 10.5)      20573570.0
c  329   9652755851D            (4)1(  5.5)      20631570.0
c  330   9652755851D            (4)3( 13.5)      20645570.0
c  331   9652755851E            (2)4(  8.5)      20682570.0
c  332   9652755851E            (2)3(  6.5)      20684570.0
c  333   9652755851E            (2)2(  4.5)      20685570.0
c  334   9652755851E            (2)2(  4.5)      20698570.0
c  335   9652755851E            (2)1(  2.5)      20699570.0
c  336   9652755851D            (2)2(  4.5)      20716570.0
c  337   9652755851D            (2)2(  4.5)      20719570.0
c  338   9652755851E            (2)4(  8.5)      20739570.0
c  339   9652755851E            (2)3(  6.5)      20745570.0
c  340   9652755851D            (4)0(  1.5)      20746570.0
c  341   9652755851E            (2)0(  0.5)      20759570.0
c  342   9652755851D            (2)5( 10.5)      20775570.0
c  343   9652755851D            (2)3(  6.5)      20791570.0
c  344   9652755851D            (2)4(  8.5)      20791570.0
c  345   9652755851D            (4)2(  9.5)      20806570.0
c  346   9652755851D            (2)1(  2.5)      20808570.0
c  347   9652755851D            (4)1(  5.5)      20828570.0
c  348   9652755851D            (4)3( 13.5)      20842570.0
c  349   9652755851E            (4)4( 17.5)      20877570.0
c  350   9652755851D            (2)4(  8.5)      20903570.0
c  351   9652755851E            (2)5( 10.5)      20924570.0
c  352   9652755851E            (2)4(  8.5)      20946570.0
c  353   9652755851E            (4)1(  5.5)      20965570.0
c  354   9652755851E            (4)2(  9.5)      20967570.0
c  355   9652755851D            (2)3(  6.5)      20994570.0
c  356   9652755851E            (2)3(  6.5)      21027570.0
c  357   9652755851E            (4)2(  9.5)      21034570.0
c  358   9652755851E            (4)5( 21.5)      21044570.0
c  359   9652755851E            (4)3( 13.5)      21045570.0
c  360   9652755851E            (4)1(  5.5)      21055570.0
c  361   9652755851E            (2)5( 10.5)      21120570.0
c  362   9652755851E            (4)4( 17.5)      21140570.0
c  363   9652755851E            (2)2(  4.5)      21143570.0
c  364   9652755851E            (4)5( 21.5)      21172570.0
c  365   9652755851E            (4)6( 25.5)      21182570.0
c  366   9652755851E            (2)1(  2.5)      21204570.0
c  367   9652755851E            (2)0(  0.5)      21204570.0
c  368   9652755851E            (4)2(  9.5)      21239570.0
c  369   9652755851E            (2)3(  6.5)      21240570.0
c  370   9652755851E            (2)6( 12.5)      21263570.0
c  371   9652755851E            (2)5( 10.5)      21272570.0
c  372   9652755851E            (2)4(  8.5)      21277570.0
c  373   9652755851E            (2)1(  2.5)      21312570.0
c  374   9652755851E            (2)5( 10.5)      21336570.0
c  375   9652755851E            (2)4(  8.5)      21338570.0
c  376   9652755851E            (4)4( 17.5)      21352570.0
c  377   9652755851E            (2)2(  4.5)      21364570.0
c  378   9652755851E            (2)3(  6.5)      21369570.0
c  379   9652755851E            (2)3(  6.5)      21371570.0
c  380   9652755851E            (2)2(  4.5)      21375570.0
c  381   9652755851E            (2)6( 12.5)      21452570.0
c  382   9652755851E            (2)4(  8.5)      21468570.0
c  383   9652755851E            (4)3( 13.5)      21477570.0
c  384   9652755851E            (2)2(  4.5)      21478570.0
c  385   9652755851E            (2)1(  2.5)      21506570.0
c  386   9652755851E            (4)3( 13.5)      21602570.0
c  387   9652755851E            (4)0(  1.5)      21944570.0
 
 
 
c-------------------------------------------------------------------------------
 
C  superstage partition information
C  ================================
C
C  element symbol   : W
C  parent template  : 
C  partition level  :  1
C  superstage label : 39
C
C  tabulation       : photon emissivity coefft (te,ne)
C  units            : ph. emis coef(cm^3 s^-1); te (ev); ne (cm^-3)
C
C  photon emissivity atomic transitions
C  ------------------------------------
C  
C   isel  wvlen(A)            transition                type  ispb nspb
C                                                             ispp nspp sz    tg pr wr
C  ----- ---------- ----------------------------------- ----- ---- ---- --    -- -- --
C      1   4.68065  377(2)2(  4.5)-  1(2)1(  2.5)       excit   1    1  39   334 35  1
C      2   5.92011  274(2)1(  2.5)-  1(2)1(  2.5)       excit   1    1  39   248 15  2
C      3   5.95998  272(2)2(  4.5)-  1(2)1(  2.5)       excit   1    1  39   247 38  3
C      4   6.01700  263(2)0(  0.5)-  1(2)1(  2.5)       excit   1    1  39   242 36  4
C      5   6.02498  262(2)2(  4.5)-  1(2)1(  2.5)       excit   1    1  39   241 14  5
C      6   6.04940  256(2)2(  4.5)-  1(2)1(  2.5)       excit   1    1  39   237 18  6
C      7   6.23147  238(4)2(  9.5)-  1(2)1(  2.5)       excit   1    1  39   225 25  7
C      8   6.24159  237(2)2(  4.5)-  1(2)1(  2.5)       excit   1    1  39   224 24  8
C      9   7.55369  192(2)2(  4.5)-  1(2)1(  2.5)       excit   1    1  39   183 17  9
C     10   14.3066   52(2)2(  4.5)-  1(2)1(  2.5)       excit   1    1  39    49 30 10
C     11   16.4887   42(2)2(  4.5)-  1(2)1(  2.5)       excit   1    1  39    39 23 11
C     12   17.2328   55(2)1(  2.5)-  5(2)0(  0.5)       excit   1    1  39  1521 37 12
C     13   17.2757   38(4)1(  5.5)-  1(2)1(  2.5)       excit   1    1  39    35 41 13
C     14   18.0113   37(2)1(  2.5)-  1(2)1(  2.5)       excit   1    1  39    34 21 14
C     15   20.0694   46(2)1(  2.5)-  7(2)2(  4.5)       excit   1    1  39  2173 40 15
C     16   21.6109   46(2)1(  2.5)- 13(2)1(  2.5)       excit   1    1  39  4193 33 16
C     17   22.6393   46(2)1(  2.5)- 14(2)2(  4.5)       excit   1    1  39  4528 42 17
C     18   43.5711   35(2)3(  6.5)- 11(4)1(  5.5)       excit   1    1  39  3454 31 18
C     19   45.7191   14(2)2(  4.5)-  1(2)1(  2.5)       excit   1    1  39    12  2 19
C     20   45.8505  230(2)1(  2.5)-192(2)2(  4.5)       excit   1    1  39 50638 46 20
C     21   49.0196   35(2)3(  6.5)- 14(2)2(  4.5)       excit   1    1  39  4517 45 21
C     22   50.4363   30(2)1(  2.5)-  5(2)0(  0.5)       excit   1    1  39  1501 20 22
C     23   50.5799   13(2)1(  2.5)-  1(2)1(  2.5)       excit   1    1  39    11  3 23
C     24   50.9243   29(2)1(  2.5)-  5(2)0(  0.5)       excit   1    1  39  1500 32 24
C     25   51.4253   12(2)3(  6.5)-  1(2)1(  2.5)       excit   1    1  39    10 12 25
C     26   51.7553   11(4)1(  5.5)-  1(2)1(  2.5)       excit   1    1  39     9  4 26
C     27   52.7268   10(2)0(  0.5)-  1(2)1(  2.5)       excit   1    1  39     8  5 27
C     28   53.5045   26(4)4( 17.5)-  3(4)3( 13.5)       excit   1    1  39   738 43 28
C     29   54.8847   32(2)2(  4.5)-  8(2)1(  2.5)       excit   1    1  39  2525 29 29
C     30   56.1640   24(2)3(  6.5)-  3(4)3( 13.5)       excit   1    1  39   736 48 30
C     31   57.5606   21(2)3(  6.5)-  2(2)2(  4.5)       excit   1    1  39   361 34 31
C     32   60.6097   19(2)2(  4.5)-  2(2)2(  4.5)       excit   1    1  39   359 19 32
C     33   61.1135   24(2)3(  6.5)-  6(2)3(  6.5)       excit   1    1  39  1779 26 33
C     34   61.2306    8(2)1(  2.5)-  1(2)1(  2.5)       excit   1    1  39     7  8 34
C     35   61.6648    7(2)2(  4.5)-  1(2)1(  2.5)       excit   1    1  39     6  1 35
C     36   63.2351   18(2)2(  4.5)-  2(2)2(  4.5)       excit   1    1  39   358 27 36
C     37   64.6037   33(2)4(  8.5)- 12(2)3(  6.5)       excit   1    1  39  3816 50 37
C     38   67.6544   32(2)2(  4.5)- 13(2)1(  2.5)       excit   1    1  39  4180 28 38
C     39   67.7690   24(2)3(  6.5)-  7(2)2(  4.5)       excit   1    1  39  2152  9 39
C     40   68.4477    6(2)3(  6.5)-  1(2)1(  2.5)       excit   1    1  39     5  7 40
C     41   70.8632    5(2)0(  0.5)-  1(2)1(  2.5)       excit   1    1  39     4  6 41
C     42   71.4454    4(4)2(  9.5)-  1(2)1(  2.5)       excit   1    1  39     3 13 42
C     43   74.2832   17(4)2(  9.5)-  5(2)0(  0.5)       excit   1    1  39  1493 39 43
C     44   75.9434    3(4)3( 13.5)-  1(2)1(  2.5)       excit   1    1  39     2 10 44
C     45   84.7479    2(2)2(  4.5)-  1(2)1(  2.5)       excit   1    1  39     1 11 45
C     46   87.7424   18(2)2(  4.5)-  7(2)2(  4.5)       excit   1    1  39  2146 49 46
C     47   88.3158   23(4)2(  9.5)- 12(2)3(  6.5)       excit   1    1  39  3806 47 47
C     48   88.6368   18(2)2(  4.5)-  8(2)1(  2.5)       excit   1    1  39  2513 22 48
C     49   120.598   18(2)2(  4.5)- 11(4)1(  5.5)       excit   1    1  39  3438 16 49
C     50   192.234    9(2)4(  8.5)-  3(4)3( 13.5)       excit   1    1  39   721 44 50
c-------------------------------------------------------------------------------
                                                                                
C  code     : adas810
C  producer : Adam Foster
C  date     : 15/05/09
                                                                                
c-------------------------------------------------------------------------------

C-----------------------------------------------------------------------
C                               OPEN-ADAS
C                               +++++++++
C
C This file has been downloaded from OPEN-ADAS (http://open.adas.ac.uk)
C on 26-Mar-2025.
C
C TERMS AND CONDITIONS
C --------------------
C
C The user of the OPEN-ADAS system and data (hereinafter "the User")
C accepts the following terms and conditions:
C
C   1. The University of Strathclyde uses all reasonable endeavours to
C      ensure the accuracy of the data provided and any information
C      given, but the University makes no warranty, expressed or implied
C      as to its accuracy, integrity, fitness for purpose and shall not
C      be responsible for the use to which the data is put by the User
C      and/or any consequences arising out of any inaccuracies or
C      omissions.
C
C   2. Any downloaded OPEN-ADAS file is made available for the
C      personal use of the User only.  It must not be used for any
C      commercial application, incorporated into any web site or in
C      any form re-distributed without express prior written permission
C      from the ADAS Project. In particular, but not by way of
C      limitation, it must not be:
C        *  inserted into a managed database structure,
C        *  redistributed along with a modelling or analysis code,
C        *  made available on a public website.
C
C Permission for OPEN-ADAS data incorporation in non-commercial
C code/system development for scientific advance will not be
C unreasonably withheld, but will be subject to written agreement
C on a case by case basis.
C
C The User will indemnify the University of Strathclyde and keep it
C fully and effectively indemnified against each and every claim made
C against the University as a result of the User's use of the data.
C
C-----------------------------------------------------------------------
