   50    /W :69 photon emissivity coefficients/
--------------------------------------------------------------------------------
    1    1    1    1    1    1    1    1    1    1    1    1    1    1
    1    1    1    1    1    1    1    1    1    1    1    1    1    1
    1    1    1    1    1    1    1    1    1    1    1    1    1    1
    1    1    1    1    1    1    1    1    1    1    1    1    1    1
    1    1    1    1    1    1    1    1    1    1    1    1    1    1
    1    1    1    1    1
--------------------------------------------------------------------------------
//#01/p00/ 00/p01/ 01/p02/ 02/p03/ 03/p04/ 04/p05/ 05/p06/ 06/p07/ 07/p08/ 08/  
      p09/ 09/p10/ 10/p11/ 11/p12/ 12/p13/ 13/p14/ 14/p15/ 15/p16/ 16/p17/ 17/  
      p18/ 18/p19/ 19/p20/ 20/p21/ 21/p22/ 22/p23/ 23/p24/ 24/p25/ 25/p26/ 26/  
      p27/ 27/p28/ 28/p29/ 29/p30/ 30/p31/ 31/p32/ 32/p33/ 33/p34/ 34/p35/ 35/  
      p36/ 36/p37/ 37/p38/ 38/p39/ 39/p40/ 40/p41/ 41/p42/ 42/p43/ 43/p44/ 44/  
      p45/ 45/p46/ 46/p47/ 47/p48/ 48/p49/ 49/p50/ 50/p51/ 51/p52/ 52/p53/ 53/  
      p54/ 54/p55/ 55/p56/ 56/p57/ 57/p58/ 58/p59/ 59/p60/ 60/p61/ 61/p62/ 62/  
      p63/ 63/p64/ 64/p65/ 65/p66/ 66/p67/ 67/p68/ 68/p69/ 69/p70/ 70/p71/ 71/  
      p72/ 72/p73/ 73/p74/ 74/                                                  
--------------------------------------------------------------------------------
  1.04622    7  14 /pl=01:ss=69:pb= 1:sz=69/type=excit/ispb = t/isel =    1
 1.00E+10 1.00E+11 1.00E+12 1.00E+13 1.00E+14 1.00E+15 1.00E+16
 8.44E+01 1.27E+02 2.11E+02 4.22E+02 8.44E+02 2.11E+03 4.22E+03 6.33E+03
 8.44E+03 1.27E+04 2.11E+04 4.22E+04 8.44E+04 1.27E+05
 1.00E-74 1.00E-74 2.42E-37 2.66E-25 2.36E-19 7.02E-16 8.76E-15 1.94E-14
 2.84E-14 4.10E-14 5.47E-14 6.79E-14 7.52E-14 7.69E-14
 1.00E-74 1.00E-74 2.42E-37 2.66E-25 2.36E-19 7.02E-16 8.76E-15 1.94E-14
 2.84E-14 4.10E-14 5.47E-14 6.79E-14 7.52E-14 7.69E-14
 1.00E-74 1.00E-74 2.42E-37 2.66E-25 2.36E-19 7.02E-16 8.76E-15 1.94E-14
 2.84E-14 4.10E-14 5.47E-14 6.79E-14 7.52E-14 7.69E-14
 1.00E-74 1.00E-74 2.42E-37 2.66E-25 2.36E-19 7.02E-16 8.76E-15 1.94E-14
 2.84E-14 4.10E-14 5.47E-14 6.79E-14 7.52E-14 7.69E-14
 1.00E-74 1.00E-74 2.42E-37 2.66E-25 2.36E-19 7.02E-16 8.76E-15 1.94E-14
 2.84E-14 4.10E-14 5.47E-14 6.79E-14 7.52E-14 7.69E-14
 1.00E-74 1.00E-74 2.42E-37 2.66E-25 2.36E-19 7.02E-16 8.76E-15 1.94E-14
 2.84E-14 4.10E-14 5.47E-14 6.79E-14 7.52E-14 7.69E-14
 1.00E-74 1.00E-74 2.42E-37 2.66E-25 2.36E-19 7.02E-16 8.76E-15 1.94E-14
 2.84E-14 4.10E-14 5.47E-14 6.79E-14 7.52E-14 7.69E-14
  1.05302    7  14 /pl=01:ss=69:pb= 1:sz=69/type=excit/ispb = t/isel =    2
 1.00E+10 1.00E+11 1.00E+12 1.00E+13 1.00E+14 1.00E+15 1.00E+16
 8.44E+01 1.27E+02 2.11E+02 4.22E+02 8.44E+02 2.11E+03 4.22E+03 6.33E+03
 8.44E+03 1.27E+04 2.11E+04 4.22E+04 8.44E+04 1.27E+05
 1.00E-74 1.00E-74 4.29E-37 3.92E-25 3.18E-19 9.03E-16 1.12E-14 2.47E-14
 3.61E-14 5.21E-14 6.94E-14 8.57E-14 9.44E-14 9.57E-14
 1.00E-74 1.00E-74 4.29E-37 3.92E-25 3.18E-19 9.03E-16 1.12E-14 2.47E-14
 3.61E-14 5.21E-14 6.94E-14 8.57E-14 9.44E-14 9.57E-14
 1.00E-74 1.00E-74 4.29E-37 3.92E-25 3.18E-19 9.03E-16 1.12E-14 2.47E-14
 3.61E-14 5.21E-14 6.94E-14 8.57E-14 9.44E-14 9.57E-14
 1.00E-74 1.00E-74 4.29E-37 3.92E-25 3.18E-19 9.03E-16 1.12E-14 2.47E-14
 3.61E-14 5.21E-14 6.94E-14 8.57E-14 9.44E-14 9.57E-14
 1.00E-74 1.00E-74 4.29E-37 3.92E-25 3.18E-19 9.03E-16 1.12E-14 2.47E-14
 3.61E-14 5.21E-14 6.94E-14 8.57E-14 9.44E-14 9.57E-14
 1.00E-74 1.00E-74 4.29E-37 3.92E-25 3.18E-19 9.03E-16 1.12E-14 2.47E-14
 3.61E-14 5.21E-14 6.94E-14 8.57E-14 9.44E-14 9.57E-14
 1.00E-74 1.00E-74 4.29E-37 3.92E-25 3.18E-19 9.03E-16 1.12E-14 2.47E-14
 3.61E-14 5.21E-14 6.94E-14 8.57E-14 9.44E-14 9.57E-14
  1.05636    7  14 /pl=01:ss=69:pb= 1:sz=69/type=excit/ispb = t/isel =    3
 1.00E+10 1.00E+11 1.00E+12 1.00E+13 1.00E+14 1.00E+15 1.00E+16
 8.44E+01 1.27E+02 2.11E+02 4.22E+02 8.44E+02 2.11E+03 4.22E+03 6.33E+03
 8.44E+03 1.27E+04 2.11E+04 4.22E+04 8.44E+04 1.27E+05
 1.00E-74 1.00E-74 8.17E-37 6.82E-25 5.29E-19 1.48E-15 1.84E-14 4.07E-14
 5.96E-14 8.62E-14 1.14E-13 1.40E-13 1.54E-13 1.56E-13
 1.00E-74 1.00E-74 8.17E-37 6.82E-25 5.29E-19 1.48E-15 1.84E-14 4.07E-14
 5.96E-14 8.62E-14 1.14E-13 1.40E-13 1.54E-13 1.56E-13
 1.00E-74 1.00E-74 8.17E-37 6.82E-25 5.29E-19 1.48E-15 1.84E-14 4.07E-14
 5.96E-14 8.62E-14 1.14E-13 1.40E-13 1.54E-13 1.56E-13
 1.00E-74 1.00E-74 8.17E-37 6.82E-25 5.29E-19 1.48E-15 1.84E-14 4.07E-14
 5.96E-14 8.62E-14 1.14E-13 1.40E-13 1.54E-13 1.56E-13
 1.00E-74 1.00E-74 8.17E-37 6.82E-25 5.29E-19 1.48E-15 1.84E-14 4.07E-14
 5.96E-14 8.62E-14 1.14E-13 1.40E-13 1.54E-13 1.56E-13
 1.00E-74 1.00E-74 8.17E-37 6.82E-25 5.29E-19 1.48E-15 1.84E-14 4.07E-14
 5.96E-14 8.62E-14 1.14E-13 1.40E-13 1.54E-13 1.56E-13
 1.00E-74 1.00E-74 8.17E-37 6.82E-25 5.29E-19 1.48E-15 1.84E-14 4.07E-14
 5.96E-14 8.62E-14 1.14E-13 1.40E-13 1.54E-13 1.56E-13
  1.08910    7  14 /pl=01:ss=69:pb= 1:sz=69/type=excit/ispb = t/isel =    4
 1.00E+10 1.00E+11 1.00E+12 1.00E+13 1.00E+14 1.00E+15 1.00E+16
 8.44E+01 1.27E+02 2.11E+02 4.22E+02 8.44E+02 2.11E+03 4.22E+03 6.33E+03
 8.44E+03 1.27E+04 2.11E+04 4.22E+04 8.44E+04 1.27E+05
 1.00E-74 1.00E-74 4.90E-36 1.77E-24 9.11E-19 1.97E-15 2.22E-14 4.74E-14
 6.86E-14 9.77E-14 1.28E-13 1.57E-13 1.71E-13 1.73E-13
 1.00E-74 1.00E-74 4.90E-36 1.77E-24 9.11E-19 1.97E-15 2.22E-14 4.74E-14
 6.86E-14 9.77E-14 1.28E-13 1.57E-13 1.71E-13 1.73E-13
 1.00E-74 1.00E-74 4.90E-36 1.77E-24 9.11E-19 1.97E-15 2.22E-14 4.74E-14
 6.86E-14 9.77E-14 1.28E-13 1.57E-13 1.71E-13 1.73E-13
 1.00E-74 1.00E-74 4.90E-36 1.77E-24 9.11E-19 1.97E-15 2.22E-14 4.74E-14
 6.86E-14 9.77E-14 1.28E-13 1.57E-13 1.71E-13 1.73E-13
 1.00E-74 1.00E-74 4.90E-36 1.77E-24 9.11E-19 1.97E-15 2.22E-14 4.74E-14
 6.86E-14 9.77E-14 1.28E-13 1.57E-13 1.71E-13 1.73E-13
 1.00E-74 1.00E-74 4.90E-36 1.77E-24 9.11E-19 1.97E-15 2.22E-14 4.74E-14
 6.86E-14 9.77E-14 1.28E-13 1.57E-13 1.71E-13 1.73E-13
 1.00E-74 1.00E-74 4.90E-36 1.77E-24 9.11E-19 1.97E-15 2.22E-14 4.74E-14
 6.86E-14 9.77E-14 1.28E-13 1.57E-13 1.71E-13 1.73E-13
  1.09251    7  14 /pl=01:ss=69:pb= 1:sz=69/type=excit/ispb = t/isel =    5
 1.00E+10 1.00E+11 1.00E+12 1.00E+13 1.00E+14 1.00E+15 1.00E+16
 8.44E+01 1.27E+02 2.11E+02 4.22E+02 8.44E+02 2.11E+03 4.22E+03 6.33E+03
 8.44E+03 1.27E+04 2.11E+04 4.22E+04 8.44E+04 1.27E+05
 1.00E-74 1.00E-74 5.70E-36 1.90E-24 9.34E-19 1.94E-15 2.17E-14 4.64E-14
 6.67E-14 9.45E-14 1.24E-13 1.52E-13 1.67E-13 1.69E-13
 1.00E-74 1.00E-74 5.70E-36 1.90E-24 9.34E-19 1.94E-15 2.17E-14 4.64E-14
 6.67E-14 9.45E-14 1.24E-13 1.52E-13 1.67E-13 1.69E-13
 1.00E-74 1.00E-74 5.70E-36 1.90E-24 9.34E-19 1.94E-15 2.17E-14 4.64E-14
 6.67E-14 9.45E-14 1.24E-13 1.52E-13 1.67E-13 1.69E-13
 1.00E-74 1.00E-74 5.70E-36 1.90E-24 9.34E-19 1.94E-15 2.17E-14 4.64E-14
 6.67E-14 9.45E-14 1.24E-13 1.52E-13 1.67E-13 1.69E-13
 1.00E-74 1.00E-74 5.70E-36 1.90E-24 9.34E-19 1.94E-15 2.17E-14 4.64E-14
 6.67E-14 9.45E-14 1.24E-13 1.52E-13 1.67E-13 1.69E-13
 1.00E-74 1.00E-74 5.70E-36 1.90E-24 9.34E-19 1.94E-15 2.17E-14 4.64E-14
 6.67E-14 9.45E-14 1.24E-13 1.52E-13 1.67E-13 1.69E-13
 1.00E-74 1.00E-74 5.70E-36 1.90E-24 9.34E-19 1.94E-15 2.17E-14 4.64E-14
 6.67E-14 9.45E-14 1.24E-13 1.52E-13 1.67E-13 1.69E-13
  1.10000    7  14 /pl=01:ss=69:pb= 1:sz=69/type=excit/ispb = t/isel =    6
 1.00E+10 1.00E+11 1.00E+12 1.00E+13 1.00E+14 1.00E+15 1.00E+16
 8.44E+01 1.27E+02 2.11E+02 4.22E+02 8.44E+02 2.11E+03 4.22E+03 6.33E+03
 8.44E+03 1.27E+04 2.11E+04 4.22E+04 8.44E+04 1.27E+05
 1.00E-74 1.00E-74 3.95E-38 6.74E-26 7.38E-20 2.44E-16 3.02E-15 6.44E-15
 9.08E-15 1.22E-14 1.42E-14 1.39E-14 1.19E-14 1.04E-14
 1.00E-74 1.00E-74 3.95E-38 6.74E-26 7.38E-20 2.44E-16 3.02E-15 6.44E-15
 9.08E-15 1.22E-14 1.42E-14 1.39E-14 1.19E-14 1.04E-14
 1.00E-74 1.00E-74 3.95E-38 6.74E-26 7.38E-20 2.44E-16 3.02E-15 6.44E-15
 9.08E-15 1.22E-14 1.42E-14 1.39E-14 1.19E-14 1.04E-14
 1.00E-74 1.00E-74 3.95E-38 6.74E-26 7.38E-20 2.44E-16 3.02E-15 6.44E-15
 9.08E-15 1.22E-14 1.42E-14 1.39E-14 1.19E-14 1.04E-14
 1.00E-74 1.00E-74 3.95E-38 6.74E-26 7.38E-20 2.44E-16 3.02E-15 6.44E-15
 9.08E-15 1.22E-14 1.42E-14 1.39E-14 1.19E-14 1.04E-14
 1.00E-74 1.00E-74 3.95E-38 6.74E-26 7.38E-20 2.44E-16 3.02E-15 6.44E-15
 9.08E-15 1.22E-14 1.42E-14 1.39E-14 1.19E-14 1.04E-14
 1.00E-74 1.00E-74 3.95E-38 6.74E-26 7.38E-20 2.44E-16 3.02E-15 6.44E-15
 9.08E-15 1.22E-14 1.42E-14 1.39E-14 1.19E-14 1.04E-14
  1.10087    7  14 /pl=01:ss=69:pb= 1:sz=69/type=excit/ispb = t/isel =    7
 1.00E+10 1.00E+11 1.00E+12 1.00E+13 1.00E+14 1.00E+15 1.00E+16
 8.44E+01 1.27E+02 2.11E+02 4.22E+02 8.44E+02 2.11E+03 4.22E+03 6.33E+03
 8.44E+03 1.27E+04 2.11E+04 4.22E+04 8.44E+04 1.27E+05
 1.00E-74 1.00E-74 3.70E-37 6.14E-25 6.68E-19 2.18E-15 2.70E-14 5.78E-14
 8.13E-14 1.08E-13 1.26E-13 1.24E-13 1.06E-13 9.29E-14
 1.00E-74 1.00E-74 3.70E-37 6.14E-25 6.68E-19 2.18E-15 2.70E-14 5.78E-14
 8.13E-14 1.08E-13 1.26E-13 1.24E-13 1.06E-13 9.29E-14
 1.00E-74 1.00E-74 3.70E-37 6.14E-25 6.68E-19 2.18E-15 2.70E-14 5.78E-14
 8.13E-14 1.08E-13 1.26E-13 1.24E-13 1.06E-13 9.29E-14
 1.00E-74 1.00E-74 3.70E-37 6.14E-25 6.68E-19 2.18E-15 2.70E-14 5.78E-14
 8.13E-14 1.08E-13 1.26E-13 1.24E-13 1.06E-13 9.29E-14
 1.00E-74 1.00E-74 3.70E-37 6.14E-25 6.68E-19 2.18E-15 2.70E-14 5.78E-14
 8.13E-14 1.08E-13 1.26E-13 1.24E-13 1.06E-13 9.29E-14
 1.00E-74 1.00E-74 3.70E-37 6.14E-25 6.68E-19 2.18E-15 2.70E-14 5.78E-14
 8.13E-14 1.08E-13 1.26E-13 1.24E-13 1.06E-13 9.29E-14
 1.00E-74 1.00E-74 3.70E-37 6.14E-25 6.68E-19 2.18E-15 2.70E-14 5.78E-14
 8.13E-14 1.08E-13 1.26E-13 1.24E-13 1.06E-13 9.29E-14
  1.12440    7  14 /pl=01:ss=69:pb= 1:sz=69/type=excit/ispb = t/isel =    8
 1.00E+10 1.00E+11 1.00E+12 1.00E+13 1.00E+14 1.00E+15 1.00E+16
 8.44E+01 1.27E+02 2.11E+02 4.22E+02 8.44E+02 2.11E+03 4.22E+03 6.33E+03
 8.44E+03 1.27E+04 2.11E+04 4.22E+04 8.44E+04 1.27E+05
 1.00E-74 1.00E-74 2.82E-37 2.68E-25 2.20E-19 6.11E-16 7.15E-15 1.50E-14
 2.09E-14 2.78E-14 3.21E-14 3.14E-14 2.67E-14 2.34E-14
 1.00E-74 1.00E-74 2.82E-37 2.68E-25 2.20E-19 6.11E-16 7.15E-15 1.50E-14
 2.09E-14 2.78E-14 3.21E-14 3.14E-14 2.67E-14 2.34E-14
 1.00E-74 1.00E-74 2.82E-37 2.68E-25 2.20E-19 6.11E-16 7.15E-15 1.50E-14
 2.09E-14 2.78E-14 3.21E-14 3.14E-14 2.67E-14 2.34E-14
 1.00E-74 1.00E-74 2.82E-37 2.68E-25 2.20E-19 6.11E-16 7.15E-15 1.50E-14
 2.09E-14 2.78E-14 3.21E-14 3.14E-14 2.67E-14 2.34E-14
 1.00E-74 1.00E-74 2.82E-37 2.68E-25 2.20E-19 6.11E-16 7.15E-15 1.50E-14
 2.09E-14 2.78E-14 3.21E-14 3.14E-14 2.67E-14 2.34E-14
 1.00E-74 1.00E-74 2.82E-37 2.68E-25 2.20E-19 6.11E-16 7.15E-15 1.50E-14
 2.09E-14 2.78E-14 3.21E-14 3.14E-14 2.67E-14 2.34E-14
 1.00E-74 1.00E-74 2.82E-37 2.68E-25 2.20E-19 6.11E-16 7.15E-15 1.50E-14
 2.09E-14 2.78E-14 3.21E-14 3.14E-14 2.67E-14 2.34E-14
  1.12743    7  14 /pl=01:ss=69:pb= 1:sz=69/type=excit/ispb = t/isel =    9
 1.00E+10 1.00E+11 1.00E+12 1.00E+13 1.00E+14 1.00E+15 1.00E+16
 8.44E+01 1.27E+02 2.11E+02 4.22E+02 8.44E+02 2.11E+03 4.22E+03 6.33E+03
 8.44E+03 1.27E+04 2.11E+04 4.22E+04 8.44E+04 1.27E+05
 1.00E-74 1.00E-74 3.95E-35 5.75E-24 1.85E-18 3.02E-15 3.11E-14 6.43E-14
 9.12E-14 1.28E-13 1.66E-13 2.01E-13 2.20E-13 2.22E-13
 1.00E-74 1.00E-74 3.95E-35 5.75E-24 1.85E-18 3.02E-15 3.11E-14 6.43E-14
 9.12E-14 1.28E-13 1.66E-13 2.01E-13 2.20E-13 2.22E-13
 1.00E-74 1.00E-74 3.95E-35 5.75E-24 1.85E-18 3.02E-15 3.11E-14 6.43E-14
 9.12E-14 1.28E-13 1.66E-13 2.01E-13 2.20E-13 2.22E-13
 1.00E-74 1.00E-74 3.95E-35 5.75E-24 1.85E-18 3.02E-15 3.11E-14 6.43E-14
 9.12E-14 1.28E-13 1.66E-13 2.01E-13 2.20E-13 2.22E-13
 1.00E-74 1.00E-74 3.95E-35 5.75E-24 1.85E-18 3.02E-15 3.11E-14 6.43E-14
 9.12E-14 1.28E-13 1.66E-13 2.01E-13 2.20E-13 2.22E-13
 1.00E-74 1.00E-74 3.95E-35 5.75E-24 1.85E-18 3.02E-15 3.11E-14 6.43E-14
 9.12E-14 1.28E-13 1.66E-13 2.01E-13 2.20E-13 2.22E-13
 1.00E-74 1.00E-74 3.95E-35 5.75E-24 1.85E-18 3.02E-15 3.11E-14 6.43E-14
 9.12E-14 1.28E-13 1.66E-13 2.01E-13 2.20E-13 2.22E-13
  1.14584    7  14 /pl=01:ss=69:pb= 1:sz=69/type=excit/ispb = t/isel =   10
 1.00E+10 1.00E+11 1.00E+12 1.00E+13 1.00E+14 1.00E+15 1.00E+16
 8.44E+01 1.27E+02 2.11E+02 4.22E+02 8.44E+02 2.11E+03 4.22E+03 6.33E+03
 8.44E+03 1.27E+04 2.11E+04 4.22E+04 8.44E+04 1.27E+05
 1.00E-74 1.00E-74 1.33E-37 2.20E-25 2.40E-19 7.84E-16 9.69E-15 2.07E-14
 2.92E-14 3.89E-14 4.54E-14 4.46E-14 3.80E-14 3.33E-14
 1.00E-74 1.00E-74 1.33E-37 2.20E-25 2.40E-19 7.84E-16 9.69E-15 2.07E-14
 2.92E-14 3.89E-14 4.54E-14 4.46E-14 3.80E-14 3.33E-14
 1.00E-74 1.00E-74 1.33E-37 2.20E-25 2.40E-19 7.84E-16 9.69E-15 2.07E-14
 2.92E-14 3.89E-14 4.54E-14 4.46E-14 3.80E-14 3.33E-14
 1.00E-74 1.00E-74 1.33E-37 2.20E-25 2.40E-19 7.84E-16 9.69E-15 2.07E-14
 2.92E-14 3.89E-14 4.54E-14 4.46E-14 3.80E-14 3.33E-14
 1.00E-74 1.00E-74 1.33E-37 2.20E-25 2.40E-19 7.84E-16 9.69E-15 2.07E-14
 2.92E-14 3.89E-14 4.54E-14 4.46E-14 3.80E-14 3.33E-14
 1.00E-74 1.00E-74 1.33E-37 2.20E-25 2.40E-19 7.84E-16 9.69E-15 2.07E-14
 2.92E-14 3.89E-14 4.54E-14 4.46E-14 3.80E-14 3.33E-14
 1.00E-74 1.00E-74 1.33E-37 2.20E-25 2.40E-19 7.84E-16 9.69E-15 2.07E-14
 2.92E-14 3.89E-14 4.54E-14 4.46E-14 3.80E-14 3.33E-14
  1.14590    7  14 /pl=01:ss=69:pb= 1:sz=69/type=excit/ispb = t/isel =   11
 1.00E+10 1.00E+11 1.00E+12 1.00E+13 1.00E+14 1.00E+15 1.00E+16
 8.44E+01 1.27E+02 2.11E+02 4.22E+02 8.44E+02 2.11E+03 4.22E+03 6.33E+03
 8.44E+03 1.27E+04 2.11E+04 4.22E+04 8.44E+04 1.27E+05
 1.00E-74 1.00E-74 5.50E-35 5.23E-24 1.37E-18 2.03E-15 2.07E-14 4.28E-14
 6.06E-14 8.43E-14 1.08E-13 1.25E-13 1.31E-13 1.31E-13
 1.00E-74 1.00E-74 5.50E-35 5.23E-24 1.37E-18 2.03E-15 2.07E-14 4.28E-14
 6.06E-14 8.43E-14 1.08E-13 1.25E-13 1.31E-13 1.31E-13
 1.00E-74 1.00E-74 5.50E-35 5.23E-24 1.37E-18 2.03E-15 2.07E-14 4.28E-14
 6.06E-14 8.43E-14 1.08E-13 1.25E-13 1.31E-13 1.31E-13
 1.00E-74 1.00E-74 5.50E-35 5.23E-24 1.37E-18 2.03E-15 2.07E-14 4.28E-14
 6.06E-14 8.43E-14 1.08E-13 1.25E-13 1.31E-13 1.31E-13
 1.00E-74 1.00E-74 5.50E-35 5.23E-24 1.37E-18 2.03E-15 2.07E-14 4.28E-14
 6.06E-14 8.43E-14 1.08E-13 1.25E-13 1.31E-13 1.31E-13
 1.00E-74 1.00E-74 5.50E-35 5.23E-24 1.37E-18 2.03E-15 2.07E-14 4.28E-14
 6.06E-14 8.43E-14 1.08E-13 1.25E-13 1.31E-13 1.31E-13
 1.00E-74 1.00E-74 5.50E-35 5.23E-24 1.37E-18 2.03E-15 2.07E-14 4.28E-14
 6.06E-14 8.43E-14 1.08E-13 1.25E-13 1.31E-13 1.31E-13
  1.14638    7  14 /pl=01:ss=69:pb= 1:sz=69/type=excit/ispb = t/isel =   12
 1.00E+10 1.00E+11 1.00E+12 1.00E+13 1.00E+14 1.00E+15 1.00E+16
 8.44E+01 1.27E+02 2.11E+02 4.22E+02 8.44E+02 2.11E+03 4.22E+03 6.33E+03
 8.44E+03 1.27E+04 2.11E+04 4.22E+04 8.44E+04 1.27E+05
 1.00E-74 1.00E-74 3.91E-38 6.44E-26 6.93E-20 2.26E-16 2.79E-15 5.95E-15
 8.36E-15 1.12E-14 1.30E-14 1.27E-14 1.08E-14 9.50E-15
 1.00E-74 1.00E-74 3.91E-38 6.44E-26 6.93E-20 2.26E-16 2.79E-15 5.95E-15
 8.36E-15 1.12E-14 1.30E-14 1.27E-14 1.08E-14 9.50E-15
 1.00E-74 1.00E-74 3.91E-38 6.44E-26 6.93E-20 2.26E-16 2.79E-15 5.95E-15
 8.36E-15 1.12E-14 1.30E-14 1.27E-14 1.08E-14 9.50E-15
 1.00E-74 1.00E-74 3.91E-38 6.44E-26 6.93E-20 2.26E-16 2.79E-15 5.95E-15
 8.36E-15 1.12E-14 1.30E-14 1.27E-14 1.08E-14 9.50E-15
 1.00E-74 1.00E-74 3.91E-38 6.44E-26 6.93E-20 2.26E-16 2.79E-15 5.95E-15
 8.36E-15 1.12E-14 1.30E-14 1.27E-14 1.08E-14 9.50E-15
 1.00E-74 1.00E-74 3.91E-38 6.44E-26 6.93E-20 2.26E-16 2.79E-15 5.95E-15
 8.36E-15 1.12E-14 1.30E-14 1.27E-14 1.08E-14 9.50E-15
 1.00E-74 1.00E-74 3.91E-38 6.44E-26 6.93E-20 2.26E-16 2.79E-15 5.95E-15
 8.36E-15 1.12E-14 1.30E-14 1.27E-14 1.08E-14 9.50E-15
  1.16322    7  14 /pl=01:ss=69:pb= 1:sz=69/type=excit/ispb = t/isel =   13
 1.00E+10 1.00E+11 1.00E+12 1.00E+13 1.00E+14 1.00E+15 1.00E+16
 8.44E+01 1.27E+02 2.11E+02 4.22E+02 8.44E+02 2.11E+03 4.22E+03 6.33E+03
 8.44E+03 1.27E+04 2.11E+04 4.22E+04 8.44E+04 1.27E+05
 1.00E-74 1.00E-74 7.36E-37 2.92E-25 1.56E-19 3.31E-16 3.55E-15 7.22E-15
 9.92E-15 1.29E-14 1.48E-14 1.43E-14 1.21E-14 1.06E-14
 1.00E-74 1.00E-74 7.36E-37 2.92E-25 1.56E-19 3.31E-16 3.55E-15 7.22E-15
 9.92E-15 1.29E-14 1.48E-14 1.43E-14 1.21E-14 1.06E-14
 1.00E-74 1.00E-74 7.36E-37 2.92E-25 1.56E-19 3.31E-16 3.55E-15 7.22E-15
 9.92E-15 1.29E-14 1.48E-14 1.43E-14 1.21E-14 1.06E-14
 1.00E-74 1.00E-74 7.36E-37 2.92E-25 1.56E-19 3.31E-16 3.55E-15 7.22E-15
 9.92E-15 1.29E-14 1.48E-14 1.43E-14 1.21E-14 1.06E-14
 1.00E-74 1.00E-74 7.36E-37 2.92E-25 1.56E-19 3.31E-16 3.55E-15 7.22E-15
 9.92E-15 1.29E-14 1.48E-14 1.43E-14 1.21E-14 1.06E-14
 1.00E-74 1.00E-74 7.36E-37 2.92E-25 1.56E-19 3.31E-16 3.55E-15 7.22E-15
 9.92E-15 1.29E-14 1.48E-14 1.43E-14 1.21E-14 1.06E-14
 1.00E-74 1.00E-74 7.36E-37 2.92E-25 1.56E-19 3.31E-16 3.55E-15 7.22E-15
 9.92E-15 1.29E-14 1.48E-14 1.43E-14 1.21E-14 1.06E-14
  1.16637    7  14 /pl=01:ss=69:pb= 1:sz=69/type=excit/ispb = t/isel =   14
 1.00E+10 1.00E+11 1.00E+12 1.00E+13 1.00E+14 1.00E+15 1.00E+16
 8.44E+01 1.27E+02 2.11E+02 4.22E+02 8.44E+02 2.11E+03 4.22E+03 6.33E+03
 8.44E+03 1.27E+04 2.11E+04 4.22E+04 8.44E+04 1.27E+05
 1.00E-74 1.00E-74 1.00E-35 3.73E-24 1.92E-18 4.02E-15 4.28E-14 8.71E-14
 1.20E-13 1.56E-13 1.78E-13 1.73E-13 1.46E-13 1.28E-13
 1.00E-74 1.00E-74 1.00E-35 3.73E-24 1.92E-18 4.02E-15 4.28E-14 8.71E-14
 1.20E-13 1.56E-13 1.78E-13 1.73E-13 1.46E-13 1.28E-13
 1.00E-74 1.00E-74 1.00E-35 3.73E-24 1.92E-18 4.02E-15 4.28E-14 8.71E-14
 1.20E-13 1.56E-13 1.78E-13 1.73E-13 1.46E-13 1.28E-13
 1.00E-74 1.00E-74 1.00E-35 3.73E-24 1.92E-18 4.02E-15 4.28E-14 8.71E-14
 1.20E-13 1.56E-13 1.78E-13 1.73E-13 1.46E-13 1.28E-13
 1.00E-74 1.00E-74 1.00E-35 3.73E-24 1.92E-18 4.02E-15 4.28E-14 8.71E-14
 1.20E-13 1.56E-13 1.78E-13 1.73E-13 1.46E-13 1.28E-13
 1.00E-74 1.00E-74 1.00E-35 3.73E-24 1.92E-18 4.02E-15 4.28E-14 8.71E-14
 1.20E-13 1.56E-13 1.78E-13 1.73E-13 1.46E-13 1.28E-13
 1.00E-74 1.00E-74 1.00E-35 3.73E-24 1.92E-18 4.02E-15 4.28E-14 8.71E-14
 1.20E-13 1.56E-13 1.78E-13 1.73E-13 1.46E-13 1.28E-13
  1.17136    7  14 /pl=01:ss=69:pb= 1:sz=69/type=excit/ispb = t/isel =   15
 1.00E+10 1.00E+11 1.00E+12 1.00E+13 1.00E+14 1.00E+15 1.00E+16
 8.44E+01 1.27E+02 2.11E+02 4.22E+02 8.44E+02 2.11E+03 4.22E+03 6.33E+03
 8.44E+03 1.27E+04 2.11E+04 4.22E+04 8.44E+04 1.27E+05
 1.00E-74 1.00E-74 1.21E-36 1.15E-24 9.42E-19 2.62E-15 3.06E-14 6.42E-14
 8.95E-14 1.19E-13 1.37E-13 1.35E-13 1.15E-13 1.00E-13
 1.00E-74 1.00E-74 1.21E-36 1.15E-24 9.42E-19 2.62E-15 3.06E-14 6.42E-14
 8.95E-14 1.19E-13 1.37E-13 1.35E-13 1.15E-13 1.00E-13
 1.00E-74 1.00E-74 1.21E-36 1.15E-24 9.42E-19 2.62E-15 3.06E-14 6.42E-14
 8.95E-14 1.19E-13 1.37E-13 1.35E-13 1.15E-13 1.00E-13
 1.00E-74 1.00E-74 1.21E-36 1.15E-24 9.42E-19 2.62E-15 3.06E-14 6.42E-14
 8.95E-14 1.19E-13 1.37E-13 1.35E-13 1.15E-13 1.00E-13
 1.00E-74 1.00E-74 1.21E-36 1.15E-24 9.42E-19 2.62E-15 3.06E-14 6.42E-14
 8.95E-14 1.19E-13 1.37E-13 1.35E-13 1.15E-13 1.00E-13
 1.00E-74 1.00E-74 1.21E-36 1.15E-24 9.42E-19 2.62E-15 3.06E-14 6.42E-14
 8.95E-14 1.19E-13 1.37E-13 1.35E-13 1.15E-13 1.00E-13
 1.00E-74 1.00E-74 1.21E-36 1.15E-24 9.42E-19 2.62E-15 3.06E-14 6.42E-14
 8.95E-14 1.19E-13 1.37E-13 1.35E-13 1.15E-13 1.00E-13
  1.19857    7  14 /pl=01:ss=69:pb= 1:sz=69/type=excit/ispb = t/isel =   16
 1.00E+10 1.00E+11 1.00E+12 1.00E+13 1.00E+14 1.00E+15 1.00E+16
 8.44E+01 1.27E+02 2.11E+02 4.22E+02 8.44E+02 2.11E+03 4.22E+03 6.33E+03
 8.44E+03 1.27E+04 2.11E+04 4.22E+04 8.44E+04 1.27E+05
 1.00E-74 1.00E-74 1.66E-34 5.15E-24 7.69E-19 7.99E-16 7.19E-15 1.43E-14
 1.99E-14 2.72E-14 3.45E-14 4.10E-14 4.38E-14 4.42E-14
 1.00E-74 1.00E-74 1.66E-34 5.15E-24 7.69E-19 7.99E-16 7.19E-15 1.43E-14
 1.99E-14 2.72E-14 3.45E-14 4.10E-14 4.38E-14 4.42E-14
 1.00E-74 1.00E-74 1.66E-34 5.15E-24 7.69E-19 7.99E-16 7.19E-15 1.43E-14
 1.99E-14 2.72E-14 3.45E-14 4.10E-14 4.38E-14 4.42E-14
 1.00E-74 1.00E-74 1.66E-34 5.15E-24 7.69E-19 7.99E-16 7.19E-15 1.43E-14
 1.99E-14 2.72E-14 3.45E-14 4.10E-14 4.38E-14 4.42E-14
 1.00E-74 1.00E-74 1.66E-34 5.15E-24 7.69E-19 7.99E-16 7.19E-15 1.43E-14
 1.99E-14 2.72E-14 3.45E-14 4.10E-14 4.38E-14 4.42E-14
 1.00E-74 1.00E-74 1.66E-34 5.15E-24 7.69E-19 7.99E-16 7.19E-15 1.43E-14
 1.99E-14 2.72E-14 3.45E-14 4.10E-14 4.38E-14 4.42E-14
 1.00E-74 1.00E-74 1.66E-34 5.15E-24 7.69E-19 7.99E-16 7.19E-15 1.43E-14
 1.99E-14 2.72E-14 3.45E-14 4.10E-14 4.38E-14 4.42E-14
  1.20556    7  14 /pl=01:ss=69:pb= 1:sz=69/type=excit/ispb = t/isel =   17
 1.00E+10 1.00E+11 1.00E+12 1.00E+13 1.00E+14 1.00E+15 1.00E+16
 8.44E+01 1.27E+02 2.11E+02 4.22E+02 8.44E+02 2.11E+03 4.22E+03 6.33E+03
 8.44E+03 1.27E+04 2.11E+04 4.22E+04 8.44E+04 1.27E+05
 1.00E-74 1.00E-74 1.27E-32 3.42E-22 4.73E-17 4.57E-14 3.90E-13 7.52E-13
 1.02E-12 1.35E-12 1.63E-12 1.78E-12 1.76E-12 1.70E-12
 1.00E-74 1.00E-74 1.27E-32 3.42E-22 4.73E-17 4.57E-14 3.90E-13 7.52E-13
 1.02E-12 1.35E-12 1.63E-12 1.78E-12 1.76E-12 1.70E-12
 1.00E-74 1.00E-74 1.27E-32 3.42E-22 4.73E-17 4.57E-14 3.90E-13 7.52E-13
 1.02E-12 1.35E-12 1.63E-12 1.78E-12 1.76E-12 1.70E-12
 1.00E-74 1.00E-74 1.27E-32 3.42E-22 4.73E-17 4.57E-14 3.90E-13 7.52E-13
 1.02E-12 1.35E-12 1.63E-12 1.78E-12 1.76E-12 1.70E-12
 1.00E-74 1.00E-74 1.27E-32 3.42E-22 4.73E-17 4.57E-14 3.90E-13 7.52E-13
 1.02E-12 1.35E-12 1.63E-12 1.78E-12 1.76E-12 1.70E-12
 1.00E-74 1.00E-74 1.27E-32 3.42E-22 4.73E-17 4.57E-14 3.90E-13 7.52E-13
 1.02E-12 1.35E-12 1.63E-12 1.78E-12 1.76E-12 1.70E-12
 1.00E-74 2.49E-46 1.27E-32 3.42E-22 4.73E-17 4.57E-14 3.90E-13 7.52E-13
 1.02E-12 1.35E-12 1.63E-12 1.78E-12 1.76E-12 1.70E-12
  1.20820    7  14 /pl=01:ss=69:pb= 1:sz=69/type=excit/ispb = t/isel =   18
 1.00E+10 1.00E+11 1.00E+12 1.00E+13 1.00E+14 1.00E+15 1.00E+16
 8.44E+01 1.27E+02 2.11E+02 4.22E+02 8.44E+02 2.11E+03 4.22E+03 6.33E+03
 8.44E+03 1.27E+04 2.11E+04 4.22E+04 8.44E+04 1.27E+05
 1.00E-74 1.00E-74 4.17E-38 7.29E-26 8.12E-20 2.71E-16 3.36E-15 7.21E-15
 1.02E-14 1.36E-14 1.59E-14 1.56E-14 1.34E-14 1.17E-14
 1.00E-74 1.00E-74 4.17E-38 7.29E-26 8.12E-20 2.71E-16 3.36E-15 7.21E-15
 1.02E-14 1.36E-14 1.59E-14 1.56E-14 1.34E-14 1.17E-14
 1.00E-74 1.00E-74 4.17E-38 7.29E-26 8.12E-20 2.71E-16 3.36E-15 7.21E-15
 1.02E-14 1.36E-14 1.59E-14 1.56E-14 1.34E-14 1.17E-14
 1.00E-74 1.00E-74 4.17E-38 7.29E-26 8.12E-20 2.71E-16 3.36E-15 7.21E-15
 1.02E-14 1.36E-14 1.59E-14 1.56E-14 1.34E-14 1.17E-14
 1.00E-74 1.00E-74 4.17E-38 7.29E-26 8.12E-20 2.71E-16 3.36E-15 7.21E-15
 1.02E-14 1.36E-14 1.59E-14 1.56E-14 1.34E-14 1.17E-14
 1.00E-74 1.00E-74 4.17E-38 7.29E-26 8.12E-20 2.71E-16 3.36E-15 7.21E-15
 1.02E-14 1.36E-14 1.59E-14 1.56E-14 1.34E-14 1.17E-14
 1.00E-74 1.00E-74 4.17E-38 7.29E-26 8.12E-20 2.71E-16 3.36E-15 7.21E-15
 1.02E-14 1.36E-14 1.59E-14 1.56E-14 1.34E-14 1.17E-14
  1.20966    7  14 /pl=01:ss=69:pb= 1:sz=69/type=excit/ispb = t/isel =   19
 1.00E+10 1.00E+11 1.00E+12 1.00E+13 1.00E+14 1.00E+15 1.00E+16
 8.44E+01 1.27E+02 2.11E+02 4.22E+02 8.44E+02 2.11E+03 4.22E+03 6.33E+03
 8.44E+03 1.27E+04 2.11E+04 4.22E+04 8.44E+04 1.27E+05
 1.00E-74 1.00E-74 2.20E-37 3.75E-25 4.11E-19 1.36E-15 1.68E-14 3.58E-14
 5.06E-14 6.76E-14 7.90E-14 7.75E-14 6.62E-14 5.80E-14
 1.00E-74 1.00E-74 2.20E-37 3.75E-25 4.11E-19 1.36E-15 1.68E-14 3.58E-14
 5.06E-14 6.76E-14 7.90E-14 7.75E-14 6.62E-14 5.80E-14
 1.00E-74 1.00E-74 2.20E-37 3.75E-25 4.11E-19 1.36E-15 1.68E-14 3.58E-14
 5.06E-14 6.76E-14 7.90E-14 7.75E-14 6.62E-14 5.80E-14
 1.00E-74 1.00E-74 2.20E-37 3.75E-25 4.11E-19 1.36E-15 1.68E-14 3.58E-14
 5.06E-14 6.76E-14 7.90E-14 7.75E-14 6.62E-14 5.80E-14
 1.00E-74 1.00E-74 2.20E-37 3.75E-25 4.11E-19 1.36E-15 1.68E-14 3.58E-14
 5.06E-14 6.76E-14 7.90E-14 7.75E-14 6.62E-14 5.80E-14
 1.00E-74 1.00E-74 2.20E-37 3.75E-25 4.11E-19 1.36E-15 1.68E-14 3.58E-14
 5.06E-14 6.76E-14 7.90E-14 7.75E-14 6.62E-14 5.80E-14
 1.00E-74 1.00E-74 2.20E-37 3.75E-25 4.11E-19 1.36E-15 1.68E-14 3.58E-14
 5.06E-14 6.76E-14 7.90E-14 7.75E-14 6.62E-14 5.80E-14
  1.21131    7  14 /pl=01:ss=69:pb= 1:sz=69/type=excit/ispb = t/isel =   20
 1.00E+10 1.00E+11 1.00E+12 1.00E+13 1.00E+14 1.00E+15 1.00E+16
 8.44E+01 1.27E+02 2.11E+02 4.22E+02 8.44E+02 2.11E+03 4.22E+03 6.33E+03
 8.44E+03 1.27E+04 2.11E+04 4.22E+04 8.44E+04 1.27E+05
 1.00E-74 1.00E-74 1.92E-37 3.16E-25 3.40E-19 1.11E-15 1.37E-14 2.92E-14
 4.10E-14 5.48E-14 6.37E-14 6.25E-14 5.31E-14 4.66E-14
 1.00E-74 1.00E-74 1.92E-37 3.16E-25 3.40E-19 1.11E-15 1.37E-14 2.92E-14
 4.10E-14 5.48E-14 6.37E-14 6.25E-14 5.31E-14 4.66E-14
 1.00E-74 1.00E-74 1.92E-37 3.16E-25 3.40E-19 1.11E-15 1.37E-14 2.92E-14
 4.10E-14 5.48E-14 6.37E-14 6.25E-14 5.31E-14 4.66E-14
 1.00E-74 1.00E-74 1.92E-37 3.16E-25 3.40E-19 1.11E-15 1.37E-14 2.92E-14
 4.10E-14 5.48E-14 6.37E-14 6.25E-14 5.31E-14 4.66E-14
 1.00E-74 1.00E-74 1.92E-37 3.16E-25 3.40E-19 1.11E-15 1.37E-14 2.92E-14
 4.10E-14 5.48E-14 6.37E-14 6.25E-14 5.31E-14 4.66E-14
 1.00E-74 1.00E-74 1.92E-37 3.16E-25 3.40E-19 1.11E-15 1.37E-14 2.92E-14
 4.10E-14 5.48E-14 6.37E-14 6.25E-14 5.31E-14 4.66E-14
 1.00E-74 1.00E-74 1.92E-37 3.16E-25 3.40E-19 1.11E-15 1.37E-14 2.92E-14
 4.10E-14 5.48E-14 6.37E-14 6.25E-14 5.31E-14 4.66E-14
  1.21355    7  14 /pl=01:ss=69:pb= 1:sz=69/type=excit/ispb = t/isel =   21
 1.00E+10 1.00E+11 1.00E+12 1.00E+13 1.00E+14 1.00E+15 1.00E+16
 8.44E+01 1.27E+02 2.11E+02 4.22E+02 8.44E+02 2.11E+03 4.22E+03 6.33E+03
 8.44E+03 1.27E+04 2.11E+04 4.22E+04 8.44E+04 1.27E+05
 1.00E-74 1.00E-74 4.71E-36 1.87E-24 9.96E-19 2.12E-15 2.27E-14 4.62E-14
 6.35E-14 8.27E-14 9.45E-14 9.17E-14 7.74E-14 6.77E-14
 1.00E-74 1.00E-74 4.71E-36 1.87E-24 9.96E-19 2.12E-15 2.27E-14 4.62E-14
 6.35E-14 8.27E-14 9.45E-14 9.17E-14 7.74E-14 6.77E-14
 1.00E-74 1.00E-74 4.71E-36 1.87E-24 9.96E-19 2.12E-15 2.27E-14 4.62E-14
 6.35E-14 8.27E-14 9.45E-14 9.17E-14 7.74E-14 6.77E-14
 1.00E-74 1.00E-74 4.71E-36 1.87E-24 9.96E-19 2.12E-15 2.27E-14 4.62E-14
 6.35E-14 8.27E-14 9.45E-14 9.17E-14 7.74E-14 6.77E-14
 1.00E-74 1.00E-74 4.71E-36 1.87E-24 9.96E-19 2.12E-15 2.27E-14 4.62E-14
 6.35E-14 8.27E-14 9.45E-14 9.17E-14 7.74E-14 6.77E-14
 1.00E-74 1.00E-74 4.71E-36 1.87E-24 9.96E-19 2.12E-15 2.27E-14 4.62E-14
 6.35E-14 8.27E-14 9.45E-14 9.17E-14 7.74E-14 6.77E-14
 1.00E-74 1.00E-74 4.71E-36 1.87E-24 9.96E-19 2.12E-15 2.27E-14 4.62E-14
 6.35E-14 8.27E-14 9.45E-14 9.17E-14 7.74E-14 6.77E-14
  1.21697    7  14 /pl=01:ss=69:pb= 1:sz=69/type=excit/ispb = t/isel =   22
 1.00E+10 1.00E+11 1.00E+12 1.00E+13 1.00E+14 1.00E+15 1.00E+16
 8.44E+01 1.27E+02 2.11E+02 4.22E+02 8.44E+02 2.11E+03 4.22E+03 6.33E+03
 8.44E+03 1.27E+04 2.11E+04 4.22E+04 8.44E+04 1.27E+05
 1.00E-74 1.00E-74 1.03E-36 3.83E-25 1.97E-19 4.13E-16 4.39E-15 8.94E-15
 1.23E-14 1.60E-14 1.83E-14 1.77E-14 1.50E-14 1.31E-14
 1.00E-74 1.00E-74 1.03E-36 3.83E-25 1.97E-19 4.13E-16 4.39E-15 8.94E-15
 1.23E-14 1.60E-14 1.83E-14 1.77E-14 1.50E-14 1.31E-14
 1.00E-74 1.00E-74 1.03E-36 3.83E-25 1.97E-19 4.13E-16 4.39E-15 8.94E-15
 1.23E-14 1.60E-14 1.83E-14 1.77E-14 1.50E-14 1.31E-14
 1.00E-74 1.00E-74 1.03E-36 3.83E-25 1.97E-19 4.13E-16 4.39E-15 8.94E-15
 1.23E-14 1.60E-14 1.83E-14 1.77E-14 1.50E-14 1.31E-14
 1.00E-74 1.00E-74 1.03E-36 3.83E-25 1.97E-19 4.13E-16 4.39E-15 8.94E-15
 1.23E-14 1.60E-14 1.83E-14 1.77E-14 1.50E-14 1.31E-14
 1.00E-74 1.00E-74 1.03E-36 3.83E-25 1.97E-19 4.13E-16 4.39E-15 8.94E-15
 1.23E-14 1.60E-14 1.83E-14 1.77E-14 1.50E-14 1.31E-14
 1.00E-74 1.00E-74 1.03E-36 3.83E-25 1.97E-19 4.13E-16 4.39E-15 8.94E-15
 1.23E-14 1.60E-14 1.83E-14 1.77E-14 1.50E-14 1.31E-14
  1.23758    7  14 /pl=01:ss=69:pb= 1:sz=69/type=excit/ispb = t/isel =   23
 1.00E+10 1.00E+11 1.00E+12 1.00E+13 1.00E+14 1.00E+15 1.00E+16
 8.44E+01 1.27E+02 2.11E+02 4.22E+02 8.44E+02 2.11E+03 4.22E+03 6.33E+03
 8.44E+03 1.27E+04 2.11E+04 4.22E+04 8.44E+04 1.27E+05
 1.00E-74 1.00E-74 8.38E-33 1.20E-22 1.21E-17 9.86E-15 8.10E-14 1.54E-13
 2.06E-13 2.64E-13 3.00E-13 2.94E-13 2.56E-13 2.29E-13
 1.00E-74 1.00E-74 8.38E-33 1.20E-22 1.21E-17 9.86E-15 8.10E-14 1.54E-13
 2.06E-13 2.64E-13 3.00E-13 2.94E-13 2.56E-13 2.29E-13
 1.00E-74 1.00E-74 8.38E-33 1.20E-22 1.21E-17 9.86E-15 8.10E-14 1.54E-13
 2.06E-13 2.64E-13 3.00E-13 2.94E-13 2.56E-13 2.29E-13
 1.00E-74 1.00E-74 8.38E-33 1.20E-22 1.21E-17 9.86E-15 8.10E-14 1.54E-13
 2.06E-13 2.64E-13 3.00E-13 2.94E-13 2.56E-13 2.29E-13
 1.00E-74 2.18E-46 8.38E-33 1.20E-22 1.21E-17 9.86E-15 8.10E-14 1.54E-13
 2.06E-13 2.64E-13 3.00E-13 2.94E-13 2.56E-13 2.29E-13
 1.00E-74 1.96E-46 8.38E-33 1.20E-22 1.21E-17 9.86E-15 8.10E-14 1.54E-13
 2.06E-13 2.64E-13 3.00E-13 2.94E-13 2.56E-13 2.29E-13
 1.00E-74 1.98E-46 8.38E-33 1.20E-22 1.21E-17 9.86E-15 8.10E-14 1.54E-13
 2.06E-13 2.64E-13 3.00E-13 2.94E-13 2.56E-13 2.29E-13
  1.26746    7  14 /pl=01:ss=69:pb= 1:sz=69/type=excit/ispb = t/isel =   24
 1.00E+10 1.00E+11 1.00E+12 1.00E+13 1.00E+14 1.00E+15 1.00E+16
 8.44E+01 1.27E+02 2.11E+02 4.22E+02 8.44E+02 2.11E+03 4.22E+03 6.33E+03
 8.44E+03 1.27E+04 2.11E+04 4.22E+04 8.44E+04 1.27E+05
 1.00E-74 1.00E-74 4.05E-34 2.02E-23 3.81E-18 4.36E-15 3.79E-14 7.22E-14
 9.57E-14 1.21E-13 1.35E-13 1.27E-13 1.07E-13 9.33E-14
 1.00E-74 1.00E-74 4.05E-34 2.02E-23 3.81E-18 4.36E-15 3.79E-14 7.22E-14
 9.57E-14 1.21E-13 1.35E-13 1.27E-13 1.07E-13 9.33E-14
 1.00E-74 1.00E-74 4.05E-34 2.02E-23 3.81E-18 4.36E-15 3.79E-14 7.22E-14
 9.57E-14 1.21E-13 1.35E-13 1.27E-13 1.07E-13 9.33E-14
 1.00E-74 1.00E-74 4.05E-34 2.02E-23 3.81E-18 4.36E-15 3.79E-14 7.22E-14
 9.57E-14 1.21E-13 1.35E-13 1.27E-13 1.07E-13 9.33E-14
 1.00E-74 1.00E-74 4.05E-34 2.02E-23 3.81E-18 4.36E-15 3.79E-14 7.22E-14
 9.57E-14 1.21E-13 1.35E-13 1.27E-13 1.07E-13 9.33E-14
 1.00E-74 1.00E-74 4.05E-34 2.02E-23 3.81E-18 4.36E-15 3.79E-14 7.22E-14
 9.57E-14 1.21E-13 1.35E-13 1.27E-13 1.07E-13 9.33E-14
 1.00E-74 1.00E-74 4.05E-34 2.02E-23 3.81E-18 4.36E-15 3.79E-14 7.22E-14
 9.57E-14 1.21E-13 1.35E-13 1.27E-13 1.07E-13 9.33E-14
  1.26865    7  14 /pl=01:ss=69:pb= 1:sz=69/type=excit/ispb = t/isel =   25
 1.00E+10 1.00E+11 1.00E+12 1.00E+13 1.00E+14 1.00E+15 1.00E+16
 8.44E+01 1.27E+02 2.11E+02 4.22E+02 8.44E+02 2.11E+03 4.22E+03 6.33E+03
 8.44E+03 1.27E+04 2.11E+04 4.22E+04 8.44E+04 1.27E+05
 1.00E-74 1.00E-74 3.36E-38 5.88E-26 6.55E-20 2.18E-16 2.71E-15 5.81E-15
 8.19E-15 1.10E-14 1.28E-14 1.26E-14 1.08E-14 9.47E-15
 1.00E-74 1.00E-74 3.36E-38 5.88E-26 6.55E-20 2.18E-16 2.71E-15 5.81E-15
 8.19E-15 1.10E-14 1.28E-14 1.26E-14 1.08E-14 9.47E-15
 1.00E-74 1.00E-74 3.37E-38 5.88E-26 6.55E-20 2.18E-16 2.71E-15 5.81E-15
 8.19E-15 1.10E-14 1.28E-14 1.26E-14 1.08E-14 9.47E-15
 1.00E-74 1.00E-74 3.37E-38 5.88E-26 6.55E-20 2.18E-16 2.71E-15 5.81E-15
 8.19E-15 1.10E-14 1.28E-14 1.26E-14 1.08E-14 9.47E-15
 1.00E-74 1.00E-74 3.37E-38 5.88E-26 6.55E-20 2.18E-16 2.71E-15 5.81E-15
 8.19E-15 1.10E-14 1.28E-14 1.26E-14 1.08E-14 9.47E-15
 1.00E-74 1.00E-74 3.37E-38 5.88E-26 6.55E-20 2.18E-16 2.71E-15 5.81E-15
 8.19E-15 1.10E-14 1.28E-14 1.26E-14 1.08E-14 9.47E-15
 1.00E-74 1.00E-74 3.37E-38 5.88E-26 6.55E-20 2.18E-16 2.71E-15 5.81E-15
 8.19E-15 1.10E-14 1.28E-14 1.26E-14 1.08E-14 9.47E-15
  1.27209    7  14 /pl=01:ss=69:pb= 1:sz=69/type=excit/ispb = t/isel =   26
 1.00E+10 1.00E+11 1.00E+12 1.00E+13 1.00E+14 1.00E+15 1.00E+16
 8.44E+01 1.27E+02 2.11E+02 4.22E+02 8.44E+02 2.11E+03 4.22E+03 6.33E+03
 8.44E+03 1.27E+04 2.11E+04 4.22E+04 8.44E+04 1.27E+05
 1.00E-74 1.00E-74 3.08E-37 5.06E-25 5.45E-19 1.78E-15 2.19E-14 4.68E-14
 6.58E-14 8.79E-14 1.02E-13 1.00E-13 8.52E-14 7.48E-14
 1.00E-74 1.00E-74 3.08E-37 5.06E-25 5.45E-19 1.78E-15 2.19E-14 4.68E-14
 6.58E-14 8.79E-14 1.02E-13 1.00E-13 8.52E-14 7.48E-14
 1.00E-74 1.00E-74 3.08E-37 5.06E-25 5.45E-19 1.78E-15 2.19E-14 4.68E-14
 6.58E-14 8.79E-14 1.02E-13 1.00E-13 8.52E-14 7.48E-14
 1.00E-74 1.00E-74 3.08E-37 5.06E-25 5.45E-19 1.78E-15 2.19E-14 4.68E-14
 6.58E-14 8.79E-14 1.02E-13 1.00E-13 8.52E-14 7.48E-14
 1.00E-74 1.00E-74 3.08E-37 5.06E-25 5.45E-19 1.78E-15 2.19E-14 4.68E-14
 6.58E-14 8.79E-14 1.02E-13 1.00E-13 8.52E-14 7.48E-14
 1.00E-74 1.00E-74 3.08E-37 5.06E-25 5.45E-19 1.78E-15 2.19E-14 4.68E-14
 6.58E-14 8.79E-14 1.02E-13 1.00E-13 8.52E-14 7.48E-14
 1.00E-74 1.00E-74 3.08E-37 5.06E-25 5.45E-19 1.78E-15 2.19E-14 4.68E-14
 6.58E-14 8.79E-14 1.02E-13 1.00E-13 8.52E-14 7.48E-14
  1.28621    7  14 /pl=01:ss=69:pb= 1:sz=69/type=excit/ispb = t/isel =   27
 1.00E+10 1.00E+11 1.00E+12 1.00E+13 1.00E+14 1.00E+15 1.00E+16
 8.44E+01 1.27E+02 2.11E+02 4.22E+02 8.44E+02 2.11E+03 4.22E+03 6.33E+03
 8.44E+03 1.27E+04 2.11E+04 4.22E+04 8.44E+04 1.27E+05
 1.00E-74 1.00E-74 9.26E-33 7.19E-23 5.79E-18 4.69E-15 4.33E-14 8.84E-14
 1.23E-13 1.66E-13 1.99E-13 2.08E-13 1.92E-13 1.78E-13
 1.00E-74 1.00E-74 9.26E-33 7.19E-23 5.79E-18 4.69E-15 4.33E-14 8.84E-14
 1.23E-13 1.66E-13 1.99E-13 2.08E-13 1.92E-13 1.78E-13
 1.00E-74 1.00E-74 9.26E-33 7.19E-23 5.79E-18 4.69E-15 4.33E-14 8.84E-14
 1.23E-13 1.66E-13 1.99E-13 2.08E-13 1.92E-13 1.78E-13
 1.00E-74 1.00E-74 9.26E-33 7.19E-23 5.79E-18 4.69E-15 4.33E-14 8.84E-14
 1.23E-13 1.66E-13 1.99E-13 2.08E-13 1.92E-13 1.78E-13
 1.00E-74 1.00E-74 9.26E-33 7.19E-23 5.79E-18 4.69E-15 4.33E-14 8.84E-14
 1.23E-13 1.66E-13 1.99E-13 2.08E-13 1.92E-13 1.78E-13
 1.00E-74 4.85E-46 9.26E-33 7.19E-23 5.79E-18 4.69E-15 4.33E-14 8.84E-14
 1.23E-13 1.66E-13 1.99E-13 2.08E-13 1.92E-13 1.78E-13
 1.00E-74 6.30E-46 9.26E-33 7.19E-23 5.79E-18 4.69E-15 4.33E-14 8.84E-14
 1.23E-13 1.66E-13 1.99E-13 2.08E-13 1.92E-13 1.78E-13
  1.28655    7  14 /pl=01:ss=69:pb= 1:sz=69/type=excit/ispb = t/isel =   28
 1.00E+10 1.00E+11 1.00E+12 1.00E+13 1.00E+14 1.00E+15 1.00E+16
 8.44E+01 1.27E+02 2.11E+02 4.22E+02 8.44E+02 2.11E+03 4.22E+03 6.33E+03
 8.44E+03 1.27E+04 2.11E+04 4.22E+04 8.44E+04 1.27E+05
 1.00E-74 1.00E-74 3.60E-36 1.43E-24 7.60E-19 1.62E-15 1.74E-14 3.53E-14
 4.85E-14 6.32E-14 7.22E-14 7.00E-14 5.91E-14 5.17E-14
 1.00E-74 1.00E-74 3.60E-36 1.43E-24 7.60E-19 1.62E-15 1.74E-14 3.53E-14
 4.85E-14 6.32E-14 7.22E-14 7.00E-14 5.91E-14 5.17E-14
 1.00E-74 1.00E-74 3.60E-36 1.43E-24 7.60E-19 1.62E-15 1.74E-14 3.53E-14
 4.85E-14 6.32E-14 7.22E-14 7.00E-14 5.91E-14 5.17E-14
 1.00E-74 1.00E-74 3.60E-36 1.43E-24 7.60E-19 1.62E-15 1.74E-14 3.53E-14
 4.85E-14 6.32E-14 7.22E-14 7.00E-14 5.91E-14 5.17E-14
 1.00E-74 1.00E-74 3.60E-36 1.43E-24 7.60E-19 1.62E-15 1.74E-14 3.53E-14
 4.85E-14 6.32E-14 7.22E-14 7.00E-14 5.91E-14 5.17E-14
 1.00E-74 1.00E-74 3.60E-36 1.43E-24 7.60E-19 1.62E-15 1.74E-14 3.53E-14
 4.85E-14 6.32E-14 7.22E-14 7.00E-14 5.91E-14 5.17E-14
 1.00E-74 1.00E-74 3.60E-36 1.43E-24 7.60E-19 1.62E-15 1.74E-14 3.53E-14
 4.85E-14 6.32E-14 7.22E-14 7.00E-14 5.91E-14 5.17E-14
  1.30388    7  14 /pl=01:ss=69:pb= 1:sz=69/type=excit/ispb = t/isel =   29
 1.00E+10 1.00E+11 1.00E+12 1.00E+13 1.00E+14 1.00E+15 1.00E+16
 8.44E+01 1.27E+02 2.11E+02 4.22E+02 8.44E+02 2.11E+03 4.22E+03 6.33E+03
 8.44E+03 1.27E+04 2.11E+04 4.22E+04 8.44E+04 1.27E+05
 1.00E-74 1.00E-74 1.02E-34 7.60E-24 1.74E-18 2.26E-15 2.05E-14 3.93E-14
 5.29E-14 6.70E-14 7.52E-14 7.18E-14 6.08E-14 5.30E-14
 1.00E-74 1.00E-74 1.02E-34 7.60E-24 1.74E-18 2.26E-15 2.05E-14 3.93E-14
 5.29E-14 6.70E-14 7.52E-14 7.18E-14 6.08E-14 5.30E-14
 1.00E-74 1.00E-74 1.02E-34 7.60E-24 1.74E-18 2.26E-15 2.05E-14 3.93E-14
 5.29E-14 6.70E-14 7.52E-14 7.18E-14 6.08E-14 5.30E-14
 1.00E-74 1.00E-74 1.02E-34 7.60E-24 1.74E-18 2.26E-15 2.05E-14 3.93E-14
 5.29E-14 6.70E-14 7.52E-14 7.18E-14 6.08E-14 5.30E-14
 1.00E-74 1.00E-74 1.02E-34 7.60E-24 1.74E-18 2.26E-15 2.05E-14 3.93E-14
 5.29E-14 6.70E-14 7.52E-14 7.18E-14 6.08E-14 5.30E-14
 1.00E-74 1.00E-74 1.02E-34 7.60E-24 1.74E-18 2.26E-15 2.05E-14 3.93E-14
 5.29E-14 6.70E-14 7.52E-14 7.18E-14 6.08E-14 5.30E-14
 1.00E-74 1.00E-74 1.02E-34 7.60E-24 1.74E-18 2.26E-15 2.05E-14 3.93E-14
 5.29E-14 6.70E-14 7.52E-14 7.18E-14 6.08E-14 5.30E-14
  1.33993    7  14 /pl=01:ss=69:pb= 1:sz=69/type=excit/ispb = t/isel =   30
 1.00E+10 1.00E+11 1.00E+12 1.00E+13 1.00E+14 1.00E+15 1.00E+16
 8.44E+01 1.27E+02 2.11E+02 4.22E+02 8.44E+02 2.11E+03 4.22E+03 6.33E+03
 8.44E+03 1.27E+04 2.11E+04 4.22E+04 8.44E+04 1.27E+05
 1.00E-74 1.00E-74 4.42E-34 6.30E-24 6.36E-19 5.20E-16 4.27E-15 8.13E-15
 1.09E-14 1.39E-14 1.58E-14 1.55E-14 1.35E-14 1.21E-14
 1.00E-74 1.00E-74 4.42E-34 6.30E-24 6.36E-19 5.20E-16 4.27E-15 8.13E-15
 1.09E-14 1.39E-14 1.58E-14 1.55E-14 1.35E-14 1.21E-14
 1.00E-74 1.00E-74 4.42E-34 6.30E-24 6.36E-19 5.20E-16 4.27E-15 8.13E-15
 1.09E-14 1.39E-14 1.58E-14 1.55E-14 1.35E-14 1.21E-14
 1.00E-74 1.00E-74 4.42E-34 6.30E-24 6.36E-19 5.20E-16 4.27E-15 8.13E-15
 1.09E-14 1.39E-14 1.58E-14 1.55E-14 1.35E-14 1.21E-14
 1.00E-74 1.15E-47 4.42E-34 6.30E-24 6.36E-19 5.20E-16 4.27E-15 8.13E-15
 1.09E-14 1.39E-14 1.58E-14 1.55E-14 1.35E-14 1.21E-14
 1.00E-74 1.03E-47 4.42E-34 6.30E-24 6.36E-19 5.20E-16 4.27E-15 8.13E-15
 1.09E-14 1.39E-14 1.58E-14 1.55E-14 1.35E-14 1.21E-14
 1.00E-74 1.04E-47 4.42E-34 6.30E-24 6.36E-19 5.20E-16 4.27E-15 8.13E-15
 1.09E-14 1.39E-14 1.58E-14 1.55E-14 1.35E-14 1.21E-14
  1.40714    7  14 /pl=01:ss=69:pb= 1:sz=69/type=excit/ispb = t/isel =   31
 1.00E+10 1.00E+11 1.00E+12 1.00E+13 1.00E+14 1.00E+15 1.00E+16
 8.44E+01 1.27E+02 2.11E+02 4.22E+02 8.44E+02 2.11E+03 4.22E+03 6.33E+03
 8.44E+03 1.27E+04 2.11E+04 4.22E+04 8.44E+04 1.27E+05
 1.00E-74 1.00E-74 5.60E-34 8.00E-24 8.06E-19 6.59E-16 5.41E-15 1.03E-14
 1.38E-14 1.76E-14 2.00E-14 1.97E-14 1.71E-14 1.53E-14
 1.00E-74 1.00E-74 5.60E-34 8.00E-24 8.06E-19 6.59E-16 5.41E-15 1.03E-14
 1.38E-14 1.76E-14 2.00E-14 1.97E-14 1.71E-14 1.53E-14
 1.00E-74 1.00E-74 5.60E-34 8.00E-24 8.06E-19 6.59E-16 5.41E-15 1.03E-14
 1.38E-14 1.76E-14 2.00E-14 1.97E-14 1.71E-14 1.53E-14
 1.00E-74 1.00E-74 5.60E-34 8.00E-24 8.06E-19 6.59E-16 5.41E-15 1.03E-14
 1.38E-14 1.76E-14 2.00E-14 1.97E-14 1.71E-14 1.53E-14
 1.00E-74 1.46E-47 5.60E-34 8.00E-24 8.06E-19 6.59E-16 5.41E-15 1.03E-14
 1.38E-14 1.76E-14 2.00E-14 1.97E-14 1.71E-14 1.53E-14
 1.00E-74 1.31E-47 5.60E-34 8.00E-24 8.06E-19 6.59E-16 5.41E-15 1.03E-14
 1.38E-14 1.76E-14 2.00E-14 1.97E-14 1.71E-14 1.53E-14
 1.00E-74 1.32E-47 5.60E-34 8.00E-24 8.06E-19 6.59E-16 5.41E-15 1.03E-14
 1.38E-14 1.76E-14 2.00E-14 1.97E-14 1.71E-14 1.53E-14
  1.50625    7  14 /pl=01:ss=69:pb= 1:sz=69/type=excit/ispb = t/isel =   32
 1.00E+10 1.00E+11 1.00E+12 1.00E+13 1.00E+14 1.00E+15 1.00E+16
 8.44E+01 1.27E+02 2.11E+02 4.22E+02 8.44E+02 2.11E+03 4.22E+03 6.33E+03
 8.44E+03 1.27E+04 2.11E+04 4.22E+04 8.44E+04 1.27E+05
 1.00E-74 1.00E-74 4.89E-34 6.98E-24 7.04E-19 5.75E-16 4.73E-15 9.00E-15
 1.20E-14 1.54E-14 1.75E-14 1.72E-14 1.50E-14 1.34E-14
 1.00E-74 1.00E-74 4.89E-34 6.98E-24 7.04E-19 5.75E-16 4.73E-15 9.00E-15
 1.20E-14 1.54E-14 1.75E-14 1.72E-14 1.50E-14 1.34E-14
 1.00E-74 1.00E-74 4.89E-34 6.98E-24 7.04E-19 5.75E-16 4.73E-15 9.00E-15
 1.20E-14 1.54E-14 1.75E-14 1.72E-14 1.50E-14 1.34E-14
 1.00E-74 1.00E-74 4.89E-34 6.98E-24 7.04E-19 5.75E-16 4.73E-15 9.00E-15
 1.20E-14 1.54E-14 1.75E-14 1.72E-14 1.50E-14 1.34E-14
 1.00E-74 1.27E-47 4.89E-34 6.98E-24 7.04E-19 5.75E-16 4.73E-15 9.00E-15
 1.20E-14 1.54E-14 1.75E-14 1.72E-14 1.50E-14 1.34E-14
 1.00E-74 1.15E-47 4.89E-34 6.98E-24 7.04E-19 5.75E-16 4.73E-15 9.00E-15
 1.20E-14 1.54E-14 1.75E-14 1.72E-14 1.50E-14 1.34E-14
 1.00E-74 1.15E-47 4.89E-34 6.98E-24 7.04E-19 5.75E-16 4.73E-15 9.00E-15
 1.20E-14 1.54E-14 1.75E-14 1.72E-14 1.50E-14 1.34E-14
  2.09039    7  14 /pl=01:ss=69:pb= 1:sz=69/type=excit/ispb = t/isel =   33
 1.00E+10 1.00E+11 1.00E+12 1.00E+13 1.00E+14 1.00E+15 1.00E+16
 8.44E+01 1.27E+02 2.11E+02 4.22E+02 8.44E+02 2.11E+03 4.22E+03 6.33E+03
 8.44E+03 1.27E+04 2.11E+04 4.22E+04 8.44E+04 1.27E+05
 1.00E-74 1.00E-74 1.00E-74 4.38E-30 4.97E-22 2.66E-17 8.39E-16 2.46E-15
 4.07E-15 6.46E-15 8.81E-15 1.02E-14 1.01E-14 9.69E-15
 1.00E-74 1.00E-74 1.00E-74 4.38E-30 4.97E-22 2.66E-17 8.39E-16 2.46E-15
 4.07E-15 6.46E-15 8.81E-15 1.02E-14 1.01E-14 9.69E-15
 1.00E-74 1.00E-74 1.00E-74 4.38E-30 4.97E-22 2.66E-17 8.39E-16 2.46E-15
 4.07E-15 6.46E-15 8.81E-15 1.02E-14 1.01E-14 9.69E-15
 1.00E-74 1.00E-74 1.00E-74 4.38E-30 4.97E-22 2.66E-17 8.39E-16 2.46E-15
 4.07E-15 6.46E-15 8.81E-15 1.02E-14 1.01E-14 9.69E-15
 1.00E-74 1.00E-74 1.00E-74 4.38E-30 4.97E-22 2.66E-17 8.39E-16 2.46E-15
 4.07E-15 6.46E-15 8.81E-15 1.02E-14 1.01E-14 9.69E-15
 1.00E-74 1.00E-74 2.73E-46 4.38E-30 4.97E-22 2.66E-17 8.39E-16 2.46E-15
 4.07E-15 6.46E-15 8.81E-15 1.02E-14 1.01E-14 9.69E-15
 1.00E-74 1.00E-74 2.39E-46 4.38E-30 4.97E-22 2.66E-17 8.39E-16 2.46E-15
 4.07E-15 6.46E-15 8.81E-15 1.02E-14 1.01E-14 9.69E-15
  2.28660    7  14 /pl=01:ss=69:pb= 1:sz=69/type=excit/ispb = t/isel =   34
 1.00E+10 1.00E+11 1.00E+12 1.00E+13 1.00E+14 1.00E+15 1.00E+16
 8.44E+01 1.27E+02 2.11E+02 4.22E+02 8.44E+02 2.11E+03 4.22E+03 6.33E+03
 8.44E+03 1.27E+04 2.11E+04 4.22E+04 8.44E+04 1.27E+05
 1.00E-74 1.00E-74 1.00E-74 5.00E-29 2.03E-21 5.97E-17 1.54E-15 4.19E-15
 6.65E-15 1.00E-14 1.28E-14 1.35E-14 1.20E-14 1.07E-14
 1.00E-74 1.00E-74 1.00E-74 5.00E-29 2.03E-21 5.97E-17 1.54E-15 4.19E-15
 6.65E-15 1.00E-14 1.28E-14 1.35E-14 1.20E-14 1.07E-14
 1.00E-74 1.00E-74 1.00E-74 5.00E-29 2.03E-21 5.97E-17 1.54E-15 4.19E-15
 6.65E-15 1.00E-14 1.28E-14 1.35E-14 1.20E-14 1.07E-14
 1.00E-74 1.00E-74 2.17E-44 5.00E-29 2.03E-21 5.97E-17 1.54E-15 4.19E-15
 6.65E-15 1.00E-14 1.28E-14 1.35E-14 1.20E-14 1.07E-14
 1.00E-74 1.00E-74 2.22E-44 5.00E-29 2.03E-21 5.97E-17 1.54E-15 4.19E-15
 6.65E-15 1.00E-14 1.28E-14 1.35E-14 1.20E-14 1.07E-14
 1.00E-74 1.00E-74 2.25E-44 5.00E-29 2.03E-21 5.97E-17 1.54E-15 4.19E-15
 6.65E-15 1.00E-14 1.28E-14 1.35E-14 1.20E-14 1.07E-14
 1.00E-74 1.00E-74 2.25E-44 5.00E-29 2.03E-21 5.97E-17 1.54E-15 4.19E-15
 6.65E-15 1.00E-14 1.28E-14 1.35E-14 1.20E-14 1.07E-14
  2.43084    7  14 /pl=01:ss=69:pb= 1:sz=69/type=excit/ispb = t/isel =   35
 1.00E+10 1.00E+11 1.00E+12 1.00E+13 1.00E+14 1.00E+15 1.00E+16
 8.44E+01 1.27E+02 2.11E+02 4.22E+02 8.44E+02 2.11E+03 4.22E+03 6.33E+03
 8.44E+03 1.27E+04 2.11E+04 4.22E+04 8.44E+04 1.27E+05
 1.00E-74 1.00E-74 1.00E-74 6.14E-29 2.63E-21 7.87E-17 2.05E-15 5.68E-15
 9.11E-15 1.41E-14 1.89E-14 2.18E-14 2.16E-14 2.06E-14
 1.00E-74 1.00E-74 1.00E-74 6.14E-29 2.63E-21 7.87E-17 2.05E-15 5.68E-15
 9.11E-15 1.41E-14 1.89E-14 2.18E-14 2.16E-14 2.06E-14
 1.00E-74 1.00E-74 1.00E-74 6.14E-29 2.63E-21 7.87E-17 2.05E-15 5.68E-15
 9.11E-15 1.41E-14 1.89E-14 2.18E-14 2.16E-14 2.06E-14
 1.00E-74 1.00E-74 2.32E-44 6.14E-29 2.63E-21 7.87E-17 2.05E-15 5.68E-15
 9.11E-15 1.41E-14 1.89E-14 2.18E-14 2.16E-14 2.06E-14
 1.00E-74 1.00E-74 2.43E-44 6.14E-29 2.63E-21 7.87E-17 2.05E-15 5.68E-15
 9.11E-15 1.41E-14 1.89E-14 2.18E-14 2.16E-14 2.06E-14
 1.00E-74 1.00E-74 2.43E-44 6.14E-29 2.63E-21 7.87E-17 2.05E-15 5.68E-15
 9.11E-15 1.41E-14 1.89E-14 2.18E-14 2.16E-14 2.06E-14
 1.00E-74 1.00E-74 2.44E-44 6.14E-29 2.63E-21 7.87E-17 2.05E-15 5.68E-15
 9.11E-15 1.41E-14 1.89E-14 2.18E-14 2.16E-14 2.06E-14
  2.55284    7  14 /pl=01:ss=69:pb= 1:sz=69/type=excit/ispb = t/isel =   36
 1.00E+10 1.00E+11 1.00E+12 1.00E+13 1.00E+14 1.00E+15 1.00E+16
 8.44E+01 1.27E+02 2.11E+02 4.22E+02 8.44E+02 2.11E+03 4.22E+03 6.33E+03
 8.44E+03 1.27E+04 2.11E+04 4.22E+04 8.44E+04 1.27E+05
 1.00E-74 1.00E-74 1.00E-74 4.57E-29 1.99E-21 5.98E-17 1.55E-15 4.23E-15
 6.76E-15 1.03E-14 1.34E-14 1.45E-14 1.32E-14 1.19E-14
 1.00E-74 1.00E-74 1.00E-74 4.57E-29 1.99E-21 5.98E-17 1.55E-15 4.23E-15
 6.76E-15 1.03E-14 1.34E-14 1.45E-14 1.32E-14 1.19E-14
 1.00E-74 1.00E-74 1.00E-74 4.57E-29 1.99E-21 5.98E-17 1.55E-15 4.23E-15
 6.76E-15 1.03E-14 1.34E-14 1.45E-14 1.32E-14 1.19E-14
 1.00E-74 1.00E-74 1.57E-44 4.57E-29 1.99E-21 5.98E-17 1.55E-15 4.23E-15
 6.76E-15 1.03E-14 1.34E-14 1.45E-14 1.32E-14 1.19E-14
 1.00E-74 1.00E-74 1.73E-44 4.57E-29 1.99E-21 5.98E-17 1.55E-15 4.23E-15
 6.76E-15 1.03E-14 1.34E-14 1.45E-14 1.32E-14 1.19E-14
 1.00E-74 1.00E-74 1.73E-44 4.57E-29 1.99E-21 5.98E-17 1.55E-15 4.23E-15
 6.76E-15 1.03E-14 1.34E-14 1.45E-14 1.32E-14 1.19E-14
 1.00E-74 1.00E-74 1.72E-44 4.57E-29 1.99E-21 5.98E-17 1.55E-15 4.23E-15
 6.76E-15 1.03E-14 1.34E-14 1.45E-14 1.32E-14 1.19E-14
  3.18137    7  14 /pl=01:ss=69:pb= 1:sz=69/type=excit/ispb = t/isel =   37
 1.00E+10 1.00E+11 1.00E+12 1.00E+13 1.00E+14 1.00E+15 1.00E+16
 8.44E+01 1.27E+02 2.11E+02 4.22E+02 8.44E+02 2.11E+03 4.22E+03 6.33E+03
 8.44E+03 1.27E+04 2.11E+04 4.22E+04 8.44E+04 1.27E+05
 1.00E-74 1.00E-74 1.00E-74 1.01E-28 2.64E-21 5.82E-17 1.35E-15 3.54E-15
 5.50E-15 8.08E-15 1.01E-14 1.03E-14 8.84E-15 7.74E-15
 1.00E-74 1.00E-74 1.00E-74 1.01E-28 2.64E-21 5.82E-17 1.35E-15 3.54E-15
 5.50E-15 8.08E-15 1.01E-14 1.03E-14 8.84E-15 7.74E-15
 1.00E-74 1.00E-74 1.82E-43 1.01E-28 2.64E-21 5.82E-17 1.35E-15 3.54E-15
 5.50E-15 8.08E-15 1.01E-14 1.03E-14 8.84E-15 7.74E-15
 1.00E-74 1.00E-74 1.09E-43 1.01E-28 2.64E-21 5.82E-17 1.35E-15 3.54E-15
 5.50E-15 8.08E-15 1.01E-14 1.03E-14 8.84E-15 7.74E-15
 1.00E-74 1.00E-74 1.04E-43 1.01E-28 2.64E-21 5.82E-17 1.35E-15 3.54E-15
 5.50E-15 8.08E-15 1.01E-14 1.03E-14 8.84E-15 7.74E-15
 1.00E-74 1.00E-74 1.04E-43 1.01E-28 2.64E-21 5.82E-17 1.35E-15 3.54E-15
 5.50E-15 8.08E-15 1.01E-14 1.03E-14 8.84E-15 7.74E-15
 1.00E-74 1.00E-74 1.04E-43 1.01E-28 2.64E-21 5.82E-17 1.35E-15 3.54E-15
 5.50E-15 8.08E-15 1.01E-14 1.03E-14 8.84E-15 7.74E-15
  3.23175    7  14 /pl=01:ss=69:pb= 1:sz=69/type=excit/ispb = t/isel =   38
 1.00E+10 1.00E+11 1.00E+12 1.00E+13 1.00E+14 1.00E+15 1.00E+16
 8.44E+01 1.27E+02 2.11E+02 4.22E+02 8.44E+02 2.11E+03 4.22E+03 6.33E+03
 8.44E+03 1.27E+04 2.11E+04 4.22E+04 8.44E+04 1.27E+05
 1.00E-74 1.00E-74 1.54E-40 7.82E-27 4.82E-20 4.70E-16 8.63E-15 2.11E-14
 3.17E-14 4.57E-14 5.64E-14 5.83E-14 5.15E-14 4.62E-14
 1.00E-74 1.00E-74 1.52E-40 7.82E-27 4.82E-20 4.70E-16 8.63E-15 2.11E-14
 3.17E-14 4.57E-14 5.64E-14 5.83E-14 5.15E-14 4.62E-14
 1.00E-74 1.00E-74 1.52E-40 7.82E-27 4.82E-20 4.70E-16 8.63E-15 2.11E-14
 3.17E-14 4.57E-14 5.64E-14 5.83E-14 5.15E-14 4.62E-14
 1.00E-74 1.00E-74 1.52E-40 7.82E-27 4.82E-20 4.70E-16 8.63E-15 2.11E-14
 3.17E-14 4.57E-14 5.64E-14 5.83E-14 5.15E-14 4.62E-14
 1.00E-74 1.00E-74 1.52E-40 7.82E-27 4.82E-20 4.70E-16 8.63E-15 2.11E-14
 3.17E-14 4.57E-14 5.64E-14 5.83E-14 5.15E-14 4.62E-14
 1.00E-74 1.00E-74 1.52E-40 7.82E-27 4.82E-20 4.70E-16 8.63E-15 2.11E-14
 3.17E-14 4.57E-14 5.64E-14 5.83E-14 5.15E-14 4.62E-14
 1.00E-74 1.00E-74 1.52E-40 7.82E-27 4.82E-20 4.70E-16 8.63E-15 2.11E-14
 3.17E-14 4.57E-14 5.64E-14 5.83E-14 5.15E-14 4.62E-14
  3.44756    7  14 /pl=01:ss=69:pb= 1:sz=69/type=excit/ispb = t/isel =   39
 1.00E+10 1.00E+11 1.00E+12 1.00E+13 1.00E+14 1.00E+15 1.00E+16
 8.44E+01 1.27E+02 2.11E+02 4.22E+02 8.44E+02 2.11E+03 4.22E+03 6.33E+03
 8.44E+03 1.27E+04 2.11E+04 4.22E+04 8.44E+04 1.27E+05
 1.00E-74 1.00E-74 1.00E-74 1.89E-29 1.03E-21 3.52E-17 9.43E-16 2.59E-15
 4.13E-15 6.22E-15 7.91E-15 8.20E-15 7.09E-15 6.22E-15
 1.00E-74 1.00E-74 1.00E-74 1.89E-29 1.03E-21 3.52E-17 9.43E-16 2.59E-15
 4.13E-15 6.22E-15 7.91E-15 8.20E-15 7.09E-15 6.22E-15
 1.00E-74 1.00E-74 1.00E-74 1.89E-29 1.03E-21 3.52E-17 9.43E-16 2.59E-15
 4.13E-15 6.22E-15 7.91E-15 8.20E-15 7.09E-15 6.22E-15
 1.00E-74 1.00E-74 1.00E-74 1.89E-29 1.03E-21 3.52E-17 9.43E-16 2.59E-15
 4.13E-15 6.22E-15 7.91E-15 8.20E-15 7.09E-15 6.22E-15
 1.00E-74 1.00E-74 4.88E-45 1.89E-29 1.03E-21 3.52E-17 9.43E-16 2.59E-15
 4.13E-15 6.22E-15 7.91E-15 8.20E-15 7.09E-15 6.22E-15
 1.00E-74 1.00E-74 4.63E-45 1.89E-29 1.03E-21 3.52E-17 9.43E-16 2.59E-15
 4.13E-15 6.22E-15 7.91E-15 8.20E-15 7.09E-15 6.22E-15
 1.00E-74 1.00E-74 4.54E-45 1.89E-29 1.03E-21 3.52E-17 9.43E-16 2.59E-15
 4.13E-15 6.22E-15 7.91E-15 8.20E-15 7.09E-15 6.22E-15
  3.47488    7  14 /pl=01:ss=69:pb= 1:sz=69/type=excit/ispb = t/isel =   40
 1.00E+10 1.00E+11 1.00E+12 1.00E+13 1.00E+14 1.00E+15 1.00E+16
 8.44E+01 1.27E+02 2.11E+02 4.22E+02 8.44E+02 2.11E+03 4.22E+03 6.33E+03
 8.44E+03 1.27E+04 2.11E+04 4.22E+04 8.44E+04 1.27E+05
 1.00E-74 1.00E-74 9.25E-41 5.99E-27 4.15E-20 4.23E-16 7.76E-15 1.91E-14
 2.91E-14 4.27E-14 5.52E-14 6.25E-14 6.19E-14 5.94E-14
 1.00E-74 1.00E-74 9.02E-41 5.99E-27 4.15E-20 4.23E-16 7.76E-15 1.91E-14
 2.91E-14 4.27E-14 5.52E-14 6.25E-14 6.19E-14 5.94E-14
 1.00E-74 1.00E-74 8.95E-41 5.99E-27 4.15E-20 4.23E-16 7.76E-15 1.91E-14
 2.91E-14 4.27E-14 5.52E-14 6.25E-14 6.19E-14 5.94E-14
 1.00E-74 1.00E-74 8.96E-41 5.99E-27 4.15E-20 4.23E-16 7.76E-15 1.91E-14
 2.91E-14 4.27E-14 5.52E-14 6.25E-14 6.19E-14 5.94E-14
 1.00E-74 1.00E-74 8.96E-41 5.99E-27 4.15E-20 4.23E-16 7.76E-15 1.91E-14
 2.91E-14 4.27E-14 5.52E-14 6.25E-14 6.19E-14 5.94E-14
 1.00E-74 1.00E-74 8.96E-41 5.99E-27 4.15E-20 4.23E-16 7.76E-15 1.91E-14
 2.91E-14 4.27E-14 5.52E-14 6.25E-14 6.19E-14 5.94E-14
 1.00E-74 1.00E-74 8.96E-41 5.99E-27 4.15E-20 4.23E-16 7.76E-15 1.91E-14
 2.91E-14 4.27E-14 5.52E-14 6.25E-14 6.19E-14 5.94E-14
  3.70343    7  14 /pl=01:ss=69:pb= 1:sz=69/type=excit/ispb = t/isel =   41
 1.00E+10 1.00E+11 1.00E+12 1.00E+13 1.00E+14 1.00E+15 1.00E+16
 8.44E+01 1.27E+02 2.11E+02 4.22E+02 8.44E+02 2.11E+03 4.22E+03 6.33E+03
 8.44E+03 1.27E+04 2.11E+04 4.22E+04 8.44E+04 1.27E+05
 1.00E-74 1.00E-74 4.78E-41 4.69E-27 3.41E-20 3.51E-16 6.40E-15 1.56E-14
 2.35E-14 3.38E-14 4.23E-14 4.47E-14 4.02E-14 3.60E-14
 1.00E-74 1.00E-74 6.21E-41 4.69E-27 3.41E-20 3.51E-16 6.40E-15 1.56E-14
 2.35E-14 3.38E-14 4.23E-14 4.47E-14 4.02E-14 3.60E-14
 1.00E-74 1.00E-74 6.31E-41 4.69E-27 3.41E-20 3.51E-16 6.40E-15 1.56E-14
 2.35E-14 3.38E-14 4.23E-14 4.47E-14 4.02E-14 3.60E-14
 1.00E-74 1.00E-74 6.31E-41 4.69E-27 3.41E-20 3.51E-16 6.40E-15 1.56E-14
 2.35E-14 3.38E-14 4.23E-14 4.47E-14 4.02E-14 3.60E-14
 1.00E-74 1.00E-74 6.31E-41 4.69E-27 3.41E-20 3.51E-16 6.40E-15 1.56E-14
 2.35E-14 3.38E-14 4.23E-14 4.47E-14 4.02E-14 3.60E-14
 1.00E-74 1.00E-74 6.31E-41 4.69E-27 3.41E-20 3.51E-16 6.40E-15 1.56E-14
 2.35E-14 3.38E-14 4.23E-14 4.47E-14 4.02E-14 3.60E-14
 1.00E-74 1.00E-74 6.31E-41 4.69E-27 3.41E-20 3.51E-16 6.40E-15 1.56E-14
 2.35E-14 3.38E-14 4.23E-14 4.47E-14 4.02E-14 3.60E-14
  3.88470    7  14 /pl=01:ss=69:pb= 1:sz=69/type=excit/ispb = t/isel =   42
 1.00E+10 1.00E+11 1.00E+12 1.00E+13 1.00E+14 1.00E+15 1.00E+16
 8.44E+01 1.27E+02 2.11E+02 4.22E+02 8.44E+02 2.11E+03 4.22E+03 6.33E+03
 8.44E+03 1.27E+04 2.11E+04 4.22E+04 8.44E+04 1.27E+05
 1.00E-74 1.00E-74 3.36E-41 1.71E-27 1.05E-20 1.02E-16 1.88E-15 4.61E-15
 6.91E-15 9.97E-15 1.23E-14 1.27E-14 1.12E-14 1.01E-14
 1.00E-74 1.00E-74 3.32E-41 1.71E-27 1.05E-20 1.02E-16 1.88E-15 4.61E-15
 6.91E-15 9.97E-15 1.23E-14 1.27E-14 1.12E-14 1.01E-14
 1.00E-74 1.00E-74 3.31E-41 1.71E-27 1.05E-20 1.02E-16 1.88E-15 4.61E-15
 6.91E-15 9.97E-15 1.23E-14 1.27E-14 1.12E-14 1.01E-14
 1.00E-74 1.00E-74 3.32E-41 1.71E-27 1.05E-20 1.02E-16 1.88E-15 4.61E-15
 6.91E-15 9.97E-15 1.23E-14 1.27E-14 1.12E-14 1.01E-14
 1.00E-74 1.00E-74 3.32E-41 1.71E-27 1.05E-20 1.02E-16 1.88E-15 4.61E-15
 6.91E-15 9.97E-15 1.23E-14 1.27E-14 1.12E-14 1.01E-14
 1.00E-74 1.00E-74 3.32E-41 1.71E-27 1.05E-20 1.02E-16 1.88E-15 4.61E-15
 6.91E-15 9.97E-15 1.23E-14 1.27E-14 1.12E-14 1.01E-14
 1.00E-74 1.00E-74 3.32E-41 1.71E-27 1.05E-20 1.02E-16 1.88E-15 4.61E-15
 6.91E-15 9.97E-15 1.23E-14 1.27E-14 1.12E-14 1.01E-14
  5.44753    7  14 /pl=01:ss=69:pb= 1:sz=69/type=excit/ispb = t/isel =   43
 1.00E+10 1.00E+11 1.00E+12 1.00E+13 1.00E+14 1.00E+15 1.00E+16
 8.44E+01 1.27E+02 2.11E+02 4.22E+02 8.44E+02 2.11E+03 4.22E+03 6.33E+03
 8.44E+03 1.27E+04 2.11E+04 4.22E+04 8.44E+04 1.27E+05
 3.69E-23 2.42E-19 2.48E-16 3.87E-14 4.14E-13 1.40E-12 1.85E-12 1.95E-12
 1.95E-12 1.89E-12 1.74E-12 1.49E-12 1.21E-12 1.07E-12
 3.69E-23 2.42E-19 2.48E-16 3.87E-14 4.14E-13 1.40E-12 1.85E-12 1.95E-12
 1.95E-12 1.89E-12 1.74E-12 1.49E-12 1.21E-12 1.07E-12
 3.69E-23 2.42E-19 2.48E-16 3.87E-14 4.14E-13 1.40E-12 1.85E-12 1.95E-12
 1.95E-12 1.89E-12 1.74E-12 1.49E-12 1.21E-12 1.07E-12
 3.69E-23 2.42E-19 2.48E-16 3.87E-14 4.14E-13 1.40E-12 1.85E-12 1.95E-12
 1.95E-12 1.89E-12 1.74E-12 1.49E-12 1.21E-12 1.07E-12
 3.69E-23 2.42E-19 2.48E-16 3.87E-14 4.14E-13 1.40E-12 1.85E-12 1.95E-12
 1.95E-12 1.89E-12 1.74E-12 1.49E-12 1.21E-12 1.07E-12
 3.69E-23 2.42E-19 2.48E-16 3.87E-14 4.14E-13 1.40E-12 1.85E-12 1.95E-12
 1.95E-12 1.89E-12 1.74E-12 1.49E-12 1.21E-12 1.07E-12
 3.69E-23 2.42E-19 2.48E-16 3.87E-14 4.14E-13 1.40E-12 1.85E-12 1.95E-12
 1.95E-12 1.89E-12 1.74E-12 1.49E-12 1.21E-12 1.07E-12
  6.93822    7  14 /pl=01:ss=69:pb= 1:sz=69/type=excit/ispb = t/isel =   44
 1.00E+10 1.00E+11 1.00E+12 1.00E+13 1.00E+14 1.00E+15 1.00E+16
 8.44E+01 1.27E+02 2.11E+02 4.22E+02 8.44E+02 2.11E+03 4.22E+03 6.33E+03
 8.44E+03 1.27E+04 2.11E+04 4.22E+04 8.44E+04 1.27E+05
 7.43E-20 7.04E-17 1.55E-14 7.67E-13 4.65E-12 1.12E-11 1.32E-11 1.31E-11
 1.29E-11 1.21E-11 1.08E-11 8.99E-12 7.25E-12 6.34E-12
 7.43E-20 7.04E-17 1.55E-14 7.67E-13 4.65E-12 1.12E-11 1.32E-11 1.31E-11
 1.29E-11 1.21E-11 1.08E-11 8.99E-12 7.25E-12 6.34E-12
 7.43E-20 7.04E-17 1.55E-14 7.67E-13 4.65E-12 1.12E-11 1.32E-11 1.31E-11
 1.29E-11 1.21E-11 1.08E-11 8.99E-12 7.25E-12 6.34E-12
 7.43E-20 7.04E-17 1.55E-14 7.67E-13 4.65E-12 1.12E-11 1.32E-11 1.31E-11
 1.29E-11 1.21E-11 1.08E-11 8.99E-12 7.25E-12 6.34E-12
 7.43E-20 7.04E-17 1.55E-14 7.67E-13 4.65E-12 1.12E-11 1.32E-11 1.31E-11
 1.29E-11 1.21E-11 1.08E-11 8.99E-12 7.25E-12 6.34E-12
 7.43E-20 7.04E-17 1.55E-14 7.67E-13 4.65E-12 1.12E-11 1.32E-11 1.31E-11
 1.29E-11 1.21E-11 1.08E-11 8.99E-12 7.25E-12 6.34E-12
 7.43E-20 7.04E-17 1.55E-14 7.67E-13 4.65E-12 1.12E-11 1.32E-11 1.31E-11
 1.29E-11 1.21E-11 1.08E-11 8.99E-12 7.25E-12 6.34E-12
  7.54717    7  14 /pl=01:ss=69:pb= 1:sz=69/type=excit/ispb = t/isel =   45
 1.00E+10 1.00E+11 1.00E+12 1.00E+13 1.00E+14 1.00E+15 1.00E+16
 8.44E+01 1.27E+02 2.11E+02 4.22E+02 8.44E+02 2.11E+03 4.22E+03 6.33E+03
 8.44E+03 1.27E+04 2.11E+04 4.22E+04 8.44E+04 1.27E+05
 1.00E-74 1.00E-74 1.00E-74 2.42E-29 1.04E-21 3.10E-17 8.09E-16 2.24E-15
 3.59E-15 5.55E-15 7.44E-15 8.58E-15 8.50E-15 8.13E-15
 1.00E-74 1.00E-74 1.00E-74 2.42E-29 1.04E-21 3.10E-17 8.09E-16 2.24E-15
 3.59E-15 5.55E-15 7.44E-15 8.58E-15 8.50E-15 8.13E-15
 1.00E-74 1.00E-74 1.00E-74 2.42E-29 1.04E-21 3.10E-17 8.09E-16 2.24E-15
 3.59E-15 5.55E-15 7.44E-15 8.58E-15 8.50E-15 8.13E-15
 1.00E-74 1.00E-74 9.14E-45 2.42E-29 1.04E-21 3.10E-17 8.09E-16 2.24E-15
 3.59E-15 5.55E-15 7.44E-15 8.58E-15 8.50E-15 8.13E-15
 1.00E-74 1.00E-74 9.59E-45 2.42E-29 1.04E-21 3.10E-17 8.09E-16 2.24E-15
 3.59E-15 5.55E-15 7.44E-15 8.58E-15 8.50E-15 8.13E-15
 1.00E-74 1.00E-74 9.59E-45 2.42E-29 1.04E-21 3.10E-17 8.09E-16 2.24E-15
 3.59E-15 5.55E-15 7.44E-15 8.58E-15 8.50E-15 8.13E-15
 1.00E-74 1.00E-74 9.60E-45 2.42E-29 1.04E-21 3.10E-17 8.09E-16 2.24E-15
 3.59E-15 5.55E-15 7.44E-15 8.58E-15 8.50E-15 8.13E-15
  10.2702    7  14 /pl=01:ss=69:pb= 1:sz=69/type=excit/ispb = t/isel =   46
 1.00E+10 1.00E+11 1.00E+12 1.00E+13 1.00E+14 1.00E+15 1.00E+16
 8.44E+01 1.27E+02 2.11E+02 4.22E+02 8.44E+02 2.11E+03 4.22E+03 6.33E+03
 8.44E+03 1.27E+04 2.11E+04 4.22E+04 8.44E+04 1.27E+05
 3.04E-17 2.95E-15 1.06E-13 1.37E-12 4.33E-12 7.28E-12 7.66E-12 7.43E-12
 7.13E-12 6.60E-12 5.84E-12 4.75E-12 3.76E-12 3.25E-12
 3.04E-17 2.95E-15 1.06E-13 1.37E-12 4.33E-12 7.28E-12 7.66E-12 7.43E-12
 7.13E-12 6.60E-12 5.84E-12 4.75E-12 3.76E-12 3.25E-12
 3.04E-17 2.95E-15 1.06E-13 1.37E-12 4.33E-12 7.28E-12 7.66E-12 7.43E-12
 7.13E-12 6.60E-12 5.84E-12 4.75E-12 3.76E-12 3.25E-12
 3.04E-17 2.95E-15 1.06E-13 1.37E-12 4.33E-12 7.28E-12 7.66E-12 7.43E-12
 7.13E-12 6.60E-12 5.84E-12 4.75E-12 3.76E-12 3.25E-12
 3.04E-17 2.95E-15 1.06E-13 1.37E-12 4.33E-12 7.28E-12 7.66E-12 7.43E-12
 7.13E-12 6.60E-12 5.84E-12 4.75E-12 3.76E-12 3.25E-12
 3.04E-17 2.95E-15 1.06E-13 1.37E-12 4.33E-12 7.28E-12 7.66E-12 7.43E-12
 7.13E-12 6.60E-12 5.84E-12 4.75E-12 3.76E-12 3.25E-12
 3.04E-17 2.95E-15 1.06E-13 1.37E-12 4.33E-12 7.28E-12 7.66E-12 7.43E-12
 7.13E-12 6.60E-12 5.84E-12 4.75E-12 3.76E-12 3.25E-12
  16.2024    7  14 /pl=01:ss=69:pb= 1:sz=69/type=excit/ispb = t/isel =   47
 1.00E+10 1.00E+11 1.00E+12 1.00E+13 1.00E+14 1.00E+15 1.00E+16
 8.44E+01 1.27E+02 2.11E+02 4.22E+02 8.44E+02 2.11E+03 4.22E+03 6.33E+03
 8.44E+03 1.27E+04 2.11E+04 4.22E+04 8.44E+04 1.27E+05
 1.32E-14 2.24E-13 1.98E-12 9.01E-12 1.69E-11 2.07E-11 1.94E-11 1.80E-11
 1.69E-11 1.53E-11 1.32E-11 1.06E-11 8.29E-12 7.16E-12
 1.32E-14 2.24E-13 1.98E-12 9.01E-12 1.69E-11 2.07E-11 1.94E-11 1.80E-11
 1.69E-11 1.53E-11 1.32E-11 1.06E-11 8.29E-12 7.16E-12
 1.32E-14 2.24E-13 1.98E-12 9.01E-12 1.69E-11 2.07E-11 1.94E-11 1.80E-11
 1.69E-11 1.53E-11 1.32E-11 1.06E-11 8.29E-12 7.16E-12
 1.32E-14 2.24E-13 1.98E-12 9.01E-12 1.69E-11 2.07E-11 1.94E-11 1.80E-11
 1.69E-11 1.53E-11 1.32E-11 1.06E-11 8.29E-12 7.16E-12
 1.32E-14 2.24E-13 1.98E-12 9.01E-12 1.69E-11 2.07E-11 1.94E-11 1.80E-11
 1.69E-11 1.53E-11 1.32E-11 1.06E-11 8.29E-12 7.16E-12
 1.32E-14 2.24E-13 1.98E-12 9.01E-12 1.69E-11 2.07E-11 1.94E-11 1.80E-11
 1.69E-11 1.53E-11 1.32E-11 1.06E-11 8.29E-12 7.16E-12
 1.32E-14 2.24E-13 1.98E-12 9.01E-12 1.69E-11 2.07E-11 1.94E-11 1.80E-11
 1.69E-11 1.53E-11 1.32E-11 1.06E-11 8.29E-12 7.16E-12
  21.3858    7  14 /pl=01:ss=69:pb= 1:sz=69/type=excit/ispb = t/isel =   48
 1.00E+10 1.00E+11 1.00E+12 1.00E+13 1.00E+14 1.00E+15 1.00E+16
 8.44E+01 1.27E+02 2.11E+02 4.22E+02 8.44E+02 2.11E+03 4.22E+03 6.33E+03
 8.44E+03 1.27E+04 2.11E+04 4.22E+04 8.44E+04 1.27E+05
 5.24E-23 4.96E-20 1.09E-17 5.41E-16 3.27E-15 7.92E-15 9.31E-15 9.26E-15
 9.06E-15 8.51E-15 7.63E-15 6.33E-15 5.11E-15 4.47E-15
 5.24E-23 4.96E-20 1.09E-17 5.41E-16 3.27E-15 7.92E-15 9.31E-15 9.26E-15
 9.06E-15 8.51E-15 7.63E-15 6.33E-15 5.11E-15 4.47E-15
 5.24E-23 4.96E-20 1.09E-17 5.41E-16 3.27E-15 7.92E-15 9.31E-15 9.26E-15
 9.06E-15 8.51E-15 7.63E-15 6.33E-15 5.11E-15 4.47E-15
 5.24E-23 4.96E-20 1.09E-17 5.41E-16 3.27E-15 7.92E-15 9.31E-15 9.26E-15
 9.06E-15 8.51E-15 7.63E-15 6.33E-15 5.11E-15 4.47E-15
 5.24E-23 4.96E-20 1.09E-17 5.41E-16 3.27E-15 7.92E-15 9.31E-15 9.26E-15
 9.06E-15 8.51E-15 7.63E-15 6.33E-15 5.11E-15 4.47E-15
 5.24E-23 4.96E-20 1.09E-17 5.41E-16 3.27E-15 7.92E-15 9.31E-15 9.26E-15
 9.06E-15 8.51E-15 7.63E-15 6.33E-15 5.11E-15 4.47E-15
 5.24E-23 4.96E-20 1.09E-17 5.41E-16 3.27E-15 7.92E-15 9.31E-15 9.26E-15
 9.06E-15 8.51E-15 7.63E-15 6.33E-15 5.11E-15 4.47E-15
  28.0505    7  14 /pl=01:ss=69:pb= 1:sz=69/type=excit/ispb = t/isel =   49
 1.00E+10 1.00E+11 1.00E+12 1.00E+13 1.00E+14 1.00E+15 1.00E+16
 8.44E+01 1.27E+02 2.11E+02 4.22E+02 8.44E+02 2.11E+03 4.22E+03 6.33E+03
 8.44E+03 1.27E+04 2.11E+04 4.22E+04 8.44E+04 1.27E+05
 2.13E-19 2.07E-17 7.39E-16 9.56E-15 3.03E-14 5.10E-14 5.36E-14 5.20E-14
 4.99E-14 4.62E-14 4.08E-14 3.33E-14 2.63E-14 2.28E-14
 2.13E-19 2.07E-17 7.39E-16 9.56E-15 3.03E-14 5.10E-14 5.36E-14 5.20E-14
 4.99E-14 4.62E-14 4.08E-14 3.33E-14 2.63E-14 2.28E-14
 2.13E-19 2.07E-17 7.39E-16 9.56E-15 3.03E-14 5.10E-14 5.36E-14 5.20E-14
 4.99E-14 4.62E-14 4.08E-14 3.33E-14 2.63E-14 2.28E-14
 2.13E-19 2.07E-17 7.39E-16 9.56E-15 3.03E-14 5.10E-14 5.36E-14 5.20E-14
 4.99E-14 4.62E-14 4.08E-14 3.33E-14 2.63E-14 2.28E-14
 2.13E-19 2.07E-17 7.39E-16 9.56E-15 3.03E-14 5.10E-14 5.36E-14 5.20E-14
 4.99E-14 4.62E-14 4.08E-14 3.33E-14 2.63E-14 2.28E-14
 2.13E-19 2.07E-17 7.39E-16 9.56E-15 3.03E-14 5.10E-14 5.36E-14 5.20E-14
 4.99E-14 4.62E-14 4.08E-14 3.33E-14 2.63E-14 2.28E-14
 2.13E-19 2.07E-17 7.39E-16 9.56E-15 3.03E-14 5.10E-14 5.36E-14 5.20E-14
 4.99E-14 4.62E-14 4.08E-14 3.33E-14 2.63E-14 2.28E-14
  32.7332    7  14 /pl=01:ss=69:pb= 1:sz=69/type=excit/ispb = t/isel =   50
 1.00E+10 1.00E+11 1.00E+12 1.00E+13 1.00E+14 1.00E+15 1.00E+16
 8.44E+01 1.27E+02 2.11E+02 4.22E+02 8.44E+02 2.11E+03 4.22E+03 6.33E+03
 8.44E+03 1.27E+04 2.11E+04 4.22E+04 8.44E+04 1.27E+05
 1.00E-74 1.00E-74 2.13E-33 3.04E-23 3.06E-18 2.50E-15 2.06E-14 3.91E-14
 5.23E-14 6.70E-14 7.60E-14 7.47E-14 6.50E-14 5.81E-14
 1.00E-74 1.00E-74 2.13E-33 3.04E-23 3.06E-18 2.50E-15 2.06E-14 3.91E-14
 5.23E-14 6.70E-14 7.60E-14 7.47E-14 6.50E-14 5.81E-14
 1.00E-74 1.00E-74 2.13E-33 3.04E-23 3.06E-18 2.50E-15 2.06E-14 3.91E-14
 5.23E-14 6.70E-14 7.60E-14 7.47E-14 6.50E-14 5.81E-14
 1.00E-74 1.00E-74 2.13E-33 3.04E-23 3.06E-18 2.50E-15 2.06E-14 3.91E-14
 5.23E-14 6.70E-14 7.60E-14 7.47E-14 6.50E-14 5.81E-14
 1.00E-74 5.53E-47 2.13E-33 3.04E-23 3.06E-18 2.50E-15 2.06E-14 3.91E-14
 5.23E-14 6.70E-14 7.60E-14 7.47E-14 6.50E-14 5.81E-14
 1.00E-74 4.98E-47 2.13E-33 3.04E-23 3.06E-18 2.50E-15 2.06E-14 3.91E-14
 5.23E-14 6.70E-14 7.60E-14 7.47E-14 6.50E-14 5.81E-14
 1.00E-74 5.02E-47 2.13E-33 3.04E-23 3.06E-18 2.50E-15 2.06E-14 3.91E-14
 5.23E-14 6.70E-14 7.60E-14 7.47E-14 6.50E-14 5.81E-14
c-------------------------------------------------------------------------------
 
C  root partition information
C  ==========================
C
C  nuclear charge : 74
C  ion charge+1   : 70
C
C  population calculation information
C  ----------------------------------
C
C  population processing code: adas810
C
C  adf04 source file    : adf04_copmm#74_ls_40#w69.dat
C  adf18/a17_p208 file  : NULL
C
C  meta. ion. coeff. selector  : 
 
C  options  : lnorm =T  lpsel =F  lzsel =T  liosel=F
C           : lhsel =F  lrsel =F  lisel =F  lnsel =F
 
C  energy levels
C  -------------
C
C   lv      configuration    (2S+1)L(w-1/2)      energy (cm^-1)
C  ---   ------------------- --------------      --------------
c    1   22513                  (2)1(  2.5)             0.0
c    2   12523                  (2)2(  4.5)       6171928.6
c    3   12523                  (4)1(  5.5)       9736928.6
c    4   12523                  (2)1(  2.5)      14412928.6
c    5   12523                  (2)0(  0.5)      18356928.6
c    6   22514                  (2)0(  0.5)      77747928.6
c    7   22515                  (2)1(  2.5)      80802928.6
c    8   22516                  (2)2(  4.5)      82948928.6
c    9   12513515               (4)0(  1.5)      83432928.6
c   10   12513516               (2)3(  6.5)      85069928.6
c   11   12513516               (4)1(  5.5)      86430928.6
c   12   12513515               (4)2(  9.5)      87267928.6
c   13   12513515               (2)2(  4.5)      88696928.6
c   14   12513515               (2)1(  2.5)      91531928.6
c   15   12513515               (4)1(  5.5)      91818928.6
c   16   12513516               (4)3( 13.5)      91907928.6
c   17   12513516               (2)2(  4.5)      92139928.6
c   18   12513515               (2)2(  4.5)      94664928.6
c   19   12513515               (2)1(  2.5)      94964928.6
c   20   12513516               (4)2(  9.5)      95107928.6
c   21   12513515               (2)0(  0.5)      95581928.6
c   22   12513515               (2)0(  0.5)      96164928.6
c   23   12513516               (2)1(  2.5)      96967928.6
c   24   12513516               (2)3(  6.5)      97008928.6
c   25   12513516               (2)2(  4.5)      97080928.6
c   26   12513516               (2)1(  2.5)      97180928.6
c   27   22517                  (2)0(  0.5)     107430928.6
c   28   22518                  (2)1(  2.5)     108690928.6
c   29   22519                  (2)2(  4.5)     109580928.6
c   30   2251A                  (2)3(  6.5)     109950928.6
c   31   12513518               (4)0(  1.5)     110610928.6
c   32   12513519               (2)3(  6.5)     111450928.6
c   33   12513519               (4)1(  5.5)     113210928.6
c   34   12513518               (4)2(  9.5)     115110928.6
c   35   12513519               (2)1(  2.5)     115140928.6
c   36   12513518               (2)2(  4.5)     117090928.6
c   37   12513519               (4)3( 13.5)     118700928.6
c   38   12513518               (2)1(  2.5)     118740928.6
c   39   12513518               (4)1(  5.5)     119990928.6
c   40   2251B                  (2)0(  0.5)     120850928.6
c   41   2251C                  (2)1(  2.5)     121480928.6
c   42   12513519               (4)2(  9.5)     121820928.6
c   43   2251D                  (2)2(  4.5)     121940928.6
c   44   2251E                  (2)3(  6.5)     122120928.6
c   45   12513518               (2)2(  4.5)     122690928.6
c   46   12513518               (2)0(  0.5)     122720928.6
c   47   12513518               (2)1(  2.5)     122810928.6
c   48   12513519               (2)2(  4.5)     123240928.6
c   49   12513518               (2)0(  0.5)     123300928.6
c   50   12513519               (2)3(  6.5)     123670928.6
c   51   12513519               (2)2(  4.5)     123690928.6
c   52   12513519               (2)1(  2.5)     123730928.6
c   53   2251G                  (2)0(  0.5)     128020928.6
c   54   2251H                  (2)1(  2.5)     128380928.6
c   55   2251I                  (2)2(  4.5)     128640928.6
c   56   2251J                  (2)3(  6.5)     128750928.6
c   57   2251M                  (2)0(  0.5)     132290928.6
c   58   2251N                  (2)1(  2.5)     132510928.6
c   59   2251O                  (2)2(  4.5)     132680928.6
c   60   2251P                  (2)3(  6.5)     132750928.6
c   61   11522523               (2)2(  4.5)     478260928.6
c   62   11522523               (4)1(  5.5)     482150928.6
c   63   11522523               (2)1(  2.5)     486630928.6
c   64   11522523               (2)0(  0.5)     490970928.6
c   65   11522513515            (4)0(  1.5)     556630928.6
c   66   11522513515            (2)0(  0.5)     556830928.6
c   67   11522513515            (4)2(  9.5)     560570928.6
c   68   11522513516            (2)1(  2.5)     561860928.6
c   69   11522513515            (2)2(  4.5)     562100928.6
c   70   11522513516            (4)3( 13.5)     562270928.6
c   71   11522513516            (2)2(  4.5)     563150928.6
c   72   11522513516            (2)3(  6.5)     564840928.6
c   73   11522513515            (4)1(  5.5)     565380928.6
c   74   11522513516            (4)1(  5.5)     566380928.6
c   75   11522513515            (2)2(  4.5)     568040928.6
c   76   11522513515            (2)1(  2.5)     568350928.6
c   77   11522513516            (4)2(  9.5)     568880928.6
c   78   11522513515            (2)1(  2.5)     569180928.6
c   79   11522513515            (2)0(  0.5)     569620928.6
c   80   11522513516            (2)3(  6.5)     570550928.6
c   81   11522513516            (2)2(  4.5)     570630928.6
c   82   11522513516            (2)1(  2.5)     570740928.6
 
 
 
c-------------------------------------------------------------------------------
 
C  superstage partition information
C  ================================
C
C  element symbol   : W
C  parent template  : 
C  partition level  :  1
C  superstage label : 69
C
C  tabulation       : photon emissivity coefft (te,ne)
C  units            : ph. emis coef(cm^3 s^-1); te (ev); ne (cm^-3)
C
C  photon emissivity atomic transitions
C  ------------------------------------
C  
C   isel  wvlen(A)            transition                type  ispb nspb
C                                                             ispp nspp sz    tg pr wr
C  ----- ---------- ----------------------------------- ----- ---- ---- --    -- -- --
C      1   1.04622   21(2)0(  0.5)-  1(2)1(  2.5)       excit   1    1  69    20 21  1
C      2   1.05302   19(2)1(  2.5)-  1(2)1(  2.5)       excit   1    1  69    18 18  2
C      3   1.05636   18(2)2(  4.5)-  1(2)1(  2.5)       excit   1    1  69    17 12  3
C      4   1.08910   15(4)1(  5.5)-  1(2)1(  2.5)       excit   1    1  69    14 10  4
C      5   1.09251   14(2)1(  2.5)-  1(2)1(  2.5)       excit   1    1  69    13 11  5
C      6   1.10000   25(2)2(  4.5)-  2(2)2(  4.5)       excit   1    1  69   104 41  6
C      7   1.10087   24(2)3(  6.5)-  2(2)2(  4.5)       excit   1    1  69   103 16  7
C      8   1.12440   20(4)2(  9.5)-  2(2)2(  4.5)       excit   1    1  69    99 32  8
C      9   1.12743   13(2)2(  4.5)-  1(2)1(  2.5)       excit   1    1  69    12  7  9
C     10   1.14584   24(2)3(  6.5)-  3(4)1(  5.5)       excit   1    1  69   182 29 10
C     11   1.14590   12(4)2(  9.5)-  1(2)1(  2.5)       excit   1    1  69    11 15 11
C     12   1.14638   23(2)1(  2.5)-  3(4)1(  5.5)       excit   1    1  69   181 43 12
C     13   1.16322   17(2)2(  4.5)-  2(2)2(  4.5)       excit   1    1  69    96 39 13
C     14   1.16637   16(4)3( 13.5)-  2(2)2(  4.5)       excit   1    1  69    95  9 14
C     15   1.17136   20(4)2(  9.5)-  3(4)1(  5.5)       excit   1    1  69   178 13 15
C     16   1.19857    9(4)0(  1.5)-  1(2)1(  2.5)       excit   1    1  69     8 31 16
C     17   1.20556    8(2)2(  4.5)-  1(2)1(  2.5)       excit   1    1  69     7  5 17
C     18   1.20820   26(2)1(  2.5)-  4(2)1(  2.5)       excit   1    1  69   262 37 18
C     19   1.20966   25(2)2(  4.5)-  4(2)1(  2.5)       excit   1    1  69   261 20 19
C     20   1.21131   23(2)1(  2.5)-  4(2)1(  2.5)       excit   1    1  69   259 25 20
C     21   1.21355   17(2)2(  4.5)-  3(4)1(  5.5)       excit   1    1  69   175 19 21
C     22   1.21697   16(4)3( 13.5)-  3(4)1(  5.5)       excit   1    1  69   174 35 22
C     23   1.23758    7(2)1(  2.5)-  1(2)1(  2.5)       excit   1    1  69     6  6 23
C     24   1.26746   10(2)3(  6.5)-  2(2)2(  4.5)       excit   1    1  69    89 14 24
C     25   1.26865   26(2)1(  2.5)-  5(2)0(  0.5)       excit   1    1  69   337 44 25
C     26   1.27209   23(2)1(  2.5)-  5(2)0(  0.5)       excit   1    1  69   335 17 26
C     27   1.28621    6(2)0(  0.5)-  1(2)1(  2.5)       excit   1    1  69     5  8 27
C     28   1.28655   17(2)2(  4.5)-  4(2)1(  2.5)       excit   1    1  69   253 24 28
C     29   1.30388   11(4)1(  5.5)-  3(4)1(  5.5)       excit   1    1  69   169 23 29
C     30   1.33993    7(2)1(  2.5)-  2(2)2(  4.5)       excit   1    1  69    86 38 30
C     31   1.40714    7(2)1(  2.5)-  3(4)1(  5.5)       excit   1    1  69   165 34 31
C     32   1.50625    7(2)1(  2.5)-  4(2)1(  2.5)       excit   1    1  69   243 36 32
C     33   2.09039   55(2)2(  4.5)-  7(2)1(  2.5)       excit   1    1  69   499 47 33
C     34   2.28660   41(2)1(  2.5)-  6(2)0(  0.5)       excit   1    1  69   416 42 34
C     35   2.43084   43(2)2(  4.5)-  7(2)1(  2.5)       excit   1    1  69   487 33 35
C     36   2.55284   44(2)3(  6.5)-  8(2)2(  4.5)       excit   1    1  69   562 40 36
C     37   3.18137   37(4)3( 13.5)- 12(4)2(  9.5)       excit   1    1  69   803 46 37
C     38   3.23175   28(2)1(  2.5)-  6(2)0(  0.5)       excit   1    1  69   405 27 38
C     39   3.44756   50(2)3(  6.5)- 18(2)2(  4.5)       excit   1    1  69  1155 50 39
C     40   3.47488   29(2)2(  4.5)-  7(2)1(  2.5)       excit   1    1  69   473 26 40
C     41   3.70343   30(2)3(  6.5)-  8(2)2(  4.5)       excit   1    1  69   548 30 41
C     42   3.88470   28(2)1(  2.5)-  8(2)2(  4.5)       excit   1    1  69   546 45 42
C     43   5.44753    5(2)0(  0.5)-  1(2)1(  2.5)       excit   1    1  69     4  4 43
C     44   6.93822    4(2)1(  2.5)-  1(2)1(  2.5)       excit   1    1  69     3  2 44
C     45   7.54717   43(2)2(  4.5)- 28(2)1(  2.5)       excit   1    1  69  1668 49 45
C     46   10.2702    3(4)1(  5.5)-  1(2)1(  2.5)       excit   1    1  69     2  3 46
C     47   16.2024    2(2)2(  4.5)-  1(2)1(  2.5)       excit   1    1  69     1  1 47
C     48   21.3858    4(2)1(  2.5)-  3(4)1(  5.5)       excit   1    1  69   162 48 48
C     49   28.0505    3(4)1(  5.5)-  2(2)2(  4.5)       excit   1    1  69    82 28 49
C     50   32.7332    7(2)1(  2.5)-  6(2)0(  0.5)       excit   1    1  69   386 22 50
c-------------------------------------------------------------------------------
                                                                                
C  code     : adas810
C  producer : Adam Foster
C  date     : 15/05/09
                                                                                
c-------------------------------------------------------------------------------

C-----------------------------------------------------------------------
C                               OPEN-ADAS
C                               +++++++++
C
C This file has been downloaded from OPEN-ADAS (http://open.adas.ac.uk)
C on 26-Mar-2025.
C
C TERMS AND CONDITIONS
C --------------------
C
C The user of the OPEN-ADAS system and data (hereinafter "the User")
C accepts the following terms and conditions:
C
C   1. The University of Strathclyde uses all reasonable endeavours to
C      ensure the accuracy of the data provided and any information
C      given, but the University makes no warranty, expressed or implied
C      as to its accuracy, integrity, fitness for purpose and shall not
C      be responsible for the use to which the data is put by the User
C      and/or any consequences arising out of any inaccuracies or
C      omissions.
C
C   2. Any downloaded OPEN-ADAS file is made available for the
C      personal use of the User only.  It must not be used for any
C      commercial application, incorporated into any web site or in
C      any form re-distributed without express prior written permission
C      from the ADAS Project. In particular, but not by way of
C      limitation, it must not be:
C        *  inserted into a managed database structure,
C        *  redistributed along with a modelling or analysis code,
C        *  made available on a public website.
C
C Permission for OPEN-ADAS data incorporation in non-commercial
C code/system development for scientific advance will not be
C unreasonably withheld, but will be subject to written agreement
C on a case by case basis.
C
C The User will indemnify the University of Strathclyde and keep it
C fully and effectively indemnified against each and every claim made
C against the University as a result of the User's use of the data.
C
C-----------------------------------------------------------------------
