   50    /W :48 photon emissivity coefficients/
--------------------------------------------------------------------------------
    1    1    1    1    1    1    1    1    1    1    1    1    1    1
    1    1    1    1    1    1    1    1    1    1    1    1    1    1
    1    1    1    1    1    1    1    1    1    1    1    1    1    1
    1    1    1    1    1    1    1    1    1    1    1    1    1    1
    1    1    1    1    1    1    1    1    1    1    1    1    1    1
    1    1    1    1    1
--------------------------------------------------------------------------------
//#01/p00/ 00/p01/ 01/p02/ 02/p03/ 03/p04/ 04/p05/ 05/p06/ 06/p07/ 07/p08/ 08/  
      p09/ 09/p10/ 10/p11/ 11/p12/ 12/p13/ 13/p14/ 14/p15/ 15/p16/ 16/p17/ 17/  
      p18/ 18/p19/ 19/p20/ 20/p21/ 21/p22/ 22/p23/ 23/p24/ 24/p25/ 25/p26/ 26/  
      p27/ 27/p28/ 28/p29/ 29/p30/ 30/p31/ 31/p32/ 32/p33/ 33/p34/ 34/p35/ 35/  
      p36/ 36/p37/ 37/p38/ 38/p39/ 39/p40/ 40/p41/ 41/p42/ 42/p43/ 43/p44/ 44/  
      p45/ 45/p46/ 46/p47/ 47/p48/ 48/p49/ 49/p50/ 50/p51/ 51/p52/ 52/p53/ 53/  
      p54/ 54/p55/ 55/p56/ 56/p57/ 57/p58/ 58/p59/ 59/p60/ 60/p61/ 61/p62/ 62/  
      p63/ 63/p64/ 64/p65/ 65/p66/ 66/p67/ 67/p68/ 68/p69/ 69/p70/ 70/p71/ 71/  
      p72/ 72/p73/ 73/p74/ 74/                                                  
--------------------------------------------------------------------------------
  4.17251    7  14 /pl=01:ss=48:pb= 1:sz=48/type=excit/ispb = t/isel =    1
 1.00E+10 1.00E+11 1.00E+12 1.00E+13 1.00E+14 1.00E+15 1.00E+16
 4.14E+01 6.21E+01 1.03E+02 2.07E+02 4.14E+02 1.03E+03 2.07E+03 3.10E+03
 4.14E+03 6.21E+03 1.03E+04 2.07E+04 4.14E+04 6.21E+04
 1.00E-74 6.51E-32 1.04E-23 1.28E-17 1.21E-14 5.87E-13 1.85E-12 2.59E-12
 3.00E-12 3.40E-12 3.64E-12 3.63E-12 3.38E-12 3.17E-12
 3.52E-42 6.51E-32 1.04E-23 1.28E-17 1.21E-14 5.87E-13 1.85E-12 2.59E-12
 3.00E-12 3.40E-12 3.64E-12 3.63E-12 3.38E-12 3.17E-12
 3.17E-42 6.51E-32 1.04E-23 1.28E-17 1.20E-14 5.86E-13 1.85E-12 2.58E-12
 3.00E-12 3.39E-12 3.63E-12 3.62E-12 3.37E-12 3.16E-12
 3.20E-42 6.51E-32 1.04E-23 1.28E-17 1.20E-14 5.80E-13 1.82E-12 2.54E-12
 2.94E-12 3.33E-12 3.57E-12 3.56E-12 3.33E-12 3.12E-12
 3.19E-42 6.47E-32 1.03E-23 1.25E-17 1.15E-14 5.37E-13 1.64E-12 2.25E-12
 2.59E-12 2.92E-12 3.13E-12 3.16E-12 2.98E-12 2.82E-12
 3.09E-42 6.17E-32 9.57E-24 1.07E-17 8.79E-15 3.50E-13 9.67E-13 1.29E-12
 1.46E-12 1.64E-12 1.76E-12 1.80E-12 1.75E-12 1.69E-12
 2.52E-42 4.62E-32 6.34E-24 5.71E-18 4.15E-15 1.57E-13 4.34E-13 5.80E-13
 6.62E-13 7.42E-13 7.97E-13 8.13E-13 7.85E-13 7.56E-13
  5.36326    7  14 /pl=01:ss=48:pb= 1:sz=48/type=excit/ispb = t/isel =    2
 1.00E+10 1.00E+11 1.00E+12 1.00E+13 1.00E+14 1.00E+15 1.00E+16
 4.14E+01 6.21E+01 1.03E+02 2.07E+02 4.14E+02 1.03E+03 2.07E+03 3.10E+03
 4.14E+03 6.21E+03 1.03E+04 2.07E+04 4.14E+04 6.21E+04
 3.34E-35 3.34E-27 7.65E-21 3.89E-16 7.47E-14 1.44E-12 3.42E-12 4.42E-12
 4.97E-12 5.51E-12 5.88E-12 5.93E-12 5.63E-12 5.31E-12
 3.34E-35 3.34E-27 7.65E-21 3.89E-16 7.47E-14 1.44E-12 3.42E-12 4.42E-12
 4.97E-12 5.51E-12 5.88E-12 5.93E-12 5.63E-12 5.31E-12
 3.34E-35 3.34E-27 7.65E-21 3.89E-16 7.46E-14 1.43E-12 3.42E-12 4.41E-12
 4.96E-12 5.50E-12 5.86E-12 5.92E-12 5.62E-12 5.30E-12
 3.34E-35 3.34E-27 7.64E-21 3.88E-16 7.42E-14 1.42E-12 3.37E-12 4.34E-12
 4.87E-12 5.40E-12 5.76E-12 5.82E-12 5.54E-12 5.23E-12
 3.33E-35 3.32E-27 7.57E-21 3.79E-16 7.13E-14 1.32E-12 3.03E-12 3.86E-12
 4.31E-12 4.76E-12 5.09E-12 5.17E-12 4.97E-12 4.74E-12
 3.24E-35 3.18E-27 7.04E-21 3.25E-16 5.51E-14 8.77E-13 1.85E-12 2.29E-12
 2.53E-12 2.77E-12 2.96E-12 3.05E-12 3.00E-12 2.91E-12
 2.69E-35 2.43E-27 4.78E-21 1.82E-16 2.79E-14 4.40E-13 9.56E-13 1.20E-12
 1.33E-12 1.47E-12 1.57E-12 1.60E-12 1.55E-12 1.49E-12
  5.37653    7  14 /pl=01:ss=48:pb= 1:sz=48/type=excit/ispb = t/isel =    3
 1.00E+10 1.00E+11 1.00E+12 1.00E+13 1.00E+14 1.00E+15 1.00E+16
 4.14E+01 6.21E+01 1.03E+02 2.07E+02 4.14E+02 1.03E+03 2.07E+03 3.10E+03
 4.14E+03 6.21E+03 1.03E+04 2.07E+04 4.14E+04 6.21E+04
 4.20E-35 4.01E-27 8.87E-21 4.38E-16 8.32E-14 1.59E-12 3.78E-12 4.87E-12
 5.47E-12 6.09E-12 6.45E-12 6.49E-12 6.15E-12 5.83E-12
 4.20E-35 4.01E-27 8.87E-21 4.38E-16 8.31E-14 1.59E-12 3.78E-12 4.87E-12
 5.47E-12 6.09E-12 6.44E-12 6.49E-12 6.15E-12 5.83E-12
 4.20E-35 4.01E-27 8.87E-21 4.38E-16 8.31E-14 1.58E-12 3.77E-12 4.86E-12
 5.46E-12 6.08E-12 6.43E-12 6.48E-12 6.14E-12 5.82E-12
 4.20E-35 4.01E-27 8.86E-21 4.37E-16 8.27E-14 1.57E-12 3.72E-12 4.79E-12
 5.37E-12 5.98E-12 6.32E-12 6.38E-12 6.06E-12 5.74E-12
 4.19E-35 3.99E-27 8.79E-21 4.28E-16 7.96E-14 1.46E-12 3.36E-12 4.28E-12
 4.77E-12 5.30E-12 5.61E-12 5.70E-12 5.46E-12 5.22E-12
 4.09E-35 3.84E-27 8.21E-21 3.70E-16 6.25E-14 9.97E-13 2.11E-12 2.62E-12
 2.90E-12 3.19E-12 3.38E-12 3.48E-12 3.40E-12 3.31E-12
 3.53E-35 3.05E-27 5.84E-21 2.22E-16 3.46E-14 5.59E-13 1.24E-12 1.57E-12
 1.75E-12 1.94E-12 2.05E-12 2.08E-12 1.99E-12 1.91E-12
  5.44473    7  14 /pl=01:ss=48:pb= 1:sz=48/type=excit/ispb = t/isel =    4
 1.00E+10 1.00E+11 1.00E+12 1.00E+13 1.00E+14 1.00E+15 1.00E+16
 4.14E+01 6.21E+01 1.03E+02 2.07E+02 4.14E+02 1.03E+03 2.07E+03 3.10E+03
 4.14E+03 6.21E+03 1.03E+04 2.07E+04 4.14E+04 6.21E+04
 1.91E-35 1.44E-27 2.64E-21 1.14E-16 2.01E-14 3.69E-13 8.69E-13 1.11E-12
 1.25E-12 1.38E-12 1.47E-12 1.48E-12 1.40E-12 1.32E-12
 1.91E-35 1.44E-27 2.64E-21 1.14E-16 2.01E-14 3.69E-13 8.69E-13 1.11E-12
 1.25E-12 1.38E-12 1.47E-12 1.48E-12 1.40E-12 1.32E-12
 1.91E-35 1.44E-27 2.64E-21 1.14E-16 2.01E-14 3.69E-13 8.68E-13 1.11E-12
 1.25E-12 1.38E-12 1.47E-12 1.48E-12 1.39E-12 1.32E-12
 1.91E-35 1.44E-27 2.63E-21 1.14E-16 2.00E-14 3.65E-13 8.55E-13 1.09E-12
 1.23E-12 1.35E-12 1.44E-12 1.45E-12 1.37E-12 1.30E-12
 1.90E-35 1.43E-27 2.61E-21 1.11E-16 1.92E-14 3.39E-13 7.70E-13 9.73E-13
 1.09E-12 1.19E-12 1.27E-12 1.29E-12 1.23E-12 1.18E-12
 1.85E-35 1.37E-27 2.43E-21 9.54E-17 1.49E-14 2.27E-13 4.73E-13 5.82E-13
 6.42E-13 7.02E-13 7.48E-13 7.67E-13 7.49E-13 7.27E-13
 1.56E-35 1.07E-27 1.68E-21 5.60E-17 8.18E-15 1.31E-13 2.93E-13 3.72E-13
 4.15E-13 4.57E-13 4.85E-13 4.88E-13 4.62E-13 4.38E-13
  5.44711    7  14 /pl=01:ss=48:pb= 1:sz=48/type=excit/ispb = t/isel =    5
 1.00E+10 1.00E+11 1.00E+12 1.00E+13 1.00E+14 1.00E+15 1.00E+16
 4.14E+01 6.21E+01 1.03E+02 2.07E+02 4.14E+02 1.03E+03 2.07E+03 3.10E+03
 4.14E+03 6.21E+03 1.03E+04 2.07E+04 4.14E+04 6.21E+04
 2.30E-35 1.73E-27 3.14E-21 1.34E-16 2.38E-14 4.35E-13 1.02E-12 1.31E-12
 1.47E-12 1.63E-12 1.73E-12 1.74E-12 1.64E-12 1.55E-12
 2.30E-35 1.73E-27 3.14E-21 1.34E-16 2.38E-14 4.35E-13 1.02E-12 1.31E-12
 1.47E-12 1.63E-12 1.73E-12 1.74E-12 1.64E-12 1.55E-12
 2.30E-35 1.73E-27 3.14E-21 1.34E-16 2.37E-14 4.35E-13 1.02E-12 1.31E-12
 1.46E-12 1.62E-12 1.73E-12 1.74E-12 1.64E-12 1.55E-12
 2.30E-35 1.73E-27 3.14E-21 1.34E-16 2.36E-14 4.31E-13 1.01E-12 1.29E-12
 1.44E-12 1.60E-12 1.70E-12 1.71E-12 1.62E-12 1.53E-12
 2.29E-35 1.72E-27 3.12E-21 1.32E-16 2.29E-14 4.04E-13 9.21E-13 1.17E-12
 1.30E-12 1.44E-12 1.53E-12 1.55E-12 1.48E-12 1.41E-12
 2.26E-35 1.67E-27 2.96E-21 1.17E-16 1.87E-14 2.94E-13 6.30E-13 7.85E-13
 8.67E-13 9.53E-13 1.01E-12 1.03E-12 1.00E-12 9.65E-13
 2.13E-35 1.45E-27 2.32E-21 8.08E-17 1.24E-14 2.06E-13 4.71E-13 6.01E-13
 6.70E-13 7.41E-13 7.84E-13 7.88E-13 7.43E-13 7.02E-13
  5.45126    7  14 /pl=01:ss=48:pb= 1:sz=48/type=excit/ispb = t/isel =    6
 1.00E+10 1.00E+11 1.00E+12 1.00E+13 1.00E+14 1.00E+15 1.00E+16
 4.14E+01 6.21E+01 1.03E+02 2.07E+02 4.14E+02 1.03E+03 2.07E+03 3.10E+03
 4.14E+03 6.21E+03 1.03E+04 2.07E+04 4.14E+04 6.21E+04
 3.74E-34 2.76E-26 5.00E-20 2.12E-15 3.71E-13 6.75E-12 1.57E-11 2.03E-11
 2.27E-11 2.51E-11 2.67E-11 2.69E-11 2.54E-11 2.40E-11
 3.74E-34 2.76E-26 5.00E-20 2.12E-15 3.71E-13 6.75E-12 1.57E-11 2.03E-11
 2.27E-11 2.50E-11 2.67E-11 2.69E-11 2.54E-11 2.40E-11
 3.74E-34 2.76E-26 5.00E-20 2.12E-15 3.71E-13 6.74E-12 1.57E-11 2.02E-11
 2.26E-11 2.50E-11 2.66E-11 2.68E-11 2.54E-11 2.40E-11
 3.73E-34 2.76E-26 4.99E-20 2.11E-15 3.69E-13 6.67E-12 1.55E-11 1.99E-11
 2.22E-11 2.46E-11 2.62E-11 2.64E-11 2.50E-11 2.37E-11
 3.72E-34 2.75E-26 4.95E-20 2.07E-15 3.55E-13 6.20E-12 1.39E-11 1.77E-11
 1.97E-11 2.17E-11 2.31E-11 2.35E-11 2.25E-11 2.14E-11
 3.62E-34 2.63E-26 4.61E-20 1.78E-15 2.74E-13 4.12E-12 8.45E-12 1.04E-11
 1.14E-11 1.25E-11 1.33E-11 1.38E-11 1.35E-11 1.31E-11
 3.02E-34 2.02E-26 3.13E-20 9.90E-16 1.36E-13 1.96E-12 4.06E-12 5.04E-12
 5.54E-12 6.08E-12 6.48E-12 6.65E-12 6.49E-12 6.29E-12
  5.45245    7  14 /pl=01:ss=48:pb= 1:sz=48/type=excit/ispb = t/isel =    7
 1.00E+10 1.00E+11 1.00E+12 1.00E+13 1.00E+14 1.00E+15 1.00E+16
 4.14E+01 6.21E+01 1.03E+02 2.07E+02 4.14E+02 1.03E+03 2.07E+03 3.10E+03
 4.14E+03 6.21E+03 1.03E+04 2.07E+04 4.14E+04 6.21E+04
 2.26E-34 1.67E-26 3.00E-20 1.27E-15 2.23E-13 4.06E-12 9.54E-12 1.22E-11
 1.37E-11 1.51E-11 1.61E-11 1.62E-11 1.53E-11 1.45E-11
 2.26E-34 1.67E-26 3.00E-20 1.27E-15 2.23E-13 4.06E-12 9.54E-12 1.22E-11
 1.37E-11 1.51E-11 1.61E-11 1.62E-11 1.53E-11 1.45E-11
 2.26E-34 1.67E-26 3.00E-20 1.27E-15 2.23E-13 4.06E-12 9.52E-12 1.22E-11
 1.36E-11 1.51E-11 1.61E-11 1.61E-11 1.52E-11 1.44E-11
 2.26E-34 1.67E-26 3.00E-20 1.26E-15 2.22E-13 4.02E-12 9.38E-12 1.20E-11
 1.34E-11 1.48E-11 1.58E-11 1.59E-11 1.50E-11 1.43E-11
 2.26E-34 1.66E-26 2.97E-20 1.24E-15 2.13E-13 3.72E-12 8.44E-12 1.06E-11
 1.18E-11 1.30E-11 1.39E-11 1.41E-11 1.35E-11 1.29E-11
 2.19E-34 1.59E-26 2.76E-20 1.06E-15 1.64E-13 2.46E-12 5.07E-12 6.20E-12
 6.82E-12 7.45E-12 7.97E-12 8.18E-12 8.03E-12 7.83E-12
 1.81E-34 1.21E-26 1.86E-20 5.85E-16 8.10E-14 1.18E-12 2.48E-12 3.07E-12
 3.39E-12 3.72E-12 3.97E-12 4.05E-12 3.93E-12 3.80E-12
  5.46109    7  14 /pl=01:ss=48:pb= 1:sz=48/type=excit/ispb = t/isel =    8
 1.00E+10 1.00E+11 1.00E+12 1.00E+13 1.00E+14 1.00E+15 1.00E+16
 4.14E+01 6.21E+01 1.03E+02 2.07E+02 4.14E+02 1.03E+03 2.07E+03 3.10E+03
 4.14E+03 6.21E+03 1.03E+04 2.07E+04 4.14E+04 6.21E+04
 9.41E-35 6.75E-27 1.18E-20 4.92E-16 8.55E-14 1.55E-12 3.61E-12 4.63E-12
 5.19E-12 5.74E-12 6.10E-12 6.14E-12 5.78E-12 5.47E-12
 9.41E-35 6.75E-27 1.18E-20 4.92E-16 8.55E-14 1.55E-12 3.61E-12 4.63E-12
 5.18E-12 5.73E-12 6.10E-12 6.13E-12 5.78E-12 5.47E-12
 9.40E-35 6.75E-27 1.18E-20 4.92E-16 8.55E-14 1.55E-12 3.60E-12 4.62E-12
 5.17E-12 5.72E-12 6.08E-12 6.12E-12 5.77E-12 5.46E-12
 9.40E-35 6.75E-27 1.18E-20 4.91E-16 8.50E-14 1.53E-12 3.55E-12 4.55E-12
 5.09E-12 5.62E-12 5.98E-12 6.02E-12 5.69E-12 5.39E-12
 9.37E-35 6.71E-27 1.17E-20 4.81E-16 8.17E-14 1.42E-12 3.19E-12 4.04E-12
 4.49E-12 4.94E-12 5.26E-12 5.34E-12 5.10E-12 4.86E-12
 9.09E-35 6.41E-27 1.09E-20 4.10E-16 6.27E-14 9.33E-13 1.91E-12 2.35E-12
 2.58E-12 2.82E-12 3.00E-12 3.09E-12 3.03E-12 2.95E-12
 7.50E-35 4.86E-27 7.31E-21 2.27E-16 3.12E-14 4.55E-13 9.64E-13 1.20E-12
 1.33E-12 1.46E-12 1.55E-12 1.58E-12 1.52E-12 1.47E-12
  5.48463    7  14 /pl=01:ss=48:pb= 1:sz=48/type=excit/ispb = t/isel =    9
 1.00E+10 1.00E+11 1.00E+12 1.00E+13 1.00E+14 1.00E+15 1.00E+16
 4.14E+01 6.21E+01 1.03E+02 2.07E+02 4.14E+02 1.03E+03 2.07E+03 3.10E+03
 4.14E+03 6.21E+03 1.03E+04 2.07E+04 4.14E+04 6.21E+04
 1.01E-35 9.68E-28 2.14E-21 1.06E-16 2.00E-14 3.82E-13 9.10E-13 1.18E-12
 1.32E-12 1.47E-12 1.55E-12 1.57E-12 1.48E-12 1.40E-12
 1.01E-35 9.68E-28 2.14E-21 1.06E-16 2.00E-14 3.82E-13 9.10E-13 1.18E-12
 1.32E-12 1.47E-12 1.55E-12 1.57E-12 1.48E-12 1.40E-12
 1.01E-35 9.68E-28 2.14E-21 1.06E-16 2.00E-14 3.82E-13 9.09E-13 1.17E-12
 1.32E-12 1.47E-12 1.55E-12 1.56E-12 1.48E-12 1.40E-12
 1.01E-35 9.67E-28 2.14E-21 1.05E-16 1.99E-14 3.78E-13 8.96E-13 1.15E-12
 1.29E-12 1.44E-12 1.52E-12 1.54E-12 1.46E-12 1.38E-12
 1.01E-35 9.63E-28 2.12E-21 1.03E-16 1.92E-14 3.52E-13 8.10E-13 1.03E-12
 1.15E-12 1.28E-12 1.35E-12 1.37E-12 1.32E-12 1.26E-12
 9.85E-36 9.25E-28 1.98E-21 8.93E-17 1.51E-14 2.40E-13 5.10E-13 6.33E-13
 6.98E-13 7.70E-13 8.16E-13 8.38E-13 8.21E-13 7.97E-13
 8.52E-36 7.36E-28 1.41E-21 5.35E-17 8.34E-15 1.35E-13 3.00E-13 3.80E-13
 4.23E-13 4.68E-13 4.95E-13 5.02E-13 4.81E-13 4.60E-13
  5.50589    7  14 /pl=01:ss=48:pb= 1:sz=48/type=excit/ispb = t/isel =   10
 1.00E+10 1.00E+11 1.00E+12 1.00E+13 1.00E+14 1.00E+15 1.00E+16
 4.14E+01 6.21E+01 1.03E+02 2.07E+02 4.14E+02 1.03E+03 2.07E+03 3.10E+03
 4.14E+03 6.21E+03 1.03E+04 2.07E+04 4.14E+04 6.21E+04
 4.26E-35 2.63E-27 4.08E-21 1.56E-16 2.66E-14 4.90E-13 1.16E-12 1.49E-12
 1.66E-12 1.83E-12 1.93E-12 1.92E-12 1.78E-12 1.67E-12
 4.26E-35 2.63E-27 4.08E-21 1.56E-16 2.66E-14 4.90E-13 1.16E-12 1.49E-12
 1.66E-12 1.83E-12 1.93E-12 1.91E-12 1.78E-12 1.67E-12
 4.26E-35 2.63E-27 4.08E-21 1.56E-16 2.66E-14 4.89E-13 1.15E-12 1.48E-12
 1.66E-12 1.83E-12 1.92E-12 1.91E-12 1.78E-12 1.67E-12
 4.26E-35 2.63E-27 4.08E-21 1.56E-16 2.65E-14 4.84E-13 1.14E-12 1.46E-12
 1.63E-12 1.80E-12 1.89E-12 1.88E-12 1.76E-12 1.65E-12
 4.25E-35 2.62E-27 4.05E-21 1.53E-16 2.55E-14 4.53E-13 1.04E-12 1.32E-12
 1.46E-12 1.61E-12 1.69E-12 1.69E-12 1.59E-12 1.51E-12
 4.17E-35 2.53E-27 3.80E-21 1.33E-16 2.03E-14 3.17E-13 6.73E-13 8.34E-13
 9.20E-13 1.00E-12 1.06E-12 1.07E-12 1.03E-12 9.85E-13
 3.68E-35 2.06E-27 2.77E-21 8.19E-17 1.14E-14 1.75E-13 3.81E-13 4.78E-13
 5.29E-13 5.79E-13 6.09E-13 6.12E-13 5.81E-13 5.54E-13
  5.52107    7  14 /pl=01:ss=48:pb= 1:sz=48/type=excit/ispb = t/isel =   11
 1.00E+10 1.00E+11 1.00E+12 1.00E+13 1.00E+14 1.00E+15 1.00E+16
 4.14E+01 6.21E+01 1.03E+02 2.07E+02 4.14E+02 1.03E+03 2.07E+03 3.10E+03
 4.14E+03 6.21E+03 1.03E+04 2.07E+04 4.14E+04 6.21E+04
 4.66E-35 4.45E-27 9.83E-21 4.85E-16 9.22E-14 1.76E-12 4.19E-12 5.40E-12
 6.07E-12 6.76E-12 7.15E-12 7.20E-12 6.82E-12 6.46E-12
 4.66E-35 4.45E-27 9.83E-21 4.85E-16 9.22E-14 1.76E-12 4.19E-12 5.40E-12
 6.06E-12 6.75E-12 7.14E-12 7.20E-12 6.82E-12 6.46E-12
 4.66E-35 4.45E-27 9.83E-21 4.85E-16 9.21E-14 1.76E-12 4.18E-12 5.39E-12
 6.05E-12 6.74E-12 7.13E-12 7.19E-12 6.81E-12 6.45E-12
 4.65E-35 4.45E-27 9.82E-21 4.84E-16 9.17E-14 1.74E-12 4.12E-12 5.31E-12
 5.95E-12 6.63E-12 7.01E-12 7.07E-12 6.71E-12 6.37E-12
 4.64E-35 4.43E-27 9.74E-21 4.74E-16 8.83E-14 1.62E-12 3.73E-12 4.75E-12
 5.29E-12 5.87E-12 6.22E-12 6.32E-12 6.06E-12 5.78E-12
 4.53E-35 4.25E-27 9.11E-21 4.11E-16 6.93E-14 1.11E-12 2.34E-12 2.91E-12
 3.21E-12 3.54E-12 3.75E-12 3.85E-12 3.77E-12 3.67E-12
 3.92E-35 3.38E-27 6.47E-21 2.46E-16 3.84E-14 6.20E-13 1.38E-12 1.75E-12
 1.94E-12 2.15E-12 2.28E-12 2.31E-12 2.21E-12 2.12E-12
  5.52872    7  14 /pl=01:ss=48:pb= 1:sz=48/type=excit/ispb = t/isel =   12
 1.00E+10 1.00E+11 1.00E+12 1.00E+13 1.00E+14 1.00E+15 1.00E+16
 4.14E+01 6.21E+01 1.03E+02 2.07E+02 4.14E+02 1.03E+03 2.07E+03 3.10E+03
 4.14E+03 6.21E+03 1.03E+04 2.07E+04 4.14E+04 6.21E+04
 1.74E-34 9.95E-27 1.46E-20 5.32E-16 8.74E-14 1.55E-12 3.61E-12 4.64E-12
 5.19E-12 5.68E-12 6.02E-12 6.01E-12 5.63E-12 5.29E-12
 1.74E-34 9.95E-27 1.46E-20 5.32E-16 8.74E-14 1.55E-12 3.61E-12 4.64E-12
 5.19E-12 5.68E-12 6.02E-12 6.01E-12 5.63E-12 5.29E-12
 1.74E-34 9.95E-27 1.46E-20 5.32E-16 8.73E-14 1.55E-12 3.61E-12 4.63E-12
 5.19E-12 5.67E-12 6.01E-12 6.00E-12 5.63E-12 5.28E-12
 1.74E-34 9.95E-27 1.46E-20 5.31E-16 8.70E-14 1.54E-12 3.57E-12 4.58E-12
 5.12E-12 5.60E-12 5.93E-12 5.93E-12 5.57E-12 5.23E-12
 1.74E-34 9.94E-27 1.45E-20 5.25E-16 8.50E-14 1.47E-12 3.35E-12 4.26E-12
 4.75E-12 5.18E-12 5.49E-12 5.51E-12 5.21E-12 4.92E-12
 1.76E-34 9.91E-27 1.42E-20 4.88E-16 7.42E-14 1.18E-12 2.56E-12 3.21E-12
 3.56E-12 3.87E-12 4.11E-12 4.16E-12 3.98E-12 3.80E-12
 1.85E-34 9.66E-27 1.26E-20 3.82E-16 5.35E-14 8.14E-13 1.76E-12 2.20E-12
 2.43E-12 2.65E-12 2.81E-12 2.85E-12 2.73E-12 2.61E-12
  5.52924    7  14 /pl=01:ss=48:pb= 1:sz=48/type=excit/ispb = t/isel =   13
 1.00E+10 1.00E+11 1.00E+12 1.00E+13 1.00E+14 1.00E+15 1.00E+16
 4.14E+01 6.21E+01 1.03E+02 2.07E+02 4.14E+02 1.03E+03 2.07E+03 3.10E+03
 4.14E+03 6.21E+03 1.03E+04 2.07E+04 4.14E+04 6.21E+04
 1.57E-35 1.57E-27 3.59E-21 1.82E-16 3.51E-14 6.74E-13 1.61E-12 2.08E-12
 2.33E-12 2.59E-12 2.76E-12 2.78E-12 2.64E-12 2.49E-12
 1.57E-35 1.57E-27 3.59E-21 1.82E-16 3.51E-14 6.74E-13 1.61E-12 2.07E-12
 2.33E-12 2.59E-12 2.76E-12 2.78E-12 2.64E-12 2.49E-12
 1.57E-35 1.57E-27 3.59E-21 1.82E-16 3.50E-14 6.73E-13 1.60E-12 2.07E-12
 2.33E-12 2.58E-12 2.75E-12 2.78E-12 2.64E-12 2.49E-12
 1.57E-35 1.57E-27 3.59E-21 1.82E-16 3.49E-14 6.66E-13 1.58E-12 2.04E-12
 2.29E-12 2.54E-12 2.71E-12 2.73E-12 2.60E-12 2.46E-12
 1.56E-35 1.56E-27 3.56E-21 1.78E-16 3.35E-14 6.18E-13 1.42E-12 1.81E-12
 2.03E-12 2.24E-12 2.39E-12 2.43E-12 2.34E-12 2.22E-12
 1.52E-35 1.49E-27 3.30E-21 1.53E-16 2.59E-14 4.12E-13 8.68E-13 1.07E-12
 1.19E-12 1.30E-12 1.39E-12 1.43E-12 1.41E-12 1.37E-12
 1.26E-35 1.14E-27 2.24E-21 8.54E-17 1.31E-14 2.07E-13 4.49E-13 5.64E-13
 6.26E-13 6.89E-13 7.35E-13 7.50E-13 7.28E-13 6.99E-13
  5.54239    7  14 /pl=01:ss=48:pb= 1:sz=48/type=excit/ispb = t/isel =   14
 1.00E+10 1.00E+11 1.00E+12 1.00E+13 1.00E+14 1.00E+15 1.00E+16
 4.14E+01 6.21E+01 1.03E+02 2.07E+02 4.14E+02 1.03E+03 2.07E+03 3.10E+03
 4.14E+03 6.21E+03 1.03E+04 2.07E+04 4.14E+04 6.21E+04
 2.32E-35 1.83E-27 3.46E-21 1.53E-16 2.77E-14 5.19E-13 1.22E-12 1.57E-12
 1.77E-12 1.96E-12 2.07E-12 2.08E-12 1.96E-12 1.85E-12
 2.32E-35 1.83E-27 3.46E-21 1.53E-16 2.77E-14 5.19E-13 1.22E-12 1.57E-12
 1.77E-12 1.96E-12 2.07E-12 2.08E-12 1.96E-12 1.85E-12
 2.32E-35 1.83E-27 3.47E-21 1.53E-16 2.77E-14 5.20E-13 1.22E-12 1.58E-12
 1.77E-12 1.96E-12 2.08E-12 2.08E-12 1.96E-12 1.85E-12
 2.33E-35 1.84E-27 3.48E-21 1.54E-16 2.79E-14 5.27E-13 1.25E-12 1.61E-12
 1.81E-12 2.01E-12 2.13E-12 2.13E-12 2.00E-12 1.88E-12
 2.40E-35 1.89E-27 3.59E-21 1.62E-16 3.02E-14 6.00E-13 1.49E-12 1.96E-12
 2.21E-12 2.46E-12 2.61E-12 2.58E-12 2.39E-12 2.22E-12
 3.05E-35 2.39E-27 4.62E-21 2.27E-16 4.55E-14 9.58E-13 2.41E-12 3.17E-12
 3.57E-12 3.96E-12 4.20E-12 4.17E-12 3.86E-12 3.59E-12
 6.77E-35 4.93E-27 8.92E-21 3.90E-16 6.78E-14 1.21E-12 2.82E-12 3.60E-12
 4.01E-12 4.42E-12 4.70E-12 4.71E-12 4.46E-12 4.22E-12
  5.56181    7  14 /pl=01:ss=48:pb= 1:sz=48/type=excit/ispb = t/isel =   15
 1.00E+10 1.00E+11 1.00E+12 1.00E+13 1.00E+14 1.00E+15 1.00E+16
 4.14E+01 6.21E+01 1.03E+02 2.07E+02 4.14E+02 1.03E+03 2.07E+03 3.10E+03
 4.14E+03 6.21E+03 1.03E+04 2.07E+04 4.14E+04 6.21E+04
 2.78E-35 2.06E-27 3.73E-21 1.59E-16 2.81E-14 5.20E-13 1.23E-12 1.58E-12
 1.77E-12 1.96E-12 2.07E-12 2.08E-12 1.95E-12 1.83E-12
 2.78E-35 2.06E-27 3.73E-21 1.59E-16 2.81E-14 5.19E-13 1.23E-12 1.58E-12
 1.77E-12 1.96E-12 2.07E-12 2.08E-12 1.95E-12 1.83E-12
 2.78E-35 2.06E-27 3.73E-21 1.59E-16 2.81E-14 5.19E-13 1.23E-12 1.58E-12
 1.77E-12 1.96E-12 2.07E-12 2.07E-12 1.94E-12 1.83E-12
 2.78E-35 2.06E-27 3.73E-21 1.59E-16 2.80E-14 5.15E-13 1.22E-12 1.56E-12
 1.75E-12 1.93E-12 2.05E-12 2.05E-12 1.93E-12 1.82E-12
 2.79E-35 2.06E-27 3.72E-21 1.57E-16 2.74E-14 4.93E-13 1.15E-12 1.46E-12
 1.63E-12 1.80E-12 1.90E-12 1.91E-12 1.81E-12 1.71E-12
 2.83E-35 2.06E-27 3.64E-21 1.47E-16 2.43E-14 4.06E-13 9.05E-13 1.14E-12
 1.27E-12 1.39E-12 1.48E-12 1.49E-12 1.42E-12 1.36E-12
 3.09E-35 2.08E-27 3.37E-21 1.23E-16 1.94E-14 3.28E-13 7.51E-13 9.58E-13
 1.07E-12 1.18E-12 1.25E-12 1.26E-12 1.18E-12 1.12E-12
  5.56242    7  14 /pl=01:ss=48:pb= 1:sz=48/type=excit/ispb = t/isel =   16
 1.00E+10 1.00E+11 1.00E+12 1.00E+13 1.00E+14 1.00E+15 1.00E+16
 4.14E+01 6.21E+01 1.03E+02 2.07E+02 4.14E+02 1.03E+03 2.07E+03 3.10E+03
 4.14E+03 6.21E+03 1.03E+04 2.07E+04 4.14E+04 6.21E+04
 5.10E-35 3.77E-27 6.83E-21 2.89E-16 5.07E-14 9.22E-13 2.15E-12 2.77E-12
 3.09E-12 3.42E-12 3.64E-12 3.67E-12 3.47E-12 3.28E-12
 5.10E-35 3.77E-27 6.83E-21 2.89E-16 5.07E-14 9.22E-13 2.15E-12 2.77E-12
 3.09E-12 3.42E-12 3.64E-12 3.67E-12 3.47E-12 3.28E-12
 5.10E-35 3.77E-27 6.82E-21 2.89E-16 5.07E-14 9.20E-13 2.14E-12 2.76E-12
 3.09E-12 3.41E-12 3.64E-12 3.66E-12 3.47E-12 3.28E-12
 5.10E-35 3.77E-27 6.82E-21 2.89E-16 5.04E-14 9.11E-13 2.11E-12 2.72E-12
 3.03E-12 3.35E-12 3.57E-12 3.60E-12 3.42E-12 3.23E-12
 5.08E-35 3.75E-27 6.76E-21 2.83E-16 4.85E-14 8.46E-13 1.90E-12 2.42E-12
 2.69E-12 2.96E-12 3.15E-12 3.20E-12 3.07E-12 2.93E-12
 4.94E-35 3.59E-27 6.29E-21 2.42E-16 3.75E-14 5.62E-13 1.15E-12 1.42E-12
 1.56E-12 1.71E-12 1.82E-12 1.88E-12 1.85E-12 1.79E-12
 4.12E-35 2.76E-27 4.28E-21 1.35E-16 1.86E-14 2.68E-13 5.54E-13 6.88E-13
 7.57E-13 8.29E-13 8.85E-13 9.08E-13 8.86E-13 8.58E-13
  5.57887    7  14 /pl=01:ss=48:pb= 1:sz=48/type=excit/ispb = t/isel =   17
 1.00E+10 1.00E+11 1.00E+12 1.00E+13 1.00E+14 1.00E+15 1.00E+16
 4.14E+01 6.21E+01 1.03E+02 2.07E+02 4.14E+02 1.03E+03 2.07E+03 3.10E+03
 4.14E+03 6.21E+03 1.03E+04 2.07E+04 4.14E+04 6.21E+04
 2.22E-35 1.56E-27 2.69E-21 1.14E-16 2.28E-14 5.25E-13 1.35E-12 1.77E-12
 1.98E-12 2.15E-12 2.20E-12 2.09E-12 1.86E-12 1.70E-12
 2.22E-35 1.56E-27 2.69E-21 1.14E-16 2.28E-14 5.25E-13 1.35E-12 1.77E-12
 1.98E-12 2.15E-12 2.20E-12 2.09E-12 1.86E-12 1.70E-12
 2.22E-35 1.56E-27 2.69E-21 1.14E-16 2.29E-14 5.25E-13 1.35E-12 1.77E-12
 1.98E-12 2.15E-12 2.21E-12 2.09E-12 1.86E-12 1.71E-12
 2.23E-35 1.57E-27 2.70E-21 1.15E-16 2.31E-14 5.32E-13 1.37E-12 1.80E-12
 2.02E-12 2.20E-12 2.25E-12 2.14E-12 1.90E-12 1.74E-12
 2.33E-35 1.64E-27 2.85E-21 1.25E-16 2.56E-14 6.04E-13 1.60E-12 2.11E-12
 2.38E-12 2.61E-12 2.70E-12 2.57E-12 2.29E-12 2.08E-12
 3.28E-35 2.30E-27 4.11E-21 2.00E-16 4.22E-14 9.51E-13 2.44E-12 3.19E-12
 3.59E-12 3.97E-12 4.17E-12 4.09E-12 3.74E-12 3.45E-12
 8.65E-35 5.61E-27 9.29E-21 3.84E-16 6.52E-14 1.16E-12 2.69E-12 3.42E-12
 3.80E-12 4.18E-12 4.41E-12 4.41E-12 4.16E-12 3.93E-12
  5.59302    7  14 /pl=01:ss=48:pb= 1:sz=48/type=excit/ispb = t/isel =   18
 1.00E+10 1.00E+11 1.00E+12 1.00E+13 1.00E+14 1.00E+15 1.00E+16
 4.14E+01 6.21E+01 1.03E+02 2.07E+02 4.14E+02 1.03E+03 2.07E+03 3.10E+03
 4.14E+03 6.21E+03 1.03E+04 2.07E+04 4.14E+04 6.21E+04
 3.26E-35 2.47E-27 4.51E-21 1.95E-16 3.44E-14 6.32E-13 1.49E-12 1.91E-12
 2.14E-12 2.37E-12 2.52E-12 2.53E-12 2.39E-12 2.26E-12
 3.26E-35 2.47E-27 4.51E-21 1.95E-16 3.44E-14 6.32E-13 1.49E-12 1.91E-12
 2.14E-12 2.37E-12 2.52E-12 2.53E-12 2.39E-12 2.26E-12
 3.26E-35 2.47E-27 4.51E-21 1.95E-16 3.44E-14 6.32E-13 1.49E-12 1.90E-12
 2.14E-12 2.36E-12 2.51E-12 2.53E-12 2.39E-12 2.26E-12
 3.26E-35 2.47E-27 4.51E-21 1.94E-16 3.42E-14 6.25E-13 1.46E-12 1.87E-12
 2.10E-12 2.32E-12 2.47E-12 2.49E-12 2.35E-12 2.23E-12
 3.25E-35 2.46E-27 4.47E-21 1.90E-16 3.29E-14 5.80E-13 1.32E-12 1.67E-12
 1.86E-12 2.04E-12 2.18E-12 2.21E-12 2.11E-12 2.01E-12
 3.16E-35 2.35E-27 4.16E-21 1.63E-16 2.55E-14 3.88E-13 8.10E-13 9.96E-13
 1.10E-12 1.20E-12 1.28E-12 1.31E-12 1.28E-12 1.24E-12
 2.67E-35 1.83E-27 2.88E-21 9.58E-17 1.40E-14 2.24E-13 5.02E-13 6.37E-13
 7.11E-13 7.83E-13 8.30E-13 8.35E-13 7.91E-13 7.50E-13
  5.59552    7  14 /pl=01:ss=48:pb= 1:sz=48/type=excit/ispb = t/isel =   19
 1.00E+10 1.00E+11 1.00E+12 1.00E+13 1.00E+14 1.00E+15 1.00E+16
 4.14E+01 6.21E+01 1.03E+02 2.07E+02 4.14E+02 1.03E+03 2.07E+03 3.10E+03
 4.14E+03 6.21E+03 1.03E+04 2.07E+04 4.14E+04 6.21E+04
 5.37E-35 4.04E-27 7.34E-21 3.14E-16 5.55E-14 1.02E-12 2.39E-12 3.06E-12
 3.43E-12 3.80E-12 4.04E-12 4.06E-12 3.84E-12 3.63E-12
 5.37E-35 4.04E-27 7.34E-21 3.14E-16 5.55E-14 1.02E-12 2.39E-12 3.06E-12
 3.43E-12 3.80E-12 4.04E-12 4.06E-12 3.84E-12 3.63E-12
 5.37E-35 4.04E-27 7.34E-21 3.14E-16 5.55E-14 1.02E-12 2.38E-12 3.06E-12
 3.42E-12 3.79E-12 4.03E-12 4.05E-12 3.83E-12 3.62E-12
 5.36E-35 4.04E-27 7.33E-21 3.13E-16 5.52E-14 1.01E-12 2.35E-12 3.01E-12
 3.37E-12 3.73E-12 3.97E-12 4.00E-12 3.78E-12 3.58E-12
 5.36E-35 4.02E-27 7.28E-21 3.08E-16 5.34E-14 9.44E-13 2.15E-12 2.73E-12
 3.04E-12 3.36E-12 3.57E-12 3.62E-12 3.45E-12 3.29E-12
 5.29E-35 3.91E-27 6.90E-21 2.73E-16 4.36E-14 6.88E-13 1.47E-12 1.83E-12
 2.03E-12 2.23E-12 2.37E-12 2.41E-12 2.34E-12 2.25E-12
 4.97E-35 3.39E-27 5.42E-21 1.89E-16 2.89E-14 4.81E-13 1.10E-12 1.40E-12
 1.57E-12 1.73E-12 1.83E-12 1.84E-12 1.74E-12 1.64E-12
  5.59928    7  14 /pl=01:ss=48:pb= 1:sz=48/type=excit/ispb = t/isel =   20
 1.00E+10 1.00E+11 1.00E+12 1.00E+13 1.00E+14 1.00E+15 1.00E+16
 4.14E+01 6.21E+01 1.03E+02 2.07E+02 4.14E+02 1.03E+03 2.07E+03 3.10E+03
 4.14E+03 6.21E+03 1.03E+04 2.07E+04 4.14E+04 6.21E+04
 3.57E-35 2.64E-27 4.78E-21 2.04E-16 3.61E-14 6.66E-13 1.58E-12 2.03E-12
 2.27E-12 2.51E-12 2.66E-12 2.66E-12 2.50E-12 2.35E-12
 3.57E-35 2.64E-27 4.78E-21 2.04E-16 3.61E-14 6.66E-13 1.58E-12 2.03E-12
 2.27E-12 2.51E-12 2.66E-12 2.66E-12 2.50E-12 2.35E-12
 3.57E-35 2.64E-27 4.78E-21 2.03E-16 3.61E-14 6.65E-13 1.58E-12 2.03E-12
 2.27E-12 2.51E-12 2.66E-12 2.66E-12 2.49E-12 2.35E-12
 3.57E-35 2.64E-27 4.78E-21 2.03E-16 3.59E-14 6.61E-13 1.56E-12 2.00E-12
 2.24E-12 2.48E-12 2.62E-12 2.63E-12 2.47E-12 2.33E-12
 3.57E-35 2.64E-27 4.76E-21 2.01E-16 3.51E-14 6.32E-13 1.47E-12 1.87E-12
 2.09E-12 2.30E-12 2.44E-12 2.45E-12 2.32E-12 2.19E-12
 3.62E-35 2.64E-27 4.67E-21 1.88E-16 3.11E-14 5.20E-13 1.16E-12 1.46E-12
 1.62E-12 1.78E-12 1.89E-12 1.92E-12 1.83E-12 1.74E-12
 3.96E-35 2.67E-27 4.33E-21 1.58E-16 2.49E-14 4.20E-13 9.63E-13 1.23E-12
 1.37E-12 1.51E-12 1.60E-12 1.61E-12 1.52E-12 1.43E-12
  5.60116    7  14 /pl=01:ss=48:pb= 1:sz=48/type=excit/ispb = t/isel =   21
 1.00E+10 1.00E+11 1.00E+12 1.00E+13 1.00E+14 1.00E+15 1.00E+16
 4.14E+01 6.21E+01 1.03E+02 2.07E+02 4.14E+02 1.03E+03 2.07E+03 3.10E+03
 4.14E+03 6.21E+03 1.03E+04 2.07E+04 4.14E+04 6.21E+04
 6.41E-35 4.73E-27 8.49E-21 3.59E-16 6.31E-14 1.15E-12 2.70E-12 3.45E-12
 3.87E-12 4.28E-12 4.57E-12 4.58E-12 4.32E-12 4.10E-12
 6.41E-35 4.73E-27 8.49E-21 3.59E-16 6.31E-14 1.15E-12 2.70E-12 3.45E-12
 3.87E-12 4.28E-12 4.56E-12 4.58E-12 4.32E-12 4.09E-12
 6.41E-35 4.73E-27 8.49E-21 3.59E-16 6.30E-14 1.15E-12 2.70E-12 3.44E-12
 3.86E-12 4.27E-12 4.56E-12 4.57E-12 4.32E-12 4.09E-12
 6.41E-35 4.72E-27 8.48E-21 3.58E-16 6.27E-14 1.14E-12 2.66E-12 3.39E-12
 3.79E-12 4.19E-12 4.48E-12 4.50E-12 4.25E-12 4.03E-12
 6.39E-35 4.70E-27 8.41E-21 3.51E-16 6.03E-14 1.05E-12 2.39E-12 3.01E-12
 3.35E-12 3.69E-12 3.94E-12 3.99E-12 3.82E-12 3.65E-12
 6.20E-35 4.49E-27 7.81E-21 3.00E-16 4.64E-14 6.96E-13 1.44E-12 1.75E-12
 1.93E-12 2.11E-12 2.26E-12 2.32E-12 2.27E-12 2.22E-12
 5.13E-35 3.42E-27 5.26E-21 1.66E-16 2.29E-14 3.33E-13 7.03E-13 8.69E-13
 9.61E-13 1.05E-12 1.12E-12 1.15E-12 1.11E-12 1.07E-12
  5.60336    7  14 /pl=01:ss=48:pb= 1:sz=48/type=excit/ispb = t/isel =   22
 1.00E+10 1.00E+11 1.00E+12 1.00E+13 1.00E+14 1.00E+15 1.00E+16
 4.14E+01 6.21E+01 1.03E+02 2.07E+02 4.14E+02 1.03E+03 2.07E+03 3.10E+03
 4.14E+03 6.21E+03 1.03E+04 2.07E+04 4.14E+04 6.21E+04
 6.20E-35 4.54E-27 8.11E-21 3.43E-16 6.04E-14 1.11E-12 2.62E-12 3.37E-12
 3.77E-12 4.17E-12 4.42E-12 4.42E-12 4.14E-12 3.90E-12
 6.20E-35 4.54E-27 8.11E-21 3.43E-16 6.04E-14 1.11E-12 2.62E-12 3.37E-12
 3.77E-12 4.17E-12 4.42E-12 4.42E-12 4.14E-12 3.90E-12
 6.20E-35 4.54E-27 8.11E-21 3.43E-16 6.04E-14 1.11E-12 2.62E-12 3.37E-12
 3.77E-12 4.16E-12 4.41E-12 4.41E-12 4.14E-12 3.90E-12
 6.20E-35 4.54E-27 8.11E-21 3.42E-16 6.01E-14 1.10E-12 2.58E-12 3.32E-12
 3.71E-12 4.10E-12 4.34E-12 4.34E-12 4.08E-12 3.85E-12
 6.19E-35 4.52E-27 8.05E-21 3.36E-16 5.81E-14 1.03E-12 2.36E-12 2.99E-12
 3.33E-12 3.67E-12 3.89E-12 3.92E-12 3.71E-12 3.53E-12
 6.09E-35 4.38E-27 7.60E-21 2.96E-16 4.71E-14 7.51E-13 1.63E-12 2.04E-12
 2.26E-12 2.48E-12 2.62E-12 2.65E-12 2.53E-12 2.43E-12
 5.76E-35 3.81E-27 6.01E-21 2.16E-16 3.53E-14 6.48E-13 1.58E-12 2.06E-12
 2.31E-12 2.56E-12 2.70E-12 2.67E-12 2.46E-12 2.29E-12
  5.61028    7  14 /pl=01:ss=48:pb= 1:sz=48/type=excit/ispb = t/isel =   23
 1.00E+10 1.00E+11 1.00E+12 1.00E+13 1.00E+14 1.00E+15 1.00E+16
 4.14E+01 6.21E+01 1.03E+02 2.07E+02 4.14E+02 1.03E+03 2.07E+03 3.10E+03
 4.14E+03 6.21E+03 1.03E+04 2.07E+04 4.14E+04 6.21E+04
 4.66E-35 3.34E-27 5.87E-21 2.44E-16 4.24E-14 7.67E-13 1.79E-12 2.30E-12
 2.57E-12 2.84E-12 3.02E-12 3.04E-12 2.87E-12 2.71E-12
 4.66E-35 3.34E-27 5.87E-21 2.44E-16 4.24E-14 7.67E-13 1.79E-12 2.30E-12
 2.57E-12 2.84E-12 3.02E-12 3.04E-12 2.87E-12 2.71E-12
 4.66E-35 3.34E-27 5.87E-21 2.44E-16 4.24E-14 7.66E-13 1.79E-12 2.29E-12
 2.56E-12 2.84E-12 3.02E-12 3.03E-12 2.86E-12 2.71E-12
 4.66E-35 3.34E-27 5.86E-21 2.43E-16 4.21E-14 7.58E-13 1.76E-12 2.25E-12
 2.52E-12 2.79E-12 2.96E-12 2.98E-12 2.82E-12 2.67E-12
 4.64E-35 3.33E-27 5.81E-21 2.38E-16 4.05E-14 7.03E-13 1.58E-12 2.00E-12
 2.22E-12 2.45E-12 2.61E-12 2.65E-12 2.53E-12 2.41E-12
 4.50E-35 3.18E-27 5.39E-21 2.03E-16 3.11E-14 4.62E-13 9.48E-13 1.16E-12
 1.28E-12 1.40E-12 1.49E-12 1.53E-12 1.50E-12 1.46E-12
 3.72E-35 2.41E-27 3.62E-21 1.12E-16 1.54E-14 2.26E-13 4.78E-13 5.95E-13
 6.58E-13 7.22E-13 7.68E-13 7.82E-13 7.55E-13 7.27E-13
  5.62535    7  14 /pl=01:ss=48:pb= 1:sz=48/type=excit/ispb = t/isel =   24
 1.00E+10 1.00E+11 1.00E+12 1.00E+13 1.00E+14 1.00E+15 1.00E+16
 4.14E+01 6.21E+01 1.03E+02 2.07E+02 4.14E+02 1.03E+03 2.07E+03 3.10E+03
 4.14E+03 6.21E+03 1.03E+04 2.07E+04 4.14E+04 6.21E+04
 2.61E-35 1.92E-27 3.45E-21 1.46E-16 2.57E-14 4.69E-13 1.11E-12 1.42E-12
 1.59E-12 1.76E-12 1.86E-12 1.87E-12 1.76E-12 1.67E-12
 2.61E-35 1.92E-27 3.45E-21 1.46E-16 2.57E-14 4.69E-13 1.11E-12 1.42E-12
 1.59E-12 1.76E-12 1.86E-12 1.87E-12 1.76E-12 1.67E-12
 2.61E-35 1.92E-27 3.45E-21 1.46E-16 2.56E-14 4.69E-13 1.11E-12 1.42E-12
 1.59E-12 1.75E-12 1.86E-12 1.87E-12 1.76E-12 1.67E-12
 2.61E-35 1.92E-27 3.45E-21 1.46E-16 2.56E-14 4.66E-13 1.10E-12 1.40E-12
 1.57E-12 1.73E-12 1.84E-12 1.85E-12 1.74E-12 1.65E-12
 2.62E-35 1.92E-27 3.44E-21 1.44E-16 2.50E-14 4.47E-13 1.04E-12 1.32E-12
 1.48E-12 1.63E-12 1.73E-12 1.74E-12 1.65E-12 1.56E-12
 2.66E-35 1.92E-27 3.38E-21 1.36E-16 2.24E-14 3.83E-13 8.73E-13 1.11E-12
 1.24E-12 1.36E-12 1.44E-12 1.45E-12 1.37E-12 1.31E-12
 2.99E-35 1.99E-27 3.21E-21 1.22E-16 2.05E-14 3.78E-13 9.06E-13 1.17E-12
 1.31E-12 1.45E-12 1.53E-12 1.53E-12 1.42E-12 1.33E-12
  5.64309    7  14 /pl=01:ss=48:pb= 1:sz=48/type=excit/ispb = t/isel =   25
 1.00E+10 1.00E+11 1.00E+12 1.00E+13 1.00E+14 1.00E+15 1.00E+16
 4.14E+01 6.21E+01 1.03E+02 2.07E+02 4.14E+02 1.03E+03 2.07E+03 3.10E+03
 4.14E+03 6.21E+03 1.03E+04 2.07E+04 4.14E+04 6.21E+04
 3.76E-34 2.15E-26 3.16E-20 1.15E-15 1.89E-13 3.35E-12 7.82E-12 1.00E-11
 1.12E-11 1.23E-11 1.30E-11 1.30E-11 1.22E-11 1.14E-11
 3.76E-34 2.15E-26 3.16E-20 1.15E-15 1.89E-13 3.35E-12 7.82E-12 1.00E-11
 1.12E-11 1.23E-11 1.30E-11 1.30E-11 1.22E-11 1.14E-11
 3.76E-34 2.15E-26 3.16E-20 1.15E-15 1.89E-13 3.35E-12 7.81E-12 1.00E-11
 1.12E-11 1.23E-11 1.30E-11 1.30E-11 1.22E-11 1.14E-11
 3.76E-34 2.15E-26 3.16E-20 1.15E-15 1.88E-13 3.33E-12 7.73E-12 9.91E-12
 1.11E-11 1.21E-11 1.28E-11 1.28E-11 1.21E-11 1.13E-11
 3.76E-34 2.15E-26 3.15E-20 1.14E-15 1.84E-13 3.18E-12 7.24E-12 9.21E-12
 1.03E-11 1.12E-11 1.19E-11 1.19E-11 1.13E-11 1.06E-11
 3.80E-34 2.14E-26 3.07E-20 1.06E-15 1.61E-13 2.55E-12 5.54E-12 6.94E-12
 7.69E-12 8.38E-12 8.89E-12 8.99E-12 8.61E-12 8.21E-12
 4.01E-34 2.09E-26 2.73E-20 8.26E-16 1.16E-13 1.76E-12 3.80E-12 4.75E-12
 5.26E-12 5.73E-12 6.08E-12 6.16E-12 5.90E-12 5.64E-12
  5.67931    7  14 /pl=01:ss=48:pb= 1:sz=48/type=excit/ispb = t/isel =   26
 1.00E+10 1.00E+11 1.00E+12 1.00E+13 1.00E+14 1.00E+15 1.00E+16
 4.14E+01 6.21E+01 1.03E+02 2.07E+02 4.14E+02 1.03E+03 2.07E+03 3.10E+03
 4.14E+03 6.21E+03 1.03E+04 2.07E+04 4.14E+04 6.21E+04
 4.94E-35 2.53E-27 3.39E-21 1.16E-16 1.87E-14 3.36E-13 7.93E-13 1.02E-12
 1.14E-12 1.25E-12 1.32E-12 1.30E-12 1.21E-12 1.14E-12
 4.94E-35 2.53E-27 3.39E-21 1.16E-16 1.87E-14 3.36E-13 7.93E-13 1.02E-12
 1.14E-12 1.25E-12 1.32E-12 1.30E-12 1.21E-12 1.14E-12
 4.95E-35 2.53E-27 3.39E-21 1.16E-16 1.87E-14 3.37E-13 7.95E-13 1.02E-12
 1.14E-12 1.26E-12 1.32E-12 1.30E-12 1.22E-12 1.14E-12
 4.97E-35 2.54E-27 3.41E-21 1.17E-16 1.89E-14 3.44E-13 8.20E-13 1.06E-12
 1.18E-12 1.30E-12 1.37E-12 1.35E-12 1.26E-12 1.17E-12
 5.19E-35 2.66E-27 3.58E-21 1.26E-16 2.13E-14 4.16E-13 1.05E-12 1.38E-12
 1.56E-12 1.72E-12 1.81E-12 1.77E-12 1.61E-12 1.49E-12
 7.20E-35 3.68E-27 5.10E-21 2.02E-16 3.69E-14 7.56E-13 1.90E-12 2.47E-12
 2.79E-12 3.08E-12 3.24E-12 3.20E-12 2.94E-12 2.72E-12
 1.85E-34 8.83E-27 1.13E-20 3.85E-16 5.83E-14 9.68E-13 2.18E-12 2.75E-12
 3.06E-12 3.35E-12 3.53E-12 3.54E-12 3.35E-12 3.17E-12
  5.95428    7  14 /pl=01:ss=48:pb= 1:sz=48/type=excit/ispb = t/isel =   27
 1.00E+10 1.00E+11 1.00E+12 1.00E+13 1.00E+14 1.00E+15 1.00E+16
 4.14E+01 6.21E+01 1.03E+02 2.07E+02 4.14E+02 1.03E+03 2.07E+03 3.10E+03
 4.14E+03 6.21E+03 1.03E+04 2.07E+04 4.14E+04 6.21E+04
 4.24E-35 2.18E-27 2.94E-21 1.04E-16 1.86E-14 3.98E-13 1.01E-12 1.31E-12
 1.46E-12 1.59E-12 1.64E-12 1.55E-12 1.39E-12 1.27E-12
 4.24E-35 2.18E-27 2.94E-21 1.04E-16 1.86E-14 3.99E-13 1.01E-12 1.31E-12
 1.47E-12 1.59E-12 1.64E-12 1.56E-12 1.39E-12 1.27E-12
 4.25E-35 2.18E-27 2.95E-21 1.04E-16 1.89E-14 4.05E-13 1.03E-12 1.34E-12
 1.49E-12 1.63E-12 1.67E-12 1.58E-12 1.41E-12 1.29E-12
 4.29E-35 2.21E-27 3.02E-21 1.11E-16 2.08E-14 4.53E-13 1.16E-12 1.51E-12
 1.69E-12 1.84E-12 1.90E-12 1.78E-12 1.58E-12 1.44E-12
 4.62E-35 2.37E-27 3.43E-21 1.44E-16 2.77E-14 5.87E-13 1.47E-12 1.91E-12
 2.13E-12 2.31E-12 2.38E-12 2.26E-12 2.01E-12 1.84E-12
 5.56E-35 2.85E-27 4.47E-21 2.05E-16 3.85E-14 7.45E-13 1.72E-12 2.15E-12
 2.35E-12 2.51E-12 2.56E-12 2.41E-12 2.15E-12 1.98E-12
 8.53E-35 4.24E-27 6.91E-21 3.02E-16 4.92E-14 7.96E-13 1.69E-12 2.06E-12
 2.24E-12 2.37E-12 2.40E-12 2.26E-12 2.03E-12 1.86E-12
  6.05889    7  14 /pl=01:ss=48:pb= 1:sz=48/type=excit/ispb = t/isel =   28
 1.00E+10 1.00E+11 1.00E+12 1.00E+13 1.00E+14 1.00E+15 1.00E+16
 4.14E+01 6.21E+01 1.03E+02 2.07E+02 4.14E+02 1.03E+03 2.07E+03 3.10E+03
 4.14E+03 6.21E+03 1.03E+04 2.07E+04 4.14E+04 6.21E+04
 1.26E-33 2.59E-26 1.67E-20 3.29E-16 3.91E-14 5.55E-13 1.14E-12 1.35E-12
 1.42E-12 1.43E-12 1.33E-12 1.11E-12 8.69E-13 7.43E-13
 1.26E-33 2.59E-26 1.67E-20 3.29E-16 3.91E-14 5.55E-13 1.14E-12 1.35E-12
 1.42E-12 1.43E-12 1.32E-12 1.11E-12 8.69E-13 7.43E-13
 1.26E-33 2.59E-26 1.67E-20 3.29E-16 3.91E-14 5.54E-13 1.14E-12 1.34E-12
 1.42E-12 1.42E-12 1.32E-12 1.10E-12 8.67E-13 7.42E-13
 1.25E-33 2.58E-26 1.67E-20 3.28E-16 3.89E-14 5.48E-13 1.12E-12 1.32E-12
 1.39E-12 1.40E-12 1.30E-12 1.09E-12 8.55E-13 7.32E-13
 1.25E-33 2.57E-26 1.65E-20 3.21E-16 3.73E-14 5.08E-13 1.01E-12 1.17E-12
 1.23E-12 1.23E-12 1.14E-12 9.62E-13 7.66E-13 6.62E-13
 1.21E-33 2.45E-26 1.53E-20 2.73E-16 2.86E-14 3.32E-13 5.99E-13 6.77E-13
 7.01E-13 6.97E-13 6.50E-13 5.56E-13 4.56E-13 4.02E-13
 9.89E-34 1.84E-26 1.02E-20 1.47E-16 1.37E-14 1.53E-13 2.82E-13 3.22E-13
 3.36E-13 3.36E-13 3.15E-13 2.70E-13 2.21E-13 1.94E-13
  6.06073    7  14 /pl=01:ss=48:pb= 1:sz=48/type=excit/ispb = t/isel =   29
 1.00E+10 1.00E+11 1.00E+12 1.00E+13 1.00E+14 1.00E+15 1.00E+16
 4.14E+01 6.21E+01 1.03E+02 2.07E+02 4.14E+02 1.03E+03 2.07E+03 3.10E+03
 4.14E+03 6.21E+03 1.03E+04 2.07E+04 4.14E+04 6.21E+04
 1.34E-33 2.74E-26 1.76E-20 3.43E-16 4.08E-14 5.68E-13 1.15E-12 1.35E-12
 1.42E-12 1.41E-12 1.30E-12 1.08E-12 8.32E-13 7.04E-13
 1.34E-33 2.74E-26 1.76E-20 3.43E-16 4.08E-14 5.68E-13 1.15E-12 1.35E-12
 1.42E-12 1.41E-12 1.30E-12 1.08E-12 8.31E-13 7.04E-13
 1.34E-33 2.74E-26 1.76E-20 3.43E-16 4.07E-14 5.67E-13 1.15E-12 1.35E-12
 1.41E-12 1.41E-12 1.30E-12 1.07E-12 8.30E-13 7.03E-13
 1.34E-33 2.74E-26 1.76E-20 3.43E-16 4.05E-14 5.61E-13 1.13E-12 1.33E-12
 1.39E-12 1.38E-12 1.28E-12 1.06E-12 8.18E-13 6.94E-13
 1.33E-33 2.72E-26 1.75E-20 3.35E-16 3.89E-14 5.20E-13 1.02E-12 1.18E-12
 1.22E-12 1.21E-12 1.12E-12 9.35E-13 7.32E-13 6.26E-13
 1.29E-33 2.60E-26 1.62E-20 2.85E-16 2.97E-14 3.39E-13 6.02E-13 6.74E-13
 6.92E-13 6.82E-13 6.30E-13 5.34E-13 4.30E-13 3.75E-13
 1.05E-33 1.94E-26 1.07E-20 1.53E-16 1.41E-14 1.52E-13 2.71E-13 3.05E-13
 3.15E-13 3.11E-13 2.88E-13 2.43E-13 1.95E-13 1.70E-13
  6.22222    7  14 /pl=01:ss=48:pb= 1:sz=48/type=excit/ispb = t/isel =   30
 1.00E+10 1.00E+11 1.00E+12 1.00E+13 1.00E+14 1.00E+15 1.00E+16
 4.14E+01 6.21E+01 1.03E+02 2.07E+02 4.14E+02 1.03E+03 2.07E+03 3.10E+03
 4.14E+03 6.21E+03 1.03E+04 2.07E+04 4.14E+04 6.21E+04
 1.04E-32 1.29E-25 5.55E-20 8.09E-16 8.47E-14 1.17E-12 2.46E-12 2.96E-12
 3.14E-12 3.21E-12 3.06E-12 2.65E-12 2.17E-12 1.91E-12
 1.04E-32 1.29E-25 5.55E-20 8.09E-16 8.47E-14 1.17E-12 2.46E-12 2.96E-12
 3.14E-12 3.21E-12 3.06E-12 2.65E-12 2.17E-12 1.90E-12
 1.04E-32 1.29E-25 5.55E-20 8.09E-16 8.46E-14 1.17E-12 2.45E-12 2.95E-12
 3.14E-12 3.20E-12 3.05E-12 2.65E-12 2.17E-12 1.90E-12
 1.04E-32 1.29E-25 5.55E-20 8.07E-16 8.42E-14 1.16E-12 2.42E-12 2.90E-12
 3.08E-12 3.14E-12 3.00E-12 2.60E-12 2.14E-12 1.88E-12
 1.03E-32 1.28E-25 5.50E-20 7.90E-16 8.08E-14 1.07E-12 2.17E-12 2.57E-12
 2.72E-12 2.76E-12 2.64E-12 2.31E-12 1.92E-12 1.70E-12
 1.00E-32 1.22E-25 5.09E-20 6.73E-16 6.19E-14 7.01E-13 1.29E-12 1.48E-12
 1.55E-12 1.56E-12 1.49E-12 1.33E-12 1.13E-12 1.02E-12
 8.16E-33 9.16E-26 3.38E-20 3.62E-16 2.95E-14 3.20E-13 5.98E-13 6.94E-13
 7.28E-13 7.38E-13 7.09E-13 6.29E-13 5.34E-13 4.81E-13
  7.33439    7  14 /pl=01:ss=48:pb= 1:sz=48/type=excit/ispb = t/isel =   31
 1.00E+10 1.00E+11 1.00E+12 1.00E+13 1.00E+14 1.00E+15 1.00E+16
 4.14E+01 6.21E+01 1.03E+02 2.07E+02 4.14E+02 1.03E+03 2.07E+03 3.10E+03
 4.14E+03 6.21E+03 1.03E+04 2.07E+04 4.14E+04 6.21E+04
 7.93E-33 1.62E-25 1.05E-19 2.04E-15 2.42E-13 3.37E-12 6.84E-12 8.02E-12
 8.40E-12 8.37E-12 7.72E-12 6.38E-12 4.93E-12 4.18E-12
 7.93E-33 1.62E-25 1.05E-19 2.04E-15 2.42E-13 3.37E-12 6.84E-12 8.02E-12
 8.40E-12 8.37E-12 7.71E-12 6.38E-12 4.93E-12 4.17E-12
 7.93E-33 1.62E-25 1.05E-19 2.04E-15 2.42E-13 3.36E-12 6.83E-12 8.00E-12
 8.38E-12 8.35E-12 7.70E-12 6.37E-12 4.92E-12 4.17E-12
 7.92E-33 1.62E-25 1.04E-19 2.03E-15 2.40E-13 3.33E-12 6.73E-12 7.87E-12
 8.24E-12 8.20E-12 7.56E-12 6.26E-12 4.85E-12 4.11E-12
 7.90E-33 1.62E-25 1.03E-19 1.99E-15 2.31E-13 3.08E-12 6.04E-12 6.97E-12
 7.26E-12 7.20E-12 6.65E-12 5.55E-12 4.34E-12 3.71E-12
 7.65E-33 1.54E-25 9.58E-20 1.69E-15 1.76E-13 2.01E-12 3.57E-12 3.99E-12
 4.10E-12 4.04E-12 3.74E-12 3.17E-12 2.55E-12 2.23E-12
 6.23E-33 1.15E-25 6.34E-20 9.06E-16 8.33E-14 9.00E-13 1.61E-12 1.81E-12
 1.86E-12 1.84E-12 1.70E-12 1.44E-12 1.16E-12 1.01E-12
  7.44264    7  14 /pl=01:ss=48:pb= 1:sz=48/type=excit/ispb = t/isel =   32
 1.00E+10 1.00E+11 1.00E+12 1.00E+13 1.00E+14 1.00E+15 1.00E+16
 4.14E+01 6.21E+01 1.03E+02 2.07E+02 4.14E+02 1.03E+03 2.07E+03 3.10E+03
 4.14E+03 6.21E+03 1.03E+04 2.07E+04 4.14E+04 6.21E+04
 3.10E-33 6.36E-26 4.09E-20 7.98E-16 9.47E-14 1.32E-12 2.68E-12 3.14E-12
 3.29E-12 3.28E-12 3.02E-12 2.50E-12 1.93E-12 1.64E-12
 3.10E-33 6.36E-26 4.09E-20 7.98E-16 9.47E-14 1.32E-12 2.68E-12 3.14E-12
 3.29E-12 3.28E-12 3.02E-12 2.50E-12 1.93E-12 1.64E-12
 3.10E-33 6.36E-26 4.09E-20 7.98E-16 9.46E-14 1.32E-12 2.67E-12 3.14E-12
 3.28E-12 3.27E-12 3.02E-12 2.49E-12 1.93E-12 1.63E-12
 3.10E-33 6.36E-26 4.09E-20 7.96E-16 9.41E-14 1.30E-12 2.64E-12 3.08E-12
 3.23E-12 3.21E-12 2.96E-12 2.45E-12 1.90E-12 1.61E-12
 3.09E-33 6.33E-26 4.05E-20 7.79E-16 9.04E-14 1.21E-12 2.36E-12 2.73E-12
 2.84E-12 2.82E-12 2.60E-12 2.17E-12 1.70E-12 1.45E-12
 3.00E-33 6.03E-26 3.75E-20 6.63E-16 6.91E-14 7.87E-13 1.40E-12 1.56E-12
 1.61E-12 1.58E-12 1.46E-12 1.24E-12 9.99E-13 8.72E-13
 2.44E-33 4.52E-26 2.48E-20 3.55E-16 3.26E-14 3.53E-13 6.30E-13 7.09E-13
 7.31E-13 7.22E-13 6.68E-13 5.65E-13 4.54E-13 3.95E-13
  7.84092    7  14 /pl=01:ss=48:pb= 1:sz=48/type=excit/ispb = t/isel =   33
 1.00E+10 1.00E+11 1.00E+12 1.00E+13 1.00E+14 1.00E+15 1.00E+16
 4.14E+01 6.21E+01 1.03E+02 2.07E+02 4.14E+02 1.03E+03 2.07E+03 3.10E+03
 4.14E+03 6.21E+03 1.03E+04 2.07E+04 4.14E+04 6.21E+04
 1.58E-33 3.24E-26 2.08E-20 4.06E-16 4.81E-14 6.71E-13 1.36E-12 1.60E-12
 1.67E-12 1.67E-12 1.54E-12 1.27E-12 9.82E-13 8.32E-13
 1.58E-33 3.24E-26 2.08E-20 4.06E-16 4.81E-14 6.71E-13 1.36E-12 1.60E-12
 1.67E-12 1.67E-12 1.54E-12 1.27E-12 9.82E-13 8.32E-13
 1.58E-33 3.24E-26 2.08E-20 4.06E-16 4.81E-14 6.70E-13 1.36E-12 1.59E-12
 1.67E-12 1.66E-12 1.53E-12 1.27E-12 9.80E-13 8.30E-13
 1.58E-33 3.23E-26 2.08E-20 4.05E-16 4.79E-14 6.63E-13 1.34E-12 1.57E-12
 1.64E-12 1.63E-12 1.51E-12 1.25E-12 9.66E-13 8.19E-13
 1.57E-33 3.22E-26 2.06E-20 3.96E-16 4.60E-14 6.14E-13 1.20E-12 1.39E-12
 1.45E-12 1.44E-12 1.32E-12 1.10E-12 8.65E-13 7.39E-13
 1.52E-33 3.07E-26 1.91E-20 3.37E-16 3.51E-14 4.00E-13 7.11E-13 7.96E-13
 8.17E-13 8.05E-13 7.44E-13 6.31E-13 5.08E-13 4.43E-13
 1.24E-33 2.30E-26 1.26E-20 1.81E-16 1.66E-14 1.79E-13 3.20E-13 3.61E-13
 3.72E-13 3.67E-13 3.40E-13 2.87E-13 2.31E-13 2.01E-13
  21.5590    7  14 /pl=01:ss=48:pb= 1:sz=48/type=excit/ispb = t/isel =   34
 1.00E+10 1.00E+11 1.00E+12 1.00E+13 1.00E+14 1.00E+15 1.00E+16
 4.14E+01 6.21E+01 1.03E+02 2.07E+02 4.14E+02 1.03E+03 2.07E+03 3.10E+03
 4.14E+03 6.21E+03 1.03E+04 2.07E+04 4.14E+04 6.21E+04
 9.50E-19 1.30E-16 6.31E-15 1.14E-13 4.85E-13 1.08E-12 1.29E-12 1.31E-12
 1.28E-12 1.20E-12 1.07E-12 8.84E-13 7.05E-13 6.12E-13
 9.50E-19 1.30E-16 6.31E-15 1.15E-13 4.86E-13 1.08E-12 1.30E-12 1.31E-12
 1.28E-12 1.21E-12 1.08E-12 8.85E-13 7.06E-13 6.13E-13
 9.52E-19 1.30E-16 6.33E-15 1.15E-13 4.90E-13 1.09E-12 1.32E-12 1.33E-12
 1.30E-12 1.23E-12 1.09E-12 8.97E-13 7.15E-13 6.20E-13
 9.70E-19 1.33E-16 6.50E-15 1.22E-13 5.29E-13 1.20E-12 1.47E-12 1.50E-12
 1.47E-12 1.38E-12 1.23E-12 1.00E-12 7.91E-13 6.81E-13
 1.13E-18 1.55E-16 7.93E-15 1.66E-13 7.55E-13 1.81E-12 2.33E-12 2.41E-12
 2.37E-12 2.24E-12 1.99E-12 1.60E-12 1.24E-12 1.05E-12
 2.37E-18 3.25E-16 1.75E-14 4.05E-13 1.86E-12 4.36E-12 5.42E-12 5.52E-12
 5.40E-12 5.08E-12 4.50E-12 3.63E-12 2.81E-12 2.39E-12
 1.02E-17 1.28E-15 6.21E-14 1.17E-12 4.50E-12 9.09E-12 1.07E-11 1.08E-11
 1.05E-11 9.83E-12 8.72E-12 7.09E-12 5.55E-12 4.75E-12
  25.3282    7  14 /pl=01:ss=48:pb= 1:sz=48/type=excit/ispb = t/isel =   35
 1.00E+10 1.00E+11 1.00E+12 1.00E+13 1.00E+14 1.00E+15 1.00E+16
 4.14E+01 6.21E+01 1.03E+02 2.07E+02 4.14E+02 1.03E+03 2.07E+03 3.10E+03
 4.14E+03 6.21E+03 1.03E+04 2.07E+04 4.14E+04 6.21E+04
 5.33E-18 3.25E-16 8.56E-15 1.30E-13 6.39E-13 1.56E-12 1.85E-12 1.83E-12
 1.76E-12 1.61E-12 1.39E-12 1.10E-12 8.38E-13 7.12E-13
 5.33E-18 3.25E-16 8.56E-15 1.30E-13 6.40E-13 1.56E-12 1.85E-12 1.83E-12
 1.76E-12 1.62E-12 1.39E-12 1.10E-12 8.40E-13 7.14E-13
 5.38E-18 3.28E-16 8.65E-15 1.32E-13 6.47E-13 1.58E-12 1.88E-12 1.87E-12
 1.80E-12 1.65E-12 1.42E-12 1.12E-12 8.56E-13 7.27E-13
 5.85E-18 3.58E-16 9.52E-15 1.46E-13 7.14E-13 1.78E-12 2.20E-12 2.21E-12
 2.14E-12 1.98E-12 1.71E-12 1.34E-12 1.02E-12 8.54E-13
 1.05E-17 6.51E-16 1.81E-14 2.90E-13 1.35E-12 3.60E-12 4.86E-12 5.07E-12
 5.01E-12 4.70E-12 4.10E-12 3.20E-12 2.38E-12 1.96E-12
 5.39E-17 3.33E-15 9.38E-14 1.41E-12 5.54E-12 1.24E-11 1.52E-11 1.54E-11
 1.51E-11 1.41E-11 1.24E-11 9.96E-12 7.69E-12 6.49E-12
 3.07E-16 1.73E-14 4.19E-13 4.48E-12 1.30E-11 2.19E-11 2.38E-11 2.33E-11
 2.25E-11 2.08E-11 1.84E-11 1.50E-11 1.20E-11 1.03E-11
  25.3860    7  14 /pl=01:ss=48:pb= 1:sz=48/type=excit/ispb = t/isel =   36
 1.00E+10 1.00E+11 1.00E+12 1.00E+13 1.00E+14 1.00E+15 1.00E+16
 4.14E+01 6.21E+01 1.03E+02 2.07E+02 4.14E+02 1.03E+03 2.07E+03 3.10E+03
 4.14E+03 6.21E+03 1.03E+04 2.07E+04 4.14E+04 6.21E+04
 2.20E-16 1.33E-14 3.25E-13 3.15E-12 8.75E-12 1.43E-11 1.54E-11 1.50E-11
 1.45E-11 1.34E-11 1.18E-11 9.71E-12 7.78E-12 6.72E-12
 2.20E-16 1.33E-14 3.25E-13 3.15E-12 8.76E-12 1.43E-11 1.54E-11 1.50E-11
 1.45E-11 1.34E-11 1.19E-11 9.71E-12 7.78E-12 6.73E-12
 2.21E-16 1.33E-14 3.25E-13 3.16E-12 8.78E-12 1.44E-11 1.55E-11 1.51E-11
 1.46E-11 1.35E-11 1.19E-11 9.78E-12 7.83E-12 6.76E-12
 2.22E-16 1.34E-14 3.28E-13 3.21E-12 9.03E-12 1.50E-11 1.64E-11 1.60E-11
 1.55E-11 1.44E-11 1.27E-11 1.04E-11 8.24E-12 7.10E-12
 2.34E-16 1.41E-14 3.51E-13 3.61E-12 1.07E-11 1.90E-11 2.18E-11 2.18E-11
 2.12E-11 1.97E-11 1.74E-11 1.41E-11 1.10E-11 9.34E-12
 3.33E-16 2.00E-14 5.16E-13 5.97E-12 1.89E-11 3.50E-11 3.96E-11 3.91E-11
 3.78E-11 3.51E-11 3.10E-11 2.53E-11 1.98E-11 1.69E-11
 8.74E-16 4.90E-14 1.17E-12 1.16E-11 3.04E-11 4.57E-11 4.66E-11 4.46E-11
 4.25E-11 3.92E-11 3.46E-11 2.86E-11 2.30E-11 2.01E-11
  26.8068    7  14 /pl=01:ss=48:pb= 1:sz=48/type=excit/ispb = t/isel =   37
 1.00E+10 1.00E+11 1.00E+12 1.00E+13 1.00E+14 1.00E+15 1.00E+16
 4.14E+01 6.21E+01 1.03E+02 2.07E+02 4.14E+02 1.03E+03 2.07E+03 3.10E+03
 4.14E+03 6.21E+03 1.03E+04 2.07E+04 4.14E+04 6.21E+04
 6.58E-22 1.65E-18 7.86E-16 6.86E-14 5.43E-13 1.47E-12 1.71E-12 1.65E-12
 1.55E-12 1.38E-12 1.15E-12 8.64E-13 6.31E-13 5.21E-13
 6.58E-22 1.65E-18 7.86E-16 6.86E-14 5.43E-13 1.47E-12 1.71E-12 1.65E-12
 1.55E-12 1.38E-12 1.15E-12 8.64E-13 6.31E-13 5.21E-13
 6.59E-22 1.65E-18 7.86E-16 6.86E-14 5.43E-13 1.47E-12 1.71E-12 1.65E-12
 1.55E-12 1.38E-12 1.15E-12 8.63E-13 6.30E-13 5.21E-13
 6.59E-22 1.65E-18 7.86E-16 6.86E-14 5.42E-13 1.47E-12 1.69E-12 1.63E-12
 1.54E-12 1.37E-12 1.14E-12 8.57E-13 6.26E-13 5.17E-13
 6.62E-22 1.66E-18 7.87E-16 6.83E-14 5.36E-13 1.43E-12 1.64E-12 1.58E-12
 1.48E-12 1.32E-12 1.10E-12 8.26E-13 6.05E-13 5.01E-13
 6.89E-22 1.70E-18 7.96E-16 6.74E-14 5.12E-13 1.32E-12 1.48E-12 1.41E-12
 1.33E-12 1.18E-12 9.82E-13 7.39E-13 5.43E-13 4.51E-13
 8.50E-22 1.94E-18 8.41E-16 6.54E-14 4.71E-13 1.19E-12 1.34E-12 1.28E-12
 1.20E-12 1.07E-12 8.90E-13 6.68E-13 4.89E-13 4.05E-13
  26.8716    7  14 /pl=01:ss=48:pb= 1:sz=48/type=excit/ispb = t/isel =   38
 1.00E+10 1.00E+11 1.00E+12 1.00E+13 1.00E+14 1.00E+15 1.00E+16
 4.14E+01 6.21E+01 1.03E+02 2.07E+02 4.14E+02 1.03E+03 2.07E+03 3.10E+03
 4.14E+03 6.21E+03 1.03E+04 2.07E+04 4.14E+04 6.21E+04
 7.06E-22 1.77E-18 8.42E-16 7.35E-14 5.82E-13 1.58E-12 1.83E-12 1.77E-12
 1.66E-12 1.48E-12 1.23E-12 9.26E-13 6.76E-13 5.58E-13
 7.06E-22 1.77E-18 8.42E-16 7.35E-14 5.82E-13 1.58E-12 1.83E-12 1.77E-12
 1.66E-12 1.48E-12 1.23E-12 9.26E-13 6.76E-13 5.58E-13
 7.06E-22 1.77E-18 8.42E-16 7.35E-14 5.82E-13 1.58E-12 1.83E-12 1.76E-12
 1.66E-12 1.48E-12 1.23E-12 9.25E-13 6.75E-13 5.58E-13
 7.06E-22 1.77E-18 8.42E-16 7.35E-14 5.81E-13 1.57E-12 1.81E-12 1.75E-12
 1.65E-12 1.47E-12 1.22E-12 9.18E-13 6.71E-13 5.54E-13
 7.09E-22 1.78E-18 8.43E-16 7.32E-14 5.74E-13 1.53E-12 1.76E-12 1.69E-12
 1.59E-12 1.41E-12 1.18E-12 8.85E-13 6.48E-13 5.37E-13
 7.38E-22 1.82E-18 8.53E-16 7.22E-14 5.48E-13 1.41E-12 1.58E-12 1.51E-12
 1.42E-12 1.26E-12 1.05E-12 7.92E-13 5.82E-13 4.83E-13
 9.11E-22 2.08E-18 9.01E-16 7.01E-14 5.05E-13 1.27E-12 1.43E-12 1.37E-12
 1.29E-12 1.15E-12 9.54E-13 7.16E-13 5.24E-13 4.34E-13
  27.5994    7  14 /pl=01:ss=48:pb= 1:sz=48/type=excit/ispb = t/isel =   39
 1.00E+10 1.00E+11 1.00E+12 1.00E+13 1.00E+14 1.00E+15 1.00E+16
 4.14E+01 6.21E+01 1.03E+02 2.07E+02 4.14E+02 1.03E+03 2.07E+03 3.10E+03
 4.14E+03 6.21E+03 1.03E+04 2.07E+04 4.14E+04 6.21E+04
 3.08E-15 9.39E-14 1.33E-12 8.39E-12 1.85E-11 2.58E-11 2.60E-11 2.49E-11
 2.39E-11 2.20E-11 1.94E-11 1.59E-11 1.27E-11 1.11E-11
 3.08E-15 9.39E-14 1.33E-12 8.39E-12 1.85E-11 2.58E-11 2.60E-11 2.49E-11
 2.39E-11 2.20E-11 1.94E-11 1.59E-11 1.27E-11 1.11E-11
 3.08E-15 9.39E-14 1.33E-12 8.39E-12 1.85E-11 2.57E-11 2.59E-11 2.49E-11
 2.38E-11 2.19E-11 1.93E-11 1.58E-11 1.27E-11 1.11E-11
 3.08E-15 9.39E-14 1.33E-12 8.37E-12 1.84E-11 2.55E-11 2.56E-11 2.45E-11
 2.34E-11 2.15E-11 1.90E-11 1.56E-11 1.25E-11 1.09E-11
 3.07E-15 9.34E-14 1.31E-12 8.20E-12 1.77E-11 2.36E-11 2.30E-11 2.17E-11
 2.07E-11 1.90E-11 1.67E-11 1.38E-11 1.12E-11 9.88E-12
 2.98E-15 8.92E-14 1.22E-12 7.01E-12 1.36E-11 1.56E-11 1.39E-11 1.28E-11
 1.20E-11 1.09E-11 9.65E-12 8.08E-12 6.73E-12 6.03E-12
 2.47E-15 6.79E-14 8.25E-13 3.92E-12 6.94E-12 7.97E-12 7.37E-12 6.88E-12
 6.50E-12 5.95E-12 5.24E-12 4.34E-12 3.54E-12 3.14E-12
  29.1973    7  14 /pl=01:ss=48:pb= 1:sz=48/type=excit/ispb = t/isel =   40
 1.00E+10 1.00E+11 1.00E+12 1.00E+13 1.00E+14 1.00E+15 1.00E+16
 4.14E+01 6.21E+01 1.03E+02 2.07E+02 4.14E+02 1.03E+03 2.07E+03 3.10E+03
 4.14E+03 6.21E+03 1.03E+04 2.07E+04 4.14E+04 6.21E+04
 1.96E-14 4.93E-13 5.94E-12 3.34E-11 6.93E-11 9.33E-11 9.37E-11 8.97E-11
 8.57E-11 7.87E-11 6.93E-11 5.67E-11 4.52E-11 3.94E-11
 1.96E-14 4.93E-13 5.94E-12 3.34E-11 6.93E-11 9.33E-11 9.37E-11 8.97E-11
 8.57E-11 7.87E-11 6.93E-11 5.67E-11 4.52E-11 3.94E-11
 1.96E-14 4.93E-13 5.94E-12 3.34E-11 6.93E-11 9.32E-11 9.36E-11 8.96E-11
 8.55E-11 7.85E-11 6.91E-11 5.66E-11 4.52E-11 3.94E-11
 1.96E-14 4.93E-13 5.93E-12 3.33E-11 6.89E-11 9.22E-11 9.22E-11 8.81E-11
 8.40E-11 7.72E-11 6.79E-11 5.57E-11 4.45E-11 3.88E-11
 1.96E-14 4.90E-13 5.88E-12 3.26E-11 6.62E-11 8.55E-11 8.29E-11 7.82E-11
 7.42E-11 6.79E-11 5.98E-11 4.94E-11 3.99E-11 3.51E-11
 1.90E-14 4.68E-13 5.46E-12 2.79E-11 5.08E-11 5.63E-11 4.97E-11 4.55E-11
 4.26E-11 3.87E-11 3.41E-11 2.86E-11 2.37E-11 2.13E-11
 1.56E-14 3.53E-13 3.65E-12 1.52E-11 2.46E-11 2.62E-11 2.33E-11 2.15E-11
 2.02E-11 1.84E-11 1.62E-11 1.35E-11 1.11E-11 9.94E-12
  31.8843    7  14 /pl=01:ss=48:pb= 1:sz=48/type=excit/ispb = t/isel =   41
 1.00E+10 1.00E+11 1.00E+12 1.00E+13 1.00E+14 1.00E+15 1.00E+16
 4.14E+01 6.21E+01 1.03E+02 2.07E+02 4.14E+02 1.03E+03 2.07E+03 3.10E+03
 4.14E+03 6.21E+03 1.03E+04 2.07E+04 4.14E+04 6.21E+04
 2.20E-15 6.68E-14 9.45E-13 5.97E-12 1.32E-11 1.83E-11 1.85E-11 1.77E-11
 1.70E-11 1.56E-11 1.38E-11 1.13E-11 9.06E-12 7.90E-12
 2.20E-15 6.68E-14 9.45E-13 5.97E-12 1.32E-11 1.83E-11 1.85E-11 1.77E-11
 1.70E-11 1.56E-11 1.38E-11 1.13E-11 9.05E-12 7.90E-12
 2.20E-15 6.68E-14 9.45E-13 5.97E-12 1.31E-11 1.83E-11 1.85E-11 1.77E-11
 1.70E-11 1.56E-11 1.38E-11 1.13E-11 9.04E-12 7.89E-12
 2.19E-15 6.68E-14 9.44E-13 5.96E-12 1.31E-11 1.81E-11 1.82E-11 1.74E-11
 1.67E-11 1.53E-11 1.35E-11 1.11E-11 8.91E-12 7.78E-12
 2.19E-15 6.65E-14 9.36E-13 5.83E-12 1.26E-11 1.68E-11 1.64E-11 1.55E-11
 1.47E-11 1.35E-11 1.19E-11 9.84E-12 7.99E-12 7.03E-12
 2.12E-15 6.35E-14 8.68E-13 4.99E-12 9.67E-12 1.11E-11 9.89E-12 9.08E-12
 8.54E-12 7.77E-12 6.87E-12 5.75E-12 4.79E-12 4.29E-12
 1.76E-15 4.84E-14 5.87E-13 2.79E-12 4.94E-12 5.67E-12 5.24E-12 4.89E-12
 4.63E-12 4.23E-12 3.73E-12 3.09E-12 2.52E-12 2.23E-12
  32.0509    7  14 /pl=01:ss=48:pb= 1:sz=48/type=excit/ispb = t/isel =   42
 1.00E+10 1.00E+11 1.00E+12 1.00E+13 1.00E+14 1.00E+15 1.00E+16
 4.14E+01 6.21E+01 1.03E+02 2.07E+02 4.14E+02 1.03E+03 2.07E+03 3.10E+03
 4.14E+03 6.21E+03 1.03E+04 2.07E+04 4.14E+04 6.21E+04
 3.67E-17 2.22E-15 5.42E-14 5.25E-13 1.46E-12 2.39E-12 2.57E-12 2.50E-12
 2.41E-12 2.23E-12 1.97E-12 1.62E-12 1.30E-12 1.12E-12
 3.67E-17 2.22E-15 5.42E-14 5.25E-13 1.46E-12 2.39E-12 2.57E-12 2.50E-12
 2.41E-12 2.23E-12 1.98E-12 1.62E-12 1.30E-12 1.12E-12
 3.68E-17 2.22E-15 5.42E-14 5.26E-13 1.46E-12 2.40E-12 2.58E-12 2.52E-12
 2.43E-12 2.25E-12 1.99E-12 1.63E-12 1.30E-12 1.13E-12
 3.70E-17 2.23E-15 5.46E-14 5.35E-13 1.51E-12 2.51E-12 2.73E-12 2.67E-12
 2.58E-12 2.39E-12 2.12E-12 1.73E-12 1.37E-12 1.18E-12
 3.90E-17 2.36E-15 5.85E-14 6.02E-13 1.78E-12 3.17E-12 3.64E-12 3.63E-12
 3.53E-12 3.29E-12 2.90E-12 2.34E-12 1.83E-12 1.56E-12
 5.55E-17 3.34E-15 8.60E-14 9.95E-13 3.16E-12 5.84E-12 6.60E-12 6.52E-12
 6.31E-12 5.86E-12 5.17E-12 4.21E-12 3.30E-12 2.82E-12
 1.46E-16 8.16E-15 1.95E-13 1.93E-12 5.07E-12 7.61E-12 7.76E-12 7.43E-12
 7.09E-12 6.53E-12 5.77E-12 4.76E-12 3.83E-12 3.35E-12
  32.6971    7  14 /pl=01:ss=48:pb= 1:sz=48/type=excit/ispb = t/isel =   43
 1.00E+10 1.00E+11 1.00E+12 1.00E+13 1.00E+14 1.00E+15 1.00E+16
 4.14E+01 6.21E+01 1.03E+02 2.07E+02 4.14E+02 1.03E+03 2.07E+03 3.10E+03
 4.14E+03 6.21E+03 1.03E+04 2.07E+04 4.14E+04 6.21E+04
 5.30E-16 1.33E-14 1.60E-13 9.01E-13 1.87E-12 2.52E-12 2.53E-12 2.42E-12
 2.31E-12 2.12E-12 1.87E-12 1.53E-12 1.22E-12 1.06E-12
 5.30E-16 1.33E-14 1.60E-13 9.01E-13 1.87E-12 2.52E-12 2.53E-12 2.42E-12
 2.31E-12 2.12E-12 1.87E-12 1.53E-12 1.22E-12 1.06E-12
 5.30E-16 1.33E-14 1.60E-13 9.01E-13 1.87E-12 2.51E-12 2.52E-12 2.41E-12
 2.31E-12 2.12E-12 1.86E-12 1.53E-12 1.22E-12 1.06E-12
 5.30E-16 1.33E-14 1.60E-13 8.99E-13 1.86E-12 2.49E-12 2.49E-12 2.38E-12
 2.27E-12 2.08E-12 1.83E-12 1.50E-12 1.20E-12 1.05E-12
 5.28E-16 1.32E-14 1.59E-13 8.80E-13 1.78E-12 2.31E-12 2.24E-12 2.11E-12
 2.00E-12 1.83E-12 1.61E-12 1.33E-12 1.08E-12 9.47E-13
 5.12E-16 1.26E-14 1.47E-13 7.51E-13 1.37E-12 1.52E-12 1.34E-12 1.23E-12
 1.15E-12 1.04E-12 9.20E-13 7.71E-13 6.40E-13 5.74E-13
 4.20E-16 9.53E-15 9.83E-14 4.09E-13 6.64E-13 7.05E-13 6.29E-13 5.79E-13
 5.44E-13 4.95E-13 4.37E-13 3.64E-13 3.00E-13 2.68E-13
  34.0363    7  14 /pl=01:ss=48:pb= 1:sz=48/type=excit/ispb = t/isel =   44
 1.00E+10 1.00E+11 1.00E+12 1.00E+13 1.00E+14 1.00E+15 1.00E+16
 4.14E+01 6.21E+01 1.03E+02 2.07E+02 4.14E+02 1.03E+03 2.07E+03 3.10E+03
 4.14E+03 6.21E+03 1.03E+04 2.07E+04 4.14E+04 6.21E+04
 7.02E-16 1.76E-14 2.12E-13 1.19E-12 2.48E-12 3.33E-12 3.35E-12 3.20E-12
 3.06E-12 2.81E-12 2.47E-12 2.03E-12 1.62E-12 1.41E-12
 7.02E-16 1.76E-14 2.12E-13 1.19E-12 2.47E-12 3.33E-12 3.35E-12 3.20E-12
 3.06E-12 2.81E-12 2.47E-12 2.03E-12 1.62E-12 1.41E-12
 7.02E-16 1.76E-14 2.12E-13 1.19E-12 2.47E-12 3.33E-12 3.34E-12 3.20E-12
 3.05E-12 2.81E-12 2.47E-12 2.02E-12 1.61E-12 1.41E-12
 7.01E-16 1.76E-14 2.12E-13 1.19E-12 2.46E-12 3.29E-12 3.29E-12 3.15E-12
 3.00E-12 2.76E-12 2.43E-12 1.99E-12 1.59E-12 1.39E-12
 6.99E-16 1.75E-14 2.10E-13 1.17E-12 2.36E-12 3.05E-12 2.96E-12 2.79E-12
 2.65E-12 2.43E-12 2.14E-12 1.76E-12 1.43E-12 1.25E-12
 6.78E-16 1.67E-14 1.95E-13 9.95E-13 1.82E-12 2.01E-12 1.77E-12 1.62E-12
 1.52E-12 1.38E-12 1.22E-12 1.02E-12 8.47E-13 7.60E-13
 5.57E-16 1.26E-14 1.30E-13 5.41E-13 8.79E-13 9.34E-13 8.33E-13 7.67E-13
 7.21E-13 6.56E-13 5.79E-13 4.82E-13 3.97E-13 3.55E-13
  84.3362    7  14 /pl=01:ss=48:pb= 1:sz=48/type=excit/ispb = t/isel =   45
 1.00E+10 1.00E+11 1.00E+12 1.00E+13 1.00E+14 1.00E+15 1.00E+16
 4.14E+01 6.21E+01 1.03E+02 2.07E+02 4.14E+02 1.03E+03 2.07E+03 3.10E+03
 4.14E+03 6.21E+03 1.03E+04 2.07E+04 4.14E+04 6.21E+04
 2.61E-15 8.31E-15 4.47E-14 3.13E-13 8.42E-13 1.63E-12 2.22E-12 2.44E-12
 2.52E-12 2.54E-12 2.45E-12 2.20E-12 1.90E-12 1.71E-12
 2.61E-15 8.31E-15 4.47E-14 3.12E-13 8.41E-13 1.63E-12 2.21E-12 2.43E-12
 2.51E-12 2.53E-12 2.45E-12 2.20E-12 1.89E-12 1.70E-12
 2.60E-15 8.28E-15 4.44E-14 3.09E-13 8.25E-13 1.59E-12 2.14E-12 2.35E-12
 2.43E-12 2.45E-12 2.37E-12 2.13E-12 1.85E-12 1.67E-12
 2.50E-15 7.96E-15 4.22E-14 2.77E-13 6.96E-13 1.26E-12 1.64E-12 1.79E-12
 1.84E-12 1.86E-12 1.82E-12 1.67E-12 1.49E-12 1.37E-12
 1.82E-15 5.86E-15 2.87E-14 1.45E-13 2.96E-13 4.68E-13 5.64E-13 5.96E-13
 6.07E-13 6.12E-13 6.04E-13 5.78E-13 5.44E-13 5.20E-13
 6.63E-16 2.24E-15 9.75E-15 3.90E-14 7.31E-14 1.04E-13 1.12E-13 1.13E-13
 1.12E-13 1.10E-13 1.07E-13 1.02E-13 9.61E-14 9.27E-14
 2.27E-16 7.46E-16 2.76E-15 8.30E-15 1.24E-14 1.39E-14 1.35E-14 1.31E-14
 1.28E-14 1.25E-14 1.21E-14 1.16E-14 1.11E-14 1.09E-14
  143.103    7  14 /pl=01:ss=48:pb= 1:sz=48/type=excit/ispb = t/isel =   46
 1.00E+10 1.00E+11 1.00E+12 1.00E+13 1.00E+14 1.00E+15 1.00E+16
 4.14E+01 6.21E+01 1.03E+02 2.07E+02 4.14E+02 1.03E+03 2.07E+03 3.10E+03
 4.14E+03 6.21E+03 1.03E+04 2.07E+04 4.14E+04 6.21E+04
 2.15E-15 6.83E-15 3.67E-14 2.57E-13 6.92E-13 1.34E-12 1.82E-12 2.01E-12
 2.07E-12 2.09E-12 2.02E-12 1.81E-12 1.56E-12 1.40E-12
 2.15E-15 6.83E-15 3.67E-14 2.57E-13 6.91E-13 1.34E-12 1.82E-12 2.00E-12
 2.06E-12 2.08E-12 2.01E-12 1.80E-12 1.56E-12 1.40E-12
 2.14E-15 6.80E-15 3.65E-14 2.54E-13 6.78E-13 1.30E-12 1.76E-12 1.93E-12
 2.00E-12 2.01E-12 1.95E-12 1.75E-12 1.52E-12 1.37E-12
 2.05E-15 6.54E-15 3.47E-14 2.28E-13 5.72E-13 1.04E-12 1.35E-12 1.47E-12
 1.51E-12 1.53E-12 1.49E-12 1.38E-12 1.22E-12 1.12E-12
 1.49E-15 4.81E-15 2.36E-14 1.19E-13 2.44E-13 3.84E-13 4.63E-13 4.90E-13
 4.98E-13 5.02E-13 4.96E-13 4.75E-13 4.47E-13 4.27E-13
 5.45E-16 1.84E-15 8.01E-15 3.21E-14 6.00E-14 8.56E-14 9.23E-14 9.28E-14
 9.21E-14 9.05E-14 8.77E-14 8.35E-14 7.90E-14 7.62E-14
 1.87E-16 6.13E-16 2.27E-15 6.82E-15 1.02E-14 1.15E-14 1.11E-14 1.08E-14
 1.05E-14 1.03E-14 9.93E-15 9.53E-15 9.15E-15 8.94E-15
  205.367    7  14 /pl=01:ss=48:pb= 1:sz=48/type=excit/ispb = t/isel =   47
 1.00E+10 1.00E+11 1.00E+12 1.00E+13 1.00E+14 1.00E+15 1.00E+16
 4.14E+01 6.21E+01 1.03E+02 2.07E+02 4.14E+02 1.03E+03 2.07E+03 3.10E+03
 4.14E+03 6.21E+03 1.03E+04 2.07E+04 4.14E+04 6.21E+04
 1.09E-12 1.76E-12 3.35E-12 8.81E-12 1.65E-11 3.00E-11 4.23E-11 4.74E-11
 4.96E-11 5.08E-11 5.01E-11 4.65E-11 4.13E-11 3.79E-11
 1.09E-12 1.76E-12 3.35E-12 8.81E-12 1.65E-11 3.00E-11 4.23E-11 4.73E-11
 4.95E-11 5.08E-11 5.01E-11 4.65E-11 4.13E-11 3.79E-11
 1.09E-12 1.76E-12 3.35E-12 8.81E-12 1.65E-11 3.00E-11 4.22E-11 4.73E-11
 4.95E-11 5.07E-11 5.00E-11 4.64E-11 4.12E-11 3.79E-11
 1.09E-12 1.76E-12 3.34E-12 8.78E-12 1.64E-11 2.97E-11 4.17E-11 4.67E-11
 4.88E-11 5.01E-11 4.94E-11 4.59E-11 4.08E-11 3.75E-11
 1.09E-12 1.76E-12 3.32E-12 8.60E-12 1.58E-11 2.82E-11 3.90E-11 4.34E-11
 4.52E-11 4.63E-11 4.57E-11 4.26E-11 3.81E-11 3.52E-11
 1.10E-12 1.75E-12 3.20E-12 7.75E-12 1.34E-11 2.22E-11 2.94E-11 3.22E-11
 3.33E-11 3.40E-11 3.35E-11 3.15E-11 2.85E-11 2.66E-11
 1.13E-12 1.65E-12 2.61E-12 5.12E-12 7.84E-12 1.16E-11 1.42E-11 1.51E-11
 1.55E-11 1.57E-11 1.56E-11 1.51E-11 1.42E-11 1.36E-11
  272.779    7  14 /pl=01:ss=48:pb= 1:sz=48/type=excit/ispb = t/isel =   48
 1.00E+10 1.00E+11 1.00E+12 1.00E+13 1.00E+14 1.00E+15 1.00E+16
 4.14E+01 6.21E+01 1.03E+02 2.07E+02 4.14E+02 1.03E+03 2.07E+03 3.10E+03
 4.14E+03 6.21E+03 1.03E+04 2.07E+04 4.14E+04 6.21E+04
 2.68E-12 4.02E-12 6.49E-12 1.42E-11 2.66E-11 5.46E-11 8.21E-11 9.38E-11
 9.91E-11 1.02E-10 1.02E-10 9.51E-11 8.47E-11 7.78E-11
 2.68E-12 4.02E-12 6.49E-12 1.42E-11 2.66E-11 5.46E-11 8.21E-11 9.38E-11
 9.91E-11 1.02E-10 1.02E-10 9.51E-11 8.47E-11 7.78E-11
 2.68E-12 4.02E-12 6.49E-12 1.42E-11 2.66E-11 5.45E-11 8.20E-11 9.36E-11
 9.89E-11 1.02E-10 1.02E-10 9.49E-11 8.46E-11 7.77E-11
 2.67E-12 4.02E-12 6.48E-12 1.42E-11 2.66E-11 5.42E-11 8.09E-11 9.22E-11
 9.73E-11 1.00E-10 9.98E-11 9.33E-11 8.33E-11 7.66E-11
 2.66E-12 3.98E-12 6.41E-12 1.39E-11 2.57E-11 4.95E-11 7.06E-11 7.89E-11
 8.26E-11 8.49E-11 8.44E-11 7.98E-11 7.23E-11 6.72E-11
 2.48E-12 3.66E-12 5.70E-12 1.11E-11 1.73E-11 2.54E-11 3.00E-11 3.14E-11
 3.20E-11 3.24E-11 3.24E-11 3.19E-11 3.08E-11 2.99E-11
 1.49E-12 2.01E-12 2.65E-12 3.49E-12 3.84E-12 3.98E-12 3.98E-12 3.97E-12
 3.97E-12 3.97E-12 3.98E-12 4.00E-12 4.03E-12 4.05E-12
  517.858    7  14 /pl=01:ss=48:pb= 1:sz=48/type=excit/ispb = t/isel =   49
 1.00E+10 1.00E+11 1.00E+12 1.00E+13 1.00E+14 1.00E+15 1.00E+16
 4.14E+01 6.21E+01 1.03E+02 2.07E+02 4.14E+02 1.03E+03 2.07E+03 3.10E+03
 4.14E+03 6.21E+03 1.03E+04 2.07E+04 4.14E+04 6.21E+04
 1.44E-13 2.20E-13 3.04E-13 4.32E-13 8.95E-13 4.86E-12 1.01E-11 1.25E-11
 1.37E-11 1.46E-11 1.48E-11 1.41E-11 1.26E-11 1.16E-11
 1.44E-13 2.20E-13 3.04E-13 4.32E-13 8.96E-13 4.86E-12 1.01E-11 1.25E-11
 1.37E-11 1.46E-11 1.48E-11 1.41E-11 1.26E-11 1.16E-11
 1.44E-13 2.20E-13 3.04E-13 4.33E-13 8.99E-13 4.87E-12 1.01E-11 1.25E-11
 1.37E-11 1.46E-11 1.48E-11 1.41E-11 1.26E-11 1.16E-11
 1.45E-13 2.21E-13 3.05E-13 4.40E-13 9.34E-13 4.98E-12 1.03E-11 1.27E-11
 1.39E-11 1.48E-11 1.50E-11 1.42E-11 1.27E-11 1.17E-11
 1.47E-13 2.25E-13 3.15E-13 5.15E-13 1.27E-12 5.96E-12 1.18E-11 1.43E-11
 1.55E-11 1.64E-11 1.64E-11 1.53E-11 1.35E-11 1.23E-11
 1.73E-13 2.62E-13 3.97E-13 1.09E-12 3.27E-12 9.92E-12 1.59E-11 1.82E-11
 1.92E-11 1.97E-11 1.94E-11 1.79E-11 1.57E-11 1.44E-11
 3.04E-13 4.38E-13 7.03E-13 2.07E-12 4.20E-12 7.08E-12 8.80E-12 9.39E-12
 9.64E-12 9.81E-12 9.80E-12 9.52E-12 9.02E-12 8.64E-12
  831.000    7  14 /pl=01:ss=48:pb= 1:sz=48/type=excit/ispb = t/isel =   50
 1.00E+10 1.00E+11 1.00E+12 1.00E+13 1.00E+14 1.00E+15 1.00E+16
 4.14E+01 6.21E+01 1.03E+02 2.07E+02 4.14E+02 1.03E+03 2.07E+03 3.10E+03
 4.14E+03 6.21E+03 1.03E+04 2.07E+04 4.14E+04 6.21E+04
 4.71E-13 7.63E-13 1.45E-12 3.82E-12 7.16E-12 1.30E-11 1.84E-11 2.05E-11
 2.15E-11 2.20E-11 2.17E-11 2.02E-11 1.79E-11 1.64E-11
 4.71E-13 7.63E-13 1.45E-12 3.82E-12 7.16E-12 1.30E-11 1.84E-11 2.05E-11
 2.15E-11 2.20E-11 2.17E-11 2.02E-11 1.79E-11 1.64E-11
 4.71E-13 7.63E-13 1.45E-12 3.82E-12 7.15E-12 1.30E-11 1.83E-11 2.05E-11
 2.15E-11 2.20E-11 2.17E-11 2.01E-11 1.79E-11 1.64E-11
 4.71E-13 7.63E-13 1.45E-12 3.81E-12 7.11E-12 1.29E-11 1.81E-11 2.02E-11
 2.12E-11 2.17E-11 2.14E-11 1.99E-11 1.77E-11 1.63E-11
 4.72E-13 7.62E-13 1.44E-12 3.73E-12 6.86E-12 1.22E-11 1.69E-11 1.88E-11
 1.96E-11 2.01E-11 1.98E-11 1.85E-11 1.65E-11 1.53E-11
 4.77E-13 7.57E-13 1.39E-12 3.36E-12 5.81E-12 9.65E-12 1.28E-11 1.40E-11
 1.45E-11 1.47E-11 1.45E-11 1.37E-11 1.24E-11 1.15E-11
 4.92E-13 7.15E-13 1.13E-12 2.22E-12 3.40E-12 5.03E-12 6.16E-12 6.55E-12
 6.71E-12 6.82E-12 6.79E-12 6.55E-12 6.17E-12 5.89E-12
c-------------------------------------------------------------------------------
 
C  root partition information
C  ==========================
C
C  nuclear charge : 74
C  ion charge+1   : 49
C
C  population calculation information
C  ----------------------------------
C
C  population processing code: adas810
C
C  adf04 source file    : adf04_copmm#74_ls_40#w48.dat
C  adf18/a17_p208 file  : NULL
C
C  meta. ion. coeff. selector  : 
 
C  options  : lnorm =T  lpsel =F  lzsel =T  liosel=F
C           : lhsel =F  lrsel =F  lisel =F  lnsel =F
 
C  energy levels
C  -------------
C
C   lv      configuration    (2S+1)L(w-1/2)      energy (cm^-1)
C  ---   ------------------- --------------      --------------
c    1   86                     (1)2(  2.0)             0.0
c    2   86                     (3)3( 10.0)        366597.0
c    3   86                     (3)1(  4.0)        486934.0
c    4   86                     (1)4(  4.0)        559700.0
c    5   86                     (1)0(  0.0)       1185730.0
c    6   24555596               (1)2(  2.0)       3424970.0
c    7   24555596               (1)1(  1.0)       3623270.0
c    8   24555596               (3)2(  7.0)       4305770.0
c    9   24555596               (3)3( 10.0)       4314770.0
c   10   24555596               (3)1(  4.0)       5125370.0
c   11   24555596               (1)3(  3.0)       6042170.0
c   12   14565596               (3)2(  7.0)       8036170.0
c   13   14565596               (1)2(  2.0)       8504870.0
c   14   76519                  (1)3(  3.0)      16286370.0
c   15   76519                  (1)4(  4.0)      16292370.0
c   16   76519                  (1)2(  2.0)      16293370.0
c   17   76519                  (3)0(  1.0)      16295370.0
c   18   76519                  (1)1(  1.0)      16424370.0
c   19   76519                  (1)5(  5.0)      16476370.0
c   20   76519                  (1)3(  3.0)      16479370.0
c   21   76519                  (1)2(  2.0)      16502370.0
c   22   76519                  (1)4(  4.0)      16505370.0
c   23   76519                  (3)2(  7.0)      16533370.0
c   24   76519                  (5)3( 17.0)      16549370.0
c   25   76519                  (3)1(  4.0)      16558370.0
c   26   76519                  (3)3( 10.0)      16586370.0
c   27   76519                  (3)1(  4.0)      16628370.0
c   28   76519                  (1)0(  0.0)      16631370.0
c   29   76519                  (5)1(  7.0)      16665370.0
c   30   76519                  (5)4( 22.0)      16710370.0
c   31   76519                  (3)4( 13.0)      16711370.0
c   32   76519                  (1)6(  6.0)      16713370.0
c   33   76519                  (3)2(  7.0)      16729370.0
c   34   76519                  (5)5( 27.0)      16788370.0
c   35   76519                  (3)3( 10.0)      16821370.0
c   36   76519                  (5)1(  7.0)      16822370.0
c   37   76519                  (1)1(  1.0)      16842370.0
c   38   76519                  (3)2(  7.0)      16865370.0
c   39   76519                  (1)7(  7.0)      16894370.0
c   40   76519                  (5)2( 12.0)      16911370.0
c   41   76519                  (5)3( 17.0)      16924370.0
c   42   76519                  (3)1(  4.0)      16927370.0
c   43   76519                  (3)5( 16.0)      16930370.0
c   44   76519                  (1)3(  3.0)      16941370.0
c   45   76519                  (3)5( 16.0)      16955370.0
c   46   76519                  (1)1(  1.0)      16961370.0
c   47   76519                  (1)5(  5.0)      16968370.0
c   48   76519                  (3)7( 22.0)      16983370.0
c   49   76519                  (3)4( 13.0)      16998370.0
c   50   76519                  (1)4(  4.0)      17006370.0
c   51   76519                  (3)6( 19.0)      17011370.0
c   52   76519                  (5)2( 12.0)      17013370.0
c   53   76519                  (1)5(  5.0)      17016370.0
c   54   76519                  (3)3( 10.0)      17036370.0
c   55   76519                  (3)2(  7.0)      17045370.0
c   56   76519                  (1)2(  2.0)      17059370.0
c   57   76519                  (1)2(  2.0)      17064370.0
c   58   76519                  (1)3(  3.0)      17066370.0
c   59   76519                  (3)5( 16.0)      17082370.0
c   60   76519                  (3)3( 10.0)      17092370.0
c   61   76519                  (3)5( 16.0)      17100370.0
c   62   76519                  (3)4( 13.0)      17107370.0
c   63   76519                  (1)4(  4.0)      17125370.0
c   64   76519                  (3)2(  7.0)      17133370.0
c   65   76519                  (3)3( 10.0)      17259370.0
c   66   76519                  (3)6( 19.0)      17296370.0
c   67   76519                  (3)1(  4.0)      17312370.0
c   68   76519                  (3)4( 13.0)      17320370.0
c   69   76519                  (3)4( 13.0)      17331370.0
c   70   76519                  (3)2(  7.0)      17363370.0
c   71   76519                  (3)3( 10.0)      17374370.0
c   72   76519                  (3)3( 10.0)      17381370.0
c   73   76519                  (3)0(  1.0)      17387370.0
c   74   76519                  (3)1(  4.0)      17426370.0
c   75   76519                  (3)1(  4.0)      17453370.0
c   76   76519                  (1)3(  3.0)      17495370.0
c   77   76519                  (1)6(  6.0)      17521370.0
c   78   76519                  (3)3( 10.0)      17526370.0
c   79   76519                  (3)2(  7.0)      17559370.0
c   80   76519                  (1)4(  4.0)      17588370.0
c   81   76519                  (3)4( 13.0)      17593370.0
c   82   76519                  (1)1(  1.0)      17645370.0
c   83   7651A                  (1)4(  4.0)      17650370.0
c   84   7651A                  (1)4(  4.0)      17666370.0
c   85   76519                  (1)2(  2.0)      17700370.0
c   86   7651A                  (1)4(  4.0)      17728370.0
c   87   7651A                  (1)5(  5.0)      17766370.0
c   88   7651A                  (3)4( 13.0)      17766370.0
c   89   7651A                  (5)4( 22.0)      17806370.0
c   90   7651A                  (3)2(  7.0)      17939370.0
c   91   7651A                  (3)4( 13.0)      17968370.0
c   92   7651A                  (3)3( 10.0)      17974370.0
c   93   7651A                  (3)2(  7.0)      17980370.0
c   94   76519                  (1)3(  3.0)      18011370.0
c   95   7651A                  (5)1(  7.0)      18023370.0
c   96   7651A                  (3)5( 16.0)      18031370.0
c   97   7651A                  (3)1(  4.0)      18054370.0
c   98   7651A                  (3)3( 10.0)      18054370.0
c   99   7651A                  (5)3( 17.0)      18058370.0
c  100   7651A                  (3)6( 19.0)      18062370.0
c  101   7651A                  (1)2(  2.0)      18062370.0
c  102   7651A                  (5)2( 12.0)      18067370.0
c  103   7651A                  (3)3( 10.0)      18087370.0
c  104   7651A                  (5)5( 27.0)      18095370.0
c  105   7651A                  (5)6( 32.0)      18102370.0
c  106   7651A                  (3)4( 13.0)      18105370.0
c  107   7651A                  (5)2( 12.0)      18117370.0
c  108   76519                  (1)0(  0.0)      18126370.0
c  109   7651A                  (3)6( 19.0)      18127370.0
c  110   7651A                  (1)8(  8.0)      18129370.0
c  111   7651A                  (3)7( 22.0)      18149370.0
c  112   7651A                  (3)2(  7.0)      18162370.0
c  113   7651A                  (3)6( 19.0)      18167370.0
c  114   7651A                  (1)7(  7.0)      18173370.0
c  115   7651A                  (3)0(  1.0)      18191370.0
c  116   7651A                  (1)3(  3.0)      18200370.0
c  117   7651A                  (1)0(  0.0)      18207370.0
c  118   7651A                  (1)6(  6.0)      18212370.0
c  119   7651A                  (1)1(  1.0)      18222370.0
c  120   7651A                  (5)4( 22.0)      18223370.0
c  121   7651A                  (3)3( 10.0)      18228370.0
c  122   7651A                  (5)3( 17.0)      18234370.0
c  123   7651A                  (1)5(  5.0)      18235370.0
c  124   7651A                  (5)0(  2.0)      18242370.0
c  125   7651A                  (1)5(  5.0)      18253370.0
c  126   7651A                  (1)6(  6.0)      18262370.0
c  127   7651A                  (3)3( 10.0)      18274370.0
c  128   7651A                  (1)2(  2.0)      18281370.0
c  129   7651A                  (3)4( 13.0)      18291370.0
c  130   7651A                  (3)8( 25.0)      18293370.0
c  131   7651A                  (1)2(  2.0)      18311370.0
c  132   7651A                  (3)5( 16.0)      18323370.0
c  133   7651A                  (3)2(  7.0)      18333370.0
c  134   7651A                  (1)3(  3.0)      18336370.0
c  135   7651A                  (3)1(  4.0)      18340370.0
c  136   7651A                  (1)3(  3.0)      18344370.0
c  137   7651A                  (3)1(  4.0)      18346370.0
c  138   7651A                  (1)3(  3.0)      18358370.0
c  139   7651A                  (3)0(  1.0)      18366370.0
c  140   7651A                  (3)2(  7.0)      18409370.0
c  141   7651A                  (1)1(  1.0)      18490370.0
c  142   7651A                  (3)6( 19.0)      18550370.0
c  143   7651A                  (3)7( 22.0)      18555370.0
c  144   7651A                  (3)4( 13.0)      18559370.0
c  145   7651A                  (3)1(  4.0)      18569370.0
c  146   7651A                  (3)5( 16.0)      18580370.0
c  147   7651A                  (3)5( 16.0)      18585370.0
c  148   7651A                  (3)3( 10.0)      18587370.0
c  149   7651A                  (3)5( 16.0)      18594370.0
c  150   7651A                  (3)2(  7.0)      18599370.0
c  151   7651A                  (3)3( 10.0)      18612370.0
c  152   7651A                  (3)1(  4.0)      18640370.0
c  153   7651A                  (3)3( 10.0)      18643370.0
c  154   7651A                  (3)4( 13.0)      18645370.0
c  155   7651A                  (3)4( 13.0)      18651370.0
c  156   7651A                  (3)4( 13.0)      18654370.0
c  157   7651A                  (3)2(  7.0)      18660370.0
c  158   7651A                  (1)2(  2.0)      18664370.0
c  159   7651A                  (1)1(  1.0)      18674370.0
c  160   7651A                  (1)3(  3.0)      18697370.0
c  161   7651A                  (1)4(  4.0)      18744370.0
c  162   7651A                  (1)6(  6.0)      18754370.0
c  163   7651A                  (1)7(  7.0)      18763370.0
c  164   7651A                  (3)2(  7.0)      18767370.0
c  165   7651A                  (1)2(  2.0)      18806370.0
c  166   7651A                  (1)5(  5.0)      18810370.0
c  167   7651A                  (1)4(  4.0)      18843370.0
c  168   7651A                  (1)2(  2.0)      18897370.0
c  169   7651A                  (1)4(  4.0)      18926370.0
c  170   7651A                  (1)5(  5.0)      18933370.0
c  171   7651A                  (1)1(  1.0)      18941370.0
c  172   7651A                  (1)3(  3.0)      18957370.0
c  173   7651A                  (3)5( 16.0)      19022370.0
c  174   7651D                  (1)2(  2.0)      23283370.0
c  175   7651D                  (1)3(  3.0)      23283370.0
c  176   7651D                  (1)1(  1.0)      23326370.0
c  177   7651D                  (1)2(  2.0)      23360370.0
c  178   7651D                  (1)5(  5.0)      23375370.0
c  179   7651D                  (1)3(  3.0)      23376370.0
c  180   7651D                  (1)1(  1.0)      23377370.0
c  181   7651D                  (3)1(  4.0)      23481370.0
c  182   7651D                  (3)2(  7.0)      23485370.0
c  183   7651D                  (5)3( 17.0)      23521370.0
c  184   7651D                  (5)2( 12.0)      23534370.0
c  185   7651D                  (3)2(  7.0)      23627370.0
c  186   7651D                  (3)4( 13.0)      23651370.0
c  187   7651D                  (5)4( 22.0)      23657370.0
c  188   7651D                  (5)5( 27.0)      23668370.0
c  189   7651D                  (3)1(  4.0)      23690370.0
c  190   7651D                  (1)3(  3.0)      23706370.0
c  191   7651D                  (3)4( 13.0)      23719370.0
c  192   7651D                  (5)1(  7.0)      23777370.0
c  193   7651D                  (5)1(  7.0)      23788370.0
c  194   7651D                  (1)7(  7.0)      23800370.0
c  195   7651D                  (3)2(  7.0)      23801370.0
c  196   7651D                  (1)6(  6.0)      23805370.0
c  197   7651D                  (3)3( 10.0)      23806370.0
c  198   7651D                  (1)3(  3.0)      23816370.0
c  199   7651D                  (3)3( 10.0)      23833370.0
c  200   7651D                  (5)2( 12.0)      23835370.0
c  201   7651D                  (1)2(  2.0)      23842370.0
c  202   7651D                  (1)1(  1.0)      23844370.0
c  203   7651D                  (5)3( 17.0)      23858370.0
c  204   7651E                  (3)3( 10.0)      23864370.0
c  205   7651D                  (3)5( 16.0)      23866370.0
c  206   7651D                  (3)5( 16.0)      23866370.0
c  207   7651D                  (1)5(  5.0)      23870370.0
c  208   7651D                  (3)1(  4.0)      23873370.0
c  209   7651D                  (3)3( 10.0)      23889370.0
c  210   7651D                  (1)4(  4.0)      23892370.0
c  211   7651E                  (1)2(  2.0)      23897370.0
c  212   7651D                  (1)5(  5.0)      23914370.0
c  213   7651D                  (3)3( 10.0)      23917370.0
c  214   7651D                  (3)3( 10.0)      23922370.0
c  215   7651D                  (3)2(  7.0)      23930370.0
c  216   7651E                  (1)6(  6.0)      23933370.0
c  217   7651D                  (1)2(  2.0)      23934370.0
c  218   7651D                  (3)4( 13.0)      23944370.0
c  219   7651E                  (1)2(  2.0)      23948370.0
c  220   7651D                  (3)7( 22.0)      23953370.0
c  221   7651D                  (3)6( 19.0)      23964370.0
c  222   7651E                  (1)3(  3.0)      23966370.0
c  223   7651D                  (1)4(  4.0)      23967370.0
c  224   7651E                  (1)1(  1.0)      24001370.0
c  225   7651D                  (3)4( 13.0)      24070370.0
c  226   7651E                  (5)4( 22.0)      24074370.0
c  227   7651D                  (3)3( 10.0)      24132370.0
c  228   7651D                  (3)6( 19.0)      24140370.0
c  229   7651D                  (3)5( 16.0)      24143370.0
c  230   7651D                  (3)4( 13.0)      24146370.0
c  231   7651E                  (3)4( 13.0)      24153370.0
c  232   7651D                  (3)1(  4.0)      24154370.0
c  233   7651E                  (3)2(  7.0)      24164370.0
c  234   7651E                  (5)2( 12.0)      24168370.0
c  235   7651F                  (3)4( 13.0)      24181370.0
c  236   7651D                  (3)1(  4.0)      24182370.0
c  237   7651F                  (1)3(  3.0)      24189370.0
c  238   7651D                  (3)5( 16.0)      24191370.0
c  239   7651F                  (1)4(  4.0)      24193370.0
c  240   7651E                  (3)3( 10.0)      24195370.0
c  241   7651D                  (3)1(  4.0)      24209370.0
c  242   7651F                  (1)5(  5.0)      24229370.0
c  243   7651F                  (1)7(  7.0)      24240370.0
c  244   7651F                  (1)6(  6.0)      24245370.0
c  245   7651F                  (1)4(  4.0)      24245370.0
c  246   7651D                  (3)4( 13.0)      24249370.0
c  247   7651E                  (5)1(  7.0)      24252370.0
c  248   7651D                  (3)3( 10.0)      24280370.0
c  249   7651F                  (3)3( 10.0)      24281370.0
c  250   7651D                  (3)2(  7.0)      24294370.0
c  251   7651E                  (3)3( 10.0)      24294370.0
c  252   7651E                  (3)1(  4.0)      24310370.0
c  253   7651D                  (3)0(  1.0)      24315370.0
c  254   7651E                  (5)0(  2.0)      24320370.0
c  255   7651E                  (5)3( 17.0)      24328370.0
c  256   7651E                  (5)5( 27.0)      24331370.0
c  257   7651E                  (1)6(  6.0)      24332370.0
c  258   7651E                  (5)3( 17.0)      24337370.0
c  259   7651E                  (5)6( 32.0)      24338370.0
c  260   7651D                  (3)2(  7.0)      24362370.0
c  261   7651E                  (1)7(  7.0)      24364370.0
c  262   7651D                  (1)4(  4.0)      24364370.0
c  263   7651E                  (5)2( 12.0)      24368370.0
c  264   7651E                  (3)4( 13.0)      24378370.0
c  265   7651E                  (1)8(  8.0)      24384370.0
c  266   7651D                  (3)2(  7.0)      24392370.0
c  267   7651E                  (3)0(  1.0)      24395370.0
c  268   7651E                  (3)2(  7.0)      24400370.0
c  269   7651E                  (3)6( 19.0)      24402370.0
c  270   7651E                  (3)4( 13.0)      24408370.0
c  271   7651D                  (1)6(  6.0)      24410370.0
c  272   7651E                  (3)2(  7.0)      24418370.0
c  273   7651F                  (5)5( 27.0)      24427370.0
c  274   7651E                  (1)2(  2.0)      24431370.0
c  275   7651E                  (3)2(  7.0)      24431370.0
c  276   7651F                  (5)4( 22.0)      24440370.0
c  277   7651E                  (1)4(  4.0)      24442370.0
c  278   7651F                  (3)6( 19.0)      24444370.0
c  279   7651E                  (1)5(  5.0)      24448370.0
c  280   7651E                  (1)0(  0.0)      24460370.0
c  281   7651E                  (3)6( 19.0)      24461370.0
c  282   7651E                  (1)4(  4.0)      24463370.0
c  283   7651E                  (3)6( 19.0)      24464370.0
c  284   7651E                  (3)4( 13.0)      24465370.0
c  285   7651E                  (3)1(  4.0)      24468370.0
c  286   7651F                  (3)5( 16.0)      24472370.0
c  287   7651E                  (1)6(  6.0)      24474370.0
c  288   7651E                  (1)3(  3.0)      24480370.0
c  289   7651E                  (3)2(  7.0)      24484370.0
c  290   7651E                  (3)5( 16.0)      24486370.0
c  291   7651D                  (3)0(  1.0)      24489370.0
c  292   7651E                  (3)4( 13.0)      24489370.0
c  293   7651E                  (1)1(  1.0)      24489370.0
c  294   7651D                  (1)4(  4.0)      24494370.0
c  295   7651E                  (3)3( 10.0)      24496370.0
c  296   7651E                  (1)2(  2.0)      24497370.0
c  297   7651D                  (1)3(  3.0)      24502370.0
c  298   7651E                  (3)3( 10.0)      24503370.0
c  299   7651E                  (1)3(  3.0)      24503370.0
c  300   7651E                  (3)3( 10.0)      24505370.0
c  301   7651E                  (3)2(  7.0)      24506370.0
c  302   7651F                  (3)4( 13.0)      24511370.0
c  303   7651E                  (5)4( 22.0)      24514370.0
c  304   7651F                  (3)3( 10.0)      24519370.0
c  305   7651F                  (5)3( 17.0)      24520370.0
c  306   7651F                  (5)2( 12.0)      24527370.0
c  307   7651E                  (3)0(  1.0)      24529370.0
c  308   7651E                  (1)5(  5.0)      24530370.0
c  309   7651E                  (3)8( 25.0)      24540370.0
c  310   7651E                  (3)6( 19.0)      24551370.0
c  311   7651F                  (5)6( 32.0)      24554370.0
c  312   7651E                  (3)7( 22.0)      24562370.0
c  313   7651D                  (1)1(  1.0)      24562370.0
c  314   7651E                  (3)5( 16.0)      24569370.0
c  315   7651F                  (3)2(  7.0)      24571370.0
c  316   7651D                  (1)2(  2.0)      24586370.0
c  317   7651E                  (3)3( 10.0)      24591370.0
c  318   7651F                  (3)4( 13.0)      24605370.0
c  319   7651E                  (3)1(  4.0)      24605370.0
c  320   7651E                  (1)1(  1.0)      24640370.0
c  321   7651D                  (1)0(  0.0)      24642370.0
c  322   7651E                  (1)4(  4.0)      24646370.0
c  323   7651D                  (3)3( 10.0)      24651370.0
c  324   7651E                  (3)5( 16.0)      24655370.0
c  325   7651F                  (1)7(  7.0)      24656370.0
c  326   7651F                  (1)6(  6.0)      24659370.0
c  327   7651F                  (5)7( 37.0)      24667370.0
c  328   7651F                  (1)8(  8.0)      24670370.0
c  329   7651F                  (1)7(  7.0)      24671370.0
c  330   7651F                  (1)6(  6.0)      24671370.0
c  331   7651F                  (5)3( 17.0)      24689370.0
c  332   7651F                  (3)3( 10.0)      24695370.0
c  333   7651F                  (3)4( 13.0)      24703370.0
c  334   7651F                  (5)4( 22.0)      24706370.0
c  335   7651F                  (1)9(  9.0)      24709370.0
c  336   7651E                  (3)2(  7.0)      24717370.0
c  337   7651F                  (3)1(  4.0)      24719370.0
c  338   7651F                  (1)1(  1.0)      24720370.0
c  339   7651F                  (3)2(  7.0)      24722370.0
c  340   7651F                  (1)2(  2.0)      24724370.0
c  341   7651F                  (1)3(  3.0)      24730370.0
c  342   7651F                  (1)4(  4.0)      24735370.0
c  343   7651E                  (3)7( 22.0)      24736370.0
c  344   7651E                  (3)4( 13.0)      24737370.0
c  345   7651F                  (1)5(  5.0)      24738370.0
c  346   7651E                  (3)5( 16.0)      24747370.0
c  347   7651F                  (3)5( 16.0)      24756370.0
c  348   7651F                  (5)5( 27.0)      24756370.0
c  349   7651F                  (3)1(  4.0)      24757370.0
c  350   7651F                  (1)6(  6.0)      24765370.0
c  351   7651F                  (1)1(  1.0)      24776370.0
c  352   7651F                  (3)2(  7.0)      24778370.0
c  353   7651F                  (1)2(  2.0)      24778370.0
c  354   7651F                  (3)7( 22.0)      24781370.0
c  355   7651F                  (3)1(  4.0)      24792370.0
c  356   7651F                  (3)3( 10.0)      24794370.0
c  357   7651F                  (3)5( 16.0)      24794370.0
c  358   7651F                  (3)4( 13.0)      24794370.0
c  359   7651F                  (5)1(  7.0)      24803370.0
c  360   7651F                  (3)2(  7.0)      24806370.0
c  361   7651E                  (3)5( 16.0)      24816370.0
c  362   7651F                  (3)3( 10.0)      24829370.0
c  363   7651F                  (3)5( 16.0)      24830370.0
c  364   7651F                  (3)4( 13.0)      24843370.0
c  365   7651D                  (1)3(  3.0)      24845370.0
c  366   7651F                  (3)9( 28.0)      24857370.0
c  367   7651E                  (3)4( 13.0)      24870370.0
c  368   7651F                  (3)6( 19.0)      24879370.0
c  369   7651F                  (3)8( 25.0)      24879370.0
c  370   7651F                  (3)7( 22.0)      24882370.0
c  371   7651F                  (3)4( 13.0)      24887370.0
c  372   7651F                  (3)8( 25.0)      24908370.0
c  373   7651E                  (3)2(  7.0)      24912370.0
c  374   7651D                  (1)0(  0.0)      24913370.0
c  375   7651E                  (1)3(  3.0)      24917370.0
c  376   7651D                  (1)4(  4.0)      24940370.0
c  377   7651E                  (3)1(  4.0)      24942370.0
c  378   7651F                  (3)7( 22.0)      24945370.0
c  379   7651E                  (1)4(  4.0)      24955370.0
c  380   7651E                  (3)5( 16.0)      24963370.0
c  381   7651E                  (1)7(  7.0)      24971370.0
c  382   7651E                  (1)2(  2.0)      24975370.0
c  383   7651E                  (1)5(  5.0)      24978370.0
c  384   7651E                  (1)3(  3.0)      24979370.0
c  385   7651F                  (3)6( 19.0)      24984370.0
c  386   7651E                  (1)4(  4.0)      24985370.0
c  387   7651E                  (3)4( 13.0)      25007370.0
c  388   7651E                  (3)3( 10.0)      25012370.0
c  389   7651E                  (1)1(  1.0)      25029370.0
c  390   7651F                  (3)5( 16.0)      25053370.0
c  391   7651F                  (3)3( 10.0)      25099370.0
c  392   7651F                  (3)7( 22.0)      25100370.0
c  393   7651F                  (3)6( 19.0)      25120370.0
c  394   7651E                  (1)5(  5.0)      25121370.0
c  395   7651F                  (3)6( 19.0)      25128370.0
c  396   7651E                  (1)2(  2.0)      25130370.0
c  397   7651F                  (3)5( 16.0)      25132370.0
c  398   7651E                  (1)3(  3.0)      25154370.0
c  399   7651F                  (3)2(  7.0)      25157370.0
c  400   7651F                  (3)3( 10.0)      25177370.0
c  401   7651F                  (1)3(  3.0)      25187370.0
c  402   7651F                  (3)2(  7.0)      25187370.0
c  403   7651F                  (1)2(  2.0)      25191370.0
c  404   7651F                  (3)1(  4.0)      25206370.0
c  405   7651F                  (1)5(  5.0)      25213370.0
c  406   7651F                  (3)0(  1.0)      25232370.0
c  407   7651F                  (1)5(  5.0)      25257370.0
c  408   7651F                  (1)2(  2.0)      25264370.0
c  409   7651F                  (1)1(  1.0)      25264370.0
c  410   7651F                  (1)3(  3.0)      25266370.0
c  411   7651F                  (1)0(  0.0)      25266370.0
c  412   7651F                  (3)5( 16.0)      25268370.0
c  413   7651F                  (1)4(  4.0)      25269370.0
c  414   7651F                  (1)5(  5.0)      25269370.0
c  415   7651F                  (1)8(  8.0)      25275370.0
c  416   7651F                  (3)3( 10.0)      25276370.0
c  417   7651F                  (1)3(  3.0)      25278370.0
c  418   7651F                  (1)4(  4.0)      25279370.0
c  419   7651F                  (3)5( 16.0)      25308370.0
c  420   7651F                  (3)4( 13.0)      25315370.0
c  421   7651E                  (3)1(  4.0)      25331370.0
c  422   7651F                  (3)6( 19.0)      25421370.0
c  423   7651F                  (1)6(  6.0)      25425370.0
c  424   7651F                  (1)2(  2.0)      25438370.0
c  425   7651F                  (1)3(  3.0)      25442370.0
c  426   7651F                  (1)4(  4.0)      25453370.0
c  427   7651E                  (1)4(  4.0)      25483370.0
c  428   7651E                  (1)5(  5.0)      25502370.0
c  429   7651F                  (1)5(  5.0)      25791370.0
 
 
 
c-------------------------------------------------------------------------------
 
C  superstage partition information
C  ================================
C
C  element symbol   : W
C  parent template  : 
C  partition level  :  1
C  superstage label : 48
C
C  tabulation       : photon emissivity coefft (te,ne)
C  units            : ph. emis coef(cm^3 s^-1); te (ev); ne (cm^-3)
C
C  photon emissivity atomic transitions
C  ------------------------------------
C  
C   isel  wvlen(A)            transition                type  ispb nspb
C                                                             ispp nspp sz    tg pr wr
C  ----- ---------- ----------------------------------- ----- ---- ---- --    -- -- --
C      1   4.17251  222(1)3(  3.0)-  1(1)2(  2.0)       excit   1    1  48   172 22  1
C      2   5.36326  154(3)4( 13.0)-  1(1)2(  2.0)       excit   1    1  48   120 17  2
C      3   5.37653  150(3)2(  7.0)-  1(1)2(  2.0)       excit   1    1  48   116 14  3
C      4   5.44473  139(3)0(  1.0)-  1(1)2(  2.0)       excit   1    1  48   110 46  4
C      5   5.44711  138(1)3(  3.0)-  1(1)2(  2.0)       excit   1    1  48   109 41  5
C      6   5.45126  136(1)3(  3.0)-  1(1)2(  2.0)       excit   1    1  48   107  4  6
C      7   5.45245  135(3)1(  4.0)-  1(1)2(  2.0)       excit   1    1  48   106  8  7
C      8   5.46109  131(1)2(  2.0)-  1(1)2(  2.0)       excit   1    1  48   103 15  8
C      9   5.48463  150(3)2(  7.0)-  2(3)3( 10.0)       excit   1    1  48   454 45  9
C     10   5.50589  112(3)2(  7.0)-  1(1)2(  2.0)       excit   1    1  48    92 37 10
C     11   5.52107  150(3)2(  7.0)-  3(3)1(  4.0)       excit   1    1  48   826 13 11
C     12   5.52872  103(3)3( 10.0)-  1(1)2(  2.0)       excit   1    1  48    87 16 12
C     13   5.52924  154(3)4( 13.0)-  4(1)4(  4.0)       excit   1    1  48  1142 27 13
C     14   5.54239  140(3)2(  7.0)-  2(3)3( 10.0)       excit   1    1  48   445 35 14
C     15   5.56181  137(3)1(  4.0)-  2(3)3( 10.0)       excit   1    1  48   442 36 15
C     16   5.56242  136(1)3(  3.0)-  2(3)3( 10.0)       excit   1    1  48   441 21 16
C     17   5.57887  129(3)4( 13.0)-  2(3)3( 10.0)       excit   1    1  48   435 33 17
C     18   5.59302  139(3)0(  1.0)-  3(3)1(  4.0)       excit   1    1  48   820 31 18
C     19   5.59552  138(1)3(  3.0)-  3(3)1(  4.0)       excit   1    1  48   819 20 19
C     20   5.59928  137(3)1(  4.0)-  3(3)1(  4.0)       excit   1    1  48   818 28 20
C     21   5.60116  135(3)1(  4.0)-  3(3)1(  4.0)       excit   1    1  48   816 18 21
C     22   5.60336  133(3)2(  7.0)-  3(3)1(  4.0)       excit   1    1  48   814 19 22
C     23   5.61028  131(1)2(  2.0)-  3(3)1(  4.0)       excit   1    1  48   813 26 23
C     24   5.62535  134(1)3(  3.0)-  4(1)4(  4.0)       excit   1    1  48  1129 38 24
C     25   5.64309  103(3)3( 10.0)-  2(3)3( 10.0)       excit   1    1  48   415 11 25
C     26   5.67931   92(3)3( 10.0)-  2(3)3( 10.0)       excit   1    1  48   404 49 26
C     27   5.95428   93(3)2(  7.0)-  5(1)0(  0.0)       excit   1    1  48  1400 44 27
C     28   6.05889   57(1)2(  2.0)-  4(1)4(  4.0)       excit   1    1  48  1069 47 28
C     29   6.06073   56(1)2(  2.0)-  4(1)4(  4.0)       excit   1    1  48  1068 48 29
C     30   6.22222   25(3)1(  4.0)-  3(3)1(  4.0)       excit   1    1  48   732 25 30
C     31   7.33439   56(1)2(  2.0)-  6(1)2(  2.0)       excit   1    1  48  1549 12 31
C     32   7.44264   56(1)2(  2.0)-  7(1)1(  1.0)       excit   1    1  48  1843 24 32
C     33   7.84092   56(1)2(  2.0)-  8(3)2(  7.0)       excit   1    1  48  2087 43 33
C     34   21.5590   10(3)1(  4.0)-  3(3)1(  4.0)       excit   1    1  48   718 50 34
C     35   25.3282    9(3)3( 10.0)-  2(3)3( 10.0)       excit   1    1  48   322 39 35
C     36   25.3860    8(3)2(  7.0)-  2(3)3( 10.0)       excit   1    1  48   321  9 36
C     37   26.8068   12(3)2(  7.0)-  8(3)2(  7.0)       excit   1    1  48  2050 42 37
C     38   26.8716   12(3)2(  7.0)-  9(3)3( 10.0)       excit   1    1  48  2403 40 38
C     39   27.5994    7(1)1(  1.0)-  1(1)2(  2.0)       excit   1    1  48     6  5 39
C     40   29.1973    6(1)2(  2.0)-  1(1)2(  2.0)       excit   1    1  48     5  2 40
C     41   31.8843    7(1)1(  1.0)-  3(3)1(  4.0)       excit   1    1  48   715  7 41
C     42   32.0509    8(3)2(  7.0)-  5(1)0(  0.0)       excit   1    1  48  1361 29 42
C     43   32.6971    6(1)2(  2.0)-  2(3)3( 10.0)       excit   1    1  48   319 32 43
C     44   34.0363    6(1)2(  2.0)-  3(3)1(  4.0)       excit   1    1  48   714 23 44
C     45   84.3362    5(1)0(  0.0)-  1(1)2(  2.0)       excit   1    1  48     4 30 45
C     46   143.103    5(1)0(  0.0)-  3(3)1(  4.0)       excit   1    1  48   713 34 46
C     47   205.367    3(3)1(  4.0)-  1(1)2(  2.0)       excit   1    1  48     2  3 47
C     48   272.779    2(3)3( 10.0)-  1(1)2(  2.0)       excit   1    1  48     1  1 48
C     49   517.858    4(1)4(  4.0)-  2(3)3( 10.0)       excit   1    1  48   317 10 49
C     50   831.000    3(3)1(  4.0)-  2(3)3( 10.0)       excit   1    1  48   316  6 50
c-------------------------------------------------------------------------------
                                                                                
C  code     : adas810
C  producer : Adam Foster
C  date     : 18/05/09
                                                                                
c-------------------------------------------------------------------------------

C-----------------------------------------------------------------------
C                               OPEN-ADAS
C                               +++++++++
C
C This file has been downloaded from OPEN-ADAS (http://open.adas.ac.uk)
C on 26-Mar-2025.
C
C TERMS AND CONDITIONS
C --------------------
C
C The user of the OPEN-ADAS system and data (hereinafter "the User")
C accepts the following terms and conditions:
C
C   1. The University of Strathclyde uses all reasonable endeavours to
C      ensure the accuracy of the data provided and any information
C      given, but the University makes no warranty, expressed or implied
C      as to its accuracy, integrity, fitness for purpose and shall not
C      be responsible for the use to which the data is put by the User
C      and/or any consequences arising out of any inaccuracies or
C      omissions.
C
C   2. Any downloaded OPEN-ADAS file is made available for the
C      personal use of the User only.  It must not be used for any
C      commercial application, incorporated into any web site or in
C      any form re-distributed without express prior written permission
C      from the ADAS Project. In particular, but not by way of
C      limitation, it must not be:
C        *  inserted into a managed database structure,
C        *  redistributed along with a modelling or analysis code,
C        *  made available on a public website.
C
C Permission for OPEN-ADAS data incorporation in non-commercial
C code/system development for scientific advance will not be
C unreasonably withheld, but will be subject to written agreement
C on a case by case basis.
C
C The User will indemnify the University of Strathclyde and keep it
C fully and effectively indemnified against each and every claim made
C against the University as a result of the User's use of the data.
C
C-----------------------------------------------------------------------
