   50    /W :34 photon emissivity coefficients/
--------------------------------------------------------------------------------
    1    1    1    1    1    1    1    1    1    1    1    1    1    1
    1    1    1    1    1    1    1    1    1    1    1    1    1    1
    1    1    1    1    1    1    1    1    1    1    1    1    1    1
    1    1    1    1    1    1    1    1    1    1    1    1    1    1
    1    1    1    1    1    1    1    1    1    1    1    1    1    1
    1    1    1    1    1
--------------------------------------------------------------------------------
//#01/p00/ 00/p01/ 01/p02/ 02/p03/ 03/p04/ 04/p05/ 05/p06/ 06/p07/ 07/p08/ 08/  
      p09/ 09/p10/ 10/p11/ 11/p12/ 12/p13/ 13/p14/ 14/p15/ 15/p16/ 16/p17/ 17/  
      p18/ 18/p19/ 19/p20/ 20/p21/ 21/p22/ 22/p23/ 23/p24/ 24/p25/ 25/p26/ 26/  
      p27/ 27/p28/ 28/p29/ 29/p30/ 30/p31/ 31/p32/ 32/p33/ 33/p34/ 34/p35/ 35/  
      p36/ 36/p37/ 37/p38/ 38/p39/ 39/p40/ 40/p41/ 41/p42/ 42/p43/ 43/p44/ 44/  
      p45/ 45/p46/ 46/p47/ 47/p48/ 48/p49/ 49/p50/ 50/p51/ 51/p52/ 52/p53/ 53/  
      p54/ 54/p55/ 55/p56/ 56/p57/ 57/p58/ 58/p59/ 59/p60/ 60/p61/ 61/p62/ 62/  
      p63/ 63/p64/ 64/p65/ 65/p66/ 66/p67/ 67/p68/ 68/p69/ 69/p70/ 70/p71/ 71/  
      p72/ 72/p73/ 73/p74/ 74/                                                  
--------------------------------------------------------------------------------
  10.6349    7  14 /pl=01:ss=34:pb= 1:sz=34/type=excit/ispb = t/isel =    1
 1.00E+10 1.00E+11 1.00E+12 1.00E+13 1.00E+14 1.00E+15 1.00E+16
 2.11E+01 3.17E+01 5.28E+01 1.06E+02 2.11E+02 5.28E+02 1.06E+03 1.58E+03
 2.11E+03 3.17E+03 5.28E+03 1.06E+04 2.11E+04 3.17E+04
 3.52E-35 2.83E-27 5.48E-21 2.45E-16 4.43E-14 8.37E-13 2.05E-12 2.72E-12
 3.14E-12 3.61E-12 4.03E-12 4.27E-12 4.19E-12 4.01E-12
 3.52E-35 2.83E-27 5.48E-21 2.45E-16 4.43E-14 8.37E-13 2.05E-12 2.72E-12
 3.14E-12 3.61E-12 4.03E-12 4.27E-12 4.19E-12 4.01E-12
 3.52E-35 2.83E-27 5.48E-21 2.45E-16 4.43E-14 8.37E-13 2.05E-12 2.72E-12
 3.14E-12 3.61E-12 4.03E-12 4.27E-12 4.19E-12 4.01E-12
 3.52E-35 2.83E-27 5.48E-21 2.45E-16 4.43E-14 8.37E-13 2.05E-12 2.72E-12
 3.14E-12 3.61E-12 4.03E-12 4.27E-12 4.19E-12 4.01E-12
 3.52E-35 2.83E-27 5.48E-21 2.45E-16 4.43E-14 8.37E-13 2.05E-12 2.72E-12
 3.14E-12 3.61E-12 4.03E-12 4.27E-12 4.19E-12 4.01E-12
 3.52E-35 2.83E-27 5.48E-21 2.45E-16 4.43E-14 8.37E-13 2.05E-12 2.72E-12
 3.14E-12 3.61E-12 4.03E-12 4.27E-12 4.19E-12 4.01E-12
 3.52E-35 2.84E-27 5.48E-21 2.45E-16 4.43E-14 8.37E-13 2.05E-12 2.72E-12
 3.13E-12 3.61E-12 4.03E-12 4.27E-12 4.19E-12 4.01E-12
  11.5196    7  14 /pl=01:ss=34:pb= 1:sz=34/type=excit/ispb = t/isel =    2
 1.00E+10 1.00E+11 1.00E+12 1.00E+13 1.00E+14 1.00E+15 1.00E+16
 2.11E+01 3.17E+01 5.28E+01 1.06E+02 2.11E+02 5.28E+02 1.06E+03 1.58E+03
 2.11E+03 3.17E+03 5.28E+03 1.06E+04 2.11E+04 3.17E+04
 4.57E-33 9.01E-26 5.69E-20 1.13E-15 1.37E-13 2.06E-12 4.70E-12 6.07E-12
 6.91E-12 7.89E-12 8.70E-12 9.14E-12 8.89E-12 8.51E-12
 4.57E-33 9.01E-26 5.69E-20 1.13E-15 1.37E-13 2.06E-12 4.70E-12 6.07E-12
 6.91E-12 7.89E-12 8.70E-12 9.14E-12 8.89E-12 8.51E-12
 4.57E-33 9.01E-26 5.69E-20 1.13E-15 1.37E-13 2.06E-12 4.70E-12 6.07E-12
 6.91E-12 7.89E-12 8.70E-12 9.14E-12 8.89E-12 8.51E-12
 4.57E-33 9.01E-26 5.69E-20 1.13E-15 1.37E-13 2.06E-12 4.70E-12 6.07E-12
 6.91E-12 7.89E-12 8.70E-12 9.14E-12 8.89E-12 8.51E-12
 4.57E-33 9.01E-26 5.69E-20 1.13E-15 1.37E-13 2.06E-12 4.70E-12 6.07E-12
 6.91E-12 7.89E-12 8.70E-12 9.14E-12 8.89E-12 8.51E-12
 4.57E-33 9.01E-26 5.69E-20 1.13E-15 1.37E-13 2.06E-12 4.70E-12 6.07E-12
 6.91E-12 7.89E-12 8.69E-12 9.14E-12 8.89E-12 8.51E-12
 4.57E-33 9.02E-26 5.70E-20 1.13E-15 1.37E-13 2.06E-12 4.70E-12 6.07E-12
 6.91E-12 7.88E-12 8.69E-12 9.14E-12 8.89E-12 8.50E-12
  12.7555    7  14 /pl=01:ss=34:pb= 1:sz=34/type=excit/ispb = t/isel =    3
 1.00E+10 1.00E+11 1.00E+12 1.00E+13 1.00E+14 1.00E+15 1.00E+16
 2.11E+01 3.17E+01 5.28E+01 1.06E+02 2.11E+02 5.28E+02 1.06E+03 1.58E+03
 2.11E+03 3.17E+03 5.28E+03 1.06E+04 2.11E+04 3.17E+04
 2.87E-35 2.81E-27 6.31E-21 3.14E-16 5.89E-14 1.07E-12 2.35E-12 2.81E-12
 2.96E-12 2.94E-12 2.69E-12 2.17E-12 1.65E-12 1.38E-12
 2.87E-35 2.81E-27 6.31E-21 3.14E-16 5.89E-14 1.07E-12 2.35E-12 2.81E-12
 2.96E-12 2.94E-12 2.69E-12 2.17E-12 1.65E-12 1.38E-12
 2.87E-35 2.81E-27 6.31E-21 3.14E-16 5.89E-14 1.07E-12 2.35E-12 2.81E-12
 2.96E-12 2.94E-12 2.69E-12 2.17E-12 1.65E-12 1.38E-12
 2.87E-35 2.81E-27 6.31E-21 3.14E-16 5.89E-14 1.07E-12 2.35E-12 2.81E-12
 2.96E-12 2.94E-12 2.69E-12 2.17E-12 1.65E-12 1.38E-12
 2.87E-35 2.81E-27 6.31E-21 3.14E-16 5.89E-14 1.07E-12 2.35E-12 2.81E-12
 2.96E-12 2.94E-12 2.69E-12 2.17E-12 1.65E-12 1.38E-12
 2.87E-35 2.81E-27 6.31E-21 3.14E-16 5.89E-14 1.07E-12 2.35E-12 2.81E-12
 2.96E-12 2.94E-12 2.69E-12 2.17E-12 1.65E-12 1.38E-12
 2.87E-35 2.81E-27 6.32E-21 3.14E-16 5.89E-14 1.07E-12 2.35E-12 2.81E-12
 2.96E-12 2.94E-12 2.69E-12 2.17E-12 1.65E-12 1.38E-12
  13.2531    7  14 /pl=01:ss=34:pb= 1:sz=34/type=excit/ispb = t/isel =    4
 1.00E+10 1.00E+11 1.00E+12 1.00E+13 1.00E+14 1.00E+15 1.00E+16
 2.11E+01 3.17E+01 5.28E+01 1.06E+02 2.11E+02 5.28E+02 1.06E+03 1.58E+03
 2.11E+03 3.17E+03 5.28E+03 1.06E+04 2.11E+04 3.17E+04
 7.96E-30 1.70E-23 1.82E-18 9.73E-15 6.36E-13 6.79E-12 1.40E-11 1.77E-11
 2.00E-11 2.24E-11 2.45E-11 2.55E-11 2.48E-11 2.36E-11
 7.96E-30 1.70E-23 1.82E-18 9.73E-15 6.36E-13 6.79E-12 1.40E-11 1.77E-11
 2.00E-11 2.24E-11 2.45E-11 2.55E-11 2.48E-11 2.36E-11
 7.96E-30 1.70E-23 1.82E-18 9.73E-15 6.36E-13 6.79E-12 1.40E-11 1.77E-11
 2.00E-11 2.24E-11 2.45E-11 2.55E-11 2.48E-11 2.36E-11
 7.96E-30 1.70E-23 1.82E-18 9.73E-15 6.36E-13 6.79E-12 1.40E-11 1.77E-11
 2.00E-11 2.24E-11 2.45E-11 2.55E-11 2.48E-11 2.36E-11
 7.96E-30 1.70E-23 1.82E-18 9.73E-15 6.36E-13 6.79E-12 1.40E-11 1.77E-11
 2.00E-11 2.24E-11 2.45E-11 2.55E-11 2.48E-11 2.36E-11
 7.96E-30 1.70E-23 1.82E-18 9.73E-15 6.36E-13 6.79E-12 1.40E-11 1.77E-11
 2.00E-11 2.24E-11 2.45E-11 2.55E-11 2.48E-11 2.36E-11
 7.96E-30 1.70E-23 1.82E-18 9.74E-15 6.36E-13 6.79E-12 1.40E-11 1.77E-11
 1.99E-11 2.24E-11 2.45E-11 2.55E-11 2.48E-11 2.36E-11
  13.9433    7  14 /pl=01:ss=34:pb= 1:sz=34/type=excit/ispb = t/isel =    5
 1.00E+10 1.00E+11 1.00E+12 1.00E+13 1.00E+14 1.00E+15 1.00E+16
 2.11E+01 3.17E+01 5.28E+01 1.06E+02 2.11E+02 5.28E+02 1.06E+03 1.58E+03
 2.11E+03 3.17E+03 5.28E+03 1.06E+04 2.11E+04 3.17E+04
 3.27E-33 8.64E-26 6.84E-20 1.55E-15 1.98E-13 2.87E-12 5.84E-12 6.84E-12
 7.14E-12 7.07E-12 6.45E-12 5.22E-12 3.99E-12 3.36E-12
 3.27E-33 8.64E-26 6.84E-20 1.55E-15 1.98E-13 2.87E-12 5.84E-12 6.84E-12
 7.14E-12 7.07E-12 6.45E-12 5.22E-12 3.99E-12 3.36E-12
 3.27E-33 8.64E-26 6.84E-20 1.55E-15 1.98E-13 2.87E-12 5.84E-12 6.84E-12
 7.14E-12 7.07E-12 6.45E-12 5.22E-12 3.99E-12 3.36E-12
 3.27E-33 8.64E-26 6.84E-20 1.55E-15 1.98E-13 2.87E-12 5.84E-12 6.84E-12
 7.14E-12 7.07E-12 6.45E-12 5.22E-12 3.99E-12 3.36E-12
 3.27E-33 8.64E-26 6.84E-20 1.55E-15 1.98E-13 2.87E-12 5.84E-12 6.84E-12
 7.14E-12 7.07E-12 6.45E-12 5.22E-12 3.99E-12 3.36E-12
 3.27E-33 8.64E-26 6.84E-20 1.56E-15 1.98E-13 2.87E-12 5.84E-12 6.84E-12
 7.14E-12 7.07E-12 6.45E-12 5.22E-12 3.99E-12 3.36E-12
 3.27E-33 8.65E-26 6.84E-20 1.56E-15 1.98E-13 2.87E-12 5.84E-12 6.84E-12
 7.14E-12 7.07E-12 6.45E-12 5.22E-12 3.99E-12 3.36E-12
  14.7074    7  14 /pl=01:ss=34:pb= 1:sz=34/type=excit/ispb = t/isel =    6
 1.00E+10 1.00E+11 1.00E+12 1.00E+13 1.00E+14 1.00E+15 1.00E+16
 2.11E+01 3.17E+01 5.28E+01 1.06E+02 2.11E+02 5.28E+02 1.06E+03 1.58E+03
 2.11E+03 3.17E+03 5.28E+03 1.06E+04 2.11E+04 3.17E+04
 3.51E-33 4.49E-26 1.99E-20 2.95E-16 3.05E-14 3.93E-13 7.78E-13 9.13E-13
 9.57E-13 9.54E-13 8.82E-13 7.34E-13 5.75E-13 4.92E-13
 3.51E-33 4.49E-26 1.99E-20 2.95E-16 3.05E-14 3.93E-13 7.78E-13 9.13E-13
 9.57E-13 9.54E-13 8.82E-13 7.34E-13 5.75E-13 4.92E-13
 3.51E-33 4.49E-26 1.99E-20 2.95E-16 3.05E-14 3.93E-13 7.78E-13 9.13E-13
 9.57E-13 9.54E-13 8.82E-13 7.34E-13 5.75E-13 4.92E-13
 3.51E-33 4.49E-26 1.99E-20 2.95E-16 3.05E-14 3.93E-13 7.78E-13 9.13E-13
 9.57E-13 9.54E-13 8.82E-13 7.34E-13 5.75E-13 4.92E-13
 3.51E-33 4.49E-26 1.99E-20 2.95E-16 3.05E-14 3.93E-13 7.78E-13 9.13E-13
 9.57E-13 9.54E-13 8.82E-13 7.34E-13 5.75E-13 4.92E-13
 3.51E-33 4.49E-26 1.99E-20 2.95E-16 3.05E-14 3.93E-13 7.78E-13 9.13E-13
 9.57E-13 9.54E-13 8.82E-13 7.34E-13 5.75E-13 4.92E-13
 3.51E-33 4.49E-26 1.99E-20 2.95E-16 3.05E-14 3.92E-13 7.77E-13 9.13E-13
 9.56E-13 9.54E-13 8.82E-13 7.33E-13 5.75E-13 4.92E-13
  14.7306    7  14 /pl=01:ss=34:pb= 1:sz=34/type=excit/ispb = t/isel =    7
 1.00E+10 1.00E+11 1.00E+12 1.00E+13 1.00E+14 1.00E+15 1.00E+16
 2.11E+01 3.17E+01 5.28E+01 1.06E+02 2.11E+02 5.28E+02 1.06E+03 1.58E+03
 2.11E+03 3.17E+03 5.28E+03 1.06E+04 2.11E+04 3.17E+04
 9.02E-29 4.56E-23 1.58E-18 3.73E-15 1.67E-13 1.41E-12 2.59E-12 3.05E-12
 3.27E-12 3.42E-12 3.45E-12 3.26E-12 2.93E-12 2.70E-12
 9.02E-29 4.56E-23 1.58E-18 3.73E-15 1.67E-13 1.41E-12 2.59E-12 3.05E-12
 3.27E-12 3.42E-12 3.45E-12 3.26E-12 2.93E-12 2.70E-12
 9.02E-29 4.56E-23 1.58E-18 3.73E-15 1.67E-13 1.41E-12 2.59E-12 3.05E-12
 3.27E-12 3.42E-12 3.45E-12 3.26E-12 2.93E-12 2.70E-12
 9.02E-29 4.56E-23 1.58E-18 3.73E-15 1.67E-13 1.41E-12 2.59E-12 3.05E-12
 3.27E-12 3.42E-12 3.45E-12 3.26E-12 2.93E-12 2.70E-12
 9.02E-29 4.56E-23 1.58E-18 3.73E-15 1.67E-13 1.41E-12 2.59E-12 3.05E-12
 3.27E-12 3.42E-12 3.45E-12 3.26E-12 2.93E-12 2.70E-12
 9.03E-29 4.56E-23 1.58E-18 3.73E-15 1.67E-13 1.41E-12 2.59E-12 3.05E-12
 3.27E-12 3.42E-12 3.45E-12 3.26E-12 2.93E-12 2.70E-12
 9.10E-29 4.59E-23 1.59E-18 3.74E-15 1.67E-13 1.41E-12 2.59E-12 3.05E-12
 3.27E-12 3.43E-12 3.45E-12 3.27E-12 2.93E-12 2.70E-12
  15.2577    7  14 /pl=01:ss=34:pb= 1:sz=34/type=excit/ispb = t/isel =    8
 1.00E+10 1.00E+11 1.00E+12 1.00E+13 1.00E+14 1.00E+15 1.00E+16
 2.11E+01 3.17E+01 5.28E+01 1.06E+02 2.11E+02 5.28E+02 1.06E+03 1.58E+03
 2.11E+03 3.17E+03 5.28E+03 1.06E+04 2.11E+04 3.17E+04
 2.01E-27 6.18E-22 1.39E-17 2.24E-14 7.76E-13 5.51E-12 1.00E-11 1.23E-11
 1.38E-11 1.58E-11 1.79E-11 1.97E-11 2.02E-11 1.98E-11
 2.01E-27 6.18E-22 1.39E-17 2.24E-14 7.76E-13 5.51E-12 1.00E-11 1.23E-11
 1.38E-11 1.58E-11 1.79E-11 1.97E-11 2.02E-11 1.98E-11
 2.01E-27 6.18E-22 1.39E-17 2.24E-14 7.76E-13 5.51E-12 1.00E-11 1.23E-11
 1.38E-11 1.58E-11 1.79E-11 1.97E-11 2.02E-11 1.98E-11
 2.01E-27 6.18E-22 1.39E-17 2.24E-14 7.76E-13 5.51E-12 1.00E-11 1.23E-11
 1.38E-11 1.58E-11 1.79E-11 1.97E-11 2.02E-11 1.98E-11
 2.01E-27 6.18E-22 1.39E-17 2.24E-14 7.76E-13 5.51E-12 1.00E-11 1.23E-11
 1.38E-11 1.58E-11 1.79E-11 1.97E-11 2.02E-11 1.98E-11
 2.01E-27 6.18E-22 1.39E-17 2.24E-14 7.76E-13 5.51E-12 1.00E-11 1.23E-11
 1.38E-11 1.58E-11 1.79E-11 1.97E-11 2.02E-11 1.98E-11
 2.02E-27 6.19E-22 1.40E-17 2.24E-14 7.76E-13 5.51E-12 1.00E-11 1.23E-11
 1.38E-11 1.58E-11 1.79E-11 1.97E-11 2.02E-11 1.97E-11
  16.2837    7  14 /pl=01:ss=34:pb= 1:sz=34/type=excit/ispb = t/isel =    9
 1.00E+10 1.00E+11 1.00E+12 1.00E+13 1.00E+14 1.00E+15 1.00E+16
 2.11E+01 3.17E+01 5.28E+01 1.06E+02 2.11E+02 5.28E+02 1.06E+03 1.58E+03
 2.11E+03 3.17E+03 5.28E+03 1.06E+04 2.11E+04 3.17E+04
 4.20E-30 1.48E-23 2.33E-18 1.58E-14 1.10E-12 1.12E-11 2.04E-11 2.31E-11
 2.38E-11 2.33E-11 2.11E-11 1.70E-11 1.31E-11 1.10E-11
 4.20E-30 1.48E-23 2.33E-18 1.58E-14 1.10E-12 1.12E-11 2.04E-11 2.31E-11
 2.38E-11 2.33E-11 2.11E-11 1.70E-11 1.31E-11 1.10E-11
 4.20E-30 1.48E-23 2.33E-18 1.58E-14 1.10E-12 1.12E-11 2.04E-11 2.31E-11
 2.38E-11 2.33E-11 2.11E-11 1.70E-11 1.31E-11 1.10E-11
 4.20E-30 1.48E-23 2.33E-18 1.58E-14 1.10E-12 1.12E-11 2.04E-11 2.31E-11
 2.38E-11 2.33E-11 2.11E-11 1.70E-11 1.31E-11 1.10E-11
 4.20E-30 1.48E-23 2.33E-18 1.58E-14 1.10E-12 1.12E-11 2.04E-11 2.31E-11
 2.38E-11 2.33E-11 2.11E-11 1.70E-11 1.31E-11 1.10E-11
 4.20E-30 1.48E-23 2.33E-18 1.58E-14 1.10E-12 1.12E-11 2.04E-11 2.31E-11
 2.38E-11 2.33E-11 2.11E-11 1.70E-11 1.31E-11 1.10E-11
 4.20E-30 1.48E-23 2.33E-18 1.58E-14 1.10E-12 1.12E-11 2.04E-11 2.31E-11
 2.38E-11 2.33E-11 2.11E-11 1.70E-11 1.31E-11 1.10E-11
  17.8442    7  14 /pl=01:ss=34:pb= 1:sz=34/type=excit/ispb = t/isel =   10
 1.00E+10 1.00E+11 1.00E+12 1.00E+13 1.00E+14 1.00E+15 1.00E+16
 2.11E+01 3.17E+01 5.28E+01 1.06E+02 2.11E+02 5.28E+02 1.06E+03 1.58E+03
 2.11E+03 3.17E+03 5.28E+03 1.06E+04 2.11E+04 3.17E+04
 1.97E-24 9.40E-20 4.81E-16 2.66E-13 5.99E-12 3.72E-11 6.73E-11 8.25E-11
 9.14E-11 1.01E-10 1.10E-10 1.14E-10 1.10E-10 1.05E-10
 1.97E-24 9.40E-20 4.81E-16 2.66E-13 5.99E-12 3.72E-11 6.73E-11 8.25E-11
 9.14E-11 1.01E-10 1.10E-10 1.14E-10 1.10E-10 1.05E-10
 1.97E-24 9.40E-20 4.81E-16 2.66E-13 5.99E-12 3.72E-11 6.73E-11 8.25E-11
 9.14E-11 1.01E-10 1.10E-10 1.14E-10 1.10E-10 1.05E-10
 1.97E-24 9.40E-20 4.81E-16 2.66E-13 5.99E-12 3.72E-11 6.73E-11 8.25E-11
 9.14E-11 1.01E-10 1.10E-10 1.14E-10 1.10E-10 1.05E-10
 1.97E-24 9.40E-20 4.81E-16 2.66E-13 5.99E-12 3.72E-11 6.73E-11 8.25E-11
 9.14E-11 1.01E-10 1.10E-10 1.14E-10 1.10E-10 1.05E-10
 1.97E-24 9.40E-20 4.81E-16 2.66E-13 5.99E-12 3.72E-11 6.73E-11 8.25E-11
 9.14E-11 1.01E-10 1.10E-10 1.14E-10 1.10E-10 1.05E-10
 1.97E-24 9.41E-20 4.81E-16 2.66E-13 5.99E-12 3.72E-11 6.73E-11 8.25E-11
 9.14E-11 1.01E-10 1.10E-10 1.14E-10 1.10E-10 1.05E-10
  17.8922    7  14 /pl=01:ss=34:pb= 1:sz=34/type=excit/ispb = t/isel =   11
 1.00E+10 1.00E+11 1.00E+12 1.00E+13 1.00E+14 1.00E+15 1.00E+16
 2.11E+01 3.17E+01 5.28E+01 1.06E+02 2.11E+02 5.28E+02 1.06E+03 1.58E+03
 2.11E+03 3.17E+03 5.28E+03 1.06E+04 2.11E+04 3.17E+04
 1.27E-28 1.53E-22 1.02E-17 3.66E-14 1.87E-12 1.63E-11 2.96E-11 3.43E-11
 3.62E-11 3.68E-11 3.50E-11 3.00E-11 2.40E-11 2.07E-11
 1.27E-28 1.53E-22 1.02E-17 3.66E-14 1.87E-12 1.63E-11 2.96E-11 3.43E-11
 3.62E-11 3.68E-11 3.50E-11 3.00E-11 2.40E-11 2.07E-11
 1.27E-28 1.53E-22 1.02E-17 3.66E-14 1.87E-12 1.63E-11 2.96E-11 3.43E-11
 3.62E-11 3.68E-11 3.50E-11 3.00E-11 2.40E-11 2.07E-11
 1.27E-28 1.53E-22 1.02E-17 3.66E-14 1.87E-12 1.63E-11 2.96E-11 3.43E-11
 3.62E-11 3.68E-11 3.50E-11 3.00E-11 2.40E-11 2.07E-11
 1.27E-28 1.53E-22 1.02E-17 3.66E-14 1.87E-12 1.63E-11 2.96E-11 3.43E-11
 3.62E-11 3.68E-11 3.50E-11 3.00E-11 2.40E-11 2.07E-11
 1.27E-28 1.53E-22 1.02E-17 3.66E-14 1.87E-12 1.63E-11 2.96E-11 3.43E-11
 3.62E-11 3.68E-11 3.50E-11 3.00E-11 2.40E-11 2.07E-11
 1.27E-28 1.53E-22 1.02E-17 3.66E-14 1.87E-12 1.63E-11 2.96E-11 3.43E-11
 3.62E-11 3.68E-11 3.50E-11 3.00E-11 2.40E-11 2.07E-11
  18.1333    7  14 /pl=01:ss=34:pb= 1:sz=34/type=excit/ispb = t/isel =   12
 1.00E+10 1.00E+11 1.00E+12 1.00E+13 1.00E+14 1.00E+15 1.00E+16
 2.11E+01 3.17E+01 5.28E+01 1.06E+02 2.11E+02 5.28E+02 1.06E+03 1.58E+03
 2.11E+03 3.17E+03 5.28E+03 1.06E+04 2.11E+04 3.17E+04
 2.96E-29 3.06E-23 1.81E-18 5.99E-15 2.95E-13 2.48E-12 4.31E-12 4.86E-12
 5.00E-12 4.93E-12 4.55E-12 3.81E-12 3.04E-12 2.64E-12
 2.96E-29 3.06E-23 1.81E-18 5.99E-15 2.95E-13 2.48E-12 4.31E-12 4.86E-12
 5.00E-12 4.93E-12 4.55E-12 3.81E-12 3.04E-12 2.64E-12
 2.96E-29 3.06E-23 1.81E-18 5.99E-15 2.95E-13 2.48E-12 4.31E-12 4.86E-12
 5.00E-12 4.93E-12 4.55E-12 3.81E-12 3.04E-12 2.64E-12
 2.96E-29 3.06E-23 1.81E-18 5.99E-15 2.95E-13 2.48E-12 4.31E-12 4.86E-12
 5.00E-12 4.93E-12 4.55E-12 3.81E-12 3.04E-12 2.64E-12
 2.96E-29 3.06E-23 1.81E-18 5.99E-15 2.95E-13 2.48E-12 4.30E-12 4.86E-12
 5.00E-12 4.93E-12 4.55E-12 3.81E-12 3.04E-12 2.64E-12
 2.96E-29 3.06E-23 1.81E-18 5.99E-15 2.95E-13 2.48E-12 4.30E-12 4.86E-12
 5.00E-12 4.93E-12 4.55E-12 3.81E-12 3.04E-12 2.64E-12
 2.96E-29 3.06E-23 1.81E-18 5.99E-15 2.95E-13 2.47E-12 4.30E-12 4.86E-12
 4.99E-12 4.92E-12 4.54E-12 3.81E-12 3.04E-12 2.64E-12
  19.6404    7  14 /pl=01:ss=34:pb= 1:sz=34/type=excit/ispb = t/isel =   13
 1.00E+10 1.00E+11 1.00E+12 1.00E+13 1.00E+14 1.00E+15 1.00E+16
 2.11E+01 3.17E+01 5.28E+01 1.06E+02 2.11E+02 5.28E+02 1.06E+03 1.58E+03
 2.11E+03 3.17E+03 5.28E+03 1.06E+04 2.11E+04 3.17E+04
 4.84E-35 2.96E-27 4.57E-21 1.72E-16 2.82E-14 4.74E-13 1.03E-12 1.23E-12
 1.30E-12 1.31E-12 1.21E-12 9.97E-13 7.72E-13 6.54E-13
 4.84E-35 2.96E-27 4.57E-21 1.72E-16 2.82E-14 4.74E-13 1.03E-12 1.23E-12
 1.30E-12 1.31E-12 1.21E-12 9.97E-13 7.72E-13 6.54E-13
 4.84E-35 2.96E-27 4.57E-21 1.72E-16 2.82E-14 4.74E-13 1.03E-12 1.23E-12
 1.30E-12 1.31E-12 1.21E-12 9.97E-13 7.72E-13 6.54E-13
 4.84E-35 2.96E-27 4.57E-21 1.72E-16 2.82E-14 4.74E-13 1.03E-12 1.23E-12
 1.30E-12 1.31E-12 1.21E-12 9.97E-13 7.72E-13 6.54E-13
 4.84E-35 2.96E-27 4.57E-21 1.72E-16 2.82E-14 4.74E-13 1.03E-12 1.23E-12
 1.30E-12 1.31E-12 1.21E-12 9.97E-13 7.72E-13 6.54E-13
 4.84E-35 2.95E-27 4.57E-21 1.72E-16 2.81E-14 4.74E-13 1.02E-12 1.23E-12
 1.30E-12 1.31E-12 1.21E-12 9.97E-13 7.72E-13 6.54E-13
 4.83E-35 2.95E-27 4.57E-21 1.72E-16 2.81E-14 4.74E-13 1.02E-12 1.23E-12
 1.30E-12 1.31E-12 1.21E-12 9.97E-13 7.72E-13 6.54E-13
  22.2241    7  14 /pl=01:ss=34:pb= 1:sz=34/type=excit/ispb = t/isel =   14
 1.00E+10 1.00E+11 1.00E+12 1.00E+13 1.00E+14 1.00E+15 1.00E+16
 2.11E+01 3.17E+01 5.28E+01 1.06E+02 2.11E+02 5.28E+02 1.06E+03 1.58E+03
 2.11E+03 3.17E+03 5.28E+03 1.06E+04 2.11E+04 3.17E+04
 1.54E-35 1.24E-27 2.39E-21 1.07E-16 1.94E-14 3.66E-13 8.97E-13 1.19E-12
 1.37E-12 1.58E-12 1.76E-12 1.87E-12 1.83E-12 1.75E-12
 1.54E-35 1.24E-27 2.39E-21 1.07E-16 1.94E-14 3.66E-13 8.97E-13 1.19E-12
 1.37E-12 1.58E-12 1.76E-12 1.87E-12 1.83E-12 1.75E-12
 1.54E-35 1.24E-27 2.39E-21 1.07E-16 1.94E-14 3.66E-13 8.97E-13 1.19E-12
 1.37E-12 1.58E-12 1.76E-12 1.87E-12 1.83E-12 1.75E-12
 1.54E-35 1.24E-27 2.39E-21 1.07E-16 1.94E-14 3.66E-13 8.97E-13 1.19E-12
 1.37E-12 1.58E-12 1.76E-12 1.87E-12 1.83E-12 1.75E-12
 1.54E-35 1.24E-27 2.39E-21 1.07E-16 1.94E-14 3.66E-13 8.97E-13 1.19E-12
 1.37E-12 1.58E-12 1.76E-12 1.87E-12 1.83E-12 1.75E-12
 1.54E-35 1.24E-27 2.40E-21 1.07E-16 1.94E-14 3.66E-13 8.97E-13 1.19E-12
 1.37E-12 1.58E-12 1.76E-12 1.87E-12 1.83E-12 1.75E-12
 1.54E-35 1.24E-27 2.40E-21 1.07E-16 1.94E-14 3.66E-13 8.97E-13 1.19E-12
 1.37E-12 1.58E-12 1.76E-12 1.87E-12 1.83E-12 1.75E-12
  22.5047    7  14 /pl=01:ss=34:pb= 1:sz=34/type=excit/ispb = t/isel =   15
 1.00E+10 1.00E+11 1.00E+12 1.00E+13 1.00E+14 1.00E+15 1.00E+16
 2.11E+01 3.17E+01 5.28E+01 1.06E+02 2.11E+02 5.28E+02 1.06E+03 1.58E+03
 2.11E+03 3.17E+03 5.28E+03 1.06E+04 2.11E+04 3.17E+04
 4.56E-25 5.78E-20 6.37E-16 5.93E-13 1.53E-11 8.68E-11 1.33E-10 1.43E-10
 1.45E-10 1.38E-10 1.25E-10 1.01E-10 7.74E-11 6.54E-11
 4.56E-25 5.78E-20 6.37E-16 5.93E-13 1.53E-11 8.68E-11 1.33E-10 1.43E-10
 1.45E-10 1.38E-10 1.25E-10 1.01E-10 7.74E-11 6.54E-11
 4.56E-25 5.78E-20 6.37E-16 5.93E-13 1.53E-11 8.68E-11 1.33E-10 1.43E-10
 1.45E-10 1.38E-10 1.25E-10 1.01E-10 7.74E-11 6.54E-11
 4.56E-25 5.78E-20 6.37E-16 5.93E-13 1.53E-11 8.68E-11 1.33E-10 1.43E-10
 1.45E-10 1.38E-10 1.25E-10 1.01E-10 7.74E-11 6.54E-11
 4.56E-25 5.78E-20 6.37E-16 5.93E-13 1.53E-11 8.68E-11 1.33E-10 1.43E-10
 1.45E-10 1.38E-10 1.25E-10 1.01E-10 7.74E-11 6.54E-11
 4.56E-25 5.78E-20 6.37E-16 5.93E-13 1.53E-11 8.68E-11 1.33E-10 1.43E-10
 1.45E-10 1.38E-10 1.25E-10 1.01E-10 7.74E-11 6.54E-11
 4.56E-25 5.78E-20 6.37E-16 5.93E-13 1.53E-11 8.68E-11 1.33E-10 1.43E-10
 1.44E-10 1.38E-10 1.25E-10 1.00E-10 7.74E-11 6.54E-11
  23.3008    7  14 /pl=01:ss=34:pb= 1:sz=34/type=excit/ispb = t/isel =   16
 1.00E+10 1.00E+11 1.00E+12 1.00E+13 1.00E+14 1.00E+15 1.00E+16
 2.11E+01 3.17E+01 5.28E+01 1.06E+02 2.11E+02 5.28E+02 1.06E+03 1.58E+03
 2.11E+03 3.17E+03 5.28E+03 1.06E+04 2.11E+04 3.17E+04
 1.13E-32 1.44E-25 6.40E-20 9.47E-16 9.80E-14 1.26E-12 2.50E-12 2.94E-12
 3.07E-12 3.07E-12 2.83E-12 2.36E-12 1.85E-12 1.58E-12
 1.13E-32 1.44E-25 6.40E-20 9.47E-16 9.80E-14 1.26E-12 2.50E-12 2.94E-12
 3.07E-12 3.07E-12 2.83E-12 2.36E-12 1.85E-12 1.58E-12
 1.13E-32 1.44E-25 6.40E-20 9.47E-16 9.80E-14 1.26E-12 2.50E-12 2.94E-12
 3.07E-12 3.07E-12 2.83E-12 2.36E-12 1.85E-12 1.58E-12
 1.13E-32 1.44E-25 6.40E-20 9.47E-16 9.80E-14 1.26E-12 2.50E-12 2.94E-12
 3.07E-12 3.07E-12 2.83E-12 2.36E-12 1.85E-12 1.58E-12
 1.13E-32 1.44E-25 6.40E-20 9.47E-16 9.80E-14 1.26E-12 2.50E-12 2.93E-12
 3.07E-12 3.07E-12 2.83E-12 2.36E-12 1.85E-12 1.58E-12
 1.13E-32 1.44E-25 6.40E-20 9.47E-16 9.80E-14 1.26E-12 2.50E-12 2.93E-12
 3.07E-12 3.07E-12 2.83E-12 2.36E-12 1.85E-12 1.58E-12
 1.13E-32 1.44E-25 6.40E-20 9.47E-16 9.80E-14 1.26E-12 2.50E-12 2.93E-12
 3.07E-12 3.06E-12 2.83E-12 2.36E-12 1.85E-12 1.58E-12
  23.9792    7  14 /pl=01:ss=34:pb= 1:sz=34/type=excit/ispb = t/isel =   17
 1.00E+10 1.00E+11 1.00E+12 1.00E+13 1.00E+14 1.00E+15 1.00E+16
 2.11E+01 3.17E+01 5.28E+01 1.06E+02 2.11E+02 5.28E+02 1.06E+03 1.58E+03
 2.11E+03 3.17E+03 5.28E+03 1.06E+04 2.11E+04 3.17E+04
 6.03E-21 1.83E-17 1.12E-14 1.38E-12 1.48E-11 5.76E-11 8.56E-11 9.51E-11
 9.93E-11 1.02E-10 1.00E-10 9.37E-11 8.29E-11 7.63E-11
 6.03E-21 1.83E-17 1.12E-14 1.38E-12 1.48E-11 5.76E-11 8.56E-11 9.51E-11
 9.93E-11 1.02E-10 1.00E-10 9.37E-11 8.29E-11 7.63E-11
 6.03E-21 1.83E-17 1.12E-14 1.38E-12 1.48E-11 5.76E-11 8.56E-11 9.51E-11
 9.93E-11 1.02E-10 1.00E-10 9.37E-11 8.29E-11 7.63E-11
 6.03E-21 1.83E-17 1.12E-14 1.38E-12 1.48E-11 5.76E-11 8.56E-11 9.51E-11
 9.93E-11 1.02E-10 1.00E-10 9.37E-11 8.29E-11 7.63E-11
 6.04E-21 1.83E-17 1.12E-14 1.38E-12 1.48E-11 5.76E-11 8.56E-11 9.51E-11
 9.93E-11 1.02E-10 1.00E-10 9.37E-11 8.30E-11 7.63E-11
 6.12E-21 1.85E-17 1.13E-14 1.39E-12 1.49E-11 5.77E-11 8.57E-11 9.52E-11
 9.94E-11 1.02E-10 1.00E-10 9.37E-11 8.30E-11 7.63E-11
 6.95E-21 2.04E-17 1.22E-14 1.45E-12 1.53E-11 5.88E-11 8.68E-11 9.63E-11
 1.00E-10 1.02E-10 1.01E-10 9.41E-11 8.32E-11 7.65E-11
  24.0495    7  14 /pl=01:ss=34:pb= 1:sz=34/type=excit/ispb = t/isel =   18
 1.00E+10 1.00E+11 1.00E+12 1.00E+13 1.00E+14 1.00E+15 1.00E+16
 2.11E+01 3.17E+01 5.28E+01 1.06E+02 2.11E+02 5.28E+02 1.06E+03 1.58E+03
 2.11E+03 3.17E+03 5.28E+03 1.06E+04 2.11E+04 3.17E+04
 2.38E-24 1.74E-19 1.24E-15 8.34E-13 1.84E-11 9.57E-11 1.43E-10 1.54E-10
 1.56E-10 1.50E-10 1.36E-10 1.12E-10 8.82E-11 7.57E-11
 2.38E-24 1.74E-19 1.24E-15 8.34E-13 1.84E-11 9.57E-11 1.43E-10 1.54E-10
 1.56E-10 1.50E-10 1.36E-10 1.12E-10 8.82E-11 7.57E-11
 2.38E-24 1.74E-19 1.24E-15 8.34E-13 1.84E-11 9.57E-11 1.43E-10 1.54E-10
 1.56E-10 1.50E-10 1.36E-10 1.12E-10 8.82E-11 7.57E-11
 2.38E-24 1.74E-19 1.24E-15 8.34E-13 1.84E-11 9.57E-11 1.43E-10 1.54E-10
 1.56E-10 1.50E-10 1.36E-10 1.12E-10 8.82E-11 7.57E-11
 2.38E-24 1.74E-19 1.24E-15 8.34E-13 1.84E-11 9.57E-11 1.43E-10 1.54E-10
 1.56E-10 1.50E-10 1.36E-10 1.12E-10 8.82E-11 7.57E-11
 2.38E-24 1.74E-19 1.24E-15 8.34E-13 1.84E-11 9.57E-11 1.43E-10 1.54E-10
 1.56E-10 1.50E-10 1.36E-10 1.12E-10 8.82E-11 7.57E-11
 2.38E-24 1.74E-19 1.24E-15 8.34E-13 1.84E-11 9.57E-11 1.43E-10 1.54E-10
 1.56E-10 1.50E-10 1.36E-10 1.12E-10 8.82E-11 7.56E-11
  25.6515    7  14 /pl=01:ss=34:pb= 1:sz=34/type=excit/ispb = t/isel =   19
 1.00E+10 1.00E+11 1.00E+12 1.00E+13 1.00E+14 1.00E+15 1.00E+16
 2.11E+01 3.17E+01 5.28E+01 1.06E+02 2.11E+02 5.28E+02 1.06E+03 1.58E+03
 2.11E+03 3.17E+03 5.28E+03 1.06E+04 2.11E+04 3.17E+04
 1.28E-35 1.25E-27 2.82E-21 1.40E-16 2.63E-14 4.78E-13 1.05E-12 1.26E-12
 1.32E-12 1.31E-12 1.20E-12 9.67E-13 7.36E-13 6.17E-13
 1.28E-35 1.25E-27 2.82E-21 1.40E-16 2.63E-14 4.78E-13 1.05E-12 1.26E-12
 1.32E-12 1.31E-12 1.20E-12 9.67E-13 7.36E-13 6.17E-13
 1.28E-35 1.25E-27 2.82E-21 1.40E-16 2.63E-14 4.78E-13 1.05E-12 1.26E-12
 1.32E-12 1.31E-12 1.20E-12 9.67E-13 7.36E-13 6.17E-13
 1.28E-35 1.25E-27 2.82E-21 1.40E-16 2.63E-14 4.78E-13 1.05E-12 1.26E-12
 1.32E-12 1.31E-12 1.20E-12 9.67E-13 7.36E-13 6.17E-13
 1.28E-35 1.25E-27 2.82E-21 1.40E-16 2.63E-14 4.78E-13 1.05E-12 1.26E-12
 1.32E-12 1.31E-12 1.20E-12 9.67E-13 7.36E-13 6.17E-13
 1.28E-35 1.25E-27 2.82E-21 1.40E-16 2.63E-14 4.78E-13 1.05E-12 1.26E-12
 1.32E-12 1.31E-12 1.20E-12 9.67E-13 7.36E-13 6.17E-13
 1.28E-35 1.25E-27 2.82E-21 1.40E-16 2.63E-14 4.78E-13 1.05E-12 1.26E-12
 1.32E-12 1.31E-12 1.20E-12 9.67E-13 7.36E-13 6.17E-13
  26.4729    7  14 /pl=01:ss=34:pb= 1:sz=34/type=excit/ispb = t/isel =   20
 1.00E+10 1.00E+11 1.00E+12 1.00E+13 1.00E+14 1.00E+15 1.00E+16
 2.11E+01 3.17E+01 5.28E+01 1.06E+02 2.11E+02 5.28E+02 1.06E+03 1.58E+03
 2.11E+03 3.17E+03 5.28E+03 1.06E+04 2.11E+04 3.17E+04
 1.82E-33 3.59E-26 2.27E-20 4.50E-16 5.46E-14 8.22E-13 1.87E-12 2.42E-12
 2.76E-12 3.14E-12 3.47E-12 3.64E-12 3.54E-12 3.39E-12
 1.82E-33 3.59E-26 2.27E-20 4.50E-16 5.46E-14 8.22E-13 1.87E-12 2.42E-12
 2.76E-12 3.14E-12 3.47E-12 3.64E-12 3.54E-12 3.39E-12
 1.82E-33 3.59E-26 2.27E-20 4.50E-16 5.46E-14 8.22E-13 1.87E-12 2.42E-12
 2.76E-12 3.14E-12 3.47E-12 3.64E-12 3.54E-12 3.39E-12
 1.82E-33 3.59E-26 2.27E-20 4.50E-16 5.46E-14 8.22E-13 1.87E-12 2.42E-12
 2.76E-12 3.14E-12 3.47E-12 3.64E-12 3.54E-12 3.39E-12
 1.82E-33 3.59E-26 2.27E-20 4.50E-16 5.46E-14 8.22E-13 1.87E-12 2.42E-12
 2.76E-12 3.14E-12 3.47E-12 3.64E-12 3.54E-12 3.39E-12
 1.82E-33 3.59E-26 2.27E-20 4.50E-16 5.46E-14 8.22E-13 1.87E-12 2.42E-12
 2.76E-12 3.14E-12 3.47E-12 3.64E-12 3.54E-12 3.39E-12
 1.82E-33 3.59E-26 2.27E-20 4.50E-16 5.46E-14 8.22E-13 1.87E-12 2.42E-12
 2.75E-12 3.14E-12 3.47E-12 3.64E-12 3.54E-12 3.39E-12
  27.7572    7  14 /pl=01:ss=34:pb= 1:sz=34/type=excit/ispb = t/isel =   21
 1.00E+10 1.00E+11 1.00E+12 1.00E+13 1.00E+14 1.00E+15 1.00E+16
 2.11E+01 3.17E+01 5.28E+01 1.06E+02 2.11E+02 5.28E+02 1.06E+03 1.58E+03
 2.11E+03 3.17E+03 5.28E+03 1.06E+04 2.11E+04 3.17E+04
 1.28E-19 1.21E-16 2.69E-14 1.36E-12 8.55E-12 2.20E-11 2.68E-11 2.70E-11
 2.64E-11 2.48E-11 2.21E-11 1.82E-11 1.45E-11 1.26E-11
 1.28E-19 1.21E-16 2.69E-14 1.36E-12 8.55E-12 2.20E-11 2.68E-11 2.70E-11
 2.64E-11 2.48E-11 2.21E-11 1.82E-11 1.45E-11 1.26E-11
 1.28E-19 1.21E-16 2.69E-14 1.36E-12 8.55E-12 2.20E-11 2.68E-11 2.70E-11
 2.64E-11 2.48E-11 2.21E-11 1.82E-11 1.45E-11 1.26E-11
 1.28E-19 1.21E-16 2.69E-14 1.36E-12 8.55E-12 2.20E-11 2.68E-11 2.70E-11
 2.64E-11 2.48E-11 2.21E-11 1.82E-11 1.45E-11 1.26E-11
 1.28E-19 1.21E-16 2.69E-14 1.36E-12 8.55E-12 2.20E-11 2.67E-11 2.70E-11
 2.64E-11 2.48E-11 2.21E-11 1.82E-11 1.45E-11 1.26E-11
 1.28E-19 1.21E-16 2.68E-14 1.35E-12 8.50E-12 2.18E-11 2.66E-11 2.69E-11
 2.63E-11 2.47E-11 2.20E-11 1.82E-11 1.45E-11 1.26E-11
 1.27E-19 1.19E-16 2.60E-14 1.29E-12 8.03E-12 2.07E-11 2.54E-11 2.57E-11
 2.52E-11 2.38E-11 2.13E-11 1.77E-11 1.42E-11 1.24E-11
  30.8246    7  14 /pl=01:ss=34:pb= 1:sz=34/type=excit/ispb = t/isel =   22
 1.00E+10 1.00E+11 1.00E+12 1.00E+13 1.00E+14 1.00E+15 1.00E+16
 2.11E+01 3.17E+01 5.28E+01 1.06E+02 2.11E+02 5.28E+02 1.06E+03 1.58E+03
 2.11E+03 3.17E+03 5.28E+03 1.06E+04 2.11E+04 3.17E+04
 2.37E-27 7.28E-22 1.64E-17 2.64E-14 9.14E-13 6.49E-12 1.18E-11 1.45E-11
 1.63E-11 1.86E-11 2.11E-11 2.32E-11 2.38E-11 2.33E-11
 2.37E-27 7.28E-22 1.64E-17 2.64E-14 9.14E-13 6.49E-12 1.18E-11 1.45E-11
 1.63E-11 1.86E-11 2.11E-11 2.32E-11 2.38E-11 2.33E-11
 2.37E-27 7.28E-22 1.64E-17 2.64E-14 9.14E-13 6.49E-12 1.18E-11 1.45E-11
 1.63E-11 1.86E-11 2.11E-11 2.32E-11 2.38E-11 2.33E-11
 2.37E-27 7.28E-22 1.64E-17 2.64E-14 9.14E-13 6.49E-12 1.18E-11 1.45E-11
 1.63E-11 1.86E-11 2.11E-11 2.32E-11 2.38E-11 2.33E-11
 2.37E-27 7.28E-22 1.64E-17 2.64E-14 9.14E-13 6.49E-12 1.18E-11 1.45E-11
 1.63E-11 1.86E-11 2.11E-11 2.32E-11 2.38E-11 2.33E-11
 2.37E-27 7.28E-22 1.64E-17 2.64E-14 9.14E-13 6.49E-12 1.18E-11 1.45E-11
 1.63E-11 1.86E-11 2.11E-11 2.32E-11 2.38E-11 2.33E-11
 2.38E-27 7.29E-22 1.64E-17 2.64E-14 9.15E-13 6.49E-12 1.18E-11 1.45E-11
 1.63E-11 1.86E-11 2.11E-11 2.32E-11 2.37E-11 2.33E-11
  30.8578    7  14 /pl=01:ss=34:pb= 1:sz=34/type=excit/ispb = t/isel =   23
 1.00E+10 1.00E+11 1.00E+12 1.00E+13 1.00E+14 1.00E+15 1.00E+16
 2.11E+01 3.17E+01 5.28E+01 1.06E+02 2.11E+02 5.28E+02 1.06E+03 1.58E+03
 2.11E+03 3.17E+03 5.28E+03 1.06E+04 2.11E+04 3.17E+04
 2.93E-22 3.52E-18 5.96E-15 1.36E-12 1.77E-11 6.90E-11 9.54E-11 1.00E-10
 1.00E-10 9.60E-11 8.71E-11 7.30E-11 5.87E-11 5.11E-11
 2.93E-22 3.52E-18 5.96E-15 1.36E-12 1.77E-11 6.90E-11 9.54E-11 1.00E-10
 1.00E-10 9.60E-11 8.71E-11 7.30E-11 5.87E-11 5.11E-11
 2.93E-22 3.52E-18 5.96E-15 1.36E-12 1.77E-11 6.90E-11 9.54E-11 1.00E-10
 1.00E-10 9.60E-11 8.71E-11 7.30E-11 5.87E-11 5.11E-11
 2.93E-22 3.52E-18 5.96E-15 1.36E-12 1.77E-11 6.90E-11 9.54E-11 1.00E-10
 1.00E-10 9.60E-11 8.71E-11 7.30E-11 5.87E-11 5.11E-11
 2.93E-22 3.53E-18 5.96E-15 1.36E-12 1.77E-11 6.90E-11 9.54E-11 1.00E-10
 1.00E-10 9.60E-11 8.71E-11 7.30E-11 5.87E-11 5.11E-11
 2.93E-22 3.53E-18 5.96E-15 1.36E-12 1.77E-11 6.90E-11 9.54E-11 1.00E-10
 1.00E-10 9.60E-11 8.71E-11 7.30E-11 5.87E-11 5.11E-11
 2.94E-22 3.54E-18 5.98E-15 1.36E-12 1.77E-11 6.91E-11 9.55E-11 1.00E-10
 1.00E-10 9.60E-11 8.72E-11 7.30E-11 5.87E-11 5.11E-11
  30.9547    7  14 /pl=01:ss=34:pb= 1:sz=34/type=excit/ispb = t/isel =   24
 1.00E+10 1.00E+11 1.00E+12 1.00E+13 1.00E+14 1.00E+15 1.00E+16
 2.11E+01 3.17E+01 5.28E+01 1.06E+02 2.11E+02 5.28E+02 1.06E+03 1.58E+03
 2.11E+03 3.17E+03 5.28E+03 1.06E+04 2.11E+04 3.17E+04
 1.34E-33 3.55E-26 2.81E-20 6.39E-16 8.16E-14 1.18E-12 2.40E-12 2.81E-12
 2.94E-12 2.91E-12 2.65E-12 2.14E-12 1.64E-12 1.38E-12
 1.34E-33 3.55E-26 2.81E-20 6.39E-16 8.16E-14 1.18E-12 2.40E-12 2.81E-12
 2.94E-12 2.91E-12 2.65E-12 2.14E-12 1.64E-12 1.38E-12
 1.34E-33 3.55E-26 2.81E-20 6.39E-16 8.16E-14 1.18E-12 2.40E-12 2.81E-12
 2.94E-12 2.91E-12 2.65E-12 2.14E-12 1.64E-12 1.38E-12
 1.34E-33 3.55E-26 2.81E-20 6.39E-16 8.16E-14 1.18E-12 2.40E-12 2.81E-12
 2.94E-12 2.91E-12 2.65E-12 2.14E-12 1.64E-12 1.38E-12
 1.34E-33 3.55E-26 2.81E-20 6.39E-16 8.16E-14 1.18E-12 2.40E-12 2.81E-12
 2.94E-12 2.91E-12 2.65E-12 2.14E-12 1.64E-12 1.38E-12
 1.34E-33 3.55E-26 2.81E-20 6.39E-16 8.16E-14 1.18E-12 2.40E-12 2.81E-12
 2.94E-12 2.91E-12 2.65E-12 2.14E-12 1.64E-12 1.38E-12
 1.34E-33 3.55E-26 2.81E-20 6.39E-16 8.16E-14 1.18E-12 2.40E-12 2.81E-12
 2.94E-12 2.91E-12 2.65E-12 2.14E-12 1.64E-12 1.38E-12
  31.3878    7  14 /pl=01:ss=34:pb= 1:sz=34/type=excit/ispb = t/isel =   25
 1.00E+10 1.00E+11 1.00E+12 1.00E+13 1.00E+14 1.00E+15 1.00E+16
 2.11E+01 3.17E+01 5.28E+01 1.06E+02 2.11E+02 5.28E+02 1.06E+03 1.58E+03
 2.11E+03 3.17E+03 5.28E+03 1.06E+04 2.11E+04 3.17E+04
 4.35E-29 2.20E-23 7.64E-19 1.80E-15 8.03E-14 6.80E-13 1.25E-12 1.47E-12
 1.58E-12 1.65E-12 1.67E-12 1.58E-12 1.41E-12 1.30E-12
 4.35E-29 2.20E-23 7.64E-19 1.80E-15 8.03E-14 6.80E-13 1.25E-12 1.47E-12
 1.58E-12 1.65E-12 1.67E-12 1.58E-12 1.41E-12 1.30E-12
 4.35E-29 2.20E-23 7.64E-19 1.80E-15 8.03E-14 6.80E-13 1.25E-12 1.47E-12
 1.58E-12 1.65E-12 1.67E-12 1.58E-12 1.41E-12 1.30E-12
 4.35E-29 2.20E-23 7.64E-19 1.80E-15 8.03E-14 6.80E-13 1.25E-12 1.47E-12
 1.58E-12 1.65E-12 1.67E-12 1.58E-12 1.41E-12 1.30E-12
 4.35E-29 2.20E-23 7.64E-19 1.80E-15 8.04E-14 6.80E-13 1.25E-12 1.47E-12
 1.58E-12 1.65E-12 1.67E-12 1.58E-12 1.41E-12 1.30E-12
 4.36E-29 2.20E-23 7.64E-19 1.80E-15 8.04E-14 6.80E-13 1.25E-12 1.47E-12
 1.58E-12 1.65E-12 1.67E-12 1.58E-12 1.41E-12 1.30E-12
 4.39E-29 2.22E-23 7.68E-19 1.81E-15 8.05E-14 6.81E-13 1.25E-12 1.47E-12
 1.58E-12 1.65E-12 1.67E-12 1.58E-12 1.41E-12 1.30E-12
  33.2543    7  14 /pl=01:ss=34:pb= 1:sz=34/type=excit/ispb = t/isel =   26
 1.00E+10 1.00E+11 1.00E+12 1.00E+13 1.00E+14 1.00E+15 1.00E+16
 2.11E+01 3.17E+01 5.28E+01 1.06E+02 2.11E+02 5.28E+02 1.06E+03 1.58E+03
 2.11E+03 3.17E+03 5.28E+03 1.06E+04 2.11E+04 3.17E+04
 5.50E-29 5.69E-23 3.37E-18 1.11E-14 5.50E-13 4.60E-12 8.01E-12 9.03E-12
 9.29E-12 9.16E-12 8.45E-12 7.09E-12 5.66E-12 4.90E-12
 5.50E-29 5.69E-23 3.37E-18 1.11E-14 5.50E-13 4.60E-12 8.01E-12 9.03E-12
 9.29E-12 9.16E-12 8.45E-12 7.09E-12 5.66E-12 4.90E-12
 5.50E-29 5.69E-23 3.37E-18 1.11E-14 5.50E-13 4.60E-12 8.01E-12 9.03E-12
 9.29E-12 9.16E-12 8.45E-12 7.09E-12 5.66E-12 4.90E-12
 5.50E-29 5.69E-23 3.37E-18 1.11E-14 5.50E-13 4.60E-12 8.01E-12 9.03E-12
 9.29E-12 9.16E-12 8.45E-12 7.09E-12 5.66E-12 4.90E-12
 5.50E-29 5.69E-23 3.37E-18 1.11E-14 5.50E-13 4.60E-12 8.01E-12 9.03E-12
 9.29E-12 9.16E-12 8.45E-12 7.09E-12 5.66E-12 4.90E-12
 5.50E-29 5.69E-23 3.37E-18 1.11E-14 5.50E-13 4.60E-12 8.01E-12 9.03E-12
 9.29E-12 9.16E-12 8.45E-12 7.09E-12 5.66E-12 4.90E-12
 5.51E-29 5.69E-23 3.37E-18 1.11E-14 5.50E-13 4.60E-12 8.00E-12 9.03E-12
 9.29E-12 9.16E-12 8.45E-12 7.09E-12 5.66E-12 4.90E-12
  34.9905    7  14 /pl=01:ss=34:pb= 1:sz=34/type=excit/ispb = t/isel =   27
 1.00E+10 1.00E+11 1.00E+12 1.00E+13 1.00E+14 1.00E+15 1.00E+16
 2.11E+01 3.17E+01 5.28E+01 1.06E+02 2.11E+02 5.28E+02 1.06E+03 1.58E+03
 2.11E+03 3.17E+03 5.28E+03 1.06E+04 2.11E+04 3.17E+04
 4.44E-33 5.67E-26 2.51E-20 3.72E-16 3.85E-14 4.96E-13 9.81E-13 1.15E-12
 1.21E-12 1.20E-12 1.11E-12 9.26E-13 7.25E-13 6.21E-13
 4.44E-33 5.67E-26 2.51E-20 3.72E-16 3.85E-14 4.96E-13 9.81E-13 1.15E-12
 1.21E-12 1.20E-12 1.11E-12 9.26E-13 7.25E-13 6.21E-13
 4.44E-33 5.67E-26 2.51E-20 3.72E-16 3.85E-14 4.96E-13 9.81E-13 1.15E-12
 1.21E-12 1.20E-12 1.11E-12 9.26E-13 7.25E-13 6.21E-13
 4.44E-33 5.67E-26 2.51E-20 3.72E-16 3.85E-14 4.96E-13 9.81E-13 1.15E-12
 1.21E-12 1.20E-12 1.11E-12 9.26E-13 7.25E-13 6.21E-13
 4.44E-33 5.67E-26 2.51E-20 3.72E-16 3.85E-14 4.96E-13 9.81E-13 1.15E-12
 1.21E-12 1.20E-12 1.11E-12 9.26E-13 7.25E-13 6.21E-13
 4.44E-33 5.67E-26 2.51E-20 3.72E-16 3.85E-14 4.96E-13 9.81E-13 1.15E-12
 1.21E-12 1.20E-12 1.11E-12 9.26E-13 7.25E-13 6.21E-13
 4.44E-33 5.67E-26 2.51E-20 3.72E-16 3.85E-14 4.95E-13 9.81E-13 1.15E-12
 1.21E-12 1.20E-12 1.11E-12 9.26E-13 7.25E-13 6.21E-13
  37.8501    7  14 /pl=01:ss=34:pb= 1:sz=34/type=excit/ispb = t/isel =   28
 1.00E+10 1.00E+11 1.00E+12 1.00E+13 1.00E+14 1.00E+15 1.00E+16
 2.11E+01 3.17E+01 5.28E+01 1.06E+02 2.11E+02 5.28E+02 1.06E+03 1.58E+03
 2.11E+03 3.17E+03 5.28E+03 1.06E+04 2.11E+04 3.17E+04
 2.34E-30 5.01E-24 5.36E-19 2.86E-15 1.87E-13 2.00E-12 4.13E-12 5.22E-12
 5.87E-12 6.59E-12 7.20E-12 7.51E-12 7.29E-12 6.95E-12
 2.34E-30 5.01E-24 5.36E-19 2.86E-15 1.87E-13 2.00E-12 4.13E-12 5.22E-12
 5.87E-12 6.59E-12 7.20E-12 7.51E-12 7.29E-12 6.95E-12
 2.34E-30 5.01E-24 5.36E-19 2.86E-15 1.87E-13 2.00E-12 4.13E-12 5.22E-12
 5.87E-12 6.59E-12 7.20E-12 7.51E-12 7.29E-12 6.95E-12
 2.34E-30 5.01E-24 5.36E-19 2.86E-15 1.87E-13 2.00E-12 4.13E-12 5.22E-12
 5.87E-12 6.59E-12 7.20E-12 7.51E-12 7.29E-12 6.95E-12
 2.34E-30 5.01E-24 5.36E-19 2.86E-15 1.87E-13 2.00E-12 4.13E-12 5.22E-12
 5.87E-12 6.59E-12 7.20E-12 7.51E-12 7.29E-12 6.95E-12
 2.34E-30 5.01E-24 5.36E-19 2.86E-15 1.87E-13 2.00E-12 4.13E-12 5.22E-12
 5.87E-12 6.59E-12 7.20E-12 7.51E-12 7.29E-12 6.95E-12
 2.34E-30 5.01E-24 5.37E-19 2.86E-15 1.87E-13 2.00E-12 4.13E-12 5.21E-12
 5.87E-12 6.59E-12 7.20E-12 7.51E-12 7.28E-12 6.95E-12
  43.1092    7  14 /pl=01:ss=34:pb= 1:sz=34/type=excit/ispb = t/isel =   29
 1.00E+10 1.00E+11 1.00E+12 1.00E+13 1.00E+14 1.00E+15 1.00E+16
 2.11E+01 3.17E+01 5.28E+01 1.06E+02 2.11E+02 5.28E+02 1.06E+03 1.58E+03
 2.11E+03 3.17E+03 5.28E+03 1.06E+04 2.11E+04 3.17E+04
 7.79E-28 2.10E-22 4.25E-18 6.28E-15 2.08E-13 1.37E-12 2.20E-12 2.40E-12
 2.42E-12 2.33E-12 2.10E-12 1.72E-12 1.35E-12 1.15E-12
 7.79E-28 2.10E-22 4.25E-18 6.28E-15 2.08E-13 1.37E-12 2.20E-12 2.40E-12
 2.42E-12 2.33E-12 2.10E-12 1.72E-12 1.35E-12 1.15E-12
 7.79E-28 2.10E-22 4.25E-18 6.28E-15 2.08E-13 1.37E-12 2.20E-12 2.40E-12
 2.42E-12 2.33E-12 2.10E-12 1.72E-12 1.35E-12 1.15E-12
 7.79E-28 2.10E-22 4.25E-18 6.28E-15 2.08E-13 1.37E-12 2.20E-12 2.40E-12
 2.42E-12 2.33E-12 2.10E-12 1.72E-12 1.35E-12 1.15E-12
 7.80E-28 2.10E-22 4.25E-18 6.28E-15 2.08E-13 1.37E-12 2.20E-12 2.40E-12
 2.42E-12 2.33E-12 2.10E-12 1.72E-12 1.35E-12 1.15E-12
 7.82E-28 2.11E-22 4.26E-18 6.29E-15 2.08E-13 1.37E-12 2.20E-12 2.40E-12
 2.42E-12 2.33E-12 2.10E-12 1.72E-12 1.35E-12 1.15E-12
 8.05E-28 2.16E-22 4.34E-18 6.37E-15 2.10E-13 1.38E-12 2.21E-12 2.41E-12
 2.43E-12 2.34E-12 2.11E-12 1.72E-12 1.35E-12 1.16E-12
  44.9321    7  14 /pl=01:ss=34:pb= 1:sz=34/type=excit/ispb = t/isel =   30
 1.00E+10 1.00E+11 1.00E+12 1.00E+13 1.00E+14 1.00E+15 1.00E+16
 2.11E+01 3.17E+01 5.28E+01 1.06E+02 2.11E+02 5.28E+02 1.06E+03 1.58E+03
 2.11E+03 3.17E+03 5.28E+03 1.06E+04 2.11E+04 3.17E+04
 6.03E-36 4.86E-28 9.39E-22 4.20E-17 7.60E-15 1.43E-13 3.52E-13 4.67E-13
 5.37E-13 6.19E-13 6.92E-13 7.32E-13 7.18E-13 6.88E-13
 6.03E-36 4.86E-28 9.39E-22 4.20E-17 7.60E-15 1.43E-13 3.52E-13 4.67E-13
 5.37E-13 6.19E-13 6.92E-13 7.32E-13 7.18E-13 6.88E-13
 6.03E-36 4.86E-28 9.39E-22 4.20E-17 7.60E-15 1.43E-13 3.52E-13 4.67E-13
 5.37E-13 6.19E-13 6.92E-13 7.32E-13 7.18E-13 6.88E-13
 6.03E-36 4.86E-28 9.39E-22 4.20E-17 7.60E-15 1.43E-13 3.52E-13 4.67E-13
 5.37E-13 6.19E-13 6.92E-13 7.32E-13 7.18E-13 6.88E-13
 6.03E-36 4.86E-28 9.39E-22 4.20E-17 7.60E-15 1.43E-13 3.52E-13 4.67E-13
 5.37E-13 6.19E-13 6.92E-13 7.32E-13 7.18E-13 6.88E-13
 6.03E-36 4.86E-28 9.39E-22 4.20E-17 7.60E-15 1.43E-13 3.52E-13 4.67E-13
 5.37E-13 6.19E-13 6.92E-13 7.32E-13 7.18E-13 6.88E-13
 6.03E-36 4.86E-28 9.40E-22 4.20E-17 7.60E-15 1.43E-13 3.52E-13 4.67E-13
 5.37E-13 6.19E-13 6.91E-13 7.32E-13 7.18E-13 6.88E-13
  45.4597    7  14 /pl=01:ss=34:pb= 1:sz=34/type=excit/ispb = t/isel =   31
 1.00E+10 1.00E+11 1.00E+12 1.00E+13 1.00E+14 1.00E+15 1.00E+16
 2.11E+01 3.17E+01 5.28E+01 1.06E+02 2.11E+02 5.28E+02 1.06E+03 1.58E+03
 2.11E+03 3.17E+03 5.28E+03 1.06E+04 2.11E+04 3.17E+04
 1.37E-30 4.83E-24 7.60E-19 5.17E-15 3.60E-13 3.65E-12 6.66E-12 7.55E-12
 7.76E-12 7.60E-12 6.88E-12 5.56E-12 4.27E-12 3.60E-12
 1.37E-30 4.83E-24 7.60E-19 5.17E-15 3.60E-13 3.65E-12 6.66E-12 7.55E-12
 7.76E-12 7.60E-12 6.88E-12 5.56E-12 4.27E-12 3.60E-12
 1.37E-30 4.83E-24 7.60E-19 5.17E-15 3.60E-13 3.65E-12 6.66E-12 7.55E-12
 7.76E-12 7.60E-12 6.88E-12 5.56E-12 4.27E-12 3.60E-12
 1.37E-30 4.83E-24 7.60E-19 5.17E-15 3.60E-13 3.65E-12 6.66E-12 7.55E-12
 7.76E-12 7.60E-12 6.88E-12 5.56E-12 4.27E-12 3.60E-12
 1.37E-30 4.83E-24 7.60E-19 5.17E-15 3.60E-13 3.65E-12 6.66E-12 7.55E-12
 7.76E-12 7.60E-12 6.88E-12 5.56E-12 4.27E-12 3.60E-12
 1.37E-30 4.83E-24 7.60E-19 5.17E-15 3.60E-13 3.65E-12 6.66E-12 7.55E-12
 7.76E-12 7.60E-12 6.88E-12 5.56E-12 4.27E-12 3.60E-12
 1.37E-30 4.83E-24 7.60E-19 5.17E-15 3.60E-13 3.65E-12 6.65E-12 7.55E-12
 7.76E-12 7.60E-12 6.88E-12 5.56E-12 4.27E-12 3.60E-12
  51.0963    7  14 /pl=01:ss=34:pb= 1:sz=34/type=excit/ispb = t/isel =   32
 1.00E+10 1.00E+11 1.00E+12 1.00E+13 1.00E+14 1.00E+15 1.00E+16
 2.11E+01 3.17E+01 5.28E+01 1.06E+02 2.11E+02 5.28E+02 1.06E+03 1.58E+03
 2.11E+03 3.17E+03 5.28E+03 1.06E+04 2.11E+04 3.17E+04
 6.19E-36 6.06E-28 1.36E-21 6.77E-17 1.27E-14 2.31E-13 5.08E-13 6.07E-13
 6.39E-13 6.34E-13 5.81E-13 4.67E-13 3.55E-13 2.98E-13
 6.19E-36 6.06E-28 1.36E-21 6.77E-17 1.27E-14 2.31E-13 5.08E-13 6.07E-13
 6.39E-13 6.34E-13 5.81E-13 4.67E-13 3.55E-13 2.98E-13
 6.19E-36 6.06E-28 1.36E-21 6.77E-17 1.27E-14 2.31E-13 5.08E-13 6.07E-13
 6.39E-13 6.34E-13 5.81E-13 4.67E-13 3.55E-13 2.98E-13
 6.19E-36 6.06E-28 1.36E-21 6.77E-17 1.27E-14 2.31E-13 5.08E-13 6.07E-13
 6.39E-13 6.34E-13 5.81E-13 4.67E-13 3.55E-13 2.98E-13
 6.19E-36 6.06E-28 1.36E-21 6.77E-17 1.27E-14 2.31E-13 5.08E-13 6.07E-13
 6.39E-13 6.34E-13 5.81E-13 4.67E-13 3.55E-13 2.98E-13
 6.19E-36 6.06E-28 1.36E-21 6.77E-17 1.27E-14 2.31E-13 5.08E-13 6.07E-13
 6.39E-13 6.34E-13 5.81E-13 4.67E-13 3.55E-13 2.98E-13
 6.20E-36 6.06E-28 1.36E-21 6.77E-17 1.27E-14 2.31E-13 5.08E-13 6.07E-13
 6.39E-13 6.34E-13 5.81E-13 4.67E-13 3.55E-13 2.98E-13
  53.0439    7  14 /pl=01:ss=34:pb= 1:sz=34/type=excit/ispb = t/isel =   33
 1.00E+10 1.00E+11 1.00E+12 1.00E+13 1.00E+14 1.00E+15 1.00E+16
 2.11E+01 3.17E+01 5.28E+01 1.06E+02 2.11E+02 5.28E+02 1.06E+03 1.58E+03
 2.11E+03 3.17E+03 5.28E+03 1.06E+04 2.11E+04 3.17E+04
 1.04E-28 5.26E-23 1.83E-18 4.30E-15 1.92E-13 1.63E-12 2.99E-12 3.52E-12
 3.77E-12 3.95E-12 3.98E-12 3.77E-12 3.38E-12 3.12E-12
 1.04E-28 5.26E-23 1.83E-18 4.30E-15 1.92E-13 1.63E-12 2.99E-12 3.52E-12
 3.77E-12 3.95E-12 3.98E-12 3.77E-12 3.38E-12 3.12E-12
 1.04E-28 5.26E-23 1.83E-18 4.30E-15 1.92E-13 1.63E-12 2.99E-12 3.52E-12
 3.77E-12 3.95E-12 3.98E-12 3.77E-12 3.38E-12 3.12E-12
 1.04E-28 5.26E-23 1.83E-18 4.30E-15 1.92E-13 1.63E-12 2.99E-12 3.52E-12
 3.77E-12 3.95E-12 3.98E-12 3.77E-12 3.38E-12 3.12E-12
 1.04E-28 5.26E-23 1.83E-18 4.30E-15 1.92E-13 1.63E-12 2.99E-12 3.52E-12
 3.77E-12 3.95E-12 3.98E-12 3.77E-12 3.38E-12 3.12E-12
 1.04E-28 5.27E-23 1.83E-18 4.31E-15 1.92E-13 1.63E-12 2.99E-12 3.52E-12
 3.77E-12 3.95E-12 3.98E-12 3.77E-12 3.38E-12 3.12E-12
 1.05E-28 5.30E-23 1.84E-18 4.32E-15 1.93E-13 1.63E-12 2.99E-12 3.52E-12
 3.77E-12 3.95E-12 3.98E-12 3.77E-12 3.38E-12 3.12E-12
  59.7596    7  14 /pl=01:ss=34:pb= 1:sz=34/type=excit/ispb = t/isel =   34
 1.00E+10 1.00E+11 1.00E+12 1.00E+13 1.00E+14 1.00E+15 1.00E+16
 2.11E+01 3.17E+01 5.28E+01 1.06E+02 2.11E+02 5.28E+02 1.06E+03 1.58E+03
 2.11E+03 3.17E+03 5.28E+03 1.06E+04 2.11E+04 3.17E+04
 3.39E-33 4.34E-26 1.92E-20 2.85E-16 2.95E-14 3.79E-13 7.51E-13 8.82E-13
 9.24E-13 9.22E-13 8.52E-13 7.09E-13 5.55E-13 4.76E-13
 3.39E-33 4.34E-26 1.92E-20 2.85E-16 2.95E-14 3.79E-13 7.51E-13 8.82E-13
 9.24E-13 9.22E-13 8.52E-13 7.09E-13 5.55E-13 4.76E-13
 3.39E-33 4.34E-26 1.92E-20 2.85E-16 2.95E-14 3.79E-13 7.51E-13 8.82E-13
 9.24E-13 9.22E-13 8.52E-13 7.09E-13 5.55E-13 4.76E-13
 3.39E-33 4.34E-26 1.92E-20 2.85E-16 2.95E-14 3.79E-13 7.51E-13 8.82E-13
 9.24E-13 9.22E-13 8.52E-13 7.09E-13 5.55E-13 4.76E-13
 3.39E-33 4.34E-26 1.92E-20 2.85E-16 2.95E-14 3.79E-13 7.51E-13 8.82E-13
 9.24E-13 9.22E-13 8.52E-13 7.09E-13 5.55E-13 4.76E-13
 3.39E-33 4.34E-26 1.92E-20 2.85E-16 2.95E-14 3.79E-13 7.51E-13 8.82E-13
 9.24E-13 9.22E-13 8.52E-13 7.09E-13 5.55E-13 4.76E-13
 3.40E-33 4.34E-26 1.92E-20 2.85E-16 2.95E-14 3.79E-13 7.51E-13 8.82E-13
 9.24E-13 9.21E-13 8.52E-13 7.08E-13 5.55E-13 4.76E-13
  60.0000    7  14 /pl=01:ss=34:pb= 1:sz=34/type=excit/ispb = t/isel =   35
 1.00E+10 1.00E+11 1.00E+12 1.00E+13 1.00E+14 1.00E+15 1.00E+16
 2.11E+01 3.17E+01 5.28E+01 1.06E+02 2.11E+02 5.28E+02 1.06E+03 1.58E+03
 2.11E+03 3.17E+03 5.28E+03 1.06E+04 2.11E+04 3.17E+04
 1.03E-12 2.21E-11 2.36E-10 1.25E-09 2.62E-09 3.64E-09 3.71E-09 3.56E-09
 3.41E-09 3.16E-09 2.81E-09 2.33E-09 1.89E-09 1.66E-09
 1.03E-12 2.21E-11 2.36E-10 1.25E-09 2.62E-09 3.64E-09 3.71E-09 3.56E-09
 3.41E-09 3.16E-09 2.81E-09 2.33E-09 1.89E-09 1.66E-09
 1.03E-12 2.21E-11 2.36E-10 1.25E-09 2.62E-09 3.64E-09 3.71E-09 3.56E-09
 3.41E-09 3.16E-09 2.81E-09 2.33E-09 1.89E-09 1.66E-09
 1.03E-12 2.21E-11 2.36E-10 1.25E-09 2.62E-09 3.64E-09 3.71E-09 3.56E-09
 3.41E-09 3.16E-09 2.81E-09 2.33E-09 1.89E-09 1.66E-09
 1.03E-12 2.21E-11 2.36E-10 1.25E-09 2.62E-09 3.64E-09 3.71E-09 3.56E-09
 3.41E-09 3.16E-09 2.81E-09 2.33E-09 1.89E-09 1.66E-09
 1.03E-12 2.21E-11 2.36E-10 1.25E-09 2.62E-09 3.64E-09 3.71E-09 3.56E-09
 3.41E-09 3.16E-09 2.81E-09 2.33E-09 1.89E-09 1.66E-09
 1.03E-12 2.21E-11 2.36E-10 1.25E-09 2.62E-09 3.64E-09 3.71E-09 3.56E-09
 3.41E-09 3.16E-09 2.81E-09 2.33E-09 1.89E-09 1.66E-09
  60.1429    7  14 /pl=01:ss=34:pb= 1:sz=34/type=excit/ispb = t/isel =   36
 1.00E+10 1.00E+11 1.00E+12 1.00E+13 1.00E+14 1.00E+15 1.00E+16
 2.11E+01 3.17E+01 5.28E+01 1.06E+02 2.11E+02 5.28E+02 1.06E+03 1.58E+03
 2.11E+03 3.17E+03 5.28E+03 1.06E+04 2.11E+04 3.17E+04
 8.63E-13 1.84E-11 1.94E-10 1.00E-09 2.03E-09 2.77E-09 2.85E-09 2.74E-09
 2.64E-09 2.46E-09 2.20E-09 1.84E-09 1.50E-09 1.31E-09
 8.63E-13 1.84E-11 1.94E-10 1.00E-09 2.03E-09 2.77E-09 2.85E-09 2.74E-09
 2.64E-09 2.46E-09 2.20E-09 1.84E-09 1.50E-09 1.31E-09
 8.63E-13 1.84E-11 1.94E-10 1.00E-09 2.03E-09 2.77E-09 2.85E-09 2.74E-09
 2.64E-09 2.46E-09 2.20E-09 1.84E-09 1.50E-09 1.31E-09
 8.63E-13 1.84E-11 1.94E-10 1.00E-09 2.03E-09 2.77E-09 2.85E-09 2.74E-09
 2.64E-09 2.46E-09 2.20E-09 1.84E-09 1.50E-09 1.31E-09
 8.63E-13 1.84E-11 1.94E-10 1.00E-09 2.03E-09 2.77E-09 2.85E-09 2.74E-09
 2.64E-09 2.46E-09 2.20E-09 1.84E-09 1.50E-09 1.31E-09
 8.63E-13 1.84E-11 1.94E-10 1.00E-09 2.03E-09 2.77E-09 2.85E-09 2.74E-09
 2.64E-09 2.46E-09 2.20E-09 1.84E-09 1.50E-09 1.31E-09
 8.63E-13 1.84E-11 1.94E-10 1.00E-09 2.03E-09 2.77E-09 2.84E-09 2.74E-09
 2.64E-09 2.45E-09 2.20E-09 1.84E-09 1.50E-09 1.31E-09
  60.8562    7  14 /pl=01:ss=34:pb= 1:sz=34/type=excit/ispb = t/isel =   37
 1.00E+10 1.00E+11 1.00E+12 1.00E+13 1.00E+14 1.00E+15 1.00E+16
 2.11E+01 3.17E+01 5.28E+01 1.06E+02 2.11E+02 5.28E+02 1.06E+03 1.58E+03
 2.11E+03 3.17E+03 5.28E+03 1.06E+04 2.11E+04 3.17E+04
 1.39E-17 7.38E-15 1.02E-12 3.54E-11 1.77E-10 3.72E-10 4.03E-10 3.83E-10
 3.60E-10 3.22E-10 2.73E-10 2.12E-10 1.61E-10 1.37E-10
 1.39E-17 7.38E-15 1.02E-12 3.54E-11 1.77E-10 3.72E-10 4.03E-10 3.83E-10
 3.60E-10 3.22E-10 2.73E-10 2.12E-10 1.61E-10 1.37E-10
 1.39E-17 7.38E-15 1.02E-12 3.54E-11 1.77E-10 3.72E-10 4.03E-10 3.83E-10
 3.60E-10 3.22E-10 2.73E-10 2.12E-10 1.61E-10 1.37E-10
 1.39E-17 7.38E-15 1.02E-12 3.54E-11 1.77E-10 3.72E-10 4.03E-10 3.83E-10
 3.60E-10 3.22E-10 2.73E-10 2.12E-10 1.61E-10 1.37E-10
 1.39E-17 7.38E-15 1.02E-12 3.54E-11 1.77E-10 3.72E-10 4.03E-10 3.83E-10
 3.60E-10 3.22E-10 2.73E-10 2.12E-10 1.61E-10 1.37E-10
 1.39E-17 7.38E-15 1.02E-12 3.54E-11 1.77E-10 3.72E-10 4.03E-10 3.83E-10
 3.60E-10 3.22E-10 2.73E-10 2.12E-10 1.61E-10 1.37E-10
 1.39E-17 7.39E-15 1.02E-12 3.54E-11 1.77E-10 3.72E-10 4.03E-10 3.83E-10
 3.60E-10 3.23E-10 2.73E-10 2.12E-10 1.61E-10 1.37E-10
  63.5588    7  14 /pl=01:ss=34:pb= 1:sz=34/type=excit/ispb = t/isel =   38
 1.00E+10 1.00E+11 1.00E+12 1.00E+13 1.00E+14 1.00E+15 1.00E+16
 2.11E+01 3.17E+01 5.28E+01 1.06E+02 2.11E+02 5.28E+02 1.06E+03 1.58E+03
 2.11E+03 3.17E+03 5.28E+03 1.06E+04 2.11E+04 3.17E+04
 4.39E-29 4.54E-23 2.69E-18 8.89E-15 4.39E-13 3.68E-12 6.39E-12 7.21E-12
 7.42E-12 7.31E-12 6.75E-12 5.66E-12 4.52E-12 3.91E-12
 4.39E-29 4.54E-23 2.69E-18 8.89E-15 4.39E-13 3.68E-12 6.39E-12 7.21E-12
 7.42E-12 7.31E-12 6.75E-12 5.66E-12 4.52E-12 3.91E-12
 4.39E-29 4.54E-23 2.69E-18 8.89E-15 4.39E-13 3.68E-12 6.39E-12 7.21E-12
 7.42E-12 7.31E-12 6.75E-12 5.66E-12 4.52E-12 3.91E-12
 4.39E-29 4.54E-23 2.69E-18 8.89E-15 4.39E-13 3.68E-12 6.39E-12 7.21E-12
 7.42E-12 7.31E-12 6.75E-12 5.66E-12 4.52E-12 3.91E-12
 4.39E-29 4.54E-23 2.69E-18 8.89E-15 4.39E-13 3.68E-12 6.39E-12 7.21E-12
 7.42E-12 7.31E-12 6.75E-12 5.66E-12 4.52E-12 3.91E-12
 4.39E-29 4.54E-23 2.69E-18 8.89E-15 4.39E-13 3.68E-12 6.39E-12 7.21E-12
 7.42E-12 7.31E-12 6.75E-12 5.66E-12 4.52E-12 3.91E-12
 4.40E-29 4.54E-23 2.69E-18 8.89E-15 4.39E-13 3.67E-12 6.39E-12 7.21E-12
 7.42E-12 7.31E-12 6.75E-12 5.66E-12 4.52E-12 3.91E-12
  66.5149    7  14 /pl=01:ss=34:pb= 1:sz=34/type=excit/ispb = t/isel =   39
 1.00E+10 1.00E+11 1.00E+12 1.00E+13 1.00E+14 1.00E+15 1.00E+16
 2.11E+01 3.17E+01 5.28E+01 1.06E+02 2.11E+02 5.28E+02 1.06E+03 1.58E+03
 2.11E+03 3.17E+03 5.28E+03 1.06E+04 2.11E+04 3.17E+04
 5.31E-34 1.05E-26 6.61E-21 1.31E-16 1.59E-14 2.39E-13 5.46E-13 7.05E-13
 8.03E-13 9.16E-13 1.01E-12 1.06E-12 1.03E-12 9.88E-13
 5.31E-34 1.05E-26 6.61E-21 1.31E-16 1.59E-14 2.39E-13 5.46E-13 7.05E-13
 8.03E-13 9.16E-13 1.01E-12 1.06E-12 1.03E-12 9.88E-13
 5.31E-34 1.05E-26 6.61E-21 1.31E-16 1.59E-14 2.39E-13 5.46E-13 7.05E-13
 8.03E-13 9.16E-13 1.01E-12 1.06E-12 1.03E-12 9.88E-13
 5.31E-34 1.05E-26 6.61E-21 1.31E-16 1.59E-14 2.39E-13 5.46E-13 7.05E-13
 8.03E-13 9.16E-13 1.01E-12 1.06E-12 1.03E-12 9.88E-13
 5.31E-34 1.05E-26 6.61E-21 1.31E-16 1.59E-14 2.39E-13 5.46E-13 7.05E-13
 8.03E-13 9.16E-13 1.01E-12 1.06E-12 1.03E-12 9.88E-13
 5.31E-34 1.05E-26 6.61E-21 1.31E-16 1.59E-14 2.39E-13 5.46E-13 7.05E-13
 8.02E-13 9.16E-13 1.01E-12 1.06E-12 1.03E-12 9.88E-13
 5.31E-34 1.05E-26 6.61E-21 1.31E-16 1.59E-14 2.39E-13 5.45E-13 7.05E-13
 8.02E-13 9.15E-13 1.01E-12 1.06E-12 1.03E-12 9.88E-13
  69.4855    7  14 /pl=01:ss=34:pb= 1:sz=34/type=excit/ispb = t/isel =   40
 1.00E+10 1.00E+11 1.00E+12 1.00E+13 1.00E+14 1.00E+15 1.00E+16
 2.11E+01 3.17E+01 5.28E+01 1.06E+02 2.11E+02 5.28E+02 1.06E+03 1.58E+03
 2.11E+03 3.17E+03 5.28E+03 1.06E+04 2.11E+04 3.17E+04
 2.58E-31 5.52E-25 5.92E-20 3.16E-16 2.06E-14 2.20E-13 4.55E-13 5.75E-13
 6.47E-13 7.27E-13 7.95E-13 8.28E-13 8.04E-13 7.67E-13
 2.58E-31 5.52E-25 5.92E-20 3.16E-16 2.06E-14 2.20E-13 4.55E-13 5.75E-13
 6.47E-13 7.27E-13 7.95E-13 8.28E-13 8.04E-13 7.67E-13
 2.58E-31 5.52E-25 5.92E-20 3.16E-16 2.06E-14 2.20E-13 4.55E-13 5.75E-13
 6.47E-13 7.27E-13 7.95E-13 8.28E-13 8.04E-13 7.67E-13
 2.58E-31 5.52E-25 5.92E-20 3.16E-16 2.06E-14 2.20E-13 4.55E-13 5.75E-13
 6.47E-13 7.27E-13 7.95E-13 8.28E-13 8.04E-13 7.67E-13
 2.58E-31 5.52E-25 5.92E-20 3.16E-16 2.06E-14 2.20E-13 4.55E-13 5.75E-13
 6.47E-13 7.27E-13 7.95E-13 8.28E-13 8.04E-13 7.67E-13
 2.58E-31 5.52E-25 5.92E-20 3.16E-16 2.06E-14 2.20E-13 4.55E-13 5.75E-13
 6.47E-13 7.27E-13 7.94E-13 8.28E-13 8.03E-13 7.67E-13
 2.58E-31 5.52E-25 5.92E-20 3.16E-16 2.06E-14 2.20E-13 4.55E-13 5.75E-13
 6.47E-13 7.27E-13 7.94E-13 8.28E-13 8.03E-13 7.67E-13
  77.5672    7  14 /pl=01:ss=34:pb= 1:sz=34/type=excit/ispb = t/isel =   41
 1.00E+10 1.00E+11 1.00E+12 1.00E+13 1.00E+14 1.00E+15 1.00E+16
 2.11E+01 3.17E+01 5.28E+01 1.06E+02 2.11E+02 5.28E+02 1.06E+03 1.58E+03
 2.11E+03 3.17E+03 5.28E+03 1.06E+04 2.11E+04 3.17E+04
 5.23E-34 1.38E-26 1.09E-20 2.49E-16 3.17E-14 4.59E-13 9.34E-13 1.09E-12
 1.14E-12 1.13E-12 1.03E-12 8.35E-13 6.39E-13 5.37E-13
 5.23E-34 1.38E-26 1.09E-20 2.49E-16 3.17E-14 4.59E-13 9.34E-13 1.09E-12
 1.14E-12 1.13E-12 1.03E-12 8.35E-13 6.39E-13 5.37E-13
 5.23E-34 1.38E-26 1.09E-20 2.49E-16 3.17E-14 4.59E-13 9.34E-13 1.09E-12
 1.14E-12 1.13E-12 1.03E-12 8.35E-13 6.39E-13 5.37E-13
 5.23E-34 1.38E-26 1.09E-20 2.49E-16 3.17E-14 4.59E-13 9.34E-13 1.09E-12
 1.14E-12 1.13E-12 1.03E-12 8.35E-13 6.39E-13 5.37E-13
 5.23E-34 1.38E-26 1.09E-20 2.49E-16 3.17E-14 4.59E-13 9.34E-13 1.09E-12
 1.14E-12 1.13E-12 1.03E-12 8.35E-13 6.39E-13 5.37E-13
 5.23E-34 1.38E-26 1.09E-20 2.49E-16 3.17E-14 4.59E-13 9.34E-13 1.09E-12
 1.14E-12 1.13E-12 1.03E-12 8.35E-13 6.39E-13 5.37E-13
 5.23E-34 1.38E-26 1.09E-20 2.49E-16 3.17E-14 4.59E-13 9.34E-13 1.09E-12
 1.14E-12 1.13E-12 1.03E-12 8.35E-13 6.39E-13 5.37E-13
  109.099    7  14 /pl=01:ss=34:pb= 1:sz=34/type=excit/ispb = t/isel =   42
 1.00E+10 1.00E+11 1.00E+12 1.00E+13 1.00E+14 1.00E+15 1.00E+16
 2.11E+01 3.17E+01 5.28E+01 1.06E+02 2.11E+02 5.28E+02 1.06E+03 1.58E+03
 2.11E+03 3.17E+03 5.28E+03 1.06E+04 2.11E+04 3.17E+04
 5.73E-33 7.33E-26 3.25E-20 4.81E-16 4.98E-14 6.40E-13 1.27E-12 1.49E-12
 1.56E-12 1.56E-12 1.44E-12 1.20E-12 9.37E-13 8.03E-13
 5.73E-33 7.33E-26 3.25E-20 4.81E-16 4.98E-14 6.40E-13 1.27E-12 1.49E-12
 1.56E-12 1.56E-12 1.44E-12 1.20E-12 9.37E-13 8.03E-13
 5.73E-33 7.33E-26 3.25E-20 4.81E-16 4.98E-14 6.40E-13 1.27E-12 1.49E-12
 1.56E-12 1.56E-12 1.44E-12 1.20E-12 9.37E-13 8.03E-13
 5.73E-33 7.33E-26 3.25E-20 4.81E-16 4.98E-14 6.40E-13 1.27E-12 1.49E-12
 1.56E-12 1.56E-12 1.44E-12 1.20E-12 9.37E-13 8.03E-13
 5.73E-33 7.33E-26 3.25E-20 4.81E-16 4.98E-14 6.40E-13 1.27E-12 1.49E-12
 1.56E-12 1.56E-12 1.44E-12 1.20E-12 9.37E-13 8.03E-13
 5.73E-33 7.33E-26 3.25E-20 4.81E-16 4.98E-14 6.40E-13 1.27E-12 1.49E-12
 1.56E-12 1.56E-12 1.44E-12 1.20E-12 9.37E-13 8.03E-13
 5.73E-33 7.33E-26 3.25E-20 4.81E-16 4.97E-14 6.40E-13 1.27E-12 1.49E-12
 1.56E-12 1.56E-12 1.44E-12 1.20E-12 9.37E-13 8.03E-13
  136.407    7  14 /pl=01:ss=34:pb= 1:sz=34/type=excit/ispb = t/isel =   43
 1.00E+10 1.00E+11 1.00E+12 1.00E+13 1.00E+14 1.00E+15 1.00E+16
 2.11E+01 3.17E+01 5.28E+01 1.06E+02 2.11E+02 5.28E+02 1.06E+03 1.58E+03
 2.11E+03 3.17E+03 5.28E+03 1.06E+04 2.11E+04 3.17E+04
 1.08E-22 1.30E-18 2.19E-15 4.98E-13 6.49E-12 2.54E-11 3.51E-11 3.69E-11
 3.69E-11 3.53E-11 3.20E-11 2.68E-11 2.16E-11 1.88E-11
 1.08E-22 1.30E-18 2.19E-15 4.98E-13 6.49E-12 2.54E-11 3.51E-11 3.69E-11
 3.69E-11 3.53E-11 3.20E-11 2.68E-11 2.16E-11 1.88E-11
 1.08E-22 1.30E-18 2.19E-15 4.98E-13 6.49E-12 2.54E-11 3.51E-11 3.69E-11
 3.69E-11 3.53E-11 3.20E-11 2.68E-11 2.16E-11 1.88E-11
 1.08E-22 1.30E-18 2.19E-15 4.98E-13 6.49E-12 2.54E-11 3.51E-11 3.69E-11
 3.69E-11 3.53E-11 3.20E-11 2.68E-11 2.16E-11 1.88E-11
 1.08E-22 1.30E-18 2.19E-15 4.98E-13 6.49E-12 2.54E-11 3.51E-11 3.69E-11
 3.69E-11 3.53E-11 3.20E-11 2.68E-11 2.16E-11 1.88E-11
 1.08E-22 1.30E-18 2.19E-15 4.98E-13 6.49E-12 2.54E-11 3.51E-11 3.69E-11
 3.69E-11 3.53E-11 3.20E-11 2.68E-11 2.16E-11 1.88E-11
 1.08E-22 1.30E-18 2.20E-15 4.99E-13 6.50E-12 2.54E-11 3.51E-11 3.69E-11
 3.69E-11 3.53E-11 3.20E-11 2.68E-11 2.16E-11 1.88E-11
  137.121    7  14 /pl=01:ss=34:pb= 1:sz=34/type=excit/ispb = t/isel =   44
 1.00E+10 1.00E+11 1.00E+12 1.00E+13 1.00E+14 1.00E+15 1.00E+16
 2.11E+01 3.17E+01 5.28E+01 1.06E+02 2.11E+02 5.28E+02 1.06E+03 1.58E+03
 2.11E+03 3.17E+03 5.28E+03 1.06E+04 2.11E+04 3.17E+04
 8.51E-28 2.61E-22 5.89E-18 9.46E-15 3.28E-13 2.33E-12 4.24E-12 5.21E-12
 5.85E-12 6.68E-12 7.57E-12 8.34E-12 8.52E-12 8.35E-12
 8.51E-28 2.61E-22 5.89E-18 9.46E-15 3.28E-13 2.33E-12 4.24E-12 5.21E-12
 5.85E-12 6.68E-12 7.57E-12 8.34E-12 8.52E-12 8.35E-12
 8.51E-28 2.61E-22 5.89E-18 9.46E-15 3.28E-13 2.33E-12 4.24E-12 5.21E-12
 5.85E-12 6.68E-12 7.57E-12 8.34E-12 8.52E-12 8.35E-12
 8.51E-28 2.61E-22 5.89E-18 9.46E-15 3.28E-13 2.33E-12 4.24E-12 5.21E-12
 5.85E-12 6.68E-12 7.57E-12 8.34E-12 8.52E-12 8.35E-12
 8.51E-28 2.61E-22 5.89E-18 9.46E-15 3.28E-13 2.33E-12 4.24E-12 5.21E-12
 5.85E-12 6.68E-12 7.57E-12 8.34E-12 8.52E-12 8.35E-12
 8.51E-28 2.61E-22 5.89E-18 9.46E-15 3.28E-13 2.33E-12 4.24E-12 5.21E-12
 5.85E-12 6.68E-12 7.57E-12 8.34E-12 8.52E-12 8.35E-12
 8.53E-28 2.62E-22 5.90E-18 9.47E-15 3.28E-13 2.33E-12 4.24E-12 5.21E-12
 5.85E-12 6.67E-12 7.57E-12 8.33E-12 8.52E-12 8.35E-12
  142.519    7  14 /pl=01:ss=34:pb= 1:sz=34/type=excit/ispb = t/isel =   45
 1.00E+10 1.00E+11 1.00E+12 1.00E+13 1.00E+14 1.00E+15 1.00E+16
 2.11E+01 3.17E+01 5.28E+01 1.06E+02 2.11E+02 5.28E+02 1.06E+03 1.58E+03
 2.11E+03 3.17E+03 5.28E+03 1.06E+04 2.11E+04 3.17E+04
 7.74E-30 9.33E-24 6.23E-19 2.23E-15 1.14E-13 9.94E-13 1.81E-12 2.10E-12
 2.21E-12 2.25E-12 2.14E-12 1.83E-12 1.47E-12 1.26E-12
 7.74E-30 9.33E-24 6.23E-19 2.23E-15 1.14E-13 9.94E-13 1.81E-12 2.10E-12
 2.21E-12 2.25E-12 2.14E-12 1.83E-12 1.47E-12 1.26E-12
 7.74E-30 9.33E-24 6.23E-19 2.23E-15 1.14E-13 9.94E-13 1.81E-12 2.10E-12
 2.21E-12 2.25E-12 2.14E-12 1.83E-12 1.47E-12 1.26E-12
 7.74E-30 9.33E-24 6.23E-19 2.23E-15 1.14E-13 9.94E-13 1.81E-12 2.10E-12
 2.21E-12 2.25E-12 2.14E-12 1.83E-12 1.47E-12 1.26E-12
 7.74E-30 9.33E-24 6.23E-19 2.23E-15 1.14E-13 9.94E-13 1.81E-12 2.10E-12
 2.21E-12 2.25E-12 2.14E-12 1.83E-12 1.47E-12 1.26E-12
 7.74E-30 9.33E-24 6.23E-19 2.23E-15 1.14E-13 9.94E-13 1.81E-12 2.10E-12
 2.21E-12 2.25E-12 2.14E-12 1.83E-12 1.47E-12 1.26E-12
 7.74E-30 9.33E-24 6.23E-19 2.23E-15 1.14E-13 9.94E-13 1.81E-12 2.10E-12
 2.21E-12 2.25E-12 2.14E-12 1.83E-12 1.47E-12 1.26E-12
  142.718    7  14 /pl=01:ss=34:pb= 1:sz=34/type=excit/ispb = t/isel =   46
 1.00E+10 1.00E+11 1.00E+12 1.00E+13 1.00E+14 1.00E+15 1.00E+16
 2.11E+01 3.17E+01 5.28E+01 1.06E+02 2.11E+02 5.28E+02 1.06E+03 1.58E+03
 2.11E+03 3.17E+03 5.28E+03 1.06E+04 2.11E+04 3.17E+04
 1.03E-25 4.89E-21 2.51E-17 1.38E-14 3.12E-13 1.94E-12 3.51E-12 4.30E-12
 4.76E-12 5.28E-12 5.75E-12 5.95E-12 5.75E-12 5.49E-12
 1.03E-25 4.89E-21 2.51E-17 1.38E-14 3.12E-13 1.94E-12 3.51E-12 4.30E-12
 4.76E-12 5.28E-12 5.75E-12 5.95E-12 5.75E-12 5.49E-12
 1.03E-25 4.89E-21 2.51E-17 1.38E-14 3.12E-13 1.94E-12 3.51E-12 4.30E-12
 4.76E-12 5.28E-12 5.75E-12 5.95E-12 5.75E-12 5.49E-12
 1.03E-25 4.89E-21 2.51E-17 1.38E-14 3.12E-13 1.94E-12 3.51E-12 4.30E-12
 4.76E-12 5.28E-12 5.75E-12 5.95E-12 5.75E-12 5.49E-12
 1.03E-25 4.89E-21 2.51E-17 1.38E-14 3.12E-13 1.94E-12 3.51E-12 4.30E-12
 4.76E-12 5.28E-12 5.75E-12 5.95E-12 5.75E-12 5.49E-12
 1.03E-25 4.89E-21 2.51E-17 1.38E-14 3.12E-13 1.94E-12 3.51E-12 4.30E-12
 4.76E-12 5.28E-12 5.75E-12 5.95E-12 5.75E-12 5.49E-12
 1.03E-25 4.90E-21 2.51E-17 1.38E-14 3.12E-13 1.94E-12 3.51E-12 4.30E-12
 4.76E-12 5.28E-12 5.75E-12 5.95E-12 5.74E-12 5.49E-12
  176.175    7  14 /pl=01:ss=34:pb= 1:sz=34/type=excit/ispb = t/isel =   47
 1.00E+10 1.00E+11 1.00E+12 1.00E+13 1.00E+14 1.00E+15 1.00E+16
 2.11E+01 3.17E+01 5.28E+01 1.06E+02 2.11E+02 5.28E+02 1.06E+03 1.58E+03
 2.11E+03 3.17E+03 5.28E+03 1.06E+04 2.11E+04 3.17E+04
 2.84E-22 8.61E-19 5.30E-16 6.52E-14 6.98E-13 2.71E-12 4.03E-12 4.48E-12
 4.68E-12 4.78E-12 4.73E-12 4.41E-12 3.91E-12 3.59E-12
 2.84E-22 8.61E-19 5.30E-16 6.52E-14 6.98E-13 2.71E-12 4.03E-12 4.48E-12
 4.68E-12 4.78E-12 4.73E-12 4.41E-12 3.91E-12 3.59E-12
 2.84E-22 8.61E-19 5.30E-16 6.52E-14 6.98E-13 2.71E-12 4.03E-12 4.48E-12
 4.68E-12 4.78E-12 4.73E-12 4.41E-12 3.91E-12 3.59E-12
 2.84E-22 8.61E-19 5.30E-16 6.52E-14 6.98E-13 2.71E-12 4.03E-12 4.48E-12
 4.68E-12 4.78E-12 4.73E-12 4.41E-12 3.91E-12 3.59E-12
 2.85E-22 8.62E-19 5.30E-16 6.52E-14 6.98E-13 2.71E-12 4.03E-12 4.48E-12
 4.68E-12 4.78E-12 4.73E-12 4.41E-12 3.91E-12 3.59E-12
 2.89E-22 8.72E-19 5.34E-16 6.56E-14 7.00E-13 2.72E-12 4.04E-12 4.49E-12
 4.68E-12 4.79E-12 4.73E-12 4.42E-12 3.91E-12 3.59E-12
 3.27E-22 9.63E-19 5.73E-16 6.85E-14 7.20E-13 2.77E-12 4.09E-12 4.53E-12
 4.73E-12 4.83E-12 4.76E-12 4.44E-12 3.92E-12 3.60E-12
  199.136    7  14 /pl=01:ss=34:pb= 1:sz=34/type=excit/ispb = t/isel =   48
 1.00E+10 1.00E+11 1.00E+12 1.00E+13 1.00E+14 1.00E+15 1.00E+16
 2.11E+01 3.17E+01 5.28E+01 1.06E+02 2.11E+02 5.28E+02 1.06E+03 1.58E+03
 2.11E+03 3.17E+03 5.28E+03 1.06E+04 2.11E+04 3.17E+04
 2.18E-27 2.76E-22 3.05E-18 2.83E-15 7.31E-14 4.15E-13 6.35E-13 6.85E-13
 6.91E-13 6.62E-13 5.96E-13 4.81E-13 3.70E-13 3.13E-13
 2.18E-27 2.76E-22 3.05E-18 2.83E-15 7.31E-14 4.15E-13 6.35E-13 6.85E-13
 6.91E-13 6.62E-13 5.96E-13 4.81E-13 3.70E-13 3.13E-13
 2.18E-27 2.76E-22 3.05E-18 2.83E-15 7.31E-14 4.15E-13 6.35E-13 6.85E-13
 6.91E-13 6.62E-13 5.96E-13 4.81E-13 3.70E-13 3.13E-13
 2.18E-27 2.76E-22 3.05E-18 2.83E-15 7.31E-14 4.15E-13 6.35E-13 6.85E-13
 6.91E-13 6.62E-13 5.96E-13 4.81E-13 3.70E-13 3.13E-13
 2.18E-27 2.76E-22 3.05E-18 2.83E-15 7.31E-14 4.15E-13 6.35E-13 6.85E-13
 6.91E-13 6.62E-13 5.96E-13 4.81E-13 3.70E-13 3.13E-13
 2.18E-27 2.76E-22 3.05E-18 2.83E-15 7.31E-14 4.15E-13 6.35E-13 6.85E-13
 6.91E-13 6.62E-13 5.96E-13 4.81E-13 3.70E-13 3.13E-13
 2.18E-27 2.76E-22 3.05E-18 2.83E-15 7.31E-14 4.15E-13 6.35E-13 6.84E-13
 6.91E-13 6.62E-13 5.96E-13 4.80E-13 3.70E-13 3.12E-13
  257.202    7  14 /pl=01:ss=34:pb= 1:sz=34/type=excit/ispb = t/isel =   49
 1.00E+10 1.00E+11 1.00E+12 1.00E+13 1.00E+14 1.00E+15 1.00E+16
 2.11E+01 3.17E+01 5.28E+01 1.06E+02 2.11E+02 5.28E+02 1.06E+03 1.58E+03
 2.11E+03 3.17E+03 5.28E+03 1.06E+04 2.11E+04 3.17E+04
 9.73E-30 1.01E-23 5.96E-19 1.97E-15 9.72E-14 8.14E-13 1.42E-12 1.60E-12
 1.64E-12 1.62E-12 1.50E-12 1.25E-12 1.00E-12 8.67E-13
 9.73E-30 1.01E-23 5.96E-19 1.97E-15 9.72E-14 8.14E-13 1.42E-12 1.60E-12
 1.64E-12 1.62E-12 1.50E-12 1.25E-12 1.00E-12 8.67E-13
 9.73E-30 1.01E-23 5.96E-19 1.97E-15 9.72E-14 8.14E-13 1.42E-12 1.60E-12
 1.64E-12 1.62E-12 1.50E-12 1.25E-12 1.00E-12 8.67E-13
 9.73E-30 1.01E-23 5.96E-19 1.97E-15 9.72E-14 8.14E-13 1.42E-12 1.60E-12
 1.64E-12 1.62E-12 1.50E-12 1.25E-12 1.00E-12 8.67E-13
 9.73E-30 1.01E-23 5.96E-19 1.97E-15 9.72E-14 8.14E-13 1.42E-12 1.60E-12
 1.64E-12 1.62E-12 1.50E-12 1.25E-12 1.00E-12 8.67E-13
 9.73E-30 1.01E-23 5.96E-19 1.97E-15 9.72E-14 8.14E-13 1.42E-12 1.60E-12
 1.64E-12 1.62E-12 1.50E-12 1.25E-12 1.00E-12 8.67E-13
 9.74E-30 1.01E-23 5.96E-19 1.97E-15 9.72E-14 8.14E-13 1.42E-12 1.60E-12
 1.64E-12 1.62E-12 1.50E-12 1.25E-12 1.00E-12 8.67E-13
  271.761    7  14 /pl=01:ss=34:pb= 1:sz=34/type=excit/ispb = t/isel =   50
 1.00E+10 1.00E+11 1.00E+12 1.00E+13 1.00E+14 1.00E+15 1.00E+16
 2.11E+01 3.17E+01 5.28E+01 1.06E+02 2.11E+02 5.28E+02 1.06E+03 1.58E+03
 2.11E+03 3.17E+03 5.28E+03 1.06E+04 2.11E+04 3.17E+04
 2.12E-31 4.53E-25 4.85E-20 2.59E-16 1.69E-14 1.81E-13 3.73E-13 4.72E-13
 5.31E-13 5.96E-13 6.51E-13 6.79E-13 6.59E-13 6.29E-13
 2.12E-31 4.53E-25 4.85E-20 2.59E-16 1.69E-14 1.81E-13 3.73E-13 4.72E-13
 5.31E-13 5.96E-13 6.51E-13 6.79E-13 6.59E-13 6.29E-13
 2.12E-31 4.53E-25 4.85E-20 2.59E-16 1.69E-14 1.81E-13 3.73E-13 4.72E-13
 5.31E-13 5.96E-13 6.51E-13 6.79E-13 6.59E-13 6.29E-13
 2.12E-31 4.53E-25 4.85E-20 2.59E-16 1.69E-14 1.81E-13 3.73E-13 4.72E-13
 5.31E-13 5.96E-13 6.51E-13 6.79E-13 6.59E-13 6.29E-13
 2.12E-31 4.53E-25 4.85E-20 2.59E-16 1.69E-14 1.81E-13 3.73E-13 4.72E-13
 5.31E-13 5.96E-13 6.51E-13 6.79E-13 6.59E-13 6.29E-13
 2.12E-31 4.53E-25 4.85E-20 2.59E-16 1.69E-14 1.81E-13 3.73E-13 4.72E-13
 5.31E-13 5.96E-13 6.51E-13 6.79E-13 6.59E-13 6.29E-13
 2.12E-31 4.53E-25 4.85E-20 2.59E-16 1.69E-14 1.80E-13 3.73E-13 4.72E-13
 5.30E-13 5.96E-13 6.51E-13 6.79E-13 6.59E-13 6.29E-13
c-------------------------------------------------------------------------------
 
C  root partition information
C  ==========================
C
C  nuclear charge : 74
C  ion charge+1   : 35
C
C  population calculation information
C  ----------------------------------
C
C  population processing code: adas810
C
C  adf04 source file    : adf04_copmm#74_ca_40#w34_t3.dat
C  adf18/a17_p208 file  : NULL
C
C  meta. ion. coeff. selector  : 
 
C  options  : lnorm =T  lpsel =F  lzsel =T  liosel=F
C           : lhsel =F  lrsel =F  lisel =F  lnsel =F
 
C  energy levels
C  -------------
C
C   lv      configuration    (2S+1)L(w-1/2)      energy (cm^-1)
C  ---   ------------------- --------------      --------------
c    1   49                    (0)0( 104.0)             0.0
c    2   3951A                 (0)0( 839.0)       1662706.0
c    3   606527558559          (0)0( 755.0)       1666667.6
c    4   60652755854951A       (0)0(8819.5)       3309884.3
c    5   3951B                 (0)0( 119.5)       3602663.3
c    6   3951C                 (0)0( 359.5)       4170279.2
c    7   3951D                 (0)0( 599.5)       4903379.0
c    8   3951E                 (0)0( 839.0)       5604062.4
c    9   60652755854951C       (0)0(3779.5)       5824766.0
c   10   3951F                 (0)0(1079.5)       6106231.1
c   11   3951G                 (0)0( 119.5)       6489971.3
c   12   60652755854951D       (0)0(6299.5)       6554046.9
c   13   3951H                 (0)0( 359.5)       6788610.3
c   14   3951I                 (0)0( 599.5)       7177409.4
c   15   60652755854951E       (0)0(8819.5)       7255706.9
c   16   3951J                 (0)0( 839.0)       7545380.4
c   17   3951K                 (0)0(1079.5)       7803811.6
c   18   3951M                 (0)0( 119.5)       8053935.7
c   19   3951N                 (0)0( 359.5)       8230492.0
c   20   3951O                 (0)0( 599.5)       8461982.8
c   21   3951P                 (0)0( 839.0)       8680831.8
c   22   3951Q                 (0)0(1079.5)       8834584.7
c   23   3951T                 (0)0( 119.5)       8999728.3
c   24   3951U                 (0)0( 359.5)       9112724.7
c   25   3951V                 (0)0( 599.5)       9261813.8
c   26   3951W                 (0)0( 839.0)       9402990.8
c   27   3951X                 (0)0(1079.5)       9502467.6
 
 
 
c-------------------------------------------------------------------------------
 
C  superstage partition information
C  ================================
C
C  element symbol   : W
C  parent template  : 
C  partition level  :  1
C  superstage label : 34
C
C  tabulation       : photon emissivity coefft (te,ne)
C  units            : ph. emis coef(cm^3 s^-1); te (ev); ne (cm^-3)
C
C  photon emissivity atomic transitions
C  ------------------------------------
C  
C   isel  wvlen(A)            transition                type  ispb nspb
C                                                             ispp nspp sz    tg pr wr
C  ----- ---------- ----------------------------------- ----- ---- ---- --    -- -- --
C      1   10.6349   26(0)0( 839.0)-  1(0)0( 104.0)     excit   1    1  34    20 26  1
C      2   11.5196   21(0)0( 839.0)-  1(0)0( 104.0)     excit   1    1  34    15 17  2
C      3   12.7555   27(0)0(1079.5)-  2(0)0( 839.0)     excit   1    1  34    42 31  3
C      4   13.2531   16(0)0( 839.0)-  1(0)0( 104.0)     excit   1    1  34    10 12  4
C      5   13.9433   22(0)0(1079.5)-  2(0)0( 839.0)     excit   1    1  34    38 22  5
C      6   14.7074   20(0)0( 599.5)-  2(0)0( 839.0)     excit   1    1  34    36 44  6
C      7   14.7306   13(0)0( 359.5)-  1(0)0( 104.0)     excit   1    1  34     8 29  7
C      8   15.2577   12(0)0(6299.5)-  1(0)0( 104.0)     excit   1    1  34    25 15  8
C      9   16.2837   17(0)0(1079.5)-  2(0)0( 839.0)     excit   1    1  34    34 13  9
C     10   17.8442    8(0)0( 839.0)-  1(0)0( 104.0)     excit   1    1  34     5  6 10
C     11   17.8922   15(0)0(8819.5)-  3(0)0( 755.0)     excit   1    1  34   188 10 11
C     12   18.1333   14(0)0( 599.5)-  2(0)0( 839.0)     excit   1    1  34    32 24 12
C     13   19.6404   25(0)0( 599.5)-  6(0)0( 359.5)     excit   1    1  34    66 40 13
C     14   22.2241   26(0)0( 839.0)-  7(0)0( 599.5)     excit   1    1  34    83 35 14
C     15   22.5047   10(0)0(1079.5)-  2(0)0( 839.0)     excit   1    1  34    30  5 15
C     16   23.3008   20(0)0( 599.5)-  6(0)0( 359.5)     excit   1    1  34    62 30 16
C     17   23.9792    6(0)0( 359.5)-  1(0)0( 104.0)     excit   1    1  34     3  7 17
C     18   24.0495    9(0)0(3779.5)-  3(0)0( 755.0)     excit   1    1  34   186  4 18
C     19   25.6515   27(0)0(1079.5)-  8(0)0( 839.0)     excit   1    1  34    97 39 19
C     20   26.4729   21(0)0( 839.0)-  7(0)0( 599.5)     excit   1    1  34    78 28 20
C     21   27.7572    5(0)0( 119.5)-  1(0)0( 104.0)     excit   1    1  34     2 11 21
C     22   30.8246   12(0)0(6299.5)-  4(0)0(8819.5)     excit   1    1  34   190 14 22
C     23   30.8578    7(0)0( 599.5)-  2(0)0( 839.0)     excit   1    1  34    28  8 23
C     24   30.9547   22(0)0(1079.5)-  8(0)0( 839.0)     excit   1    1  34    93 32 24
C     25   31.3878   13(0)0( 359.5)-  5(0)0( 119.5)     excit   1    1  34    46 36 25
C     26   33.2543   14(0)0( 599.5)-  6(0)0( 359.5)     excit   1    1  34    58 16 26
C     27   34.9905   20(0)0( 599.5)-  8(0)0( 839.0)     excit   1    1  34    91 41 27
C     28   37.8501   16(0)0( 839.0)-  7(0)0( 599.5)     excit   1    1  34    73 20 28
C     29   43.1092   11(0)0( 119.5)-  6(0)0( 359.5)     excit   1    1  34    56 33 29
C     30   44.9321   26(0)0( 839.0)- 14(0)0( 599.5)     excit   1    1  34   135 47 30
C     31   45.4597   17(0)0(1079.5)-  8(0)0( 839.0)     excit   1    1  34    89 19 31
C     32   51.0963   27(0)0(1079.5)- 16(0)0( 839.0)     excit   1    1  34   145 50 32
C     33   53.0439   13(0)0( 359.5)-  7(0)0( 599.5)     excit   1    1  34    71 27 33
C     34   59.7596   20(0)0( 599.5)- 13(0)0( 359.5)     excit   1    1  34   119 45 34
C     35   60.0000    3(0)0( 755.0)-  1(0)0( 104.0)     excit   1    1  34    22  1 35
C     36   60.1429    2(0)0( 839.0)-  1(0)0( 104.0)     excit   1    1  34     1  2 36
C     37   60.8562    4(0)0(8819.5)-  3(0)0( 755.0)     excit   1    1  34   185  3 37
C     38   63.5588   14(0)0( 599.5)-  8(0)0( 839.0)     excit   1    1  34    87 21 38
C     39   66.5149   21(0)0( 839.0)- 14(0)0( 599.5)     excit   1    1  34   130 43 39
C     40   69.4855   16(0)0( 839.0)- 10(0)0(1079.5)     excit   1    1  34    99 46 40
C     41   77.5672   22(0)0(1079.5)- 16(0)0( 839.0)     excit   1    1  34   141 42 41
C     42   109.099   20(0)0( 599.5)- 16(0)0( 839.0)     excit   1    1  34   139 38 42
C     43   136.407    7(0)0( 599.5)-  6(0)0( 359.5)     excit   1    1  34    54  9 43
C     44   137.121   12(0)0(6299.5)-  9(0)0(3779.5)     excit   1    1  34   192 18 44
C     45   142.519   15(0)0(8819.5)- 12(0)0(6299.5)     excit   1    1  34   194 34 45
C     46   142.718    8(0)0( 839.0)-  7(0)0( 599.5)     excit   1    1  34    68 23 46
C     47   176.175    6(0)0( 359.5)-  5(0)0( 119.5)     excit   1    1  34    43 25 47
C     48   199.136   10(0)0(1079.5)-  8(0)0( 839.0)     excit   1    1  34    85 48 48
C     49   257.202   14(0)0( 599.5)- 13(0)0( 359.5)     excit   1    1  34   115 37 49
C     50   271.761   16(0)0( 839.0)- 14(0)0( 599.5)     excit   1    1  34   125 49 50
c-------------------------------------------------------------------------------
                                                                                
C  code     : adas810
C  producer : Adam Foster
C  date     : 18/05/09
                                                                                
c-------------------------------------------------------------------------------

C-----------------------------------------------------------------------
C                               OPEN-ADAS
C                               +++++++++
C
C This file has been downloaded from OPEN-ADAS (http://open.adas.ac.uk)
C on 26-Mar-2025.
C
C TERMS AND CONDITIONS
C --------------------
C
C The user of the OPEN-ADAS system and data (hereinafter "the User")
C accepts the following terms and conditions:
C
C   1. The University of Strathclyde uses all reasonable endeavours to
C      ensure the accuracy of the data provided and any information
C      given, but the University makes no warranty, expressed or implied
C      as to its accuracy, integrity, fitness for purpose and shall not
C      be responsible for the use to which the data is put by the User
C      and/or any consequences arising out of any inaccuracies or
C      omissions.
C
C   2. Any downloaded OPEN-ADAS file is made available for the
C      personal use of the User only.  It must not be used for any
C      commercial application, incorporated into any web site or in
C      any form re-distributed without express prior written permission
C      from the ADAS Project. In particular, but not by way of
C      limitation, it must not be:
C        *  inserted into a managed database structure,
C        *  redistributed along with a modelling or analysis code,
C        *  made available on a public website.
C
C Permission for OPEN-ADAS data incorporation in non-commercial
C code/system development for scientific advance will not be
C unreasonably withheld, but will be subject to written agreement
C on a case by case basis.
C
C The User will indemnify the University of Strathclyde and keep it
C fully and effectively indemnified against each and every claim made
C against the University as a result of the User's use of the data.
C
C-----------------------------------------------------------------------
