   50    /W :63 photon emissivity coefficients/
--------------------------------------------------------------------------------
    1    1    1    1    1    1    1    1    1    1    1    1    1    1
    1    1    1    1    1    1    1    1    1    1    1    1    1    1
    1    1    1    1    1    1    1    1    1    1    1    1    1    1
    1    1    1    1    1    1    1    1    1    1    1    1    1    1
    1    1    1    1    1    1    1    1    1    1    1    1    1    1
    1    1    1    1    1
--------------------------------------------------------------------------------
//#01/p00/ 00/p01/ 01/p02/ 02/p03/ 03/p04/ 04/p05/ 05/p06/ 06/p07/ 07/p08/ 08/  
      p09/ 09/p10/ 10/p11/ 11/p12/ 12/p13/ 13/p14/ 14/p15/ 15/p16/ 16/p17/ 17/  
      p18/ 18/p19/ 19/p20/ 20/p21/ 21/p22/ 22/p23/ 23/p24/ 24/p25/ 25/p26/ 26/  
      p27/ 27/p28/ 28/p29/ 29/p30/ 30/p31/ 31/p32/ 32/p33/ 33/p34/ 34/p35/ 35/  
      p36/ 36/p37/ 37/p38/ 38/p39/ 39/p40/ 40/p41/ 41/p42/ 42/p43/ 43/p44/ 44/  
      p45/ 45/p46/ 46/p47/ 47/p48/ 48/p49/ 49/p50/ 50/p51/ 51/p52/ 52/p53/ 53/  
      p54/ 54/p55/ 55/p56/ 56/p57/ 57/p58/ 58/p59/ 59/p60/ 60/p61/ 61/p62/ 62/  
      p63/ 63/p64/ 64/p65/ 65/p66/ 66/p67/ 67/p68/ 68/p69/ 69/p70/ 70/p71/ 71/  
      p72/ 72/p73/ 73/p74/ 74/                                                  
--------------------------------------------------------------------------------
  1.01236    7  14 /pl=01:ss=63:pb= 1:sz=63/type=excit/ispb = t/isel =    1
 1.00E+10 1.00E+11 1.00E+12 1.00E+13 1.00E+14 1.00E+15 1.00E+16
 7.06E+01 1.06E+02 1.76E+02 3.53E+02 7.06E+02 1.76E+03 3.53E+03 5.29E+03
 7.06E+03 1.06E+04 1.76E+04 3.53E+04 7.06E+04 1.06E+05
 1.00E-74 1.00E-74 1.00E-74 7.05E-28 1.74E-20 3.87E-16 9.23E-15 2.47E-14
 3.94E-14 6.01E-14 7.96E-14 9.16E-14 9.13E-14 8.78E-14
 1.00E-74 1.00E-74 1.02E-42 7.05E-28 1.74E-20 3.87E-16 9.23E-15 2.47E-14
 3.94E-14 6.01E-14 7.96E-14 9.16E-14 9.13E-14 8.78E-14
 1.00E-74 1.00E-74 8.19E-43 7.05E-28 1.74E-20 3.87E-16 9.23E-15 2.47E-14
 3.94E-14 6.01E-14 7.96E-14 9.16E-14 9.13E-14 8.78E-14
 1.00E-74 1.00E-74 8.40E-43 7.05E-28 1.74E-20 3.87E-16 9.23E-15 2.47E-14
 3.94E-14 6.01E-14 7.96E-14 9.16E-14 9.13E-14 8.78E-14
 1.00E-74 1.00E-74 8.37E-43 7.05E-28 1.74E-20 3.87E-16 9.23E-15 2.47E-14
 3.94E-14 6.01E-14 7.96E-14 9.16E-14 9.13E-14 8.78E-14
 1.00E-74 1.00E-74 8.37E-43 7.05E-28 1.74E-20 3.87E-16 9.23E-15 2.47E-14
 3.94E-14 6.01E-14 7.96E-14 9.16E-14 9.13E-14 8.78E-14
 1.00E-74 1.00E-74 8.37E-43 7.05E-28 1.74E-20 3.87E-16 9.23E-15 2.47E-14
 3.94E-14 6.01E-14 7.96E-14 9.16E-14 9.13E-14 8.78E-14
  1.04710    7  14 /pl=01:ss=63:pb= 1:sz=63/type=excit/ispb = t/isel =    2
 1.00E+10 1.00E+11 1.00E+12 1.00E+13 1.00E+14 1.00E+15 1.00E+16
 7.06E+01 1.06E+02 1.76E+02 3.53E+02 7.06E+02 1.76E+03 3.53E+03 5.29E+03
 7.06E+03 1.06E+04 1.76E+04 3.53E+04 7.06E+04 1.06E+05
 1.00E-74 1.00E-74 8.35E-41 1.78E-26 2.46E-19 3.80E-15 8.02E-14 2.06E-13
 3.21E-13 4.81E-13 6.29E-13 7.18E-13 7.12E-13 6.82E-13
 1.00E-74 1.00E-74 6.68E-41 1.78E-26 2.46E-19 3.80E-15 8.02E-14 2.06E-13
 3.21E-13 4.81E-13 6.29E-13 7.18E-13 7.12E-13 6.82E-13
 1.00E-74 1.00E-74 6.76E-41 1.78E-26 2.46E-19 3.80E-15 8.02E-14 2.06E-13
 3.21E-13 4.81E-13 6.29E-13 7.18E-13 7.12E-13 6.82E-13
 1.00E-74 1.00E-74 6.77E-41 1.78E-26 2.46E-19 3.80E-15 8.02E-14 2.06E-13
 3.21E-13 4.81E-13 6.29E-13 7.18E-13 7.12E-13 6.82E-13
 1.00E-74 1.00E-74 6.77E-41 1.78E-26 2.46E-19 3.80E-15 8.02E-14 2.06E-13
 3.21E-13 4.81E-13 6.29E-13 7.18E-13 7.12E-13 6.82E-13
 1.00E-74 1.00E-74 6.77E-41 1.78E-26 2.46E-19 3.80E-15 8.02E-14 2.06E-13
 3.21E-13 4.81E-13 6.29E-13 7.18E-13 7.12E-13 6.82E-13
 1.00E-74 1.00E-74 6.77E-41 1.78E-26 2.46E-19 3.80E-15 8.02E-14 2.06E-13
 3.21E-13 4.81E-13 6.29E-13 7.18E-13 7.12E-13 6.82E-13
  1.24793    7  14 /pl=01:ss=63:pb= 1:sz=63/type=excit/ispb = t/isel =    3
 1.00E+10 1.00E+11 1.00E+12 1.00E+13 1.00E+14 1.00E+15 1.00E+16
 7.06E+01 1.06E+02 1.76E+02 3.53E+02 7.06E+02 1.76E+03 3.53E+03 5.29E+03
 7.06E+03 1.06E+04 1.76E+04 3.53E+04 7.06E+04 1.06E+05
 1.00E-74 1.00E-74 6.01E-37 7.14E-25 6.66E-19 2.14E-15 2.82E-14 6.31E-14
 9.22E-14 1.31E-13 1.66E-13 1.86E-13 1.85E-13 1.78E-13
 1.00E-74 1.00E-74 6.01E-37 7.14E-25 6.66E-19 2.14E-15 2.82E-14 6.31E-14
 9.22E-14 1.31E-13 1.66E-13 1.86E-13 1.85E-13 1.78E-13
 1.00E-74 1.00E-74 6.01E-37 7.14E-25 6.66E-19 2.14E-15 2.82E-14 6.31E-14
 9.22E-14 1.31E-13 1.66E-13 1.86E-13 1.85E-13 1.78E-13
 1.00E-74 1.00E-74 6.01E-37 7.14E-25 6.66E-19 2.14E-15 2.82E-14 6.31E-14
 9.22E-14 1.31E-13 1.66E-13 1.86E-13 1.85E-13 1.78E-13
 1.00E-74 1.00E-74 6.01E-37 7.14E-25 6.66E-19 2.14E-15 2.82E-14 6.31E-14
 9.22E-14 1.31E-13 1.66E-13 1.86E-13 1.85E-13 1.78E-13
 1.00E-74 1.00E-74 6.01E-37 7.14E-25 6.66E-19 2.14E-15 2.82E-14 6.31E-14
 9.22E-14 1.31E-13 1.66E-13 1.86E-13 1.85E-13 1.78E-13
 1.00E-74 1.00E-74 6.01E-37 7.14E-25 6.66E-19 2.14E-15 2.82E-14 6.31E-14
 9.22E-14 1.31E-13 1.66E-13 1.86E-13 1.85E-13 1.78E-13
  1.28155    7  14 /pl=01:ss=63:pb= 1:sz=63/type=excit/ispb = t/isel =    4
 1.00E+10 1.00E+11 1.00E+12 1.00E+13 1.00E+14 1.00E+15 1.00E+16
 7.06E+01 1.06E+02 1.76E+02 3.53E+02 7.06E+02 1.76E+03 3.53E+03 5.29E+03
 7.06E+03 1.06E+04 1.76E+04 3.53E+04 7.06E+04 1.06E+05
 1.00E-74 1.00E-74 1.88E-36 1.07E-24 6.96E-19 2.02E-15 2.85E-14 6.63E-14
 9.88E-14 1.43E-13 1.81E-13 2.01E-13 1.93E-13 1.82E-13
 1.00E-74 1.00E-74 1.88E-36 1.07E-24 6.96E-19 2.02E-15 2.85E-14 6.63E-14
 9.88E-14 1.43E-13 1.81E-13 2.01E-13 1.93E-13 1.82E-13
 1.00E-74 1.00E-74 1.88E-36 1.07E-24 6.96E-19 2.02E-15 2.85E-14 6.63E-14
 9.88E-14 1.43E-13 1.81E-13 2.01E-13 1.93E-13 1.82E-13
 1.00E-74 1.00E-74 1.88E-36 1.07E-24 6.96E-19 2.02E-15 2.85E-14 6.63E-14
 9.88E-14 1.43E-13 1.81E-13 2.01E-13 1.93E-13 1.82E-13
 1.00E-74 1.00E-74 1.88E-36 1.07E-24 6.96E-19 2.02E-15 2.85E-14 6.63E-14
 9.88E-14 1.43E-13 1.81E-13 2.01E-13 1.93E-13 1.82E-13
 1.00E-74 1.00E-74 1.88E-36 1.07E-24 6.96E-19 2.02E-15 2.85E-14 6.63E-14
 9.88E-14 1.43E-13 1.81E-13 2.01E-13 1.93E-13 1.82E-13
 1.00E-74 1.00E-74 1.88E-36 1.07E-24 6.96E-19 2.02E-15 2.85E-14 6.63E-14
 9.88E-14 1.43E-13 1.81E-13 2.01E-13 1.93E-13 1.82E-13
  1.31293    7  14 /pl=01:ss=63:pb= 1:sz=63/type=excit/ispb = t/isel =    5
 1.00E+10 1.00E+11 1.00E+12 1.00E+13 1.00E+14 1.00E+15 1.00E+16
 7.06E+01 1.06E+02 1.76E+02 3.53E+02 7.06E+02 1.76E+03 3.53E+03 5.29E+03
 7.06E+03 1.06E+04 1.76E+04 3.53E+04 7.06E+04 1.06E+05
 1.00E-74 1.00E-74 4.82E-36 1.42E-24 6.54E-19 1.35E-15 1.55E-14 3.34E-14
 4.75E-14 6.50E-14 7.80E-14 8.01E-14 7.13E-14 6.42E-14
 1.00E-74 1.00E-74 4.82E-36 1.42E-24 6.54E-19 1.35E-15 1.55E-14 3.34E-14
 4.75E-14 6.50E-14 7.80E-14 8.01E-14 7.13E-14 6.42E-14
 1.00E-74 1.00E-74 4.82E-36 1.42E-24 6.54E-19 1.35E-15 1.55E-14 3.34E-14
 4.75E-14 6.50E-14 7.80E-14 8.01E-14 7.13E-14 6.42E-14
 1.00E-74 1.00E-74 4.82E-36 1.42E-24 6.54E-19 1.35E-15 1.55E-14 3.34E-14
 4.75E-14 6.50E-14 7.80E-14 8.01E-14 7.13E-14 6.42E-14
 1.00E-74 1.00E-74 4.82E-36 1.42E-24 6.54E-19 1.35E-15 1.55E-14 3.34E-14
 4.75E-14 6.50E-14 7.80E-14 8.01E-14 7.13E-14 6.42E-14
 1.00E-74 1.00E-74 4.82E-36 1.42E-24 6.54E-19 1.35E-15 1.55E-14 3.34E-14
 4.75E-14 6.50E-14 7.80E-14 8.01E-14 7.13E-14 6.42E-14
 1.00E-74 1.00E-74 4.82E-36 1.42E-24 6.54E-19 1.35E-15 1.55E-14 3.34E-14
 4.75E-14 6.50E-14 7.80E-14 8.01E-14 7.13E-14 6.42E-14
  1.31864    7  14 /pl=01:ss=63:pb= 1:sz=63/type=excit/ispb = t/isel =    6
 1.00E+10 1.00E+11 1.00E+12 1.00E+13 1.00E+14 1.00E+15 1.00E+16
 7.06E+01 1.06E+02 1.76E+02 3.53E+02 7.06E+02 1.76E+03 3.53E+03 5.29E+03
 7.06E+03 1.06E+04 1.76E+04 3.53E+04 7.06E+04 1.06E+05
 1.00E-74 1.00E-74 2.85E-34 7.48E-23 3.25E-17 6.23E-14 6.62E-13 1.37E-12
 1.91E-12 2.61E-12 3.23E-12 3.62E-12 3.65E-12 3.56E-12
 1.00E-74 1.00E-74 2.85E-34 7.48E-23 3.25E-17 6.23E-14 6.62E-13 1.37E-12
 1.91E-12 2.61E-12 3.23E-12 3.62E-12 3.65E-12 3.56E-12
 1.00E-74 1.00E-74 2.85E-34 7.48E-23 3.25E-17 6.23E-14 6.62E-13 1.37E-12
 1.91E-12 2.61E-12 3.23E-12 3.62E-12 3.65E-12 3.56E-12
 1.00E-74 1.00E-74 2.85E-34 7.48E-23 3.25E-17 6.23E-14 6.62E-13 1.37E-12
 1.91E-12 2.61E-12 3.23E-12 3.62E-12 3.65E-12 3.56E-12
 1.00E-74 1.00E-74 2.85E-34 7.48E-23 3.25E-17 6.23E-14 6.62E-13 1.37E-12
 1.91E-12 2.61E-12 3.23E-12 3.62E-12 3.65E-12 3.56E-12
 1.00E-74 1.00E-74 2.85E-34 7.48E-23 3.25E-17 6.23E-14 6.62E-13 1.37E-12
 1.91E-12 2.61E-12 3.23E-12 3.62E-12 3.65E-12 3.56E-12
 1.00E-74 1.00E-74 2.85E-34 7.48E-23 3.25E-17 6.23E-14 6.62E-13 1.37E-12
 1.91E-12 2.61E-12 3.23E-12 3.62E-12 3.65E-12 3.56E-12
  1.31993    7  14 /pl=01:ss=63:pb= 1:sz=63/type=excit/ispb = t/isel =    7
 1.00E+10 1.00E+11 1.00E+12 1.00E+13 1.00E+14 1.00E+15 1.00E+16
 7.06E+01 1.06E+02 1.76E+02 3.53E+02 7.06E+02 1.76E+03 3.53E+03 5.29E+03
 7.06E+03 1.06E+04 1.76E+04 3.53E+04 7.06E+04 1.06E+05
 1.00E-74 1.00E-74 7.34E-35 1.88E-23 8.01E-18 1.54E-14 1.66E-13 3.44E-13
 4.78E-13 6.36E-13 7.42E-13 7.41E-13 6.47E-13 5.78E-13
 1.00E-74 1.00E-74 7.34E-35 1.88E-23 8.01E-18 1.54E-14 1.66E-13 3.44E-13
 4.78E-13 6.36E-13 7.42E-13 7.41E-13 6.47E-13 5.78E-13
 1.00E-74 1.00E-74 7.34E-35 1.88E-23 8.01E-18 1.54E-14 1.66E-13 3.44E-13
 4.78E-13 6.36E-13 7.42E-13 7.41E-13 6.47E-13 5.78E-13
 1.00E-74 1.00E-74 7.34E-35 1.88E-23 8.01E-18 1.54E-14 1.66E-13 3.44E-13
 4.78E-13 6.36E-13 7.42E-13 7.41E-13 6.47E-13 5.78E-13
 1.00E-74 1.00E-74 7.34E-35 1.88E-23 8.01E-18 1.54E-14 1.66E-13 3.44E-13
 4.78E-13 6.36E-13 7.42E-13 7.41E-13 6.47E-13 5.78E-13
 1.00E-74 1.00E-74 7.34E-35 1.88E-23 8.01E-18 1.54E-14 1.66E-13 3.44E-13
 4.78E-13 6.36E-13 7.42E-13 7.41E-13 6.47E-13 5.78E-13
 1.00E-74 5.83E-50 7.34E-35 1.88E-23 8.01E-18 1.54E-14 1.66E-13 3.44E-13
 4.78E-13 6.36E-13 7.42E-13 7.41E-13 6.47E-13 5.78E-13
  1.32706    7  14 /pl=01:ss=63:pb= 1:sz=63/type=excit/ispb = t/isel =    8
 1.00E+10 1.00E+11 1.00E+12 1.00E+13 1.00E+14 1.00E+15 1.00E+16
 7.06E+01 1.06E+02 1.76E+02 3.53E+02 7.06E+02 1.76E+03 3.53E+03 5.29E+03
 7.06E+03 1.06E+04 1.76E+04 3.53E+04 7.06E+04 1.06E+05
 1.00E-74 1.00E-74 6.62E-36 1.47E-24 5.90E-19 1.24E-15 1.59E-14 3.59E-14
 5.27E-14 7.48E-14 9.30E-14 9.94E-14 9.24E-14 8.53E-14
 1.00E-74 1.00E-74 6.62E-36 1.47E-24 5.90E-19 1.24E-15 1.59E-14 3.59E-14
 5.27E-14 7.48E-14 9.30E-14 9.94E-14 9.24E-14 8.53E-14
 1.00E-74 1.00E-74 6.62E-36 1.47E-24 5.90E-19 1.24E-15 1.59E-14 3.59E-14
 5.27E-14 7.48E-14 9.30E-14 9.94E-14 9.24E-14 8.53E-14
 1.00E-74 1.00E-74 6.62E-36 1.47E-24 5.90E-19 1.24E-15 1.59E-14 3.59E-14
 5.27E-14 7.48E-14 9.30E-14 9.94E-14 9.24E-14 8.53E-14
 1.00E-74 1.00E-74 6.62E-36 1.47E-24 5.90E-19 1.24E-15 1.59E-14 3.59E-14
 5.27E-14 7.48E-14 9.30E-14 9.94E-14 9.24E-14 8.53E-14
 1.00E-74 1.00E-74 6.62E-36 1.47E-24 5.90E-19 1.24E-15 1.59E-14 3.59E-14
 5.27E-14 7.48E-14 9.30E-14 9.94E-14 9.24E-14 8.53E-14
 1.00E-74 1.00E-74 6.62E-36 1.47E-24 5.90E-19 1.24E-15 1.59E-14 3.59E-14
 5.27E-14 7.48E-14 9.30E-14 9.94E-14 9.24E-14 8.53E-14
  1.33993    7  14 /pl=01:ss=63:pb= 1:sz=63/type=excit/ispb = t/isel =    9
 1.00E+10 1.00E+11 1.00E+12 1.00E+13 1.00E+14 1.00E+15 1.00E+16
 7.06E+01 1.06E+02 1.76E+02 3.53E+02 7.06E+02 1.76E+03 3.53E+03 5.29E+03
 7.06E+03 1.06E+04 1.76E+04 3.53E+04 7.06E+04 1.06E+05
 1.00E-74 1.00E-74 7.46E-36 1.28E-24 4.59E-19 9.66E-16 1.30E-14 3.03E-14
 4.54E-14 6.53E-14 8.25E-14 8.96E-14 8.47E-14 7.89E-14
 1.00E-74 1.00E-74 7.46E-36 1.28E-24 4.59E-19 9.66E-16 1.30E-14 3.03E-14
 4.54E-14 6.53E-14 8.25E-14 8.96E-14 8.47E-14 7.89E-14
 1.00E-74 1.00E-74 7.46E-36 1.28E-24 4.59E-19 9.66E-16 1.30E-14 3.03E-14
 4.54E-14 6.53E-14 8.25E-14 8.96E-14 8.47E-14 7.89E-14
 1.00E-74 1.00E-74 7.46E-36 1.28E-24 4.59E-19 9.66E-16 1.30E-14 3.03E-14
 4.54E-14 6.53E-14 8.25E-14 8.96E-14 8.47E-14 7.89E-14
 1.00E-74 1.00E-74 7.46E-36 1.28E-24 4.59E-19 9.66E-16 1.30E-14 3.03E-14
 4.54E-14 6.53E-14 8.25E-14 8.96E-14 8.47E-14 7.89E-14
 1.00E-74 1.00E-74 7.46E-36 1.28E-24 4.59E-19 9.66E-16 1.30E-14 3.03E-14
 4.54E-14 6.53E-14 8.25E-14 8.96E-14 8.47E-14 7.89E-14
 1.00E-74 1.00E-74 7.46E-36 1.28E-24 4.59E-19 9.66E-16 1.30E-14 3.03E-14
 4.54E-14 6.53E-14 8.25E-14 8.96E-14 8.47E-14 7.89E-14
  1.36771    7  14 /pl=01:ss=63:pb= 1:sz=63/type=excit/ispb = t/isel =   10
 1.00E+10 1.00E+11 1.00E+12 1.00E+13 1.00E+14 1.00E+15 1.00E+16
 7.06E+01 1.06E+02 1.76E+02 3.53E+02 7.06E+02 1.76E+03 3.53E+03 5.29E+03
 7.06E+03 1.06E+04 1.76E+04 3.53E+04 7.06E+04 1.06E+05
 1.00E-74 1.00E-74 3.87E-33 3.90E-22 1.05E-16 1.52E-13 1.48E-12 2.99E-12
 4.13E-12 5.55E-12 6.77E-12 7.50E-12 7.44E-12 7.18E-12
 1.00E-74 1.00E-74 3.87E-33 3.90E-22 1.05E-16 1.52E-13 1.48E-12 2.99E-12
 4.13E-12 5.55E-12 6.77E-12 7.50E-12 7.44E-12 7.18E-12
 1.00E-74 1.00E-74 3.87E-33 3.90E-22 1.05E-16 1.52E-13 1.48E-12 2.99E-12
 4.13E-12 5.55E-12 6.77E-12 7.50E-12 7.44E-12 7.18E-12
 1.00E-74 1.00E-74 3.87E-33 3.90E-22 1.05E-16 1.52E-13 1.48E-12 2.99E-12
 4.13E-12 5.55E-12 6.77E-12 7.50E-12 7.44E-12 7.18E-12
 1.00E-74 1.00E-74 3.87E-33 3.90E-22 1.05E-16 1.52E-13 1.48E-12 2.99E-12
 4.13E-12 5.55E-12 6.77E-12 7.50E-12 7.44E-12 7.18E-12
 1.00E-74 1.00E-74 3.87E-33 3.90E-22 1.05E-16 1.52E-13 1.48E-12 2.99E-12
 4.13E-12 5.55E-12 6.77E-12 7.50E-12 7.44E-12 7.18E-12
 1.00E-74 1.00E-74 3.87E-33 3.90E-22 1.05E-16 1.52E-13 1.48E-12 2.99E-12
 4.13E-12 5.55E-12 6.77E-12 7.50E-12 7.44E-12 7.18E-12
  1.37278    7  14 /pl=01:ss=63:pb= 1:sz=63/type=excit/ispb = t/isel =   11
 1.00E+10 1.00E+11 1.00E+12 1.00E+13 1.00E+14 1.00E+15 1.00E+16
 7.06E+01 1.06E+02 1.76E+02 3.53E+02 7.06E+02 1.76E+03 3.53E+03 5.29E+03
 7.06E+03 1.06E+04 1.76E+04 3.53E+04 7.06E+04 1.06E+05
 1.00E-74 1.00E-74 1.10E-35 1.83E-24 7.04E-19 1.73E-15 2.51E-14 5.96E-14
 8.93E-14 1.29E-13 1.61E-13 1.70E-13 1.55E-13 1.40E-13
 1.00E-74 1.00E-74 1.10E-35 1.83E-24 7.04E-19 1.73E-15 2.51E-14 5.96E-14
 8.93E-14 1.29E-13 1.61E-13 1.70E-13 1.55E-13 1.40E-13
 1.00E-74 1.00E-74 1.10E-35 1.83E-24 7.04E-19 1.73E-15 2.51E-14 5.96E-14
 8.93E-14 1.29E-13 1.61E-13 1.70E-13 1.55E-13 1.40E-13
 1.00E-74 1.00E-74 1.10E-35 1.83E-24 7.04E-19 1.73E-15 2.51E-14 5.96E-14
 8.93E-14 1.29E-13 1.61E-13 1.70E-13 1.55E-13 1.40E-13
 1.00E-74 1.00E-74 1.10E-35 1.83E-24 7.04E-19 1.73E-15 2.51E-14 5.96E-14
 8.93E-14 1.29E-13 1.61E-13 1.70E-13 1.55E-13 1.40E-13
 1.00E-74 1.00E-74 1.10E-35 1.83E-24 7.04E-19 1.73E-15 2.51E-14 5.96E-14
 8.93E-14 1.29E-13 1.61E-13 1.70E-13 1.55E-13 1.40E-13
 1.00E-74 1.00E-74 1.11E-35 1.83E-24 7.05E-19 1.73E-15 2.51E-14 5.96E-14
 8.93E-14 1.29E-13 1.61E-13 1.70E-13 1.55E-13 1.40E-13
  1.37624    7  14 /pl=01:ss=63:pb= 1:sz=63/type=excit/ispb = t/isel =   12
 1.00E+10 1.00E+11 1.00E+12 1.00E+13 1.00E+14 1.00E+15 1.00E+16
 7.06E+01 1.06E+02 1.76E+02 3.53E+02 7.06E+02 1.76E+03 3.53E+03 5.29E+03
 7.06E+03 1.06E+04 1.76E+04 3.53E+04 7.06E+04 1.06E+05
 1.00E-74 1.00E-74 1.20E-35 1.38E-24 4.41E-19 9.54E-16 1.34E-14 3.17E-14
 4.75E-14 6.86E-14 8.67E-14 9.34E-14 8.69E-14 8.00E-14
 1.00E-74 1.00E-74 1.20E-35 1.38E-24 4.41E-19 9.54E-16 1.34E-14 3.17E-14
 4.75E-14 6.86E-14 8.67E-14 9.34E-14 8.69E-14 8.00E-14
 1.00E-74 1.00E-74 1.20E-35 1.38E-24 4.41E-19 9.54E-16 1.34E-14 3.17E-14
 4.75E-14 6.86E-14 8.67E-14 9.34E-14 8.69E-14 8.00E-14
 1.00E-74 1.00E-74 1.20E-35 1.38E-24 4.41E-19 9.54E-16 1.34E-14 3.17E-14
 4.75E-14 6.86E-14 8.67E-14 9.34E-14 8.69E-14 8.00E-14
 1.00E-74 1.00E-74 1.20E-35 1.38E-24 4.41E-19 9.54E-16 1.34E-14 3.17E-14
 4.75E-14 6.86E-14 8.67E-14 9.34E-14 8.69E-14 8.00E-14
 1.00E-74 1.00E-74 1.20E-35 1.38E-24 4.41E-19 9.54E-16 1.34E-14 3.17E-14
 4.75E-14 6.86E-14 8.67E-14 9.34E-14 8.69E-14 8.00E-14
 1.00E-74 1.00E-74 1.20E-35 1.38E-24 4.41E-19 9.54E-16 1.34E-14 3.17E-14
 4.75E-14 6.86E-14 8.67E-14 9.34E-14 8.69E-14 8.00E-14
  1.38580    7  14 /pl=01:ss=63:pb= 1:sz=63/type=excit/ispb = t/isel =   13
 1.00E+10 1.00E+11 1.00E+12 1.00E+13 1.00E+14 1.00E+15 1.00E+16
 7.06E+01 1.06E+02 1.76E+02 3.53E+02 7.06E+02 1.76E+03 3.53E+03 5.29E+03
 7.06E+03 1.06E+04 1.76E+04 3.53E+04 7.06E+04 1.06E+05
 1.00E-74 1.00E-74 1.16E-34 9.46E-24 2.48E-18 4.45E-15 5.83E-14 1.35E-13
 2.02E-13 2.91E-13 3.66E-13 3.94E-13 3.65E-13 3.36E-13
 1.00E-74 1.00E-74 1.16E-34 9.46E-24 2.48E-18 4.45E-15 5.83E-14 1.35E-13
 2.02E-13 2.91E-13 3.66E-13 3.94E-13 3.65E-13 3.36E-13
 1.00E-74 1.00E-74 1.16E-34 9.46E-24 2.48E-18 4.45E-15 5.83E-14 1.35E-13
 2.02E-13 2.91E-13 3.66E-13 3.94E-13 3.65E-13 3.36E-13
 1.00E-74 1.00E-74 1.16E-34 9.46E-24 2.48E-18 4.45E-15 5.83E-14 1.35E-13
 2.02E-13 2.91E-13 3.66E-13 3.94E-13 3.65E-13 3.36E-13
 1.00E-74 1.00E-74 1.16E-34 9.46E-24 2.48E-18 4.45E-15 5.83E-14 1.35E-13
 2.02E-13 2.91E-13 3.66E-13 3.94E-13 3.65E-13 3.36E-13
 1.00E-74 2.73E-49 1.16E-34 9.46E-24 2.48E-18 4.45E-15 5.83E-14 1.35E-13
 2.02E-13 2.91E-13 3.66E-13 3.94E-13 3.65E-13 3.36E-13
 1.00E-74 3.01E-49 1.16E-34 9.46E-24 2.48E-18 4.45E-15 5.83E-14 1.35E-13
 2.02E-13 2.91E-13 3.66E-13 3.94E-13 3.65E-13 3.36E-13
  1.41652    7  14 /pl=01:ss=63:pb= 1:sz=63/type=excit/ispb = t/isel =   14
 1.00E+10 1.00E+11 1.00E+12 1.00E+13 1.00E+14 1.00E+15 1.00E+16
 7.06E+01 1.06E+02 1.76E+02 3.53E+02 7.06E+02 1.76E+03 3.53E+03 5.29E+03
 7.06E+03 1.06E+04 1.76E+04 3.53E+04 7.06E+04 1.06E+05
 1.00E-74 1.00E-74 2.55E-35 1.26E-24 2.92E-19 7.08E-16 1.16E-14 2.90E-14
 4.46E-14 6.63E-14 8.58E-14 9.56E-14 9.21E-14 8.67E-14
 1.00E-74 1.00E-74 2.55E-35 1.26E-24 2.92E-19 7.08E-16 1.16E-14 2.90E-14
 4.46E-14 6.63E-14 8.58E-14 9.56E-14 9.21E-14 8.67E-14
 1.00E-74 1.00E-74 2.55E-35 1.26E-24 2.92E-19 7.08E-16 1.16E-14 2.90E-14
 4.46E-14 6.63E-14 8.58E-14 9.56E-14 9.21E-14 8.67E-14
 1.00E-74 1.00E-74 2.55E-35 1.26E-24 2.92E-19 7.08E-16 1.16E-14 2.90E-14
 4.46E-14 6.63E-14 8.58E-14 9.56E-14 9.21E-14 8.67E-14
 1.00E-74 1.00E-74 2.55E-35 1.26E-24 2.92E-19 7.08E-16 1.16E-14 2.90E-14
 4.46E-14 6.63E-14 8.58E-14 9.56E-14 9.21E-14 8.67E-14
 1.00E-74 1.43E-49 2.55E-35 1.26E-24 2.92E-19 7.08E-16 1.16E-14 2.90E-14
 4.46E-14 6.63E-14 8.58E-14 9.56E-14 9.21E-14 8.67E-14
 1.00E-74 1.43E-49 2.55E-35 1.26E-24 2.92E-19 7.08E-16 1.16E-14 2.90E-14
 4.46E-14 6.63E-14 8.58E-14 9.56E-14 9.21E-14 8.67E-14
  1.47483    7  14 /pl=01:ss=63:pb= 1:sz=63/type=excit/ispb = t/isel =   15
 1.00E+10 1.00E+11 1.00E+12 1.00E+13 1.00E+14 1.00E+15 1.00E+16
 7.06E+01 1.06E+02 1.76E+02 3.53E+02 7.06E+02 1.76E+03 3.53E+03 5.29E+03
 7.06E+03 1.06E+04 1.76E+04 3.53E+04 7.06E+04 1.06E+05
 1.00E-74 1.00E-74 3.07E-33 1.54E-22 2.91E-17 3.35E-14 2.96E-13 5.67E-13
 7.57E-13 9.61E-13 1.08E-12 1.03E-12 8.64E-13 7.56E-13
 1.00E-74 1.00E-74 3.07E-33 1.54E-22 2.91E-17 3.35E-14 2.96E-13 5.67E-13
 7.57E-13 9.61E-13 1.08E-12 1.03E-12 8.64E-13 7.56E-13
 1.00E-74 1.00E-74 3.07E-33 1.54E-22 2.91E-17 3.35E-14 2.96E-13 5.67E-13
 7.57E-13 9.61E-13 1.08E-12 1.03E-12 8.64E-13 7.56E-13
 1.00E-74 1.72E-47 3.07E-33 1.54E-22 2.91E-17 3.35E-14 2.96E-13 5.67E-13
 7.57E-13 9.61E-13 1.08E-12 1.03E-12 8.64E-13 7.56E-13
 1.00E-74 1.38E-47 3.07E-33 1.54E-22 2.91E-17 3.35E-14 2.96E-13 5.67E-13
 7.57E-13 9.61E-13 1.08E-12 1.03E-12 8.64E-13 7.56E-13
 1.00E-74 1.34E-47 3.07E-33 1.54E-22 2.91E-17 3.35E-14 2.96E-13 5.67E-13
 7.57E-13 9.61E-13 1.08E-12 1.03E-12 8.64E-13 7.56E-13
 1.00E-74 1.34E-47 3.07E-33 1.54E-22 2.91E-17 3.35E-14 2.96E-13 5.67E-13
 7.57E-13 9.61E-13 1.08E-12 1.03E-12 8.64E-13 7.56E-13
  1.47980    7  14 /pl=01:ss=63:pb= 1:sz=63/type=excit/ispb = t/isel =   16
 1.00E+10 1.00E+11 1.00E+12 1.00E+13 1.00E+14 1.00E+15 1.00E+16
 7.06E+01 1.06E+02 1.76E+02 3.53E+02 7.06E+02 1.76E+03 3.53E+03 5.29E+03
 7.06E+03 1.06E+04 1.76E+04 3.53E+04 7.06E+04 1.06E+05
 1.00E-74 1.00E-74 6.36E-34 1.02E-23 1.25E-18 1.78E-15 2.43E-14 5.78E-14
 8.73E-14 1.27E-13 1.63E-13 1.80E-13 1.73E-13 1.63E-13
 1.00E-74 1.00E-74 6.36E-34 1.02E-23 1.25E-18 1.78E-15 2.43E-14 5.78E-14
 8.73E-14 1.27E-13 1.63E-13 1.80E-13 1.73E-13 1.63E-13
 1.00E-74 1.00E-74 6.36E-34 1.02E-23 1.25E-18 1.78E-15 2.43E-14 5.78E-14
 8.73E-14 1.27E-13 1.63E-13 1.80E-13 1.73E-13 1.63E-13
 1.00E-74 2.10E-47 6.36E-34 1.02E-23 1.25E-18 1.78E-15 2.43E-14 5.78E-14
 8.73E-14 1.27E-13 1.63E-13 1.80E-13 1.73E-13 1.63E-13
 1.00E-74 1.47E-47 6.36E-34 1.02E-23 1.25E-18 1.78E-15 2.43E-14 5.78E-14
 8.73E-14 1.27E-13 1.63E-13 1.80E-13 1.73E-13 1.63E-13
 1.00E-74 1.43E-47 6.36E-34 1.02E-23 1.25E-18 1.78E-15 2.43E-14 5.78E-14
 8.73E-14 1.27E-13 1.63E-13 1.80E-13 1.73E-13 1.63E-13
 1.00E-74 1.44E-47 6.36E-34 1.02E-23 1.25E-18 1.78E-15 2.43E-14 5.78E-14
 8.73E-14 1.27E-13 1.63E-13 1.80E-13 1.73E-13 1.63E-13
  1.48381    7  14 /pl=01:ss=63:pb= 1:sz=63/type=excit/ispb = t/isel =   17
 1.00E+10 1.00E+11 1.00E+12 1.00E+13 1.00E+14 1.00E+15 1.00E+16
 7.06E+01 1.06E+02 1.76E+02 3.53E+02 7.06E+02 1.76E+03 3.53E+03 5.29E+03
 7.06E+03 1.06E+04 1.76E+04 3.53E+04 7.06E+04 1.06E+05
 1.00E-74 1.00E-74 3.31E-34 1.45E-23 2.58E-18 3.16E-15 3.21E-14 6.70E-14
 9.44E-14 1.28E-13 1.53E-13 1.58E-13 1.44E-13 1.32E-13
 1.00E-74 1.00E-74 3.31E-34 1.45E-23 2.58E-18 3.16E-15 3.21E-14 6.70E-14
 9.44E-14 1.28E-13 1.53E-13 1.58E-13 1.44E-13 1.32E-13
 1.00E-74 1.00E-74 3.31E-34 1.45E-23 2.58E-18 3.16E-15 3.21E-14 6.70E-14
 9.44E-14 1.28E-13 1.53E-13 1.58E-13 1.44E-13 1.32E-13
 1.00E-74 1.44E-48 3.31E-34 1.45E-23 2.58E-18 3.16E-15 3.21E-14 6.70E-14
 9.44E-14 1.28E-13 1.53E-13 1.58E-13 1.44E-13 1.32E-13
 1.00E-74 1.73E-48 3.31E-34 1.45E-23 2.58E-18 3.16E-15 3.21E-14 6.70E-14
 9.44E-14 1.28E-13 1.53E-13 1.58E-13 1.44E-13 1.32E-13
 1.00E-74 1.76E-48 3.31E-34 1.45E-23 2.58E-18 3.16E-15 3.21E-14 6.70E-14
 9.44E-14 1.28E-13 1.53E-13 1.58E-13 1.44E-13 1.32E-13
 1.00E-74 1.76E-48 3.31E-34 1.45E-23 2.58E-18 3.16E-15 3.21E-14 6.69E-14
 9.43E-14 1.28E-13 1.53E-13 1.58E-13 1.44E-13 1.32E-13
  1.98943    7  14 /pl=01:ss=63:pb= 1:sz=63/type=excit/ispb = t/isel =   18
 1.00E+10 1.00E+11 1.00E+12 1.00E+13 1.00E+14 1.00E+15 1.00E+16
 7.06E+01 1.06E+02 1.76E+02 3.53E+02 7.06E+02 1.76E+03 3.53E+03 5.29E+03
 7.06E+03 1.06E+04 1.76E+04 3.53E+04 7.06E+04 1.06E+05
 1.00E-74 4.54E-39 5.90E-29 1.95E-21 1.01E-17 1.89E-15 1.13E-14 1.97E-14
 2.57E-14 3.24E-14 3.75E-14 3.89E-14 3.65E-14 3.42E-14
 1.00E-74 4.54E-39 5.90E-29 1.95E-21 1.01E-17 1.89E-15 1.13E-14 1.97E-14
 2.57E-14 3.24E-14 3.75E-14 3.89E-14 3.65E-14 3.42E-14
 1.00E-74 4.54E-39 5.90E-29 1.95E-21 1.01E-17 1.89E-15 1.13E-14 1.97E-14
 2.57E-14 3.24E-14 3.75E-14 3.89E-14 3.65E-14 3.42E-14
 1.00E-74 4.54E-39 5.90E-29 1.95E-21 1.01E-17 1.89E-15 1.13E-14 1.97E-14
 2.57E-14 3.24E-14 3.75E-14 3.89E-14 3.65E-14 3.42E-14
 1.00E-74 4.54E-39 5.90E-29 1.95E-21 1.01E-17 1.89E-15 1.13E-14 1.97E-14
 2.57E-14 3.24E-14 3.75E-14 3.89E-14 3.65E-14 3.42E-14
 1.00E-74 4.54E-39 5.90E-29 1.95E-21 1.01E-17 1.89E-15 1.13E-14 1.97E-14
 2.57E-14 3.24E-14 3.75E-14 3.89E-14 3.65E-14 3.42E-14
 1.00E-74 4.54E-39 5.90E-29 1.95E-21 1.01E-17 1.89E-15 1.13E-14 1.97E-14
 2.57E-14 3.24E-14 3.75E-14 3.89E-14 3.65E-14 3.42E-14
  2.08330    7  14 /pl=01:ss=63:pb= 1:sz=63/type=excit/ispb = t/isel =   19
 1.00E+10 1.00E+11 1.00E+12 1.00E+13 1.00E+14 1.00E+15 1.00E+16
 7.06E+01 1.06E+02 1.76E+02 3.53E+02 7.06E+02 1.76E+03 3.53E+03 5.29E+03
 7.06E+03 1.06E+04 1.76E+04 3.53E+04 7.06E+04 1.06E+05
 1.00E-74 1.13E-37 5.19E-28 8.01E-21 2.72E-17 3.14E-15 1.44E-14 2.33E-14
 2.93E-14 3.63E-14 4.22E-14 4.58E-14 4.53E-14 4.37E-14
 1.00E-74 1.13E-37 5.19E-28 8.01E-21 2.72E-17 3.14E-15 1.44E-14 2.33E-14
 2.93E-14 3.63E-14 4.22E-14 4.58E-14 4.53E-14 4.37E-14
 1.00E-74 1.13E-37 5.19E-28 8.01E-21 2.72E-17 3.14E-15 1.44E-14 2.33E-14
 2.93E-14 3.63E-14 4.22E-14 4.58E-14 4.53E-14 4.37E-14
 1.00E-74 1.13E-37 5.19E-28 8.01E-21 2.72E-17 3.14E-15 1.44E-14 2.33E-14
 2.93E-14 3.63E-14 4.22E-14 4.58E-14 4.53E-14 4.37E-14
 1.00E-74 1.13E-37 5.19E-28 8.01E-21 2.72E-17 3.14E-15 1.44E-14 2.33E-14
 2.93E-14 3.63E-14 4.22E-14 4.58E-14 4.53E-14 4.37E-14
 1.00E-74 1.13E-37 5.19E-28 8.01E-21 2.72E-17 3.14E-15 1.44E-14 2.33E-14
 2.93E-14 3.63E-14 4.22E-14 4.58E-14 4.53E-14 4.37E-14
 1.00E-74 1.13E-37 5.19E-28 8.01E-21 2.72E-17 3.14E-15 1.44E-14 2.33E-14
 2.93E-14 3.63E-14 4.22E-14 4.58E-14 4.53E-14 4.37E-14
  2.22825    7  14 /pl=01:ss=63:pb= 1:sz=63/type=excit/ispb = t/isel =   20
 1.00E+10 1.00E+11 1.00E+12 1.00E+13 1.00E+14 1.00E+15 1.00E+16
 7.06E+01 1.06E+02 1.76E+02 3.53E+02 7.06E+02 1.76E+03 3.53E+03 5.29E+03
 7.06E+03 1.06E+04 1.76E+04 3.53E+04 7.06E+04 1.06E+05
 1.00E-74 2.82E-37 1.40E-27 2.24E-20 7.58E-17 7.86E-15 3.10E-14 4.54E-14
 5.31E-14 5.88E-14 5.92E-14 5.19E-14 4.16E-14 3.56E-14
 1.00E-74 2.82E-37 1.40E-27 2.24E-20 7.58E-17 7.86E-15 3.10E-14 4.54E-14
 5.31E-14 5.88E-14 5.92E-14 5.19E-14 4.16E-14 3.56E-14
 1.00E-74 2.82E-37 1.40E-27 2.24E-20 7.58E-17 7.86E-15 3.10E-14 4.54E-14
 5.31E-14 5.88E-14 5.92E-14 5.19E-14 4.16E-14 3.56E-14
 1.00E-74 2.82E-37 1.40E-27 2.24E-20 7.58E-17 7.86E-15 3.10E-14 4.54E-14
 5.31E-14 5.88E-14 5.92E-14 5.19E-14 4.16E-14 3.56E-14
 1.00E-74 2.82E-37 1.40E-27 2.24E-20 7.58E-17 7.86E-15 3.10E-14 4.54E-14
 5.31E-14 5.88E-14 5.92E-14 5.19E-14 4.16E-14 3.56E-14
 1.00E-74 2.82E-37 1.40E-27 2.24E-20 7.58E-17 7.86E-15 3.10E-14 4.54E-14
 5.31E-14 5.88E-14 5.92E-14 5.19E-14 4.16E-14 3.56E-14
 1.00E-74 2.82E-37 1.40E-27 2.24E-20 7.58E-17 7.86E-15 3.10E-14 4.54E-14
 5.31E-14 5.88E-14 5.92E-14 5.19E-14 4.16E-14 3.56E-14
  2.24801    7  14 /pl=01:ss=63:pb= 1:sz=63/type=excit/ispb = t/isel =   21
 1.00E+10 1.00E+11 1.00E+12 1.00E+13 1.00E+14 1.00E+15 1.00E+16
 7.06E+01 1.06E+02 1.76E+02 3.53E+02 7.06E+02 1.76E+03 3.53E+03 5.29E+03
 7.06E+03 1.06E+04 1.76E+04 3.53E+04 7.06E+04 1.06E+05
 1.00E-74 1.40E-35 1.23E-26 5.63E-20 1.07E-16 8.40E-15 3.28E-14 5.02E-14
 6.14E-14 7.45E-14 8.59E-14 9.33E-14 9.34E-14 9.06E-14
 1.00E-74 1.40E-35 1.23E-26 5.63E-20 1.07E-16 8.40E-15 3.28E-14 5.02E-14
 6.14E-14 7.45E-14 8.59E-14 9.33E-14 9.34E-14 9.06E-14
 1.00E-74 1.40E-35 1.23E-26 5.63E-20 1.07E-16 8.40E-15 3.28E-14 5.02E-14
 6.14E-14 7.45E-14 8.59E-14 9.33E-14 9.34E-14 9.06E-14
 1.00E-74 1.40E-35 1.23E-26 5.63E-20 1.07E-16 8.40E-15 3.28E-14 5.02E-14
 6.14E-14 7.45E-14 8.59E-14 9.33E-14 9.34E-14 9.06E-14
 1.00E-74 1.40E-35 1.23E-26 5.63E-20 1.07E-16 8.40E-15 3.28E-14 5.02E-14
 6.14E-14 7.45E-14 8.59E-14 9.33E-14 9.34E-14 9.06E-14
 9.08E-47 1.40E-35 1.23E-26 5.63E-20 1.07E-16 8.40E-15 3.28E-14 5.02E-14
 6.14E-14 7.45E-14 8.59E-14 9.33E-14 9.34E-14 9.06E-14
 8.40E-47 1.40E-35 1.23E-26 5.63E-20 1.07E-16 8.40E-15 3.28E-14 5.02E-14
 6.14E-14 7.45E-14 8.59E-14 9.33E-14 9.34E-14 9.06E-14
  2.41056    7  14 /pl=01:ss=63:pb= 1:sz=63/type=excit/ispb = t/isel =   22
 1.00E+10 1.00E+11 1.00E+12 1.00E+13 1.00E+14 1.00E+15 1.00E+16
 7.06E+01 1.06E+02 1.76E+02 3.53E+02 7.06E+02 1.76E+03 3.53E+03 5.29E+03
 7.06E+03 1.06E+04 1.76E+04 3.53E+04 7.06E+04 1.06E+05
 1.00E-74 3.07E-35 3.10E-26 1.51E-19 2.83E-16 2.05E-14 7.23E-14 1.02E-13
 1.17E-13 1.28E-13 1.28E-13 1.12E-13 8.98E-14 7.72E-14
 1.00E-74 3.07E-35 3.10E-26 1.51E-19 2.83E-16 2.05E-14 7.23E-14 1.02E-13
 1.17E-13 1.28E-13 1.28E-13 1.12E-13 8.98E-14 7.72E-14
 1.00E-74 3.07E-35 3.10E-26 1.51E-19 2.83E-16 2.05E-14 7.23E-14 1.02E-13
 1.17E-13 1.28E-13 1.28E-13 1.12E-13 8.98E-14 7.72E-14
 1.00E-74 3.07E-35 3.10E-26 1.51E-19 2.83E-16 2.05E-14 7.23E-14 1.02E-13
 1.17E-13 1.28E-13 1.28E-13 1.12E-13 8.98E-14 7.72E-14
 1.00E-74 3.07E-35 3.10E-26 1.51E-19 2.83E-16 2.05E-14 7.23E-14 1.02E-13
 1.17E-13 1.28E-13 1.28E-13 1.12E-13 8.98E-14 7.72E-14
 1.49E-46 3.07E-35 3.10E-26 1.51E-19 2.83E-16 2.05E-14 7.23E-14 1.02E-13
 1.17E-13 1.28E-13 1.28E-13 1.12E-13 8.98E-14 7.72E-14
 1.54E-46 3.07E-35 3.10E-26 1.51E-19 2.83E-16 2.05E-14 7.23E-14 1.02E-13
 1.17E-13 1.28E-13 1.28E-13 1.12E-13 8.98E-14 7.72E-14
  2.45295    7  14 /pl=01:ss=63:pb= 1:sz=63/type=excit/ispb = t/isel =   23
 1.00E+10 1.00E+11 1.00E+12 1.00E+13 1.00E+14 1.00E+15 1.00E+16
 7.06E+01 1.06E+02 1.76E+02 3.53E+02 7.06E+02 1.76E+03 3.53E+03 5.29E+03
 7.06E+03 1.06E+04 1.76E+04 3.53E+04 7.06E+04 1.06E+05
 1.00E-74 3.09E-35 2.23E-26 8.47E-20 1.40E-16 9.49E-15 3.27E-14 4.59E-14
 5.27E-14 5.75E-14 5.74E-14 5.03E-14 4.08E-14 3.52E-14
 1.00E-74 3.09E-35 2.23E-26 8.47E-20 1.40E-16 9.49E-15 3.27E-14 4.59E-14
 5.27E-14 5.75E-14 5.74E-14 5.03E-14 4.08E-14 3.52E-14
 1.00E-74 3.09E-35 2.23E-26 8.47E-20 1.40E-16 9.49E-15 3.27E-14 4.59E-14
 5.27E-14 5.75E-14 5.74E-14 5.03E-14 4.08E-14 3.52E-14
 1.00E-74 3.09E-35 2.23E-26 8.47E-20 1.40E-16 9.49E-15 3.27E-14 4.59E-14
 5.27E-14 5.75E-14 5.74E-14 5.03E-14 4.08E-14 3.52E-14
 2.37E-46 3.09E-35 2.23E-26 8.47E-20 1.40E-16 9.49E-15 3.27E-14 4.59E-14
 5.27E-14 5.75E-14 5.74E-14 5.03E-14 4.08E-14 3.52E-14
 2.37E-46 3.09E-35 2.23E-26 8.47E-20 1.40E-16 9.49E-15 3.27E-14 4.59E-14
 5.27E-14 5.75E-14 5.74E-14 5.03E-14 4.08E-14 3.52E-14
 2.32E-46 3.09E-35 2.23E-26 8.47E-20 1.40E-16 9.49E-15 3.27E-14 4.59E-14
 5.27E-14 5.75E-14 5.74E-14 5.03E-14 4.08E-14 3.52E-14
  2.59103    7  14 /pl=01:ss=63:pb= 1:sz=63/type=excit/ispb = t/isel =   24
 1.00E+10 1.00E+11 1.00E+12 1.00E+13 1.00E+14 1.00E+15 1.00E+16
 7.06E+01 1.06E+02 1.76E+02 3.53E+02 7.06E+02 1.76E+03 3.53E+03 5.29E+03
 7.06E+03 1.06E+04 1.76E+04 3.53E+04 7.06E+04 1.06E+05
 7.65E-42 3.65E-32 2.02E-24 1.15E-18 7.92E-16 3.51E-14 1.14E-13 1.64E-13
 1.96E-13 2.32E-13 2.63E-13 2.85E-13 2.84E-13 2.76E-13
 6.89E-42 3.65E-32 2.02E-24 1.15E-18 7.92E-16 3.51E-14 1.14E-13 1.64E-13
 1.96E-13 2.32E-13 2.63E-13 2.85E-13 2.84E-13 2.76E-13
 6.85E-42 3.65E-32 2.02E-24 1.15E-18 7.92E-16 3.51E-14 1.14E-13 1.64E-13
 1.96E-13 2.32E-13 2.63E-13 2.85E-13 2.84E-13 2.76E-13
 6.86E-42 3.65E-32 2.02E-24 1.15E-18 7.92E-16 3.51E-14 1.14E-13 1.64E-13
 1.96E-13 2.32E-13 2.63E-13 2.85E-13 2.84E-13 2.76E-13
 6.86E-42 3.65E-32 2.02E-24 1.15E-18 7.92E-16 3.51E-14 1.14E-13 1.64E-13
 1.96E-13 2.32E-13 2.63E-13 2.85E-13 2.84E-13 2.76E-13
 6.86E-42 3.65E-32 2.02E-24 1.15E-18 7.92E-16 3.51E-14 1.14E-13 1.64E-13
 1.96E-13 2.32E-13 2.63E-13 2.85E-13 2.84E-13 2.76E-13
 6.86E-42 3.65E-32 2.02E-24 1.15E-18 7.92E-16 3.51E-14 1.14E-13 1.64E-13
 1.96E-13 2.32E-13 2.63E-13 2.85E-13 2.84E-13 2.76E-13
  2.79009    7  14 /pl=01:ss=63:pb= 1:sz=63/type=excit/ispb = t/isel =   25
 1.00E+10 1.00E+11 1.00E+12 1.00E+13 1.00E+14 1.00E+15 1.00E+16
 7.06E+01 1.06E+02 1.76E+02 3.53E+02 7.06E+02 1.76E+03 3.53E+03 5.29E+03
 7.06E+03 1.06E+04 1.76E+04 3.53E+04 7.06E+04 1.06E+05
 8.77E-42 6.10E-32 4.41E-24 2.95E-18 2.05E-15 8.27E-14 2.40E-13 3.20E-13
 3.58E-13 3.81E-13 3.72E-13 3.24E-13 2.59E-13 2.24E-13
 7.89E-42 6.10E-32 4.41E-24 2.95E-18 2.05E-15 8.27E-14 2.40E-13 3.20E-13
 3.58E-13 3.81E-13 3.72E-13 3.24E-13 2.59E-13 2.24E-13
 8.25E-42 6.10E-32 4.41E-24 2.95E-18 2.05E-15 8.27E-14 2.40E-13 3.20E-13
 3.58E-13 3.81E-13 3.72E-13 3.24E-13 2.59E-13 2.24E-13
 8.23E-42 6.10E-32 4.41E-24 2.95E-18 2.05E-15 8.27E-14 2.40E-13 3.20E-13
 3.58E-13 3.81E-13 3.72E-13 3.24E-13 2.59E-13 2.24E-13
 8.23E-42 6.10E-32 4.41E-24 2.95E-18 2.05E-15 8.27E-14 2.40E-13 3.20E-13
 3.58E-13 3.81E-13 3.72E-13 3.24E-13 2.59E-13 2.24E-13
 8.23E-42 6.10E-32 4.41E-24 2.95E-18 2.05E-15 8.27E-14 2.40E-13 3.20E-13
 3.58E-13 3.81E-13 3.72E-13 3.24E-13 2.59E-13 2.24E-13
 8.23E-42 6.10E-32 4.41E-24 2.95E-18 2.05E-15 8.27E-14 2.40E-13 3.20E-13
 3.58E-13 3.81E-13 3.72E-13 3.24E-13 2.59E-13 2.24E-13
  2.89149    7  14 /pl=01:ss=63:pb= 1:sz=63/type=excit/ispb = t/isel =   26
 1.00E+10 1.00E+11 1.00E+12 1.00E+13 1.00E+14 1.00E+15 1.00E+16
 7.06E+01 1.06E+02 1.76E+02 3.53E+02 7.06E+02 1.76E+03 3.53E+03 5.29E+03
 7.06E+03 1.06E+04 1.76E+04 3.53E+04 7.06E+04 1.06E+05
 3.92E-41 1.43E-31 5.69E-24 2.45E-18 1.37E-15 4.90E-14 1.37E-13 1.81E-13
 2.00E-13 2.13E-13 2.07E-13 1.80E-13 1.46E-13 1.27E-13
 4.01E-41 1.43E-31 5.69E-24 2.45E-18 1.37E-15 4.90E-14 1.37E-13 1.81E-13
 2.00E-13 2.13E-13 2.07E-13 1.80E-13 1.46E-13 1.27E-13
 4.01E-41 1.43E-31 5.69E-24 2.45E-18 1.37E-15 4.90E-14 1.37E-13 1.81E-13
 2.00E-13 2.13E-13 2.07E-13 1.80E-13 1.46E-13 1.27E-13
 4.02E-41 1.43E-31 5.69E-24 2.45E-18 1.37E-15 4.90E-14 1.37E-13 1.81E-13
 2.00E-13 2.13E-13 2.07E-13 1.80E-13 1.46E-13 1.27E-13
 4.01E-41 1.43E-31 5.69E-24 2.45E-18 1.37E-15 4.90E-14 1.37E-13 1.81E-13
 2.00E-13 2.13E-13 2.07E-13 1.80E-13 1.46E-13 1.27E-13
 4.01E-41 1.43E-31 5.69E-24 2.45E-18 1.37E-15 4.90E-14 1.37E-13 1.81E-13
 2.00E-13 2.13E-13 2.07E-13 1.80E-13 1.46E-13 1.27E-13
 4.01E-41 1.43E-31 5.69E-24 2.45E-18 1.37E-15 4.90E-14 1.37E-13 1.81E-13
 2.00E-13 2.13E-13 2.07E-13 1.80E-13 1.46E-13 1.27E-13
  3.08747    7  14 /pl=01:ss=63:pb= 1:sz=63/type=excit/ispb = t/isel =   27
 1.00E+10 1.00E+11 1.00E+12 1.00E+13 1.00E+14 1.00E+15 1.00E+16
 7.06E+01 1.06E+02 1.76E+02 3.53E+02 7.06E+02 1.76E+03 3.53E+03 5.29E+03
 7.06E+03 1.06E+04 1.76E+04 3.53E+04 7.06E+04 1.06E+05
 1.49E-42 7.11E-33 3.93E-25 2.25E-19 1.54E-16 6.84E-15 2.22E-14 3.20E-14
 3.83E-14 4.52E-14 5.13E-14 5.55E-14 5.54E-14 5.37E-14
 1.34E-42 7.11E-33 3.93E-25 2.25E-19 1.54E-16 6.84E-15 2.22E-14 3.20E-14
 3.83E-14 4.52E-14 5.13E-14 5.55E-14 5.54E-14 5.37E-14
 1.33E-42 7.11E-33 3.93E-25 2.25E-19 1.54E-16 6.84E-15 2.22E-14 3.20E-14
 3.83E-14 4.52E-14 5.13E-14 5.55E-14 5.54E-14 5.37E-14
 1.34E-42 7.11E-33 3.93E-25 2.25E-19 1.54E-16 6.84E-15 2.22E-14 3.20E-14
 3.83E-14 4.52E-14 5.13E-14 5.55E-14 5.54E-14 5.37E-14
 1.34E-42 7.11E-33 3.93E-25 2.25E-19 1.54E-16 6.84E-15 2.22E-14 3.20E-14
 3.83E-14 4.52E-14 5.13E-14 5.55E-14 5.54E-14 5.37E-14
 1.34E-42 7.11E-33 3.93E-25 2.25E-19 1.54E-16 6.84E-15 2.22E-14 3.20E-14
 3.83E-14 4.52E-14 5.13E-14 5.55E-14 5.54E-14 5.37E-14
 1.34E-42 7.11E-33 3.93E-25 2.25E-19 1.54E-16 6.84E-15 2.22E-14 3.20E-14
 3.83E-14 4.52E-14 5.13E-14 5.55E-14 5.54E-14 5.37E-14
  3.58102    7  14 /pl=01:ss=63:pb= 1:sz=63/type=excit/ispb = t/isel =   28
 1.00E+10 1.00E+11 1.00E+12 1.00E+13 1.00E+14 1.00E+15 1.00E+16
 7.06E+01 1.06E+02 1.76E+02 3.53E+02 7.06E+02 1.76E+03 3.53E+03 5.29E+03
 7.06E+03 1.06E+04 1.76E+04 3.53E+04 7.06E+04 1.06E+05
 1.00E-74 1.00E-74 5.52E-42 1.18E-27 1.63E-20 2.51E-16 5.30E-15 1.36E-14
 2.12E-14 3.18E-14 4.16E-14 4.75E-14 4.71E-14 4.51E-14
 1.00E-74 1.00E-74 4.42E-42 1.18E-27 1.63E-20 2.51E-16 5.30E-15 1.36E-14
 2.12E-14 3.18E-14 4.16E-14 4.75E-14 4.71E-14 4.51E-14
 1.00E-74 1.00E-74 4.47E-42 1.18E-27 1.63E-20 2.51E-16 5.30E-15 1.36E-14
 2.12E-14 3.18E-14 4.16E-14 4.75E-14 4.71E-14 4.51E-14
 1.00E-74 1.00E-74 4.48E-42 1.18E-27 1.63E-20 2.51E-16 5.30E-15 1.36E-14
 2.12E-14 3.18E-14 4.16E-14 4.75E-14 4.71E-14 4.51E-14
 1.00E-74 1.00E-74 4.48E-42 1.18E-27 1.63E-20 2.51E-16 5.30E-15 1.36E-14
 2.12E-14 3.18E-14 4.16E-14 4.75E-14 4.71E-14 4.51E-14
 1.00E-74 1.00E-74 4.48E-42 1.18E-27 1.63E-20 2.51E-16 5.30E-15 1.36E-14
 2.12E-14 3.18E-14 4.16E-14 4.75E-14 4.71E-14 4.51E-14
 1.00E-74 1.00E-74 4.48E-42 1.18E-27 1.63E-20 2.51E-16 5.30E-15 1.36E-14
 2.12E-14 3.18E-14 4.16E-14 4.75E-14 4.71E-14 4.51E-14
  3.62309    7  14 /pl=01:ss=63:pb= 1:sz=63/type=excit/ispb = t/isel =   29
 1.00E+10 1.00E+11 1.00E+12 1.00E+13 1.00E+14 1.00E+15 1.00E+16
 7.06E+01 1.06E+02 1.76E+02 3.53E+02 7.06E+02 1.76E+03 3.53E+03 5.29E+03
 7.06E+03 1.06E+04 1.76E+04 3.53E+04 7.06E+04 1.06E+05
 7.91E-33 6.75E-26 2.16E-20 2.53E-16 2.48E-14 3.66E-13 8.69E-13 1.15E-12
 1.33E-12 1.53E-12 1.72E-12 1.86E-12 1.86E-12 1.80E-12
 7.91E-33 6.75E-26 2.16E-20 2.53E-16 2.48E-14 3.66E-13 8.69E-13 1.15E-12
 1.33E-12 1.53E-12 1.72E-12 1.86E-12 1.86E-12 1.80E-12
 7.91E-33 6.75E-26 2.16E-20 2.53E-16 2.48E-14 3.66E-13 8.69E-13 1.15E-12
 1.33E-12 1.53E-12 1.72E-12 1.86E-12 1.86E-12 1.80E-12
 7.91E-33 6.75E-26 2.16E-20 2.53E-16 2.48E-14 3.66E-13 8.69E-13 1.15E-12
 1.33E-12 1.53E-12 1.72E-12 1.86E-12 1.86E-12 1.80E-12
 7.91E-33 6.75E-26 2.16E-20 2.53E-16 2.48E-14 3.66E-13 8.69E-13 1.15E-12
 1.33E-12 1.53E-12 1.72E-12 1.86E-12 1.86E-12 1.80E-12
 7.91E-33 6.75E-26 2.16E-20 2.53E-16 2.48E-14 3.66E-13 8.69E-13 1.15E-12
 1.33E-12 1.53E-12 1.72E-12 1.86E-12 1.86E-12 1.80E-12
 7.91E-33 6.75E-26 2.16E-20 2.53E-16 2.48E-14 3.66E-13 8.69E-13 1.15E-12
 1.33E-12 1.53E-12 1.72E-12 1.86E-12 1.86E-12 1.80E-12
  3.68745    7  14 /pl=01:ss=63:pb= 1:sz=63/type=excit/ispb = t/isel =   30
 1.00E+10 1.00E+11 1.00E+12 1.00E+13 1.00E+14 1.00E+15 1.00E+16
 7.06E+01 1.06E+02 1.76E+02 3.53E+02 7.06E+02 1.76E+03 3.53E+03 5.29E+03
 7.06E+03 1.06E+04 1.76E+04 3.53E+04 7.06E+04 1.06E+05
 1.00E-74 1.00E-74 1.00E-74 1.16E-28 5.83E-21 1.92E-16 5.17E-15 1.44E-14
 2.34E-14 3.64E-14 4.94E-14 5.79E-14 5.85E-14 5.66E-14
 1.00E-74 1.00E-74 1.00E-74 1.16E-28 5.83E-21 1.92E-16 5.17E-15 1.44E-14
 2.34E-14 3.64E-14 4.94E-14 5.79E-14 5.85E-14 5.66E-14
 1.00E-74 1.00E-74 1.00E-74 1.16E-28 5.83E-21 1.92E-16 5.17E-15 1.44E-14
 2.34E-14 3.64E-14 4.94E-14 5.79E-14 5.85E-14 5.66E-14
 1.00E-74 1.00E-74 3.48E-44 1.16E-28 5.83E-21 1.92E-16 5.17E-15 1.44E-14
 2.34E-14 3.64E-14 4.94E-14 5.79E-14 5.85E-14 5.66E-14
 1.00E-74 1.00E-74 3.30E-44 1.16E-28 5.83E-21 1.92E-16 5.17E-15 1.44E-14
 2.34E-14 3.64E-14 4.94E-14 5.79E-14 5.85E-14 5.66E-14
 1.00E-74 1.00E-74 3.28E-44 1.16E-28 5.83E-21 1.92E-16 5.17E-15 1.44E-14
 2.34E-14 3.64E-14 4.94E-14 5.79E-14 5.85E-14 5.66E-14
 1.00E-74 1.00E-74 3.29E-44 1.16E-28 5.83E-21 1.92E-16 5.17E-15 1.44E-14
 2.34E-14 3.64E-14 4.94E-14 5.79E-14 5.85E-14 5.66E-14
  3.75686    7  14 /pl=01:ss=63:pb= 1:sz=63/type=excit/ispb = t/isel =   31
 1.00E+10 1.00E+11 1.00E+12 1.00E+13 1.00E+14 1.00E+15 1.00E+16
 7.06E+01 1.06E+02 1.76E+02 3.53E+02 7.06E+02 1.76E+03 3.53E+03 5.29E+03
 7.06E+03 1.06E+04 1.76E+04 3.53E+04 7.06E+04 1.06E+05
 1.00E-74 1.00E-74 1.00E-74 3.56E-28 8.80E-21 1.95E-16 4.66E-15 1.25E-14
 1.99E-14 3.03E-14 4.02E-14 4.62E-14 4.61E-14 4.43E-14
 1.00E-74 1.00E-74 5.17E-43 3.56E-28 8.80E-21 1.95E-16 4.66E-15 1.25E-14
 1.99E-14 3.03E-14 4.02E-14 4.62E-14 4.61E-14 4.43E-14
 1.00E-74 1.00E-74 4.14E-43 3.56E-28 8.80E-21 1.95E-16 4.66E-15 1.25E-14
 1.99E-14 3.03E-14 4.02E-14 4.62E-14 4.61E-14 4.43E-14
 1.00E-74 1.00E-74 4.24E-43 3.56E-28 8.80E-21 1.95E-16 4.66E-15 1.25E-14
 1.99E-14 3.03E-14 4.02E-14 4.62E-14 4.61E-14 4.43E-14
 1.00E-74 1.00E-74 4.22E-43 3.56E-28 8.80E-21 1.95E-16 4.66E-15 1.25E-14
 1.99E-14 3.03E-14 4.02E-14 4.62E-14 4.61E-14 4.43E-14
 1.00E-74 1.00E-74 4.23E-43 3.56E-28 8.80E-21 1.95E-16 4.66E-15 1.25E-14
 1.99E-14 3.03E-14 4.02E-14 4.62E-14 4.61E-14 4.43E-14
 1.00E-74 1.00E-74 4.23E-43 3.56E-28 8.80E-21 1.95E-16 4.66E-15 1.25E-14
 1.99E-14 3.03E-14 4.02E-14 4.62E-14 4.61E-14 4.43E-14
  3.93372    7  14 /pl=01:ss=63:pb= 1:sz=63/type=excit/ispb = t/isel =   32
 1.00E+10 1.00E+11 1.00E+12 1.00E+13 1.00E+14 1.00E+15 1.00E+16
 7.06E+01 1.06E+02 1.76E+02 3.53E+02 7.06E+02 1.76E+03 3.53E+03 5.29E+03
 7.06E+03 1.06E+04 1.76E+04 3.53E+04 7.06E+04 1.06E+05
 3.47E-33 5.79E-26 3.16E-20 5.46E-16 6.10E-14 8.33E-13 1.72E-12 2.06E-12
 2.19E-12 2.24E-12 2.13E-12 1.83E-12 1.47E-12 1.26E-12
 3.47E-33 5.79E-26 3.16E-20 5.46E-16 6.10E-14 8.33E-13 1.72E-12 2.06E-12
 2.19E-12 2.24E-12 2.13E-12 1.83E-12 1.47E-12 1.26E-12
 3.47E-33 5.79E-26 3.16E-20 5.46E-16 6.10E-14 8.33E-13 1.72E-12 2.06E-12
 2.19E-12 2.24E-12 2.13E-12 1.83E-12 1.47E-12 1.26E-12
 3.47E-33 5.79E-26 3.16E-20 5.46E-16 6.10E-14 8.33E-13 1.72E-12 2.06E-12
 2.19E-12 2.24E-12 2.13E-12 1.83E-12 1.47E-12 1.26E-12
 3.47E-33 5.79E-26 3.16E-20 5.46E-16 6.10E-14 8.33E-13 1.72E-12 2.06E-12
 2.19E-12 2.24E-12 2.13E-12 1.83E-12 1.47E-12 1.26E-12
 3.47E-33 5.79E-26 3.16E-20 5.46E-16 6.10E-14 8.33E-13 1.72E-12 2.06E-12
 2.19E-12 2.24E-12 2.13E-12 1.83E-12 1.47E-12 1.26E-12
 3.47E-33 5.79E-26 3.16E-20 5.46E-16 6.10E-14 8.33E-13 1.72E-12 2.06E-12
 2.19E-12 2.24E-12 2.13E-12 1.83E-12 1.47E-12 1.26E-12
  4.36449    7  14 /pl=01:ss=63:pb= 1:sz=63/type=excit/ispb = t/isel =   33
 1.00E+10 1.00E+11 1.00E+12 1.00E+13 1.00E+14 1.00E+15 1.00E+16
 7.06E+01 1.06E+02 1.76E+02 3.53E+02 7.06E+02 1.76E+03 3.53E+03 5.29E+03
 7.06E+03 1.06E+04 1.76E+04 3.53E+04 7.06E+04 1.06E+05
 2.69E-31 1.03E-24 1.74E-19 1.24E-15 8.92E-14 9.37E-13 1.77E-12 2.05E-12
 2.15E-12 2.15E-12 2.01E-12 1.70E-12 1.36E-12 1.17E-12
 2.69E-31 1.03E-24 1.74E-19 1.24E-15 8.92E-14 9.37E-13 1.77E-12 2.05E-12
 2.15E-12 2.15E-12 2.01E-12 1.70E-12 1.36E-12 1.17E-12
 2.69E-31 1.03E-24 1.74E-19 1.24E-15 8.92E-14 9.37E-13 1.77E-12 2.05E-12
 2.15E-12 2.15E-12 2.01E-12 1.70E-12 1.36E-12 1.17E-12
 2.69E-31 1.03E-24 1.74E-19 1.24E-15 8.92E-14 9.37E-13 1.77E-12 2.05E-12
 2.15E-12 2.15E-12 2.01E-12 1.70E-12 1.36E-12 1.17E-12
 2.69E-31 1.03E-24 1.74E-19 1.24E-15 8.92E-14 9.37E-13 1.77E-12 2.05E-12
 2.15E-12 2.15E-12 2.01E-12 1.70E-12 1.36E-12 1.17E-12
 2.69E-31 1.03E-24 1.74E-19 1.24E-15 8.92E-14 9.37E-13 1.77E-12 2.05E-12
 2.15E-12 2.15E-12 2.01E-12 1.70E-12 1.36E-12 1.17E-12
 2.69E-31 1.03E-24 1.74E-19 1.24E-15 8.92E-14 9.37E-13 1.77E-12 2.05E-12
 2.15E-12 2.15E-12 2.01E-12 1.70E-12 1.36E-12 1.17E-12
  4.36662    7  14 /pl=01:ss=63:pb= 1:sz=63/type=excit/ispb = t/isel =   34
 1.00E+10 1.00E+11 1.00E+12 1.00E+13 1.00E+14 1.00E+15 1.00E+16
 7.06E+01 1.06E+02 1.76E+02 3.53E+02 7.06E+02 1.76E+03 3.53E+03 5.29E+03
 7.06E+03 1.06E+04 1.76E+04 3.53E+04 7.06E+04 1.06E+05
 1.00E-74 1.00E-74 1.00E-74 2.92E-27 4.37E-20 6.92E-16 1.45E-14 3.70E-14
 5.72E-14 8.41E-14 1.07E-13 1.14E-13 1.04E-13 9.29E-14
 1.00E-74 1.00E-74 1.02E-41 2.92E-27 4.37E-20 6.92E-16 1.45E-14 3.70E-14
 5.72E-14 8.41E-14 1.07E-13 1.14E-13 1.04E-13 9.29E-14
 1.00E-74 1.00E-74 9.18E-42 2.92E-27 4.37E-20 6.92E-16 1.45E-14 3.70E-14
 5.72E-14 8.41E-14 1.07E-13 1.14E-13 1.04E-13 9.29E-14
 1.00E-74 1.00E-74 9.28E-42 2.92E-27 4.37E-20 6.92E-16 1.45E-14 3.70E-14
 5.72E-14 8.41E-14 1.07E-13 1.14E-13 1.04E-13 9.29E-14
 1.00E-74 1.00E-74 9.29E-42 2.92E-27 4.37E-20 6.92E-16 1.45E-14 3.70E-14
 5.72E-14 8.41E-14 1.07E-13 1.14E-13 1.04E-13 9.29E-14
 1.00E-74 1.00E-74 9.29E-42 2.92E-27 4.37E-20 6.92E-16 1.45E-14 3.70E-14
 5.72E-14 8.41E-14 1.07E-13 1.14E-13 1.04E-13 9.29E-14
 1.00E-74 1.00E-74 9.29E-42 2.92E-27 4.37E-20 6.92E-16 1.45E-14 3.70E-14
 5.72E-14 8.41E-14 1.07E-13 1.14E-13 1.04E-13 9.29E-14
  4.60914    7  14 /pl=01:ss=63:pb= 1:sz=63/type=excit/ispb = t/isel =   35
 1.00E+10 1.00E+11 1.00E+12 1.00E+13 1.00E+14 1.00E+15 1.00E+16
 7.06E+01 1.06E+02 1.76E+02 3.53E+02 7.06E+02 1.76E+03 3.53E+03 5.29E+03
 7.06E+03 1.06E+04 1.76E+04 3.53E+04 7.06E+04 1.06E+05
 1.00E-74 1.00E-74 4.17E-41 8.70E-27 1.05E-19 1.47E-15 2.97E-14 7.45E-14
 1.13E-13 1.64E-13 2.02E-13 2.05E-13 1.77E-13 1.56E-13
 1.00E-74 1.00E-74 4.22E-41 8.70E-27 1.05E-19 1.47E-15 2.97E-14 7.45E-14
 1.13E-13 1.64E-13 2.02E-13 2.05E-13 1.77E-13 1.56E-13
 1.00E-74 1.00E-74 4.22E-41 8.70E-27 1.05E-19 1.47E-15 2.97E-14 7.45E-14
 1.13E-13 1.64E-13 2.02E-13 2.05E-13 1.77E-13 1.56E-13
 1.00E-74 1.00E-74 4.22E-41 8.70E-27 1.05E-19 1.47E-15 2.97E-14 7.45E-14
 1.13E-13 1.64E-13 2.02E-13 2.05E-13 1.77E-13 1.56E-13
 1.00E-74 1.00E-74 4.22E-41 8.70E-27 1.05E-19 1.47E-15 2.97E-14 7.45E-14
 1.13E-13 1.64E-13 2.02E-13 2.05E-13 1.77E-13 1.56E-13
 1.00E-74 1.00E-74 4.22E-41 8.70E-27 1.05E-19 1.47E-15 2.97E-14 7.45E-14
 1.13E-13 1.64E-13 2.02E-13 2.05E-13 1.77E-13 1.56E-13
 1.00E-74 1.00E-74 4.22E-41 8.70E-27 1.05E-19 1.47E-15 2.97E-14 7.45E-14
 1.13E-13 1.64E-13 2.02E-13 2.05E-13 1.77E-13 1.56E-13
  4.67399    7  14 /pl=01:ss=63:pb= 1:sz=63/type=excit/ispb = t/isel =   36
 1.00E+10 1.00E+11 1.00E+12 1.00E+13 1.00E+14 1.00E+15 1.00E+16
 7.06E+01 1.06E+02 1.76E+02 3.53E+02 7.06E+02 1.76E+03 3.53E+03 5.29E+03
 7.06E+03 1.06E+04 1.76E+04 3.53E+04 7.06E+04 1.06E+05
 2.14E-33 1.83E-26 5.85E-21 6.84E-17 6.71E-15 9.89E-14 2.35E-13 3.12E-13
 3.59E-13 4.15E-13 4.66E-13 5.03E-13 5.03E-13 4.88E-13
 2.14E-33 1.83E-26 5.85E-21 6.84E-17 6.71E-15 9.89E-14 2.35E-13 3.12E-13
 3.59E-13 4.15E-13 4.66E-13 5.03E-13 5.03E-13 4.88E-13
 2.14E-33 1.83E-26 5.85E-21 6.84E-17 6.71E-15 9.89E-14 2.35E-13 3.12E-13
 3.59E-13 4.15E-13 4.66E-13 5.03E-13 5.03E-13 4.88E-13
 2.14E-33 1.83E-26 5.85E-21 6.84E-17 6.71E-15 9.89E-14 2.35E-13 3.12E-13
 3.59E-13 4.15E-13 4.66E-13 5.03E-13 5.03E-13 4.88E-13
 2.14E-33 1.83E-26 5.85E-21 6.84E-17 6.71E-15 9.89E-14 2.35E-13 3.12E-13
 3.59E-13 4.15E-13 4.66E-13 5.03E-13 5.03E-13 4.88E-13
 2.14E-33 1.83E-26 5.85E-21 6.84E-17 6.71E-15 9.89E-14 2.35E-13 3.12E-13
 3.59E-13 4.15E-13 4.66E-13 5.03E-13 5.03E-13 4.88E-13
 2.14E-33 1.83E-26 5.85E-21 6.84E-17 6.71E-15 9.89E-14 2.35E-13 3.12E-13
 3.59E-13 4.15E-13 4.66E-13 5.03E-13 5.03E-13 4.88E-13
  4.79294    7  14 /pl=01:ss=63:pb= 1:sz=63/type=excit/ispb = t/isel =   37
 1.00E+10 1.00E+11 1.00E+12 1.00E+13 1.00E+14 1.00E+15 1.00E+16
 7.06E+01 1.06E+02 1.76E+02 3.53E+02 7.06E+02 1.76E+03 3.53E+03 5.29E+03
 7.06E+03 1.06E+04 1.76E+04 3.53E+04 7.06E+04 1.06E+05
 1.00E-74 1.00E-74 1.44E-34 7.21E-24 1.36E-18 1.57E-15 1.39E-14 2.66E-14
 3.54E-14 4.50E-14 5.04E-14 4.81E-14 4.05E-14 3.54E-14
 1.00E-74 1.00E-74 1.44E-34 7.21E-24 1.36E-18 1.57E-15 1.39E-14 2.66E-14
 3.54E-14 4.50E-14 5.04E-14 4.81E-14 4.05E-14 3.54E-14
 1.00E-74 1.00E-74 1.44E-34 7.21E-24 1.36E-18 1.57E-15 1.39E-14 2.66E-14
 3.54E-14 4.50E-14 5.04E-14 4.81E-14 4.05E-14 3.54E-14
 1.00E-74 8.07E-49 1.44E-34 7.21E-24 1.36E-18 1.57E-15 1.39E-14 2.66E-14
 3.54E-14 4.50E-14 5.04E-14 4.81E-14 4.05E-14 3.54E-14
 1.00E-74 6.46E-49 1.44E-34 7.21E-24 1.36E-18 1.57E-15 1.39E-14 2.66E-14
 3.54E-14 4.50E-14 5.04E-14 4.81E-14 4.05E-14 3.54E-14
 1.00E-74 6.30E-49 1.44E-34 7.21E-24 1.36E-18 1.57E-15 1.39E-14 2.66E-14
 3.54E-14 4.50E-14 5.04E-14 4.81E-14 4.05E-14 3.54E-14
 1.00E-74 6.30E-49 1.44E-34 7.21E-24 1.36E-18 1.57E-15 1.39E-14 2.66E-14
 3.54E-14 4.50E-14 5.04E-14 4.81E-14 4.05E-14 3.54E-14
  4.97686    7  14 /pl=01:ss=63:pb= 1:sz=63/type=excit/ispb = t/isel =   38
 1.00E+10 1.00E+11 1.00E+12 1.00E+13 1.00E+14 1.00E+15 1.00E+16
 7.06E+01 1.06E+02 1.76E+02 3.53E+02 7.06E+02 1.76E+03 3.53E+03 5.29E+03
 7.06E+03 1.06E+04 1.76E+04 3.53E+04 7.06E+04 1.06E+05
 1.00E-74 1.00E-74 5.49E-42 1.71E-27 2.54E-20 4.17E-16 9.03E-15 2.33E-14
 3.61E-14 5.33E-14 6.70E-14 7.03E-14 6.26E-14 5.61E-14
 1.00E-74 1.00E-74 5.58E-42 1.71E-27 2.54E-20 4.17E-16 9.03E-15 2.33E-14
 3.61E-14 5.33E-14 6.70E-14 7.03E-14 6.26E-14 5.61E-14
 1.00E-74 1.00E-74 5.59E-42 1.71E-27 2.54E-20 4.17E-16 9.03E-15 2.33E-14
 3.61E-14 5.33E-14 6.70E-14 7.03E-14 6.26E-14 5.61E-14
 1.00E-74 1.00E-74 5.59E-42 1.71E-27 2.54E-20 4.17E-16 9.03E-15 2.33E-14
 3.61E-14 5.33E-14 6.70E-14 7.03E-14 6.26E-14 5.61E-14
 1.00E-74 1.00E-74 5.59E-42 1.71E-27 2.54E-20 4.17E-16 9.03E-15 2.33E-14
 3.61E-14 5.33E-14 6.70E-14 7.03E-14 6.26E-14 5.61E-14
 1.00E-74 1.00E-74 5.59E-42 1.71E-27 2.54E-20 4.17E-16 9.03E-15 2.33E-14
 3.61E-14 5.33E-14 6.70E-14 7.03E-14 6.26E-14 5.61E-14
 1.00E-74 1.00E-74 5.59E-42 1.71E-27 2.54E-20 4.17E-16 9.03E-15 2.33E-14
 3.61E-14 5.33E-14 6.70E-14 7.03E-14 6.26E-14 5.61E-14
  5.81091    7  14 /pl=01:ss=63:pb= 1:sz=63/type=excit/ispb = t/isel =   39
 1.00E+10 1.00E+11 1.00E+12 1.00E+13 1.00E+14 1.00E+15 1.00E+16
 7.06E+01 1.06E+02 1.76E+02 3.53E+02 7.06E+02 1.76E+03 3.53E+03 5.29E+03
 7.06E+03 1.06E+04 1.76E+04 3.53E+04 7.06E+04 1.06E+05
 1.00E-74 1.23E-35 1.25E-26 6.09E-20 1.14E-16 8.27E-15 2.91E-14 4.11E-14
 4.72E-14 5.16E-14 5.14E-14 4.50E-14 3.62E-14 3.11E-14
 1.00E-74 1.23E-35 1.25E-26 6.09E-20 1.14E-16 8.27E-15 2.91E-14 4.11E-14
 4.72E-14 5.16E-14 5.14E-14 4.50E-14 3.62E-14 3.11E-14
 1.00E-74 1.23E-35 1.25E-26 6.09E-20 1.14E-16 8.27E-15 2.91E-14 4.11E-14
 4.72E-14 5.16E-14 5.14E-14 4.50E-14 3.62E-14 3.11E-14
 1.00E-74 1.23E-35 1.25E-26 6.09E-20 1.14E-16 8.27E-15 2.91E-14 4.11E-14
 4.72E-14 5.16E-14 5.14E-14 4.50E-14 3.62E-14 3.11E-14
 1.00E-74 1.23E-35 1.25E-26 6.09E-20 1.14E-16 8.27E-15 2.91E-14 4.11E-14
 4.72E-14 5.16E-14 5.14E-14 4.50E-14 3.62E-14 3.11E-14
 6.01E-47 1.23E-35 1.25E-26 6.09E-20 1.14E-16 8.27E-15 2.91E-14 4.11E-14
 4.72E-14 5.16E-14 5.14E-14 4.50E-14 3.62E-14 3.11E-14
 6.21E-47 1.23E-35 1.25E-26 6.09E-20 1.14E-16 8.27E-15 2.91E-14 4.11E-14
 4.72E-14 5.16E-14 5.14E-14 4.50E-14 3.62E-14 3.11E-14
  6.06355    7  14 /pl=01:ss=63:pb= 1:sz=63/type=excit/ispb = t/isel =   40
 1.00E+10 1.00E+11 1.00E+12 1.00E+13 1.00E+14 1.00E+15 1.00E+16
 7.06E+01 1.06E+02 1.76E+02 3.53E+02 7.06E+02 1.76E+03 3.53E+03 5.29E+03
 7.06E+03 1.06E+04 1.76E+04 3.53E+04 7.06E+04 1.06E+05
 1.00E-74 2.08E-35 1.51E-26 5.71E-20 9.44E-17 6.40E-15 2.21E-14 3.10E-14
 3.55E-14 3.88E-14 3.87E-14 3.40E-14 2.75E-14 2.37E-14
 1.00E-74 2.08E-35 1.51E-26 5.71E-20 9.44E-17 6.40E-15 2.21E-14 3.10E-14
 3.55E-14 3.88E-14 3.87E-14 3.40E-14 2.75E-14 2.37E-14
 1.00E-74 2.08E-35 1.51E-26 5.71E-20 9.44E-17 6.40E-15 2.21E-14 3.10E-14
 3.55E-14 3.88E-14 3.87E-14 3.40E-14 2.75E-14 2.37E-14
 1.00E-74 2.08E-35 1.51E-26 5.71E-20 9.44E-17 6.40E-15 2.21E-14 3.10E-14
 3.55E-14 3.88E-14 3.87E-14 3.40E-14 2.75E-14 2.37E-14
 1.60E-46 2.08E-35 1.51E-26 5.71E-20 9.44E-17 6.40E-15 2.21E-14 3.10E-14
 3.55E-14 3.88E-14 3.87E-14 3.40E-14 2.75E-14 2.37E-14
 1.60E-46 2.08E-35 1.51E-26 5.71E-20 9.44E-17 6.40E-15 2.21E-14 3.10E-14
 3.55E-14 3.88E-14 3.87E-14 3.40E-14 2.75E-14 2.37E-14
 1.57E-46 2.08E-35 1.51E-26 5.71E-20 9.44E-17 6.40E-15 2.21E-14 3.10E-14
 3.55E-14 3.88E-14 3.87E-14 3.40E-14 2.75E-14 2.37E-14
  8.09258    7  14 /pl=01:ss=63:pb= 1:sz=63/type=excit/ispb = t/isel =   41
 1.00E+10 1.00E+11 1.00E+12 1.00E+13 1.00E+14 1.00E+15 1.00E+16
 7.06E+01 1.06E+02 1.76E+02 3.53E+02 7.06E+02 1.76E+03 3.53E+03 5.29E+03
 7.06E+03 1.06E+04 1.76E+04 3.53E+04 7.06E+04 1.06E+05
 2.80E-42 1.34E-32 7.39E-25 4.22E-19 2.90E-16 1.29E-14 4.17E-14 6.02E-14
 7.19E-14 8.49E-14 9.65E-14 1.04E-13 1.04E-13 1.01E-13
 2.52E-42 1.34E-32 7.39E-25 4.22E-19 2.90E-16 1.29E-14 4.17E-14 6.02E-14
 7.19E-14 8.49E-14 9.65E-14 1.04E-13 1.04E-13 1.01E-13
 2.51E-42 1.34E-32 7.39E-25 4.22E-19 2.90E-16 1.29E-14 4.17E-14 6.02E-14
 7.19E-14 8.49E-14 9.65E-14 1.04E-13 1.04E-13 1.01E-13
 2.51E-42 1.34E-32 7.39E-25 4.22E-19 2.90E-16 1.29E-14 4.17E-14 6.02E-14
 7.19E-14 8.49E-14 9.65E-14 1.04E-13 1.04E-13 1.01E-13
 2.51E-42 1.34E-32 7.39E-25 4.22E-19 2.90E-16 1.29E-14 4.17E-14 6.02E-14
 7.19E-14 8.49E-14 9.65E-14 1.04E-13 1.04E-13 1.01E-13
 2.51E-42 1.34E-32 7.39E-25 4.22E-19 2.90E-16 1.29E-14 4.17E-14 6.02E-14
 7.19E-14 8.49E-14 9.65E-14 1.04E-13 1.04E-13 1.01E-13
 2.51E-42 1.34E-32 7.39E-25 4.22E-19 2.90E-16 1.29E-14 4.17E-14 6.02E-14
 7.19E-14 8.49E-14 9.65E-14 1.04E-13 1.04E-13 1.01E-13
  8.64603    7  14 /pl=01:ss=63:pb= 1:sz=63/type=excit/ispb = t/isel =   42
 1.00E+10 1.00E+11 1.00E+12 1.00E+13 1.00E+14 1.00E+15 1.00E+16
 7.06E+01 1.06E+02 1.76E+02 3.53E+02 7.06E+02 1.76E+03 3.53E+03 5.29E+03
 7.06E+03 1.06E+04 1.76E+04 3.53E+04 7.06E+04 1.06E+05
 3.17E-42 2.20E-32 1.59E-24 1.06E-18 7.40E-16 2.99E-14 8.67E-14 1.16E-13
 1.29E-13 1.38E-13 1.34E-13 1.17E-13 9.37E-14 8.08E-14
 2.85E-42 2.20E-32 1.59E-24 1.06E-18 7.40E-16 2.99E-14 8.67E-14 1.16E-13
 1.29E-13 1.38E-13 1.34E-13 1.17E-13 9.37E-14 8.08E-14
 2.98E-42 2.20E-32 1.59E-24 1.06E-18 7.40E-16 2.99E-14 8.67E-14 1.16E-13
 1.29E-13 1.38E-13 1.34E-13 1.17E-13 9.37E-14 8.08E-14
 2.97E-42 2.20E-32 1.59E-24 1.06E-18 7.40E-16 2.99E-14 8.67E-14 1.16E-13
 1.29E-13 1.38E-13 1.34E-13 1.17E-13 9.37E-14 8.08E-14
 2.97E-42 2.20E-32 1.59E-24 1.06E-18 7.40E-16 2.99E-14 8.67E-14 1.16E-13
 1.29E-13 1.38E-13 1.34E-13 1.17E-13 9.37E-14 8.08E-14
 2.97E-42 2.20E-32 1.59E-24 1.06E-18 7.40E-16 2.99E-14 8.67E-14 1.16E-13
 1.29E-13 1.38E-13 1.34E-13 1.17E-13 9.37E-14 8.08E-14
 2.97E-42 2.20E-32 1.59E-24 1.06E-18 7.40E-16 2.99E-14 8.67E-14 1.16E-13
 1.29E-13 1.38E-13 1.34E-13 1.17E-13 9.37E-14 8.08E-14
  9.70026    7  14 /pl=01:ss=63:pb= 1:sz=63/type=excit/ispb = t/isel =   43
 1.00E+10 1.00E+11 1.00E+12 1.00E+13 1.00E+14 1.00E+15 1.00E+16
 7.06E+01 1.06E+02 1.76E+02 3.53E+02 7.06E+02 1.76E+03 3.53E+03 5.29E+03
 7.06E+03 1.06E+04 1.76E+04 3.53E+04 7.06E+04 1.06E+05
 2.79E-41 1.01E-31 4.04E-24 1.74E-18 9.76E-16 3.48E-14 9.73E-14 1.28E-13
 1.42E-13 1.51E-13 1.47E-13 1.28E-13 1.04E-13 9.01E-14
 2.85E-41 1.01E-31 4.04E-24 1.74E-18 9.76E-16 3.48E-14 9.73E-14 1.28E-13
 1.42E-13 1.51E-13 1.47E-13 1.28E-13 1.04E-13 9.01E-14
 2.85E-41 1.01E-31 4.04E-24 1.74E-18 9.76E-16 3.48E-14 9.73E-14 1.28E-13
 1.42E-13 1.51E-13 1.47E-13 1.28E-13 1.04E-13 9.01E-14
 2.85E-41 1.01E-31 4.04E-24 1.74E-18 9.76E-16 3.48E-14 9.73E-14 1.28E-13
 1.42E-13 1.51E-13 1.47E-13 1.28E-13 1.04E-13 9.01E-14
 2.85E-41 1.01E-31 4.04E-24 1.74E-18 9.76E-16 3.48E-14 9.73E-14 1.28E-13
 1.42E-13 1.51E-13 1.47E-13 1.28E-13 1.04E-13 9.01E-14
 2.85E-41 1.01E-31 4.04E-24 1.74E-18 9.76E-16 3.48E-14 9.73E-14 1.28E-13
 1.42E-13 1.51E-13 1.47E-13 1.28E-13 1.04E-13 9.01E-14
 2.85E-41 1.01E-31 4.04E-24 1.74E-18 9.76E-16 3.48E-14 9.73E-14 1.28E-13
 1.42E-13 1.51E-13 1.47E-13 1.28E-13 1.04E-13 9.01E-14
  10.1543    7  14 /pl=01:ss=63:pb= 1:sz=63/type=excit/ispb = t/isel =   44
 1.00E+10 1.00E+11 1.00E+12 1.00E+13 1.00E+14 1.00E+15 1.00E+16
 7.06E+01 1.06E+02 1.76E+02 3.53E+02 7.06E+02 1.76E+03 3.53E+03 5.29E+03
 7.06E+03 1.06E+04 1.76E+04 3.53E+04 7.06E+04 1.06E+05
 1.77E-42 8.43E-33 4.66E-25 2.66E-19 1.83E-16 8.11E-15 2.63E-14 3.80E-14
 4.54E-14 5.36E-14 6.09E-14 6.59E-14 6.57E-14 6.37E-14
 1.59E-42 8.43E-33 4.66E-25 2.66E-19 1.83E-16 8.11E-15 2.63E-14 3.80E-14
 4.54E-14 5.36E-14 6.09E-14 6.59E-14 6.57E-14 6.37E-14
 1.58E-42 8.43E-33 4.66E-25 2.66E-19 1.83E-16 8.11E-15 2.63E-14 3.80E-14
 4.54E-14 5.36E-14 6.09E-14 6.59E-14 6.57E-14 6.37E-14
 1.59E-42 8.43E-33 4.66E-25 2.66E-19 1.83E-16 8.11E-15 2.63E-14 3.80E-14
 4.54E-14 5.36E-14 6.09E-14 6.59E-14 6.57E-14 6.37E-14
 1.59E-42 8.43E-33 4.66E-25 2.66E-19 1.83E-16 8.11E-15 2.63E-14 3.80E-14
 4.54E-14 5.36E-14 6.09E-14 6.59E-14 6.57E-14 6.37E-14
 1.59E-42 8.43E-33 4.66E-25 2.66E-19 1.83E-16 8.11E-15 2.63E-14 3.80E-14
 4.54E-14 5.36E-14 6.09E-14 6.59E-14 6.57E-14 6.37E-14
 1.59E-42 8.43E-33 4.66E-25 2.66E-19 1.83E-16 8.11E-15 2.63E-14 3.80E-14
 4.54E-14 5.36E-14 6.09E-14 6.59E-14 6.57E-14 6.37E-14
  23.8550    7  14 /pl=01:ss=63:pb= 1:sz=63/type=excit/ispb = t/isel =   45
 1.00E+10 1.00E+11 1.00E+12 1.00E+13 1.00E+14 1.00E+15 1.00E+16
 7.06E+01 1.06E+02 1.76E+02 3.53E+02 7.06E+02 1.76E+03 3.53E+03 5.29E+03
 7.06E+03 1.06E+04 1.76E+04 3.53E+04 7.06E+04 1.06E+05
 1.00E-74 1.00E-74 2.61E-39 1.13E-27 7.65E-21 2.03E-16 5.60E-15 1.59E-14
 2.59E-14 4.03E-14 5.35E-14 5.91E-14 5.48E-14 5.00E-14
 1.00E-74 1.00E-74 2.61E-39 1.13E-27 7.65E-21 2.03E-16 5.60E-15 1.59E-14
 2.59E-14 4.03E-14 5.35E-14 5.91E-14 5.48E-14 5.00E-14
 1.00E-74 1.00E-74 2.61E-39 1.13E-27 7.65E-21 2.03E-16 5.60E-15 1.59E-14
 2.59E-14 4.03E-14 5.35E-14 5.91E-14 5.48E-14 5.00E-14
 1.00E-74 1.00E-74 2.61E-39 1.13E-27 7.65E-21 2.03E-16 5.60E-15 1.59E-14
 2.59E-14 4.03E-14 5.35E-14 5.91E-14 5.48E-14 5.00E-14
 1.00E-74 1.00E-74 2.61E-39 1.13E-27 7.66E-21 2.03E-16 5.60E-15 1.59E-14
 2.59E-14 4.03E-14 5.35E-14 5.91E-14 5.48E-14 5.00E-14
 1.00E-74 1.00E-74 2.62E-39 1.13E-27 7.66E-21 2.03E-16 5.60E-15 1.59E-14
 2.59E-14 4.03E-14 5.35E-14 5.91E-14 5.48E-14 5.00E-14
 1.00E-74 1.00E-74 2.71E-39 1.16E-27 7.67E-21 2.03E-16 5.60E-15 1.59E-14
 2.59E-14 4.03E-14 5.35E-14 5.91E-14 5.48E-14 5.00E-14
  27.9486    7  14 /pl=01:ss=63:pb= 1:sz=63/type=excit/ispb = t/isel =   46
 1.00E+10 1.00E+11 1.00E+12 1.00E+13 1.00E+14 1.00E+15 1.00E+16
 7.06E+01 1.06E+02 1.76E+02 3.53E+02 7.06E+02 1.76E+03 3.53E+03 5.29E+03
 7.06E+03 1.06E+04 1.76E+04 3.53E+04 7.06E+04 1.06E+05
 1.00E-74 1.00E-74 2.70E-36 7.96E-25 3.66E-19 7.56E-16 8.70E-15 1.87E-14
 2.66E-14 3.63E-14 4.37E-14 4.48E-14 3.99E-14 3.59E-14
 1.00E-74 1.00E-74 2.70E-36 7.96E-25 3.66E-19 7.56E-16 8.70E-15 1.87E-14
 2.66E-14 3.63E-14 4.37E-14 4.48E-14 3.99E-14 3.59E-14
 1.00E-74 1.00E-74 2.70E-36 7.96E-25 3.66E-19 7.56E-16 8.70E-15 1.87E-14
 2.66E-14 3.63E-14 4.37E-14 4.48E-14 3.99E-14 3.59E-14
 1.00E-74 1.00E-74 2.70E-36 7.96E-25 3.66E-19 7.56E-16 8.70E-15 1.87E-14
 2.66E-14 3.63E-14 4.37E-14 4.48E-14 3.99E-14 3.59E-14
 1.00E-74 1.00E-74 2.70E-36 7.96E-25 3.66E-19 7.56E-16 8.70E-15 1.87E-14
 2.66E-14 3.63E-14 4.37E-14 4.48E-14 3.99E-14 3.59E-14
 1.00E-74 1.00E-74 2.70E-36 7.96E-25 3.66E-19 7.56E-16 8.70E-15 1.87E-14
 2.66E-14 3.63E-14 4.37E-14 4.48E-14 3.99E-14 3.59E-14
 1.00E-74 1.00E-74 2.70E-36 7.96E-25 3.66E-19 7.56E-16 8.70E-15 1.87E-14
 2.66E-14 3.63E-14 4.37E-14 4.48E-14 3.99E-14 3.59E-14
  30.0705    7  14 /pl=01:ss=63:pb= 1:sz=63/type=excit/ispb = t/isel =   47
 1.00E+10 1.00E+11 1.00E+12 1.00E+13 1.00E+14 1.00E+15 1.00E+16
 7.06E+01 1.06E+02 1.76E+02 3.53E+02 7.06E+02 1.76E+03 3.53E+03 5.29E+03
 7.06E+03 1.06E+04 1.76E+04 3.53E+04 7.06E+04 1.06E+05
 3.42E-12 1.99E-11 7.54E-11 1.83E-10 2.53E-10 2.63E-10 2.38E-10 2.18E-10
 2.03E-10 1.82E-10 1.56E-10 1.25E-10 9.85E-11 8.52E-11
 3.42E-12 1.99E-11 7.54E-11 1.83E-10 2.53E-10 2.63E-10 2.38E-10 2.18E-10
 2.03E-10 1.82E-10 1.56E-10 1.25E-10 9.85E-11 8.52E-11
 3.42E-12 1.99E-11 7.54E-11 1.83E-10 2.53E-10 2.63E-10 2.38E-10 2.18E-10
 2.03E-10 1.82E-10 1.56E-10 1.25E-10 9.85E-11 8.52E-11
 3.42E-12 1.99E-11 7.54E-11 1.83E-10 2.53E-10 2.63E-10 2.38E-10 2.18E-10
 2.03E-10 1.82E-10 1.56E-10 1.25E-10 9.85E-11 8.52E-11
 3.42E-12 1.99E-11 7.54E-11 1.83E-10 2.53E-10 2.63E-10 2.38E-10 2.18E-10
 2.03E-10 1.82E-10 1.56E-10 1.25E-10 9.85E-11 8.52E-11
 3.42E-12 1.99E-11 7.54E-11 1.83E-10 2.53E-10 2.63E-10 2.38E-10 2.18E-10
 2.03E-10 1.82E-10 1.56E-10 1.25E-10 9.85E-11 8.52E-11
 3.42E-12 1.99E-11 7.54E-11 1.83E-10 2.53E-10 2.63E-10 2.38E-10 2.18E-10
 2.03E-10 1.82E-10 1.56E-10 1.25E-10 9.85E-11 8.52E-11
  34.2818    7  14 /pl=01:ss=63:pb= 1:sz=63/type=excit/ispb = t/isel =   48
 1.00E+10 1.00E+11 1.00E+12 1.00E+13 1.00E+14 1.00E+15 1.00E+16
 7.06E+01 1.06E+02 1.76E+02 3.53E+02 7.06E+02 1.76E+03 3.53E+03 5.29E+03
 7.06E+03 1.06E+04 1.76E+04 3.53E+04 7.06E+04 1.06E+05
 1.00E-74 1.00E-74 4.89E-36 1.25E-24 5.34E-19 1.03E-15 1.11E-14 2.29E-14
 3.18E-14 4.23E-14 4.94E-14 4.93E-14 4.31E-14 3.85E-14
 1.00E-74 1.00E-74 4.89E-36 1.25E-24 5.34E-19 1.03E-15 1.11E-14 2.29E-14
 3.18E-14 4.23E-14 4.94E-14 4.93E-14 4.31E-14 3.85E-14
 1.00E-74 1.00E-74 4.89E-36 1.25E-24 5.34E-19 1.03E-15 1.11E-14 2.29E-14
 3.18E-14 4.23E-14 4.94E-14 4.93E-14 4.31E-14 3.85E-14
 1.00E-74 1.00E-74 4.89E-36 1.25E-24 5.34E-19 1.03E-15 1.11E-14 2.29E-14
 3.18E-14 4.23E-14 4.94E-14 4.93E-14 4.31E-14 3.85E-14
 1.00E-74 1.00E-74 4.89E-36 1.25E-24 5.34E-19 1.03E-15 1.11E-14 2.29E-14
 3.18E-14 4.23E-14 4.94E-14 4.93E-14 4.31E-14 3.85E-14
 1.00E-74 1.00E-74 4.89E-36 1.25E-24 5.34E-19 1.03E-15 1.11E-14 2.29E-14
 3.18E-14 4.23E-14 4.94E-14 4.93E-14 4.31E-14 3.85E-14
 1.00E-74 3.88E-51 4.89E-36 1.25E-24 5.34E-19 1.03E-15 1.11E-14 2.29E-14
 3.18E-14 4.23E-14 4.94E-14 4.93E-14 4.31E-14 3.85E-14
  34.7198    7  14 /pl=01:ss=63:pb= 1:sz=63/type=excit/ispb = t/isel =   49
 1.00E+10 1.00E+11 1.00E+12 1.00E+13 1.00E+14 1.00E+15 1.00E+16
 7.06E+01 1.06E+02 1.76E+02 3.53E+02 7.06E+02 1.76E+03 3.53E+03 5.29E+03
 7.06E+03 1.06E+04 1.76E+04 3.53E+04 7.06E+04 1.06E+05
 1.87E-15 5.79E-14 8.24E-13 5.18E-12 1.11E-11 1.38E-11 1.25E-11 1.12E-11
 1.02E-11 8.78E-12 7.19E-12 5.43E-12 4.05E-12 3.42E-12
 1.87E-15 5.79E-14 8.24E-13 5.18E-12 1.11E-11 1.38E-11 1.25E-11 1.12E-11
 1.02E-11 8.78E-12 7.19E-12 5.43E-12 4.05E-12 3.42E-12
 1.87E-15 5.79E-14 8.24E-13 5.18E-12 1.11E-11 1.38E-11 1.25E-11 1.12E-11
 1.02E-11 8.78E-12 7.19E-12 5.43E-12 4.05E-12 3.42E-12
 1.87E-15 5.79E-14 8.24E-13 5.18E-12 1.11E-11 1.38E-11 1.25E-11 1.12E-11
 1.02E-11 8.78E-12 7.19E-12 5.43E-12 4.05E-12 3.42E-12
 1.87E-15 5.79E-14 8.24E-13 5.18E-12 1.11E-11 1.38E-11 1.25E-11 1.12E-11
 1.02E-11 8.78E-12 7.19E-12 5.43E-12 4.05E-12 3.42E-12
 1.87E-15 5.79E-14 8.24E-13 5.18E-12 1.11E-11 1.38E-11 1.25E-11 1.12E-11
 1.02E-11 8.78E-12 7.19E-12 5.43E-12 4.05E-12 3.42E-12
 1.87E-15 5.79E-14 8.24E-13 5.18E-12 1.11E-11 1.38E-11 1.25E-11 1.12E-11
 1.02E-11 8.78E-12 7.19E-12 5.43E-12 4.05E-12 3.42E-12
  234.192    7  14 /pl=01:ss=63:pb= 1:sz=63/type=excit/ispb = t/isel =   50
 1.00E+10 1.00E+11 1.00E+12 1.00E+13 1.00E+14 1.00E+15 1.00E+16
 7.06E+01 1.06E+02 1.76E+02 3.53E+02 7.06E+02 1.76E+03 3.53E+03 5.29E+03
 7.06E+03 1.06E+04 1.76E+04 3.53E+04 7.06E+04 1.06E+05
 1.00E-74 1.00E-74 5.08E-36 1.37E-24 6.15E-19 1.43E-15 1.87E-14 4.26E-14
 6.26E-14 8.81E-14 1.08E-13 1.13E-13 1.01E-13 9.11E-14
 1.00E-74 1.00E-74 5.08E-36 1.37E-24 6.15E-19 1.43E-15 1.87E-14 4.26E-14
 6.26E-14 8.81E-14 1.08E-13 1.13E-13 1.01E-13 9.11E-14
 1.00E-74 1.00E-74 5.08E-36 1.37E-24 6.15E-19 1.43E-15 1.87E-14 4.26E-14
 6.26E-14 8.81E-14 1.08E-13 1.13E-13 1.01E-13 9.11E-14
 1.00E-74 1.00E-74 5.08E-36 1.37E-24 6.15E-19 1.43E-15 1.87E-14 4.26E-14
 6.26E-14 8.81E-14 1.08E-13 1.13E-13 1.01E-13 9.11E-14
 1.00E-74 1.00E-74 5.08E-36 1.37E-24 6.15E-19 1.43E-15 1.87E-14 4.26E-14
 6.26E-14 8.81E-14 1.08E-13 1.13E-13 1.01E-13 9.11E-14
 1.00E-74 1.00E-74 5.08E-36 1.37E-24 6.15E-19 1.43E-15 1.87E-14 4.26E-14
 6.26E-14 8.81E-14 1.08E-13 1.13E-13 1.01E-13 9.11E-14
 1.00E-74 1.00E-74 5.08E-36 1.37E-24 6.15E-19 1.43E-15 1.87E-14 4.26E-14
 6.26E-14 8.81E-14 1.08E-13 1.13E-13 1.01E-13 9.11E-14
c-------------------------------------------------------------------------------
 
C  root partition information
C  ==========================
C
C  nuclear charge : 74
C  ion charge+1   : 64
C
C  population calculation information
C  ----------------------------------
C
C  population processing code: adas810
C
C  adf04 source file    : adf04_copmm#74_ls_40#w63.dat
C  adf18/a17_p208 file  : NULL
C
C  meta. ion. coeff. selector  : 
 
C  options  : lnorm =T  lpsel =F  lzsel =T  liosel=F
C           : lhsel =F  lrsel =F  lisel =F  lnsel =F
 
C  energy levels
C  -------------
C
C   lv      configuration    (2S+1)L(w-1/2)      energy (cm^-1)
C  ---   ------------------- --------------      --------------
c    1   14                     (2)0(  0.5)             0.0
c    2   15                     (2)1(  2.5)       3325522.9
c    3   16                     (2)2(  4.5)       6205722.9
c    4   17                     (2)0(  0.5)      26237722.9
c    5   18                     (2)1(  2.5)      27600722.9
c    6   19                     (2)2(  4.5)      28746722.9
c    7   1B                     (2)0(  0.5)      37909722.9
c    8   1C                     (2)1(  2.5)      38594722.9
c    9   1D                     (2)2(  4.5)      39166722.9
c   10   1G                     (2)0(  0.5)      44092722.9
c   11   1H                     (2)1(  2.5)      44483722.9
c   12   1I                     (2)2(  4.5)      44809722.9
c   13   1M                     (2)0(  0.5)      47756722.9
c   14   1N                     (2)1(  2.5)      48000722.9
c   15   1O                     (2)2(  4.5)      48203722.9
c   16   1T                     (2)0(  0.5)      50104722.9
c   17   1U                     (2)1(  2.5)      50265722.9
c   18   1V                     (2)2(  4.5)      50401722.9
c   19   22553514515            (2)1(  2.5)      67576722.9
c   20   22553514515            (4)0(  1.5)      70595722.9
c   21   22553514515            (2)0(  0.5)      70719722.9
c   22   22553514515            (2)0(  0.5)      71129722.9
c   23   22553514515            (4)2(  9.5)      72160722.9
c   24   22553514516            (2)3(  6.5)      72587722.9
c   25   22553514516            (2)2(  4.5)      72661722.9
c   26   22553514516            (2)2(  4.5)      72844722.9
c   27   22553514516            (2)1(  2.5)      73114722.9
c   28   22553514515            (2)1(  2.5)      74630722.9
c   29   22553514515            (2)2(  4.5)      75354722.9
c   30   22553514515            (4)1(  5.5)      75761722.9
c   31   22553514516            (4)2(  9.5)      75835722.9
c   32   22553514515            (2)2(  4.5)      76165722.9
c   33   22553514516            (4)3( 13.5)      76352722.9
c   34   22553514516            (4)1(  5.5)      78030722.9
c   35   22553514516            (2)1(  2.5)      80132722.9
c   36   22553514516            (2)3(  6.5)      84088722.9
c   37   22553514518            (2)2(  4.5)      94217722.9
c   38   22553514518            (2)1(  2.5)      94311722.9
c   39   22553514518            (2)1(  2.5)      94671722.9
c   40   22553514518            (2)0(  0.5)      94810722.9
c   41   22553514519            (2)3(  6.5)      95431722.9
c   42   22553514519            (2)2(  4.5)      95455722.9
c   43   22553514519            (2)1(  2.5)      95501722.9
c   44   22553514519            (2)2(  4.5)      95518722.9
c   45   22553514518            (4)1(  5.5)      95928722.9
c   46   2255351451A            (2)4(  8.5)      95998722.9
c   47   2255351451A            (2)2(  4.5)      95998722.9
c   48   2255351451A            (2)3(  6.5)      96010722.9
c   49   2255351451A            (2)2(  4.5)      96015722.9
c   50   2255351451A            (4)3( 13.5)      97521722.9
c   51   22553514518            (2)2(  4.5)      98424722.9
c   52   22553514519            (4)2(  9.5)      98778722.9
c   53   22553514519            (2)3(  6.5)     100170722.9
c   54   2255351451A            (4)4( 17.5)     100280722.9
c   55   2255351451A            (2)3(  6.5)     100840722.9
c   56   22553514519            (4)1(  5.5)     100960722.9
c   57   22553514518            (4)2(  9.5)     101030722.9
c   58   22553514519            (4)3( 13.5)     102630722.9
c   59   22553514519            (2)1(  2.5)     102880722.9
c   60   2255351451A            (4)2(  9.5)     103790722.9
c   61   2255351451C            (2)2(  4.5)     105320722.9
c   62   2255351451C            (2)1(  2.5)     105370722.9
c   63   2255351451C            (2)1(  2.5)     105530722.9
c   64   2255351451C            (2)0(  0.5)     105610722.9
c   65   22553514518            (4)0(  1.5)     105890722.9
c   66   22553514518            (2)0(  0.5)     105930722.9
c   67   2255351451D            (2)3(  6.5)     105930722.9
c   68   2255351451D            (2)2(  4.5)     105940722.9
c   69   2255351451D            (2)2(  4.5)     105950722.9
c   70   2255351451D            (2)1(  2.5)     105960722.9
c   71   2255351451E            (2)2(  4.5)     106190722.9
c   72   2255351451E            (2)3(  6.5)     106210722.9
c   73   2255351451E            (2)2(  4.5)     106210722.9
c   74   2255351451E            (2)4(  8.5)     106210722.9
c   75   2255351451C            (4)1(  5.5)     107090722.9
c   76   2255351451A            (2)4(  8.5)     107270722.9
c   77   2255351451E            (4)3( 13.5)     107750722.9
c   78   2255351451D            (4)2(  9.5)     109260722.9
c   79   2255351451C            (2)2(  4.5)     109650722.9
c   80   2255351451D            (2)3(  6.5)     110680722.9
c   81   2255351451E            (2)3(  6.5)     111020722.9
c   82   2255351451E            (2)4(  8.5)     111150722.9
c   83   2255351451H            (2)2(  4.5)     111260722.9
c   84   2255351451H            (2)1(  2.5)     111280722.9
c   85   2255351451H            (2)0(  0.5)     111360722.9
c   86   2255351451H            (2)0(  0.5)     111420722.9
c   87   2255351451D            (4)1(  5.5)     111480722.9
c   88   2255351451I            (2)2(  4.5)     111590722.9
c   89   2255351451I            (2)3(  6.5)     111600722.9
c   90   2255351451I            (2)2(  4.5)     111610722.9
c   91   2255351451I            (2)1(  2.5)     111620722.9
c   92   2255351451J            (2)3(  6.5)     111730722.9
c   93   2255351451J            (2)2(  4.5)     111760722.9
c   94   2255351451J            (2)4(  8.5)     111760722.9
c   95   2255351451J            (2)3(  6.5)     111770722.9
c   96   2255351451C            (4)2(  9.5)     112080722.9
c   97   2255351451H            (4)1(  5.5)     113050722.9
c   98   2255351451D            (4)3( 13.5)     113120722.9
c   99   2255351451J            (4)3( 13.5)     113310722.9
c  100   2255351451D            (2)1(  2.5)     113380722.9
c  101   2255351451E            (4)4( 17.5)     113660722.9
c  102   2255351451E            (4)2(  9.5)     114020722.9
c  103   2255351451I            (4)2(  9.5)     114930722.9
c  104   2255351451H            (2)1(  2.5)     115100722.9
c  105   2255351451H            (2)2(  4.5)     115640722.9
c  106   2255351451I            (2)3(  6.5)     116370722.9
c  107   2255351451J            (2)4(  8.5)     116710722.9
c  108   2255351451C            (4)0(  1.5)     116760722.9
c  109   2255351451C            (2)0(  0.5)     116790722.9
c  110   2255351451I            (4)1(  5.5)     117160722.9
c  111   2255351451H            (4)2(  9.5)     117990722.9
c  112   2255351451J            (2)2(  4.5)     118460722.9
c  113   2255351451I            (4)3( 13.5)     118790722.9
c  114   2255351451I            (2)1(  2.5)     119050722.9
c  115   2255351451J            (4)4( 17.5)     119220722.9
c  116   2255351451J            (4)2(  9.5)     119590722.9
c  117   2255351451H            (4)0(  1.5)     122590722.9
 
 
 
c-------------------------------------------------------------------------------
 
C  superstage partition information
C  ================================
C
C  element symbol   : W
C  parent template  : 
C  partition level  :  1
C  superstage label : 63
C
C  tabulation       : photon emissivity coefft (te,ne)
C  units            : ph. emis coef(cm^3 s^-1); te (ev); ne (cm^-3)
C
C  photon emissivity atomic transitions
C  ------------------------------------
C  
C   isel  wvlen(A)            transition                type  ispb nspb
C                                                             ispp nspp sz    tg pr wr
C  ----- ---------- ----------------------------------- ----- ---- ---- --    -- -- --
C      1   1.01236   52(4)2(  9.5)-  1(2)0(  0.5)       excit   1    1  63    47 32  1
C      2   1.04710   43(2)1(  2.5)-  1(2)0(  0.5)       excit   1    1  63    39 10  2
C      3   1.24793   35(2)1(  2.5)-  1(2)0(  0.5)       excit   1    1  63    33 18  3
C      4   1.28155   34(4)1(  5.5)-  1(2)0(  0.5)       excit   1    1  63    32 17  4
C      5   1.31293   32(2)2(  4.5)-  1(2)0(  0.5)       excit   1    1  63    30 34  5
C      6   1.31864   31(4)2(  9.5)-  1(2)0(  0.5)       excit   1    1  63    29  4  6
C      7   1.31993   30(4)1(  5.5)-  1(2)0(  0.5)       excit   1    1  63    28  9  7
C      8   1.32706   29(2)2(  4.5)-  1(2)0(  0.5)       excit   1    1  63    27 28  8
C      9   1.33993   28(2)1(  2.5)-  1(2)0(  0.5)       excit   1    1  63    26 33  9
C     10   1.36771   27(2)1(  2.5)-  1(2)0(  0.5)       excit   1    1  63    25  3 10
C     11   1.37278   26(2)2(  4.5)-  1(2)0(  0.5)       excit   1    1  63    24 20 11
C     12   1.37624   25(2)2(  4.5)-  1(2)0(  0.5)       excit   1    1  63    23 31 12
C     13   1.38580   23(4)2(  9.5)-  1(2)0(  0.5)       excit   1    1  63    22 12 13
C     14   1.41652   20(4)0(  1.5)-  1(2)0(  0.5)       excit   1    1  63    19 29 14
C     15   1.47483   22(2)0(  0.5)-  2(2)1(  2.5)       excit   1    1  63   122  8 15
C     16   1.47980   19(2)1(  2.5)-  1(2)0(  0.5)       excit   1    1  63    18 19 16
C     17   1.48381   21(2)0(  0.5)-  2(2)1(  2.5)       excit   1    1  63   121 21 17
C     18   1.98943   17(2)1(  2.5)-  1(2)0(  0.5)       excit   1    1  63    16 49 18
C     19   2.08330   14(2)1(  2.5)-  1(2)0(  0.5)       excit   1    1  63    13 47 19
C     20   2.22825   15(2)2(  4.5)-  2(2)1(  2.5)       excit   1    1  63   115 37 20
C     21   2.24801   11(2)1(  2.5)-  1(2)0(  0.5)       excit   1    1  63    10 30 21
C     22   2.41056   12(2)2(  4.5)-  2(2)1(  2.5)       excit   1    1  63   112 24 22
C     23   2.45295   10(2)0(  0.5)-  2(2)1(  2.5)       excit   1    1  63   110 40 23
C     24   2.59103    8(2)1(  2.5)-  1(2)0(  0.5)       excit   1    1  63     7 14 24
C     25   2.79009    9(2)2(  4.5)-  2(2)1(  2.5)       excit   1    1  63   109 13 25
C     26   2.89149    7(2)0(  0.5)-  2(2)1(  2.5)       excit   1    1  63   107 15 26
C     27   3.08747    8(2)1(  2.5)-  3(2)2(  4.5)       excit   1    1  63   216 41 27
C     28   3.58102   43(2)1(  2.5)- 19(2)1(  2.5)       excit   1    1  63  1839 45 28
C     29   3.62309    5(2)1(  2.5)-  1(2)0(  0.5)       excit   1    1  63     4  7 29
C     30   3.68745   59(2)1(  2.5)- 30(4)1(  5.5)       excit   1    1  63  2827 39 30
C     31   3.75686   52(4)2(  9.5)- 23(4)2(  9.5)       excit   1    1  63  2202 46 31
C     32   3.93372    6(2)2(  4.5)-  2(2)1(  2.5)       excit   1    1  63   106  5 32
C     33   4.36449    4(2)0(  0.5)-  2(2)1(  2.5)       excit   1    1  63   104  6 33
C     34   4.36662   49(2)2(  4.5)- 27(2)1(  2.5)       excit   1    1  63  2558 25 34
C     35   4.60914   40(2)0(  0.5)- 27(2)1(  2.5)       excit   1    1  63  2550 16 35
C     36   4.67399    5(2)1(  2.5)-  3(2)2(  4.5)       excit   1    1  63   213 11 36
C     37   4.79294   22(2)0(  0.5)- 17(2)1(  2.5)       excit   1    1  63  1627 43 37
C     38   4.97686   45(4)1(  5.5)- 31(4)2(  9.5)       excit   1    1  63  2899 35 38
C     39   5.81091   12(2)2(  4.5)-  5(2)1(  2.5)       excit   1    1  63   431 42 39
C     40   6.06355   10(2)0(  0.5)-  5(2)1(  2.5)       excit   1    1  63   429 50 40
C     41   8.09258    8(2)1(  2.5)-  4(2)0(  0.5)       excit   1    1  63   329 27 41
C     42   8.64603    9(2)2(  4.5)-  5(2)1(  2.5)       excit   1    1  63   428 23 42
C     43   9.70026    7(2)0(  0.5)-  5(2)1(  2.5)       excit   1    1  63   426 22 43
C     44   10.1543    8(2)1(  2.5)-  6(2)2(  4.5)       excit   1    1  63   532 36 44
C     45   23.8550   33(4)3( 13.5)- 23(4)2(  9.5)       excit   1    1  63  2183 38 45
C     46   27.9486   32(2)2(  4.5)- 24(2)3(  6.5)       excit   1    1  63  2275 48 46
C     47   30.0705    2(2)1(  2.5)-  1(2)0(  0.5)       excit   1    1  63     1  1 47
C     48   34.2818   30(4)1(  5.5)- 26(2)2(  4.5)       excit   1    1  63  2450 44 48
C     49   34.7198    3(2)2(  4.5)-  2(2)1(  2.5)       excit   1    1  63   103  2 49
C     50   234.192   24(2)3(  6.5)- 23(4)2(  9.5)       excit   1    1  63  2174 26 50
c-------------------------------------------------------------------------------
                                                                                
C  code     : adas810
C  producer : Adam Foster
C  date     : 15/05/09
                                                                                
c-------------------------------------------------------------------------------

C-----------------------------------------------------------------------
C                               OPEN-ADAS
C                               +++++++++
C
C This file has been downloaded from OPEN-ADAS (http://open.adas.ac.uk)
C on 26-Mar-2025.
C
C TERMS AND CONDITIONS
C --------------------
C
C The user of the OPEN-ADAS system and data (hereinafter "the User")
C accepts the following terms and conditions:
C
C   1. The University of Strathclyde uses all reasonable endeavours to
C      ensure the accuracy of the data provided and any information
C      given, but the University makes no warranty, expressed or implied
C      as to its accuracy, integrity, fitness for purpose and shall not
C      be responsible for the use to which the data is put by the User
C      and/or any consequences arising out of any inaccuracies or
C      omissions.
C
C   2. Any downloaded OPEN-ADAS file is made available for the
C      personal use of the User only.  It must not be used for any
C      commercial application, incorporated into any web site or in
C      any form re-distributed without express prior written permission
C      from the ADAS Project. In particular, but not by way of
C      limitation, it must not be:
C        *  inserted into a managed database structure,
C        *  redistributed along with a modelling or analysis code,
C        *  made available on a public website.
C
C Permission for OPEN-ADAS data incorporation in non-commercial
C code/system development for scientific advance will not be
C unreasonably withheld, but will be subject to written agreement
C on a case by case basis.
C
C The User will indemnify the University of Strathclyde and keep it
C fully and effectively indemnified against each and every claim made
C against the University as a result of the User's use of the data.
C
C-----------------------------------------------------------------------
