   50    /W :49 photon emissivity coefficients/
--------------------------------------------------------------------------------
    1    1    1    1    1    1    1    1    1    1    1    1    1    1
    1    1    1    1    1    1    1    1    1    1    1    1    1    1
    1    1    1    1    1    1    1    1    1    1    1    1    1    1
    1    1    1    1    1    1    1    1    1    1    1    1    1    1
    1    1    1    1    1    1    1    1    1    1    1    1    1    1
    1    1    1    1    1
--------------------------------------------------------------------------------
//#01/p00/ 00/p01/ 01/p02/ 02/p03/ 03/p04/ 04/p05/ 05/p06/ 06/p07/ 07/p08/ 08/  
      p09/ 09/p10/ 10/p11/ 11/p12/ 12/p13/ 13/p14/ 14/p15/ 15/p16/ 16/p17/ 17/  
      p18/ 18/p19/ 19/p20/ 20/p21/ 21/p22/ 22/p23/ 23/p24/ 24/p25/ 25/p26/ 26/  
      p27/ 27/p28/ 28/p29/ 29/p30/ 30/p31/ 31/p32/ 32/p33/ 33/p34/ 34/p35/ 35/  
      p36/ 36/p37/ 37/p38/ 38/p39/ 39/p40/ 40/p41/ 41/p42/ 42/p43/ 43/p44/ 44/  
      p45/ 45/p46/ 46/p47/ 47/p48/ 48/p49/ 49/p50/ 50/p51/ 51/p52/ 52/p53/ 53/  
      p54/ 54/p55/ 55/p56/ 56/p57/ 57/p58/ 58/p59/ 59/p60/ 60/p61/ 61/p62/ 62/  
      p63/ 63/p64/ 64/p65/ 65/p66/ 66/p67/ 67/p68/ 68/p69/ 69/p70/ 70/p71/ 71/  
      p72/ 72/p73/ 73/p74/ 74/                                                  
--------------------------------------------------------------------------------
  5.25915    7  14 /pl=01:ss=49:pb= 1:sz=49/type=excit/ispb = t/isel =    1
 1.00E+10 1.00E+11 1.00E+12 1.00E+13 1.00E+14 1.00E+15 1.00E+16
 4.31E+01 6.46E+01 1.08E+02 2.15E+02 4.31E+02 1.08E+03 2.15E+03 3.23E+03
 4.31E+03 6.46E+03 1.08E+04 2.15E+04 4.31E+04 6.46E+04
 3.13E-35 2.60E-27 5.12E-21 2.32E-16 4.20E-14 7.77E-13 1.83E-12 2.35E-12
 2.64E-12 2.92E-12 3.11E-12 3.12E-12 2.94E-12 2.78E-12
 3.13E-35 2.60E-27 5.12E-21 2.32E-16 4.20E-14 7.77E-13 1.83E-12 2.35E-12
 2.64E-12 2.92E-12 3.11E-12 3.12E-12 2.94E-12 2.78E-12
 3.13E-35 2.60E-27 5.12E-21 2.32E-16 4.20E-14 7.77E-13 1.83E-12 2.35E-12
 2.64E-12 2.92E-12 3.11E-12 3.12E-12 2.94E-12 2.78E-12
 3.13E-35 2.60E-27 5.12E-21 2.31E-16 4.18E-14 7.72E-13 1.82E-12 2.33E-12
 2.62E-12 2.90E-12 3.09E-12 3.10E-12 2.93E-12 2.76E-12
 3.13E-35 2.59E-27 5.10E-21 2.27E-16 4.03E-14 7.30E-13 1.70E-12 2.19E-12
 2.45E-12 2.72E-12 2.90E-12 2.94E-12 2.79E-12 2.65E-12
 3.11E-35 2.55E-27 4.87E-21 1.96E-16 3.14E-14 5.24E-13 1.19E-12 1.51E-12
 1.70E-12 1.89E-12 2.04E-12 2.12E-12 2.07E-12 2.00E-12
 2.95E-35 2.28E-27 3.82E-21 1.27E-16 1.85E-14 2.95E-13 6.55E-13 8.31E-13
 9.31E-13 1.03E-12 1.11E-12 1.15E-12 1.13E-12 1.09E-12
  5.26592    7  14 /pl=01:ss=49:pb= 1:sz=49/type=excit/ispb = t/isel =    2
 1.00E+10 1.00E+11 1.00E+12 1.00E+13 1.00E+14 1.00E+15 1.00E+16
 4.31E+01 6.46E+01 1.08E+02 2.15E+02 4.31E+02 1.08E+03 2.15E+03 3.23E+03
 4.31E+03 6.46E+03 1.08E+04 2.15E+04 4.31E+04 6.46E+04
 2.06E-34 1.37E-26 2.27E-20 9.01E-16 1.53E-13 2.71E-12 6.32E-12 8.07E-12
 9.05E-12 9.98E-12 1.06E-11 1.07E-11 1.01E-11 9.56E-12
 2.06E-34 1.37E-26 2.27E-20 9.01E-16 1.53E-13 2.71E-12 6.32E-12 8.07E-12
 9.05E-12 9.98E-12 1.06E-11 1.07E-11 1.01E-11 9.56E-12
 2.06E-34 1.37E-26 2.27E-20 9.01E-16 1.53E-13 2.71E-12 6.32E-12 8.06E-12
 9.04E-12 9.97E-12 1.06E-11 1.07E-11 1.01E-11 9.55E-12
 2.06E-34 1.37E-26 2.27E-20 8.98E-16 1.52E-13 2.69E-12 6.25E-12 7.97E-12
 8.94E-12 9.86E-12 1.05E-11 1.06E-11 1.00E-11 9.49E-12
 2.05E-34 1.36E-26 2.24E-20 8.70E-16 1.43E-13 2.45E-12 5.64E-12 7.18E-12
 8.06E-12 8.91E-12 9.56E-12 9.73E-12 9.33E-12 8.88E-12
 2.01E-34 1.32E-26 2.06E-20 6.69E-16 9.15E-14 1.36E-12 2.95E-12 3.72E-12
 4.19E-12 4.68E-12 5.15E-12 5.50E-12 5.57E-12 5.49E-12
 1.67E-34 9.95E-27 1.19E-20 2.43E-16 2.84E-14 4.13E-13 9.01E-13 1.13E-12
 1.27E-12 1.41E-12 1.54E-12 1.62E-12 1.64E-12 1.63E-12
  5.35261    7  14 /pl=01:ss=49:pb= 1:sz=49/type=excit/ispb = t/isel =    3
 1.00E+10 1.00E+11 1.00E+12 1.00E+13 1.00E+14 1.00E+15 1.00E+16
 4.31E+01 6.46E+01 1.08E+02 2.15E+02 4.31E+02 1.08E+03 2.15E+03 3.23E+03
 4.31E+03 6.46E+03 1.08E+04 2.15E+04 4.31E+04 6.46E+04
 1.09E-34 6.55E-27 1.00E-20 3.75E-16 6.16E-14 1.08E-12 2.48E-12 3.17E-12
 3.55E-12 3.92E-12 4.16E-12 4.19E-12 3.96E-12 3.74E-12
 1.09E-34 6.55E-27 1.00E-20 3.75E-16 6.16E-14 1.08E-12 2.48E-12 3.17E-12
 3.55E-12 3.92E-12 4.16E-12 4.19E-12 3.96E-12 3.74E-12
 1.09E-34 6.55E-27 1.00E-20 3.74E-16 6.16E-14 1.08E-12 2.48E-12 3.17E-12
 3.54E-12 3.91E-12 4.16E-12 4.18E-12 3.96E-12 3.74E-12
 1.09E-34 6.55E-27 1.00E-20 3.74E-16 6.15E-14 1.07E-12 2.47E-12 3.16E-12
 3.53E-12 3.90E-12 4.15E-12 4.17E-12 3.95E-12 3.73E-12
 1.09E-34 6.55E-27 9.99E-21 3.71E-16 6.04E-14 1.04E-12 2.39E-12 3.05E-12
 3.41E-12 3.77E-12 4.01E-12 4.05E-12 3.85E-12 3.65E-12
 1.09E-34 6.55E-27 9.86E-21 3.48E-16 5.35E-14 8.76E-13 1.97E-12 2.50E-12
 2.79E-12 3.09E-12 3.32E-12 3.39E-12 3.27E-12 3.13E-12
 1.14E-34 6.58E-27 9.23E-21 2.84E-16 3.91E-14 5.93E-13 1.30E-12 1.64E-12
 1.83E-12 2.02E-12 2.18E-12 2.24E-12 2.18E-12 2.11E-12
  5.36077    7  14 /pl=01:ss=49:pb= 1:sz=49/type=excit/ispb = t/isel =    4
 1.00E+10 1.00E+11 1.00E+12 1.00E+13 1.00E+14 1.00E+15 1.00E+16
 4.31E+01 6.46E+01 1.08E+02 2.15E+02 4.31E+02 1.08E+03 2.15E+03 3.23E+03
 4.31E+03 6.46E+03 1.08E+04 2.15E+04 4.31E+04 6.46E+04
 1.20E-34 5.76E-27 7.38E-21 2.42E-16 3.72E-14 6.25E-13 1.42E-12 1.81E-12
 2.02E-12 2.22E-12 2.36E-12 2.37E-12 2.23E-12 2.11E-12
 1.20E-34 5.76E-27 7.38E-21 2.42E-16 3.72E-14 6.25E-13 1.42E-12 1.81E-12
 2.02E-12 2.22E-12 2.36E-12 2.37E-12 2.23E-12 2.11E-12
 1.20E-34 5.76E-27 7.38E-21 2.42E-16 3.72E-14 6.24E-13 1.42E-12 1.81E-12
 2.02E-12 2.22E-12 2.35E-12 2.37E-12 2.23E-12 2.11E-12
 1.20E-34 5.76E-27 7.37E-21 2.41E-16 3.70E-14 6.19E-13 1.41E-12 1.79E-12
 2.00E-12 2.20E-12 2.33E-12 2.35E-12 2.22E-12 2.10E-12
 1.19E-34 5.74E-27 7.32E-21 2.34E-16 3.50E-14 5.71E-13 1.28E-12 1.63E-12
 1.82E-12 2.01E-12 2.14E-12 2.17E-12 2.08E-12 1.97E-12
 1.17E-34 5.58E-27 6.80E-21 1.87E-16 2.38E-14 3.43E-13 7.35E-13 9.26E-13
 1.03E-12 1.15E-12 1.25E-12 1.32E-12 1.32E-12 1.30E-12
 1.03E-34 4.47E-27 4.31E-21 8.19E-17 9.19E-15 1.28E-13 2.75E-13 3.46E-13
 3.86E-13 4.28E-13 4.63E-13 4.85E-13 4.85E-13 4.77E-13
  5.38589    7  14 /pl=01:ss=49:pb= 1:sz=49/type=excit/ispb = t/isel =    5
 1.00E+10 1.00E+11 1.00E+12 1.00E+13 1.00E+14 1.00E+15 1.00E+16
 4.31E+01 6.46E+01 1.08E+02 2.15E+02 4.31E+02 1.08E+03 2.15E+03 3.23E+03
 4.31E+03 6.46E+03 1.08E+04 2.15E+04 4.31E+04 6.46E+04
 3.40E-34 1.51E-26 1.81E-20 5.64E-16 8.46E-14 1.40E-12 3.17E-12 4.03E-12
 4.48E-12 4.93E-12 5.23E-12 5.25E-12 4.96E-12 4.68E-12
 3.40E-34 1.51E-26 1.81E-20 5.64E-16 8.46E-14 1.40E-12 3.17E-12 4.03E-12
 4.48E-12 4.93E-12 5.23E-12 5.25E-12 4.96E-12 4.68E-12
 3.40E-34 1.51E-26 1.81E-20 5.63E-16 8.46E-14 1.40E-12 3.17E-12 4.02E-12
 4.48E-12 4.93E-12 5.23E-12 5.25E-12 4.95E-12 4.67E-12
 3.40E-34 1.51E-26 1.81E-20 5.62E-16 8.41E-14 1.38E-12 3.13E-12 3.98E-12
 4.43E-12 4.88E-12 5.18E-12 5.20E-12 4.91E-12 4.64E-12
 3.39E-34 1.51E-26 1.79E-20 5.45E-16 7.92E-14 1.27E-12 2.83E-12 3.59E-12
 4.00E-12 4.41E-12 4.71E-12 4.78E-12 4.57E-12 4.35E-12
 3.32E-34 1.45E-26 1.65E-20 4.21E-16 5.11E-14 7.09E-13 1.50E-12 1.89E-12
 2.10E-12 2.35E-12 2.57E-12 2.73E-12 2.76E-12 2.72E-12
 2.77E-34 1.11E-26 9.61E-21 1.55E-16 1.56E-14 2.04E-13 4.27E-13 5.35E-13
 5.95E-13 6.63E-13 7.24E-13 7.73E-13 7.90E-13 7.88E-13
  5.39024    7  14 /pl=01:ss=49:pb= 1:sz=49/type=excit/ispb = t/isel =    6
 1.00E+10 1.00E+11 1.00E+12 1.00E+13 1.00E+14 1.00E+15 1.00E+16
 4.31E+01 6.46E+01 1.08E+02 2.15E+02 4.31E+02 1.08E+03 2.15E+03 3.23E+03
 4.31E+03 6.46E+03 1.08E+04 2.15E+04 4.31E+04 6.46E+04
 1.41E-34 6.18E-27 7.32E-21 2.26E-16 3.38E-14 5.58E-13 1.27E-12 1.61E-12
 1.79E-12 1.97E-12 2.08E-12 2.09E-12 1.97E-12 1.86E-12
 1.41E-34 6.18E-27 7.32E-21 2.26E-16 3.38E-14 5.58E-13 1.27E-12 1.61E-12
 1.79E-12 1.97E-12 2.08E-12 2.09E-12 1.97E-12 1.86E-12
 1.41E-34 6.18E-27 7.32E-21 2.26E-16 3.38E-14 5.57E-13 1.26E-12 1.60E-12
 1.79E-12 1.97E-12 2.08E-12 2.09E-12 1.97E-12 1.86E-12
 1.41E-34 6.18E-27 7.32E-21 2.25E-16 3.36E-14 5.53E-13 1.25E-12 1.59E-12
 1.77E-12 1.95E-12 2.06E-12 2.07E-12 1.95E-12 1.85E-12
 1.41E-34 6.17E-27 7.26E-21 2.20E-16 3.20E-14 5.13E-13 1.15E-12 1.46E-12
 1.62E-12 1.79E-12 1.91E-12 1.93E-12 1.84E-12 1.75E-12
 1.40E-34 6.02E-27 6.81E-21 1.79E-16 2.26E-14 3.23E-13 6.95E-13 8.73E-13
 9.73E-13 1.08E-12 1.17E-12 1.23E-12 1.22E-12 1.19E-12
 1.26E-34 4.99E-27 4.59E-21 8.84E-17 1.00E-14 1.40E-13 2.98E-13 3.73E-13
 4.15E-13 4.58E-13 4.93E-13 5.13E-13 5.08E-13 4.96E-13
  5.41710    7  14 /pl=01:ss=49:pb= 1:sz=49/type=excit/ispb = t/isel =    7
 1.00E+10 1.00E+11 1.00E+12 1.00E+13 1.00E+14 1.00E+15 1.00E+16
 4.31E+01 6.46E+01 1.08E+02 2.15E+02 4.31E+02 1.08E+03 2.15E+03 3.23E+03
 4.31E+03 6.46E+03 1.08E+04 2.15E+04 4.31E+04 6.46E+04
 2.56E-34 1.03E-26 1.13E-20 3.31E-16 4.85E-14 7.83E-13 1.77E-12 2.24E-12
 2.50E-12 2.74E-12 2.90E-12 2.91E-12 2.73E-12 2.58E-12
 2.56E-34 1.03E-26 1.13E-20 3.31E-16 4.85E-14 7.83E-13 1.77E-12 2.24E-12
 2.50E-12 2.74E-12 2.90E-12 2.90E-12 2.73E-12 2.58E-12
 2.56E-34 1.03E-26 1.13E-20 3.31E-16 4.85E-14 7.82E-13 1.76E-12 2.24E-12
 2.49E-12 2.74E-12 2.90E-12 2.90E-12 2.73E-12 2.58E-12
 2.56E-34 1.03E-26 1.13E-20 3.30E-16 4.82E-14 7.75E-13 1.74E-12 2.22E-12
 2.47E-12 2.71E-12 2.87E-12 2.88E-12 2.71E-12 2.56E-12
 2.55E-34 1.03E-26 1.12E-20 3.20E-16 4.53E-14 7.09E-13 1.58E-12 2.00E-12
 2.22E-12 2.45E-12 2.61E-12 2.64E-12 2.52E-12 2.40E-12
 2.50E-34 9.90E-27 1.03E-20 2.46E-16 2.91E-14 3.93E-13 8.27E-13 1.04E-12
 1.16E-12 1.29E-12 1.41E-12 1.50E-12 1.51E-12 1.49E-12
 2.08E-34 7.48E-27 5.94E-21 8.87E-17 8.69E-15 1.11E-13 2.32E-13 2.91E-13
 3.23E-13 3.59E-13 3.91E-13 4.16E-13 4.24E-13 4.23E-13
  5.42533    7  14 /pl=01:ss=49:pb= 1:sz=49/type=excit/ispb = t/isel =    8
 1.00E+10 1.00E+11 1.00E+12 1.00E+13 1.00E+14 1.00E+15 1.00E+16
 4.31E+01 6.46E+01 1.08E+02 2.15E+02 4.31E+02 1.08E+03 2.15E+03 3.23E+03
 4.31E+03 6.46E+03 1.08E+04 2.15E+04 4.31E+04 6.46E+04
 1.36E-33 5.30E-26 5.72E-20 1.65E-15 2.38E-13 3.85E-12 8.69E-12 1.10E-11
 1.22E-11 1.34E-11 1.42E-11 1.42E-11 1.34E-11 1.27E-11
 1.36E-33 5.30E-26 5.72E-20 1.65E-15 2.38E-13 3.85E-12 8.69E-12 1.10E-11
 1.22E-11 1.34E-11 1.42E-11 1.42E-11 1.34E-11 1.27E-11
 1.36E-33 5.30E-26 5.72E-20 1.65E-15 2.38E-13 3.84E-12 8.68E-12 1.10E-11
 1.22E-11 1.34E-11 1.42E-11 1.42E-11 1.34E-11 1.26E-11
 1.36E-33 5.30E-26 5.71E-20 1.64E-15 2.37E-13 3.81E-12 8.58E-12 1.09E-11
 1.21E-11 1.32E-11 1.40E-11 1.41E-11 1.33E-11 1.26E-11
 1.36E-33 5.28E-26 5.66E-20 1.59E-15 2.23E-13 3.48E-12 7.75E-12 9.79E-12
 1.09E-11 1.20E-11 1.28E-11 1.29E-11 1.24E-11 1.18E-11
 1.33E-33 5.09E-26 5.19E-20 1.22E-15 1.42E-13 1.92E-12 4.05E-12 5.06E-12
 5.62E-12 6.27E-12 6.86E-12 7.29E-12 7.39E-12 7.27E-12
 1.10E-33 3.84E-26 2.98E-20 4.33E-16 4.16E-14 5.31E-13 1.11E-12 1.38E-12
 1.53E-12 1.71E-12 1.86E-12 1.98E-12 2.04E-12 2.03E-12
  5.42622    7  14 /pl=01:ss=49:pb= 1:sz=49/type=excit/ispb = t/isel =    9
 1.00E+10 1.00E+11 1.00E+12 1.00E+13 1.00E+14 1.00E+15 1.00E+16
 4.31E+01 6.46E+01 1.08E+02 2.15E+02 4.31E+02 1.08E+03 2.15E+03 3.23E+03
 4.31E+03 6.46E+03 1.08E+04 2.15E+04 4.31E+04 6.46E+04
 4.99E-34 1.94E-26 2.09E-20 6.00E-16 8.66E-14 1.40E-12 3.15E-12 3.98E-12
 4.44E-12 4.87E-12 5.16E-12 5.19E-12 4.87E-12 4.59E-12
 4.99E-34 1.94E-26 2.09E-20 6.00E-16 8.66E-14 1.40E-12 3.14E-12 3.98E-12
 4.43E-12 4.87E-12 5.16E-12 5.19E-12 4.86E-12 4.59E-12
 4.99E-34 1.94E-26 2.09E-20 6.00E-16 8.66E-14 1.40E-12 3.14E-12 3.98E-12
 4.43E-12 4.87E-12 5.15E-12 5.19E-12 4.86E-12 4.59E-12
 4.99E-34 1.94E-26 2.09E-20 5.98E-16 8.61E-14 1.39E-12 3.11E-12 3.94E-12
 4.38E-12 4.82E-12 5.11E-12 5.14E-12 4.83E-12 4.56E-12
 4.98E-34 1.93E-26 2.07E-20 5.81E-16 8.13E-14 1.27E-12 2.82E-12 3.57E-12
 3.97E-12 4.38E-12 4.67E-12 4.75E-12 4.51E-12 4.28E-12
 4.88E-34 1.87E-26 1.91E-20 4.56E-16 5.40E-14 7.40E-13 1.56E-12 1.95E-12
 2.18E-12 2.43E-12 2.64E-12 2.81E-12 2.80E-12 2.75E-12
 4.16E-34 1.45E-26 1.17E-20 1.87E-16 1.91E-14 2.53E-13 5.31E-13 6.63E-13
 7.37E-13 8.17E-13 8.85E-13 9.34E-13 9.35E-13 9.23E-13
  5.48652    7  14 /pl=01:ss=49:pb= 1:sz=49/type=excit/ispb = t/isel =   10
 1.00E+10 1.00E+11 1.00E+12 1.00E+13 1.00E+14 1.00E+15 1.00E+16
 4.31E+01 6.46E+01 1.08E+02 2.15E+02 4.31E+02 1.08E+03 2.15E+03 3.23E+03
 4.31E+03 6.46E+03 1.08E+04 2.15E+04 4.31E+04 6.46E+04
 2.01E-34 7.81E-27 8.42E-21 2.42E-16 3.49E-14 5.65E-13 1.27E-12 1.61E-12
 1.79E-12 1.97E-12 2.08E-12 2.09E-12 1.96E-12 1.85E-12
 2.01E-34 7.81E-27 8.42E-21 2.42E-16 3.49E-14 5.65E-13 1.27E-12 1.61E-12
 1.79E-12 1.96E-12 2.08E-12 2.09E-12 1.96E-12 1.85E-12
 2.01E-34 7.81E-27 8.42E-21 2.42E-16 3.49E-14 5.64E-13 1.27E-12 1.60E-12
 1.79E-12 1.96E-12 2.08E-12 2.09E-12 1.96E-12 1.85E-12
 2.01E-34 7.81E-27 8.42E-21 2.41E-16 3.47E-14 5.59E-13 1.25E-12 1.59E-12
 1.77E-12 1.94E-12 2.06E-12 2.08E-12 1.95E-12 1.84E-12
 2.01E-34 7.78E-27 8.34E-21 2.34E-16 3.28E-14 5.14E-13 1.14E-12 1.44E-12
 1.60E-12 1.77E-12 1.88E-12 1.92E-12 1.82E-12 1.73E-12
 1.97E-34 7.53E-27 7.70E-21 1.84E-16 2.18E-14 2.98E-13 6.30E-13 7.88E-13
 8.79E-13 9.78E-13 1.07E-12 1.13E-12 1.13E-12 1.11E-12
 1.68E-34 5.87E-27 4.71E-21 7.53E-17 7.72E-15 1.02E-13 2.14E-13 2.68E-13
 2.97E-13 3.30E-13 3.57E-13 3.77E-13 3.77E-13 3.72E-13
  5.49570    7  14 /pl=01:ss=49:pb= 1:sz=49/type=excit/ispb = t/isel =   11
 1.00E+10 1.00E+11 1.00E+12 1.00E+13 1.00E+14 1.00E+15 1.00E+16
 4.31E+01 6.46E+01 1.08E+02 2.15E+02 4.31E+02 1.08E+03 2.15E+03 3.23E+03
 4.31E+03 6.46E+03 1.08E+04 2.15E+04 4.31E+04 6.46E+04
 1.37E-33 4.28E-26 3.85E-20 9.68E-16 1.31E-13 2.03E-12 4.49E-12 5.67E-12
 6.29E-12 6.90E-12 7.29E-12 7.29E-12 6.91E-12 6.49E-12
 1.37E-33 4.28E-26 3.85E-20 9.68E-16 1.31E-13 2.03E-12 4.49E-12 5.66E-12
 6.29E-12 6.90E-12 7.29E-12 7.29E-12 6.91E-12 6.49E-12
 1.37E-33 4.28E-26 3.85E-20 9.68E-16 1.31E-13 2.02E-12 4.49E-12 5.66E-12
 6.28E-12 6.90E-12 7.29E-12 7.29E-12 6.91E-12 6.48E-12
 1.37E-33 4.28E-26 3.85E-20 9.65E-16 1.30E-13 2.01E-12 4.44E-12 5.60E-12
 6.21E-12 6.82E-12 7.21E-12 7.22E-12 6.85E-12 6.44E-12
 1.37E-33 4.26E-26 3.81E-20 9.35E-16 1.22E-13 1.83E-12 4.01E-12 5.04E-12
 5.60E-12 6.17E-12 6.56E-12 6.63E-12 6.37E-12 6.03E-12
 1.34E-33 4.11E-26 3.50E-20 7.20E-16 7.83E-14 1.02E-12 2.10E-12 2.62E-12
 2.91E-12 3.24E-12 3.54E-12 3.75E-12 3.81E-12 3.74E-12
 1.11E-33 3.10E-26 2.02E-20 2.58E-16 2.31E-14 2.83E-13 5.79E-13 7.20E-13
 7.99E-13 8.88E-13 9.67E-13 1.03E-12 1.06E-12 1.05E-12
  5.51540    7  14 /pl=01:ss=49:pb= 1:sz=49/type=excit/ispb = t/isel =   12
 1.00E+10 1.00E+11 1.00E+12 1.00E+13 1.00E+14 1.00E+15 1.00E+16
 4.31E+01 6.46E+01 1.08E+02 2.15E+02 4.31E+02 1.08E+03 2.15E+03 3.23E+03
 4.31E+03 6.46E+03 1.08E+04 2.15E+04 4.31E+04 6.46E+04
 6.12E-34 1.79E-26 1.54E-20 3.71E-16 4.93E-14 7.56E-13 1.67E-12 2.11E-12
 2.34E-12 2.56E-12 2.70E-12 2.70E-12 2.54E-12 2.39E-12
 6.12E-34 1.79E-26 1.54E-20 3.71E-16 4.93E-14 7.56E-13 1.67E-12 2.11E-12
 2.34E-12 2.56E-12 2.70E-12 2.70E-12 2.54E-12 2.39E-12
 6.12E-34 1.79E-26 1.54E-20 3.71E-16 4.92E-14 7.56E-13 1.67E-12 2.11E-12
 2.34E-12 2.56E-12 2.70E-12 2.70E-12 2.54E-12 2.39E-12
 6.12E-34 1.79E-26 1.53E-20 3.70E-16 4.89E-14 7.49E-13 1.65E-12 2.09E-12
 2.31E-12 2.53E-12 2.68E-12 2.67E-12 2.52E-12 2.37E-12
 6.11E-34 1.79E-26 1.52E-20 3.60E-16 4.63E-14 6.89E-13 1.50E-12 1.89E-12
 2.10E-12 2.30E-12 2.45E-12 2.47E-12 2.35E-12 2.23E-12
 5.99E-34 1.73E-26 1.41E-20 2.83E-16 3.09E-14 4.04E-13 8.38E-13 1.04E-12
 1.16E-12 1.29E-12 1.39E-12 1.47E-12 1.47E-12 1.43E-12
 5.13E-34 1.36E-26 8.73E-21 1.23E-16 1.22E-14 1.58E-13 3.30E-13 4.09E-13
 4.51E-13 4.95E-13 5.29E-13 5.45E-13 5.37E-13 5.24E-13
  5.52033    7  14 /pl=01:ss=49:pb= 1:sz=49/type=excit/ispb = t/isel =   13
 1.00E+10 1.00E+11 1.00E+12 1.00E+13 1.00E+14 1.00E+15 1.00E+16
 4.31E+01 6.46E+01 1.08E+02 2.15E+02 4.31E+02 1.08E+03 2.15E+03 3.23E+03
 4.31E+03 6.46E+03 1.08E+04 2.15E+04 4.31E+04 6.46E+04
 1.02E-34 6.81E-27 1.13E-20 4.48E-16 7.61E-14 1.35E-12 3.15E-12 4.02E-12
 4.50E-12 4.96E-12 5.29E-12 5.32E-12 5.04E-12 4.76E-12
 1.02E-34 6.81E-27 1.13E-20 4.48E-16 7.61E-14 1.35E-12 3.15E-12 4.02E-12
 4.50E-12 4.96E-12 5.29E-12 5.32E-12 5.04E-12 4.76E-12
 1.02E-34 6.81E-27 1.13E-20 4.48E-16 7.60E-14 1.35E-12 3.14E-12 4.01E-12
 4.50E-12 4.96E-12 5.29E-12 5.32E-12 5.03E-12 4.75E-12
 1.02E-34 6.81E-27 1.13E-20 4.47E-16 7.55E-14 1.34E-12 3.11E-12 3.97E-12
 4.45E-12 4.91E-12 5.23E-12 5.27E-12 4.99E-12 4.72E-12
 1.02E-34 6.78E-27 1.12E-20 4.33E-16 7.11E-14 1.22E-12 2.81E-12 3.57E-12
 4.01E-12 4.43E-12 4.76E-12 4.84E-12 4.64E-12 4.42E-12
 9.98E-35 6.54E-27 1.02E-20 3.33E-16 4.55E-14 6.76E-13 1.47E-12 1.85E-12
 2.08E-12 2.33E-12 2.56E-12 2.73E-12 2.77E-12 2.73E-12
 8.32E-35 4.95E-27 5.91E-21 1.21E-16 1.41E-14 2.05E-13 4.48E-13 5.65E-13
 6.32E-13 7.03E-13 7.66E-13 8.08E-13 8.18E-13 8.10E-13
  5.67190    7  14 /pl=01:ss=49:pb= 1:sz=49/type=excit/ispb = t/isel =   14
 1.00E+10 1.00E+11 1.00E+12 1.00E+13 1.00E+14 1.00E+15 1.00E+16
 4.31E+01 6.46E+01 1.08E+02 2.15E+02 4.31E+02 1.08E+03 2.15E+03 3.23E+03
 4.31E+03 6.46E+03 1.08E+04 2.15E+04 4.31E+04 6.46E+04
 6.31E-34 1.85E-26 1.58E-20 3.83E-16 5.08E-14 7.80E-13 1.73E-12 2.17E-12
 2.41E-12 2.64E-12 2.79E-12 2.78E-12 2.62E-12 2.46E-12
 6.31E-34 1.85E-26 1.58E-20 3.83E-16 5.08E-14 7.80E-13 1.73E-12 2.17E-12
 2.41E-12 2.64E-12 2.79E-12 2.78E-12 2.62E-12 2.46E-12
 6.31E-34 1.85E-26 1.58E-20 3.83E-16 5.07E-14 7.79E-13 1.72E-12 2.17E-12
 2.41E-12 2.64E-12 2.78E-12 2.78E-12 2.62E-12 2.46E-12
 6.31E-34 1.85E-26 1.58E-20 3.82E-16 5.04E-14 7.72E-13 1.71E-12 2.15E-12
 2.38E-12 2.61E-12 2.76E-12 2.76E-12 2.60E-12 2.44E-12
 6.30E-34 1.84E-26 1.57E-20 3.71E-16 4.77E-14 7.10E-13 1.55E-12 1.95E-12
 2.16E-12 2.38E-12 2.52E-12 2.54E-12 2.42E-12 2.30E-12
 6.18E-34 1.78E-26 1.45E-20 2.92E-16 3.18E-14 4.16E-13 8.64E-13 1.08E-12
 1.20E-12 1.33E-12 1.44E-12 1.51E-12 1.51E-12 1.48E-12
 5.29E-34 1.40E-26 9.00E-21 1.27E-16 1.26E-14 1.63E-13 3.40E-13 4.21E-13
 4.65E-13 5.11E-13 5.45E-13 5.62E-13 5.54E-13 5.40E-13
  6.57244    7  14 /pl=01:ss=49:pb= 1:sz=49/type=excit/ispb = t/isel =   15
 1.00E+10 1.00E+11 1.00E+12 1.00E+13 1.00E+14 1.00E+15 1.00E+16
 4.31E+01 6.46E+01 1.08E+02 2.15E+02 4.31E+02 1.08E+03 2.15E+03 3.23E+03
 4.31E+03 6.46E+03 1.08E+04 2.15E+04 4.31E+04 6.46E+04
 5.06E-31 9.63E-25 1.13E-19 8.33E-16 6.92E-14 8.12E-13 1.59E-12 1.88E-12
 1.99E-12 2.03E-12 1.96E-12 1.73E-12 1.47E-12 1.31E-12
 5.06E-31 9.63E-25 1.13E-19 8.33E-16 6.92E-14 8.12E-13 1.59E-12 1.88E-12
 1.99E-12 2.03E-12 1.96E-12 1.73E-12 1.47E-12 1.31E-12
 5.06E-31 9.63E-25 1.13E-19 8.33E-16 6.91E-14 8.12E-13 1.59E-12 1.87E-12
 1.98E-12 2.03E-12 1.95E-12 1.73E-12 1.47E-12 1.31E-12
 5.06E-31 9.63E-25 1.13E-19 8.30E-16 6.87E-14 8.04E-13 1.57E-12 1.85E-12
 1.96E-12 2.01E-12 1.94E-12 1.72E-12 1.46E-12 1.30E-12
 5.05E-31 9.59E-25 1.12E-19 8.06E-16 6.49E-14 7.39E-13 1.43E-12 1.68E-12
 1.78E-12 1.82E-12 1.77E-12 1.58E-12 1.36E-12 1.22E-12
 4.94E-31 9.25E-25 1.03E-19 6.28E-16 4.29E-14 4.29E-13 7.90E-13 9.21E-13
 9.75E-13 1.01E-12 9.97E-13 9.28E-13 8.37E-13 7.74E-13
 4.09E-31 6.99E-25 6.02E-20 2.50E-16 1.54E-14 1.53E-13 2.81E-13 3.27E-13
 3.44E-13 3.52E-13 3.42E-13 3.12E-13 2.77E-13 2.55E-13
  19.8549    7  14 /pl=01:ss=49:pb= 1:sz=49/type=excit/ispb = t/isel =   16
 1.00E+10 1.00E+11 1.00E+12 1.00E+13 1.00E+14 1.00E+15 1.00E+16
 4.31E+01 6.46E+01 1.08E+02 2.15E+02 4.31E+02 1.08E+03 2.15E+03 3.23E+03
 4.31E+03 6.46E+03 1.08E+04 2.15E+04 4.31E+04 6.46E+04
 1.37E-18 2.51E-16 1.48E-14 2.76E-13 1.04E-12 1.94E-12 2.12E-12 2.07E-12
 2.00E-12 1.86E-12 1.66E-12 1.37E-12 1.10E-12 9.64E-13
 1.37E-18 2.51E-16 1.48E-14 2.76E-13 1.04E-12 1.94E-12 2.12E-12 2.07E-12
 2.00E-12 1.86E-12 1.66E-12 1.37E-12 1.10E-12 9.64E-13
 1.37E-18 2.51E-16 1.48E-14 2.76E-13 1.04E-12 1.94E-12 2.12E-12 2.07E-12
 2.00E-12 1.86E-12 1.65E-12 1.37E-12 1.10E-12 9.64E-13
 1.37E-18 2.50E-16 1.48E-14 2.75E-13 1.04E-12 1.93E-12 2.10E-12 2.06E-12
 1.98E-12 1.85E-12 1.64E-12 1.36E-12 1.10E-12 9.60E-13
 1.37E-18 2.50E-16 1.47E-14 2.70E-13 9.99E-13 1.83E-12 1.98E-12 1.93E-12
 1.86E-12 1.74E-12 1.55E-12 1.29E-12 1.05E-12 9.22E-13
 1.36E-18 2.47E-16 1.41E-14 2.36E-13 8.00E-13 1.38E-12 1.46E-12 1.42E-12
 1.37E-12 1.28E-12 1.15E-12 9.77E-13 8.11E-13 7.23E-13
 1.36E-18 2.32E-16 1.20E-14 1.93E-13 7.05E-13 1.32E-12 1.44E-12 1.40E-12
 1.35E-12 1.25E-12 1.10E-12 8.94E-13 7.10E-13 6.15E-13
  20.2829    7  14 /pl=01:ss=49:pb= 1:sz=49/type=excit/ispb = t/isel =   17
 1.00E+10 1.00E+11 1.00E+12 1.00E+13 1.00E+14 1.00E+15 1.00E+16
 4.31E+01 6.46E+01 1.08E+02 2.15E+02 4.31E+02 1.08E+03 2.15E+03 3.23E+03
 4.31E+03 6.46E+03 1.08E+04 2.15E+04 4.31E+04 6.46E+04
 1.16E-17 1.08E-15 3.68E-14 4.53E-13 1.37E-12 2.24E-12 2.34E-12 2.27E-12
 2.18E-12 2.02E-12 1.81E-12 1.51E-12 1.24E-12 1.09E-12
 1.16E-17 1.08E-15 3.68E-14 4.53E-13 1.37E-12 2.24E-12 2.34E-12 2.27E-12
 2.18E-12 2.02E-12 1.81E-12 1.51E-12 1.24E-12 1.09E-12
 1.16E-17 1.08E-15 3.68E-14 4.53E-13 1.37E-12 2.24E-12 2.34E-12 2.27E-12
 2.18E-12 2.02E-12 1.81E-12 1.51E-12 1.24E-12 1.09E-12
 1.16E-17 1.08E-15 3.68E-14 4.53E-13 1.37E-12 2.23E-12 2.34E-12 2.26E-12
 2.17E-12 2.02E-12 1.80E-12 1.51E-12 1.24E-12 1.09E-12
 1.16E-17 1.08E-15 3.69E-14 4.51E-13 1.36E-12 2.20E-12 2.29E-12 2.21E-12
 2.12E-12 1.97E-12 1.77E-12 1.48E-12 1.21E-12 1.07E-12
 1.18E-17 1.09E-15 3.70E-14 4.40E-13 1.28E-12 2.00E-12 2.07E-12 1.99E-12
 1.90E-12 1.77E-12 1.58E-12 1.33E-12 1.10E-12 9.72E-13
 1.32E-17 1.16E-15 3.74E-14 4.12E-13 1.14E-12 1.75E-12 1.78E-12 1.71E-12
 1.63E-12 1.51E-12 1.34E-12 1.12E-12 9.23E-13 8.17E-13
  20.9923    7  14 /pl=01:ss=49:pb= 1:sz=49/type=excit/ispb = t/isel =   18
 1.00E+10 1.00E+11 1.00E+12 1.00E+13 1.00E+14 1.00E+15 1.00E+16
 4.31E+01 6.46E+01 1.08E+02 2.15E+02 4.31E+02 1.08E+03 2.15E+03 3.23E+03
 4.31E+03 6.46E+03 1.08E+04 2.15E+04 4.31E+04 6.46E+04
 1.75E-18 3.21E-16 1.90E-14 3.54E-13 1.33E-12 2.49E-12 2.72E-12 2.66E-12
 2.56E-12 2.39E-12 2.12E-12 1.76E-12 1.41E-12 1.24E-12
 1.75E-18 3.21E-16 1.90E-14 3.54E-13 1.33E-12 2.49E-12 2.72E-12 2.66E-12
 2.56E-12 2.38E-12 2.12E-12 1.76E-12 1.41E-12 1.24E-12
 1.75E-18 3.21E-16 1.90E-14 3.54E-13 1.33E-12 2.49E-12 2.72E-12 2.66E-12
 2.56E-12 2.38E-12 2.12E-12 1.75E-12 1.41E-12 1.24E-12
 1.75E-18 3.21E-16 1.90E-14 3.53E-13 1.33E-12 2.48E-12 2.70E-12 2.64E-12
 2.55E-12 2.37E-12 2.11E-12 1.75E-12 1.41E-12 1.23E-12
 1.75E-18 3.21E-16 1.89E-14 3.47E-13 1.28E-12 2.35E-12 2.54E-12 2.48E-12
 2.39E-12 2.23E-12 1.99E-12 1.66E-12 1.35E-12 1.18E-12
 1.74E-18 3.17E-16 1.81E-14 3.03E-13 1.03E-12 1.77E-12 1.88E-12 1.82E-12
 1.76E-12 1.64E-12 1.48E-12 1.25E-12 1.04E-12 9.27E-13
 1.74E-18 2.97E-16 1.54E-14 2.47E-13 9.05E-13 1.69E-12 1.85E-12 1.80E-12
 1.73E-12 1.60E-12 1.41E-12 1.15E-12 9.11E-13 7.89E-13
  21.1520    7  14 /pl=01:ss=49:pb= 1:sz=49/type=excit/ispb = t/isel =   19
 1.00E+10 1.00E+11 1.00E+12 1.00E+13 1.00E+14 1.00E+15 1.00E+16
 4.31E+01 6.46E+01 1.08E+02 2.15E+02 4.31E+02 1.08E+03 2.15E+03 3.23E+03
 4.31E+03 6.46E+03 1.08E+04 2.15E+04 4.31E+04 6.46E+04
 2.26E-17 2.10E-15 7.19E-14 8.84E-13 2.68E-12 4.37E-12 4.57E-12 4.42E-12
 4.25E-12 3.95E-12 3.53E-12 2.95E-12 2.42E-12 2.13E-12
 2.26E-17 2.10E-15 7.19E-14 8.84E-13 2.68E-12 4.37E-12 4.57E-12 4.42E-12
 4.25E-12 3.95E-12 3.53E-12 2.95E-12 2.42E-12 2.13E-12
 2.26E-17 2.10E-15 7.19E-14 8.84E-13 2.68E-12 4.37E-12 4.57E-12 4.42E-12
 4.25E-12 3.95E-12 3.53E-12 2.95E-12 2.42E-12 2.13E-12
 2.26E-17 2.10E-15 7.19E-14 8.84E-13 2.68E-12 4.36E-12 4.56E-12 4.41E-12
 4.24E-12 3.94E-12 3.52E-12 2.94E-12 2.41E-12 2.13E-12
 2.27E-17 2.10E-15 7.19E-14 8.81E-13 2.65E-12 4.28E-12 4.47E-12 4.31E-12
 4.14E-12 3.85E-12 3.44E-12 2.88E-12 2.37E-12 2.09E-12
 2.31E-17 2.13E-15 7.22E-14 8.58E-13 2.49E-12 3.91E-12 4.03E-12 3.88E-12
 3.72E-12 3.45E-12 3.09E-12 2.59E-12 2.14E-12 1.90E-12
 2.58E-17 2.27E-15 7.31E-14 8.03E-13 2.23E-12 3.41E-12 3.47E-12 3.33E-12
 3.18E-12 2.94E-12 2.62E-12 2.19E-12 1.80E-12 1.59E-12
  22.2059    7  14 /pl=01:ss=49:pb= 1:sz=49/type=excit/ispb = t/isel =   20
 1.00E+10 1.00E+11 1.00E+12 1.00E+13 1.00E+14 1.00E+15 1.00E+16
 4.31E+01 6.46E+01 1.08E+02 2.15E+02 4.31E+02 1.08E+03 2.15E+03 3.23E+03
 4.31E+03 6.46E+03 1.08E+04 2.15E+04 4.31E+04 6.46E+04
 2.02E-17 1.88E-15 6.42E-14 7.89E-13 2.40E-12 3.90E-12 4.08E-12 3.95E-12
 3.79E-12 3.53E-12 3.15E-12 2.63E-12 2.16E-12 1.90E-12
 2.02E-17 1.88E-15 6.42E-14 7.89E-13 2.40E-12 3.90E-12 4.08E-12 3.95E-12
 3.79E-12 3.53E-12 3.15E-12 2.63E-12 2.16E-12 1.90E-12
 2.02E-17 1.88E-15 6.42E-14 7.89E-13 2.40E-12 3.90E-12 4.08E-12 3.95E-12
 3.79E-12 3.53E-12 3.15E-12 2.63E-12 2.16E-12 1.90E-12
 2.02E-17 1.88E-15 6.42E-14 7.89E-13 2.39E-12 3.89E-12 4.07E-12 3.94E-12
 3.78E-12 3.52E-12 3.14E-12 2.62E-12 2.15E-12 1.90E-12
 2.03E-17 1.88E-15 6.42E-14 7.86E-13 2.37E-12 3.82E-12 3.99E-12 3.85E-12
 3.70E-12 3.44E-12 3.08E-12 2.57E-12 2.12E-12 1.87E-12
 2.06E-17 1.90E-15 6.44E-14 7.66E-13 2.22E-12 3.49E-12 3.60E-12 3.46E-12
 3.32E-12 3.08E-12 2.76E-12 2.31E-12 1.91E-12 1.69E-12
 2.30E-17 2.03E-15 6.52E-14 7.17E-13 1.99E-12 3.04E-12 3.10E-12 2.97E-12
 2.84E-12 2.63E-12 2.34E-12 1.96E-12 1.61E-12 1.42E-12
  22.9721    7  14 /pl=01:ss=49:pb= 1:sz=49/type=excit/ispb = t/isel =   21
 1.00E+10 1.00E+11 1.00E+12 1.00E+13 1.00E+14 1.00E+15 1.00E+16
 4.31E+01 6.46E+01 1.08E+02 2.15E+02 4.31E+02 1.08E+03 2.15E+03 3.23E+03
 4.31E+03 6.46E+03 1.08E+04 2.15E+04 4.31E+04 6.46E+04
 1.12E-17 1.04E-15 3.56E-14 4.38E-13 1.33E-12 2.17E-12 2.27E-12 2.19E-12
 2.11E-12 1.96E-12 1.75E-12 1.46E-12 1.20E-12 1.06E-12
 1.12E-17 1.04E-15 3.56E-14 4.38E-13 1.33E-12 2.17E-12 2.27E-12 2.19E-12
 2.11E-12 1.96E-12 1.75E-12 1.46E-12 1.20E-12 1.06E-12
 1.12E-17 1.04E-15 3.56E-14 4.38E-13 1.33E-12 2.16E-12 2.27E-12 2.19E-12
 2.11E-12 1.96E-12 1.75E-12 1.46E-12 1.20E-12 1.06E-12
 1.12E-17 1.04E-15 3.56E-14 4.38E-13 1.33E-12 2.16E-12 2.26E-12 2.19E-12
 2.10E-12 1.95E-12 1.74E-12 1.46E-12 1.20E-12 1.05E-12
 1.12E-17 1.04E-15 3.56E-14 4.36E-13 1.31E-12 2.12E-12 2.21E-12 2.14E-12
 2.05E-12 1.91E-12 1.71E-12 1.43E-12 1.17E-12 1.04E-12
 1.14E-17 1.05E-15 3.58E-14 4.25E-13 1.23E-12 1.94E-12 2.00E-12 1.92E-12
 1.84E-12 1.71E-12 1.53E-12 1.28E-12 1.06E-12 9.40E-13
 1.28E-17 1.13E-15 3.62E-14 3.98E-13 1.10E-12 1.69E-12 1.72E-12 1.65E-12
 1.58E-12 1.46E-12 1.30E-12 1.09E-12 8.92E-13 7.90E-13
  25.0655    7  14 /pl=01:ss=49:pb= 1:sz=49/type=excit/ispb = t/isel =   22
 1.00E+10 1.00E+11 1.00E+12 1.00E+13 1.00E+14 1.00E+15 1.00E+16
 4.31E+01 6.46E+01 1.08E+02 2.15E+02 4.31E+02 1.08E+03 2.15E+03 3.23E+03
 4.31E+03 6.46E+03 1.08E+04 2.15E+04 4.31E+04 6.46E+04
 2.00E-16 7.50E-15 1.25E-13 9.05E-13 2.14E-12 3.03E-12 3.03E-12 2.87E-12
 2.72E-12 2.49E-12 2.18E-12 1.78E-12 1.43E-12 1.24E-12
 2.00E-16 7.50E-15 1.25E-13 9.05E-13 2.14E-12 3.03E-12 3.03E-12 2.87E-12
 2.72E-12 2.49E-12 2.18E-12 1.78E-12 1.43E-12 1.24E-12
 2.00E-16 7.50E-15 1.25E-13 9.05E-13 2.14E-12 3.03E-12 3.02E-12 2.87E-12
 2.72E-12 2.49E-12 2.18E-12 1.78E-12 1.43E-12 1.24E-12
 1.99E-16 7.50E-15 1.25E-13 9.02E-13 2.12E-12 3.00E-12 2.99E-12 2.84E-12
 2.69E-12 2.46E-12 2.16E-12 1.77E-12 1.42E-12 1.24E-12
 1.99E-16 7.47E-15 1.24E-13 8.76E-13 2.00E-12 2.76E-12 2.72E-12 2.57E-12
 2.44E-12 2.24E-12 1.97E-12 1.63E-12 1.32E-12 1.16E-12
 1.95E-16 7.22E-15 1.14E-13 6.83E-13 1.33E-12 1.62E-12 1.52E-12 1.43E-12
 1.36E-12 1.26E-12 1.13E-12 9.70E-13 8.25E-13 7.46E-13
 1.66E-16 5.60E-15 6.95E-14 2.97E-13 5.72E-13 7.65E-13 7.51E-13 7.08E-13
 6.70E-13 6.11E-13 5.35E-13 4.40E-13 3.58E-13 3.17E-13
  26.9081    7  14 /pl=01:ss=49:pb= 1:sz=49/type=excit/ispb = t/isel =   23
 1.00E+10 1.00E+11 1.00E+12 1.00E+13 1.00E+14 1.00E+15 1.00E+16
 4.31E+01 6.46E+01 1.08E+02 2.15E+02 4.31E+02 1.08E+03 2.15E+03 3.23E+03
 4.31E+03 6.46E+03 1.08E+04 2.15E+04 4.31E+04 6.46E+04
 1.73E-15 5.02E-14 6.80E-13 4.18E-12 9.03E-12 1.21E-11 1.18E-11 1.11E-11
 1.05E-11 9.57E-12 8.42E-12 6.86E-12 5.49E-12 4.80E-12
 1.73E-15 5.02E-14 6.80E-13 4.18E-12 9.03E-12 1.21E-11 1.18E-11 1.11E-11
 1.05E-11 9.57E-12 8.42E-12 6.86E-12 5.49E-12 4.80E-12
 1.73E-15 5.02E-14 6.80E-13 4.18E-12 9.02E-12 1.20E-11 1.18E-11 1.11E-11
 1.05E-11 9.56E-12 8.41E-12 6.85E-12 5.49E-12 4.80E-12
 1.73E-15 5.02E-14 6.80E-13 4.17E-12 8.97E-12 1.19E-11 1.17E-11 1.10E-11
 1.04E-11 9.47E-12 8.33E-12 6.80E-12 5.45E-12 4.77E-12
 1.73E-15 5.01E-14 6.74E-13 4.05E-12 8.49E-12 1.10E-11 1.06E-11 1.00E-11
 9.46E-12 8.63E-12 7.64E-12 6.29E-12 5.10E-12 4.49E-12
 1.70E-15 4.85E-14 6.24E-13 3.20E-12 5.71E-12 6.52E-12 6.01E-12 5.61E-12
 5.31E-12 4.89E-12 4.42E-12 3.79E-12 3.22E-12 2.92E-12
 1.45E-15 3.81E-14 3.88E-13 1.36E-12 2.09E-12 2.30E-12 2.11E-12 1.96E-12
 1.85E-12 1.70E-12 1.53E-12 1.31E-12 1.11E-12 1.02E-12
  28.4594    7  14 /pl=01:ss=49:pb= 1:sz=49/type=excit/ispb = t/isel =   24
 1.00E+10 1.00E+11 1.00E+12 1.00E+13 1.00E+14 1.00E+15 1.00E+16
 4.31E+01 6.46E+01 1.08E+02 2.15E+02 4.31E+02 1.08E+03 2.15E+03 3.23E+03
 4.31E+03 6.46E+03 1.08E+04 2.15E+04 4.31E+04 6.46E+04
 1.08E-15 3.12E-14 4.22E-13 2.60E-12 5.61E-12 7.49E-12 7.32E-12 6.90E-12
 6.53E-12 5.94E-12 5.23E-12 4.26E-12 3.41E-12 2.98E-12
 1.08E-15 3.12E-14 4.22E-13 2.60E-12 5.61E-12 7.49E-12 7.32E-12 6.90E-12
 6.53E-12 5.94E-12 5.23E-12 4.26E-12 3.41E-12 2.98E-12
 1.08E-15 3.12E-14 4.22E-13 2.59E-12 5.60E-12 7.48E-12 7.32E-12 6.90E-12
 6.52E-12 5.94E-12 5.22E-12 4.25E-12 3.41E-12 2.98E-12
 1.08E-15 3.12E-14 4.22E-13 2.59E-12 5.57E-12 7.41E-12 7.24E-12 6.83E-12
 6.46E-12 5.88E-12 5.17E-12 4.22E-12 3.38E-12 2.96E-12
 1.07E-15 3.11E-14 4.18E-13 2.51E-12 5.27E-12 6.83E-12 6.60E-12 6.21E-12
 5.87E-12 5.36E-12 4.74E-12 3.91E-12 3.17E-12 2.79E-12
 1.05E-15 3.01E-14 3.87E-13 1.99E-12 3.55E-12 4.05E-12 3.73E-12 3.48E-12
 3.30E-12 3.04E-12 2.74E-12 2.35E-12 2.00E-12 1.82E-12
 9.03E-16 2.37E-14 2.41E-13 8.43E-13 1.30E-12 1.43E-12 1.31E-12 1.22E-12
 1.15E-12 1.06E-12 9.47E-13 8.10E-13 6.92E-13 6.32E-13
  28.6471    7  14 /pl=01:ss=49:pb= 1:sz=49/type=excit/ispb = t/isel =   25
 1.00E+10 1.00E+11 1.00E+12 1.00E+13 1.00E+14 1.00E+15 1.00E+16
 4.31E+01 6.46E+01 1.08E+02 2.15E+02 4.31E+02 1.08E+03 2.15E+03 3.23E+03
 4.31E+03 6.46E+03 1.08E+04 2.15E+04 4.31E+04 6.46E+04
 1.87E-15 4.35E-14 4.96E-13 2.69E-12 5.46E-12 7.03E-12 6.82E-12 6.42E-12
 6.05E-12 5.51E-12 4.81E-12 3.91E-12 3.14E-12 2.74E-12
 1.87E-15 4.35E-14 4.96E-13 2.69E-12 5.46E-12 7.03E-12 6.82E-12 6.42E-12
 6.04E-12 5.51E-12 4.81E-12 3.91E-12 3.14E-12 2.74E-12
 1.87E-15 4.35E-14 4.96E-13 2.69E-12 5.46E-12 7.03E-12 6.81E-12 6.41E-12
 6.04E-12 5.51E-12 4.80E-12 3.91E-12 3.14E-12 2.74E-12
 1.87E-15 4.35E-14 4.95E-13 2.68E-12 5.44E-12 6.98E-12 6.76E-12 6.36E-12
 5.99E-12 5.46E-12 4.77E-12 3.88E-12 3.12E-12 2.72E-12
 1.87E-15 4.34E-14 4.92E-13 2.63E-12 5.20E-12 6.54E-12 6.27E-12 5.89E-12
 5.55E-12 5.07E-12 4.44E-12 3.65E-12 2.95E-12 2.59E-12
 1.85E-15 4.25E-14 4.66E-13 2.20E-12 3.88E-12 4.45E-12 4.11E-12 3.83E-12
 3.61E-12 3.31E-12 2.94E-12 2.48E-12 2.07E-12 1.86E-12
 1.72E-15 3.68E-14 3.45E-13 1.34E-12 2.28E-12 2.65E-12 2.44E-12 2.26E-12
 2.12E-12 1.92E-12 1.68E-12 1.38E-12 1.12E-12 9.96E-13
  29.1890    7  14 /pl=01:ss=49:pb= 1:sz=49/type=excit/ispb = t/isel =   26
 1.00E+10 1.00E+11 1.00E+12 1.00E+13 1.00E+14 1.00E+15 1.00E+16
 4.31E+01 6.46E+01 1.08E+02 2.15E+02 4.31E+02 1.08E+03 2.15E+03 3.23E+03
 4.31E+03 6.46E+03 1.08E+04 2.15E+04 4.31E+04 6.46E+04
 3.18E-15 6.94E-14 7.51E-13 3.92E-12 7.84E-12 1.00E-11 9.71E-12 9.11E-12
 8.58E-12 7.83E-12 6.82E-12 5.55E-12 4.42E-12 3.86E-12
 3.18E-15 6.94E-14 7.51E-13 3.92E-12 7.84E-12 1.00E-11 9.71E-12 9.10E-12
 8.57E-12 7.83E-12 6.82E-12 5.55E-12 4.42E-12 3.86E-12
 3.18E-15 6.94E-14 7.51E-13 3.92E-12 7.84E-12 1.00E-11 9.70E-12 9.10E-12
 8.57E-12 7.82E-12 6.81E-12 5.54E-12 4.42E-12 3.86E-12
 3.18E-15 6.94E-14 7.51E-13 3.91E-12 7.80E-12 9.96E-12 9.62E-12 9.02E-12
 8.49E-12 7.76E-12 6.76E-12 5.50E-12 4.39E-12 3.84E-12
 3.17E-15 6.92E-14 7.46E-13 3.82E-12 7.45E-12 9.30E-12 8.89E-12 8.32E-12
 7.84E-12 7.17E-12 6.28E-12 5.16E-12 4.15E-12 3.64E-12
 3.15E-15 6.79E-14 7.04E-13 3.17E-12 5.42E-12 6.12E-12 5.64E-12 5.24E-12
 4.95E-12 4.55E-12 4.05E-12 3.42E-12 2.86E-12 2.57E-12
 2.92E-15 5.79E-14 4.97E-13 1.69E-12 2.64E-12 2.92E-12 2.69E-12 2.49E-12
 2.35E-12 2.15E-12 1.90E-12 1.59E-12 1.33E-12 1.19E-12
  29.5226    7  14 /pl=01:ss=49:pb= 1:sz=49/type=excit/ispb = t/isel =   27
 1.00E+10 1.00E+11 1.00E+12 1.00E+13 1.00E+14 1.00E+15 1.00E+16
 4.31E+01 6.46E+01 1.08E+02 2.15E+02 4.31E+02 1.08E+03 2.15E+03 3.23E+03
 4.31E+03 6.46E+03 1.08E+04 2.15E+04 4.31E+04 6.46E+04
 1.08E-15 4.06E-14 6.78E-13 4.90E-12 1.16E-11 1.64E-11 1.64E-11 1.55E-11
 1.47E-11 1.35E-11 1.18E-11 9.64E-12 7.72E-12 6.73E-12
 1.08E-15 4.06E-14 6.78E-13 4.90E-12 1.16E-11 1.64E-11 1.64E-11 1.55E-11
 1.47E-11 1.35E-11 1.18E-11 9.64E-12 7.72E-12 6.73E-12
 1.08E-15 4.06E-14 6.78E-13 4.89E-12 1.15E-11 1.64E-11 1.63E-11 1.55E-11
 1.47E-11 1.35E-11 1.18E-11 9.63E-12 7.72E-12 6.73E-12
 1.08E-15 4.06E-14 6.77E-13 4.88E-12 1.15E-11 1.62E-11 1.62E-11 1.53E-11
 1.46E-11 1.33E-11 1.17E-11 9.55E-12 7.66E-12 6.68E-12
 1.08E-15 4.04E-14 6.71E-13 4.73E-12 1.08E-11 1.49E-11 1.47E-11 1.39E-11
 1.32E-11 1.21E-11 1.07E-11 8.81E-12 7.15E-12 6.27E-12
 1.05E-15 3.91E-14 6.18E-13 3.69E-12 7.17E-12 8.75E-12 8.24E-12 7.74E-12
 7.36E-12 6.80E-12 6.12E-12 5.25E-12 4.46E-12 4.03E-12
 8.96E-16 3.03E-14 3.76E-13 1.61E-12 3.09E-12 4.14E-12 4.06E-12 3.83E-12
 3.62E-12 3.30E-12 2.90E-12 2.38E-12 1.94E-12 1.71E-12
  29.9639    7  14 /pl=01:ss=49:pb= 1:sz=49/type=excit/ispb = t/isel =   28
 1.00E+10 1.00E+11 1.00E+12 1.00E+13 1.00E+14 1.00E+15 1.00E+16
 4.31E+01 6.46E+01 1.08E+02 2.15E+02 4.31E+02 1.08E+03 2.15E+03 3.23E+03
 4.31E+03 6.46E+03 1.08E+04 2.15E+04 4.31E+04 6.46E+04
 1.51E-14 3.04E-13 3.08E-12 1.52E-11 2.95E-11 3.70E-11 3.54E-11 3.32E-11
 3.13E-11 2.84E-11 2.49E-11 2.03E-11 1.62E-11 1.42E-11
 1.51E-14 3.04E-13 3.08E-12 1.52E-11 2.95E-11 3.70E-11 3.54E-11 3.32E-11
 3.13E-11 2.84E-11 2.49E-11 2.03E-11 1.62E-11 1.42E-11
 1.51E-14 3.04E-13 3.08E-12 1.52E-11 2.95E-11 3.70E-11 3.54E-11 3.31E-11
 3.12E-11 2.84E-11 2.48E-11 2.02E-11 1.62E-11 1.41E-11
 1.51E-14 3.04E-13 3.08E-12 1.52E-11 2.93E-11 3.66E-11 3.50E-11 3.28E-11
 3.09E-11 2.81E-11 2.46E-11 2.01E-11 1.61E-11 1.41E-11
 1.51E-14 3.03E-13 3.05E-12 1.47E-11 2.76E-11 3.35E-11 3.16E-11 2.95E-11
 2.79E-11 2.54E-11 2.24E-11 1.84E-11 1.49E-11 1.32E-11
 1.48E-14 2.93E-13 2.80E-12 1.13E-11 1.78E-11 1.88E-11 1.68E-11 1.55E-11
 1.47E-11 1.35E-11 1.22E-11 1.05E-11 8.99E-12 8.19E-12
 1.23E-14 2.23E-13 1.64E-12 4.37E-12 6.13E-12 6.51E-12 5.86E-12 5.40E-12
 5.07E-12 4.62E-12 4.09E-12 3.45E-12 2.90E-12 2.64E-12
  30.4120    7  14 /pl=01:ss=49:pb= 1:sz=49/type=excit/ispb = t/isel =   29
 1.00E+10 1.00E+11 1.00E+12 1.00E+13 1.00E+14 1.00E+15 1.00E+16
 4.31E+01 6.46E+01 1.08E+02 2.15E+02 4.31E+02 1.08E+03 2.15E+03 3.23E+03
 4.31E+03 6.46E+03 1.08E+04 2.15E+04 4.31E+04 6.46E+04
 2.07E-15 4.82E-14 5.49E-13 2.98E-12 6.05E-12 7.78E-12 7.55E-12 7.10E-12
 6.69E-12 6.10E-12 5.32E-12 4.33E-12 3.47E-12 3.03E-12
 2.07E-15 4.82E-14 5.49E-13 2.98E-12 6.05E-12 7.78E-12 7.55E-12 7.10E-12
 6.69E-12 6.10E-12 5.32E-12 4.33E-12 3.47E-12 3.03E-12
 2.07E-15 4.82E-14 5.49E-13 2.98E-12 6.05E-12 7.78E-12 7.54E-12 7.09E-12
 6.68E-12 6.09E-12 5.32E-12 4.33E-12 3.47E-12 3.03E-12
 2.07E-15 4.82E-14 5.48E-13 2.97E-12 6.02E-12 7.72E-12 7.48E-12 7.04E-12
 6.63E-12 6.05E-12 5.28E-12 4.30E-12 3.45E-12 3.01E-12
 2.07E-15 4.80E-14 5.45E-13 2.91E-12 5.76E-12 7.24E-12 6.94E-12 6.51E-12
 6.14E-12 5.61E-12 4.92E-12 4.04E-12 3.27E-12 2.87E-12
 2.05E-15 4.71E-14 5.16E-13 2.44E-12 4.29E-12 4.92E-12 4.55E-12 4.24E-12
 4.00E-12 3.67E-12 3.25E-12 2.74E-12 2.29E-12 2.05E-12
 1.90E-15 4.07E-14 3.82E-13 1.48E-12 2.53E-12 2.93E-12 2.70E-12 2.50E-12
 2.34E-12 2.12E-12 1.86E-12 1.53E-12 1.24E-12 1.10E-12
  30.7329    7  14 /pl=01:ss=49:pb= 1:sz=49/type=excit/ispb = t/isel =   30
 1.00E+10 1.00E+11 1.00E+12 1.00E+13 1.00E+14 1.00E+15 1.00E+16
 4.31E+01 6.46E+01 1.08E+02 2.15E+02 4.31E+02 1.08E+03 2.15E+03 3.23E+03
 4.31E+03 6.46E+03 1.08E+04 2.15E+04 4.31E+04 6.46E+04
 7.02E-16 2.33E-14 3.50E-13 2.33E-12 5.30E-12 7.32E-12 7.26E-12 6.86E-12
 6.51E-12 5.96E-12 5.21E-12 4.26E-12 3.41E-12 2.97E-12
 7.02E-16 2.33E-14 3.50E-13 2.33E-12 5.30E-12 7.32E-12 7.26E-12 6.86E-12
 6.51E-12 5.96E-12 5.21E-12 4.26E-12 3.41E-12 2.97E-12
 7.02E-16 2.33E-14 3.50E-13 2.33E-12 5.29E-12 7.32E-12 7.25E-12 6.85E-12
 6.50E-12 5.95E-12 5.21E-12 4.25E-12 3.41E-12 2.97E-12
 7.02E-16 2.33E-14 3.50E-13 2.33E-12 5.26E-12 7.25E-12 7.18E-12 6.79E-12
 6.44E-12 5.89E-12 5.16E-12 4.22E-12 3.38E-12 2.95E-12
 7.01E-16 2.32E-14 3.47E-13 2.26E-12 4.99E-12 6.70E-12 6.56E-12 6.19E-12
 5.87E-12 5.39E-12 4.75E-12 3.91E-12 3.17E-12 2.78E-12
 6.88E-16 2.25E-14 3.21E-13 1.80E-12 3.44E-12 4.21E-12 3.99E-12 3.75E-12
 3.56E-12 3.28E-12 2.93E-12 2.49E-12 2.09E-12 1.88E-12
 6.03E-16 1.81E-14 2.13E-13 1.02E-12 2.27E-12 3.31E-12 3.35E-12 3.18E-12
 3.01E-12 2.73E-12 2.36E-12 1.88E-12 1.47E-12 1.27E-12
  31.0233    7  14 /pl=01:ss=49:pb= 1:sz=49/type=excit/ispb = t/isel =   31
 1.00E+10 1.00E+11 1.00E+12 1.00E+13 1.00E+14 1.00E+15 1.00E+16
 4.31E+01 6.46E+01 1.08E+02 2.15E+02 4.31E+02 1.08E+03 2.15E+03 3.23E+03
 4.31E+03 6.46E+03 1.08E+04 2.15E+04 4.31E+04 6.46E+04
 2.38E-15 5.19E-14 5.62E-13 2.93E-12 5.87E-12 7.51E-12 7.26E-12 6.81E-12
 6.41E-12 5.85E-12 5.10E-12 4.15E-12 3.31E-12 2.89E-12
 2.38E-15 5.19E-14 5.62E-13 2.93E-12 5.87E-12 7.51E-12 7.26E-12 6.81E-12
 6.41E-12 5.85E-12 5.10E-12 4.15E-12 3.31E-12 2.89E-12
 2.38E-15 5.19E-14 5.62E-13 2.93E-12 5.86E-12 7.50E-12 7.25E-12 6.80E-12
 6.41E-12 5.85E-12 5.10E-12 4.14E-12 3.31E-12 2.88E-12
 2.38E-15 5.19E-14 5.61E-13 2.92E-12 5.83E-12 7.45E-12 7.19E-12 6.74E-12
 6.35E-12 5.80E-12 5.06E-12 4.12E-12 3.29E-12 2.87E-12
 2.37E-15 5.18E-14 5.58E-13 2.86E-12 5.57E-12 6.95E-12 6.65E-12 6.23E-12
 5.87E-12 5.37E-12 4.70E-12 3.86E-12 3.11E-12 2.72E-12
 2.35E-15 5.07E-14 5.27E-13 2.37E-12 4.06E-12 4.58E-12 4.22E-12 3.92E-12
 3.70E-12 3.40E-12 3.03E-12 2.56E-12 2.14E-12 1.92E-12
 2.18E-15 4.33E-14 3.72E-13 1.26E-12 1.98E-12 2.19E-12 2.01E-12 1.86E-12
 1.76E-12 1.61E-12 1.42E-12 1.19E-12 9.92E-13 8.92E-13
  33.3443    7  14 /pl=01:ss=49:pb= 1:sz=49/type=excit/ispb = t/isel =   32
 1.00E+10 1.00E+11 1.00E+12 1.00E+13 1.00E+14 1.00E+15 1.00E+16
 4.31E+01 6.46E+01 1.08E+02 2.15E+02 4.31E+02 1.08E+03 2.15E+03 3.23E+03
 4.31E+03 6.46E+03 1.08E+04 2.15E+04 4.31E+04 6.46E+04
 4.82E-15 1.05E-13 1.14E-12 5.95E-12 1.19E-11 1.52E-11 1.47E-11 1.38E-11
 1.30E-11 1.19E-11 1.03E-11 8.41E-12 6.71E-12 5.85E-12
 4.82E-15 1.05E-13 1.14E-12 5.95E-12 1.19E-11 1.52E-11 1.47E-11 1.38E-11
 1.30E-11 1.19E-11 1.03E-11 8.41E-12 6.71E-12 5.85E-12
 4.82E-15 1.05E-13 1.14E-12 5.94E-12 1.19E-11 1.52E-11 1.47E-11 1.38E-11
 1.30E-11 1.19E-11 1.03E-11 8.41E-12 6.70E-12 5.85E-12
 4.82E-15 1.05E-13 1.14E-12 5.93E-12 1.18E-11 1.51E-11 1.46E-11 1.37E-11
 1.29E-11 1.18E-11 1.03E-11 8.35E-12 6.66E-12 5.82E-12
 4.82E-15 1.05E-13 1.13E-12 5.79E-12 1.13E-11 1.41E-11 1.35E-11 1.26E-11
 1.19E-11 1.09E-11 9.53E-12 7.82E-12 6.30E-12 5.53E-12
 4.78E-15 1.03E-13 1.07E-12 4.81E-12 8.22E-12 9.28E-12 8.56E-12 7.95E-12
 7.50E-12 6.90E-12 6.14E-12 5.19E-12 4.34E-12 3.90E-12
 4.43E-15 8.79E-14 7.53E-13 2.56E-12 4.01E-12 4.43E-12 4.08E-12 3.78E-12
 3.56E-12 3.26E-12 2.88E-12 2.42E-12 2.01E-12 1.81E-12
  33.4394    7  14 /pl=01:ss=49:pb= 1:sz=49/type=excit/ispb = t/isel =   33
 1.00E+10 1.00E+11 1.00E+12 1.00E+13 1.00E+14 1.00E+15 1.00E+16
 4.31E+01 6.46E+01 1.08E+02 2.15E+02 4.31E+02 1.08E+03 2.15E+03 3.23E+03
 4.31E+03 6.46E+03 1.08E+04 2.15E+04 4.31E+04 6.46E+04
 5.00E-15 1.16E-13 1.32E-12 7.18E-12 1.46E-11 1.88E-11 1.82E-11 1.71E-11
 1.61E-11 1.47E-11 1.28E-11 1.04E-11 8.37E-12 7.30E-12
 5.00E-15 1.16E-13 1.32E-12 7.18E-12 1.46E-11 1.88E-11 1.82E-11 1.71E-11
 1.61E-11 1.47E-11 1.28E-11 1.04E-11 8.37E-12 7.30E-12
 5.00E-15 1.16E-13 1.32E-12 7.18E-12 1.46E-11 1.88E-11 1.82E-11 1.71E-11
 1.61E-11 1.47E-11 1.28E-11 1.04E-11 8.37E-12 7.30E-12
 5.00E-15 1.16E-13 1.32E-12 7.16E-12 1.45E-11 1.86E-11 1.80E-11 1.70E-11
 1.60E-11 1.46E-11 1.27E-11 1.04E-11 8.32E-12 7.26E-12
 4.99E-15 1.16E-13 1.31E-12 7.01E-12 1.39E-11 1.74E-11 1.67E-11 1.57E-11
 1.48E-11 1.35E-11 1.18E-11 9.73E-12 7.88E-12 6.91E-12
 4.94E-15 1.13E-13 1.24E-12 5.88E-12 1.03E-11 1.19E-11 1.10E-11 1.02E-11
 9.63E-12 8.84E-12 7.85E-12 6.61E-12 5.52E-12 4.95E-12
 4.58E-15 9.82E-14 9.20E-13 3.57E-12 6.09E-12 7.06E-12 6.51E-12 6.03E-12
 5.65E-12 5.12E-12 4.47E-12 3.68E-12 3.00E-12 2.66E-12
  35.2474    7  14 /pl=01:ss=49:pb= 1:sz=49/type=excit/ispb = t/isel =   34
 1.00E+10 1.00E+11 1.00E+12 1.00E+13 1.00E+14 1.00E+15 1.00E+16
 4.31E+01 6.46E+01 1.08E+02 2.15E+02 4.31E+02 1.08E+03 2.15E+03 3.23E+03
 4.31E+03 6.46E+03 1.08E+04 2.15E+04 4.31E+04 6.46E+04
 1.58E-14 3.19E-13 3.23E-12 1.59E-11 3.09E-11 3.88E-11 3.71E-11 3.47E-11
 3.28E-11 2.98E-11 2.60E-11 2.12E-11 1.70E-11 1.48E-11
 1.58E-14 3.19E-13 3.23E-12 1.59E-11 3.09E-11 3.88E-11 3.71E-11 3.47E-11
 3.28E-11 2.98E-11 2.60E-11 2.12E-11 1.70E-11 1.48E-11
 1.58E-14 3.19E-13 3.23E-12 1.59E-11 3.09E-11 3.87E-11 3.70E-11 3.47E-11
 3.27E-11 2.97E-11 2.60E-11 2.12E-11 1.70E-11 1.48E-11
 1.58E-14 3.19E-13 3.22E-12 1.59E-11 3.07E-11 3.84E-11 3.66E-11 3.43E-11
 3.24E-11 2.94E-11 2.58E-11 2.10E-11 1.68E-11 1.47E-11
 1.58E-14 3.18E-13 3.19E-12 1.54E-11 2.89E-11 3.51E-11 3.31E-11 3.09E-11
 2.92E-11 2.66E-11 2.34E-11 1.93E-11 1.57E-11 1.38E-11
 1.55E-14 3.07E-13 2.93E-12 1.19E-11 1.87E-11 1.97E-11 1.76E-11 1.63E-11
 1.54E-11 1.42E-11 1.28E-11 1.10E-11 9.42E-12 8.58E-12
 1.29E-14 2.33E-13 1.72E-12 4.57E-12 6.42E-12 6.82E-12 6.14E-12 5.65E-12
 5.31E-12 4.84E-12 4.28E-12 3.61E-12 3.04E-12 2.76E-12
  39.2042    7  14 /pl=01:ss=49:pb= 1:sz=49/type=excit/ispb = t/isel =   35
 1.00E+10 1.00E+11 1.00E+12 1.00E+13 1.00E+14 1.00E+15 1.00E+16
 4.31E+01 6.46E+01 1.08E+02 2.15E+02 4.31E+02 1.08E+03 2.15E+03 3.23E+03
 4.31E+03 6.46E+03 1.08E+04 2.15E+04 4.31E+04 6.46E+04
 1.91E-15 4.17E-14 4.51E-13 2.36E-12 4.71E-12 6.03E-12 5.83E-12 5.47E-12
 5.15E-12 4.70E-12 4.10E-12 3.33E-12 2.66E-12 2.32E-12
 1.91E-15 4.17E-14 4.51E-13 2.35E-12 4.71E-12 6.03E-12 5.83E-12 5.47E-12
 5.15E-12 4.70E-12 4.10E-12 3.33E-12 2.66E-12 2.32E-12
 1.91E-15 4.17E-14 4.51E-13 2.35E-12 4.71E-12 6.03E-12 5.83E-12 5.47E-12
 5.15E-12 4.70E-12 4.09E-12 3.33E-12 2.66E-12 2.32E-12
 1.91E-15 4.17E-14 4.51E-13 2.35E-12 4.69E-12 5.98E-12 5.78E-12 5.42E-12
 5.10E-12 4.66E-12 4.06E-12 3.31E-12 2.64E-12 2.30E-12
 1.91E-15 4.16E-14 4.48E-13 2.30E-12 4.48E-12 5.59E-12 5.34E-12 5.00E-12
 4.71E-12 4.31E-12 3.77E-12 3.10E-12 2.50E-12 2.19E-12
 1.89E-15 4.08E-14 4.23E-13 1.90E-12 3.26E-12 3.68E-12 3.39E-12 3.15E-12
 2.97E-12 2.73E-12 2.43E-12 2.06E-12 1.72E-12 1.54E-12
 1.75E-15 3.48E-14 2.98E-13 1.02E-12 1.59E-12 1.76E-12 1.62E-12 1.50E-12
 1.41E-12 1.29E-12 1.14E-12 9.57E-13 7.97E-13 7.17E-13
  74.4048    7  14 /pl=01:ss=49:pb= 1:sz=49/type=excit/ispb = t/isel =   36
 1.00E+10 1.00E+11 1.00E+12 1.00E+13 1.00E+14 1.00E+15 1.00E+16
 4.31E+01 6.46E+01 1.08E+02 2.15E+02 4.31E+02 1.08E+03 2.15E+03 3.23E+03
 4.31E+03 6.46E+03 1.08E+04 2.15E+04 4.31E+04 6.46E+04
 7.32E-33 9.71E-26 4.42E-20 6.64E-16 6.88E-14 8.81E-13 1.73E-12 2.02E-12
 2.10E-12 2.09E-12 1.92E-12 1.55E-12 1.20E-12 1.01E-12
 7.32E-33 9.71E-26 4.42E-20 6.64E-16 6.88E-14 8.81E-13 1.73E-12 2.02E-12
 2.10E-12 2.09E-12 1.92E-12 1.55E-12 1.20E-12 1.01E-12
 7.32E-33 9.71E-26 4.42E-20 6.64E-16 6.88E-14 8.80E-13 1.73E-12 2.02E-12
 2.10E-12 2.08E-12 1.91E-12 1.55E-12 1.20E-12 1.01E-12
 7.31E-33 9.71E-26 4.42E-20 6.62E-16 6.83E-14 8.71E-13 1.71E-12 1.99E-12
 2.08E-12 2.06E-12 1.89E-12 1.53E-12 1.19E-12 9.99E-13
 7.30E-33 9.67E-26 4.38E-20 6.41E-16 6.42E-14 7.95E-13 1.54E-12 1.79E-12
 1.87E-12 1.86E-12 1.72E-12 1.41E-12 1.11E-12 9.34E-13
 7.13E-33 9.32E-26 4.00E-20 4.90E-16 4.07E-14 4.34E-13 7.95E-13 9.15E-13
 9.56E-13 9.62E-13 9.13E-13 7.86E-13 6.54E-13 5.73E-13
 5.89E-33 6.98E-26 2.27E-20 1.68E-16 1.13E-14 1.13E-13 2.06E-13 2.36E-13
 2.46E-13 2.47E-13 2.35E-13 2.03E-13 1.72E-13 1.53E-13
  166.027    7  14 /pl=01:ss=49:pb= 1:sz=49/type=excit/ispb = t/isel =   37
 1.00E+10 1.00E+11 1.00E+12 1.00E+13 1.00E+14 1.00E+15 1.00E+16
 4.31E+01 6.46E+01 1.08E+02 2.15E+02 4.31E+02 1.08E+03 2.15E+03 3.23E+03
 4.31E+03 6.46E+03 1.08E+04 2.15E+04 4.31E+04 6.46E+04
 1.00E-13 2.12E-13 6.78E-13 2.97E-12 6.56E-12 1.06E-11 1.25E-11 1.29E-11
 1.29E-11 1.25E-11 1.18E-11 1.04E-11 8.95E-12 8.08E-12
 1.00E-13 2.12E-13 6.78E-13 2.97E-12 6.56E-12 1.06E-11 1.25E-11 1.29E-11
 1.29E-11 1.25E-11 1.18E-11 1.04E-11 8.95E-12 8.08E-12
 1.00E-13 2.12E-13 6.78E-13 2.97E-12 6.55E-12 1.06E-11 1.25E-11 1.29E-11
 1.28E-11 1.25E-11 1.18E-11 1.04E-11 8.95E-12 8.08E-12
 1.00E-13 2.12E-13 6.78E-13 2.97E-12 6.54E-12 1.06E-11 1.24E-11 1.28E-11
 1.28E-11 1.25E-11 1.17E-11 1.04E-11 8.93E-12 8.06E-12
 1.00E-13 2.12E-13 6.77E-13 2.93E-12 6.39E-12 1.02E-11 1.20E-11 1.24E-11
 1.24E-11 1.21E-11 1.14E-11 1.02E-11 8.76E-12 7.93E-12
 1.04E-13 2.17E-13 6.71E-13 2.67E-12 5.47E-12 8.52E-12 9.96E-12 1.03E-11
 1.03E-11 1.02E-11 9.68E-12 8.75E-12 7.67E-12 7.02E-12
 1.25E-13 2.43E-13 6.20E-13 1.89E-12 3.37E-12 4.68E-12 5.20E-12 5.32E-12
 5.34E-12 5.29E-12 5.14E-12 4.84E-12 4.46E-12 4.21E-12
  223.084    7  14 /pl=01:ss=49:pb= 1:sz=49/type=excit/ispb = t/isel =   38
 1.00E+10 1.00E+11 1.00E+12 1.00E+13 1.00E+14 1.00E+15 1.00E+16
 4.31E+01 6.46E+01 1.08E+02 2.15E+02 4.31E+02 1.08E+03 2.15E+03 3.23E+03
 4.31E+03 6.46E+03 1.08E+04 2.15E+04 4.31E+04 6.46E+04
 5.76E-14 1.41E-13 4.50E-13 1.71E-12 3.61E-12 6.10E-12 7.58E-12 8.00E-12
 8.10E-12 8.02E-12 7.67E-12 6.90E-12 6.00E-12 5.46E-12
 5.76E-14 1.41E-13 4.50E-13 1.71E-12 3.61E-12 6.10E-12 7.58E-12 8.00E-12
 8.10E-12 8.02E-12 7.67E-12 6.90E-12 6.00E-12 5.46E-12
 5.76E-14 1.41E-13 4.50E-13 1.71E-12 3.61E-12 6.10E-12 7.58E-12 8.00E-12
 8.10E-12 8.02E-12 7.67E-12 6.90E-12 6.00E-12 5.46E-12
 5.76E-14 1.41E-13 4.50E-13 1.71E-12 3.61E-12 6.10E-12 7.58E-12 7.99E-12
 8.09E-12 8.01E-12 7.65E-12 6.89E-12 5.99E-12 5.45E-12
 5.80E-14 1.42E-13 4.52E-13 1.71E-12 3.63E-12 6.12E-12 7.54E-12 7.93E-12
 8.01E-12 7.91E-12 7.54E-12 6.78E-12 5.90E-12 5.37E-12
 6.13E-14 1.49E-13 4.66E-13 1.74E-12 3.69E-12 6.02E-12 7.14E-12 7.38E-12
 7.40E-12 7.23E-12 6.84E-12 6.12E-12 5.33E-12 4.86E-12
 7.92E-14 1.78E-13 4.79E-13 1.51E-12 2.79E-12 3.92E-12 4.34E-12 4.42E-12
 4.42E-12 4.35E-12 4.18E-12 3.86E-12 3.48E-12 3.25E-12
  234.226    7  14 /pl=01:ss=49:pb= 1:sz=49/type=excit/ispb = t/isel =   39
 1.00E+10 1.00E+11 1.00E+12 1.00E+13 1.00E+14 1.00E+15 1.00E+16
 4.31E+01 6.46E+01 1.08E+02 2.15E+02 4.31E+02 1.08E+03 2.15E+03 3.23E+03
 4.31E+03 6.46E+03 1.08E+04 2.15E+04 4.31E+04 6.46E+04
 4.20E-13 6.88E-13 1.66E-12 5.58E-12 1.09E-11 1.65E-11 1.90E-11 1.95E-11
 1.94E-11 1.88E-11 1.76E-11 1.55E-11 1.32E-11 1.19E-11
 4.20E-13 6.88E-13 1.66E-12 5.58E-12 1.09E-11 1.65E-11 1.90E-11 1.95E-11
 1.94E-11 1.88E-11 1.76E-11 1.55E-11 1.32E-11 1.19E-11
 4.20E-13 6.88E-13 1.66E-12 5.58E-12 1.09E-11 1.65E-11 1.90E-11 1.94E-11
 1.93E-11 1.88E-11 1.76E-11 1.55E-11 1.32E-11 1.19E-11
 4.20E-13 6.88E-13 1.66E-12 5.55E-12 1.08E-11 1.63E-11 1.87E-11 1.92E-11
 1.91E-11 1.86E-11 1.74E-11 1.53E-11 1.31E-11 1.18E-11
 4.18E-13 6.83E-13 1.64E-12 5.34E-12 1.01E-11 1.47E-11 1.67E-11 1.71E-11
 1.70E-11 1.66E-11 1.56E-11 1.39E-11 1.21E-11 1.10E-11
 3.97E-13 6.37E-13 1.43E-12 3.80E-12 5.86E-12 7.29E-12 7.77E-12 7.86E-12
 7.85E-12 7.77E-12 7.57E-12 7.17E-12 6.67E-12 6.33E-12
 2.61E-13 3.77E-13 6.12E-13 8.96E-13 9.63E-13 9.58E-13 9.51E-13 9.51E-13
 9.53E-13 9.58E-13 9.66E-13 9.78E-13 9.92E-13 9.98E-13
  250.163    7  14 /pl=01:ss=49:pb= 1:sz=49/type=excit/ispb = t/isel =   40
 1.00E+10 1.00E+11 1.00E+12 1.00E+13 1.00E+14 1.00E+15 1.00E+16
 4.31E+01 6.46E+01 1.08E+02 2.15E+02 4.31E+02 1.08E+03 2.15E+03 3.23E+03
 4.31E+03 6.46E+03 1.08E+04 2.15E+04 4.31E+04 6.46E+04
 1.20E-13 2.53E-13 8.11E-13 3.55E-12 7.84E-12 1.27E-11 1.49E-11 1.54E-11
 1.54E-11 1.50E-11 1.41E-11 1.25E-11 1.07E-11 9.67E-12
 1.20E-13 2.53E-13 8.11E-13 3.55E-12 7.84E-12 1.27E-11 1.49E-11 1.54E-11
 1.54E-11 1.50E-11 1.41E-11 1.25E-11 1.07E-11 9.67E-12
 1.20E-13 2.53E-13 8.11E-13 3.55E-12 7.84E-12 1.27E-11 1.49E-11 1.54E-11
 1.54E-11 1.50E-11 1.41E-11 1.25E-11 1.07E-11 9.66E-12
 1.20E-13 2.53E-13 8.11E-13 3.55E-12 7.82E-12 1.26E-11 1.49E-11 1.53E-11
 1.53E-11 1.49E-11 1.40E-11 1.24E-11 1.07E-11 9.65E-12
 1.20E-13 2.54E-13 8.10E-13 3.51E-12 7.64E-12 1.23E-11 1.44E-11 1.49E-11
 1.49E-11 1.45E-11 1.37E-11 1.22E-11 1.05E-11 9.48E-12
 1.24E-13 2.60E-13 8.03E-13 3.19E-12 6.54E-12 1.02E-11 1.19E-11 1.23E-11
 1.24E-11 1.22E-11 1.16E-11 1.05E-11 9.18E-12 8.40E-12
 1.50E-13 2.91E-13 7.42E-13 2.26E-12 4.03E-12 5.60E-12 6.22E-12 6.36E-12
 6.38E-12 6.32E-12 6.15E-12 5.79E-12 5.33E-12 5.03E-12
  266.712    7  14 /pl=01:ss=49:pb= 1:sz=49/type=excit/ispb = t/isel =   41
 1.00E+10 1.00E+11 1.00E+12 1.00E+13 1.00E+14 1.00E+15 1.00E+16
 4.31E+01 6.46E+01 1.08E+02 2.15E+02 4.31E+02 1.08E+03 2.15E+03 3.23E+03
 4.31E+03 6.46E+03 1.08E+04 2.15E+04 4.31E+04 6.46E+04
 2.05E-14 5.02E-14 1.60E-13 6.09E-13 1.29E-12 2.18E-12 2.70E-12 2.85E-12
 2.89E-12 2.86E-12 2.74E-12 2.46E-12 2.14E-12 1.95E-12
 2.05E-14 5.02E-14 1.60E-13 6.09E-13 1.29E-12 2.18E-12 2.70E-12 2.85E-12
 2.89E-12 2.86E-12 2.74E-12 2.46E-12 2.14E-12 1.95E-12
 2.05E-14 5.03E-14 1.60E-13 6.09E-13 1.29E-12 2.18E-12 2.70E-12 2.85E-12
 2.89E-12 2.86E-12 2.73E-12 2.46E-12 2.14E-12 1.95E-12
 2.06E-14 5.03E-14 1.61E-13 6.09E-13 1.29E-12 2.18E-12 2.70E-12 2.85E-12
 2.89E-12 2.86E-12 2.73E-12 2.46E-12 2.14E-12 1.94E-12
 2.07E-14 5.06E-14 1.61E-13 6.11E-13 1.30E-12 2.19E-12 2.69E-12 2.83E-12
 2.86E-12 2.82E-12 2.69E-12 2.42E-12 2.11E-12 1.92E-12
 2.19E-14 5.30E-14 1.66E-13 6.21E-13 1.32E-12 2.15E-12 2.55E-12 2.63E-12
 2.64E-12 2.58E-12 2.44E-12 2.18E-12 1.90E-12 1.73E-12
 2.82E-14 6.35E-14 1.71E-13 5.39E-13 9.97E-13 1.40E-12 1.55E-12 1.58E-12
 1.58E-12 1.55E-12 1.49E-12 1.38E-12 1.24E-12 1.16E-12
  266.966    7  14 /pl=01:ss=49:pb= 1:sz=49/type=excit/ispb = t/isel =   42
 1.00E+10 1.00E+11 1.00E+12 1.00E+13 1.00E+14 1.00E+15 1.00E+16
 4.31E+01 6.46E+01 1.08E+02 2.15E+02 4.31E+02 1.08E+03 2.15E+03 3.23E+03
 4.31E+03 6.46E+03 1.08E+04 2.15E+04 4.31E+04 6.46E+04
 4.69E-15 1.10E-14 6.51E-14 5.72E-13 1.94E-12 5.45E-12 8.29E-12 9.30E-12
 9.68E-12 9.83E-12 9.55E-12 8.69E-12 7.59E-12 6.90E-12
 4.70E-15 1.10E-14 6.52E-14 5.73E-13 1.94E-12 5.45E-12 8.29E-12 9.30E-12
 9.68E-12 9.83E-12 9.56E-12 8.69E-12 7.59E-12 6.90E-12
 4.73E-15 1.11E-14 6.54E-14 5.76E-13 1.95E-12 5.48E-12 8.33E-12 9.35E-12
 9.73E-12 9.87E-12 9.60E-12 8.72E-12 7.61E-12 6.92E-12
 5.02E-15 1.16E-14 6.80E-14 6.05E-13 2.08E-12 5.80E-12 8.76E-12 9.80E-12
 1.02E-11 1.03E-11 9.97E-12 9.02E-12 7.83E-12 7.10E-12
 7.89E-15 1.76E-14 9.36E-14 8.88E-13 3.26E-12 8.58E-12 1.25E-11 1.37E-11
 1.41E-11 1.40E-11 1.33E-11 1.16E-11 9.80E-12 8.72E-12
 3.52E-14 7.31E-14 3.16E-13 2.82E-12 9.36E-12 1.97E-11 2.56E-11 2.72E-11
 2.75E-11 2.70E-11 2.54E-11 2.23E-11 1.86E-11 1.65E-11
 2.14E-13 3.94E-13 1.17E-12 5.16E-12 1.00E-11 1.39E-11 1.55E-11 1.58E-11
 1.60E-11 1.59E-11 1.57E-11 1.50E-11 1.41E-11 1.35E-11
  335.915    7  14 /pl=01:ss=49:pb= 1:sz=49/type=excit/ispb = t/isel =   43
 1.00E+10 1.00E+11 1.00E+12 1.00E+13 1.00E+14 1.00E+15 1.00E+16
 4.31E+01 6.46E+01 1.08E+02 2.15E+02 4.31E+02 1.08E+03 2.15E+03 3.23E+03
 4.31E+03 6.46E+03 1.08E+04 2.15E+04 4.31E+04 6.46E+04
 1.44E-12 2.92E-12 8.50E-12 2.94E-11 5.52E-11 7.59E-11 8.11E-11 8.04E-11
 7.86E-11 7.46E-11 6.84E-11 5.89E-11 4.94E-11 4.42E-11
 1.44E-12 2.92E-12 8.50E-12 2.94E-11 5.52E-11 7.59E-11 8.11E-11 8.04E-11
 7.85E-11 7.46E-11 6.84E-11 5.88E-11 4.94E-11 4.42E-11
 1.44E-12 2.92E-12 8.50E-12 2.94E-11 5.52E-11 7.58E-11 8.10E-11 8.03E-11
 7.85E-11 7.46E-11 6.83E-11 5.88E-11 4.94E-11 4.41E-11
 1.44E-12 2.92E-12 8.50E-12 2.93E-11 5.50E-11 7.54E-11 8.05E-11 7.98E-11
 7.80E-11 7.41E-11 6.80E-11 5.85E-11 4.92E-11 4.40E-11
 1.44E-12 2.91E-12 8.44E-12 2.87E-11 5.29E-11 7.15E-11 7.59E-11 7.52E-11
 7.35E-11 7.00E-11 6.44E-11 5.58E-11 4.73E-11 4.24E-11
 1.42E-12 2.84E-12 7.90E-12 2.39E-11 4.01E-11 5.13E-11 5.36E-11 5.31E-11
 5.21E-11 5.00E-11 4.67E-11 4.16E-11 3.62E-11 3.31E-11
 1.27E-12 2.33E-12 5.25E-12 1.20E-11 1.77E-11 2.07E-11 2.10E-11 2.08E-11
 2.05E-11 1.99E-11 1.91E-11 1.78E-11 1.63E-11 1.54E-11
  366.448    7  14 /pl=01:ss=49:pb= 1:sz=49/type=excit/ispb = t/isel =   44
 1.00E+10 1.00E+11 1.00E+12 1.00E+13 1.00E+14 1.00E+15 1.00E+16
 4.31E+01 6.46E+01 1.08E+02 2.15E+02 4.31E+02 1.08E+03 2.15E+03 3.23E+03
 4.31E+03 6.46E+03 1.08E+04 2.15E+04 4.31E+04 6.46E+04
 4.40E-14 1.08E-13 3.43E-13 1.30E-12 2.75E-12 4.66E-12 5.79E-12 6.11E-12
 6.19E-12 6.13E-12 5.85E-12 5.27E-12 4.58E-12 4.17E-12
 4.40E-14 1.08E-13 3.43E-13 1.30E-12 2.75E-12 4.66E-12 5.79E-12 6.11E-12
 6.19E-12 6.13E-12 5.85E-12 5.27E-12 4.58E-12 4.17E-12
 4.40E-14 1.08E-13 3.43E-13 1.30E-12 2.75E-12 4.66E-12 5.79E-12 6.11E-12
 6.19E-12 6.12E-12 5.85E-12 5.27E-12 4.58E-12 4.17E-12
 4.40E-14 1.08E-13 3.44E-13 1.30E-12 2.76E-12 4.66E-12 5.78E-12 6.10E-12
 6.18E-12 6.12E-12 5.84E-12 5.26E-12 4.57E-12 4.16E-12
 4.43E-14 1.08E-13 3.45E-13 1.31E-12 2.77E-12 4.68E-12 5.76E-12 6.05E-12
 6.12E-12 6.04E-12 5.76E-12 5.18E-12 4.51E-12 4.10E-12
 4.68E-14 1.13E-13 3.56E-13 1.33E-12 2.82E-12 4.60E-12 5.45E-12 5.64E-12
 5.65E-12 5.52E-12 5.23E-12 4.68E-12 4.07E-12 3.71E-12
 6.05E-14 1.36E-13 3.65E-13 1.15E-12 2.13E-12 2.99E-12 3.32E-12 3.38E-12
 3.38E-12 3.32E-12 3.19E-12 2.95E-12 2.66E-12 2.48E-12
  445.696    7  14 /pl=01:ss=49:pb= 1:sz=49/type=excit/ispb = t/isel =   45
 1.00E+10 1.00E+11 1.00E+12 1.00E+13 1.00E+14 1.00E+15 1.00E+16
 4.31E+01 6.46E+01 1.08E+02 2.15E+02 4.31E+02 1.08E+03 2.15E+03 3.23E+03
 4.31E+03 6.46E+03 1.08E+04 2.15E+04 4.31E+04 6.46E+04
 8.97E-13 1.47E-12 3.55E-12 1.19E-11 2.33E-11 3.51E-11 4.05E-11 4.15E-11
 4.13E-11 4.01E-11 3.75E-11 3.31E-11 2.82E-11 2.55E-11
 8.97E-13 1.47E-12 3.55E-12 1.19E-11 2.33E-11 3.51E-11 4.05E-11 4.15E-11
 4.13E-11 4.01E-11 3.75E-11 3.30E-11 2.82E-11 2.55E-11
 8.97E-13 1.47E-12 3.54E-12 1.19E-11 2.33E-11 3.51E-11 4.05E-11 4.15E-11
 4.13E-11 4.01E-11 3.75E-11 3.30E-11 2.82E-11 2.54E-11
 8.96E-13 1.47E-12 3.54E-12 1.19E-11 2.31E-11 3.47E-11 4.00E-11 4.10E-11
 4.08E-11 3.96E-11 3.71E-11 3.27E-11 2.80E-11 2.52E-11
 8.91E-13 1.46E-12 3.49E-12 1.14E-11 2.15E-11 3.14E-11 3.56E-11 3.64E-11
 3.63E-11 3.54E-11 3.33E-11 2.97E-11 2.58E-11 2.34E-11
 8.46E-13 1.36E-12 3.06E-12 8.11E-12 1.25E-11 1.55E-11 1.66E-11 1.68E-11
 1.68E-11 1.66E-11 1.62E-11 1.53E-11 1.42E-11 1.35E-11
 5.58E-13 8.04E-13 1.31E-12 1.91E-12 2.05E-12 2.04E-12 2.03E-12 2.03E-12
 2.03E-12 2.04E-12 2.06E-12 2.09E-12 2.12E-12 2.13E-12
  493.657    7  14 /pl=01:ss=49:pb= 1:sz=49/type=excit/ispb = t/isel =   46
 1.00E+10 1.00E+11 1.00E+12 1.00E+13 1.00E+14 1.00E+15 1.00E+16
 4.31E+01 6.46E+01 1.08E+02 2.15E+02 4.31E+02 1.08E+03 2.15E+03 3.23E+03
 4.31E+03 6.46E+03 1.08E+04 2.15E+04 4.31E+04 6.46E+04
 4.20E-12 6.73E-12 1.68E-11 5.79E-11 1.14E-10 1.71E-10 1.97E-10 2.01E-10
 2.00E-10 1.95E-10 1.82E-10 1.61E-10 1.38E-10 1.24E-10
 4.20E-12 6.73E-12 1.68E-11 5.79E-11 1.14E-10 1.71E-10 1.97E-10 2.01E-10
 2.00E-10 1.95E-10 1.82E-10 1.61E-10 1.38E-10 1.24E-10
 4.20E-12 6.73E-12 1.68E-11 5.79E-11 1.14E-10 1.71E-10 1.96E-10 2.01E-10
 2.00E-10 1.94E-10 1.82E-10 1.61E-10 1.38E-10 1.24E-10
 4.20E-12 6.72E-12 1.68E-11 5.77E-11 1.13E-10 1.69E-10 1.94E-10 1.98E-10
 1.98E-10 1.92E-10 1.80E-10 1.59E-10 1.36E-10 1.23E-10
 4.19E-12 6.69E-12 1.66E-11 5.57E-11 1.05E-10 1.53E-10 1.73E-10 1.76E-10
 1.75E-10 1.71E-10 1.62E-10 1.44E-10 1.26E-10 1.14E-10
 4.08E-12 6.42E-12 1.50E-11 4.14E-11 6.29E-11 7.55E-11 7.92E-11 7.97E-11
 7.95E-11 7.86E-11 7.66E-11 7.28E-11 6.80E-11 6.47E-11
 3.23E-12 4.59E-12 7.78E-12 1.06E-11 1.00E-11 9.00E-12 8.59E-12 8.50E-12
 8.49E-12 8.52E-12 8.62E-12 8.82E-12 9.06E-12 9.20E-12
  665.726    7  14 /pl=01:ss=49:pb= 1:sz=49/type=excit/ispb = t/isel =   47
 1.00E+10 1.00E+11 1.00E+12 1.00E+13 1.00E+14 1.00E+15 1.00E+16
 4.31E+01 6.46E+01 1.08E+02 2.15E+02 4.31E+02 1.08E+03 2.15E+03 3.23E+03
 4.31E+03 6.46E+03 1.08E+04 2.15E+04 4.31E+04 6.46E+04
 1.28E-15 2.99E-15 1.77E-14 1.56E-13 5.28E-13 1.48E-12 2.25E-12 2.53E-12
 2.63E-12 2.67E-12 2.60E-12 2.36E-12 2.06E-12 1.88E-12
 1.28E-15 2.99E-15 1.77E-14 1.56E-13 5.28E-13 1.48E-12 2.26E-12 2.53E-12
 2.63E-12 2.67E-12 2.60E-12 2.37E-12 2.07E-12 1.88E-12
 1.29E-15 3.01E-15 1.78E-14 1.57E-13 5.32E-13 1.49E-12 2.27E-12 2.54E-12
 2.65E-12 2.69E-12 2.61E-12 2.37E-12 2.07E-12 1.88E-12
 1.36E-15 3.17E-15 1.85E-14 1.65E-13 5.66E-13 1.58E-12 2.38E-12 2.67E-12
 2.77E-12 2.80E-12 2.71E-12 2.45E-12 2.13E-12 1.93E-12
 2.15E-15 4.79E-15 2.55E-14 2.42E-13 8.86E-13 2.34E-12 3.39E-12 3.73E-12
 3.83E-12 3.81E-12 3.61E-12 3.17E-12 2.66E-12 2.37E-12
 9.58E-15 1.99E-14 8.60E-14 7.68E-13 2.55E-12 5.37E-12 6.97E-12 7.39E-12
 7.47E-12 7.35E-12 6.92E-12 6.05E-12 5.07E-12 4.49E-12
 5.82E-14 1.07E-13 3.18E-13 1.40E-12 2.72E-12 3.79E-12 4.20E-12 4.31E-12
 4.34E-12 4.33E-12 4.27E-12 4.09E-12 3.84E-12 3.66E-12
  979.950    7  14 /pl=01:ss=49:pb= 1:sz=49/type=excit/ispb = t/isel =   48
 1.00E+10 1.00E+11 1.00E+12 1.00E+13 1.00E+14 1.00E+15 1.00E+16
 4.31E+01 6.46E+01 1.08E+02 2.15E+02 4.31E+02 1.08E+03 2.15E+03 3.23E+03
 4.31E+03 6.46E+03 1.08E+04 2.15E+04 4.31E+04 6.46E+04
 1.51E-13 3.18E-13 1.02E-12 4.47E-12 9.87E-12 1.59E-11 1.88E-11 1.94E-11
 1.93E-11 1.89E-11 1.77E-11 1.57E-11 1.35E-11 1.22E-11
 1.51E-13 3.18E-13 1.02E-12 4.47E-12 9.86E-12 1.59E-11 1.88E-11 1.94E-11
 1.93E-11 1.89E-11 1.77E-11 1.57E-11 1.35E-11 1.22E-11
 1.51E-13 3.18E-13 1.02E-12 4.47E-12 9.86E-12 1.59E-11 1.88E-11 1.93E-11
 1.93E-11 1.89E-11 1.77E-11 1.57E-11 1.35E-11 1.22E-11
 1.51E-13 3.19E-13 1.02E-12 4.46E-12 9.84E-12 1.59E-11 1.87E-11 1.93E-11
 1.93E-11 1.88E-11 1.77E-11 1.56E-11 1.34E-11 1.21E-11
 1.51E-13 3.19E-13 1.02E-12 4.41E-12 9.61E-12 1.54E-11 1.81E-11 1.87E-11
 1.87E-11 1.83E-11 1.72E-11 1.53E-11 1.32E-11 1.19E-11
 1.56E-13 3.27E-13 1.01E-12 4.02E-12 8.23E-12 1.28E-11 1.50E-11 1.55E-11
 1.56E-11 1.53E-11 1.46E-11 1.32E-11 1.15E-11 1.06E-11
 1.88E-13 3.66E-13 9.33E-13 2.84E-12 5.07E-12 7.05E-12 7.83E-12 8.00E-12
 8.03E-12 7.96E-12 7.74E-12 7.28E-12 6.71E-12 6.33E-12
  1363.77    7  14 /pl=01:ss=49:pb= 1:sz=49/type=excit/ispb = t/isel =   49
 1.00E+10 1.00E+11 1.00E+12 1.00E+13 1.00E+14 1.00E+15 1.00E+16
 4.31E+01 6.46E+01 1.08E+02 2.15E+02 4.31E+02 1.08E+03 2.15E+03 3.23E+03
 4.31E+03 6.46E+03 1.08E+04 2.15E+04 4.31E+04 6.46E+04
 3.06E-13 6.20E-13 1.81E-12 6.25E-12 1.17E-11 1.61E-11 1.72E-11 1.71E-11
 1.67E-11 1.59E-11 1.45E-11 1.25E-11 1.05E-11 9.38E-12
 3.06E-13 6.20E-13 1.81E-12 6.25E-12 1.17E-11 1.61E-11 1.72E-11 1.71E-11
 1.67E-11 1.59E-11 1.45E-11 1.25E-11 1.05E-11 9.38E-12
 3.06E-13 6.20E-13 1.81E-12 6.25E-12 1.17E-11 1.61E-11 1.72E-11 1.71E-11
 1.67E-11 1.58E-11 1.45E-11 1.25E-11 1.05E-11 9.38E-12
 3.06E-13 6.20E-13 1.80E-12 6.23E-12 1.17E-11 1.60E-11 1.71E-11 1.70E-11
 1.66E-11 1.57E-11 1.44E-11 1.24E-11 1.04E-11 9.34E-12
 3.06E-13 6.18E-13 1.79E-12 6.09E-12 1.12E-11 1.52E-11 1.61E-11 1.60E-11
 1.56E-11 1.49E-11 1.37E-11 1.19E-11 1.00E-11 9.01E-12
 3.02E-13 6.03E-13 1.68E-12 5.08E-12 8.52E-12 1.09E-11 1.14E-11 1.13E-11
 1.11E-11 1.06E-11 9.93E-12 8.83E-12 7.69E-12 7.03E-12
 2.70E-13 4.94E-13 1.12E-12 2.55E-12 3.77E-12 4.41E-12 4.46E-12 4.41E-12
 4.35E-12 4.23E-12 4.06E-12 3.78E-12 3.47E-12 3.28E-12
  3156.57    7  14 /pl=01:ss=49:pb= 1:sz=49/type=excit/ispb = t/isel =   50
 1.00E+10 1.00E+11 1.00E+12 1.00E+13 1.00E+14 1.00E+15 1.00E+16
 4.31E+01 6.46E+01 1.08E+02 2.15E+02 4.31E+02 1.08E+03 2.15E+03 3.23E+03
 4.31E+03 6.46E+03 1.08E+04 2.15E+04 4.31E+04 6.46E+04
 3.74E-19 6.50E-18 5.03E-16 2.47E-14 2.23E-13 1.25E-12 2.25E-12 2.63E-12
 2.79E-12 2.89E-12 2.85E-12 2.63E-12 2.32E-12 2.12E-12
 1.71E-18 9.41E-18 5.17E-16 2.49E-14 2.24E-13 1.25E-12 2.25E-12 2.63E-12
 2.79E-12 2.89E-12 2.85E-12 2.63E-12 2.32E-12 2.12E-12
 1.50E-17 3.84E-17 6.60E-16 2.66E-14 2.31E-13 1.27E-12 2.27E-12 2.66E-12
 2.82E-12 2.91E-12 2.87E-12 2.65E-12 2.33E-12 2.13E-12
 1.48E-16 3.29E-16 2.09E-15 4.30E-14 2.98E-13 1.43E-12 2.49E-12 2.89E-12
 3.05E-12 3.13E-12 3.07E-12 2.80E-12 2.45E-12 2.22E-12
 1.47E-15 3.21E-15 1.61E-14 2.00E-13 9.17E-13 2.88E-12 4.43E-12 4.94E-12
 5.09E-12 5.07E-12 4.78E-12 4.16E-12 3.46E-12 3.05E-12
 1.40E-14 3.01E-14 1.38E-13 1.28E-12 4.23E-12 9.09E-12 1.20E-11 1.27E-11
 1.28E-11 1.26E-11 1.17E-11 1.01E-11 8.31E-12 7.27E-12
 9.62E-14 1.85E-13 6.01E-13 2.80E-12 5.72E-12 8.39E-12 9.45E-12 9.69E-12
 9.73E-12 9.64E-12 9.37E-12 8.78E-12 8.04E-12 7.54E-12
c-------------------------------------------------------------------------------
 
C  root partition information
C  ==========================
C
C  nuclear charge : 74
C  ion charge+1   : 50
C
C  population calculation information
C  ----------------------------------
C
C  population processing code: adas810
C
C  adf04 source file    : adf04_copmm#74_ls_40#w49.dat
C  adf18/a17_p208 file  : NULL
C
C  meta. ion. coeff. selector  : 
 
C  options  : lnorm =T  lpsel =F  lzsel =T  liosel=F
C           : lhsel =F  lrsel =F  lisel =F  lnsel =F
 
C  energy levels
C  -------------
C
C   lv      configuration    (2S+1)L(w-1/2)      energy (cm^-1)
C  ---   ------------------- --------------      --------------
c    1   76                     (2)1(  2.5)             0.0
c    2   76                     (4)3( 13.5)        202570.0
c    3   76                     (2)3(  6.5)        426938.0
c    4   76                     (2)2(  4.5)        500264.0
c    5   76                     (2)4(  8.5)        577150.0
c    6   76                     (4)1(  5.5)        602310.0
c    7   76                     (2)5( 10.5)        608830.0
c    8   76                     (2)2(  4.5)        875200.0
c    9   24555586               (2)1(  2.5)       3337350.0
c   10   24555586               (2)2(  4.5)       3425950.0
c   11   24555586               (2)3(  6.5)       3489950.0
c   12   24555586               (2)2(  4.5)       3490750.0
c   13   24555586               (2)0(  0.5)       3716350.0
c   14   24555586               (2)4(  8.5)       3825950.0
c   15   24555586               (4)0(  1.5)       3856150.0
c   16   24555586               (4)1(  5.5)       3989550.0
c   17   24555586               (2)3(  6.5)       4278050.0
c   18   24555586               (4)3( 13.5)       4469750.0
c   19   24555586               (4)4( 17.5)       4476750.0
c   20   24555586               (4)2(  9.5)       4530050.0
c   21   24555586               (2)5( 10.5)       4894450.0
c   22   24555586               (2)2(  4.5)       4930250.0
c   23   24555586               (2)4(  8.5)       5154150.0
c   24   24555586               (2)1(  2.5)       5302950.0
c   25   24555586               (2)3(  6.5)       5391250.0
c   26   24555586               (4)2(  9.5)       5504950.0
c   27   24555586               (2)1(  2.5)       5638850.0
c   28   24545596               (2)2(  4.5)       7004250.0
c   29   24545596               (4)3( 13.5)       7648950.0
c   30   24545596               (2)1(  2.5)       7842550.0
c   31   14565586               (4)1(  5.5)       7883150.0
c   32   14565586               (4)3( 13.5)       8035650.0
c   33   24545596               (2)2(  4.5)       8045350.0
c   34   14565586               (2)2(  4.5)       8055350.0
c   35   24545596               (2)3(  6.5)       8086050.0
c   36   14565586               (2)3(  6.5)       8172650.0
c   37   24545596               (4)1(  5.5)       8246450.0
c   38   14565586               (2)4(  8.5)       8287650.0
c   39   24545596               (2)1(  2.5)       8325850.0
c   40   14565586               (2)1(  2.5)       8326950.0
c   41   24545596               (2)3(  6.5)       8474950.0
c   42   14565586               (2)0(  0.5)       8921150.0
c   43   24545596               (2)0(  0.5)       9410750.0
c   44   24545596               (2)4(  8.5)       9430250.0
c   45   24545596               (2)2(  4.5)       9697550.0
c   46   24545596               (4)2(  9.5)      10611050.0
c   47   66517                  (2)1(  2.5)      13936050.0
c   48   66517                  (2)4(  8.5)      13979050.0
c   49   66517                  (2)2(  4.5)      14164050.0
c   50   66517                  (4)2(  9.5)      14274050.0
c   51   66517                  (6)2( 14.5)      14290050.0
c   52   66517                  (2)2(  4.5)      14324050.0
c   53   66517                  (4)5( 21.5)      14328050.0
c   54   66517                  (2)4(  8.5)      14376050.0
c   55   66517                  (4)2(  9.5)      14379050.0
c   56   66517                  (2)3(  6.5)      14392050.0
c   57   66517                  (2)5( 10.5)      14479050.0
c   58   66517                  (4)3( 13.5)      14586050.0
c   59   14545606               (2)0(  0.5)      14653050.0
c   60   66517                  (4)4( 17.5)      14750050.0
c   61   66517                  (4)1(  5.5)      14758050.0
c   62   66517                  (2)6( 12.5)      14795050.0
c   63   66517                  (2)4(  8.5)      14846050.0
c   64   66518                  (2)0(  0.5)      14941050.0
c   65   66517                  (2)3(  6.5)      14957050.0
c   66   66518                  (4)1(  5.5)      15037050.0
c   67   66517                  (2)2(  4.5)      15089050.0
c   68   66518                  (2)4(  8.5)      15090050.0
c   69   66517                  (4)1(  5.5)      15093050.0
c   70   66518                  (2)2(  4.5)      15094050.0
c   71   66518                  (6)1(  8.5)      15101050.0
c   72   66517                  (2)3(  6.5)      15107050.0
c   73   66518                  (2)4(  8.5)      15140050.0
c   74   66517                  (4)3( 13.5)      15185050.0
c   75   66517                  (2)0(  0.5)      15211050.0
c   76   66518                  (2)2(  4.5)      15215050.0
c   77   66517                  (2)1(  2.5)      15367050.0
c   78   66518                  (2)2(  4.5)      15476050.0
c   79   66518                  (4)0(  1.5)      15501050.0
c   80   14545606               (2)1(  2.5)      15535050.0
c   81   66518                  (4)3( 13.5)      15556050.0
c   82   66518                  (4)4( 17.5)      15572050.0
c   83   66518                  (6)2( 14.5)      15584050.0
c   84   66518                  (2)5( 10.5)      15624050.0
c   85   66518                  (4)5( 21.5)      15626050.0
c   86   66518                  (2)3(  6.5)      15627050.0
c   87   66518                  (4)0(  1.5)      15630050.0
c   88   66518                  (2)4(  8.5)      15647050.0
c   89   66518                  (2)5( 10.5)      15661050.0
c   90   66518                  (4)3( 13.5)      15749050.0
c   91   66518                  (2)3(  6.5)      15764050.0
c   92   66518                  (4)3( 13.5)      15768050.0
c   93   66518                  (4)4( 17.5)      15790050.0
c   94   66518                  (2)3(  6.5)      15855050.0
c   95   66518                  (4)6( 25.5)      15865050.0
c   96   65596                  (2)2(  4.5)      15883050.0
c   97   66518                  (4)5( 21.5)      15884050.0
c   98   66517                  (2)0(  0.5)      15902050.0
c   99   66518                  (6)3( 20.5)      15903050.0
c  100   66518                  (2)1(  2.5)      15910050.0
c  101   66518                  (2)6( 12.5)      15923050.0
c  102   66518                  (4)1(  5.5)      15925050.0
c  103   66518                  (2)3(  6.5)      15937050.0
c  104   66518                  (4)2(  9.5)      15938050.0
c  105   66518                  (4)1(  5.5)      15965050.0
c  106   66518                  (2)5( 10.5)      15977050.0
c  107   66518                  (2)2(  4.5)      15981050.0
c  108   66518                  (4)1(  5.5)      15985050.0
c  109   66518                  (2)3(  6.5)      16005050.0
c  110   66518                  (2)7( 14.5)      16028050.0
c  111   66518                  (4)2(  9.5)      16043050.0
c  112   66518                  (2)1(  2.5)      16073050.0
c  113   66518                  (2)3(  6.5)      16080050.0
c  114   66518                  (2)0(  0.5)      16086050.0
c  115   66518                  (4)2(  9.5)      16089050.0
c  116   66518                  (2)5( 10.5)      16099050.0
c  117   14545606               (4)1(  5.5)      16106050.0
c  118   66518                  (2)4(  8.5)      16118050.0
c  119   66518                  (4)2(  9.5)      16135050.0
c  120   66518                  (2)4(  8.5)      16139050.0
c  121   66518                  (4)4( 17.5)      16145050.0
c  122   66518                  (2)5( 10.5)      16153050.0
c  123   66518                  (2)2(  4.5)      16179050.0
c  124   66518                  (2)1(  2.5)      16207050.0
c  125   66518                  (2)1(  2.5)      16226050.0
c  126   66518                  (4)3( 13.5)      16246050.0
c  127   66518                  (2)3(  6.5)      16373050.0
c  128   66518                  (4)2(  9.5)      16380050.0
c  129   66518                  (2)2(  4.5)      16387050.0
c  130   66518                  (4)2(  9.5)      16400050.0
c  131   66518                  (2)2(  4.5)      16411050.0
c  132   66518                  (2)6( 12.5)      16462050.0
c  133   66518                  (2)2(  4.5)      16477050.0
c  134   66518                  (4)4( 17.5)      16496050.0
c  135   66518                  (2)4(  8.5)      16513050.0
c  136   66518                  (2)3(  6.5)      16524050.0
c  137   66518                  (2)1(  2.5)      16583050.0
c  138   66518                  (4)3( 13.5)      16629050.0
c  139   66519                  (2)2(  4.5)      16636050.0
c  140   66518                  (2)1(  2.5)      16760050.0
c  141   66518                  (2)3(  6.5)      16829050.0
c  142   66519                  (4)2(  9.5)      16891050.0
c  143   66519                  (2)5( 10.5)      16913050.0
c  144   66519                  (2)1(  2.5)      16946050.0
c  145   66519                  (4)4( 17.5)      16965050.0
c  146   66519                  (6)2( 14.5)      16981050.0
c  147   66519                  (6)3( 20.5)      17003050.0
c  148   66519                  (4)2(  9.5)      17016050.0
c  149   66518                  (2)4(  8.5)      17017050.0
c  150   66519                  (4)2(  9.5)      17049050.0
c  151   66518                  (2)1(  2.5)      17062050.0
c  152   66519                  (4)2(  9.5)      17082050.0
c  153   66519                  (2)5( 10.5)      17089050.0
c  154   14545606               (2)2(  4.5)      17134050.0
c  155   66519                  (4)0(  1.5)      17142050.0
c  156   66519                  (4)1(  5.5)      17160050.0
c  157   66519                  (2)2(  4.5)      17174050.0
c  158   66519                  (6)1(  8.5)      17178050.0
c  159   66519                  (4)3( 13.5)      17180050.0
c  160   66519                  (4)4( 17.5)      17188050.0
c  161   66519                  (6)0(  2.5)      17190050.0
c  162   66519                  (2)4(  8.5)      17198050.0
c  163   66519                  (2)5( 10.5)      17211050.0
c  164   66519                  (2)6( 12.5)      17236050.0
c  165   66519                  (4)4( 17.5)      17257050.0
c  166   66519                  (2)4(  8.5)      17276050.0
c  167   66519                  (2)3(  6.5)      17276050.0
c  168   66519                  (2)4(  8.5)      17277050.0
c  169   66519                  (2)3(  6.5)      17300050.0
c  170   66519                  (4)2(  9.5)      17304050.0
c  171   66519                  (2)1(  2.5)      17309050.0
c  172   66519                  (2)3(  6.5)      17316050.0
c  173   66519                  (2)2(  4.5)      17319050.0
c  174   66519                  (4)1(  5.5)      17321050.0
c  175   66519                  (6)4( 26.5)      17325050.0
c  176   66519                  (2)1(  2.5)      17332050.0
c  177   66519                  (4)5( 21.5)      17338050.0
c  178   66519                  (2)2(  4.5)      17339050.0
c  179   66519                  (2)6( 12.5)      17340050.0
c  180   66519                  (2)6( 12.5)      17342050.0
c  181   66519                  (4)6( 25.5)      17357050.0
c  182   66519                  (2)1(  2.5)      17363050.0
c  183   66519                  (2)3(  6.5)      17379050.0
c  184   66519                  (4)2(  9.5)      17380050.0
c  185   66519                  (4)2(  9.5)      17389050.0
c  186   66519                  (2)2(  4.5)      17418050.0
c  187   66519                  (2)4(  8.5)      17422050.0
c  188   66519                  (4)3( 13.5)      17433050.0
c  189   66519                  (4)7( 29.5)      17458050.0
c  190   66519                  (2)4(  8.5)      17464050.0
c  191   66519                  (4)4( 17.5)      17465050.0
c  192   66519                  (4)5( 21.5)      17467050.0
c  193   66519                  (4)3( 13.5)      17468050.0
c  194   66519                  (4)6( 25.5)      17469050.0
c  195   66519                  (2)4(  8.5)      17475050.0
c  196   66519                  (4)4( 17.5)      17495050.0
c  197   66519                  (4)1(  5.5)      17498050.0
c  198   66519                  (2)4(  8.5)      17499050.0
c  199   66519                  (4)3( 13.5)      17521050.0
c  200   66519                  (4)3( 13.5)      17525050.0
c  201   66519                  (4)5( 21.5)      17531050.0
c  202   66519                  (2)7( 14.5)      17599050.0
c  203   66519                  (2)8( 16.5)      17646050.0
c  204   66519                  (4)1(  5.5)      17649050.0
c  205   66519                  (4)3( 13.5)      17664050.0
c  206   66519                  (2)7( 14.5)      17665050.0
c  207   66519                  (2)5( 10.5)      17695050.0
c  208   66519                  (4)1(  5.5)      17703050.0
c  209   66519                  (2)5( 10.5)      17710050.0
c  210   66519                  (2)6( 12.5)      17713050.0
c  211   66519                  (2)5( 10.5)      17713050.0
c  212   66519                  (2)2(  4.5)      17718050.0
c  213   66519                  (2)4(  8.5)      17725050.0
c  214   66519                  (2)2(  4.5)      17743050.0
c  215   66519                  (2)6( 12.5)      17761050.0
c  216   66519                  (2)2(  4.5)      17775050.0
c  217   66519                  (2)4(  8.5)      17787050.0
c  218   66519                  (2)5( 10.5)      17788050.0
c  219   66519                  (2)2(  4.5)      17805050.0
c  220   66519                  (2)4(  8.5)      17815050.0
c  221   66519                  (4)5( 21.5)      17819050.0
c  222   66519                  (2)3(  6.5)      17822050.0
c  223   66519                  (4)4( 17.5)      17838050.0
c  224   66519                  (2)1(  2.5)      17851050.0
c  225   66519                  (2)5( 10.5)      17857050.0
c  226   66519                  (2)3(  6.5)      17884050.0
c  227   66519                  (2)0(  0.5)      17929050.0
c  228   66519                  (2)3(  6.5)      17963050.0
c  229   66519                  (2)3(  6.5)      17979050.0
c  230   66519                  (2)3(  6.5)      17982050.0
c  231   66519                  (2)4(  8.5)      17983050.0
c  232   66519                  (4)3( 13.5)      17994050.0
c  233   66519                  (4)3( 13.5)      18006050.0
c  234   66519                  (2)1(  2.5)      18013050.0
c  235   66519                  (2)2(  4.5)      18045050.0
c  236   66519                  (2)3(  6.5)      18054050.0
c  237   66519                  (4)1(  5.5)      18070050.0
c  238   6651A                  (2)6( 12.5)      18081050.0
c  239   66519                  (2)0(  0.5)      18082050.0
c  240   66519                  (2)2(  4.5)      18099050.0
c  241   66519                  (2)2(  4.5)      18120050.0
c  242   6651A                  (2)4(  8.5)      18124050.0
c  243   6651A                  (4)2(  9.5)      18131050.0
c  244   6651A                  (2)5( 10.5)      18146050.0
c  245   6651A                  (4)3( 13.5)      18163050.0
c  246   6651A                  (2)2(  4.5)      18168050.0
c  247   66519                  (2)2(  4.5)      18168050.0
c  248   66519                  (4)0(  1.5)      18186050.0
c  249   6651A                  (2)1(  2.5)      18196050.0
c  250   6651A                  (6)3( 20.5)      18200050.0
c  251   6651A                  (2)3(  6.5)      18216050.0
c  252   6651A                  (6)2( 14.5)      18255050.0
c  253   66519                  (2)1(  2.5)      18258050.0
c  254   6651A                  (4)7( 29.5)      18298050.0
c  255   66519                  (2)3(  6.5)      18317050.0
c  256   6651A                  (2)5( 10.5)      18321050.0
c  257   66519                  (2)1(  2.5)      18322050.0
c  258   6651A                  (2)5( 10.5)      18324050.0
c  259   6651A                  (6)1(  8.5)      18363050.0
c  260   66519                  (2)0(  0.5)      18378050.0
c  261   6651A                  (4)3( 13.5)      18388050.0
c  262   6651A                  (4)5( 21.5)      18388050.0
c  263   6651A                  (2)7( 14.5)      18402050.0
c  264   6651A                  (2)3(  6.5)      18412050.0
c  265   6651A                  (6)5( 32.5)      18418050.0
c  266   6651A                  (4)2(  9.5)      18429050.0
c  267   6651A                  (4)2(  9.5)      18432050.0
c  268   6651A                  (2)1(  2.5)      18460050.0
c  269   6651A                  (6)4( 26.5)      18461050.0
c  270   6651A                  (2)6( 12.5)      18463050.0
c  271   6651A                  (4)1(  5.5)      18477050.0
c  272   6651A                  (4)5( 21.5)      18500050.0
c  273   6651A                  (2)4(  8.5)      18502050.0
c  274   6651A                  (4)3( 13.5)      18510050.0
c  275   6651A                  (2)3(  6.5)      18524050.0
c  276   6651A                  (4)1(  5.5)      18529050.0
c  277   6651A                  (4)5( 21.5)      18531050.0
c  278   66519                  (2)3(  6.5)      18545050.0
c  279   6651A                  (4)5( 21.5)      18546050.0
c  280   6651A                  (2)6( 12.5)      18552050.0
c  281   6651A                  (2)1(  2.5)      18552050.0
c  282   6651A                  (2)3(  6.5)      18554050.0
c  283   6651A                  (2)0(  0.5)      18567050.0
c  284   6651A                  (4)7( 29.5)      18582050.0
c  285   6651A                  (4)0(  1.5)      18585050.0
c  286   6651A                  (4)4( 17.5)      18588050.0
c  287   6651A                  (4)6( 25.5)      18592050.0
c  288   6651A                  (2)6( 12.5)      18616050.0
c  289   6651A                  (2)2(  4.5)      18620050.0
c  290   6651A                  (4)4( 17.5)      18622050.0
c  291   6651A                  (4)4( 17.5)      18624050.0
c  292   6651A                  (2)2(  4.5)      18628050.0
c  293   6651A                  (4)3( 13.5)      18637050.0
c  294   6651A                  (2)7( 14.5)      18638050.0
c  295   6651A                  (4)4( 17.5)      18649050.0
c  296   6651A                  (2)2(  4.5)      18654050.0
c  297   6651A                  (4)5( 21.5)      18656050.0
c  298   6651A                  (4)6( 25.5)      18667050.0
c  299   6651A                  (2)3(  6.5)      18681050.0
c  300   6651A                  (2)6( 12.5)      18702050.0
c  301   6651A                  (2)4(  8.5)      18705050.0
c  302   6651A                  (4)8( 33.5)      18707050.0
c  303   6651A                  (2)5( 10.5)      18758050.0
c  304   6651A                  (2)5( 10.5)      18772050.0
c  305   6651A                  (4)4( 17.5)      18774050.0
c  306   6651A                  (2)4(  8.5)      18775050.0
c  307   6651A                  (4)2(  9.5)      18808050.0
c  308   6651A                  (2)4(  8.5)      18815050.0
c  309   6651A                  (4)2(  9.5)      18816050.0
c  310   6651A                  (4)3( 13.5)      18818050.0
c  311   6651A                  (4)3( 13.5)      18834050.0
c  312   6651A                  (4)2(  9.5)      18840050.0
c  313   6651A                  (4)4( 17.5)      18858050.0
c  314   6651A                  (2)8( 16.5)      18864050.0
c  315   6651A                  (2)5( 10.5)      18877050.0
c  316   6651A                  (4)3( 13.5)      18885050.0
c  317   6651A                  (4)3( 13.5)      18891050.0
c  318   6651A                  (2)9( 18.5)      18896050.0
c  319   6651A                  (2)2(  4.5)      18897050.0
c  320   6651A                  (4)0(  1.5)      18898050.0
c  321   6651A                  (4)4( 17.5)      18915050.0
c  322   6651A                  (2)8( 16.5)      18919050.0
c  323   6651A                  (2)7( 14.5)      18920050.0
c  324   6651A                  (4)1(  5.5)      18924050.0
c  325   6651A                  (2)7( 14.5)      18951050.0
c  326   6651A                  (4)1(  5.5)      18962050.0
c  327   6651A                  (2)6( 12.5)      18963050.0
c  328   6651A                  (2)4(  8.5)      18975050.0
c  329   6651A                  (4)5( 21.5)      18975050.0
c  330   6651A                  (2)3(  6.5)      18978050.0
c  331   6651A                  (2)2(  4.5)      18990050.0
c  332   6651A                  (2)4(  8.5)      18992050.0
c  333   6651A                  (2)0(  0.5)      19000050.0
c  334   6651A                  (2)1(  2.5)      19009050.0
c  335   6651A                  (2)7( 14.5)      19013050.0
c  336   6651A                  (2)5( 10.5)      19018050.0
c  337   6651A                  (2)3(  6.5)      19022050.0
c  338   6651A                  (4)6( 25.5)      19053050.0
c  339   6651A                  (2)4(  8.5)      19060050.0
c  340   6651A                  (2)5( 10.5)      19061050.0
c  341   6651A                  (4)6( 25.5)      19064050.0
c  342   6651A                  (2)2(  4.5)      19065050.0
c  343   6651A                  (2)3(  6.5)      19066050.0
c  344   6651A                  (2)1(  2.5)      19076050.0
c  345   6651A                  (2)2(  4.5)      19099050.0
c  346   6651A                  (2)3(  6.5)      19107050.0
c  347   6651A                  (2)6( 12.5)      19108050.0
c  348   6651A                  (2)1(  2.5)      19118050.0
c  349   6651A                  (2)5( 10.5)      19120050.0
c  350   6651A                  (4)2(  9.5)      19125050.0
c  351   6651A                  (2)3(  6.5)      19126050.0
c  352   6651A                  (2)4(  8.5)      19141050.0
c  353   6651A                  (2)4(  8.5)      19149050.0
c  354   6651A                  (4)1(  5.5)      19195050.0
c  355   6651A                  (2)2(  4.5)      19195050.0
c  356   6651A                  (4)4( 17.5)      19217050.0
c  357   6651A                  (2)6( 12.5)      19217050.0
c  358   6651A                  (2)1(  2.5)      19234050.0
c  359   6651A                  (2)4(  8.5)      19237050.0
c  360   6651A                  (2)5( 10.5)      19249050.0
c  361   6651A                  (2)3(  6.5)      19257050.0
c  362   6651A                  (2)1(  2.5)      19281050.0
c  363   6651A                  (2)2(  4.5)      19295050.0
c  364   6651A                  (2)2(  4.5)      19296050.0
c  365   6651A                  (2)3(  6.5)      19298050.0
c  366   6651A                  (2)3(  6.5)      19355050.0
c  367   6651A                  (2)3(  6.5)      19382050.0
c  368   6651A                  (2)1(  2.5)      19389050.0
c  369   6651A                  (2)2(  4.5)      19425050.0
c  370   6651A                  (2)5( 10.5)      19516050.0
c  371   6651A                  (4)2(  9.5)      19520050.0
c  372   6651A                  (2)4(  8.5)      19536050.0
c  373   6651A                  (2)0(  0.5)      19542050.0
c  374   6651A                  (2)3(  6.5)      19697050.0
c  375   6651A                  (2)4(  8.5)      19824050.0
 
 
 
c-------------------------------------------------------------------------------
 
C  superstage partition information
C  ================================
C
C  element symbol   : W
C  parent template  : 
C  partition level  :  1
C  superstage label : 49
C
C  tabulation       : photon emissivity coefft (te,ne)
C  units            : ph. emis coef(cm^3 s^-1); te (ev); ne (cm^-3)
C
C  photon emissivity atomic transitions
C  ------------------------------------
C  
C   isel  wvlen(A)            transition                type  ispb nspb
C                                                             ispp nspp sz    tg pr wr
C  ----- ---------- ----------------------------------- ----- ---- ---- --    -- -- --
C      1   5.25915  356(4)4( 17.5)-  2(4)3( 13.5)       excit   1    1  49   621 34  1
C      2   5.26592  331(2)2(  4.5)-  1(2)1(  2.5)       excit   1    1  49   251 16  2
C      3   5.35261  316(4)3( 13.5)-  2(4)3( 13.5)       excit   1    1  49   586 32  3
C      4   5.36077  296(2)2(  4.5)-  1(2)1(  2.5)       excit   1    1  49   234 43  4
C      5   5.38589  283(2)0(  0.5)-  1(2)1(  2.5)       excit   1    1  49   225 29  5
C      6   5.39024  281(2)1(  2.5)-  1(2)1(  2.5)       excit   1    1  49   223 49  6
C      7   5.41710  268(2)1(  2.5)-  1(2)1(  2.5)       excit   1    1  49   216 36  7
C      8   5.42533  267(4)2(  9.5)-  1(2)1(  2.5)       excit   1    1  49   215 13  8
C      9   5.42622  266(4)2(  9.5)-  1(2)1(  2.5)       excit   1    1  49   214 30  9
C     10   5.48652  266(4)2(  9.5)-  2(4)3( 13.5)       excit   1    1  49   539 48 10
C     11   5.49570  249(2)1(  2.5)-  1(2)1(  2.5)       excit   1    1  49   202 24 11
C     12   5.51540  243(4)2(  9.5)-  1(2)1(  2.5)       excit   1    1  49   197 41 12
C     13   5.52033  331(2)2(  4.5)-  8(2)2(  4.5)       excit   1    1  49  2491 28 13
C     14   5.67190  243(4)2(  9.5)-  4(2)2(  4.5)       excit   1    1  49  1199 39 14
C     15   6.57244   76(2)2(  4.5)-  1(2)1(  2.5)       excit   1    1  49    67 50 15
C     16   19.8549   27(2)1(  2.5)-  6(4)1(  5.5)       excit   1    1  49  1639 46 16
C     17   20.2829   22(2)2(  4.5)-  1(2)1(  2.5)       excit   1    1  49    18 44 17
C     18   20.9923   27(2)1(  2.5)-  8(2)2(  4.5)       excit   1    1  49  2230 40 18
C     19   21.1520   22(2)2(  4.5)-  2(4)3( 13.5)       excit   1    1  49   298 31 19
C     20   22.2059   22(2)2(  4.5)-  3(2)3(  6.5)       excit   1    1  49   658 33 20
C     21   22.9721   22(2)2(  4.5)-  5(2)4(  8.5)       excit   1    1  49  1312 45 21
C     22   25.0655   16(4)1(  5.5)-  1(2)1(  2.5)       excit   1    1  49    13 35 22
C     23   26.9081   13(2)0(  0.5)-  1(2)1(  2.5)       excit   1    1  49    11 15 23
C     24   28.4594   13(2)0(  0.5)-  2(4)3( 13.5)       excit   1    1  49   289 22 24
C     25   28.6471   12(2)2(  4.5)-  1(2)1(  2.5)       excit   1    1  49    10 25 25
C     26   29.1890   10(2)2(  4.5)-  1(2)1(  2.5)       excit   1    1  49     8 17 26
C     27   29.5226   16(4)1(  5.5)-  6(4)1(  5.5)       excit   1    1  49  1629 10 27
C     28   29.9639    9(2)1(  2.5)-  1(2)1(  2.5)       excit   1    1  49     7  5 28
C     29   30.4120   12(2)2(  4.5)-  2(4)3( 13.5)       excit   1    1  49   288 20 29
C     30   30.7329   15(4)0(  1.5)-  6(4)1(  5.5)       excit   1    1  49  1628 23 30
C     31   31.0233   10(2)2(  4.5)-  2(4)3( 13.5)       excit   1    1  49   286 21 31
C     32   33.3443   10(2)2(  4.5)-  3(2)3(  6.5)       excit   1    1  49   647 12 32
C     33   33.4394   12(2)2(  4.5)-  4(2)2(  4.5)       excit   1    1  49   989  8 33
C     34   35.2474    9(2)1(  2.5)-  4(2)2(  4.5)       excit   1    1  49   986  4 34
C     35   39.2042   10(2)2(  4.5)-  8(2)2(  4.5)       excit   1    1  49  2214 27 35
C     36   74.4048  171(2)1(  2.5)-105(4)1(  5.5)       excit   1    1  49 28431 47 36
C     37   166.027    6(4)1(  5.5)-  1(2)1(  2.5)       excit   1    1  49     5 14 37
C     38   223.084    8(2)2(  4.5)-  3(2)3(  6.5)       excit   1    1  49   645 19 38
C     39   234.226    3(2)3(  6.5)-  1(2)1(  2.5)       excit   1    1  49     2  6 39
C     40   250.163    6(4)1(  5.5)-  2(4)3( 13.5)       excit   1    1  49   282 11 40
C     41   266.712    8(2)2(  4.5)-  4(2)2(  4.5)       excit   1    1  49   985 37 41
C     42   266.966    5(2)4(  8.5)-  2(4)3( 13.5)       excit   1    1  49   281 18 42
C     43   335.915    4(2)2(  4.5)-  2(4)3( 13.5)       excit   1    1  49   280  2 43
C     44   366.448    8(2)2(  4.5)-  6(4)1(  5.5)       excit   1    1  49  1621 26 44
C     45   445.696    3(2)3(  6.5)-  2(4)3( 13.5)       excit   1    1  49   279  3 45
C     46   493.657    2(4)3( 13.5)-  1(2)1(  2.5)       excit   1    1  49     1  1 46
C     47   665.726    5(2)4(  8.5)-  3(2)3(  6.5)       excit   1    1  49   642 42 47
C     48   979.950    6(4)1(  5.5)-  4(2)2(  4.5)       excit   1    1  49   983  7 48
C     49   1363.77    4(2)2(  4.5)-  3(2)3(  6.5)       excit   1    1  49   641  9 49
C     50   3156.57    7(2)5( 10.5)-  5(2)4(  8.5)       excit   1    1  49  1300 38 50
c-------------------------------------------------------------------------------
                                                                                
C  code     : adas810
C  producer : Adam Foster
C  date     : 15/05/09
                                                                                
c-------------------------------------------------------------------------------

C-----------------------------------------------------------------------
C                               OPEN-ADAS
C                               +++++++++
C
C This file has been downloaded from OPEN-ADAS (http://open.adas.ac.uk)
C on 26-Mar-2025.
C
C TERMS AND CONDITIONS
C --------------------
C
C The user of the OPEN-ADAS system and data (hereinafter "the User")
C accepts the following terms and conditions:
C
C   1. The University of Strathclyde uses all reasonable endeavours to
C      ensure the accuracy of the data provided and any information
C      given, but the University makes no warranty, expressed or implied
C      as to its accuracy, integrity, fitness for purpose and shall not
C      be responsible for the use to which the data is put by the User
C      and/or any consequences arising out of any inaccuracies or
C      omissions.
C
C   2. Any downloaded OPEN-ADAS file is made available for the
C      personal use of the User only.  It must not be used for any
C      commercial application, incorporated into any web site or in
C      any form re-distributed without express prior written permission
C      from the ADAS Project. In particular, but not by way of
C      limitation, it must not be:
C        *  inserted into a managed database structure,
C        *  redistributed along with a modelling or analysis code,
C        *  made available on a public website.
C
C Permission for OPEN-ADAS data incorporation in non-commercial
C code/system development for scientific advance will not be
C unreasonably withheld, but will be subject to written agreement
C on a case by case basis.
C
C The User will indemnify the University of Strathclyde and keep it
C fully and effectively indemnified against each and every claim made
C against the University as a result of the User's use of the data.
C
C-----------------------------------------------------------------------
