   50    /W :50 photon emissivity coefficients/
--------------------------------------------------------------------------------
    1    1    1    1    1    1    1    1    1    1    1    1    1    1
    1    1    1    1    1    1    1    1    1    1    1    1    1    1
    1    1    1    1    1    1    1    1    1    1    1    1    1    1
    1    1    1    1    1    1    1    1    1    1    1    1    1    1
    1    1    1    1    1    1    1    1    1    1    1    1    1    1
    1    1    1    1    1
--------------------------------------------------------------------------------
//#01/p00/ 00/p01/ 01/p02/ 02/p03/ 03/p04/ 04/p05/ 05/p06/ 06/p07/ 07/p08/ 08/  
      p09/ 09/p10/ 10/p11/ 11/p12/ 12/p13/ 13/p14/ 14/p15/ 15/p16/ 16/p17/ 17/  
      p18/ 18/p19/ 19/p20/ 20/p21/ 21/p22/ 22/p23/ 23/p24/ 24/p25/ 25/p26/ 26/  
      p27/ 27/p28/ 28/p29/ 29/p30/ 30/p31/ 31/p32/ 32/p33/ 33/p34/ 34/p35/ 35/  
      p36/ 36/p37/ 37/p38/ 38/p39/ 39/p40/ 40/p41/ 41/p42/ 42/p43/ 43/p44/ 44/  
      p45/ 45/p46/ 46/p47/ 47/p48/ 48/p49/ 49/p50/ 50/p51/ 51/p52/ 52/p53/ 53/  
      p54/ 54/p55/ 55/p56/ 56/p57/ 57/p58/ 58/p59/ 59/p60/ 60/p61/ 61/p62/ 62/  
      p63/ 63/p64/ 64/p65/ 65/p66/ 66/p67/ 67/p68/ 68/p69/ 69/p70/ 70/p71/ 71/  
      p72/ 72/p73/ 73/p74/ 74/                                                  
--------------------------------------------------------------------------------
  5.12820    7  14 /pl=01:ss=50:pb= 1:sz=50/type=excit/ispb = t/isel =    1
 1.00E+10 1.00E+11 1.00E+12 1.00E+13 1.00E+14 1.00E+15 1.00E+16
 4.48E+01 6.72E+01 1.12E+02 2.24E+02 4.48E+02 1.12E+03 2.24E+03 3.36E+03
 4.48E+03 6.72E+03 1.12E+04 2.24E+04 4.48E+04 6.72E+04
 5.20E-34 2.73E-26 3.74E-20 1.29E-15 2.04E-13 3.48E-12 7.97E-12 1.02E-11
 1.13E-11 1.26E-11 1.33E-11 1.34E-11 1.26E-11 1.19E-11
 5.20E-34 2.73E-26 3.74E-20 1.29E-15 2.04E-13 3.47E-12 7.96E-12 1.02E-11
 1.13E-11 1.26E-11 1.33E-11 1.34E-11 1.26E-11 1.19E-11
 5.20E-34 2.73E-26 3.74E-20 1.29E-15 2.03E-13 3.45E-12 7.90E-12 1.01E-11
 1.13E-11 1.25E-11 1.32E-11 1.33E-11 1.26E-11 1.18E-11
 5.20E-34 2.73E-26 3.73E-20 1.26E-15 1.95E-13 3.25E-12 7.46E-12 9.55E-12
 1.07E-11 1.19E-11 1.27E-11 1.28E-11 1.22E-11 1.15E-11
 5.20E-34 2.73E-26 3.69E-20 1.19E-15 1.75E-13 2.85E-12 6.51E-12 8.35E-12
 9.36E-12 1.04E-11 1.12E-11 1.14E-11 1.09E-11 1.04E-11
 5.18E-34 2.71E-26 3.58E-20 1.07E-15 1.39E-13 2.02E-12 4.41E-12 5.61E-12
 6.29E-12 7.09E-12 7.74E-12 8.16E-12 8.13E-12 7.90E-12
 4.96E-34 2.49E-26 2.91E-20 5.38E-16 4.44E-14 4.85E-13 9.84E-13 1.24E-12
 1.39E-12 1.59E-12 1.79E-12 2.01E-12 2.18E-12 2.25E-12
  5.18564    7  14 /pl=01:ss=50:pb= 1:sz=50/type=excit/ispb = t/isel =    2
 1.00E+10 1.00E+11 1.00E+12 1.00E+13 1.00E+14 1.00E+15 1.00E+16
 4.48E+01 6.72E+01 1.12E+02 2.24E+02 4.48E+02 1.12E+03 2.24E+03 3.36E+03
 4.48E+03 6.72E+03 1.12E+04 2.24E+04 4.48E+04 6.72E+04
 1.23E-33 5.27E-26 6.16E-20 1.88E-15 2.81E-13 4.61E-12 1.04E-11 1.33E-11
 1.48E-11 1.63E-11 1.72E-11 1.73E-11 1.63E-11 1.54E-11
 1.23E-33 5.27E-26 6.16E-20 1.88E-15 2.81E-13 4.61E-12 1.04E-11 1.33E-11
 1.48E-11 1.63E-11 1.72E-11 1.73E-11 1.63E-11 1.54E-11
 1.23E-33 5.27E-26 6.15E-20 1.87E-15 2.79E-13 4.57E-12 1.03E-11 1.32E-11
 1.47E-11 1.62E-11 1.71E-11 1.72E-11 1.63E-11 1.54E-11
 1.23E-33 5.27E-26 6.14E-20 1.84E-15 2.67E-13 4.31E-12 9.75E-12 1.25E-11
 1.39E-11 1.54E-11 1.63E-11 1.66E-11 1.57E-11 1.49E-11
 1.22E-33 5.26E-26 6.05E-20 1.73E-15 2.40E-13 3.75E-12 8.49E-12 1.09E-11
 1.22E-11 1.35E-11 1.44E-11 1.48E-11 1.41E-11 1.35E-11
 1.22E-33 5.20E-26 5.85E-20 1.54E-15 1.89E-13 2.63E-12 5.69E-12 7.22E-12
 8.10E-12 9.07E-12 9.89E-12 1.05E-11 1.04E-11 1.02E-11
 1.16E-33 4.76E-26 4.71E-20 7.59E-16 5.80E-14 6.03E-13 1.20E-12 1.51E-12
 1.70E-12 1.93E-12 2.18E-12 2.47E-12 2.70E-12 2.79E-12
  5.23916    7  14 /pl=01:ss=50:pb= 1:sz=50/type=excit/ispb = t/isel =    3
 1.00E+10 1.00E+11 1.00E+12 1.00E+13 1.00E+14 1.00E+15 1.00E+16
 4.48E+01 6.72E+01 1.12E+02 2.24E+02 4.48E+02 1.12E+03 2.24E+03 3.36E+03
 4.48E+03 6.72E+03 1.12E+04 2.24E+04 4.48E+04 6.72E+04
 6.65E-34 2.39E-26 2.41E-20 6.61E-16 9.34E-14 1.48E-12 3.33E-12 4.21E-12
 4.69E-12 5.15E-12 5.44E-12 5.46E-12 5.15E-12 4.87E-12
 6.65E-34 2.39E-26 2.41E-20 6.61E-16 9.33E-14 1.48E-12 3.33E-12 4.21E-12
 4.69E-12 5.14E-12 5.44E-12 5.45E-12 5.15E-12 4.87E-12
 6.65E-34 2.39E-26 2.41E-20 6.60E-16 9.28E-14 1.47E-12 3.30E-12 4.18E-12
 4.65E-12 5.11E-12 5.40E-12 5.43E-12 5.13E-12 4.85E-12
 6.65E-34 2.39E-26 2.41E-20 6.47E-16 8.89E-14 1.39E-12 3.11E-12 3.95E-12
 4.40E-12 4.85E-12 5.16E-12 5.22E-12 4.96E-12 4.71E-12
 6.65E-34 2.39E-26 2.37E-20 6.09E-16 7.98E-14 1.21E-12 2.71E-12 3.45E-12
 3.86E-12 4.27E-12 4.56E-12 4.65E-12 4.47E-12 4.26E-12
 6.62E-34 2.36E-26 2.30E-20 5.44E-16 6.34E-14 8.58E-13 1.84E-12 2.32E-12
 2.60E-12 2.90E-12 3.16E-12 3.33E-12 3.32E-12 3.24E-12
 6.35E-34 2.18E-26 1.87E-20 2.75E-16 2.02E-14 2.05E-13 4.08E-13 5.09E-13
 5.71E-13 6.47E-13 7.30E-13 8.22E-13 8.94E-13 9.24E-13
  5.29296    7  14 /pl=01:ss=50:pb= 1:sz=50/type=excit/ispb = t/isel =    4
 1.00E+10 1.00E+11 1.00E+12 1.00E+13 1.00E+14 1.00E+15 1.00E+16
 4.48E+01 6.72E+01 1.12E+02 2.24E+02 4.48E+02 1.12E+03 2.24E+03 3.36E+03
 4.48E+03 6.72E+03 1.12E+04 2.24E+04 4.48E+04 6.72E+04
 1.43E-33 4.29E-26 3.75E-20 9.24E-16 1.24E-13 1.91E-12 4.23E-12 5.34E-12
 5.93E-12 6.51E-12 6.86E-12 6.85E-12 6.44E-12 6.04E-12
 1.43E-33 4.29E-26 3.75E-20 9.24E-16 1.24E-13 1.91E-12 4.23E-12 5.34E-12
 5.93E-12 6.51E-12 6.86E-12 6.84E-12 6.44E-12 6.04E-12
 1.43E-33 4.29E-26 3.75E-20 9.22E-16 1.23E-13 1.89E-12 4.19E-12 5.30E-12
 5.88E-12 6.46E-12 6.81E-12 6.81E-12 6.41E-12 6.02E-12
 1.43E-33 4.29E-26 3.74E-20 9.04E-16 1.18E-13 1.78E-12 3.95E-12 5.01E-12
 5.57E-12 6.14E-12 6.51E-12 6.54E-12 6.20E-12 5.84E-12
 1.43E-33 4.28E-26 3.68E-20 8.51E-16 1.06E-13 1.55E-12 3.44E-12 4.37E-12
 4.87E-12 5.40E-12 5.75E-12 5.83E-12 5.58E-12 5.28E-12
 1.42E-33 4.23E-26 3.56E-20 7.59E-16 8.38E-14 1.10E-12 2.33E-12 2.94E-12
 3.28E-12 3.66E-12 3.98E-12 4.17E-12 4.14E-12 4.01E-12
 1.36E-33 3.89E-26 2.89E-20 3.85E-16 2.73E-14 2.74E-13 5.41E-13 6.74E-13
 7.53E-13 8.52E-13 9.54E-13 1.06E-12 1.14E-12 1.17E-12
  17.5660    7  14 /pl=01:ss=50:pb= 1:sz=50/type=excit/ispb = t/isel =    5
 1.00E+10 1.00E+11 1.00E+12 1.00E+13 1.00E+14 1.00E+15 1.00E+16
 4.48E+01 6.72E+01 1.12E+02 2.24E+02 4.48E+02 1.12E+03 2.24E+03 3.36E+03
 4.48E+03 6.72E+03 1.12E+04 2.24E+04 4.48E+04 6.72E+04
 7.40E-18 1.15E-15 6.00E-14 1.01E-12 3.60E-12 6.51E-12 7.04E-12 6.87E-12
 6.61E-12 6.14E-12 5.46E-12 4.50E-12 3.62E-12 3.17E-12
 7.40E-18 1.15E-15 6.00E-14 1.01E-12 3.60E-12 6.50E-12 7.03E-12 6.87E-12
 6.61E-12 6.14E-12 5.45E-12 4.50E-12 3.62E-12 3.17E-12
 7.40E-18 1.15E-15 6.00E-14 1.01E-12 3.58E-12 6.45E-12 6.97E-12 6.81E-12
 6.56E-12 6.10E-12 5.42E-12 4.47E-12 3.61E-12 3.16E-12
 7.40E-18 1.15E-15 5.98E-14 9.91E-13 3.43E-12 6.08E-12 6.58E-12 6.44E-12
 6.21E-12 5.79E-12 5.17E-12 4.30E-12 3.49E-12 3.07E-12
 7.39E-18 1.15E-15 5.90E-14 9.33E-13 3.08E-12 5.30E-12 5.72E-12 5.62E-12
 5.43E-12 5.09E-12 4.57E-12 3.83E-12 3.14E-12 2.77E-12
 7.35E-18 1.13E-15 5.70E-14 8.31E-13 2.44E-12 3.74E-12 3.86E-12 3.75E-12
 3.63E-12 3.43E-12 3.14E-12 2.73E-12 2.32E-12 2.09E-12
 7.01E-18 1.04E-15 4.61E-14 4.24E-13 8.19E-13 9.90E-13 9.51E-13 9.09E-13
 8.76E-13 8.30E-13 7.72E-13 7.00E-13 6.37E-13 6.04E-13
  21.4533    7  14 /pl=01:ss=50:pb= 1:sz=50/type=excit/ispb = t/isel =    6
 1.00E+10 1.00E+11 1.00E+12 1.00E+13 1.00E+14 1.00E+15 1.00E+16
 4.48E+01 6.72E+01 1.12E+02 2.24E+02 4.48E+02 1.12E+03 2.24E+03 3.36E+03
 4.48E+03 6.72E+03 1.12E+04 2.24E+04 4.48E+04 6.72E+04
 3.06E-17 2.87E-15 9.96E-14 1.24E-12 3.80E-12 6.27E-12 6.58E-12 6.34E-12
 6.10E-12 5.62E-12 4.95E-12 4.09E-12 3.28E-12 2.88E-12
 3.06E-17 2.87E-15 9.96E-14 1.24E-12 3.80E-12 6.27E-12 6.57E-12 6.34E-12
 6.10E-12 5.61E-12 4.95E-12 4.09E-12 3.28E-12 2.88E-12
 3.06E-17 2.87E-15 9.96E-14 1.24E-12 3.78E-12 6.22E-12 6.52E-12 6.29E-12
 6.06E-12 5.58E-12 4.92E-12 4.07E-12 3.27E-12 2.87E-12
 3.06E-17 2.88E-15 9.95E-14 1.22E-12 3.65E-12 5.92E-12 6.21E-12 6.01E-12
 5.79E-12 5.35E-12 4.74E-12 3.94E-12 3.18E-12 2.80E-12
 3.07E-17 2.89E-15 9.93E-14 1.18E-12 3.43E-12 5.51E-12 5.81E-12 5.63E-12
 5.44E-12 5.03E-12 4.46E-12 3.71E-12 3.00E-12 2.64E-12
 3.16E-17 2.97E-15 1.02E-13 1.24E-12 3.66E-12 5.84E-12 6.11E-12 5.91E-12
 5.68E-12 5.25E-12 4.66E-12 3.86E-12 3.11E-12 2.73E-12
 3.89E-17 3.61E-15 1.24E-13 1.31E-12 2.95E-12 3.80E-12 3.71E-12 3.55E-12
 3.40E-12 3.18E-12 2.90E-12 2.53E-12 2.17E-12 1.97E-12
  23.1893    7  14 /pl=01:ss=50:pb= 1:sz=50/type=excit/ispb = t/isel =    7
 1.00E+10 1.00E+11 1.00E+12 1.00E+13 1.00E+14 1.00E+15 1.00E+16
 4.48E+01 6.72E+01 1.12E+02 2.24E+02 4.48E+02 1.12E+03 2.24E+03 3.36E+03
 4.48E+03 6.72E+03 1.12E+04 2.24E+04 4.48E+04 6.72E+04
 5.52E-16 2.40E-14 4.53E-13 3.56E-12 8.68E-12 1.25E-11 1.26E-11 1.19E-11
 1.13E-11 1.04E-11 9.12E-12 7.44E-12 5.97E-12 5.22E-12
 5.52E-16 2.40E-14 4.54E-13 3.57E-12 8.71E-12 1.26E-11 1.26E-11 1.20E-11
 1.13E-11 1.04E-11 9.13E-12 7.45E-12 5.98E-12 5.23E-12
 5.53E-16 2.41E-14 4.58E-13 3.65E-12 8.93E-12 1.28E-11 1.28E-11 1.22E-11
 1.15E-11 1.05E-11 9.25E-12 7.53E-12 6.03E-12 5.27E-12
 5.55E-16 2.48E-14 5.01E-13 4.27E-12 1.05E-11 1.47E-11 1.44E-11 1.35E-11
 1.27E-11 1.15E-11 1.00E-11 8.08E-12 6.41E-12 5.57E-12
 5.74E-16 2.90E-14 6.89E-13 5.87E-12 1.35E-11 1.73E-11 1.63E-11 1.51E-11
 1.41E-11 1.28E-11 1.11E-11 8.97E-12 7.13E-12 6.20E-12
 6.05E-16 3.49E-14 8.28E-13 6.01E-12 1.19E-11 1.34E-11 1.19E-11 1.09E-11
 1.02E-11 9.33E-12 8.29E-12 6.95E-12 5.77E-12 5.15E-12
 5.91E-16 3.38E-14 6.99E-13 3.16E-12 4.05E-12 3.54E-12 2.96E-12 2.68E-12
 2.52E-12 2.33E-12 2.13E-12 1.89E-12 1.70E-12 1.60E-12
  23.7596    7  14 /pl=01:ss=50:pb= 1:sz=50/type=excit/ispb = t/isel =    8
 1.00E+10 1.00E+11 1.00E+12 1.00E+13 1.00E+14 1.00E+15 1.00E+16
 4.48E+01 6.72E+01 1.12E+02 2.24E+02 4.48E+02 1.12E+03 2.24E+03 3.36E+03
 4.48E+03 6.72E+03 1.12E+04 2.24E+04 4.48E+04 6.72E+04
 1.10E-17 1.71E-15 8.94E-14 1.51E-12 5.36E-12 9.70E-12 1.05E-11 1.02E-11
 9.85E-12 9.15E-12 8.13E-12 6.70E-12 5.40E-12 4.72E-12
 1.10E-17 1.71E-15 8.94E-14 1.51E-12 5.36E-12 9.69E-12 1.05E-11 1.02E-11
 9.84E-12 9.14E-12 8.12E-12 6.70E-12 5.40E-12 4.72E-12
 1.10E-17 1.71E-15 8.93E-14 1.50E-12 5.33E-12 9.61E-12 1.04E-11 1.01E-11
 9.77E-12 9.08E-12 8.07E-12 6.66E-12 5.37E-12 4.70E-12
 1.10E-17 1.71E-15 8.91E-14 1.48E-12 5.10E-12 9.06E-12 9.79E-12 9.59E-12
 9.25E-12 8.63E-12 7.71E-12 6.41E-12 5.20E-12 4.57E-12
 1.10E-17 1.71E-15 8.78E-14 1.39E-12 4.58E-12 7.90E-12 8.52E-12 8.37E-12
 8.09E-12 7.58E-12 6.81E-12 5.71E-12 4.67E-12 4.13E-12
 1.10E-17 1.69E-15 8.49E-14 1.24E-12 3.63E-12 5.57E-12 5.74E-12 5.59E-12
 5.41E-12 5.11E-12 4.68E-12 4.06E-12 3.45E-12 3.12E-12
 1.04E-17 1.55E-15 6.87E-14 6.32E-13 1.22E-12 1.47E-12 1.42E-12 1.35E-12
 1.30E-12 1.24E-12 1.15E-12 1.04E-12 9.49E-13 9.00E-13
  24.3646    7  14 /pl=01:ss=50:pb= 1:sz=50/type=excit/ispb = t/isel =    9
 1.00E+10 1.00E+11 1.00E+12 1.00E+13 1.00E+14 1.00E+15 1.00E+16
 4.48E+01 6.72E+01 1.12E+02 2.24E+02 4.48E+02 1.12E+03 2.24E+03 3.36E+03
 4.48E+03 6.72E+03 1.12E+04 2.24E+04 4.48E+04 6.72E+04
 1.93E-17 1.81E-15 6.28E-14 7.81E-13 2.40E-12 3.95E-12 4.14E-12 4.00E-12
 3.85E-12 3.54E-12 3.12E-12 2.58E-12 2.07E-12 1.81E-12
 1.93E-17 1.81E-15 6.28E-14 7.81E-13 2.40E-12 3.95E-12 4.14E-12 3.99E-12
 3.84E-12 3.54E-12 3.12E-12 2.57E-12 2.07E-12 1.81E-12
 1.93E-17 1.81E-15 6.28E-14 7.79E-13 2.38E-12 3.92E-12 4.11E-12 3.97E-12
 3.82E-12 3.52E-12 3.10E-12 2.56E-12 2.06E-12 1.81E-12
 1.93E-17 1.81E-15 6.27E-14 7.68E-13 2.30E-12 3.73E-12 3.91E-12 3.79E-12
 3.65E-12 3.37E-12 2.99E-12 2.48E-12 2.00E-12 1.76E-12
 1.94E-17 1.82E-15 6.26E-14 7.43E-13 2.16E-12 3.47E-12 3.66E-12 3.55E-12
 3.43E-12 3.17E-12 2.81E-12 2.34E-12 1.89E-12 1.66E-12
 1.99E-17 1.87E-15 6.45E-14 7.82E-13 2.31E-12 3.68E-12 3.85E-12 3.72E-12
 3.58E-12 3.31E-12 2.94E-12 2.43E-12 1.96E-12 1.72E-12
 2.45E-17 2.27E-15 7.83E-14 8.27E-13 1.86E-12 2.40E-12 2.34E-12 2.23E-12
 2.15E-12 2.01E-12 1.83E-12 1.59E-12 1.37E-12 1.24E-12
  24.4073    7  14 /pl=01:ss=50:pb= 1:sz=50/type=excit/ispb = t/isel =   10
 1.00E+10 1.00E+11 1.00E+12 1.00E+13 1.00E+14 1.00E+15 1.00E+16
 4.48E+01 6.72E+01 1.12E+02 2.24E+02 4.48E+02 1.12E+03 2.24E+03 3.36E+03
 4.48E+03 6.72E+03 1.12E+04 2.24E+04 4.48E+04 6.72E+04
 8.43E-17 5.85E-15 1.59E-13 1.66E-12 4.66E-12 7.31E-12 7.53E-12 7.21E-12
 6.89E-12 6.33E-12 5.57E-12 4.56E-12 3.66E-12 3.18E-12
 8.43E-17 5.85E-15 1.59E-13 1.66E-12 4.66E-12 7.30E-12 7.52E-12 7.21E-12
 6.88E-12 6.32E-12 5.57E-12 4.56E-12 3.65E-12 3.18E-12
 8.43E-17 5.85E-15 1.59E-13 1.65E-12 4.63E-12 7.25E-12 7.46E-12 7.15E-12
 6.83E-12 6.28E-12 5.53E-12 4.54E-12 3.64E-12 3.17E-12
 8.43E-17 5.85E-15 1.59E-13 1.62E-12 4.45E-12 6.85E-12 7.05E-12 6.78E-12
 6.49E-12 5.98E-12 5.30E-12 4.37E-12 3.53E-12 3.08E-12
 8.44E-17 5.85E-15 1.57E-13 1.54E-12 4.04E-12 6.06E-12 6.24E-12 6.01E-12
 5.77E-12 5.34E-12 4.75E-12 3.95E-12 3.21E-12 2.81E-12
 8.45E-17 5.84E-15 1.54E-13 1.43E-12 3.48E-12 4.84E-12 4.83E-12 4.63E-12
 4.44E-12 4.13E-12 3.71E-12 3.15E-12 2.62E-12 2.33E-12
 8.60E-17 5.75E-15 1.42E-13 1.04E-12 2.05E-12 2.54E-12 2.47E-12 2.34E-12
 2.24E-12 2.09E-12 1.89E-12 1.63E-12 1.39E-12 1.26E-12
  25.1619    7  14 /pl=01:ss=50:pb= 1:sz=50/type=excit/ispb = t/isel =   11
 1.00E+10 1.00E+11 1.00E+12 1.00E+13 1.00E+14 1.00E+15 1.00E+16
 4.48E+01 6.72E+01 1.12E+02 2.24E+02 4.48E+02 1.12E+03 2.24E+03 3.36E+03
 4.48E+03 6.72E+03 1.12E+04 2.24E+04 4.48E+04 6.72E+04
 3.86E-17 5.99E-15 3.13E-13 5.28E-12 1.88E-11 3.39E-11 3.67E-11 3.58E-11
 3.45E-11 3.20E-11 2.84E-11 2.35E-11 1.89E-11 1.65E-11
 3.86E-17 5.99E-15 3.13E-13 5.28E-12 1.87E-11 3.39E-11 3.67E-11 3.58E-11
 3.45E-11 3.20E-11 2.84E-11 2.34E-11 1.89E-11 1.65E-11
 3.86E-17 5.99E-15 3.13E-13 5.27E-12 1.86E-11 3.36E-11 3.63E-11 3.55E-11
 3.42E-11 3.18E-11 2.82E-11 2.33E-11 1.88E-11 1.65E-11
 3.86E-17 5.99E-15 3.12E-13 5.17E-12 1.79E-11 3.17E-11 3.43E-11 3.36E-11
 3.24E-11 3.02E-11 2.70E-11 2.24E-11 1.82E-11 1.60E-11
 3.85E-17 5.98E-15 3.07E-13 4.86E-12 1.60E-11 2.76E-11 2.98E-11 2.93E-11
 2.83E-11 2.65E-11 2.38E-11 2.00E-11 1.64E-11 1.44E-11
 3.83E-17 5.91E-15 2.97E-13 4.33E-12 1.27E-11 1.95E-11 2.01E-11 1.96E-11
 1.89E-11 1.79E-11 1.64E-11 1.42E-11 1.21E-11 1.09E-11
 3.65E-17 5.42E-15 2.41E-13 2.21E-12 4.27E-12 5.16E-12 4.96E-12 4.74E-12
 4.56E-12 4.32E-12 4.03E-12 3.65E-12 3.32E-12 3.15E-12
  26.7923    7  14 /pl=01:ss=50:pb= 1:sz=50/type=excit/ispb = t/isel =   12
 1.00E+10 1.00E+11 1.00E+12 1.00E+13 1.00E+14 1.00E+15 1.00E+16
 4.48E+01 6.72E+01 1.12E+02 2.24E+02 4.48E+02 1.12E+03 2.24E+03 3.36E+03
 4.48E+03 6.72E+03 1.12E+04 2.24E+04 4.48E+04 6.72E+04
 2.10E-16 9.15E-15 1.73E-13 1.36E-12 3.31E-12 4.77E-12 4.78E-12 4.54E-12
 4.31E-12 3.95E-12 3.47E-12 2.83E-12 2.27E-12 1.99E-12
 2.10E-16 9.15E-15 1.73E-13 1.36E-12 3.32E-12 4.78E-12 4.79E-12 4.55E-12
 4.32E-12 3.95E-12 3.48E-12 2.84E-12 2.28E-12 1.99E-12
 2.10E-16 9.18E-15 1.75E-13 1.39E-12 3.40E-12 4.89E-12 4.88E-12 4.63E-12
 4.39E-12 4.01E-12 3.52E-12 2.87E-12 2.30E-12 2.01E-12
 2.11E-16 9.43E-15 1.91E-13 1.62E-12 4.01E-12 5.60E-12 5.47E-12 5.13E-12
 4.83E-12 4.38E-12 3.82E-12 3.08E-12 2.44E-12 2.12E-12
 2.18E-16 1.10E-14 2.63E-13 2.23E-12 5.13E-12 6.61E-12 6.20E-12 5.74E-12
 5.38E-12 4.86E-12 4.23E-12 3.41E-12 2.71E-12 2.36E-12
 2.30E-16 1.33E-14 3.15E-13 2.29E-12 4.54E-12 5.11E-12 4.55E-12 4.16E-12
 3.90E-12 3.55E-12 3.16E-12 2.64E-12 2.20E-12 1.96E-12
 2.25E-16 1.29E-14 2.66E-13 1.20E-12 1.54E-12 1.35E-12 1.13E-12 1.02E-12
 9.60E-13 8.87E-13 8.12E-13 7.21E-13 6.46E-13 6.08E-13
  27.3431    7  14 /pl=01:ss=50:pb= 1:sz=50/type=excit/ispb = t/isel =   13
 1.00E+10 1.00E+11 1.00E+12 1.00E+13 1.00E+14 1.00E+15 1.00E+16
 4.48E+01 6.72E+01 1.12E+02 2.24E+02 4.48E+02 1.12E+03 2.24E+03 3.36E+03
 4.48E+03 6.72E+03 1.12E+04 2.24E+04 4.48E+04 6.72E+04
 4.22E-17 3.96E-15 1.37E-13 1.71E-12 5.24E-12 8.65E-12 9.06E-12 8.75E-12
 8.41E-12 7.74E-12 6.83E-12 5.64E-12 4.52E-12 3.96E-12
 4.22E-17 3.96E-15 1.37E-13 1.71E-12 5.24E-12 8.64E-12 9.06E-12 8.74E-12
 8.41E-12 7.74E-12 6.82E-12 5.63E-12 4.52E-12 3.96E-12
 4.22E-17 3.96E-15 1.37E-13 1.70E-12 5.21E-12 8.58E-12 8.99E-12 8.68E-12
 8.35E-12 7.69E-12 6.78E-12 5.61E-12 4.50E-12 3.95E-12
 4.23E-17 3.97E-15 1.37E-13 1.68E-12 5.03E-12 8.17E-12 8.56E-12 8.28E-12
 7.99E-12 7.38E-12 6.53E-12 5.43E-12 4.38E-12 3.86E-12
 4.24E-17 3.98E-15 1.37E-13 1.63E-12 4.73E-12 7.59E-12 8.00E-12 7.76E-12
 7.50E-12 6.94E-12 6.15E-12 5.12E-12 4.14E-12 3.64E-12
 4.35E-17 4.10E-15 1.41E-13 1.71E-12 5.05E-12 8.06E-12 8.42E-12 8.14E-12
 7.83E-12 7.24E-12 6.42E-12 5.33E-12 4.29E-12 3.76E-12
 5.36E-17 4.97E-15 1.71E-13 1.81E-12 4.06E-12 5.24E-12 5.12E-12 4.89E-12
 4.69E-12 4.39E-12 4.00E-12 3.48E-12 2.99E-12 2.72E-12
  30.2194    7  14 /pl=01:ss=50:pb= 1:sz=50/type=excit/ispb = t/isel =   14
 1.00E+10 1.00E+11 1.00E+12 1.00E+13 1.00E+14 1.00E+15 1.00E+16
 4.48E+01 6.72E+01 1.12E+02 2.24E+02 4.48E+02 1.12E+03 2.24E+03 3.36E+03
 4.48E+03 6.72E+03 1.12E+04 2.24E+04 4.48E+04 6.72E+04
 5.51E-14 9.56E-13 8.57E-12 3.88E-11 7.18E-11 8.76E-11 8.29E-11 7.74E-11
 7.29E-11 6.60E-11 5.75E-11 4.68E-11 3.74E-11 3.26E-11
 5.51E-14 9.56E-13 8.57E-12 3.88E-11 7.17E-11 8.75E-11 8.28E-11 7.73E-11
 7.28E-11 6.59E-11 5.74E-11 4.67E-11 3.74E-11 3.26E-11
 5.51E-14 9.56E-13 8.57E-12 3.87E-11 7.13E-11 8.68E-11 8.21E-11 7.67E-11
 7.23E-11 6.55E-11 5.71E-11 4.65E-11 3.73E-11 3.25E-11
 5.51E-14 9.55E-13 8.55E-12 3.80E-11 6.83E-11 8.18E-11 7.74E-11 7.25E-11
 6.84E-11 6.22E-11 5.45E-11 4.47E-11 3.60E-11 3.15E-11
 5.51E-14 9.54E-13 8.42E-12 3.57E-11 6.13E-11 7.13E-11 6.73E-11 6.32E-11
 5.98E-11 5.46E-11 4.81E-11 3.98E-11 3.24E-11 2.85E-11
 5.48E-14 9.43E-13 8.14E-12 3.17E-11 4.82E-11 4.98E-11 4.49E-11 4.18E-11
 3.96E-11 3.65E-11 3.28E-11 2.81E-11 2.38E-11 2.14E-11
 5.21E-14 8.60E-13 6.52E-12 1.54E-11 1.43E-11 1.09E-11 9.00E-12 8.28E-12
 7.87E-12 7.39E-12 6.90E-12 6.38E-12 5.94E-12 5.70E-12
  32.0478    7  14 /pl=01:ss=50:pb= 1:sz=50/type=excit/ispb = t/isel =   15
 1.00E+10 1.00E+11 1.00E+12 1.00E+13 1.00E+14 1.00E+15 1.00E+16
 4.48E+01 6.72E+01 1.12E+02 2.24E+02 4.48E+02 1.12E+03 2.24E+03 3.36E+03
 4.48E+03 6.72E+03 1.12E+04 2.24E+04 4.48E+04 6.72E+04
 1.24E-15 3.51E-14 4.64E-13 2.81E-12 6.01E-12 7.98E-12 7.79E-12 7.33E-12
 6.96E-12 6.31E-12 5.56E-12 4.53E-12 3.62E-12 3.18E-12
 1.24E-15 3.51E-14 4.64E-13 2.81E-12 6.00E-12 7.97E-12 7.78E-12 7.32E-12
 6.96E-12 6.31E-12 5.55E-12 4.53E-12 3.62E-12 3.18E-12
 1.24E-15 3.51E-14 4.64E-13 2.80E-12 5.97E-12 7.90E-12 7.72E-12 7.26E-12
 6.90E-12 6.27E-12 5.52E-12 4.50E-12 3.61E-12 3.16E-12
 1.24E-15 3.51E-14 4.63E-13 2.75E-12 5.72E-12 7.46E-12 7.29E-12 6.87E-12
 6.55E-12 5.96E-12 5.28E-12 4.33E-12 3.49E-12 3.07E-12
 1.24E-15 3.50E-14 4.57E-13 2.60E-12 5.16E-12 6.55E-12 6.40E-12 6.05E-12
 5.78E-12 5.28E-12 4.70E-12 3.89E-12 3.16E-12 2.79E-12
 1.24E-15 3.48E-14 4.46E-13 2.38E-12 4.32E-12 5.03E-12 4.74E-12 4.45E-12
 4.25E-12 3.90E-12 3.51E-12 2.97E-12 2.48E-12 2.23E-12
 1.24E-15 3.35E-14 3.94E-13 1.58E-12 2.32E-12 2.44E-12 2.24E-12 2.09E-12
 1.97E-12 1.81E-12 1.62E-12 1.37E-12 1.16E-12 1.05E-12
  36.0414    7  14 /pl=01:ss=50:pb= 1:sz=50/type=excit/ispb = t/isel =   16
 1.00E+10 1.00E+11 1.00E+12 1.00E+13 1.00E+14 1.00E+15 1.00E+16
 4.48E+01 6.72E+01 1.12E+02 2.24E+02 4.48E+02 1.12E+03 2.24E+03 3.36E+03
 4.48E+03 6.72E+03 1.12E+04 2.24E+04 4.48E+04 6.72E+04
 1.70E-15 4.79E-14 6.35E-13 3.84E-12 8.21E-12 1.09E-11 1.06E-11 1.00E-11
 9.52E-12 8.63E-12 7.60E-12 6.19E-12 4.95E-12 4.34E-12
 1.70E-15 4.79E-14 6.35E-13 3.84E-12 8.20E-12 1.09E-11 1.06E-11 1.00E-11
 9.51E-12 8.62E-12 7.59E-12 6.19E-12 4.95E-12 4.34E-12
 1.70E-15 4.79E-14 6.34E-13 3.83E-12 8.16E-12 1.08E-11 1.05E-11 9.92E-12
 9.44E-12 8.56E-12 7.54E-12 6.16E-12 4.93E-12 4.32E-12
 1.70E-15 4.79E-14 6.33E-13 3.76E-12 7.82E-12 1.02E-11 9.96E-12 9.39E-12
 8.95E-12 8.15E-12 7.21E-12 5.92E-12 4.77E-12 4.20E-12
 1.70E-15 4.78E-14 6.24E-13 3.55E-12 7.06E-12 8.96E-12 8.75E-12 8.27E-12
 7.90E-12 7.22E-12 6.42E-12 5.31E-12 4.32E-12 3.82E-12
 1.70E-15 4.76E-14 6.09E-13 3.25E-12 5.90E-12 6.87E-12 6.48E-12 6.08E-12
 5.80E-12 5.33E-12 4.80E-12 4.07E-12 3.39E-12 3.04E-12
 1.69E-15 4.58E-14 5.39E-13 2.16E-12 3.17E-12 3.34E-12 3.06E-12 2.85E-12
 2.70E-12 2.47E-12 2.21E-12 1.88E-12 1.59E-12 1.44E-12
  47.4203    7  14 /pl=01:ss=50:pb= 1:sz=50/type=excit/ispb = t/isel =   17
 1.00E+10 1.00E+11 1.00E+12 1.00E+13 1.00E+14 1.00E+15 1.00E+16
 4.48E+01 6.72E+01 1.12E+02 2.24E+02 4.48E+02 1.12E+03 2.24E+03 3.36E+03
 4.48E+03 6.72E+03 1.12E+04 2.24E+04 4.48E+04 6.72E+04
 1.74E-15 7.58E-14 1.43E-12 1.12E-11 2.74E-11 3.95E-11 3.96E-11 3.77E-11
 3.57E-11 3.27E-11 2.88E-11 2.35E-11 1.88E-11 1.65E-11
 1.74E-15 7.58E-14 1.43E-12 1.13E-11 2.75E-11 3.96E-11 3.97E-11 3.77E-11
 3.58E-11 3.28E-11 2.88E-11 2.35E-11 1.89E-11 1.65E-11
 1.74E-15 7.61E-14 1.45E-12 1.15E-11 2.82E-11 4.05E-11 4.05E-11 3.84E-11
 3.64E-11 3.32E-11 2.92E-11 2.38E-11 1.90E-11 1.66E-11
 1.75E-15 7.82E-14 1.58E-12 1.35E-11 3.32E-11 4.64E-11 4.53E-11 4.25E-11
 4.00E-11 3.63E-11 3.16E-11 2.55E-11 2.02E-11 1.76E-11
 1.81E-15 9.13E-14 2.18E-12 1.85E-11 4.25E-11 5.47E-11 5.14E-11 4.76E-11
 4.46E-11 4.03E-11 3.50E-11 2.83E-11 2.25E-11 1.96E-11
 1.91E-15 1.10E-13 2.61E-12 1.90E-11 3.76E-11 4.24E-11 3.77E-11 3.45E-11
 3.23E-11 2.95E-11 2.62E-11 2.19E-11 1.82E-11 1.62E-11
 1.86E-15 1.07E-13 2.21E-12 9.97E-12 1.28E-11 1.12E-11 9.33E-12 8.47E-12
 7.96E-12 7.35E-12 6.72E-12 5.97E-12 5.35E-12 5.04E-12
  78.7601    7  14 /pl=01:ss=50:pb= 1:sz=50/type=excit/ispb = t/isel =   18
 1.00E+10 1.00E+11 1.00E+12 1.00E+13 1.00E+14 1.00E+15 1.00E+16
 4.48E+01 6.72E+01 1.12E+02 2.24E+02 4.48E+02 1.12E+03 2.24E+03 3.36E+03
 4.48E+03 6.72E+03 1.12E+04 2.24E+04 4.48E+04 6.72E+04
 2.88E-16 1.25E-14 2.36E-13 1.86E-12 4.52E-12 6.55E-12 6.61E-12 6.29E-12
 5.98E-12 5.48E-12 4.83E-12 3.94E-12 3.16E-12 2.76E-12
 2.87E-16 1.25E-14 2.36E-13 1.85E-12 4.51E-12 6.52E-12 6.58E-12 6.26E-12
 5.95E-12 5.46E-12 4.81E-12 3.93E-12 3.15E-12 2.75E-12
 2.86E-16 1.24E-14 2.33E-13 1.80E-12 4.34E-12 6.23E-12 6.27E-12 5.97E-12
 5.68E-12 5.22E-12 4.62E-12 3.79E-12 3.06E-12 2.68E-12
 2.75E-16 1.18E-14 2.10E-13 1.44E-12 3.18E-12 4.31E-12 4.27E-12 4.08E-12
 3.91E-12 3.64E-12 3.30E-12 2.81E-12 2.36E-12 2.12E-12
 1.95E-16 7.78E-15 1.04E-13 4.77E-13 8.50E-13 1.02E-12 9.84E-13 9.44E-13
 9.15E-13 8.75E-13 8.29E-13 7.64E-13 7.05E-13 6.71E-13
 4.99E-17 1.75E-15 1.69E-14 5.68E-14 8.44E-14 8.82E-14 8.06E-14 7.69E-14
 7.48E-14 7.27E-14 7.11E-14 6.95E-14 6.88E-14 6.85E-14
 5.73E-18 1.86E-16 1.48E-15 3.04E-15 2.92E-15 2.39E-15 2.07E-15 1.97E-15
 1.93E-15 1.91E-15 1.94E-15 2.02E-15 2.16E-15 2.27E-15
  80.7350    7  14 /pl=01:ss=50:pb= 1:sz=50/type=excit/ispb = t/isel =   19
 1.00E+10 1.00E+11 1.00E+12 1.00E+13 1.00E+14 1.00E+15 1.00E+16
 4.48E+01 6.72E+01 1.12E+02 2.24E+02 4.48E+02 1.12E+03 2.24E+03 3.36E+03
 4.48E+03 6.72E+03 1.12E+04 2.24E+04 4.48E+04 6.72E+04
 4.52E-18 6.50E-16 3.36E-14 5.67E-13 2.02E-12 3.73E-12 4.12E-12 4.06E-12
 3.93E-12 3.67E-12 3.28E-12 2.72E-12 2.20E-12 1.93E-12
 4.52E-18 6.50E-16 3.36E-14 5.66E-13 2.02E-12 3.72E-12 4.11E-12 4.06E-12
 3.93E-12 3.67E-12 3.28E-12 2.72E-12 2.20E-12 1.93E-12
 4.53E-18 6.50E-16 3.36E-14 5.65E-13 2.01E-12 3.69E-12 4.08E-12 4.03E-12
 3.90E-12 3.65E-12 3.26E-12 2.71E-12 2.19E-12 1.93E-12
 4.62E-18 6.50E-16 3.35E-14 5.55E-13 1.92E-12 3.49E-12 3.86E-12 3.82E-12
 3.71E-12 3.48E-12 3.13E-12 2.61E-12 2.13E-12 1.87E-12
 5.50E-18 6.55E-16 3.31E-14 5.24E-13 1.74E-12 3.08E-12 3.41E-12 3.38E-12
 3.29E-12 3.11E-12 2.80E-12 2.36E-12 1.94E-12 1.71E-12
 1.43E-17 7.08E-16 3.28E-14 4.80E-13 1.44E-12 2.34E-12 2.52E-12 2.49E-12
 2.43E-12 2.31E-12 2.12E-12 1.83E-12 1.55E-12 1.39E-12
 9.85E-17 1.20E-15 3.29E-14 3.28E-13 7.40E-13 1.04E-12 1.09E-12 1.07E-12
 1.05E-12 1.01E-12 9.45E-13 8.45E-13 7.43E-13 6.85E-13
  110.610    7  14 /pl=01:ss=50:pb= 1:sz=50/type=excit/ispb = t/isel =   20
 1.00E+10 1.00E+11 1.00E+12 1.00E+13 1.00E+14 1.00E+15 1.00E+16
 4.48E+01 6.72E+01 1.12E+02 2.24E+02 4.48E+02 1.12E+03 2.24E+03 3.36E+03
 4.48E+03 6.72E+03 1.12E+04 2.24E+04 4.48E+04 6.72E+04
 2.28E-14 1.11E-13 7.11E-13 4.69E-12 1.22E-11 1.96E-11 2.11E-11 2.07E-11
 2.01E-11 1.89E-11 1.70E-11 1.43E-11 1.17E-11 1.03E-11
 2.28E-14 1.11E-13 7.11E-13 4.69E-12 1.22E-11 1.95E-11 2.11E-11 2.07E-11
 2.01E-11 1.88E-11 1.70E-11 1.43E-11 1.17E-11 1.03E-11
 2.28E-14 1.11E-13 7.11E-13 4.68E-12 1.21E-11 1.94E-11 2.09E-11 2.05E-11
 1.99E-11 1.87E-11 1.68E-11 1.41E-11 1.16E-11 1.03E-11
 2.28E-14 1.11E-13 7.13E-13 4.60E-12 1.17E-11 1.83E-11 1.96E-11 1.92E-11
 1.86E-11 1.75E-11 1.58E-11 1.34E-11 1.10E-11 9.80E-12
 2.29E-14 1.14E-13 7.20E-13 4.39E-12 1.08E-11 1.63E-11 1.72E-11 1.67E-11
 1.62E-11 1.52E-11 1.37E-11 1.16E-11 9.59E-12 8.53E-12
 2.30E-14 1.18E-13 7.17E-13 4.12E-12 9.57E-12 1.37E-11 1.41E-11 1.38E-11
 1.33E-11 1.25E-11 1.14E-11 9.73E-12 8.14E-12 7.29E-12
 2.22E-14 1.11E-13 6.29E-13 2.91E-12 5.35E-12 6.70E-12 6.78E-12 6.63E-12
 6.48E-12 6.21E-12 5.81E-12 5.22E-12 4.61E-12 4.25E-12
  122.438    7  14 /pl=01:ss=50:pb= 1:sz=50/type=excit/ispb = t/isel =   21
 1.00E+10 1.00E+11 1.00E+12 1.00E+13 1.00E+14 1.00E+15 1.00E+16
 4.48E+01 6.72E+01 1.12E+02 2.24E+02 4.48E+02 1.12E+03 2.24E+03 3.36E+03
 4.48E+03 6.72E+03 1.12E+04 2.24E+04 4.48E+04 6.72E+04
 6.89E-16 3.00E-14 5.65E-13 4.44E-12 1.08E-11 1.57E-11 1.58E-11 1.51E-11
 1.43E-11 1.31E-11 1.16E-11 9.44E-12 7.57E-12 6.62E-12
 6.88E-16 3.00E-14 5.65E-13 4.43E-12 1.08E-11 1.56E-11 1.58E-11 1.50E-11
 1.43E-11 1.31E-11 1.15E-11 9.40E-12 7.54E-12 6.60E-12
 6.86E-16 2.98E-14 5.58E-13 4.32E-12 1.04E-11 1.49E-11 1.50E-11 1.43E-11
 1.36E-11 1.25E-11 1.11E-11 9.08E-12 7.32E-12 6.42E-12
 6.58E-16 2.83E-14 5.02E-13 3.45E-12 7.61E-12 1.03E-11 1.02E-11 9.77E-12
 9.36E-12 8.72E-12 7.90E-12 6.73E-12 5.65E-12 5.08E-12
 4.67E-16 1.86E-14 2.49E-13 1.14E-12 2.04E-12 2.45E-12 2.36E-12 2.26E-12
 2.19E-12 2.10E-12 1.99E-12 1.83E-12 1.69E-12 1.61E-12
 1.19E-16 4.20E-15 4.05E-14 1.36E-13 2.02E-13 2.11E-13 1.93E-13 1.84E-13
 1.79E-13 1.74E-13 1.70E-13 1.67E-13 1.65E-13 1.64E-13
 1.37E-17 4.45E-16 3.55E-15 7.29E-15 7.00E-15 5.72E-15 4.96E-15 4.72E-15
 4.62E-15 4.58E-15 4.64E-15 4.83E-15 5.17E-15 5.44E-15
  130.393    7  14 /pl=01:ss=50:pb= 1:sz=50/type=excit/ispb = t/isel =   22
 1.00E+10 1.00E+11 1.00E+12 1.00E+13 1.00E+14 1.00E+15 1.00E+16
 4.48E+01 6.72E+01 1.12E+02 2.24E+02 4.48E+02 1.12E+03 2.24E+03 3.36E+03
 4.48E+03 6.72E+03 1.12E+04 2.24E+04 4.48E+04 6.72E+04
 7.43E-15 3.61E-14 2.32E-13 1.53E-12 3.97E-12 6.37E-12 6.88E-12 6.76E-12
 6.56E-12 6.14E-12 5.53E-12 4.65E-12 3.81E-12 3.37E-12
 7.43E-15 3.61E-14 2.32E-13 1.53E-12 3.97E-12 6.37E-12 6.87E-12 6.75E-12
 6.55E-12 6.14E-12 5.52E-12 4.64E-12 3.81E-12 3.36E-12
 7.43E-15 3.61E-14 2.32E-13 1.52E-12 3.95E-12 6.32E-12 6.80E-12 6.69E-12
 6.49E-12 6.08E-12 5.48E-12 4.61E-12 3.78E-12 3.34E-12
 7.43E-15 3.62E-14 2.32E-13 1.50E-12 3.81E-12 5.97E-12 6.38E-12 6.25E-12
 6.07E-12 5.69E-12 5.14E-12 4.35E-12 3.59E-12 3.19E-12
 7.47E-15 3.72E-14 2.35E-13 1.43E-12 3.51E-12 5.31E-12 5.59E-12 5.46E-12
 5.28E-12 4.95E-12 4.46E-12 3.77E-12 3.12E-12 2.78E-12
 7.50E-15 3.84E-14 2.34E-13 1.34E-12 3.12E-12 4.47E-12 4.61E-12 4.48E-12
 4.34E-12 4.08E-12 3.70E-12 3.17E-12 2.65E-12 2.37E-12
 7.24E-15 3.60E-14 2.05E-13 9.47E-13 1.74E-12 2.18E-12 2.21E-12 2.16E-12
 2.11E-12 2.02E-12 1.89E-12 1.70E-12 1.50E-12 1.39E-12
  138.980    7  14 /pl=01:ss=50:pb= 1:sz=50/type=excit/ispb = t/isel =   23
 1.00E+10 1.00E+11 1.00E+12 1.00E+13 1.00E+14 1.00E+15 1.00E+16
 4.48E+01 6.72E+01 1.12E+02 2.24E+02 4.48E+02 1.12E+03 2.24E+03 3.36E+03
 4.48E+03 6.72E+03 1.12E+04 2.24E+04 4.48E+04 6.72E+04
 6.00E-16 2.61E-14 4.92E-13 3.87E-12 9.44E-12 1.37E-11 1.38E-11 1.31E-11
 1.25E-11 1.14E-11 1.01E-11 8.22E-12 6.59E-12 5.76E-12
 6.00E-16 2.61E-14 4.92E-13 3.86E-12 9.40E-12 1.36E-11 1.37E-11 1.31E-11
 1.24E-11 1.14E-11 1.00E-11 8.19E-12 6.57E-12 5.75E-12
 5.97E-16 2.60E-14 4.86E-13 3.76E-12 9.06E-12 1.30E-11 1.31E-11 1.25E-11
 1.19E-11 1.09E-11 9.63E-12 7.91E-12 6.38E-12 5.60E-12
 5.73E-16 2.46E-14 4.37E-13 3.01E-12 6.63E-12 8.99E-12 8.91E-12 8.51E-12
 8.15E-12 7.60E-12 6.88E-12 5.87E-12 4.93E-12 4.42E-12
 4.07E-16 1.62E-14 2.17E-13 9.95E-13 1.77E-12 2.14E-12 2.05E-12 1.97E-12
 1.91E-12 1.83E-12 1.73E-12 1.60E-12 1.47E-12 1.40E-12
 1.04E-16 3.66E-15 3.53E-14 1.19E-13 1.76E-13 1.84E-13 1.68E-13 1.60E-13
 1.56E-13 1.52E-13 1.48E-13 1.45E-13 1.43E-13 1.43E-13
 1.20E-17 3.88E-16 3.10E-15 6.35E-15 6.10E-15 4.98E-15 4.32E-15 4.11E-15
 4.02E-15 3.99E-15 4.04E-15 4.21E-15 4.51E-15 4.74E-15
  139.453    7  14 /pl=01:ss=50:pb= 1:sz=50/type=excit/ispb = t/isel =   24
 1.00E+10 1.00E+11 1.00E+12 1.00E+13 1.00E+14 1.00E+15 1.00E+16
 4.48E+01 6.72E+01 1.12E+02 2.24E+02 4.48E+02 1.12E+03 2.24E+03 3.36E+03
 4.48E+03 6.72E+03 1.12E+04 2.24E+04 4.48E+04 6.72E+04
 3.14E-14 7.58E-14 3.29E-13 1.87E-12 4.51E-12 7.24E-12 8.16E-12 8.23E-12
 8.12E-12 7.77E-12 7.19E-12 6.23E-12 5.25E-12 4.71E-12
 3.14E-14 7.58E-14 3.29E-13 1.87E-12 4.50E-12 7.23E-12 8.15E-12 8.22E-12
 8.11E-12 7.77E-12 7.18E-12 6.23E-12 5.25E-12 4.71E-12
 3.14E-14 7.58E-14 3.29E-13 1.85E-12 4.46E-12 7.14E-12 8.04E-12 8.12E-12
 8.01E-12 7.68E-12 7.11E-12 6.18E-12 5.22E-12 4.68E-12
 3.14E-14 7.57E-14 3.24E-13 1.77E-12 4.12E-12 6.50E-12 7.36E-12 7.46E-12
 7.40E-12 7.13E-12 6.65E-12 5.83E-12 4.97E-12 4.48E-12
 3.15E-14 7.53E-14 3.05E-13 1.53E-12 3.42E-12 5.37E-12 6.17E-12 6.30E-12
 6.28E-12 6.09E-12 5.72E-12 5.06E-12 4.35E-12 3.94E-12
 3.22E-14 7.57E-14 2.89E-13 1.39E-12 2.95E-12 4.43E-12 5.01E-12 5.11E-12
 5.10E-12 4.98E-12 4.72E-12 4.25E-12 3.72E-12 3.40E-12
 3.79E-14 8.46E-14 2.82E-13 9.32E-13 1.31E-12 1.46E-12 1.51E-12 1.53E-12
 1.54E-12 1.54E-12 1.53E-12 1.51E-12 1.47E-12 1.43E-12
  146.703    7  14 /pl=01:ss=50:pb= 1:sz=50/type=excit/ispb = t/isel =   25
 1.00E+10 1.00E+11 1.00E+12 1.00E+13 1.00E+14 1.00E+15 1.00E+16
 4.48E+01 6.72E+01 1.12E+02 2.24E+02 4.48E+02 1.12E+03 2.24E+03 3.36E+03
 4.48E+03 6.72E+03 1.12E+04 2.24E+04 4.48E+04 6.72E+04
 1.63E-17 2.35E-15 1.21E-13 2.05E-12 7.29E-12 1.35E-11 1.49E-11 1.47E-11
 1.42E-11 1.33E-11 1.18E-11 9.83E-12 7.96E-12 6.97E-12
 1.63E-17 2.35E-15 1.21E-13 2.04E-12 7.28E-12 1.34E-11 1.48E-11 1.46E-11
 1.42E-11 1.33E-11 1.18E-11 9.83E-12 7.95E-12 6.97E-12
 1.64E-17 2.35E-15 1.21E-13 2.04E-12 7.24E-12 1.33E-11 1.47E-11 1.45E-11
 1.41E-11 1.32E-11 1.18E-11 9.78E-12 7.92E-12 6.95E-12
 1.67E-17 2.35E-15 1.21E-13 2.00E-12 6.94E-12 1.26E-11 1.39E-11 1.38E-11
 1.34E-11 1.26E-11 1.13E-11 9.43E-12 7.68E-12 6.76E-12
 1.99E-17 2.37E-15 1.20E-13 1.89E-12 6.26E-12 1.11E-11 1.23E-11 1.22E-11
 1.19E-11 1.12E-11 1.01E-11 8.53E-12 7.00E-12 6.19E-12
 5.15E-17 2.56E-15 1.18E-13 1.73E-12 5.21E-12 8.45E-12 9.09E-12 8.99E-12
 8.77E-12 8.33E-12 7.64E-12 6.61E-12 5.59E-12 5.02E-12
 3.56E-16 4.32E-15 1.19E-13 1.18E-12 2.67E-12 3.74E-12 3.92E-12 3.87E-12
 3.80E-12 3.64E-12 3.41E-12 3.05E-12 2.68E-12 2.47E-12
  149.321    7  14 /pl=01:ss=50:pb= 1:sz=50/type=excit/ispb = t/isel =   26
 1.00E+10 1.00E+11 1.00E+12 1.00E+13 1.00E+14 1.00E+15 1.00E+16
 4.48E+01 6.72E+01 1.12E+02 2.24E+02 4.48E+02 1.12E+03 2.24E+03 3.36E+03
 4.48E+03 6.72E+03 1.12E+04 2.24E+04 4.48E+04 6.72E+04
 5.66E-16 1.04E-14 1.78E-13 1.39E-12 3.40E-12 4.99E-12 5.10E-12 4.89E-12
 4.66E-12 4.29E-12 3.79E-12 3.11E-12 2.50E-12 2.19E-12
 5.66E-16 1.04E-14 1.78E-13 1.39E-12 3.39E-12 4.97E-12 5.08E-12 4.86E-12
 4.64E-12 4.27E-12 3.78E-12 3.10E-12 2.49E-12 2.18E-12
 5.66E-16 1.03E-14 1.76E-13 1.36E-12 3.28E-12 4.78E-12 4.87E-12 4.67E-12
 4.46E-12 4.11E-12 3.65E-12 3.01E-12 2.43E-12 2.13E-12
 5.69E-16 1.00E-14 1.62E-13 1.12E-12 2.51E-12 3.48E-12 3.52E-12 3.39E-12
 3.26E-12 3.04E-12 2.75E-12 2.34E-12 1.96E-12 1.75E-12
 5.81E-16 8.01E-15 9.76E-14 4.99E-13 9.90E-13 1.33E-12 1.37E-12 1.33E-12
 1.29E-12 1.22E-12 1.13E-12 9.86E-13 8.54E-13 7.84E-13
 6.48E-16 5.18E-15 4.66E-14 2.59E-13 6.29E-13 1.02E-12 1.14E-12 1.13E-12
 1.10E-12 1.03E-12 9.29E-13 7.71E-13 6.20E-13 5.40E-13
 1.40E-15 6.82E-15 4.91E-14 2.98E-13 6.26E-13 8.52E-13 9.02E-13 9.00E-13
 8.88E-13 8.61E-13 8.14E-13 7.35E-13 6.46E-13 5.92E-13
  152.502    7  14 /pl=01:ss=50:pb= 1:sz=50/type=excit/ispb = t/isel =   27
 1.00E+10 1.00E+11 1.00E+12 1.00E+13 1.00E+14 1.00E+15 1.00E+16
 4.48E+01 6.72E+01 1.12E+02 2.24E+02 4.48E+02 1.12E+03 2.24E+03 3.36E+03
 4.48E+03 6.72E+03 1.12E+04 2.24E+04 4.48E+04 6.72E+04
 1.13E-17 1.62E-15 8.41E-14 1.42E-12 5.05E-12 9.32E-12 1.03E-11 1.01E-11
 9.82E-12 9.18E-12 8.21E-12 6.81E-12 5.51E-12 4.83E-12
 1.13E-17 1.63E-15 8.41E-14 1.42E-12 5.04E-12 9.31E-12 1.03E-11 1.01E-11
 9.82E-12 9.18E-12 8.20E-12 6.81E-12 5.51E-12 4.83E-12
 1.13E-17 1.63E-15 8.41E-14 1.41E-12 5.01E-12 9.23E-12 1.02E-11 1.01E-11
 9.75E-12 9.12E-12 8.15E-12 6.77E-12 5.49E-12 4.81E-12
 1.15E-17 1.63E-15 8.39E-14 1.39E-12 4.81E-12 8.73E-12 9.65E-12 9.55E-12
 9.27E-12 8.70E-12 7.82E-12 6.53E-12 5.32E-12 4.68E-12
 1.37E-17 1.64E-15 8.29E-14 1.31E-12 4.34E-12 7.69E-12 8.52E-12 8.46E-12
 8.24E-12 7.76E-12 7.01E-12 5.91E-12 4.85E-12 4.28E-12
 3.57E-17 1.77E-15 8.21E-14 1.20E-12 3.61E-12 5.85E-12 6.29E-12 6.22E-12
 6.07E-12 5.77E-12 5.29E-12 4.58E-12 3.87E-12 3.48E-12
 2.46E-16 2.99E-15 8.22E-14 8.20E-13 1.85E-12 2.59E-12 2.71E-12 2.68E-12
 2.63E-12 2.52E-12 2.36E-12 2.11E-12 1.86E-12 1.71E-12
  172.438    7  14 /pl=01:ss=50:pb= 1:sz=50/type=excit/ispb = t/isel =   28
 1.00E+10 1.00E+11 1.00E+12 1.00E+13 1.00E+14 1.00E+15 1.00E+16
 4.48E+01 6.72E+01 1.12E+02 2.24E+02 4.48E+02 1.12E+03 2.24E+03 3.36E+03
 4.48E+03 6.72E+03 1.12E+04 2.24E+04 4.48E+04 6.72E+04
 1.81E-13 3.41E-13 1.06E-12 5.60E-12 1.42E-11 2.42E-11 2.82E-11 2.87E-11
 2.85E-11 2.75E-11 2.55E-11 2.23E-11 1.88E-11 1.69E-11
 1.81E-13 3.41E-13 1.06E-12 5.60E-12 1.42E-11 2.42E-11 2.81E-11 2.87E-11
 2.85E-11 2.75E-11 2.55E-11 2.22E-11 1.88E-11 1.69E-11
 1.81E-13 3.41E-13 1.06E-12 5.59E-12 1.41E-11 2.40E-11 2.79E-11 2.85E-11
 2.83E-11 2.73E-11 2.54E-11 2.21E-11 1.88E-11 1.68E-11
 1.81E-13 3.42E-13 1.06E-12 5.47E-12 1.35E-11 2.28E-11 2.66E-11 2.72E-11
 2.71E-11 2.62E-11 2.45E-11 2.15E-11 1.83E-11 1.65E-11
 1.82E-13 3.42E-13 1.05E-12 5.20E-12 1.25E-11 2.10E-11 2.46E-11 2.53E-11
 2.52E-11 2.45E-11 2.29E-11 2.02E-11 1.73E-11 1.56E-11
 1.84E-13 3.48E-13 1.07E-12 5.37E-12 1.29E-11 2.07E-11 2.38E-11 2.43E-11
 2.42E-11 2.34E-11 2.20E-11 1.95E-11 1.67E-11 1.51E-11
 2.07E-13 3.95E-13 1.23E-12 4.87E-12 7.40E-12 8.23E-12 8.37E-12 8.39E-12
 8.38E-12 8.36E-12 8.29E-12 8.13E-12 7.85E-12 7.64E-12
  173.880    7  14 /pl=01:ss=50:pb= 1:sz=50/type=excit/ispb = t/isel =   29
 1.00E+10 1.00E+11 1.00E+12 1.00E+13 1.00E+14 1.00E+15 1.00E+16
 4.48E+01 6.72E+01 1.12E+02 2.24E+02 4.48E+02 1.12E+03 2.24E+03 3.36E+03
 4.48E+03 6.72E+03 1.12E+04 2.24E+04 4.48E+04 6.72E+04
 5.03E-18 7.23E-16 3.74E-14 6.30E-13 2.24E-12 4.15E-12 4.58E-12 4.51E-12
 4.37E-12 4.09E-12 3.65E-12 3.03E-12 2.45E-12 2.15E-12
 5.03E-18 7.23E-16 3.74E-14 6.30E-13 2.24E-12 4.14E-12 4.57E-12 4.51E-12
 4.37E-12 4.08E-12 3.65E-12 3.03E-12 2.45E-12 2.15E-12
 5.04E-18 7.23E-16 3.74E-14 6.29E-13 2.23E-12 4.11E-12 4.54E-12 4.48E-12
 4.34E-12 4.06E-12 3.63E-12 3.01E-12 2.44E-12 2.14E-12
 5.14E-18 7.24E-16 3.73E-14 6.17E-13 2.14E-12 3.88E-12 4.30E-12 4.25E-12
 4.12E-12 3.87E-12 3.48E-12 2.91E-12 2.37E-12 2.08E-12
 6.12E-18 7.29E-16 3.69E-14 5.83E-13 1.93E-12 3.42E-12 3.79E-12 3.76E-12
 3.66E-12 3.45E-12 3.12E-12 2.63E-12 2.16E-12 1.91E-12
 1.59E-17 7.88E-16 3.65E-14 5.34E-13 1.61E-12 2.60E-12 2.80E-12 2.77E-12
 2.70E-12 2.57E-12 2.36E-12 2.04E-12 1.72E-12 1.55E-12
 1.10E-16 1.33E-15 3.66E-14 3.65E-13 8.23E-13 1.15E-12 1.21E-12 1.19E-12
 1.17E-12 1.12E-12 1.05E-12 9.39E-13 8.26E-13 7.62E-13
  179.543    7  14 /pl=01:ss=50:pb= 1:sz=50/type=excit/ispb = t/isel =   30
 1.00E+10 1.00E+11 1.00E+12 1.00E+13 1.00E+14 1.00E+15 1.00E+16
 4.48E+01 6.72E+01 1.12E+02 2.24E+02 4.48E+02 1.12E+03 2.24E+03 3.36E+03
 4.48E+03 6.72E+03 1.12E+04 2.24E+04 4.48E+04 6.72E+04
 2.08E-15 1.04E-14 1.00E-13 9.96E-13 3.10E-12 5.73E-12 6.68E-12 6.79E-12
 6.72E-12 6.45E-12 5.94E-12 5.13E-12 4.29E-12 3.84E-12
 2.08E-15 1.04E-14 1.00E-13 9.96E-13 3.10E-12 5.72E-12 6.67E-12 6.79E-12
 6.72E-12 6.44E-12 5.94E-12 5.12E-12 4.29E-12 3.83E-12
 2.08E-15 1.04E-14 1.00E-13 9.94E-13 3.08E-12 5.68E-12 6.63E-12 6.74E-12
 6.67E-12 6.40E-12 5.91E-12 5.10E-12 4.28E-12 3.82E-12
 2.09E-15 1.05E-14 1.00E-13 9.79E-13 2.98E-12 5.42E-12 6.32E-12 6.45E-12
 6.39E-12 6.15E-12 5.69E-12 4.94E-12 4.16E-12 3.73E-12
 2.15E-15 1.09E-14 1.01E-13 9.52E-13 2.82E-12 5.10E-12 5.99E-12 6.13E-12
 6.08E-12 5.86E-12 5.42E-12 4.71E-12 3.96E-12 3.55E-12
 2.67E-15 1.28E-14 1.13E-13 1.09E-12 3.34E-12 6.05E-12 7.07E-12 7.20E-12
 7.12E-12 6.83E-12 6.28E-12 5.39E-12 4.47E-12 3.97E-12
 7.57E-15 2.74E-14 2.02E-13 1.69E-12 3.91E-12 5.49E-12 5.87E-12 5.88E-12
 5.82E-12 5.65E-12 5.37E-12 4.88E-12 4.33E-12 3.98E-12
  181.769    7  14 /pl=01:ss=50:pb= 1:sz=50/type=excit/ispb = t/isel =   31
 1.00E+10 1.00E+11 1.00E+12 1.00E+13 1.00E+14 1.00E+15 1.00E+16
 4.48E+01 6.72E+01 1.12E+02 2.24E+02 4.48E+02 1.12E+03 2.24E+03 3.36E+03
 4.48E+03 6.72E+03 1.12E+04 2.24E+04 4.48E+04 6.72E+04
 4.30E-15 2.09E-14 1.34E-13 8.85E-13 2.30E-12 3.69E-12 3.98E-12 3.92E-12
 3.80E-12 3.56E-12 3.20E-12 2.69E-12 2.21E-12 1.95E-12
 4.30E-15 2.09E-14 1.34E-13 8.85E-13 2.30E-12 3.69E-12 3.98E-12 3.91E-12
 3.79E-12 3.56E-12 3.20E-12 2.69E-12 2.20E-12 1.95E-12
 4.30E-15 2.09E-14 1.34E-13 8.83E-13 2.29E-12 3.66E-12 3.94E-12 3.87E-12
 3.76E-12 3.52E-12 3.17E-12 2.67E-12 2.19E-12 1.94E-12
 4.31E-15 2.10E-14 1.35E-13 8.69E-13 2.21E-12 3.46E-12 3.69E-12 3.62E-12
 3.51E-12 3.30E-12 2.98E-12 2.52E-12 2.08E-12 1.85E-12
 4.33E-15 2.16E-14 1.36E-13 8.29E-13 2.03E-12 3.08E-12 3.24E-12 3.16E-12
 3.06E-12 2.87E-12 2.58E-12 2.19E-12 1.81E-12 1.61E-12
 4.35E-15 2.22E-14 1.35E-13 7.78E-13 1.81E-12 2.59E-12 2.67E-12 2.60E-12
 2.51E-12 2.36E-12 2.14E-12 1.84E-12 1.54E-12 1.38E-12
 4.20E-15 2.09E-14 1.19E-13 5.49E-13 1.01E-12 1.27E-12 1.28E-12 1.25E-12
 1.22E-12 1.17E-12 1.10E-12 9.85E-13 8.70E-13 8.03E-13
  207.074    7  14 /pl=01:ss=50:pb= 1:sz=50/type=excit/ispb = t/isel =   32
 1.00E+10 1.00E+11 1.00E+12 1.00E+13 1.00E+14 1.00E+15 1.00E+16
 4.48E+01 6.72E+01 1.12E+02 2.24E+02 4.48E+02 1.12E+03 2.24E+03 3.36E+03
 4.48E+03 6.72E+03 1.12E+04 2.24E+04 4.48E+04 6.72E+04
 1.79E-14 5.47E-14 2.87E-13 1.67E-12 4.06E-12 6.40E-12 7.01E-12 6.97E-12
 6.82E-12 6.46E-12 5.90E-12 5.04E-12 4.20E-12 3.75E-12
 1.79E-14 5.47E-14 2.87E-13 1.67E-12 4.06E-12 6.39E-12 7.00E-12 6.96E-12
 6.81E-12 6.45E-12 5.89E-12 5.04E-12 4.20E-12 3.74E-12
 1.79E-14 5.46E-14 2.87E-13 1.66E-12 4.02E-12 6.32E-12 6.93E-12 6.89E-12
 6.74E-12 6.39E-12 5.85E-12 5.01E-12 4.18E-12 3.73E-12
 1.79E-14 5.46E-14 2.84E-13 1.60E-12 3.76E-12 5.83E-12 6.42E-12 6.41E-12
 6.30E-12 6.00E-12 5.52E-12 4.77E-12 4.01E-12 3.59E-12
 1.80E-14 5.44E-14 2.71E-13 1.43E-12 3.24E-12 4.99E-12 5.56E-12 5.59E-12
 5.52E-12 5.28E-12 4.89E-12 4.25E-12 3.60E-12 3.24E-12
 1.86E-14 5.56E-14 2.64E-13 1.34E-12 2.94E-12 4.43E-12 4.93E-12 4.98E-12
 4.92E-12 4.74E-12 4.42E-12 3.88E-12 3.31E-12 2.99E-12
 2.37E-14 6.86E-14 2.78E-13 1.06E-12 1.75E-12 2.18E-12 2.30E-12 2.31E-12
 2.31E-12 2.28E-12 2.21E-12 2.08E-12 1.93E-12 1.82E-12
  208.355    7  14 /pl=01:ss=50:pb= 1:sz=50/type=excit/ispb = t/isel =   33
 1.00E+10 1.00E+11 1.00E+12 1.00E+13 1.00E+14 1.00E+15 1.00E+16
 4.48E+01 6.72E+01 1.12E+02 2.24E+02 4.48E+02 1.12E+03 2.24E+03 3.36E+03
 4.48E+03 6.72E+03 1.12E+04 2.24E+04 4.48E+04 6.72E+04
 2.37E-12 4.21E-12 1.04E-11 4.43E-11 1.05E-10 1.74E-10 2.01E-10 2.04E-10
 2.03E-10 1.95E-10 1.81E-10 1.58E-10 1.34E-10 1.20E-10
 2.37E-12 4.21E-12 1.04E-11 4.43E-11 1.05E-10 1.74E-10 2.00E-10 2.04E-10
 2.02E-10 1.95E-10 1.81E-10 1.58E-10 1.34E-10 1.20E-10
 2.37E-12 4.21E-12 1.04E-11 4.41E-11 1.04E-10 1.72E-10 1.98E-10 2.02E-10
 2.01E-10 1.93E-10 1.80E-10 1.57E-10 1.33E-10 1.20E-10
 2.37E-12 4.21E-12 1.04E-11 4.26E-11 9.81E-11 1.60E-10 1.85E-10 1.89E-10
 1.88E-10 1.82E-10 1.70E-10 1.50E-10 1.28E-10 1.16E-10
 2.36E-12 4.19E-12 1.00E-11 3.85E-11 8.40E-11 1.34E-10 1.55E-10 1.60E-10
 1.60E-10 1.56E-10 1.47E-10 1.31E-10 1.13E-10 1.03E-10
 2.34E-12 4.12E-12 9.46E-12 3.24E-11 6.07E-11 8.35E-11 9.19E-11 9.37E-11
 9.39E-11 9.28E-11 9.00E-11 8.41E-11 7.66E-11 7.17E-11
 2.12E-12 3.56E-12 6.84E-12 1.18E-11 1.13E-11 9.96E-12 9.64E-12 9.65E-12
 9.73E-12 9.91E-12 1.02E-11 1.08E-11 1.14E-11 1.18E-11
  218.818    7  14 /pl=01:ss=50:pb= 1:sz=50/type=excit/ispb = t/isel =   34
 1.00E+10 1.00E+11 1.00E+12 1.00E+13 1.00E+14 1.00E+15 1.00E+16
 4.48E+01 6.72E+01 1.12E+02 2.24E+02 4.48E+02 1.12E+03 2.24E+03 3.36E+03
 4.48E+03 6.72E+03 1.12E+04 2.24E+04 4.48E+04 6.72E+04
 2.58E-15 1.29E-14 1.24E-13 1.23E-12 3.84E-12 7.09E-12 8.27E-12 8.41E-12
 8.32E-12 7.98E-12 7.35E-12 6.35E-12 5.32E-12 4.75E-12
 2.58E-15 1.29E-14 1.24E-13 1.23E-12 3.83E-12 7.09E-12 8.26E-12 8.41E-12
 8.31E-12 7.98E-12 7.35E-12 6.35E-12 5.31E-12 4.75E-12
 2.58E-15 1.29E-14 1.24E-13 1.23E-12 3.82E-12 7.04E-12 8.21E-12 8.35E-12
 8.26E-12 7.93E-12 7.31E-12 6.32E-12 5.30E-12 4.73E-12
 2.59E-15 1.30E-14 1.24E-13 1.21E-12 3.69E-12 6.71E-12 7.83E-12 7.99E-12
 7.91E-12 7.62E-12 7.05E-12 6.12E-12 5.16E-12 4.62E-12
 2.66E-15 1.34E-14 1.26E-13 1.18E-12 3.50E-12 6.32E-12 7.42E-12 7.59E-12
 7.53E-12 7.26E-12 6.72E-12 5.83E-12 4.91E-12 4.40E-12
 3.31E-15 1.58E-14 1.40E-13 1.35E-12 4.13E-12 7.49E-12 8.75E-12 8.91E-12
 8.81E-12 8.45E-12 7.77E-12 6.67E-12 5.54E-12 4.91E-12
 9.37E-15 3.39E-14 2.51E-13 2.10E-12 4.84E-12 6.80E-12 7.27E-12 7.28E-12
 7.20E-12 7.00E-12 6.65E-12 6.04E-12 5.36E-12 4.93E-12
  220.312    7  14 /pl=01:ss=50:pb= 1:sz=50/type=excit/ispb = t/isel =   35
 1.00E+10 1.00E+11 1.00E+12 1.00E+13 1.00E+14 1.00E+15 1.00E+16
 4.48E+01 6.72E+01 1.12E+02 2.24E+02 4.48E+02 1.12E+03 2.24E+03 3.36E+03
 4.48E+03 6.72E+03 1.12E+04 2.24E+04 4.48E+04 6.72E+04
 1.26E-13 2.82E-13 8.17E-13 3.46E-12 7.77E-12 1.19E-11 1.32E-11 1.31E-11
 1.29E-11 1.22E-11 1.12E-11 9.66E-12 8.11E-12 7.25E-12
 1.26E-13 2.82E-13 8.17E-13 3.46E-12 7.76E-12 1.19E-11 1.31E-11 1.31E-11
 1.28E-11 1.22E-11 1.12E-11 9.65E-12 8.10E-12 7.24E-12
 1.26E-13 2.82E-13 8.15E-13 3.42E-12 7.62E-12 1.17E-11 1.28E-11 1.28E-11
 1.26E-11 1.20E-11 1.10E-11 9.53E-12 8.01E-12 7.17E-12
 1.26E-13 2.81E-13 7.98E-13 3.13E-12 6.64E-12 9.96E-12 1.10E-11 1.11E-11
 1.10E-11 1.06E-11 9.82E-12 8.62E-12 7.36E-12 6.65E-12
 1.25E-13 2.79E-13 7.19E-13 2.36E-12 4.66E-12 7.04E-12 8.06E-12 8.24E-12
 8.22E-12 8.00E-12 7.53E-12 6.71E-12 5.82E-12 5.30E-12
 1.24E-13 2.72E-13 6.45E-13 1.97E-12 3.87E-12 5.85E-12 6.70E-12 6.87E-12
 6.87E-12 6.71E-12 6.35E-12 5.70E-12 4.97E-12 4.53E-12
 1.16E-13 2.47E-13 5.44E-13 1.36E-12 2.00E-12 2.36E-12 2.49E-12 2.52E-12
 2.53E-12 2.53E-12 2.51E-12 2.44E-12 2.34E-12 2.26E-12
  220.780    7  14 /pl=01:ss=50:pb= 1:sz=50/type=excit/ispb = t/isel =   36
 1.00E+10 1.00E+11 1.00E+12 1.00E+13 1.00E+14 1.00E+15 1.00E+16
 4.48E+01 6.72E+01 1.12E+02 2.24E+02 4.48E+02 1.12E+03 2.24E+03 3.36E+03
 4.48E+03 6.72E+03 1.12E+04 2.24E+04 4.48E+04 6.72E+04
 6.21E-16 1.14E-14 1.95E-13 1.53E-12 3.73E-12 5.48E-12 5.59E-12 5.36E-12
 5.11E-12 4.71E-12 4.16E-12 3.41E-12 2.74E-12 2.40E-12
 6.21E-16 1.14E-14 1.95E-13 1.52E-12 3.72E-12 5.46E-12 5.57E-12 5.34E-12
 5.09E-12 4.69E-12 4.14E-12 3.40E-12 2.74E-12 2.39E-12
 6.21E-16 1.13E-14 1.93E-13 1.49E-12 3.60E-12 5.24E-12 5.34E-12 5.12E-12
 4.89E-12 4.51E-12 4.00E-12 3.30E-12 2.67E-12 2.34E-12
 6.24E-16 1.10E-14 1.78E-13 1.23E-12 2.76E-12 3.82E-12 3.86E-12 3.72E-12
 3.57E-12 3.34E-12 3.02E-12 2.57E-12 2.15E-12 1.92E-12
 6.37E-16 8.79E-15 1.07E-13 5.47E-13 1.09E-12 1.46E-12 1.50E-12 1.46E-12
 1.42E-12 1.34E-12 1.24E-12 1.08E-12 9.37E-13 8.60E-13
 7.11E-16 5.68E-15 5.12E-14 2.84E-13 6.90E-13 1.12E-12 1.25E-12 1.24E-12
 1.21E-12 1.14E-12 1.02E-12 8.46E-13 6.80E-13 5.93E-13
 1.53E-15 7.48E-15 5.38E-14 3.27E-13 6.87E-13 9.34E-13 9.90E-13 9.87E-13
 9.74E-13 9.44E-13 8.93E-13 8.07E-13 7.09E-13 6.50E-13
  223.674    7  14 /pl=01:ss=50:pb= 1:sz=50/type=excit/ispb = t/isel =   37
 1.00E+10 1.00E+11 1.00E+12 1.00E+13 1.00E+14 1.00E+15 1.00E+16
 4.48E+01 6.72E+01 1.12E+02 2.24E+02 4.48E+02 1.12E+03 2.24E+03 3.36E+03
 4.48E+03 6.72E+03 1.12E+04 2.24E+04 4.48E+04 6.72E+04
 9.73E-15 4.73E-14 3.04E-13 2.00E-12 5.20E-12 8.35E-12 9.01E-12 8.86E-12
 8.59E-12 8.05E-12 7.25E-12 6.09E-12 4.99E-12 4.41E-12
 9.73E-15 4.73E-14 3.04E-13 2.00E-12 5.20E-12 8.34E-12 9.00E-12 8.85E-12
 8.58E-12 8.04E-12 7.24E-12 6.08E-12 4.99E-12 4.41E-12
 9.73E-15 4.73E-14 3.04E-13 2.00E-12 5.17E-12 8.28E-12 8.92E-12 8.76E-12
 8.50E-12 7.97E-12 7.18E-12 6.04E-12 4.95E-12 4.38E-12
 9.74E-15 4.75E-14 3.04E-13 1.97E-12 4.99E-12 7.82E-12 8.35E-12 8.20E-12
 7.95E-12 7.46E-12 6.74E-12 5.70E-12 4.71E-12 4.18E-12
 9.78E-15 4.88E-14 3.08E-13 1.87E-12 4.60E-12 6.96E-12 7.32E-12 7.15E-12
 6.92E-12 6.48E-12 5.84E-12 4.95E-12 4.09E-12 3.64E-12
 9.83E-15 5.03E-14 3.06E-13 1.76E-12 4.09E-12 5.85E-12 6.04E-12 5.87E-12
 5.68E-12 5.34E-12 4.85E-12 4.15E-12 3.48E-12 3.11E-12
 9.49E-15 4.72E-14 2.69E-13 1.24E-12 2.28E-12 2.86E-12 2.89E-12 2.83E-12
 2.77E-12 2.65E-12 2.48E-12 2.23E-12 1.97E-12 1.82E-12
  256.036    7  14 /pl=01:ss=50:pb= 1:sz=50/type=excit/ispb = t/isel =   38
 1.00E+10 1.00E+11 1.00E+12 1.00E+13 1.00E+14 1.00E+15 1.00E+16
 4.48E+01 6.72E+01 1.12E+02 2.24E+02 4.48E+02 1.12E+03 2.24E+03 3.36E+03
 4.48E+03 6.72E+03 1.12E+04 2.24E+04 4.48E+04 6.72E+04
 2.23E-14 6.83E-14 3.58E-13 2.09E-12 5.07E-12 7.99E-12 8.76E-12 8.71E-12
 8.52E-12 8.07E-12 7.37E-12 6.30E-12 5.25E-12 4.68E-12
 2.23E-14 6.83E-14 3.58E-13 2.09E-12 5.07E-12 7.99E-12 8.75E-12 8.70E-12
 8.51E-12 8.06E-12 7.36E-12 6.30E-12 5.25E-12 4.68E-12
 2.23E-14 6.83E-14 3.58E-13 2.08E-12 5.02E-12 7.89E-12 8.65E-12 8.61E-12
 8.43E-12 7.99E-12 7.30E-12 6.25E-12 5.22E-12 4.66E-12
 2.24E-14 6.82E-14 3.54E-13 2.00E-12 4.70E-12 7.29E-12 8.02E-12 8.01E-12
 7.87E-12 7.49E-12 6.90E-12 5.95E-12 5.01E-12 4.49E-12
 2.24E-14 6.80E-14 3.38E-13 1.79E-12 4.05E-12 6.23E-12 6.94E-12 6.99E-12
 6.89E-12 6.60E-12 6.11E-12 5.32E-12 4.50E-12 4.05E-12
 2.32E-14 6.95E-14 3.30E-13 1.68E-12 3.67E-12 5.53E-12 6.16E-12 6.22E-12
 6.15E-12 5.92E-12 5.52E-12 4.85E-12 4.14E-12 3.73E-12
 2.96E-14 8.57E-14 3.48E-13 1.32E-12 2.19E-12 2.72E-12 2.87E-12 2.89E-12
 2.88E-12 2.84E-12 2.76E-12 2.60E-12 2.41E-12 2.28E-12
  282.541    7  14 /pl=01:ss=50:pb= 1:sz=50/type=excit/ispb = t/isel =   39
 1.00E+10 1.00E+11 1.00E+12 1.00E+13 1.00E+14 1.00E+15 1.00E+16
 4.48E+01 6.72E+01 1.12E+02 2.24E+02 4.48E+02 1.12E+03 2.24E+03 3.36E+03
 4.48E+03 6.72E+03 1.12E+04 2.24E+04 4.48E+04 6.72E+04
 5.31E-14 1.19E-13 3.46E-13 1.47E-12 3.29E-12 5.06E-12 5.57E-12 5.56E-12
 5.45E-12 5.18E-12 4.75E-12 4.09E-12 3.43E-12 3.07E-12
 5.31E-14 1.19E-13 3.46E-13 1.46E-12 3.28E-12 5.05E-12 5.55E-12 5.54E-12
 5.43E-12 5.17E-12 4.75E-12 4.09E-12 3.43E-12 3.07E-12
 5.31E-14 1.19E-13 3.45E-13 1.45E-12 3.23E-12 4.94E-12 5.44E-12 5.43E-12
 5.33E-12 5.08E-12 4.67E-12 4.03E-12 3.39E-12 3.04E-12
 5.31E-14 1.19E-13 3.38E-13 1.33E-12 2.81E-12 4.21E-12 4.67E-12 4.70E-12
 4.64E-12 4.47E-12 4.16E-12 3.65E-12 3.12E-12 2.82E-12
 5.31E-14 1.18E-13 3.04E-13 1.00E-12 1.97E-12 2.98E-12 3.41E-12 3.49E-12
 3.48E-12 3.39E-12 3.19E-12 2.84E-12 2.46E-12 2.24E-12
 5.27E-14 1.15E-13 2.73E-13 8.36E-13 1.64E-12 2.48E-12 2.84E-12 2.91E-12
 2.91E-12 2.84E-12 2.69E-12 2.41E-12 2.10E-12 1.92E-12
 4.91E-14 1.04E-13 2.30E-13 5.75E-13 8.45E-13 9.97E-13 1.05E-12 1.07E-12
 1.07E-12 1.07E-12 1.06E-12 1.03E-12 9.89E-13 9.57E-13
  289.226    7  14 /pl=01:ss=50:pb= 1:sz=50/type=excit/ispb = t/isel =   40
 1.00E+10 1.00E+11 1.00E+12 1.00E+13 1.00E+14 1.00E+15 1.00E+16
 4.48E+01 6.72E+01 1.12E+02 2.24E+02 4.48E+02 1.12E+03 2.24E+03 3.36E+03
 4.48E+03 6.72E+03 1.12E+04 2.24E+04 4.48E+04 6.72E+04
 2.40E-14 7.33E-14 3.85E-13 2.24E-12 5.45E-12 8.59E-12 9.41E-12 9.36E-12
 9.15E-12 8.67E-12 7.92E-12 6.77E-12 5.64E-12 5.03E-12
 2.40E-14 7.33E-14 3.85E-13 2.24E-12 5.44E-12 8.58E-12 9.40E-12 9.35E-12
 9.14E-12 8.66E-12 7.91E-12 6.76E-12 5.63E-12 5.02E-12
 2.40E-14 7.33E-14 3.85E-13 2.23E-12 5.39E-12 8.48E-12 9.30E-12 9.25E-12
 9.05E-12 8.58E-12 7.85E-12 6.72E-12 5.60E-12 5.00E-12
 2.40E-14 7.33E-14 3.81E-13 2.15E-12 5.05E-12 7.83E-12 8.61E-12 8.60E-12
 8.45E-12 8.05E-12 7.41E-12 6.40E-12 5.38E-12 4.82E-12
 2.41E-14 7.30E-14 3.63E-13 1.92E-12 4.35E-12 6.69E-12 7.46E-12 7.50E-12
 7.40E-12 7.09E-12 6.56E-12 5.71E-12 4.83E-12 4.35E-12
 2.49E-14 7.47E-14 3.54E-13 1.80E-12 3.94E-12 5.94E-12 6.62E-12 6.68E-12
 6.61E-12 6.36E-12 5.93E-12 5.21E-12 4.44E-12 4.01E-12
 3.18E-14 9.20E-14 3.74E-13 1.42E-12 2.35E-12 2.92E-12 3.09E-12 3.11E-12
 3.10E-12 3.05E-12 2.97E-12 2.80E-12 2.59E-12 2.45E-12
  308.690    7  14 /pl=01:ss=50:pb= 1:sz=50/type=excit/ispb = t/isel =   41
 1.00E+10 1.00E+11 1.00E+12 1.00E+13 1.00E+14 1.00E+15 1.00E+16
 4.48E+01 6.72E+01 1.12E+02 2.24E+02 4.48E+02 1.12E+03 2.24E+03 3.36E+03
 4.48E+03 6.72E+03 1.12E+04 2.24E+04 4.48E+04 6.72E+04
 5.17E-16 9.49E-15 1.63E-13 1.27E-12 3.11E-12 4.56E-12 4.66E-12 4.47E-12
 4.26E-12 3.92E-12 3.46E-12 2.84E-12 2.28E-12 2.00E-12
 5.17E-16 9.48E-15 1.63E-13 1.27E-12 3.10E-12 4.55E-12 4.64E-12 4.45E-12
 4.24E-12 3.90E-12 3.45E-12 2.83E-12 2.28E-12 1.99E-12
 5.17E-16 9.45E-15 1.61E-13 1.24E-12 3.00E-12 4.37E-12 4.45E-12 4.27E-12
 4.07E-12 3.76E-12 3.33E-12 2.75E-12 2.22E-12 1.95E-12
 5.20E-16 9.16E-15 1.48E-13 1.02E-12 2.30E-12 3.18E-12 3.22E-12 3.10E-12
 2.97E-12 2.78E-12 2.52E-12 2.14E-12 1.79E-12 1.60E-12
 5.31E-16 7.32E-15 8.92E-14 4.56E-13 9.05E-13 1.22E-12 1.25E-12 1.22E-12
 1.18E-12 1.12E-12 1.03E-12 9.01E-13 7.81E-13 7.17E-13
 5.92E-16 4.73E-15 4.26E-14 2.37E-13 5.75E-13 9.37E-13 1.04E-12 1.03E-12
 1.01E-12 9.46E-13 8.49E-13 7.05E-13 5.67E-13 4.94E-13
 1.28E-15 6.23E-15 4.49E-14 2.72E-13 5.72E-13 7.78E-13 8.25E-13 8.22E-13
 8.12E-13 7.86E-13 7.44E-13 6.72E-13 5.91E-13 5.41E-13
  384.971    7  14 /pl=01:ss=50:pb= 1:sz=50/type=excit/ispb = t/isel =   42
 1.00E+10 1.00E+11 1.00E+12 1.00E+13 1.00E+14 1.00E+15 1.00E+16
 4.48E+01 6.72E+01 1.12E+02 2.24E+02 4.48E+02 1.12E+03 2.24E+03 3.36E+03
 4.48E+03 6.72E+03 1.12E+04 2.24E+04 4.48E+04 6.72E+04
 8.61E-15 3.61E-14 3.34E-13 3.42E-12 1.09E-11 2.14E-11 2.63E-11 2.73E-11
 2.74E-11 2.67E-11 2.50E-11 2.19E-11 1.86E-11 1.67E-11
 8.61E-15 3.61E-14 3.34E-13 3.42E-12 1.09E-11 2.14E-11 2.62E-11 2.73E-11
 2.74E-11 2.67E-11 2.50E-11 2.19E-11 1.86E-11 1.67E-11
 8.61E-15 3.61E-14 3.34E-13 3.41E-12 1.08E-11 2.12E-11 2.61E-11 2.72E-11
 2.72E-11 2.65E-11 2.49E-11 2.19E-11 1.86E-11 1.67E-11
 8.67E-15 3.64E-14 3.36E-13 3.38E-12 1.05E-11 2.04E-11 2.51E-11 2.62E-11
 2.63E-11 2.57E-11 2.41E-11 2.13E-11 1.81E-11 1.64E-11
 9.20E-15 3.86E-14 3.48E-13 3.41E-12 1.05E-11 2.04E-11 2.51E-11 2.61E-11
 2.62E-11 2.55E-11 2.39E-11 2.09E-11 1.77E-11 1.59E-11
 1.43E-14 5.54E-14 4.66E-13 4.92E-12 1.57E-11 2.92E-11 3.44E-11 3.52E-11
 3.48E-11 3.35E-11 3.08E-11 2.65E-11 2.19E-11 1.94E-11
 6.11E-14 1.93E-13 1.28E-12 8.56E-12 1.57E-11 1.91E-11 1.97E-11 1.97E-11
 1.96E-11 1.93E-11 1.88E-11 1.79E-11 1.66E-11 1.57E-11
  421.692    7  14 /pl=01:ss=50:pb= 1:sz=50/type=excit/ispb = t/isel =   43
 1.00E+10 1.00E+11 1.00E+12 1.00E+13 1.00E+14 1.00E+15 1.00E+16
 4.48E+01 6.72E+01 1.12E+02 2.24E+02 4.48E+02 1.12E+03 2.24E+03 3.36E+03
 4.48E+03 6.72E+03 1.12E+04 2.24E+04 4.48E+04 6.72E+04
 1.67E-13 4.04E-13 1.76E-12 9.95E-12 2.40E-11 3.86E-11 4.35E-11 4.39E-11
 4.33E-11 4.14E-11 3.83E-11 3.32E-11 2.80E-11 2.51E-11
 1.67E-13 4.04E-13 1.75E-12 9.95E-12 2.40E-11 3.86E-11 4.34E-11 4.38E-11
 4.32E-11 4.14E-11 3.83E-11 3.32E-11 2.80E-11 2.51E-11
 1.67E-13 4.04E-13 1.75E-12 9.89E-12 2.38E-11 3.80E-11 4.29E-11 4.33E-11
 4.27E-11 4.10E-11 3.79E-11 3.29E-11 2.78E-11 2.50E-11
 1.68E-13 4.04E-13 1.73E-12 9.42E-12 2.19E-11 3.47E-11 3.92E-11 3.98E-11
 3.94E-11 3.80E-11 3.54E-11 3.11E-11 2.65E-11 2.39E-11
 1.68E-13 4.01E-13 1.62E-12 8.15E-12 1.82E-11 2.86E-11 3.29E-11 3.36E-11
 3.35E-11 3.25E-11 3.05E-11 2.70E-11 2.32E-11 2.10E-11
 1.71E-13 4.03E-13 1.54E-12 7.38E-12 1.57E-11 2.36E-11 2.67E-11 2.73E-11
 2.72E-11 2.66E-11 2.52E-11 2.27E-11 1.98E-11 1.81E-11
 2.02E-13 4.51E-13 1.50E-12 4.97E-12 7.00E-12 7.79E-12 8.06E-12 8.15E-12
 8.18E-12 8.20E-12 8.17E-12 8.05E-12 7.82E-12 7.64E-12
  461.338    7  14 /pl=01:ss=50:pb= 1:sz=50/type=excit/ispb = t/isel =   44
 1.00E+10 1.00E+11 1.00E+12 1.00E+13 1.00E+14 1.00E+15 1.00E+16
 4.48E+01 6.72E+01 1.12E+02 2.24E+02 4.48E+02 1.12E+03 2.24E+03 3.36E+03
 4.48E+03 6.72E+03 1.12E+04 2.24E+04 4.48E+04 6.72E+04
 1.19E-13 2.67E-13 7.73E-13 3.28E-12 7.35E-12 1.13E-11 1.24E-11 1.24E-11
 1.22E-11 1.16E-11 1.06E-11 9.14E-12 7.67E-12 6.86E-12
 1.19E-13 2.67E-13 7.73E-13 3.27E-12 7.34E-12 1.13E-11 1.24E-11 1.24E-11
 1.21E-11 1.16E-11 1.06E-11 9.13E-12 7.66E-12 6.85E-12
 1.19E-13 2.67E-13 7.71E-13 3.24E-12 7.21E-12 1.10E-11 1.22E-11 1.21E-11
 1.19E-11 1.14E-11 1.04E-11 9.01E-12 7.58E-12 6.79E-12
 1.19E-13 2.66E-13 7.55E-13 2.97E-12 6.28E-12 9.42E-12 1.04E-11 1.05E-11
 1.04E-11 9.98E-12 9.29E-12 8.16E-12 6.97E-12 6.29E-12
 1.19E-13 2.64E-13 6.80E-13 2.23E-12 4.41E-12 6.66E-12 7.62E-12 7.80E-12
 7.78E-12 7.57E-12 7.13E-12 6.35E-12 5.50E-12 5.01E-12
 1.18E-13 2.57E-13 6.11E-13 1.87E-12 3.66E-12 5.53E-12 6.34E-12 6.50E-12
 6.50E-12 6.35E-12 6.01E-12 5.40E-12 4.70E-12 4.28E-12
 1.10E-13 2.33E-13 5.15E-13 1.28E-12 1.89E-12 2.23E-12 2.35E-12 2.39E-12
 2.40E-12 2.40E-12 2.37E-12 2.31E-12 2.21E-12 2.14E-12
  506.997    7  14 /pl=01:ss=50:pb= 1:sz=50/type=excit/ispb = t/isel =   45
 1.00E+10 1.00E+11 1.00E+12 1.00E+13 1.00E+14 1.00E+15 1.00E+16
 4.48E+01 6.72E+01 1.12E+02 2.24E+02 4.48E+02 1.12E+03 2.24E+03 3.36E+03
 4.48E+03 6.72E+03 1.12E+04 2.24E+04 4.48E+04 6.72E+04
 6.85E-15 3.43E-14 3.29E-13 3.28E-12 1.02E-11 1.88E-11 2.20E-11 2.24E-11
 2.21E-11 2.12E-11 1.95E-11 1.69E-11 1.41E-11 1.26E-11
 6.85E-15 3.43E-14 3.29E-13 3.28E-12 1.02E-11 1.88E-11 2.20E-11 2.23E-11
 2.21E-11 2.12E-11 1.95E-11 1.69E-11 1.41E-11 1.26E-11
 6.86E-15 3.43E-14 3.29E-13 3.27E-12 1.01E-11 1.87E-11 2.18E-11 2.22E-11
 2.20E-11 2.11E-11 1.94E-11 1.68E-11 1.41E-11 1.26E-11
 6.88E-15 3.45E-14 3.30E-13 3.22E-12 9.79E-12 1.78E-11 2.08E-11 2.12E-11
 2.10E-11 2.02E-11 1.87E-11 1.63E-11 1.37E-11 1.23E-11
 7.07E-15 3.57E-14 3.34E-13 3.13E-12 9.29E-12 1.68E-11 1.97E-11 2.02E-11
 2.00E-11 1.93E-11 1.78E-11 1.55E-11 1.30E-11 1.17E-11
 8.79E-15 4.20E-14 3.71E-13 3.59E-12 1.10E-11 1.99E-11 2.33E-11 2.37E-11
 2.34E-11 2.25E-11 2.07E-11 1.77E-11 1.47E-11 1.31E-11
 2.49E-14 9.02E-14 6.66E-13 5.58E-12 1.29E-11 1.81E-11 1.93E-11 1.93E-11
 1.91E-11 1.86E-11 1.77E-11 1.61E-11 1.42E-11 1.31E-11
  519.967    7  14 /pl=01:ss=50:pb= 1:sz=50/type=excit/ispb = t/isel =   46
 1.00E+10 1.00E+11 1.00E+12 1.00E+13 1.00E+14 1.00E+15 1.00E+16
 4.48E+01 6.72E+01 1.12E+02 2.24E+02 4.48E+02 1.12E+03 2.24E+03 3.36E+03
 4.48E+03 6.72E+03 1.12E+04 2.24E+04 4.48E+04 6.72E+04
 1.20E-13 2.27E-13 6.18E-13 2.78E-12 6.72E-12 1.17E-11 1.41E-11 1.47E-11
 1.48E-11 1.45E-11 1.37E-11 1.22E-11 1.05E-11 9.57E-12
 1.20E-13 2.27E-13 6.18E-13 2.78E-12 6.71E-12 1.17E-11 1.41E-11 1.47E-11
 1.48E-11 1.45E-11 1.37E-11 1.22E-11 1.05E-11 9.56E-12
 1.20E-13 2.27E-13 6.17E-13 2.77E-12 6.66E-12 1.16E-11 1.40E-11 1.46E-11
 1.46E-11 1.44E-11 1.36E-11 1.22E-11 1.05E-11 9.53E-12
 1.20E-13 2.27E-13 6.14E-13 2.69E-12 6.31E-12 1.08E-11 1.31E-11 1.37E-11
 1.38E-11 1.36E-11 1.30E-11 1.17E-11 1.02E-11 9.24E-12
 1.20E-13 2.27E-13 5.98E-13 2.48E-12 5.61E-12 9.52E-12 1.16E-11 1.22E-11
 1.24E-11 1.22E-11 1.17E-11 1.06E-11 9.25E-12 8.45E-12
 1.21E-13 2.28E-13 5.92E-13 2.37E-12 5.06E-12 7.97E-12 9.39E-12 9.78E-12
 9.87E-12 9.79E-12 9.45E-12 8.71E-12 7.77E-12 7.19E-12
 1.29E-13 2.40E-13 5.79E-13 1.51E-12 1.94E-12 2.11E-12 2.23E-12 2.28E-12
 2.31E-12 2.34E-12 2.37E-12 2.39E-12 2.39E-12 2.38E-12
  729.022    7  14 /pl=01:ss=50:pb= 1:sz=50/type=excit/ispb = t/isel =   47
 1.00E+10 1.00E+11 1.00E+12 1.00E+13 1.00E+14 1.00E+15 1.00E+16
 4.48E+01 6.72E+01 1.12E+02 2.24E+02 4.48E+02 1.12E+03 2.24E+03 3.36E+03
 4.48E+03 6.72E+03 1.12E+04 2.24E+04 4.48E+04 6.72E+04
 4.86E-14 1.17E-13 5.09E-13 2.89E-12 6.97E-12 1.12E-11 1.26E-11 1.27E-11
 1.25E-11 1.20E-11 1.11E-11 9.63E-12 8.12E-12 7.28E-12
 4.86E-14 1.17E-13 5.09E-13 2.88E-12 6.96E-12 1.12E-11 1.26E-11 1.27E-11
 1.25E-11 1.20E-11 1.11E-11 9.62E-12 8.11E-12 7.28E-12
 4.86E-14 1.17E-13 5.08E-13 2.87E-12 6.89E-12 1.10E-11 1.24E-11 1.25E-11
 1.24E-11 1.19E-11 1.10E-11 9.55E-12 8.06E-12 7.24E-12
 4.86E-14 1.17E-13 5.01E-13 2.73E-12 6.36E-12 1.00E-11 1.14E-11 1.15E-11
 1.14E-11 1.10E-11 1.03E-11 9.01E-12 7.68E-12 6.93E-12
 4.87E-14 1.16E-13 4.71E-13 2.36E-12 5.28E-12 8.30E-12 9.53E-12 9.74E-12
 9.71E-12 9.42E-12 8.84E-12 7.83E-12 6.73E-12 6.10E-12
 4.97E-14 1.17E-13 4.47E-13 2.14E-12 4.56E-12 6.85E-12 7.74E-12 7.90E-12
 7.89E-12 7.70E-12 7.30E-12 6.57E-12 5.75E-12 5.25E-12
 5.86E-14 1.31E-13 4.36E-13 1.44E-12 2.03E-12 2.26E-12 2.34E-12 2.36E-12
 2.37E-12 2.38E-12 2.37E-12 2.33E-12 2.27E-12 2.22E-12
  775.260    7  14 /pl=01:ss=50:pb= 1:sz=50/type=excit/ispb = t/isel =   48
 1.00E+10 1.00E+11 1.00E+12 1.00E+13 1.00E+14 1.00E+15 1.00E+16
 4.48E+01 6.72E+01 1.12E+02 2.24E+02 4.48E+02 1.12E+03 2.24E+03 3.36E+03
 4.48E+03 6.72E+03 1.12E+04 2.24E+04 4.48E+04 6.72E+04
 1.04E-14 3.17E-14 1.66E-13 9.69E-13 2.35E-12 3.71E-12 4.07E-12 4.04E-12
 3.95E-12 3.74E-12 3.42E-12 2.92E-12 2.44E-12 2.17E-12
 1.04E-14 3.17E-14 1.66E-13 9.69E-13 2.35E-12 3.71E-12 4.06E-12 4.04E-12
 3.95E-12 3.74E-12 3.42E-12 2.92E-12 2.43E-12 2.17E-12
 1.04E-14 3.17E-14 1.66E-13 9.64E-13 2.33E-12 3.66E-12 4.02E-12 3.99E-12
 3.91E-12 3.71E-12 3.39E-12 2.90E-12 2.42E-12 2.16E-12
 1.04E-14 3.17E-14 1.64E-13 9.28E-13 2.18E-12 3.38E-12 3.72E-12 3.72E-12
 3.65E-12 3.48E-12 3.20E-12 2.76E-12 2.32E-12 2.08E-12
 1.04E-14 3.16E-14 1.57E-13 8.31E-13 1.88E-12 2.89E-12 3.22E-12 3.24E-12
 3.20E-12 3.06E-12 2.83E-12 2.47E-12 2.09E-12 1.88E-12
 1.08E-14 3.23E-14 1.53E-13 7.79E-13 1.70E-12 2.57E-12 2.86E-12 2.89E-12
 2.85E-12 2.75E-12 2.56E-12 2.25E-12 1.92E-12 1.73E-12
 1.37E-14 3.98E-14 1.61E-13 6.13E-13 1.02E-12 1.26E-12 1.33E-12 1.34E-12
 1.34E-12 1.32E-12 1.28E-12 1.21E-12 1.12E-12 1.06E-12
  938.615    7  14 /pl=01:ss=50:pb= 1:sz=50/type=excit/ispb = t/isel =   49
 1.00E+10 1.00E+11 1.00E+12 1.00E+13 1.00E+14 1.00E+15 1.00E+16
 4.48E+01 6.72E+01 1.12E+02 2.24E+02 4.48E+02 1.12E+03 2.24E+03 3.36E+03
 4.48E+03 6.72E+03 1.12E+04 2.24E+04 4.48E+04 6.72E+04
 3.13E-17 9.52E-16 3.12E-14 4.62E-13 1.63E-12 3.44E-12 4.37E-12 4.63E-12
 4.68E-12 4.61E-12 4.37E-12 3.90E-12 3.36E-12 3.04E-12
 3.13E-17 9.52E-16 3.12E-14 4.62E-13 1.63E-12 3.43E-12 4.37E-12 4.62E-12
 4.67E-12 4.61E-12 4.37E-12 3.90E-12 3.36E-12 3.04E-12
 3.15E-17 9.53E-16 3.12E-14 4.61E-13 1.62E-12 3.41E-12 4.34E-12 4.59E-12
 4.65E-12 4.58E-12 4.35E-12 3.88E-12 3.35E-12 3.03E-12
 3.33E-17 9.61E-16 3.12E-14 4.55E-13 1.57E-12 3.27E-12 4.17E-12 4.42E-12
 4.47E-12 4.43E-12 4.22E-12 3.78E-12 3.27E-12 2.97E-12
 5.19E-17 1.04E-15 3.17E-14 4.48E-13 1.51E-12 3.13E-12 4.02E-12 4.27E-12
 4.33E-12 4.29E-12 4.08E-12 3.65E-12 3.15E-12 2.86E-12
 2.41E-16 1.79E-15 3.92E-14 5.68E-13 1.98E-12 4.01E-12 5.01E-12 5.25E-12
 5.27E-12 5.16E-12 4.85E-12 4.26E-12 3.61E-12 3.24E-12
 2.40E-15 9.82E-15 1.05E-13 1.09E-12 2.64E-12 3.85E-12 4.22E-12 4.27E-12
 4.25E-12 4.17E-12 4.01E-12 3.70E-12 3.33E-12 3.09E-12
  1000.30    7  14 /pl=01:ss=50:pb= 1:sz=50/type=excit/ispb = t/isel =   50
 1.00E+10 1.00E+11 1.00E+12 1.00E+13 1.00E+14 1.00E+15 1.00E+16
 4.48E+01 6.72E+01 1.12E+02 2.24E+02 4.48E+02 1.12E+03 2.24E+03 3.36E+03
 4.48E+03 6.72E+03 1.12E+04 2.24E+04 4.48E+04 6.72E+04
 5.45E-13 1.03E-12 3.19E-12 1.68E-11 4.27E-11 7.29E-11 8.47E-11 8.64E-11
 8.57E-11 8.26E-11 7.67E-11 6.69E-11 5.66E-11 5.08E-11
 5.45E-13 1.03E-12 3.19E-12 1.68E-11 4.27E-11 7.29E-11 8.46E-11 8.63E-11
 8.57E-11 8.26E-11 7.67E-11 6.69E-11 5.66E-11 5.08E-11
 5.45E-13 1.03E-12 3.19E-12 1.68E-11 4.24E-11 7.23E-11 8.40E-11 8.57E-11
 8.51E-11 8.21E-11 7.63E-11 6.66E-11 5.64E-11 5.06E-11
 5.45E-13 1.03E-12 3.18E-12 1.65E-11 4.07E-11 6.86E-11 8.00E-11 8.19E-11
 8.15E-11 7.89E-11 7.36E-11 6.46E-11 5.50E-11 4.95E-11
 5.46E-13 1.03E-12 3.15E-12 1.56E-11 3.77E-11 6.30E-11 7.40E-11 7.61E-11
 7.59E-11 7.36E-11 6.89E-11 6.07E-11 5.19E-11 4.68E-11
 5.54E-13 1.05E-12 3.20E-12 1.61E-11 3.86E-11 6.24E-11 7.15E-11 7.30E-11
 7.26E-11 7.05E-11 6.61E-11 5.86E-11 5.04E-11 4.55E-11
 6.24E-13 1.19E-12 3.71E-12 1.46E-11 2.22E-11 2.47E-11 2.52E-11 2.52E-11
 2.52E-11 2.51E-11 2.49E-11 2.44E-11 2.36E-11 2.30E-11
c-------------------------------------------------------------------------------
 
C  root partition information
C  ==========================
C
C  nuclear charge : 74
C  ion charge+1   : 51
C
C  population calculation information
C  ----------------------------------
C
C  population processing code: adas810
C
C  adf04 source file    : adf04_copmm#74_ls_40#w50.dat
C  adf18/a17_p208 file  : NULL
C
C  meta. ion. coeff. selector  : 
 
C  options  : lnorm =T  lpsel =F  lzsel =T  liosel=F
C           : lhsel =F  lrsel =F  lisel =F  lnsel =F
 
C  energy levels
C  -------------
C
C   lv      configuration    (2S+1)L(w-1/2)      energy (cm^-1)
C  ---   ------------------- --------------      --------------
c    1   66                     (1)2(  2.0)             0.0
c    2   66                     (3)3( 10.0)        479950.0
c    3   66                     (5)2( 12.0)        579920.0
c    4   66                     (1)4(  4.0)        672270.0
c    5   66                     (3)2(  7.0)        717090.0
c    6   66                     (3)5( 16.0)        839680.0
c    7   66                     (3)1(  4.0)        933851.0
c    8   66                     (3)4( 13.0)       1036920.0
c    9   66                     (3)3( 10.0)       1062840.0
c   10   66                     (1)6(  6.0)       1091900.0
c   11   66                     (1)4(  4.0)       1143460.0
c   12   66                     (1)2(  2.0)       1386790.0
c   13   66                     (3)1(  4.0)       1484000.0
c   14   66                     (1)0(  0.0)       1509900.0
c   15   66                     (1)3(  3.0)       1718570.0
c   16   66                     (1)0(  0.0)       2203530.0
c   17   24555576               (1)0(  0.0)       3109230.0
c   18   24555576               (1)2(  2.0)       3309130.0
c   19   24555576               (1)4(  4.0)       3656130.0
c   20   24555576               (3)5( 16.0)       3704030.0
c   21   24555576               (5)0(  2.0)       3740530.0
c   22   24555576               (1)5(  5.0)       3823230.0
c   23   24555576               (1)4(  4.0)       3825430.0
c   24   24555576               (3)2(  7.0)       3837430.0
c   25   24555576               (1)5(  5.0)       4016330.0
c   26   24555576               (1)3(  3.0)       4063930.0
c   27   24555576               (1)1(  1.0)       4097630.0
c   28   24555576               (3)3( 10.0)       4164530.0
c   29   24555576               (5)3( 17.0)       4263230.0
c   30   24555576               (3)2(  7.0)       4312330.0
c   31   24555576               (1)2(  2.0)       4369830.0
c   32   24555576               (1)4(  4.0)       4399930.0
c   33   24555576               (5)4( 22.0)       4409130.0
c   34   24555576               (3)0(  1.0)       4452530.0
c   35   24555576               (3)1(  4.0)       4482730.0
c   36   24555576               (3)3( 10.0)       4566530.0
c   37   24555576               (1)3(  3.0)       4579330.0
c   38   24555576               (5)2( 12.0)       4640730.0
c   39   24555576               (1)2(  2.0)       4653830.0
c   40   24555576               (1)1(  1.0)       4789330.0
c   41   24555576               (5)2( 12.0)       4806330.0
c   42   24555576               (3)2(  7.0)       4814230.0
c   43   24555576               (3)6( 19.0)       4818230.0
c   44   24555576               (3)2(  7.0)       4861030.0
c   45   24555576               (3)3( 10.0)       4872830.0
c   46   24555576               (1)1(  1.0)       5030530.0
c   47   24555576               (3)4( 13.0)       5068630.0
c   48   24555576               (3)1(  4.0)       5133530.0
c   49   24555576               (5)1(  7.0)       5141230.0
c   50   24555576               (3)4( 13.0)       5199030.0
c   51   24555576               (3)3( 10.0)       5211630.0
c   52   24555576               (3)5( 16.0)       5298530.0
c   53   24555576               (3)3( 10.0)       5467430.0
c   54   24555576               (3)2(  7.0)       5473630.0
c   55   24555576               (3)2(  7.0)       5492130.0
c   56   24555576               (3)4( 13.0)       5656530.0
c   57   24555576               (3)1(  4.0)       5692830.0
c   58   24555576               (3)4( 13.0)       5733330.0
c   59   24555576               (3)1(  4.0)       5814630.0
c   60   24555576               (1)3(  3.0)       6061630.0
c   61   24555576               (1)6(  6.0)       6413130.0
c   62   24555576               (3)0(  1.0)       6588130.0
c   63   24555576               (1)3(  3.0)       6660330.0
c   64   24555576               (1)2(  2.0)       6682930.0
c   65   56518                  (5)0(  2.0)      15034030.0
c   66   56518                  (1)3(  3.0)      15041030.0
c   67   56518                  (1)4(  4.0)      15699030.0
c   68   56518                  (1)1(  1.0)      15834030.0
c   69   56518                  (3)0(  1.0)      16008030.0
c   70   56518                  (3)3( 10.0)      16085030.0
c   71   56518                  (3)5( 16.0)      16148030.0
c   72   56518                  (3)5( 16.0)      16230030.0
c   73   56518                  (5)1(  7.0)      16241030.0
c   74   56518                  (3)3( 10.0)      16258030.0
c   75   56518                  (3)2(  7.0)      16295030.0
c   76   56518                  (3)4( 13.0)      16355030.0
c   77   56518                  (5)3( 17.0)      16423030.0
c   78   56518                  (5)1(  7.0)      16439030.0
c   79   56518                  (3)3( 10.0)      16443030.0
c   80   56518                  (3)7( 22.0)      16497030.0
c   81   56518                  (1)3(  3.0)      16501030.0
c   82   56518                  (1)7(  7.0)      16522030.0
c   83   56518                  (1)6(  6.0)      16531030.0
c   84   56518                  (1)2(  2.0)      16544030.0
c   85   56518                  (5)4( 22.0)      16554030.0
c   86   56518                  (5)2( 12.0)      16558030.0
c   87   56518                  (3)3( 10.0)      16561030.0
c   88   56518                  (1)5(  5.0)      16618030.0
c   89   56518                  (3)6( 19.0)      16639030.0
c   90   56518                  (1)2(  2.0)      16639030.0
c   91   56518                  (3)0(  1.0)      16643030.0
c   92   56518                  (5)2( 12.0)      16649030.0
c   93   56518                  (3)2(  7.0)      16651030.0
c   94   56518                  (5)5( 27.0)      16658030.0
c   95   56518                  (3)4( 13.0)      16667030.0
c   96   56518                  (3)2(  7.0)      16684030.0
c   97   56518                  (3)5( 16.0)      16711030.0
c   98   56518                  (5)1(  7.0)      16725030.0
c   99   56518                  (7)1( 10.0)      16740030.0
c  100   56518                  (1)3(  3.0)      16746030.0
c  101   56518                  (1)2(  2.0)      16753030.0
c  102   56518                  (3)3( 10.0)      16759030.0
c  103   56518                  (3)4( 13.0)      16788030.0
c  104   56518                  (3)2(  7.0)      16796030.0
c  105   56518                  (3)4( 13.0)      16808030.0
c  106   56518                  (3)3( 10.0)      16813030.0
c  107   56518                  (3)1(  4.0)      16843030.0
c  108   56518                  (5)3( 17.0)      16892030.0
c  109   56518                  (3)1(  4.0)      16895030.0
c  110   56518                  (3)3( 10.0)      16908030.0
c  111   56518                  (3)6( 19.0)      16952030.0
c  112   56518                  (3)2(  7.0)      16984030.0
c  113   56518                  (3)3( 10.0)      16989030.0
c  114   56518                  (3)5( 16.0)      17006030.0
c  115   56518                  (3)1(  4.0)      17017030.0
c  116   56518                  (5)4( 22.0)      17020030.0
c  117   56519                  (1)1(  1.0)      17042030.0
c  118   56518                  (3)2(  7.0)      17075030.0
c  119   56518                  (3)4( 13.0)      17096030.0
c  120   56518                  (3)1(  4.0)      17099030.0
c  121   56518                  (1)5(  5.0)      17101030.0
c  122   56518                  (1)6(  6.0)      17104030.0
c  123   56518                  (3)1(  4.0)      17146030.0
c  124   56518                  (3)5( 16.0)      17148030.0
c  125   56518                  (5)3( 17.0)      17148030.0
c  126   56518                  (3)4( 13.0)      17160030.0
c  127   56518                  (5)2( 12.0)      17163030.0
c  128   56518                  (3)2(  7.0)      17221030.0
c  129   56519                  (1)5(  5.0)      17237030.0
c  130   56518                  (3)4( 13.0)      17257030.0
c  131   56518                  (1)4(  4.0)      17292030.0
c  132   56518                  (1)3(  3.0)      17310030.0
c  133   56518                  (3)1(  4.0)      17322030.0
c  134   56518                  (3)2(  7.0)      17354030.0
c  135   56519                  (5)2( 12.0)      17365030.0
c  136   56518                  (1)0(  0.0)      17374030.0
c  137   56518                  (1)1(  1.0)      17401030.0
c  138   56518                  (1)1(  1.0)      17465030.0
c  139   56518                  (3)3( 10.0)      17501030.0
c  140   56518                  (3)2(  7.0)      17517030.0
c  141   56518                  (3)3( 10.0)      17575030.0
c  142   56518                  (1)3(  3.0)      17669030.0
c  143   56518                  (1)5(  5.0)      17673030.0
c  144   56519                  (3)1(  4.0)      17676030.0
c  145   56518                  (1)4(  4.0)      17685030.0
c  146   56519                  (1)5(  5.0)      17687030.0
c  147   56518                  (1)2(  2.0)      17689030.0
c  148   56518                  (1)4(  4.0)      17715030.0
c  149   56519                  (1)3(  3.0)      17716030.0
c  150   56518                  (1)3(  3.0)      17722030.0
c  151   56518                  (1)2(  2.0)      17750030.0
c  152   56518                  (3)1(  4.0)      17754030.0
c  153   56518                  (1)1(  1.0)      17763030.0
c  154   56518                  (1)3(  3.0)      17780030.0
c  155   56518                  (1)5(  5.0)      17783030.0
c  156   56519                  (3)1(  4.0)      17789030.0
c  157   56519                  (1)8(  8.0)      17795030.0
c  158   56519                  (1)5(  5.0)      17814030.0
c  159   56519                  (7)2( 17.0)      17820030.0
c  160   56519                  (5)0(  2.0)      17822030.0
c  161   56519                  (3)6( 19.0)      17824030.0
c  162   56518                  (1)1(  1.0)      17828030.0
c  163   56519                  (1)7(  7.0)      17846030.0
c  164   56519                  (1)3(  3.0)      17853030.0
c  165   56519                  (1)1(  1.0)      17854030.0
c  166   56519                  (3)3( 10.0)      17859030.0
c  167   56519                  (5)3( 17.0)      17881030.0
c  168   56519                  (5)4( 22.0)      17892030.0
c  169   56519                  (3)4( 13.0)      17909030.0
c  170   56519                  (3)4( 13.0)      17917030.0
c  171   56519                  (1)2(  2.0)      17934030.0
c  172   56519                  (5)2( 12.0)      17959030.0
c  173   56519                  (3)3( 10.0)      17961030.0
c  174   56519                  (1)2(  2.0)      17988030.0
c  175   56519                  (5)1(  7.0)      17995030.0
c  176   56519                  (1)3(  3.0)      18006030.0
c  177   56519                  (3)2(  7.0)      18015030.0
c  178   56519                  (3)4( 13.0)      18026030.0
c  179   56519                  (3)2(  7.0)      18028030.0
c  180   56519                  (1)4(  4.0)      18033030.0
c  181   56519                  (3)5( 16.0)      18049030.0
c  182   56519                  (5)1(  7.0)      18067030.0
c  183   56519                  (3)1(  4.0)      18088030.0
c  184   56519                  (5)5( 27.0)      18101030.0
c  185   56519                  (3)5( 16.0)      18155030.0
c  186   56519                  (5)3( 17.0)      18176030.0
c  187   56519                  (1)2(  2.0)      18176030.0
c  188   56519                  (3)3( 10.0)      18189030.0
c  189   56519                  (5)4( 22.0)      18195030.0
c  190   56519                  (5)6( 32.0)      18204030.0
c  191   56519                  (3)8( 25.0)      18213030.0
c  192   56519                  (3)7( 22.0)      18218030.0
c  193   56519                  (3)3( 10.0)      18219030.0
c  194   56519                  (3)3( 10.0)      18236030.0
c  195   56518                  (1)4(  4.0)      18237030.0
c  196   56518                  (1)2(  2.0)      18253030.0
c  197   56519                  (5)1(  7.0)      18262030.0
c  198   56519                  (3)6( 19.0)      18265030.0
c  199   56519                  (3)4( 13.0)      18268030.0
c  200   56519                  (3)6( 19.0)      18273030.0
c  201   56519                  (3)4( 13.0)      18276030.0
c  202   56519                  (3)7( 22.0)      18278030.0
c  203   56519                  (3)4( 13.0)      18302030.0
c  204   56519                  (3)0(  1.0)      18317030.0
c  205   56519                  (3)6( 19.0)      18323030.0
c  206   5651A                  (1)5(  5.0)      18324030.0
c  207   56519                  (5)2( 12.0)      18327030.0
c  208   56519                  (3)3( 10.0)      18332030.0
c  209   56519                  (1)5(  5.0)      18343030.0
c  210   56519                  (3)1(  4.0)      18346030.0
c  211   56519                  (5)3( 17.0)      18359030.0
c  212   56519                  (1)4(  4.0)      18361030.0
c  213   56519                  (3)2(  7.0)      18376030.0
c  214   56519                  (3)2(  7.0)      18383030.0
c  215   56519                  (5)3( 17.0)      18393030.0
c  216   56519                  (5)2( 12.0)      18397030.0
c  217   56519                  (1)0(  0.0)      18413030.0
c  218   56519                  (3)1(  4.0)      18414030.0
c  219   56519                  (1)2(  2.0)      18419030.0
c  220   56519                  (3)6( 19.0)      18423030.0
c  221   56519                  (1)5(  5.0)      18431030.0
c  222   56519                  (1)4(  4.0)      18437030.0
c  223   56519                  (3)5( 16.0)      18443030.0
c  224   56519                  (3)1(  4.0)      18472030.0
c  225   56519                  (5)5( 27.0)      18476030.0
c  226   56519                  (3)1(  4.0)      18484030.0
c  227   56519                  (3)2(  7.0)      18491030.0
c  228   56519                  (1)6(  6.0)      18493030.0
c  229   56519                  (1)3(  3.0)      18507030.0
c  230   56519                  (1)6(  6.0)      18510030.0
c  231   56519                  (5)4( 22.0)      18511030.0
c  232   56519                  (3)5( 16.0)      18521030.0
c  233   56519                  (3)4( 13.0)      18527030.0
c  234   56519                  (5)2( 12.0)      18529030.0
c  235   56519                  (3)0(  1.0)      18531030.0
c  236   56519                  (3)3( 10.0)      18532030.0
c  237   56519                  (1)4(  4.0)      18532030.0
c  238   56519                  (3)2(  7.0)      18551030.0
c  239   56519                  (3)3( 10.0)      18568030.0
c  240   56519                  (3)2(  7.0)      18571030.0
c  241   56519                  (3)2(  7.0)      18572030.0
c  242   56519                  (1)3(  3.0)      18578030.0
c  243   56519                  (3)4( 13.0)      18580030.0
c  244   56519                  (3)5( 16.0)      18583030.0
c  245   56519                  (3)3( 10.0)      18599030.0
c  246   56519                  (3)2(  7.0)      18601030.0
c  247   56519                  (1)4(  4.0)      18624030.0
c  248   56519                  (3)3( 10.0)      18633030.0
c  249   56519                  (1)2(  2.0)      18638030.0
c  250   56519                  (3)4( 13.0)      18641030.0
c  251   56519                  (1)1(  1.0)      18646030.0
c  252   56519                  (3)3( 10.0)      18658030.0
c  253   56519                  (3)2(  7.0)      18692030.0
c  254   56519                  (1)1(  1.0)      18712030.0
c  255   56519                  (3)2(  7.0)      18716030.0
c  256   56519                  (3)5( 16.0)      18718030.0
c  257   56519                  (3)4( 13.0)      18726030.0
c  258   56519                  (1)7(  7.0)      18736030.0
c  259   56519                  (3)2(  7.0)      18742030.0
c  260   56519                  (3)2(  7.0)      18743030.0
c  261   56519                  (1)2(  2.0)      18762030.0
c  262   5651A                  (3)3( 10.0)      18763030.0
c  263   56519                  (1)6(  6.0)      18776030.0
c  264   56519                  (3)4( 13.0)      18779030.0
c  265   56519                  (3)5( 16.0)      18796030.0
c  266   56519                  (3)5( 16.0)      18830030.0
c  267   56519                  (3)1(  4.0)      18836030.0
c  268   56519                  (3)0(  1.0)      18870030.0
c  269   56519                  (3)3( 10.0)      18877030.0
c  270   5651A                  (3)3( 10.0)      18893030.0
c  271   56519                  (1)6(  6.0)      18895030.0
c  272   56519                  (3)4( 13.0)      18901030.0
c  273   56519                  (3)1(  4.0)      18920030.0
c  274   5651A                  (1)6(  6.0)      18925030.0
c  275   56519                  (1)4(  4.0)      18940030.0
c  276   56519                  (1)3(  3.0)      18940030.0
c  277   5651A                  (1)6(  6.0)      18971030.0
c  278   5651A                  (5)0(  2.0)      18977030.0
c  279   56519                  (1)4(  4.0)      18981030.0
c  280   56519                  (1)2(  2.0)      18985030.0
c  281   56519                  (1)3(  3.0)      19000030.0
c  282   5651A                  (5)5( 27.0)      19001030.0
c  283   5651A                  (1)8(  8.0)      19002030.0
c  284   5651A                  (3)6( 19.0)      19006030.0
c  285   56519                  (1)4(  4.0)      19008030.0
c  286   5651A                  (1)6(  6.0)      19023030.0
c  287   56519                  (1)5(  5.0)      19026030.0
c  288   56519                  (1)1(  1.0)      19030030.0
c  289   56519                  (3)3( 10.0)      19034030.0
c  290   5651A                  (5)1(  7.0)      19035030.0
c  291   5651A                  (1)1(  1.0)      19036030.0
c  292   5651A                  (3)2(  7.0)      19038030.0
c  293   5651A                  (5)3( 17.0)      19040030.0
c  294   5651A                  (7)3( 24.0)      19040030.0
c  295   5651A                  (1)5(  5.0)      19045030.0
c  296   56519                  (1)0(  0.0)      19062030.0
c  297   5651A                  (5)3( 17.0)      19086030.0
c  298   5651A                  (3)0(  1.0)      19087030.0
c  299   5651A                  (3)5( 16.0)      19093030.0
c  300   5651A                  (1)2(  2.0)      19097030.0
c  301   5651A                  (3)2(  7.0)      19103030.0
c  302   5651A                  (1)1(  1.0)      19122030.0
c  303   5651A                  (1)4(  4.0)      19123030.0
c  304   5651A                  (1)1(  1.0)      19134030.0
c  305   56519                  (1)4(  4.0)      19150030.0
c  306   5651A                  (1)3(  3.0)      19152030.0
c  307   56519                  (1)3(  3.0)      19163030.0
c  308   5651A                  (5)5( 27.0)      19165030.0
c  309   56519                  (1)2(  2.0)      19178030.0
c  310   5651A                  (3)2(  7.0)      19181030.0
c  311   5651A                  (3)4( 13.0)      19183030.0
c  312   5651A                  (3)4( 13.0)      19185030.0
c  313   5651A                  (5)2( 12.0)      19192030.0
c  314   5651A                  (5)7( 37.0)      19201030.0
c  315   5651A                  (5)4( 22.0)      19202030.0
c  316   5651A                  (3)4( 13.0)      19203030.0
c  317   56519                  (1)0(  0.0)      19235030.0
c  318   5651A                  (3)1(  4.0)      19271030.0
c  319   5651A                  (3)7( 22.0)      19280030.0
c  320   5651A                  (3)1(  4.0)      19284030.0
c  321   5651A                  (5)3( 17.0)      19306030.0
c  322   5651A                  (5)6( 32.0)      19308030.0
c  323   5651A                  (3)5( 16.0)      19309030.0
c  324   5651A                  (3)4( 13.0)      19331030.0
c  325   5651A                  (3)8( 25.0)      19358030.0
c  326   5651A                  (3)1(  4.0)      19361030.0
c  327   5651A                  (3)3( 10.0)      19364030.0
c  328   56519                  (1)1(  1.0)      19375030.0
c  329   5651A                  (3)3( 10.0)      19404030.0
c  330   5651A                  (3)5( 16.0)      19414030.0
c  331   5651A                  (3)7( 22.0)      19435030.0
c  332   5651A                  (3)9( 28.0)      19446030.0
c  333   5651A                  (3)1(  4.0)      19450030.0
c  334   5651A                  (1)9(  9.0)      19459030.0
c  335   5651A                  (5)4( 22.0)      19478030.0
c  336   5651A                  (3)5( 16.0)      19485030.0
c  337   5651A                  (5)4( 22.0)      19488030.0
c  338   5651A                  (5)6( 32.0)      19490030.0
c  339   56519                  (3)0(  1.0)      19491030.0
c  340   5651A                  (3)5( 16.0)      19496030.0
c  341   5651A                  (3)2(  7.0)      19500030.0
c  342   5651A                  (5)3( 17.0)      19509030.0
c  343   5651A                  (3)8( 25.0)      19511030.0
c  344   5651A                  (5)4( 22.0)      19514030.0
c  345   5651A                  (3)5( 16.0)      19519030.0
c  346   5651A                  (3)7( 22.0)      19527030.0
c  347   5651A                  (3)2(  7.0)      19529030.0
c  348   5651A                  (1)5(  5.0)      19530030.0
c  349   56519                  (1)3(  3.0)      19536030.0
c  350   56519                  (1)2(  2.0)      19541030.0
c  351   5651A                  (3)4( 13.0)      19550030.0
c  352   5651A                  (3)6( 19.0)      19554030.0
c  353   5651A                  (1)0(  0.0)      19556030.0
c  354   5651A                  (3)2(  7.0)      19557030.0
c  355   5651A                  (5)3( 17.0)      19580030.0
c  356   5651A                  (5)1(  7.0)      19594030.0
c  357   5651A                  (1)7(  7.0)      19604030.0
c  358   5651A                  (3)4( 13.0)      19610030.0
c  359   5651A                  (3)1(  4.0)      19624030.0
c  360   5651A                  (3)3( 10.0)      19630030.0
c  361   5651A                  (1)3(  3.0)      19642030.0
c  362   5651A                  (3)4( 13.0)      19648030.0
c  363   5651A                  (1)6(  6.0)      19648030.0
c  364   5651A                  (5)1(  7.0)      19649030.0
c  365   5651A                  (3)3( 10.0)      19649030.0
c  366   5651A                  (1)4(  4.0)      19656030.0
c  367   5651A                  (1)3(  3.0)      19667030.0
c  368   5651A                  (3)1(  4.0)      19670030.0
c  369   5651A                  (1)1(  1.0)      19672030.0
c  370   5651A                  (1)3(  3.0)      19678030.0
c  371   5651A                  (5)5( 27.0)      19683030.0
c  372   5651A                  (3)3( 10.0)      19684030.0
c  373   5651A                  (1)7(  7.0)      19685030.0
c  374   5651A                  (3)5( 16.0)      19686030.0
c  375   5651A                  (1)6(  6.0)      19689030.0
c  376   5651A                  (3)5( 16.0)      19692030.0
c  377   5651A                  (3)3( 10.0)      19693030.0
c  378   5651A                  (3)5( 16.0)      19693030.0
c  379   5651A                  (3)1(  4.0)      19694030.0
c  380   5651A                  (5)2( 12.0)      19696030.0
c  381   5651A                  (3)5( 16.0)      19705030.0
c  382   5651A                  (3)2(  7.0)      19707030.0
c  383   5651A                  (3)6( 19.0)      19712030.0
c  384   5651A                  (3)6( 19.0)      19731030.0
c  385   5651A                  (3)3( 10.0)      19738030.0
c  386   5651A                  (3)3( 10.0)      19750030.0
c  387   5651A                  (1)2(  2.0)      19752030.0
c  388   5651A                  (3)0(  1.0)      19752030.0
c  389   5651A                  (3)1(  4.0)      19755030.0
c  390   5651A                  (3)3( 10.0)      19759030.0
c  391   5651A                  (3)6( 19.0)      19765030.0
c  392   5651A                  (1)5(  5.0)      19768030.0
c  393   5651A                  (1)3(  3.0)      19778030.0
c  394   5651A                  (3)7( 22.0)      19778030.0
c  395   5651A                  (3)1(  4.0)      19779030.0
c  396   5651A                  (3)6( 19.0)      19781030.0
c  397   5651A                  (1)4(  4.0)      19783030.0
c  398   5651A                  (3)5( 16.0)      19796030.0
c  399   5651A                  (5)2( 12.0)      19809030.0
c  400   5651A                  (3)4( 13.0)      19815030.0
c  401   5651A                  (3)7( 22.0)      19823030.0
c  402   5651A                  (1)4(  4.0)      19827030.0
c  403   5651A                  (3)2(  7.0)      19830030.0
c  404   5651A                  (1)5(  5.0)      19833030.0
c  405   5651A                  (3)2(  7.0)      19835030.0
c  406   5651A                  (5)2( 12.0)      19842030.0
c  407   5651A                  (3)4( 13.0)      19848030.0
c  408   5651A                  (1)4(  4.0)      19851030.0
c  409   5651A                  (1)1(  1.0)      19867030.0
c  410   5651A                  (3)3( 10.0)      19873030.0
c  411   5651A                  (3)4( 13.0)      19874030.0
c  412   5651A                  (1)2(  2.0)      19878030.0
c  413   5651A                  (3)2(  7.0)      19893030.0
c  414   5651A                  (1)2(  2.0)      19900030.0
c  415   5651A                  (3)2(  7.0)      19901030.0
c  416   5651A                  (3)4( 13.0)      19907030.0
c  417   5651A                  (1)3(  3.0)      19947030.0
c  418   5651A                  (3)6( 19.0)      19955030.0
c  419   5651A                  (3)4( 13.0)      19959030.0
c  420   5651A                  (3)3( 10.0)      19971030.0
c  421   5651A                  (1)8(  8.0)      20021030.0
c  422   5651A                  (3)6( 19.0)      20023030.0
c  423   5651A                  (3)0(  1.0)      20034030.0
c  424   5651A                  (3)2(  7.0)      20037030.0
c  425   5651A                  (3)2(  7.0)      20054030.0
c  426   5651A                  (1)7(  7.0)      20060030.0
c  427   5651A                  (1)4(  4.0)      20062030.0
c  428   5651A                  (1)2(  2.0)      20064030.0
c  429   5651A                  (3)4( 13.0)      20088030.0
c  430   5651A                  (1)4(  4.0)      20091030.0
c  431   5651A                  (1)5(  5.0)      20110030.0
c  432   5651A                  (1)3(  3.0)      20123030.0
c  433   5651A                  (1)0(  0.0)      20127030.0
c  434   5651A                  (3)3( 10.0)      20135030.0
c  435   5651A                  (1)6(  6.0)      20141030.0
c  436   5651A                  (3)1(  4.0)      20153030.0
c  437   5651A                  (3)5( 16.0)      20164030.0
c  438   5651A                  (1)4(  4.0)      20172030.0
c  439   5651A                  (3)3( 10.0)      20177030.0
c  440   5651A                  (1)7(  7.0)      20204030.0
c  441   5651A                  (1)3(  3.0)      20218030.0
c  442   5651A                  (1)2(  2.0)      20219030.0
c  443   5651A                  (1)4(  4.0)      20239030.0
c  444   5651A                  (1)2(  2.0)      20246030.0
c  445   5651A                  (1)3(  3.0)      20251030.0
c  446   5651A                  (1)3(  3.0)      20284030.0
c  447   5651A                  (1)5(  5.0)      20288030.0
c  448   5651A                  (1)5(  5.0)      20291030.0
c  449   5651A                  (1)4(  4.0)      20296030.0
c  450   5651A                  (3)4( 13.0)      20317030.0
c  451   5651A                  (1)1(  1.0)      20320030.0
c  452   5651A                  (1)2(  2.0)      20348030.0
c  453   5651A                  (1)3(  3.0)      20437030.0
c  454   5651A                  (1)1(  1.0)      20481030.0
c  455   5651A                  (1)2(  2.0)      20716030.0
c  456   5651A                  (1)5(  5.0)      20723030.0
 
 
 
c-------------------------------------------------------------------------------
 
C  superstage partition information
C  ================================
C
C  element symbol   : W
C  parent template  : 
C  partition level  :  1
C  superstage label : 50
C
C  tabulation       : photon emissivity coefft (te,ne)
C  units            : ph. emis coef(cm^3 s^-1); te (ev); ne (cm^-3)
C
C  photon emissivity atomic transitions
C  ------------------------------------
C  
C   isel  wvlen(A)            transition                type  ispb nspb
C                                                             ispp nspp sz    tg pr wr
C  ----- ---------- ----------------------------------- ----- ---- ---- --    -- -- --
C      1   5.12820  341(3)2(  7.0)-  1(1)2(  2.0)       excit   1    1  50   266 16  1
C      2   5.18564  320(3)1(  4.0)-  1(1)2(  2.0)       excit   1    1  50   255 11  2
C      3   5.23916  298(3)0(  1.0)-  1(1)2(  2.0)       excit   1    1  50   237 41  3
C      4   5.29296  270(3)3( 10.0)-  1(1)2(  2.0)       excit   1    1  50   217 35  4
C      5   17.5660   57(3)1(  4.0)-  1(1)2(  2.0)       excit   1    1  50    46 32  5
C      6   21.4533   49(5)1(  7.0)-  2(3)3( 10.0)       excit   1    1  50   383 38  6
C      7   23.1893   30(3)2(  7.0)-  1(1)2(  2.0)       excit   1    1  50    22 19  7
C      8   23.7596   57(3)1(  4.0)- 13(3)1(  4.0)       excit   1    1  50  4310 22  8
C      9   24.3646   49(5)1(  7.0)-  8(3)4( 13.0)       excit   1    1  50  2636 47  9
C     10   24.4073   42(3)2(  7.0)-  5(3)2(  7.0)       excit   1    1  50  1552 31 10
C     11   25.1619   57(3)1(  4.0)- 15(1)3(  3.0)       excit   1    1  50  4799  6 11
C     12   26.7923   30(3)2(  7.0)-  3(5)2( 12.0)       excit   1    1  50   784 43 12
C     13   27.3431   49(5)1(  7.0)- 13(3)1(  4.0)       excit   1    1  50  4303 25 13
C     14   30.2194   18(1)2(  2.0)-  1(1)2(  2.0)       excit   1    1  50    15  2 14
C     15   32.0478   24(3)2(  7.0)-  5(3)2(  7.0)       excit   1    1  50  1535 30 15
C     16   36.0414   24(3)2(  7.0)-  9(3)3( 10.0)       excit   1    1  50  3021 21 16
C     17   47.4203   30(3)2(  7.0)- 16(1)0(  0.0)       excit   1    1  50  5118  5 17
C     18   78.7601   16(1)0(  0.0)-  7(3)1(  4.0)       excit   1    1  50  2275 37 18
C     19   80.7350   15(1)3(  3.0)-  2(3)3( 10.0)       excit   1    1  50   350 48 19
C     20   110.610   13(3)1(  4.0)-  3(5)2( 12.0)       excit   1    1  50   767 10 20
C     21   122.438   16(1)0(  0.0)- 12(1)2(  2.0)       excit   1    1  50  3951 12 21
C     22   130.393   13(3)1(  4.0)-  5(3)2(  7.0)       excit   1    1  50  1525 34 22
C     23   138.980   16(1)0(  0.0)- 13(3)1(  4.0)       excit   1    1  50  4277 15 23
C     24   139.453    5(3)2(  7.0)-  1(1)2(  2.0)       excit   1    1  50     4 29 24
C     25   146.703   15(1)3(  3.0)-  8(3)4( 13.0)       excit   1    1  50  2608 13 25
C     26   149.321   12(1)2(  2.0)-  5(3)2(  7.0)       excit   1    1  50  1524 42 26
C     27   152.502   15(1)3(  3.0)-  9(3)3( 10.0)       excit   1    1  50  3013 23 27
C     28   172.438    3(5)2( 12.0)-  1(1)2(  2.0)       excit   1    1  50     2  7 28
C     29   173.880   15(1)3(  3.0)- 11(1)4(  4.0)       excit   1    1  50  3619 46 29
C     30   179.543    8(3)4( 13.0)-  2(3)3( 10.0)       excit   1    1  50   343 36 30
C     31   181.769   13(3)1(  4.0)-  7(3)1(  4.0)       excit   1    1  50  2272 50 31
C     32   207.074    9(3)3( 10.0)-  3(5)2( 12.0)       excit   1    1  50   763 33 32
C     33   208.355    2(3)3( 10.0)-  1(1)2(  2.0)       excit   1    1  50     1  1 33
C     34   218.818    8(3)4( 13.0)-  3(5)2( 12.0)       excit   1    1  50   762 28 34
C     35   220.312    7(3)1(  4.0)-  2(3)3( 10.0)       excit   1    1  50   342 17 35
C     36   220.780   12(1)2(  2.0)-  7(3)1(  4.0)       excit   1    1  50  2271 39 36
C     37   223.674   13(3)1(  4.0)-  8(3)4( 13.0)       excit   1    1  50  2607 26 37
C     38   256.036    9(3)3( 10.0)-  4(1)4(  4.0)       excit   1    1  50  1185 27 38
C     39   282.541    7(3)1(  4.0)-  3(5)2( 12.0)       excit   1    1  50   761 40 39
C     40   289.226    9(3)3( 10.0)-  5(3)2(  7.0)       excit   1    1  50  1522 24 40
C     41   308.690   12(1)2(  2.0)-  9(3)3( 10.0)       excit   1    1  50  3010 45 41
C     42   384.971    6(3)5( 16.0)-  3(5)2( 12.0)       excit   1    1  50   760  8 42
C     43   421.692    5(3)2(  7.0)-  2(3)3( 10.0)       excit   1    1  50   340  4 43
C     44   461.338    7(3)1(  4.0)-  5(3)2(  7.0)       excit   1    1  50  1520 20 44
C     45   506.997    8(3)4( 13.0)-  6(3)5( 16.0)       excit   1    1  50  1907  9 45
C     46   519.967    4(1)4(  4.0)-  2(3)3( 10.0)       excit   1    1  50   339 14 46
C     47   729.022    5(3)2(  7.0)-  3(5)2( 12.0)       excit   1    1  50   759 18 47
C     48   775.260    9(3)3( 10.0)-  7(3)1(  4.0)       excit   1    1  50  2269 49 48
C     49   938.615   11(1)4(  4.0)-  8(3)4( 13.0)       excit   1    1  50  2605 44 49
C     50   1000.30    3(5)2( 12.0)-  2(3)3( 10.0)       excit   1    1  50   338  3 50
c-------------------------------------------------------------------------------
                                                                                
C  code     : adas810
C  producer : Adam Foster
C  date     : 15/05/09
                                                                                
c-------------------------------------------------------------------------------

C-----------------------------------------------------------------------
C                               OPEN-ADAS
C                               +++++++++
C
C This file has been downloaded from OPEN-ADAS (http://open.adas.ac.uk)
C on 26-Mar-2025.
C
C TERMS AND CONDITIONS
C --------------------
C
C The user of the OPEN-ADAS system and data (hereinafter "the User")
C accepts the following terms and conditions:
C
C   1. The University of Strathclyde uses all reasonable endeavours to
C      ensure the accuracy of the data provided and any information
C      given, but the University makes no warranty, expressed or implied
C      as to its accuracy, integrity, fitness for purpose and shall not
C      be responsible for the use to which the data is put by the User
C      and/or any consequences arising out of any inaccuracies or
C      omissions.
C
C   2. Any downloaded OPEN-ADAS file is made available for the
C      personal use of the User only.  It must not be used for any
C      commercial application, incorporated into any web site or in
C      any form re-distributed without express prior written permission
C      from the ADAS Project. In particular, but not by way of
C      limitation, it must not be:
C        *  inserted into a managed database structure,
C        *  redistributed along with a modelling or analysis code,
C        *  made available on a public website.
C
C Permission for OPEN-ADAS data incorporation in non-commercial
C code/system development for scientific advance will not be
C unreasonably withheld, but will be subject to written agreement
C on a case by case basis.
C
C The User will indemnify the University of Strathclyde and keep it
C fully and effectively indemnified against each and every claim made
C against the University as a result of the User's use of the data.
C
C-----------------------------------------------------------------------
