   50    /W :51 photon emissivity coefficients/
--------------------------------------------------------------------------------
    1    1    1    1    1    1    1    1    1    1    1    1    1    1
    1    1    1    1    1    1    1    1    1    1    1    1    1    1
    1    1    1    1    1    1    1    1    1    1    1    1    1    1
    1    1    1    1    1    1    1    1    1    1    1    1    1    1
    1    1    1    1    1    1    1    1    1    1    1    1    1    1
    1    1    1    1    1
--------------------------------------------------------------------------------
//#01/p00/ 00/p01/ 01/p02/ 02/p03/ 03/p04/ 04/p05/ 05/p06/ 06/p07/ 07/p08/ 08/  
      p09/ 09/p10/ 10/p11/ 11/p12/ 12/p13/ 13/p14/ 14/p15/ 15/p16/ 16/p17/ 17/  
      p18/ 18/p19/ 19/p20/ 20/p21/ 21/p22/ 22/p23/ 23/p24/ 24/p25/ 25/p26/ 26/  
      p27/ 27/p28/ 28/p29/ 29/p30/ 30/p31/ 31/p32/ 32/p33/ 33/p34/ 34/p35/ 35/  
      p36/ 36/p37/ 37/p38/ 38/p39/ 39/p40/ 40/p41/ 41/p42/ 42/p43/ 43/p44/ 44/  
      p45/ 45/p46/ 46/p47/ 47/p48/ 48/p49/ 49/p50/ 50/p51/ 51/p52/ 52/p53/ 53/  
      p54/ 54/p55/ 55/p56/ 56/p57/ 57/p58/ 58/p59/ 59/p60/ 60/p61/ 61/p62/ 62/  
      p63/ 63/p64/ 64/p65/ 65/p66/ 66/p67/ 67/p68/ 68/p69/ 69/p70/ 70/p71/ 71/  
      p72/ 72/p73/ 73/p74/ 74/                                                  
--------------------------------------------------------------------------------
  3.11892    7  14 /pl=01:ss=51:pb= 1:sz=51/type=excit/ispb = t/isel =    1
 1.00E+10 1.00E+11 1.00E+12 1.00E+13 1.00E+14 1.00E+15 1.00E+16
 4.66E+01 6.99E+01 1.17E+02 2.33E+02 4.66E+02 1.17E+03 2.33E+03 3.49E+03
 4.66E+03 6.99E+03 1.17E+04 2.33E+04 4.66E+04 6.99E+04
 1.00E-74 3.28E-36 1.93E-26 3.50E-19 1.26E-15 1.37E-13 5.55E-13 8.39E-13
 1.00E-12 1.16E-12 1.26E-12 1.25E-12 1.14E-12 1.05E-12
 1.00E-74 3.28E-36 1.93E-26 3.50E-19 1.26E-15 1.37E-13 5.55E-13 8.39E-13
 1.00E-12 1.16E-12 1.26E-12 1.25E-12 1.14E-12 1.05E-12
 1.00E-74 3.28E-36 1.93E-26 3.50E-19 1.26E-15 1.37E-13 5.55E-13 8.39E-13
 1.00E-12 1.16E-12 1.26E-12 1.25E-12 1.14E-12 1.05E-12
 1.00E-74 3.28E-36 1.93E-26 3.50E-19 1.26E-15 1.37E-13 5.55E-13 8.39E-13
 1.00E-12 1.16E-12 1.26E-12 1.25E-12 1.14E-12 1.05E-12
 1.00E-74 3.28E-36 1.93E-26 3.50E-19 1.26E-15 1.37E-13 5.55E-13 8.39E-13
 1.00E-12 1.16E-12 1.26E-12 1.25E-12 1.14E-12 1.05E-12
 1.00E-74 3.28E-36 1.93E-26 3.50E-19 1.26E-15 1.37E-13 5.55E-13 8.39E-13
 1.00E-12 1.16E-12 1.26E-12 1.25E-12 1.14E-12 1.05E-12
 1.39E-48 3.28E-36 1.93E-26 3.50E-19 1.26E-15 1.37E-13 5.55E-13 8.39E-13
 1.00E-12 1.16E-12 1.26E-12 1.25E-12 1.14E-12 1.05E-12
  3.35587    7  14 /pl=01:ss=51:pb= 1:sz=51/type=excit/ispb = t/isel =    2
 1.00E+10 1.00E+11 1.00E+12 1.00E+13 1.00E+14 1.00E+15 1.00E+16
 4.66E+01 6.99E+01 1.17E+02 2.33E+02 4.66E+02 1.17E+03 2.33E+03 3.49E+03
 4.66E+03 6.99E+03 1.17E+04 2.33E+04 4.66E+04 6.99E+04
 1.00E-74 4.03E-34 4.79E-25 2.63E-18 5.27E-15 4.03E-13 1.47E-12 2.13E-12
 2.51E-12 2.87E-12 3.08E-12 3.02E-12 2.77E-12 2.56E-12
 1.00E-74 4.03E-34 4.79E-25 2.63E-18 5.27E-15 4.03E-13 1.47E-12 2.13E-12
 2.51E-12 2.87E-12 3.08E-12 3.02E-12 2.77E-12 2.56E-12
 1.00E-74 4.03E-34 4.79E-25 2.63E-18 5.27E-15 4.03E-13 1.47E-12 2.13E-12
 2.51E-12 2.87E-12 3.08E-12 3.02E-12 2.77E-12 2.56E-12
 2.40E-45 4.03E-34 4.79E-25 2.63E-18 5.27E-15 4.03E-13 1.47E-12 2.13E-12
 2.51E-12 2.87E-12 3.08E-12 3.02E-12 2.77E-12 2.56E-12
 1.68E-45 4.03E-34 4.79E-25 2.63E-18 5.27E-15 4.03E-13 1.47E-12 2.13E-12
 2.51E-12 2.87E-12 3.08E-12 3.02E-12 2.77E-12 2.56E-12
 1.65E-45 4.03E-34 4.79E-25 2.63E-18 5.27E-15 4.03E-13 1.47E-12 2.13E-12
 2.51E-12 2.87E-12 3.08E-12 3.02E-12 2.77E-12 2.56E-12
 1.65E-45 4.03E-34 4.79E-25 2.63E-18 5.27E-15 4.03E-13 1.47E-12 2.13E-12
 2.51E-12 2.87E-12 3.08E-12 3.02E-12 2.77E-12 2.56E-12
  3.42016    7  14 /pl=01:ss=51:pb= 1:sz=51/type=excit/ispb = t/isel =    3
 1.00E+10 1.00E+11 1.00E+12 1.00E+13 1.00E+14 1.00E+15 1.00E+16
 4.66E+01 6.99E+01 1.17E+02 2.33E+02 4.66E+02 1.17E+03 2.33E+03 3.49E+03
 4.66E+03 6.99E+03 1.17E+04 2.33E+04 4.66E+04 6.99E+04
 1.00E-74 5.24E-34 4.15E-25 1.69E-18 2.90E-15 2.06E-13 7.60E-13 1.14E-12
 1.39E-12 1.69E-12 1.97E-12 2.19E-12 2.22E-12 2.17E-12
 1.00E-74 5.24E-34 4.15E-25 1.69E-18 2.90E-15 2.06E-13 7.60E-13 1.14E-12
 1.39E-12 1.69E-12 1.97E-12 2.19E-12 2.22E-12 2.17E-12
 1.00E-74 5.24E-34 4.15E-25 1.69E-18 2.90E-15 2.06E-13 7.60E-13 1.14E-12
 1.39E-12 1.69E-12 1.97E-12 2.19E-12 2.22E-12 2.17E-12
 3.43E-45 5.24E-34 4.15E-25 1.69E-18 2.90E-15 2.06E-13 7.60E-13 1.14E-12
 1.39E-12 1.69E-12 1.97E-12 2.19E-12 2.22E-12 2.17E-12
 3.52E-45 5.24E-34 4.15E-25 1.69E-18 2.90E-15 2.06E-13 7.60E-13 1.14E-12
 1.39E-12 1.69E-12 1.97E-12 2.19E-12 2.22E-12 2.17E-12
 3.52E-45 5.24E-34 4.15E-25 1.69E-18 2.90E-15 2.06E-13 7.60E-13 1.14E-12
 1.39E-12 1.69E-12 1.97E-12 2.19E-12 2.22E-12 2.17E-12
 3.52E-45 5.24E-34 4.15E-25 1.69E-18 2.90E-15 2.06E-13 7.60E-13 1.14E-12
 1.39E-12 1.69E-12 1.97E-12 2.19E-12 2.22E-12 2.17E-12
  3.84221    7  14 /pl=01:ss=51:pb= 1:sz=51/type=excit/ispb = t/isel =    4
 1.00E+10 1.00E+11 1.00E+12 1.00E+13 1.00E+14 1.00E+15 1.00E+16
 4.66E+01 6.99E+01 1.17E+02 2.33E+02 4.66E+02 1.17E+03 2.33E+03 3.49E+03
 4.66E+03 6.99E+03 1.17E+04 2.33E+04 4.66E+04 6.99E+04
 1.15E-40 1.01E-30 8.25E-23 6.10E-17 4.51E-14 1.93E-12 5.88E-12 8.10E-12
 9.30E-12 1.05E-11 1.11E-11 1.09E-11 9.93E-12 9.27E-12
 1.18E-40 1.01E-30 8.25E-23 6.10E-17 4.51E-14 1.93E-12 5.88E-12 8.10E-12
 9.30E-12 1.05E-11 1.11E-11 1.09E-11 9.93E-12 9.27E-12
 1.18E-40 1.01E-30 8.25E-23 6.10E-17 4.51E-14 1.93E-12 5.88E-12 8.10E-12
 9.30E-12 1.05E-11 1.11E-11 1.09E-11 9.93E-12 9.27E-12
 1.18E-40 1.01E-30 8.25E-23 6.10E-17 4.51E-14 1.93E-12 5.88E-12 8.10E-12
 9.30E-12 1.05E-11 1.11E-11 1.09E-11 9.93E-12 9.27E-12
 1.18E-40 1.01E-30 8.25E-23 6.10E-17 4.51E-14 1.93E-12 5.88E-12 8.10E-12
 9.30E-12 1.05E-11 1.11E-11 1.09E-11 9.93E-12 9.27E-12
 1.18E-40 1.01E-30 8.25E-23 6.10E-17 4.51E-14 1.93E-12 5.88E-12 8.10E-12
 9.30E-12 1.05E-11 1.11E-11 1.09E-11 9.93E-12 9.27E-12
 1.18E-40 1.01E-30 8.25E-23 6.10E-17 4.51E-14 1.93E-12 5.88E-12 8.10E-12
 9.30E-12 1.05E-11 1.11E-11 1.09E-11 9.93E-12 9.27E-12
  3.85591    7  14 /pl=01:ss=51:pb= 1:sz=51/type=excit/ispb = t/isel =    5
 1.00E+10 1.00E+11 1.00E+12 1.00E+13 1.00E+14 1.00E+15 1.00E+16
 4.66E+01 6.99E+01 1.17E+02 2.33E+02 4.66E+02 1.17E+03 2.33E+03 3.49E+03
 4.66E+03 6.99E+03 1.17E+04 2.33E+04 4.66E+04 6.99E+04
 1.00E-74 5.27E-34 6.12E-25 3.29E-18 6.41E-15 4.75E-13 1.65E-12 2.31E-12
 2.63E-12 2.84E-12 2.78E-12 2.36E-12 1.84E-12 1.56E-12
 1.00E-74 5.27E-34 6.12E-25 3.29E-18 6.41E-15 4.75E-13 1.65E-12 2.31E-12
 2.63E-12 2.84E-12 2.78E-12 2.36E-12 1.84E-12 1.56E-12
 1.00E-74 5.27E-34 6.12E-25 3.29E-18 6.41E-15 4.75E-13 1.65E-12 2.31E-12
 2.63E-12 2.84E-12 2.78E-12 2.36E-12 1.84E-12 1.56E-12
 3.97E-45 5.27E-34 6.12E-25 3.29E-18 6.41E-15 4.75E-13 1.65E-12 2.31E-12
 2.63E-12 2.84E-12 2.78E-12 2.36E-12 1.84E-12 1.56E-12
 2.38E-45 5.27E-34 6.12E-25 3.29E-18 6.41E-15 4.75E-13 1.65E-12 2.31E-12
 2.63E-12 2.84E-12 2.78E-12 2.36E-12 1.84E-12 1.56E-12
 2.18E-45 5.27E-34 6.12E-25 3.29E-18 6.41E-15 4.75E-13 1.65E-12 2.31E-12
 2.63E-12 2.84E-12 2.78E-12 2.36E-12 1.84E-12 1.56E-12
 2.19E-45 5.28E-34 6.12E-25 3.29E-18 6.41E-15 4.75E-13 1.65E-12 2.31E-12
 2.63E-12 2.84E-12 2.78E-12 2.36E-12 1.84E-12 1.56E-12
  4.03822    7  14 /pl=01:ss=51:pb= 1:sz=51/type=excit/ispb = t/isel =    6
 1.00E+10 1.00E+11 1.00E+12 1.00E+13 1.00E+14 1.00E+15 1.00E+16
 4.66E+01 6.99E+01 1.17E+02 2.33E+02 4.66E+02 1.17E+03 2.33E+03 3.49E+03
 4.66E+03 6.99E+03 1.17E+04 2.33E+04 4.66E+04 6.99E+04
 3.25E-41 9.23E-32 3.12E-24 1.29E-18 8.21E-16 3.68E-14 1.15E-13 1.58E-13
 1.80E-13 1.98E-13 2.01E-13 1.87E-13 1.63E-13 1.48E-13
 3.24E-41 9.23E-32 3.12E-24 1.29E-18 8.21E-16 3.68E-14 1.15E-13 1.58E-13
 1.80E-13 1.98E-13 2.01E-13 1.87E-13 1.63E-13 1.48E-13
 3.24E-41 9.23E-32 3.12E-24 1.29E-18 8.21E-16 3.68E-14 1.15E-13 1.58E-13
 1.80E-13 1.98E-13 2.01E-13 1.87E-13 1.63E-13 1.48E-13
 3.24E-41 9.23E-32 3.12E-24 1.29E-18 8.21E-16 3.68E-14 1.15E-13 1.58E-13
 1.80E-13 1.98E-13 2.01E-13 1.87E-13 1.63E-13 1.48E-13
 3.24E-41 9.23E-32 3.12E-24 1.29E-18 8.21E-16 3.68E-14 1.15E-13 1.58E-13
 1.80E-13 1.98E-13 2.01E-13 1.87E-13 1.63E-13 1.48E-13
 3.24E-41 9.23E-32 3.12E-24 1.29E-18 8.21E-16 3.68E-14 1.15E-13 1.58E-13
 1.80E-13 1.98E-13 2.01E-13 1.87E-13 1.63E-13 1.48E-13
 3.24E-41 9.24E-32 3.12E-24 1.29E-18 8.21E-16 3.68E-14 1.15E-13 1.58E-13
 1.80E-13 1.98E-13 2.01E-13 1.87E-13 1.63E-13 1.48E-13
  4.05296    7  14 /pl=01:ss=51:pb= 1:sz=51/type=excit/ispb = t/isel =    7
 1.00E+10 1.00E+11 1.00E+12 1.00E+13 1.00E+14 1.00E+15 1.00E+16
 4.66E+01 6.99E+01 1.17E+02 2.33E+02 4.66E+02 1.17E+03 2.33E+03 3.49E+03
 4.66E+03 6.99E+03 1.17E+04 2.33E+04 4.66E+04 6.99E+04
 1.00E-74 1.89E-33 8.96E-25 2.47E-18 3.47E-15 2.11E-13 6.95E-13 9.60E-13
 1.09E-12 1.17E-12 1.16E-12 1.00E-12 7.94E-13 6.81E-13
 2.73E-44 1.89E-33 8.96E-25 2.47E-18 3.47E-15 2.11E-13 6.95E-13 9.60E-13
 1.09E-12 1.17E-12 1.16E-12 1.00E-12 7.94E-13 6.81E-13
 2.46E-44 1.89E-33 8.96E-25 2.47E-18 3.47E-15 2.11E-13 6.95E-13 9.60E-13
 1.09E-12 1.17E-12 1.16E-12 1.00E-12 7.94E-13 6.81E-13
 2.40E-44 1.89E-33 8.96E-25 2.47E-18 3.47E-15 2.11E-13 6.95E-13 9.60E-13
 1.09E-12 1.17E-12 1.16E-12 1.00E-12 7.94E-13 6.81E-13
 2.41E-44 1.89E-33 8.96E-25 2.47E-18 3.47E-15 2.11E-13 6.95E-13 9.60E-13
 1.09E-12 1.17E-12 1.16E-12 1.00E-12 7.94E-13 6.81E-13
 2.41E-44 1.89E-33 8.96E-25 2.47E-18 3.47E-15 2.11E-13 6.95E-13 9.60E-13
 1.09E-12 1.17E-12 1.16E-12 1.00E-12 7.94E-13 6.81E-13
 2.41E-44 1.89E-33 8.96E-25 2.47E-18 3.47E-15 2.11E-13 6.95E-13 9.60E-13
 1.09E-12 1.17E-12 1.16E-12 1.00E-12 7.94E-13 6.81E-13
  4.62010    7  14 /pl=01:ss=51:pb= 1:sz=51/type=excit/ispb = t/isel =    8
 1.00E+10 1.00E+11 1.00E+12 1.00E+13 1.00E+14 1.00E+15 1.00E+16
 4.66E+01 6.99E+01 1.17E+02 2.33E+02 4.66E+02 1.17E+03 2.33E+03 3.49E+03
 4.66E+03 6.99E+03 1.17E+04 2.33E+04 4.66E+04 6.99E+04
 1.69E-35 2.99E-27 1.09E-20 7.90E-16 1.91E-13 4.68E-12 1.27E-11 1.75E-11
 2.04E-11 2.38E-11 2.69E-11 2.88E-11 2.86E-11 2.77E-11
 1.69E-35 2.99E-27 1.09E-20 7.90E-16 1.91E-13 4.68E-12 1.27E-11 1.75E-11
 2.04E-11 2.38E-11 2.69E-11 2.88E-11 2.86E-11 2.77E-11
 1.69E-35 2.99E-27 1.09E-20 7.90E-16 1.91E-13 4.68E-12 1.27E-11 1.75E-11
 2.04E-11 2.38E-11 2.69E-11 2.88E-11 2.86E-11 2.77E-11
 1.69E-35 2.99E-27 1.09E-20 7.90E-16 1.91E-13 4.68E-12 1.27E-11 1.75E-11
 2.04E-11 2.38E-11 2.69E-11 2.88E-11 2.86E-11 2.77E-11
 1.69E-35 2.99E-27 1.09E-20 7.90E-16 1.91E-13 4.68E-12 1.27E-11 1.75E-11
 2.04E-11 2.38E-11 2.69E-11 2.88E-11 2.86E-11 2.77E-11
 1.69E-35 2.99E-27 1.09E-20 7.90E-16 1.91E-13 4.68E-12 1.27E-11 1.75E-11
 2.04E-11 2.38E-11 2.69E-11 2.88E-11 2.86E-11 2.77E-11
 1.69E-35 2.99E-27 1.09E-20 7.90E-16 1.91E-13 4.68E-12 1.27E-11 1.75E-11
 2.04E-11 2.38E-11 2.69E-11 2.88E-11 2.86E-11 2.77E-11
  4.96255    7  14 /pl=01:ss=51:pb= 1:sz=51/type=excit/ispb = t/isel =    9
 1.00E+10 1.00E+11 1.00E+12 1.00E+13 1.00E+14 1.00E+15 1.00E+16
 4.66E+01 6.99E+01 1.17E+02 2.33E+02 4.66E+02 1.17E+03 2.33E+03 3.49E+03
 4.66E+03 6.99E+03 1.17E+04 2.33E+04 4.66E+04 6.99E+04
 6.49E-36 3.06E-28 3.85E-22 1.24E-17 1.91E-15 3.21E-14 7.11E-14 8.72E-14
 9.37E-14 9.71E-14 9.39E-14 8.24E-14 6.83E-14 6.03E-14
 6.49E-36 3.06E-28 3.85E-22 1.24E-17 1.91E-15 3.21E-14 7.11E-14 8.72E-14
 9.37E-14 9.71E-14 9.39E-14 8.24E-14 6.83E-14 6.03E-14
 6.49E-36 3.06E-28 3.85E-22 1.24E-17 1.91E-15 3.21E-14 7.11E-14 8.72E-14
 9.37E-14 9.71E-14 9.39E-14 8.24E-14 6.83E-14 6.03E-14
 6.49E-36 3.06E-28 3.85E-22 1.24E-17 1.91E-15 3.21E-14 7.11E-14 8.72E-14
 9.37E-14 9.71E-14 9.39E-14 8.24E-14 6.83E-14 6.03E-14
 6.49E-36 3.06E-28 3.85E-22 1.24E-17 1.91E-15 3.21E-14 7.11E-14 8.72E-14
 9.37E-14 9.71E-14 9.39E-14 8.24E-14 6.83E-14 6.03E-14
 6.49E-36 3.06E-28 3.85E-22 1.24E-17 1.91E-15 3.21E-14 7.11E-14 8.72E-14
 9.37E-14 9.71E-14 9.39E-14 8.24E-14 6.83E-14 6.03E-14
 6.49E-36 3.06E-28 3.85E-22 1.24E-17 1.91E-15 3.21E-14 7.11E-14 8.72E-14
 9.37E-14 9.71E-14 9.39E-14 8.24E-14 6.83E-14 6.03E-14
  5.24589    7  14 /pl=01:ss=51:pb= 1:sz=51/type=excit/ispb = t/isel =   10
 1.00E+10 1.00E+11 1.00E+12 1.00E+13 1.00E+14 1.00E+15 1.00E+16
 4.66E+01 6.99E+01 1.17E+02 2.33E+02 4.66E+02 1.17E+03 2.33E+03 3.49E+03
 4.66E+03 6.99E+03 1.17E+04 2.33E+04 4.66E+04 6.99E+04
 8.97E-32 1.62E-24 9.36E-19 1.70E-14 1.96E-12 2.83E-11 6.21E-11 7.80E-11
 8.64E-11 9.42E-11 9.90E-11 9.81E-11 9.12E-11 8.57E-11
 8.97E-32 1.62E-24 9.36E-19 1.70E-14 1.96E-12 2.83E-11 6.21E-11 7.80E-11
 8.64E-11 9.42E-11 9.90E-11 9.81E-11 9.12E-11 8.57E-11
 8.97E-32 1.62E-24 9.36E-19 1.70E-14 1.96E-12 2.83E-11 6.21E-11 7.80E-11
 8.64E-11 9.42E-11 9.90E-11 9.81E-11 9.12E-11 8.57E-11
 8.97E-32 1.62E-24 9.36E-19 1.70E-14 1.96E-12 2.83E-11 6.21E-11 7.80E-11
 8.64E-11 9.42E-11 9.90E-11 9.81E-11 9.12E-11 8.57E-11
 8.97E-32 1.62E-24 9.36E-19 1.70E-14 1.96E-12 2.83E-11 6.21E-11 7.80E-11
 8.64E-11 9.42E-11 9.90E-11 9.81E-11 9.12E-11 8.57E-11
 8.97E-32 1.62E-24 9.36E-19 1.70E-14 1.96E-12 2.83E-11 6.21E-11 7.80E-11
 8.64E-11 9.42E-11 9.90E-11 9.81E-11 9.12E-11 8.57E-11
 8.97E-32 1.62E-24 9.36E-19 1.70E-14 1.96E-12 2.83E-11 6.21E-11 7.80E-11
 8.64E-11 9.42E-11 9.90E-11 9.81E-11 9.11E-11 8.57E-11
  5.27021    7  14 /pl=01:ss=51:pb= 1:sz=51/type=excit/ispb = t/isel =   11
 1.00E+10 1.00E+11 1.00E+12 1.00E+13 1.00E+14 1.00E+15 1.00E+16
 4.66E+01 6.99E+01 1.17E+02 2.33E+02 4.66E+02 1.17E+03 2.33E+03 3.49E+03
 4.66E+03 6.99E+03 1.17E+04 2.33E+04 4.66E+04 6.99E+04
 2.09E-36 1.04E-27 8.69E-21 1.15E-15 3.56E-13 8.79E-12 2.16E-11 2.71E-11
 2.93E-11 3.01E-11 2.87E-11 2.43E-11 1.90E-11 1.63E-11
 2.09E-36 1.04E-27 8.69E-21 1.15E-15 3.56E-13 8.79E-12 2.16E-11 2.71E-11
 2.93E-11 3.01E-11 2.87E-11 2.43E-11 1.90E-11 1.63E-11
 2.09E-36 1.04E-27 8.69E-21 1.15E-15 3.56E-13 8.79E-12 2.16E-11 2.71E-11
 2.93E-11 3.01E-11 2.87E-11 2.43E-11 1.90E-11 1.63E-11
 2.09E-36 1.04E-27 8.69E-21 1.15E-15 3.56E-13 8.79E-12 2.16E-11 2.71E-11
 2.93E-11 3.01E-11 2.87E-11 2.43E-11 1.90E-11 1.63E-11
 2.09E-36 1.04E-27 8.69E-21 1.15E-15 3.56E-13 8.79E-12 2.16E-11 2.71E-11
 2.93E-11 3.01E-11 2.87E-11 2.43E-11 1.90E-11 1.63E-11
 2.09E-36 1.04E-27 8.69E-21 1.15E-15 3.56E-13 8.79E-12 2.16E-11 2.71E-11
 2.93E-11 3.01E-11 2.87E-11 2.43E-11 1.90E-11 1.63E-11
 2.09E-36 1.04E-27 8.69E-21 1.15E-15 3.56E-13 8.79E-12 2.16E-11 2.71E-11
 2.93E-11 3.01E-11 2.87E-11 2.43E-11 1.90E-11 1.63E-11
  5.59082    7  14 /pl=01:ss=51:pb= 1:sz=51/type=excit/ispb = t/isel =   12
 1.00E+10 1.00E+11 1.00E+12 1.00E+13 1.00E+14 1.00E+15 1.00E+16
 4.66E+01 6.99E+01 1.17E+02 2.33E+02 4.66E+02 1.17E+03 2.33E+03 3.49E+03
 4.66E+03 6.99E+03 1.17E+04 2.33E+04 4.66E+04 6.99E+04
 3.43E-32 2.17E-25 5.47E-20 5.29E-16 4.58E-14 5.88E-13 1.24E-12 1.50E-12
 1.60E-12 1.65E-12 1.59E-12 1.39E-12 1.16E-12 1.02E-12
 3.43E-32 2.17E-25 5.47E-20 5.29E-16 4.58E-14 5.88E-13 1.24E-12 1.50E-12
 1.60E-12 1.65E-12 1.59E-12 1.39E-12 1.16E-12 1.02E-12
 3.43E-32 2.17E-25 5.47E-20 5.29E-16 4.58E-14 5.88E-13 1.24E-12 1.50E-12
 1.60E-12 1.65E-12 1.59E-12 1.39E-12 1.16E-12 1.02E-12
 3.43E-32 2.17E-25 5.47E-20 5.29E-16 4.58E-14 5.88E-13 1.24E-12 1.50E-12
 1.60E-12 1.65E-12 1.59E-12 1.39E-12 1.16E-12 1.02E-12
 3.43E-32 2.17E-25 5.47E-20 5.29E-16 4.58E-14 5.88E-13 1.24E-12 1.50E-12
 1.60E-12 1.65E-12 1.59E-12 1.39E-12 1.16E-12 1.02E-12
 3.43E-32 2.17E-25 5.47E-20 5.29E-16 4.58E-14 5.88E-13 1.24E-12 1.50E-12
 1.60E-12 1.65E-12 1.59E-12 1.39E-12 1.16E-12 1.02E-12
 3.43E-32 2.17E-25 5.47E-20 5.29E-16 4.58E-14 5.88E-13 1.24E-12 1.50E-12
 1.60E-12 1.65E-12 1.59E-12 1.39E-12 1.16E-12 1.02E-12
  6.10229    7  14 /pl=01:ss=51:pb= 1:sz=51/type=excit/ispb = t/isel =   13
 1.00E+10 1.00E+11 1.00E+12 1.00E+13 1.00E+14 1.00E+15 1.00E+16
 4.66E+01 6.99E+01 1.17E+02 2.33E+02 4.66E+02 1.17E+03 2.33E+03 3.49E+03
 4.66E+03 6.99E+03 1.17E+04 2.33E+04 4.66E+04 6.99E+04
 3.62E-30 8.38E-24 1.25E-18 9.75E-15 8.02E-13 1.06E-11 2.30E-11 2.84E-11
 3.06E-11 3.19E-11 3.12E-11 2.78E-11 2.35E-11 2.09E-11
 3.62E-30 8.38E-24 1.25E-18 9.75E-15 8.02E-13 1.06E-11 2.30E-11 2.84E-11
 3.06E-11 3.19E-11 3.12E-11 2.78E-11 2.35E-11 2.09E-11
 3.62E-30 8.38E-24 1.25E-18 9.75E-15 8.02E-13 1.06E-11 2.30E-11 2.84E-11
 3.06E-11 3.19E-11 3.12E-11 2.78E-11 2.35E-11 2.09E-11
 3.62E-30 8.38E-24 1.25E-18 9.75E-15 8.02E-13 1.06E-11 2.30E-11 2.84E-11
 3.06E-11 3.19E-11 3.12E-11 2.78E-11 2.35E-11 2.09E-11
 3.62E-30 8.38E-24 1.25E-18 9.75E-15 8.02E-13 1.06E-11 2.30E-11 2.84E-11
 3.06E-11 3.19E-11 3.12E-11 2.78E-11 2.35E-11 2.09E-11
 3.62E-30 8.38E-24 1.25E-18 9.75E-15 8.02E-13 1.06E-11 2.30E-11 2.84E-11
 3.06E-11 3.19E-11 3.12E-11 2.78E-11 2.35E-11 2.09E-11
 3.62E-30 8.39E-24 1.25E-18 9.75E-15 8.02E-13 1.06E-11 2.30E-11 2.84E-11
 3.06E-11 3.19E-11 3.12E-11 2.78E-11 2.35E-11 2.09E-11
  6.13182    7  14 /pl=01:ss=51:pb= 1:sz=51/type=excit/ispb = t/isel =   14
 1.00E+10 1.00E+11 1.00E+12 1.00E+13 1.00E+14 1.00E+15 1.00E+16
 4.66E+01 6.99E+01 1.17E+02 2.33E+02 4.66E+02 1.17E+03 2.33E+03 3.49E+03
 4.66E+03 6.99E+03 1.17E+04 2.33E+04 4.66E+04 6.99E+04
 1.62E-33 7.62E-26 9.60E-20 3.10E-15 4.77E-13 8.01E-12 1.77E-11 2.17E-11
 2.34E-11 2.42E-11 2.34E-11 2.05E-11 1.70E-11 1.50E-11
 1.62E-33 7.62E-26 9.60E-20 3.10E-15 4.77E-13 8.01E-12 1.77E-11 2.17E-11
 2.34E-11 2.42E-11 2.34E-11 2.05E-11 1.70E-11 1.50E-11
 1.62E-33 7.62E-26 9.60E-20 3.10E-15 4.77E-13 8.01E-12 1.77E-11 2.17E-11
 2.34E-11 2.42E-11 2.34E-11 2.05E-11 1.70E-11 1.50E-11
 1.62E-33 7.62E-26 9.60E-20 3.10E-15 4.77E-13 8.01E-12 1.77E-11 2.17E-11
 2.34E-11 2.42E-11 2.34E-11 2.05E-11 1.70E-11 1.50E-11
 1.62E-33 7.62E-26 9.60E-20 3.10E-15 4.77E-13 8.01E-12 1.77E-11 2.17E-11
 2.34E-11 2.42E-11 2.34E-11 2.05E-11 1.70E-11 1.50E-11
 1.62E-33 7.62E-26 9.60E-20 3.10E-15 4.77E-13 8.01E-12 1.77E-11 2.17E-11
 2.34E-11 2.42E-11 2.34E-11 2.05E-11 1.70E-11 1.50E-11
 1.62E-33 7.62E-26 9.60E-20 3.10E-15 4.77E-13 8.01E-12 1.77E-11 2.17E-11
 2.34E-11 2.42E-11 2.34E-11 2.05E-11 1.70E-11 1.50E-11
  6.45441    7  14 /pl=01:ss=51:pb= 1:sz=51/type=excit/ispb = t/isel =   15
 1.00E+10 1.00E+11 1.00E+12 1.00E+13 1.00E+14 1.00E+15 1.00E+16
 4.66E+01 6.99E+01 1.17E+02 2.33E+02 4.66E+02 1.17E+03 2.33E+03 3.49E+03
 4.66E+03 6.99E+03 1.17E+04 2.33E+04 4.66E+04 6.99E+04
 1.00E-74 1.30E-36 6.70E-27 1.10E-19 3.76E-16 3.90E-14 1.52E-13 2.21E-13
 2.56E-13 2.81E-13 2.78E-13 2.39E-13 1.88E-13 1.59E-13
 1.00E-74 1.30E-36 6.70E-27 1.10E-19 3.76E-16 3.90E-14 1.52E-13 2.21E-13
 2.56E-13 2.81E-13 2.78E-13 2.39E-13 1.88E-13 1.59E-13
 1.00E-74 1.30E-36 6.70E-27 1.10E-19 3.76E-16 3.90E-14 1.52E-13 2.21E-13
 2.56E-13 2.81E-13 2.78E-13 2.39E-13 1.88E-13 1.59E-13
 1.00E-74 1.30E-36 6.70E-27 1.10E-19 3.76E-16 3.90E-14 1.52E-13 2.21E-13
 2.56E-13 2.81E-13 2.78E-13 2.39E-13 1.88E-13 1.59E-13
 1.00E-74 1.30E-36 6.70E-27 1.10E-19 3.76E-16 3.90E-14 1.52E-13 2.21E-13
 2.56E-13 2.81E-13 2.78E-13 2.39E-13 1.88E-13 1.59E-13
 1.00E-74 1.30E-36 6.70E-27 1.10E-19 3.76E-16 3.90E-14 1.52E-13 2.21E-13
 2.56E-13 2.81E-13 2.78E-13 2.39E-13 1.88E-13 1.59E-13
 5.97E-49 1.30E-36 6.70E-27 1.10E-19 3.76E-16 3.90E-14 1.52E-13 2.21E-13
 2.56E-13 2.81E-13 2.78E-13 2.39E-13 1.88E-13 1.59E-13
  6.66074    7  14 /pl=01:ss=51:pb= 1:sz=51/type=excit/ispb = t/isel =   16
 1.00E+10 1.00E+11 1.00E+12 1.00E+13 1.00E+14 1.00E+15 1.00E+16
 4.66E+01 6.99E+01 1.17E+02 2.33E+02 4.66E+02 1.17E+03 2.33E+03 3.49E+03
 4.66E+03 6.99E+03 1.17E+04 2.33E+04 4.66E+04 6.99E+04
 6.49E-29 3.24E-23 1.11E-18 2.61E-15 1.21E-13 1.14E-12 2.25E-12 2.68E-12
 2.85E-12 2.91E-12 2.78E-12 2.42E-12 1.99E-12 1.76E-12
 6.49E-29 3.24E-23 1.11E-18 2.61E-15 1.21E-13 1.14E-12 2.25E-12 2.68E-12
 2.85E-12 2.91E-12 2.78E-12 2.42E-12 1.99E-12 1.76E-12
 6.49E-29 3.24E-23 1.11E-18 2.61E-15 1.21E-13 1.14E-12 2.25E-12 2.68E-12
 2.85E-12 2.91E-12 2.78E-12 2.42E-12 1.99E-12 1.76E-12
 6.49E-29 3.24E-23 1.11E-18 2.61E-15 1.21E-13 1.14E-12 2.25E-12 2.68E-12
 2.85E-12 2.91E-12 2.78E-12 2.42E-12 1.99E-12 1.76E-12
 6.49E-29 3.24E-23 1.11E-18 2.61E-15 1.21E-13 1.14E-12 2.25E-12 2.68E-12
 2.85E-12 2.91E-12 2.78E-12 2.42E-12 1.99E-12 1.76E-12
 6.49E-29 3.24E-23 1.11E-18 2.61E-15 1.21E-13 1.14E-12 2.25E-12 2.68E-12
 2.85E-12 2.91E-12 2.78E-12 2.42E-12 1.99E-12 1.76E-12
 6.49E-29 3.24E-23 1.10E-18 2.61E-15 1.21E-13 1.14E-12 2.25E-12 2.68E-12
 2.85E-12 2.91E-12 2.78E-12 2.42E-12 1.99E-12 1.76E-12
  7.05420    7  14 /pl=01:ss=51:pb= 1:sz=51/type=excit/ispb = t/isel =   17
 1.00E+10 1.00E+11 1.00E+12 1.00E+13 1.00E+14 1.00E+15 1.00E+16
 4.66E+01 6.99E+01 1.17E+02 2.33E+02 4.66E+02 1.17E+03 2.33E+03 3.49E+03
 4.66E+03 6.99E+03 1.17E+04 2.33E+04 4.66E+04 6.99E+04
 1.00E-74 2.30E-36 1.35E-26 2.46E-19 8.88E-16 9.61E-14 3.90E-13 5.89E-13
 7.04E-13 8.19E-13 8.83E-13 8.75E-13 7.99E-13 7.40E-13
 1.00E-74 2.30E-36 1.35E-26 2.46E-19 8.88E-16 9.61E-14 3.90E-13 5.89E-13
 7.04E-13 8.19E-13 8.83E-13 8.75E-13 7.99E-13 7.40E-13
 1.00E-74 2.30E-36 1.35E-26 2.46E-19 8.88E-16 9.61E-14 3.90E-13 5.89E-13
 7.04E-13 8.19E-13 8.83E-13 8.75E-13 7.99E-13 7.40E-13
 1.00E-74 2.30E-36 1.35E-26 2.46E-19 8.88E-16 9.61E-14 3.90E-13 5.89E-13
 7.04E-13 8.19E-13 8.83E-13 8.75E-13 7.99E-13 7.40E-13
 1.00E-74 2.30E-36 1.35E-26 2.46E-19 8.88E-16 9.61E-14 3.90E-13 5.89E-13
 7.04E-13 8.19E-13 8.83E-13 8.75E-13 7.99E-13 7.40E-13
 1.00E-74 2.30E-36 1.35E-26 2.46E-19 8.88E-16 9.61E-14 3.90E-13 5.89E-13
 7.04E-13 8.19E-13 8.83E-13 8.75E-13 7.99E-13 7.40E-13
 9.74E-49 2.30E-36 1.35E-26 2.46E-19 8.88E-16 9.61E-14 3.90E-13 5.89E-13
 7.04E-13 8.19E-13 8.83E-13 8.75E-13 7.99E-13 7.40E-13
  7.10058    7  14 /pl=01:ss=51:pb= 1:sz=51/type=excit/ispb = t/isel =   18
 1.00E+10 1.00E+11 1.00E+12 1.00E+13 1.00E+14 1.00E+15 1.00E+16
 4.66E+01 6.99E+01 1.17E+02 2.33E+02 4.66E+02 1.17E+03 2.33E+03 3.49E+03
 4.66E+03 6.99E+03 1.17E+04 2.33E+04 4.66E+04 6.99E+04
 1.00E-74 2.72E-35 2.01E-26 8.18E-20 1.48E-16 1.09E-14 3.89E-14 5.55E-14
 6.44E-14 7.20E-14 7.46E-14 7.05E-14 6.25E-14 5.71E-14
 1.00E-74 2.72E-35 2.01E-26 8.18E-20 1.48E-16 1.09E-14 3.89E-14 5.55E-14
 6.44E-14 7.20E-14 7.46E-14 7.05E-14 6.25E-14 5.71E-14
 1.00E-74 2.72E-35 2.01E-26 8.18E-20 1.48E-16 1.09E-14 3.89E-14 5.55E-14
 6.44E-14 7.20E-14 7.46E-14 7.05E-14 6.25E-14 5.71E-14
 1.00E-74 2.72E-35 2.01E-26 8.18E-20 1.48E-16 1.09E-14 3.89E-14 5.55E-14
 6.44E-14 7.20E-14 7.46E-14 7.05E-14 6.25E-14 5.71E-14
 2.19E-46 2.72E-35 2.01E-26 8.18E-20 1.48E-16 1.09E-14 3.89E-14 5.55E-14
 6.44E-14 7.20E-14 7.46E-14 7.05E-14 6.25E-14 5.71E-14
 2.06E-46 2.72E-35 2.01E-26 8.18E-20 1.48E-16 1.09E-14 3.89E-14 5.55E-14
 6.44E-14 7.20E-14 7.46E-14 7.05E-14 6.25E-14 5.71E-14
 2.06E-46 2.72E-35 2.01E-26 8.18E-20 1.48E-16 1.09E-14 3.89E-14 5.55E-14
 6.44E-14 7.20E-14 7.46E-14 7.05E-14 6.25E-14 5.71E-14
  7.62547    7  14 /pl=01:ss=51:pb= 1:sz=51/type=excit/ispb = t/isel =   19
 1.00E+10 1.00E+11 1.00E+12 1.00E+13 1.00E+14 1.00E+15 1.00E+16
 4.66E+01 6.99E+01 1.17E+02 2.33E+02 4.66E+02 1.17E+03 2.33E+03 3.49E+03
 4.66E+03 6.99E+03 1.17E+04 2.33E+04 4.66E+04 6.99E+04
 1.00E-74 2.08E-34 2.01E-25 9.59E-19 1.81E-15 1.33E-13 4.66E-13 6.58E-13
 7.52E-13 8.18E-13 8.11E-13 7.09E-13 5.72E-13 4.95E-13
 1.00E-74 2.08E-34 2.01E-25 9.59E-19 1.81E-15 1.33E-13 4.66E-13 6.58E-13
 7.52E-13 8.18E-13 8.11E-13 7.09E-13 5.72E-13 4.95E-13
 1.00E-74 2.08E-34 2.01E-25 9.59E-19 1.81E-15 1.33E-13 4.66E-13 6.58E-13
 7.52E-13 8.18E-13 8.11E-13 7.09E-13 5.72E-13 4.95E-13
 9.11E-46 2.08E-34 2.01E-25 9.59E-19 1.81E-15 1.33E-13 4.66E-13 6.58E-13
 7.52E-13 8.18E-13 8.11E-13 7.09E-13 5.72E-13 4.95E-13
 1.09E-45 2.08E-34 2.01E-25 9.59E-19 1.81E-15 1.33E-13 4.66E-13 6.58E-13
 7.52E-13 8.18E-13 8.11E-13 7.09E-13 5.72E-13 4.95E-13
 1.10E-45 2.08E-34 2.01E-25 9.59E-19 1.81E-15 1.33E-13 4.66E-13 6.58E-13
 7.52E-13 8.18E-13 8.11E-13 7.09E-13 5.72E-13 4.95E-13
 1.10E-45 2.08E-34 2.01E-25 9.59E-19 1.81E-15 1.33E-13 4.66E-13 6.58E-13
 7.52E-13 8.18E-13 8.11E-13 7.09E-13 5.72E-13 4.95E-13
  7.63391    7  14 /pl=01:ss=51:pb= 1:sz=51/type=excit/ispb = t/isel =   20
 1.00E+10 1.00E+11 1.00E+12 1.00E+13 1.00E+14 1.00E+15 1.00E+16
 4.66E+01 6.99E+01 1.17E+02 2.33E+02 4.66E+02 1.17E+03 2.33E+03 3.49E+03
 4.66E+03 6.99E+03 1.17E+04 2.33E+04 4.66E+04 6.99E+04
 1.00E-74 1.12E-36 7.08E-27 1.36E-19 5.01E-16 5.48E-14 2.22E-13 3.29E-13
 3.89E-13 4.40E-13 4.53E-13 4.10E-13 3.37E-13 2.93E-13
 1.00E-74 1.12E-36 7.08E-27 1.36E-19 5.01E-16 5.48E-14 2.22E-13 3.29E-13
 3.89E-13 4.40E-13 4.53E-13 4.10E-13 3.37E-13 2.93E-13
 1.00E-74 1.12E-36 7.08E-27 1.36E-19 5.01E-16 5.48E-14 2.22E-13 3.29E-13
 3.89E-13 4.40E-13 4.53E-13 4.10E-13 3.37E-13 2.93E-13
 1.00E-74 1.12E-36 7.08E-27 1.36E-19 5.01E-16 5.48E-14 2.22E-13 3.29E-13
 3.89E-13 4.40E-13 4.53E-13 4.10E-13 3.37E-13 2.93E-13
 1.00E-74 1.12E-36 7.08E-27 1.36E-19 5.01E-16 5.48E-14 2.22E-13 3.29E-13
 3.89E-13 4.40E-13 4.53E-13 4.10E-13 3.37E-13 2.93E-13
 1.00E-74 1.12E-36 7.08E-27 1.36E-19 5.01E-16 5.48E-14 2.22E-13 3.29E-13
 3.89E-13 4.40E-13 4.53E-13 4.10E-13 3.37E-13 2.93E-13
 8.69E-49 1.12E-36 7.08E-27 1.36E-19 5.01E-16 5.48E-14 2.22E-13 3.29E-13
 3.89E-13 4.40E-13 4.53E-13 4.10E-13 3.37E-13 2.93E-13
  8.39486    7  14 /pl=01:ss=51:pb= 1:sz=51/type=excit/ispb = t/isel =   21
 1.00E+10 1.00E+11 1.00E+12 1.00E+13 1.00E+14 1.00E+15 1.00E+16
 4.66E+01 6.99E+01 1.17E+02 2.33E+02 4.66E+02 1.17E+03 2.33E+03 3.49E+03
 4.66E+03 6.99E+03 1.17E+04 2.33E+04 4.66E+04 6.99E+04
 1.00E-74 2.69E-34 3.19E-25 1.75E-18 3.51E-15 2.68E-13 9.78E-13 1.42E-12
 1.67E-12 1.91E-12 2.05E-12 2.02E-12 1.84E-12 1.71E-12
 1.00E-74 2.69E-34 3.19E-25 1.75E-18 3.51E-15 2.68E-13 9.78E-13 1.42E-12
 1.67E-12 1.91E-12 2.05E-12 2.02E-12 1.84E-12 1.71E-12
 1.00E-74 2.69E-34 3.19E-25 1.75E-18 3.51E-15 2.68E-13 9.78E-13 1.42E-12
 1.67E-12 1.91E-12 2.05E-12 2.02E-12 1.84E-12 1.71E-12
 1.60E-45 2.69E-34 3.19E-25 1.75E-18 3.51E-15 2.68E-13 9.78E-13 1.42E-12
 1.67E-12 1.91E-12 2.05E-12 2.02E-12 1.84E-12 1.71E-12
 1.12E-45 2.69E-34 3.19E-25 1.75E-18 3.51E-15 2.68E-13 9.78E-13 1.42E-12
 1.67E-12 1.91E-12 2.05E-12 2.02E-12 1.84E-12 1.71E-12
 1.10E-45 2.69E-34 3.19E-25 1.75E-18 3.51E-15 2.68E-13 9.78E-13 1.42E-12
 1.67E-12 1.91E-12 2.05E-12 2.02E-12 1.84E-12 1.71E-12
 1.10E-45 2.69E-34 3.19E-25 1.75E-18 3.51E-15 2.68E-13 9.78E-13 1.42E-12
 1.67E-12 1.91E-12 2.05E-12 2.02E-12 1.84E-12 1.71E-12
  9.17605    7  14 /pl=01:ss=51:pb= 1:sz=51/type=excit/ispb = t/isel =   22
 1.00E+10 1.00E+11 1.00E+12 1.00E+13 1.00E+14 1.00E+15 1.00E+16
 4.66E+01 6.99E+01 1.17E+02 2.33E+02 4.66E+02 1.17E+03 2.33E+03 3.49E+03
 4.66E+03 6.99E+03 1.17E+04 2.33E+04 4.66E+04 6.99E+04
 1.00E-74 1.19E-34 1.58E-25 9.41E-19 1.94E-15 1.50E-13 5.42E-13 7.78E-13
 9.04E-13 1.01E-12 1.03E-12 9.23E-13 7.57E-13 6.57E-13
 1.00E-74 1.19E-34 1.58E-25 9.41E-19 1.94E-15 1.50E-13 5.42E-13 7.78E-13
 9.04E-13 1.01E-12 1.03E-12 9.23E-13 7.57E-13 6.57E-13
 1.00E-74 1.19E-34 1.58E-25 9.41E-19 1.94E-15 1.50E-13 5.42E-13 7.78E-13
 9.04E-13 1.01E-12 1.03E-12 9.23E-13 7.57E-13 6.57E-13
 1.00E-74 1.19E-34 1.58E-25 9.41E-19 1.94E-15 1.50E-13 5.42E-13 7.78E-13
 9.04E-13 1.01E-12 1.03E-12 9.23E-13 7.57E-13 6.57E-13
 3.50E-46 1.19E-34 1.58E-25 9.41E-19 1.94E-15 1.50E-13 5.42E-13 7.78E-13
 9.04E-13 1.01E-12 1.03E-12 9.23E-13 7.57E-13 6.57E-13
 4.20E-46 1.19E-34 1.58E-25 9.41E-19 1.94E-15 1.50E-13 5.42E-13 7.78E-13
 9.04E-13 1.01E-12 1.03E-12 9.23E-13 7.57E-13 6.57E-13
 4.22E-46 1.19E-34 1.58E-25 9.41E-19 1.94E-15 1.50E-13 5.42E-13 7.78E-13
 9.04E-13 1.01E-12 1.03E-12 9.23E-13 7.57E-13 6.57E-13
  9.57976    7  14 /pl=01:ss=51:pb= 1:sz=51/type=excit/ispb = t/isel =   23
 1.00E+10 1.00E+11 1.00E+12 1.00E+13 1.00E+14 1.00E+15 1.00E+16
 4.66E+01 6.99E+01 1.17E+02 2.33E+02 4.66E+02 1.17E+03 2.33E+03 3.49E+03
 4.66E+03 6.99E+03 1.17E+04 2.33E+04 4.66E+04 6.99E+04
 1.00E-74 1.31E-35 1.27E-26 6.06E-20 1.14E-16 8.42E-15 2.95E-14 4.16E-14
 4.75E-14 5.18E-14 5.13E-14 4.48E-14 3.62E-14 3.13E-14
 1.00E-74 1.31E-35 1.27E-26 6.06E-20 1.14E-16 8.42E-15 2.95E-14 4.16E-14
 4.75E-14 5.18E-14 5.13E-14 4.48E-14 3.62E-14 3.13E-14
 1.00E-74 1.31E-35 1.27E-26 6.06E-20 1.14E-16 8.42E-15 2.95E-14 4.16E-14
 4.75E-14 5.18E-14 5.13E-14 4.48E-14 3.62E-14 3.13E-14
 5.76E-47 1.31E-35 1.27E-26 6.06E-20 1.14E-16 8.42E-15 2.95E-14 4.16E-14
 4.75E-14 5.18E-14 5.13E-14 4.48E-14 3.62E-14 3.13E-14
 6.91E-47 1.31E-35 1.27E-26 6.06E-20 1.14E-16 8.42E-15 2.95E-14 4.16E-14
 4.75E-14 5.18E-14 5.13E-14 4.48E-14 3.62E-14 3.13E-14
 6.97E-47 1.31E-35 1.27E-26 6.06E-20 1.14E-16 8.42E-15 2.95E-14 4.16E-14
 4.75E-14 5.18E-14 5.13E-14 4.48E-14 3.62E-14 3.13E-14
 6.98E-47 1.31E-35 1.27E-26 6.06E-20 1.14E-16 8.42E-15 2.95E-14 4.16E-14
 4.75E-14 5.18E-14 5.13E-14 4.48E-14 3.62E-14 3.13E-14
  10.2564    7  14 /pl=01:ss=51:pb= 1:sz=51/type=excit/ispb = t/isel =   24
 1.00E+10 1.00E+11 1.00E+12 1.00E+13 1.00E+14 1.00E+15 1.00E+16
 4.66E+01 6.99E+01 1.17E+02 2.33E+02 4.66E+02 1.17E+03 2.33E+03 3.49E+03
 4.66E+03 6.99E+03 1.17E+04 2.33E+04 4.66E+04 6.99E+04
 6.45E-41 1.83E-31 6.20E-24 2.55E-18 1.63E-15 7.30E-14 2.28E-13 3.14E-13
 3.57E-13 3.92E-13 3.99E-13 3.71E-13 3.23E-13 2.93E-13
 6.43E-41 1.83E-31 6.20E-24 2.55E-18 1.63E-15 7.30E-14 2.28E-13 3.14E-13
 3.57E-13 3.92E-13 3.99E-13 3.71E-13 3.23E-13 2.93E-13
 6.43E-41 1.83E-31 6.20E-24 2.55E-18 1.63E-15 7.30E-14 2.28E-13 3.14E-13
 3.57E-13 3.92E-13 3.99E-13 3.71E-13 3.23E-13 2.93E-13
 6.43E-41 1.83E-31 6.20E-24 2.55E-18 1.63E-15 7.30E-14 2.28E-13 3.14E-13
 3.57E-13 3.92E-13 3.99E-13 3.71E-13 3.23E-13 2.93E-13
 6.43E-41 1.83E-31 6.20E-24 2.55E-18 1.63E-15 7.30E-14 2.28E-13 3.14E-13
 3.57E-13 3.92E-13 3.99E-13 3.71E-13 3.23E-13 2.93E-13
 6.43E-41 1.83E-31 6.20E-24 2.55E-18 1.63E-15 7.30E-14 2.28E-13 3.14E-13
 3.57E-13 3.92E-13 3.99E-13 3.71E-13 3.23E-13 2.93E-13
 6.43E-41 1.83E-31 6.20E-24 2.55E-18 1.63E-15 7.30E-14 2.28E-13 3.14E-13
 3.57E-13 3.92E-13 3.99E-13 3.71E-13 3.23E-13 2.93E-13
  10.9895    7  14 /pl=01:ss=51:pb= 1:sz=51/type=excit/ispb = t/isel =   25
 1.00E+10 1.00E+11 1.00E+12 1.00E+13 1.00E+14 1.00E+15 1.00E+16
 4.66E+01 6.99E+01 1.17E+02 2.33E+02 4.66E+02 1.17E+03 2.33E+03 3.49E+03
 4.66E+03 6.99E+03 1.17E+04 2.33E+04 4.66E+04 6.99E+04
 1.70E-40 9.08E-31 5.03E-23 2.86E-17 1.91E-14 7.93E-13 2.36E-12 3.17E-12
 3.54E-12 3.81E-12 3.76E-12 3.32E-12 2.73E-12 2.40E-12
 1.70E-40 9.08E-31 5.03E-23 2.86E-17 1.91E-14 7.93E-13 2.36E-12 3.17E-12
 3.54E-12 3.81E-12 3.76E-12 3.32E-12 2.73E-12 2.40E-12
 1.70E-40 9.08E-31 5.03E-23 2.86E-17 1.91E-14 7.93E-13 2.36E-12 3.17E-12
 3.54E-12 3.81E-12 3.76E-12 3.32E-12 2.73E-12 2.40E-12
 1.70E-40 9.08E-31 5.03E-23 2.86E-17 1.91E-14 7.93E-13 2.36E-12 3.17E-12
 3.54E-12 3.81E-12 3.76E-12 3.32E-12 2.73E-12 2.40E-12
 1.70E-40 9.08E-31 5.03E-23 2.86E-17 1.91E-14 7.93E-13 2.36E-12 3.17E-12
 3.54E-12 3.81E-12 3.76E-12 3.32E-12 2.73E-12 2.40E-12
 1.70E-40 9.08E-31 5.03E-23 2.86E-17 1.91E-14 7.93E-13 2.36E-12 3.17E-12
 3.54E-12 3.81E-12 3.76E-12 3.32E-12 2.73E-12 2.40E-12
 1.70E-40 9.08E-31 5.03E-23 2.86E-17 1.91E-14 7.93E-13 2.36E-12 3.17E-12
 3.54E-12 3.81E-12 3.76E-12 3.32E-12 2.73E-12 2.40E-12
  11.0042    7  14 /pl=01:ss=51:pb= 1:sz=51/type=excit/ispb = t/isel =   26
 1.00E+10 1.00E+11 1.00E+12 1.00E+13 1.00E+14 1.00E+15 1.00E+16
 4.66E+01 6.99E+01 1.17E+02 2.33E+02 4.66E+02 1.17E+03 2.33E+03 3.49E+03
 4.66E+03 6.99E+03 1.17E+04 2.33E+04 4.66E+04 6.99E+04
 1.00E-74 8.18E-34 6.48E-25 2.63E-18 4.52E-15 3.21E-13 1.19E-12 1.78E-12
 2.17E-12 2.64E-12 3.08E-12 3.42E-12 3.47E-12 3.40E-12
 1.00E-74 8.18E-34 6.48E-25 2.63E-18 4.52E-15 3.21E-13 1.19E-12 1.78E-12
 2.17E-12 2.64E-12 3.08E-12 3.42E-12 3.47E-12 3.40E-12
 1.00E-74 8.18E-34 6.48E-25 2.63E-18 4.52E-15 3.21E-13 1.19E-12 1.78E-12
 2.17E-12 2.64E-12 3.08E-12 3.42E-12 3.47E-12 3.40E-12
 5.36E-45 8.18E-34 6.48E-25 2.63E-18 4.52E-15 3.21E-13 1.19E-12 1.78E-12
 2.17E-12 2.64E-12 3.08E-12 3.42E-12 3.47E-12 3.40E-12
 5.49E-45 8.18E-34 6.48E-25 2.63E-18 4.52E-15 3.21E-13 1.19E-12 1.78E-12
 2.17E-12 2.64E-12 3.08E-12 3.42E-12 3.47E-12 3.40E-12
 5.49E-45 8.18E-34 6.48E-25 2.63E-18 4.52E-15 3.21E-13 1.19E-12 1.78E-12
 2.17E-12 2.64E-12 3.08E-12 3.42E-12 3.47E-12 3.40E-12
 5.49E-45 8.18E-34 6.48E-25 2.63E-18 4.52E-15 3.21E-13 1.19E-12 1.78E-12
 2.17E-12 2.64E-12 3.08E-12 3.42E-12 3.47E-12 3.40E-12
  12.2846    7  14 /pl=01:ss=51:pb= 1:sz=51/type=excit/ispb = t/isel =   27
 1.00E+10 1.00E+11 1.00E+12 1.00E+13 1.00E+14 1.00E+15 1.00E+16
 4.66E+01 6.99E+01 1.17E+02 2.33E+02 4.66E+02 1.17E+03 2.33E+03 3.49E+03
 4.66E+03 6.99E+03 1.17E+04 2.33E+04 4.66E+04 6.99E+04
 6.59E-41 5.80E-31 4.72E-23 3.49E-17 2.57E-14 1.10E-12 3.36E-12 4.63E-12
 5.32E-12 5.97E-12 6.32E-12 6.20E-12 5.68E-12 5.30E-12
 6.73E-41 5.80E-31 4.72E-23 3.49E-17 2.57E-14 1.10E-12 3.36E-12 4.63E-12
 5.32E-12 5.97E-12 6.32E-12 6.20E-12 5.68E-12 5.30E-12
 6.72E-41 5.80E-31 4.72E-23 3.49E-17 2.57E-14 1.10E-12 3.36E-12 4.63E-12
 5.32E-12 5.97E-12 6.32E-12 6.20E-12 5.68E-12 5.30E-12
 6.72E-41 5.80E-31 4.72E-23 3.49E-17 2.57E-14 1.10E-12 3.36E-12 4.63E-12
 5.32E-12 5.97E-12 6.32E-12 6.20E-12 5.68E-12 5.30E-12
 6.72E-41 5.80E-31 4.72E-23 3.49E-17 2.57E-14 1.10E-12 3.36E-12 4.63E-12
 5.32E-12 5.97E-12 6.32E-12 6.20E-12 5.68E-12 5.30E-12
 6.72E-41 5.80E-31 4.72E-23 3.49E-17 2.57E-14 1.10E-12 3.36E-12 4.63E-12
 5.32E-12 5.97E-12 6.32E-12 6.20E-12 5.68E-12 5.30E-12
 6.72E-41 5.80E-31 4.72E-23 3.49E-17 2.57E-14 1.10E-12 3.36E-12 4.63E-12
 5.32E-12 5.97E-12 6.32E-12 6.20E-12 5.68E-12 5.30E-12
  12.2967    7  14 /pl=01:ss=51:pb= 1:sz=51/type=excit/ispb = t/isel =   28
 1.00E+10 1.00E+11 1.00E+12 1.00E+13 1.00E+14 1.00E+15 1.00E+16
 4.66E+01 6.99E+01 1.17E+02 2.33E+02 4.66E+02 1.17E+03 2.33E+03 3.49E+03
 4.66E+03 6.99E+03 1.17E+04 2.33E+04 4.66E+04 6.99E+04
 1.00E-74 3.65E-34 4.24E-25 2.28E-18 4.44E-15 3.29E-13 1.14E-12 1.60E-12
 1.82E-12 1.97E-12 1.92E-12 1.63E-12 1.28E-12 1.08E-12
 1.00E-74 3.65E-34 4.24E-25 2.28E-18 4.44E-15 3.29E-13 1.14E-12 1.60E-12
 1.82E-12 1.97E-12 1.92E-12 1.63E-12 1.28E-12 1.08E-12
 1.00E-74 3.65E-34 4.24E-25 2.28E-18 4.44E-15 3.29E-13 1.14E-12 1.60E-12
 1.82E-12 1.97E-12 1.92E-12 1.63E-12 1.28E-12 1.08E-12
 2.75E-45 3.65E-34 4.24E-25 2.28E-18 4.44E-15 3.29E-13 1.14E-12 1.60E-12
 1.82E-12 1.97E-12 1.92E-12 1.63E-12 1.28E-12 1.08E-12
 1.65E-45 3.65E-34 4.24E-25 2.28E-18 4.44E-15 3.29E-13 1.14E-12 1.60E-12
 1.82E-12 1.97E-12 1.92E-12 1.63E-12 1.28E-12 1.08E-12
 1.51E-45 3.65E-34 4.24E-25 2.28E-18 4.44E-15 3.29E-13 1.14E-12 1.60E-12
 1.82E-12 1.97E-12 1.92E-12 1.63E-12 1.28E-12 1.08E-12
 1.51E-45 3.65E-34 4.24E-25 2.28E-18 4.44E-15 3.29E-13 1.14E-12 1.60E-12
 1.82E-12 1.97E-12 1.92E-12 1.63E-12 1.28E-12 1.08E-12
  12.9789    7  14 /pl=01:ss=51:pb= 1:sz=51/type=excit/ispb = t/isel =   29
 1.00E+10 1.00E+11 1.00E+12 1.00E+13 1.00E+14 1.00E+15 1.00E+16
 4.66E+01 6.99E+01 1.17E+02 2.33E+02 4.66E+02 1.17E+03 2.33E+03 3.49E+03
 4.66E+03 6.99E+03 1.17E+04 2.33E+04 4.66E+04 6.99E+04
 3.95E-40 6.13E-31 1.27E-23 3.35E-18 1.52E-15 4.94E-14 1.35E-13 1.76E-13
 1.94E-13 2.04E-13 1.97E-13 1.70E-13 1.37E-13 1.18E-13
 3.94E-40 6.13E-31 1.27E-23 3.35E-18 1.52E-15 4.94E-14 1.35E-13 1.76E-13
 1.94E-13 2.04E-13 1.97E-13 1.70E-13 1.37E-13 1.18E-13
 3.94E-40 6.13E-31 1.27E-23 3.35E-18 1.52E-15 4.94E-14 1.35E-13 1.76E-13
 1.94E-13 2.04E-13 1.97E-13 1.70E-13 1.37E-13 1.18E-13
 3.94E-40 6.13E-31 1.27E-23 3.35E-18 1.52E-15 4.94E-14 1.35E-13 1.76E-13
 1.94E-13 2.04E-13 1.97E-13 1.70E-13 1.37E-13 1.18E-13
 3.94E-40 6.13E-31 1.27E-23 3.35E-18 1.52E-15 4.94E-14 1.35E-13 1.76E-13
 1.94E-13 2.04E-13 1.97E-13 1.70E-13 1.37E-13 1.18E-13
 3.94E-40 6.13E-31 1.27E-23 3.35E-18 1.52E-15 4.94E-14 1.35E-13 1.76E-13
 1.94E-13 2.04E-13 1.97E-13 1.70E-13 1.37E-13 1.18E-13
 3.94E-40 6.13E-31 1.27E-23 3.35E-18 1.52E-15 4.94E-14 1.35E-13 1.76E-13
 1.94E-13 2.04E-13 1.97E-13 1.70E-13 1.37E-13 1.18E-13
  13.7835    7  14 /pl=01:ss=51:pb= 1:sz=51/type=excit/ispb = t/isel =   30
 1.00E+10 1.00E+11 1.00E+12 1.00E+13 1.00E+14 1.00E+15 1.00E+16
 4.66E+01 6.99E+01 1.17E+02 2.33E+02 4.66E+02 1.17E+03 2.33E+03 3.49E+03
 4.66E+03 6.99E+03 1.17E+04 2.33E+04 4.66E+04 6.99E+04
 1.93E-41 2.12E-31 2.13E-23 1.82E-17 1.43E-14 6.23E-13 1.86E-12 2.52E-12
 2.86E-12 3.09E-12 3.09E-12 2.76E-12 2.25E-12 1.95E-12
 1.88E-41 2.12E-31 2.13E-23 1.82E-17 1.43E-14 6.23E-13 1.86E-12 2.52E-12
 2.86E-12 3.09E-12 3.09E-12 2.76E-12 2.25E-12 1.95E-12
 1.89E-41 2.12E-31 2.13E-23 1.82E-17 1.43E-14 6.23E-13 1.86E-12 2.52E-12
 2.86E-12 3.09E-12 3.09E-12 2.76E-12 2.25E-12 1.95E-12
 1.89E-41 2.12E-31 2.13E-23 1.82E-17 1.43E-14 6.23E-13 1.86E-12 2.52E-12
 2.86E-12 3.09E-12 3.09E-12 2.76E-12 2.25E-12 1.95E-12
 1.89E-41 2.12E-31 2.13E-23 1.82E-17 1.43E-14 6.23E-13 1.86E-12 2.52E-12
 2.86E-12 3.09E-12 3.09E-12 2.76E-12 2.25E-12 1.95E-12
 1.89E-41 2.12E-31 2.13E-23 1.82E-17 1.43E-14 6.23E-13 1.86E-12 2.52E-12
 2.86E-12 3.09E-12 3.09E-12 2.76E-12 2.25E-12 1.95E-12
 1.89E-41 2.12E-31 2.13E-23 1.82E-17 1.43E-14 6.23E-13 1.86E-12 2.52E-12
 2.86E-12 3.09E-12 3.09E-12 2.76E-12 2.25E-12 1.95E-12
  14.0505    7  14 /pl=01:ss=51:pb= 1:sz=51/type=excit/ispb = t/isel =   31
 1.00E+10 1.00E+11 1.00E+12 1.00E+13 1.00E+14 1.00E+15 1.00E+16
 4.66E+01 6.99E+01 1.17E+02 2.33E+02 4.66E+02 1.17E+03 2.33E+03 3.49E+03
 4.66E+03 6.99E+03 1.17E+04 2.33E+04 4.66E+04 6.99E+04
 1.00E-74 5.61E-37 2.89E-27 4.76E-20 1.63E-16 1.68E-14 6.55E-14 9.53E-14
 1.10E-13 1.21E-13 1.20E-13 1.03E-13 8.10E-14 6.89E-14
 1.00E-74 5.61E-37 2.89E-27 4.76E-20 1.63E-16 1.68E-14 6.55E-14 9.53E-14
 1.10E-13 1.21E-13 1.20E-13 1.03E-13 8.10E-14 6.89E-14
 1.00E-74 5.61E-37 2.89E-27 4.76E-20 1.63E-16 1.68E-14 6.55E-14 9.53E-14
 1.10E-13 1.21E-13 1.20E-13 1.03E-13 8.10E-14 6.89E-14
 1.00E-74 5.61E-37 2.89E-27 4.76E-20 1.63E-16 1.68E-14 6.55E-14 9.53E-14
 1.10E-13 1.21E-13 1.20E-13 1.03E-13 8.10E-14 6.89E-14
 1.00E-74 5.61E-37 2.89E-27 4.76E-20 1.63E-16 1.68E-14 6.55E-14 9.53E-14
 1.10E-13 1.21E-13 1.20E-13 1.03E-13 8.10E-14 6.89E-14
 1.00E-74 5.61E-37 2.89E-27 4.76E-20 1.63E-16 1.68E-14 6.55E-14 9.53E-14
 1.10E-13 1.21E-13 1.20E-13 1.03E-13 8.10E-14 6.89E-14
 2.58E-49 5.61E-37 2.89E-27 4.76E-20 1.63E-16 1.68E-14 6.55E-14 9.53E-14
 1.10E-13 1.21E-13 1.20E-13 1.03E-13 8.10E-14 6.89E-14
  14.5414    7  14 /pl=01:ss=51:pb= 1:sz=51/type=excit/ispb = t/isel =   32
 1.00E+10 1.00E+11 1.00E+12 1.00E+13 1.00E+14 1.00E+15 1.00E+16
 4.66E+01 6.99E+01 1.17E+02 2.33E+02 4.66E+02 1.17E+03 2.33E+03 3.49E+03
 4.66E+03 6.99E+03 1.17E+04 2.33E+04 4.66E+04 6.99E+04
 5.66E-41 1.61E-31 5.43E-24 2.24E-18 1.43E-15 6.40E-14 2.00E-13 2.75E-13
 3.13E-13 3.44E-13 3.50E-13 3.25E-13 2.83E-13 2.57E-13
 5.63E-41 1.61E-31 5.43E-24 2.24E-18 1.43E-15 6.40E-14 2.00E-13 2.75E-13
 3.13E-13 3.44E-13 3.50E-13 3.25E-13 2.83E-13 2.57E-13
 5.64E-41 1.61E-31 5.43E-24 2.24E-18 1.43E-15 6.40E-14 2.00E-13 2.75E-13
 3.13E-13 3.44E-13 3.50E-13 3.25E-13 2.83E-13 2.57E-13
 5.64E-41 1.61E-31 5.43E-24 2.24E-18 1.43E-15 6.40E-14 2.00E-13 2.75E-13
 3.13E-13 3.44E-13 3.50E-13 3.25E-13 2.83E-13 2.57E-13
 5.64E-41 1.61E-31 5.43E-24 2.24E-18 1.43E-15 6.40E-14 2.00E-13 2.75E-13
 3.13E-13 3.44E-13 3.50E-13 3.25E-13 2.83E-13 2.57E-13
 5.64E-41 1.61E-31 5.43E-24 2.24E-18 1.43E-15 6.40E-14 2.00E-13 2.75E-13
 3.13E-13 3.44E-13 3.50E-13 3.25E-13 2.83E-13 2.57E-13
 5.64E-41 1.61E-31 5.43E-24 2.24E-18 1.43E-15 6.40E-14 2.00E-13 2.75E-13
 3.13E-13 3.44E-13 3.50E-13 3.25E-13 2.83E-13 2.57E-13
  14.5532    7  14 /pl=01:ss=51:pb= 1:sz=51/type=excit/ispb = t/isel =   33
 1.00E+10 1.00E+11 1.00E+12 1.00E+13 1.00E+14 1.00E+15 1.00E+16
 4.66E+01 6.99E+01 1.17E+02 2.33E+02 4.66E+02 1.17E+03 2.33E+03 3.49E+03
 4.66E+03 6.99E+03 1.17E+04 2.33E+04 4.66E+04 6.99E+04
 1.00E-74 3.98E-33 1.89E-24 5.20E-18 7.31E-15 4.45E-13 1.46E-12 2.02E-12
 2.29E-12 2.47E-12 2.44E-12 2.11E-12 1.67E-12 1.44E-12
 5.76E-44 3.98E-33 1.89E-24 5.20E-18 7.31E-15 4.45E-13 1.46E-12 2.02E-12
 2.29E-12 2.47E-12 2.44E-12 2.11E-12 1.67E-12 1.44E-12
 5.18E-44 3.98E-33 1.89E-24 5.20E-18 7.31E-15 4.45E-13 1.46E-12 2.02E-12
 2.29E-12 2.47E-12 2.44E-12 2.11E-12 1.67E-12 1.44E-12
 5.07E-44 3.98E-33 1.89E-24 5.20E-18 7.31E-15 4.45E-13 1.46E-12 2.02E-12
 2.29E-12 2.47E-12 2.44E-12 2.11E-12 1.67E-12 1.44E-12
 5.07E-44 3.98E-33 1.89E-24 5.20E-18 7.31E-15 4.45E-13 1.46E-12 2.02E-12
 2.29E-12 2.47E-12 2.44E-12 2.11E-12 1.67E-12 1.44E-12
 5.07E-44 3.98E-33 1.89E-24 5.20E-18 7.31E-15 4.45E-13 1.46E-12 2.02E-12
 2.29E-12 2.47E-12 2.44E-12 2.11E-12 1.67E-12 1.44E-12
 5.07E-44 3.98E-33 1.89E-24 5.20E-18 7.31E-15 4.45E-13 1.46E-12 2.02E-12
 2.29E-12 2.47E-12 2.44E-12 2.11E-12 1.67E-12 1.44E-12
  15.2080    7  14 /pl=01:ss=51:pb= 1:sz=51/type=excit/ispb = t/isel =   34
 1.00E+10 1.00E+11 1.00E+12 1.00E+13 1.00E+14 1.00E+15 1.00E+16
 4.66E+01 6.99E+01 1.17E+02 2.33E+02 4.66E+02 1.17E+03 2.33E+03 3.49E+03
 4.66E+03 6.99E+03 1.17E+04 2.33E+04 4.66E+04 6.99E+04
 1.00E-74 1.09E-36 6.43E-27 1.17E-19 4.22E-16 4.57E-14 1.85E-13 2.80E-13
 3.34E-13 3.89E-13 4.19E-13 4.16E-13 3.79E-13 3.52E-13
 1.00E-74 1.09E-36 6.43E-27 1.17E-19 4.22E-16 4.57E-14 1.85E-13 2.80E-13
 3.34E-13 3.89E-13 4.19E-13 4.16E-13 3.79E-13 3.52E-13
 1.00E-74 1.09E-36 6.43E-27 1.17E-19 4.22E-16 4.57E-14 1.85E-13 2.80E-13
 3.34E-13 3.89E-13 4.19E-13 4.16E-13 3.79E-13 3.52E-13
 1.00E-74 1.09E-36 6.43E-27 1.17E-19 4.22E-16 4.57E-14 1.85E-13 2.80E-13
 3.34E-13 3.89E-13 4.19E-13 4.16E-13 3.79E-13 3.52E-13
 1.00E-74 1.09E-36 6.43E-27 1.17E-19 4.22E-16 4.57E-14 1.85E-13 2.80E-13
 3.34E-13 3.89E-13 4.19E-13 4.16E-13 3.79E-13 3.52E-13
 1.00E-74 1.09E-36 6.43E-27 1.17E-19 4.22E-16 4.57E-14 1.85E-13 2.80E-13
 3.34E-13 3.89E-13 4.19E-13 4.16E-13 3.79E-13 3.52E-13
 4.62E-49 1.09E-36 6.43E-27 1.17E-19 4.22E-16 4.57E-14 1.85E-13 2.80E-13
 3.34E-13 3.89E-13 4.19E-13 4.16E-13 3.79E-13 3.52E-13
  15.5658    7  14 /pl=01:ss=51:pb= 1:sz=51/type=excit/ispb = t/isel =   35
 1.00E+10 1.00E+11 1.00E+12 1.00E+13 1.00E+14 1.00E+15 1.00E+16
 4.66E+01 6.99E+01 1.17E+02 2.33E+02 4.66E+02 1.17E+03 2.33E+03 3.49E+03
 4.66E+03 6.99E+03 1.17E+04 2.33E+04 4.66E+04 6.99E+04
 1.82E-41 9.68E-32 5.37E-24 3.05E-18 2.03E-15 8.46E-14 2.51E-13 3.38E-13
 3.77E-13 4.06E-13 4.00E-13 3.54E-13 2.91E-13 2.56E-13
 1.81E-41 9.68E-32 5.37E-24 3.05E-18 2.03E-15 8.46E-14 2.51E-13 3.38E-13
 3.77E-13 4.06E-13 4.00E-13 3.54E-13 2.91E-13 2.56E-13
 1.81E-41 9.68E-32 5.37E-24 3.05E-18 2.03E-15 8.46E-14 2.51E-13 3.38E-13
 3.77E-13 4.06E-13 4.00E-13 3.54E-13 2.91E-13 2.56E-13
 1.81E-41 9.68E-32 5.37E-24 3.05E-18 2.03E-15 8.46E-14 2.51E-13 3.38E-13
 3.77E-13 4.06E-13 4.00E-13 3.54E-13 2.91E-13 2.56E-13
 1.81E-41 9.68E-32 5.37E-24 3.05E-18 2.03E-15 8.46E-14 2.51E-13 3.38E-13
 3.77E-13 4.06E-13 4.00E-13 3.54E-13 2.91E-13 2.56E-13
 1.81E-41 9.68E-32 5.37E-24 3.05E-18 2.03E-15 8.46E-14 2.51E-13 3.38E-13
 3.77E-13 4.06E-13 4.00E-13 3.54E-13 2.91E-13 2.56E-13
 1.81E-41 9.68E-32 5.37E-24 3.05E-18 2.03E-15 8.46E-14 2.51E-13 3.38E-13
 3.77E-13 4.06E-13 4.00E-13 3.54E-13 2.91E-13 2.56E-13
  15.5733    7  14 /pl=01:ss=51:pb= 1:sz=51/type=excit/ispb = t/isel =   36
 1.00E+10 1.00E+11 1.00E+12 1.00E+13 1.00E+14 1.00E+15 1.00E+16
 4.66E+01 6.99E+01 1.17E+02 2.33E+02 4.66E+02 1.17E+03 2.33E+03 3.49E+03
 4.66E+03 6.99E+03 1.17E+04 2.33E+04 4.66E+04 6.99E+04
 1.00E-74 8.64E-35 6.84E-26 2.78E-19 4.78E-16 3.39E-14 1.26E-13 1.88E-13
 2.29E-13 2.78E-13 3.26E-13 3.62E-13 3.67E-13 3.59E-13
 1.00E-74 8.64E-35 6.84E-26 2.78E-19 4.78E-16 3.39E-14 1.26E-13 1.88E-13
 2.29E-13 2.78E-13 3.26E-13 3.62E-13 3.67E-13 3.59E-13
 1.00E-74 8.64E-35 6.84E-26 2.78E-19 4.78E-16 3.39E-14 1.26E-13 1.88E-13
 2.29E-13 2.78E-13 3.26E-13 3.62E-13 3.67E-13 3.59E-13
 5.66E-46 8.64E-35 6.84E-26 2.78E-19 4.78E-16 3.39E-14 1.26E-13 1.88E-13
 2.29E-13 2.78E-13 3.26E-13 3.62E-13 3.67E-13 3.59E-13
 5.80E-46 8.64E-35 6.84E-26 2.78E-19 4.78E-16 3.39E-14 1.26E-13 1.88E-13
 2.29E-13 2.78E-13 3.26E-13 3.62E-13 3.67E-13 3.59E-13
 5.80E-46 8.64E-35 6.84E-26 2.78E-19 4.78E-16 3.39E-14 1.26E-13 1.88E-13
 2.29E-13 2.78E-13 3.26E-13 3.62E-13 3.67E-13 3.59E-13
 5.80E-46 8.64E-35 6.84E-26 2.78E-19 4.78E-16 3.39E-14 1.26E-13 1.88E-13
 2.29E-13 2.78E-13 3.26E-13 3.62E-13 3.67E-13 3.59E-13
  16.2991    7  14 /pl=01:ss=51:pb= 1:sz=51/type=excit/ispb = t/isel =   37
 1.00E+10 1.00E+11 1.00E+12 1.00E+13 1.00E+14 1.00E+15 1.00E+16
 4.66E+01 6.99E+01 1.17E+02 2.33E+02 4.66E+02 1.17E+03 2.33E+03 3.49E+03
 4.66E+03 6.99E+03 1.17E+04 2.33E+04 4.66E+04 6.99E+04
 1.00E-74 8.15E-37 5.14E-27 9.84E-20 3.64E-16 3.98E-14 1.61E-13 2.39E-13
 2.82E-13 3.19E-13 3.29E-13 2.98E-13 2.45E-13 2.12E-13
 1.00E-74 8.15E-37 5.14E-27 9.84E-20 3.64E-16 3.98E-14 1.61E-13 2.39E-13
 2.82E-13 3.19E-13 3.29E-13 2.98E-13 2.45E-13 2.12E-13
 1.00E-74 8.15E-37 5.14E-27 9.84E-20 3.64E-16 3.98E-14 1.61E-13 2.39E-13
 2.82E-13 3.19E-13 3.29E-13 2.98E-13 2.45E-13 2.12E-13
 1.00E-74 8.15E-37 5.14E-27 9.84E-20 3.64E-16 3.98E-14 1.61E-13 2.39E-13
 2.82E-13 3.19E-13 3.29E-13 2.98E-13 2.45E-13 2.12E-13
 1.00E-74 8.15E-37 5.14E-27 9.84E-20 3.64E-16 3.98E-14 1.61E-13 2.39E-13
 2.82E-13 3.19E-13 3.29E-13 2.98E-13 2.45E-13 2.12E-13
 1.00E-74 8.15E-37 5.14E-27 9.84E-20 3.64E-16 3.98E-14 1.61E-13 2.39E-13
 2.82E-13 3.19E-13 3.29E-13 2.98E-13 2.45E-13 2.12E-13
 6.31E-49 8.15E-37 5.14E-27 9.84E-20 3.64E-16 3.98E-14 1.61E-13 2.39E-13
 2.82E-13 3.19E-13 3.29E-13 2.98E-13 2.45E-13 2.12E-13
  21.1065    7  14 /pl=01:ss=51:pb= 1:sz=51/type=excit/ispb = t/isel =   38
 1.00E+10 1.00E+11 1.00E+12 1.00E+13 1.00E+14 1.00E+15 1.00E+16
 4.66E+01 6.99E+01 1.17E+02 2.33E+02 4.66E+02 1.17E+03 2.33E+03 3.49E+03
 4.66E+03 6.99E+03 1.17E+04 2.33E+04 4.66E+04 6.99E+04
 1.00E-74 7.71E-35 7.43E-26 3.55E-19 6.71E-16 4.94E-14 1.73E-13 2.44E-13
 2.79E-13 3.03E-13 3.01E-13 2.63E-13 2.12E-13 1.83E-13
 1.00E-74 7.71E-35 7.43E-26 3.55E-19 6.71E-16 4.94E-14 1.73E-13 2.44E-13
 2.79E-13 3.03E-13 3.01E-13 2.63E-13 2.12E-13 1.83E-13
 1.00E-74 7.71E-35 7.43E-26 3.55E-19 6.71E-16 4.94E-14 1.73E-13 2.44E-13
 2.79E-13 3.03E-13 3.01E-13 2.63E-13 2.12E-13 1.83E-13
 3.38E-46 7.71E-35 7.43E-26 3.55E-19 6.71E-16 4.94E-14 1.73E-13 2.44E-13
 2.79E-13 3.03E-13 3.01E-13 2.63E-13 2.12E-13 1.83E-13
 4.05E-46 7.71E-35 7.43E-26 3.55E-19 6.71E-16 4.94E-14 1.73E-13 2.44E-13
 2.79E-13 3.03E-13 3.01E-13 2.63E-13 2.12E-13 1.83E-13
 4.09E-46 7.71E-35 7.43E-26 3.55E-19 6.71E-16 4.94E-14 1.73E-13 2.44E-13
 2.79E-13 3.03E-13 3.01E-13 2.63E-13 2.12E-13 1.83E-13
 4.09E-46 7.71E-35 7.43E-26 3.55E-19 6.71E-16 4.94E-14 1.73E-13 2.44E-13
 2.79E-13 3.03E-13 3.01E-13 2.63E-13 2.12E-13 1.83E-13
  23.1933    7  14 /pl=01:ss=51:pb= 1:sz=51/type=excit/ispb = t/isel =   39
 1.00E+10 1.00E+11 1.00E+12 1.00E+13 1.00E+14 1.00E+15 1.00E+16
 4.66E+01 6.99E+01 1.17E+02 2.33E+02 4.66E+02 1.17E+03 2.33E+03 3.49E+03
 4.66E+03 6.99E+03 1.17E+04 2.33E+04 4.66E+04 6.99E+04
 1.00E-74 1.12E-34 1.33E-25 7.29E-19 1.46E-15 1.12E-13 4.07E-13 5.91E-13
 6.95E-13 7.96E-13 8.53E-13 8.38E-13 7.67E-13 7.11E-13
 1.00E-74 1.12E-34 1.33E-25 7.29E-19 1.46E-15 1.12E-13 4.07E-13 5.91E-13
 6.95E-13 7.96E-13 8.53E-13 8.38E-13 7.67E-13 7.11E-13
 1.00E-74 1.12E-34 1.33E-25 7.29E-19 1.46E-15 1.12E-13 4.07E-13 5.91E-13
 6.95E-13 7.96E-13 8.53E-13 8.38E-13 7.67E-13 7.11E-13
 6.64E-46 1.12E-34 1.33E-25 7.29E-19 1.46E-15 1.12E-13 4.07E-13 5.91E-13
 6.95E-13 7.96E-13 8.53E-13 8.38E-13 7.67E-13 7.11E-13
 4.65E-46 1.12E-34 1.33E-25 7.29E-19 1.46E-15 1.12E-13 4.07E-13 5.91E-13
 6.95E-13 7.96E-13 8.53E-13 8.38E-13 7.67E-13 7.11E-13
 4.58E-46 1.12E-34 1.33E-25 7.29E-19 1.46E-15 1.12E-13 4.07E-13 5.91E-13
 6.95E-13 7.96E-13 8.53E-13 8.38E-13 7.67E-13 7.11E-13
 4.57E-46 1.12E-34 1.33E-25 7.29E-19 1.46E-15 1.12E-13 4.07E-13 5.91E-13
 6.95E-13 7.96E-13 8.53E-13 8.38E-13 7.67E-13 7.11E-13
  25.4208    7  14 /pl=01:ss=51:pb= 1:sz=51/type=excit/ispb = t/isel =   40
 1.00E+10 1.00E+11 1.00E+12 1.00E+13 1.00E+14 1.00E+15 1.00E+16
 4.66E+01 6.99E+01 1.17E+02 2.33E+02 4.66E+02 1.17E+03 2.33E+03 3.49E+03
 4.66E+03 6.99E+03 1.17E+04 2.33E+04 4.66E+04 6.99E+04
 1.00E-74 7.84E-35 1.04E-25 6.18E-19 1.28E-15 9.86E-14 3.56E-13 5.11E-13
 5.94E-13 6.61E-13 6.74E-13 6.06E-13 4.97E-13 4.31E-13
 1.00E-74 7.84E-35 1.04E-25 6.18E-19 1.28E-15 9.86E-14 3.56E-13 5.11E-13
 5.94E-13 6.61E-13 6.74E-13 6.06E-13 4.97E-13 4.31E-13
 1.00E-74 7.84E-35 1.04E-25 6.18E-19 1.28E-15 9.86E-14 3.56E-13 5.11E-13
 5.94E-13 6.61E-13 6.74E-13 6.06E-13 4.97E-13 4.31E-13
 1.00E-74 7.84E-35 1.04E-25 6.18E-19 1.28E-15 9.86E-14 3.56E-13 5.11E-13
 5.94E-13 6.61E-13 6.74E-13 6.06E-13 4.97E-13 4.31E-13
 2.30E-46 7.84E-35 1.04E-25 6.18E-19 1.28E-15 9.86E-14 3.56E-13 5.11E-13
 5.94E-13 6.61E-13 6.74E-13 6.06E-13 4.97E-13 4.31E-13
 2.76E-46 7.84E-35 1.04E-25 6.18E-19 1.28E-15 9.86E-14 3.56E-13 5.11E-13
 5.94E-13 6.61E-13 6.74E-13 6.06E-13 4.97E-13 4.31E-13
 2.77E-46 7.85E-35 1.04E-25 6.18E-19 1.28E-15 9.86E-14 3.56E-13 5.11E-13
 5.94E-13 6.61E-13 6.74E-13 6.06E-13 4.97E-13 4.31E-13
  26.0243    7  14 /pl=01:ss=51:pb= 1:sz=51/type=excit/ispb = t/isel =   41
 1.00E+10 1.00E+11 1.00E+12 1.00E+13 1.00E+14 1.00E+15 1.00E+16
 4.66E+01 6.99E+01 1.17E+02 2.33E+02 4.66E+02 1.17E+03 2.33E+03 3.49E+03
 4.66E+03 6.99E+03 1.17E+04 2.33E+04 4.66E+04 6.99E+04
 8.25E-14 2.04E-12 2.44E-11 1.36E-10 2.81E-10 3.80E-10 3.93E-10 3.82E-10
 3.68E-10 3.43E-10 3.06E-10 2.53E-10 2.03E-10 1.77E-10
 8.25E-14 2.04E-12 2.44E-11 1.36E-10 2.81E-10 3.80E-10 3.93E-10 3.82E-10
 3.68E-10 3.43E-10 3.06E-10 2.53E-10 2.03E-10 1.77E-10
 8.25E-14 2.04E-12 2.44E-11 1.36E-10 2.81E-10 3.80E-10 3.93E-10 3.82E-10
 3.68E-10 3.43E-10 3.06E-10 2.53E-10 2.03E-10 1.77E-10
 8.25E-14 2.04E-12 2.44E-11 1.36E-10 2.81E-10 3.80E-10 3.93E-10 3.82E-10
 3.68E-10 3.43E-10 3.06E-10 2.53E-10 2.03E-10 1.77E-10
 8.25E-14 2.04E-12 2.44E-11 1.36E-10 2.81E-10 3.80E-10 3.93E-10 3.82E-10
 3.68E-10 3.43E-10 3.06E-10 2.53E-10 2.03E-10 1.77E-10
 8.25E-14 2.04E-12 2.44E-11 1.36E-10 2.81E-10 3.80E-10 3.93E-10 3.82E-10
 3.68E-10 3.43E-10 3.06E-10 2.53E-10 2.03E-10 1.77E-10
 8.25E-14 2.04E-12 2.44E-11 1.36E-10 2.81E-10 3.80E-10 3.93E-10 3.82E-10
 3.68E-10 3.43E-10 3.06E-10 2.53E-10 2.03E-10 1.77E-10
  28.7808    7  14 /pl=01:ss=51:pb= 1:sz=51/type=excit/ispb = t/isel =   42
 1.00E+10 1.00E+11 1.00E+12 1.00E+13 1.00E+14 1.00E+15 1.00E+16
 4.66E+01 6.99E+01 1.17E+02 2.33E+02 4.66E+02 1.17E+03 2.33E+03 3.49E+03
 4.66E+03 6.99E+03 1.17E+04 2.33E+04 4.66E+04 6.99E+04
 1.00E-74 2.26E-35 2.18E-26 1.04E-19 1.96E-16 1.45E-14 5.07E-14 7.14E-14
 8.16E-14 8.89E-14 8.81E-14 7.70E-14 6.21E-14 5.37E-14
 1.00E-74 2.26E-35 2.18E-26 1.04E-19 1.96E-16 1.45E-14 5.07E-14 7.14E-14
 8.16E-14 8.89E-14 8.81E-14 7.70E-14 6.21E-14 5.37E-14
 1.00E-74 2.26E-35 2.18E-26 1.04E-19 1.96E-16 1.45E-14 5.07E-14 7.14E-14
 8.16E-14 8.89E-14 8.81E-14 7.70E-14 6.21E-14 5.37E-14
 9.89E-47 2.26E-35 2.18E-26 1.04E-19 1.96E-16 1.45E-14 5.07E-14 7.14E-14
 8.16E-14 8.89E-14 8.81E-14 7.70E-14 6.21E-14 5.37E-14
 1.19E-46 2.26E-35 2.18E-26 1.04E-19 1.96E-16 1.45E-14 5.07E-14 7.14E-14
 8.16E-14 8.89E-14 8.81E-14 7.70E-14 6.21E-14 5.37E-14
 1.20E-46 2.26E-35 2.18E-26 1.04E-19 1.96E-16 1.45E-14 5.07E-14 7.14E-14
 8.16E-14 8.89E-14 8.81E-14 7.70E-14 6.21E-14 5.37E-14
 1.20E-46 2.26E-35 2.18E-26 1.04E-19 1.96E-16 1.45E-14 5.07E-14 7.14E-14
 8.16E-14 8.89E-14 8.81E-14 7.70E-14 6.21E-14 5.37E-14
  35.9212    7  14 /pl=01:ss=51:pb= 1:sz=51/type=excit/ispb = t/isel =   43
 1.00E+10 1.00E+11 1.00E+12 1.00E+13 1.00E+14 1.00E+15 1.00E+16
 4.66E+01 6.99E+01 1.17E+02 2.33E+02 4.66E+02 1.17E+03 2.33E+03 3.49E+03
 4.66E+03 6.99E+03 1.17E+04 2.33E+04 4.66E+04 6.99E+04
 1.00E-74 2.46E-37 1.27E-27 2.09E-20 7.13E-17 7.38E-15 2.87E-14 4.18E-14
 4.84E-14 5.31E-14 5.27E-14 4.53E-14 3.55E-14 3.02E-14
 1.00E-74 2.46E-37 1.27E-27 2.09E-20 7.13E-17 7.38E-15 2.87E-14 4.18E-14
 4.84E-14 5.31E-14 5.27E-14 4.53E-14 3.55E-14 3.02E-14
 1.00E-74 2.46E-37 1.27E-27 2.09E-20 7.13E-17 7.38E-15 2.87E-14 4.18E-14
 4.84E-14 5.31E-14 5.27E-14 4.53E-14 3.55E-14 3.02E-14
 1.00E-74 2.46E-37 1.27E-27 2.09E-20 7.13E-17 7.38E-15 2.87E-14 4.18E-14
 4.84E-14 5.31E-14 5.27E-14 4.53E-14 3.55E-14 3.02E-14
 1.00E-74 2.46E-37 1.27E-27 2.09E-20 7.13E-17 7.38E-15 2.87E-14 4.18E-14
 4.84E-14 5.31E-14 5.27E-14 4.53E-14 3.55E-14 3.02E-14
 1.00E-74 2.46E-37 1.27E-27 2.09E-20 7.13E-17 7.38E-15 2.87E-14 4.18E-14
 4.84E-14 5.31E-14 5.27E-14 4.53E-14 3.55E-14 3.02E-14
 1.13E-49 2.46E-37 1.27E-27 2.09E-20 7.13E-17 7.38E-15 2.87E-14 4.18E-14
 4.84E-14 5.31E-14 5.27E-14 4.53E-14 3.55E-14 3.02E-14
  39.0445    7  14 /pl=01:ss=51:pb= 1:sz=51/type=excit/ispb = t/isel =   44
 1.00E+10 1.00E+11 1.00E+12 1.00E+13 1.00E+14 1.00E+15 1.00E+16
 4.66E+01 6.99E+01 1.17E+02 2.33E+02 4.66E+02 1.17E+03 2.33E+03 3.49E+03
 4.66E+03 6.99E+03 1.17E+04 2.33E+04 4.66E+04 6.99E+04
 1.00E-74 5.14E-37 3.02E-27 5.49E-20 1.98E-16 2.14E-14 8.69E-14 1.31E-13
 1.57E-13 1.83E-13 1.97E-13 1.95E-13 1.78E-13 1.65E-13
 1.00E-74 5.14E-37 3.02E-27 5.49E-20 1.98E-16 2.14E-14 8.69E-14 1.31E-13
 1.57E-13 1.83E-13 1.97E-13 1.95E-13 1.78E-13 1.65E-13
 1.00E-74 5.14E-37 3.02E-27 5.49E-20 1.98E-16 2.14E-14 8.69E-14 1.31E-13
 1.57E-13 1.83E-13 1.97E-13 1.95E-13 1.78E-13 1.65E-13
 1.00E-74 5.14E-37 3.02E-27 5.49E-20 1.98E-16 2.14E-14 8.69E-14 1.31E-13
 1.57E-13 1.83E-13 1.97E-13 1.95E-13 1.78E-13 1.65E-13
 1.00E-74 5.14E-37 3.02E-27 5.49E-20 1.98E-16 2.14E-14 8.69E-14 1.31E-13
 1.57E-13 1.83E-13 1.97E-13 1.95E-13 1.78E-13 1.65E-13
 1.00E-74 5.14E-37 3.02E-27 5.49E-20 1.98E-16 2.14E-14 8.69E-14 1.31E-13
 1.57E-13 1.83E-13 1.97E-13 1.95E-13 1.78E-13 1.65E-13
 2.17E-49 5.14E-37 3.02E-27 5.49E-20 1.98E-16 2.14E-14 8.69E-14 1.31E-13
 1.57E-13 1.83E-13 1.97E-13 1.95E-13 1.78E-13 1.65E-13
  42.3103    7  14 /pl=01:ss=51:pb= 1:sz=51/type=excit/ispb = t/isel =   45
 1.00E+10 1.00E+11 1.00E+12 1.00E+13 1.00E+14 1.00E+15 1.00E+16
 4.66E+01 6.99E+01 1.17E+02 2.33E+02 4.66E+02 1.17E+03 2.33E+03 3.49E+03
 4.66E+03 6.99E+03 1.17E+04 2.33E+04 4.66E+04 6.99E+04
 1.00E-74 4.78E-37 3.01E-27 5.77E-20 2.14E-16 2.33E-14 9.44E-14 1.40E-13
 1.66E-13 1.87E-13 1.93E-13 1.75E-13 1.43E-13 1.25E-13
 1.00E-74 4.78E-37 3.01E-27 5.77E-20 2.14E-16 2.33E-14 9.44E-14 1.40E-13
 1.66E-13 1.87E-13 1.93E-13 1.75E-13 1.43E-13 1.25E-13
 1.00E-74 4.78E-37 3.01E-27 5.77E-20 2.14E-16 2.33E-14 9.44E-14 1.40E-13
 1.66E-13 1.87E-13 1.93E-13 1.75E-13 1.43E-13 1.25E-13
 1.00E-74 4.78E-37 3.01E-27 5.77E-20 2.14E-16 2.33E-14 9.44E-14 1.40E-13
 1.66E-13 1.87E-13 1.93E-13 1.75E-13 1.43E-13 1.25E-13
 1.00E-74 4.78E-37 3.01E-27 5.77E-20 2.14E-16 2.33E-14 9.44E-14 1.40E-13
 1.66E-13 1.87E-13 1.93E-13 1.75E-13 1.43E-13 1.25E-13
 1.00E-74 4.78E-37 3.01E-27 5.77E-20 2.14E-16 2.33E-14 9.44E-14 1.40E-13
 1.66E-13 1.87E-13 1.93E-13 1.75E-13 1.43E-13 1.25E-13
 3.70E-49 4.78E-37 3.01E-27 5.77E-20 2.14E-16 2.33E-14 9.44E-14 1.40E-13
 1.66E-13 1.87E-13 1.93E-13 1.75E-13 1.43E-13 1.25E-13
  66.7033    7  14 /pl=01:ss=51:pb= 1:sz=51/type=excit/ispb = t/isel =   46
 1.00E+10 1.00E+11 1.00E+12 1.00E+13 1.00E+14 1.00E+15 1.00E+16
 4.66E+01 6.99E+01 1.17E+02 2.33E+02 4.66E+02 1.17E+03 2.33E+03 3.49E+03
 4.66E+03 6.99E+03 1.17E+04 2.33E+04 4.66E+04 6.99E+04
 5.22E-31 3.30E-24 8.32E-19 8.05E-15 6.96E-13 8.94E-12 1.88E-11 2.28E-11
 2.44E-11 2.51E-11 2.42E-11 2.12E-11 1.76E-11 1.55E-11
 5.22E-31 3.30E-24 8.32E-19 8.05E-15 6.96E-13 8.94E-12 1.88E-11 2.28E-11
 2.44E-11 2.51E-11 2.42E-11 2.12E-11 1.76E-11 1.55E-11
 5.22E-31 3.30E-24 8.32E-19 8.05E-15 6.96E-13 8.94E-12 1.88E-11 2.28E-11
 2.44E-11 2.51E-11 2.42E-11 2.12E-11 1.76E-11 1.55E-11
 5.22E-31 3.30E-24 8.32E-19 8.05E-15 6.96E-13 8.94E-12 1.88E-11 2.28E-11
 2.44E-11 2.51E-11 2.42E-11 2.12E-11 1.76E-11 1.55E-11
 5.22E-31 3.30E-24 8.32E-19 8.05E-15 6.96E-13 8.94E-12 1.88E-11 2.28E-11
 2.44E-11 2.51E-11 2.42E-11 2.12E-11 1.76E-11 1.55E-11
 5.22E-31 3.30E-24 8.32E-19 8.05E-15 6.96E-13 8.94E-12 1.88E-11 2.28E-11
 2.44E-11 2.51E-11 2.42E-11 2.12E-11 1.76E-11 1.55E-11
 5.22E-31 3.30E-24 8.32E-19 8.05E-15 6.96E-13 8.94E-12 1.88E-11 2.28E-11
 2.44E-11 2.51E-11 2.42E-11 2.12E-11 1.76E-11 1.55E-11
  66.9518    7  14 /pl=01:ss=51:pb= 1:sz=51/type=excit/ispb = t/isel =   47
 1.00E+10 1.00E+11 1.00E+12 1.00E+13 1.00E+14 1.00E+15 1.00E+16
 4.66E+01 6.99E+01 1.17E+02 2.33E+02 4.66E+02 1.17E+03 2.33E+03 3.49E+03
 4.66E+03 6.99E+03 1.17E+04 2.33E+04 4.66E+04 6.99E+04
 5.36E-37 9.51E-29 3.46E-22 2.51E-17 6.07E-15 1.49E-13 4.05E-13 5.56E-13
 6.49E-13 7.57E-13 8.54E-13 9.16E-13 9.10E-13 8.81E-13
 5.36E-37 9.51E-29 3.46E-22 2.51E-17 6.07E-15 1.49E-13 4.05E-13 5.56E-13
 6.49E-13 7.57E-13 8.54E-13 9.16E-13 9.10E-13 8.81E-13
 5.36E-37 9.51E-29 3.46E-22 2.51E-17 6.07E-15 1.49E-13 4.05E-13 5.56E-13
 6.49E-13 7.57E-13 8.54E-13 9.16E-13 9.10E-13 8.81E-13
 5.36E-37 9.51E-29 3.46E-22 2.51E-17 6.07E-15 1.49E-13 4.05E-13 5.56E-13
 6.49E-13 7.57E-13 8.54E-13 9.16E-13 9.10E-13 8.81E-13
 5.36E-37 9.51E-29 3.46E-22 2.51E-17 6.07E-15 1.49E-13 4.05E-13 5.56E-13
 6.49E-13 7.57E-13 8.54E-13 9.16E-13 9.10E-13 8.81E-13
 5.36E-37 9.51E-29 3.46E-22 2.51E-17 6.07E-15 1.49E-13 4.05E-13 5.56E-13
 6.49E-13 7.57E-13 8.54E-13 9.16E-13 9.10E-13 8.81E-13
 5.36E-37 9.51E-29 3.46E-22 2.51E-17 6.07E-15 1.49E-13 4.05E-13 5.56E-13
 6.49E-13 7.57E-13 8.54E-13 9.16E-13 9.10E-13 8.81E-13
  72.7838    7  14 /pl=01:ss=51:pb= 1:sz=51/type=excit/ispb = t/isel =   48
 1.00E+10 1.00E+11 1.00E+12 1.00E+13 1.00E+14 1.00E+15 1.00E+16
 4.66E+01 6.99E+01 1.17E+02 2.33E+02 4.66E+02 1.17E+03 2.33E+03 3.49E+03
 4.66E+03 6.99E+03 1.17E+04 2.33E+04 4.66E+04 6.99E+04
 1.50E-31 3.47E-25 5.19E-20 4.04E-16 3.32E-14 4.39E-13 9.54E-13 1.17E-12
 1.27E-12 1.32E-12 1.29E-12 1.15E-12 9.71E-13 8.68E-13
 1.50E-31 3.47E-25 5.19E-20 4.04E-16 3.32E-14 4.39E-13 9.54E-13 1.17E-12
 1.27E-12 1.32E-12 1.29E-12 1.15E-12 9.71E-13 8.68E-13
 1.50E-31 3.47E-25 5.19E-20 4.04E-16 3.32E-14 4.39E-13 9.54E-13 1.17E-12
 1.27E-12 1.32E-12 1.29E-12 1.15E-12 9.71E-13 8.68E-13
 1.50E-31 3.47E-25 5.19E-20 4.04E-16 3.32E-14 4.39E-13 9.54E-13 1.17E-12
 1.27E-12 1.32E-12 1.29E-12 1.15E-12 9.71E-13 8.68E-13
 1.50E-31 3.47E-25 5.19E-20 4.04E-16 3.32E-14 4.39E-13 9.54E-13 1.17E-12
 1.27E-12 1.32E-12 1.29E-12 1.15E-12 9.71E-13 8.68E-13
 1.50E-31 3.47E-25 5.19E-20 4.04E-16 3.32E-14 4.39E-13 9.54E-13 1.17E-12
 1.27E-12 1.32E-12 1.29E-12 1.15E-12 9.71E-13 8.68E-13
 1.50E-31 3.47E-25 5.19E-20 4.04E-16 3.32E-14 4.39E-13 9.54E-13 1.17E-12
 1.27E-12 1.32E-12 1.29E-12 1.15E-12 9.71E-13 8.68E-13
  85.0269    7  14 /pl=01:ss=51:pb= 1:sz=51/type=excit/ispb = t/isel =   49
 1.00E+10 1.00E+11 1.00E+12 1.00E+13 1.00E+14 1.00E+15 1.00E+16
 4.66E+01 6.99E+01 1.17E+02 2.33E+02 4.66E+02 1.17E+03 2.33E+03 3.49E+03
 4.66E+03 6.99E+03 1.17E+04 2.33E+04 4.66E+04 6.99E+04
 1.30E-34 2.34E-27 1.36E-21 2.46E-17 2.84E-15 4.10E-14 8.99E-14 1.13E-13
 1.25E-13 1.37E-13 1.43E-13 1.42E-13 1.32E-13 1.24E-13
 1.30E-34 2.34E-27 1.36E-21 2.46E-17 2.84E-15 4.10E-14 8.99E-14 1.13E-13
 1.25E-13 1.37E-13 1.43E-13 1.42E-13 1.32E-13 1.24E-13
 1.30E-34 2.34E-27 1.36E-21 2.46E-17 2.84E-15 4.10E-14 8.99E-14 1.13E-13
 1.25E-13 1.37E-13 1.43E-13 1.42E-13 1.32E-13 1.24E-13
 1.30E-34 2.34E-27 1.36E-21 2.46E-17 2.84E-15 4.10E-14 8.99E-14 1.13E-13
 1.25E-13 1.37E-13 1.43E-13 1.42E-13 1.32E-13 1.24E-13
 1.30E-34 2.34E-27 1.36E-21 2.46E-17 2.84E-15 4.10E-14 8.99E-14 1.13E-13
 1.25E-13 1.37E-13 1.43E-13 1.42E-13 1.32E-13 1.24E-13
 1.30E-34 2.34E-27 1.36E-21 2.46E-17 2.84E-15 4.10E-14 8.99E-14 1.13E-13
 1.25E-13 1.37E-13 1.43E-13 1.42E-13 1.32E-13 1.24E-13
 1.30E-34 2.34E-27 1.36E-21 2.46E-17 2.84E-15 4.10E-14 8.99E-14 1.13E-13
 1.25E-13 1.37E-13 1.43E-13 1.42E-13 1.32E-13 1.24E-13
  85.2823    7  14 /pl=01:ss=51:pb= 1:sz=51/type=excit/ispb = t/isel =   50
 1.00E+10 1.00E+11 1.00E+12 1.00E+13 1.00E+14 1.00E+15 1.00E+16
 4.66E+01 6.99E+01 1.17E+02 2.33E+02 4.66E+02 1.17E+03 2.33E+03 3.49E+03
 4.66E+03 6.99E+03 1.17E+04 2.33E+04 4.66E+04 6.99E+04
 3.64E-39 1.82E-30 1.51E-23 2.01E-18 6.21E-16 1.53E-14 3.76E-14 4.73E-14
 5.11E-14 5.25E-14 5.00E-14 4.23E-14 3.32E-14 2.83E-14
 3.64E-39 1.82E-30 1.51E-23 2.01E-18 6.21E-16 1.53E-14 3.76E-14 4.73E-14
 5.11E-14 5.25E-14 5.00E-14 4.23E-14 3.32E-14 2.83E-14
 3.64E-39 1.82E-30 1.51E-23 2.01E-18 6.21E-16 1.53E-14 3.76E-14 4.73E-14
 5.11E-14 5.25E-14 5.00E-14 4.23E-14 3.32E-14 2.83E-14
 3.64E-39 1.82E-30 1.51E-23 2.01E-18 6.21E-16 1.53E-14 3.76E-14 4.73E-14
 5.11E-14 5.25E-14 5.00E-14 4.23E-14 3.32E-14 2.83E-14
 3.64E-39 1.82E-30 1.51E-23 2.01E-18 6.21E-16 1.53E-14 3.76E-14 4.73E-14
 5.11E-14 5.25E-14 5.00E-14 4.23E-14 3.32E-14 2.83E-14
 3.64E-39 1.82E-30 1.51E-23 2.01E-18 6.21E-16 1.53E-14 3.76E-14 4.73E-14
 5.11E-14 5.25E-14 5.00E-14 4.23E-14 3.32E-14 2.83E-14
 3.64E-39 1.82E-30 1.51E-23 2.01E-18 6.21E-16 1.53E-14 3.76E-14 4.73E-14
 5.11E-14 5.25E-14 5.00E-14 4.23E-14 3.32E-14 2.83E-14
c-------------------------------------------------------------------------------
 
C  root partition information
C  ==========================
C
C  nuclear charge : 74
C  ion charge+1   : 52
C
C  population calculation information
C  ----------------------------------
C
C  population processing code: adas810
C
C  adf04 source file    : adf04_copmm#74_ca_40#w51_t3.dat
C  adf18/a17_p208 file  : NULL
C
C  meta. ion. coeff. selector  : 
 
C  options  : lnorm =T  lpsel =F  lzsel =T  liosel=F
C           : lhsel =F  lrsel =F  lisel =F  lnsel =F
 
C  energy levels
C  -------------
C
C   lv      configuration    (2S+1)L(w-1/2)      energy (cm^-1)
C  ---   ------------------- --------------      --------------
c    1   56                   (0)0(  124.5)             0.0
c    2   24555566             (0)0(  629.5)       3842559.9
c    3   46517                (0)0(  209.0)      15013352.1
c    4   46518                (0)0(  629.5)      16387284.5
c    5   46519                (0)0( 1049.5)      17886460.1
c    6   4651A                (0)0( 1469.5)      19062558.2
c    7   24555556518          (0)0( 4535.5)      20150943.3
c    8   24555556519          (0)0( 7559.5)      21644555.2
c    9   2455555651A          (0)0(10583.5)      22817130.8
c   10   4651B                (0)0(  209.0)      24092080.2
c   11   4651C                (0)0(  629.5)      24763365.0
c   12   4651D                (0)0( 1049.5)      25486917.6
c   13   4651E                (0)0( 1469.5)      26026704.2
c   14   4651F                (0)0( 1889.5)      26317617.7
c   15   2455555651C          (0)0( 4535.5)      28515907.4
c   16   4651G                (0)0(  209.0)      28721017.3
c   17   4651H                (0)0(  629.5)      29096702.8
c   18   2455555651D          (0)0( 7559.5)      29238373.6
c   19   4651I                (0)0( 1049.5)      29501238.2
c   20   2455555651E          (0)0(10583.5)      29776799.5
c   21   4651J                (0)0( 1469.5)      29798516.5
c   22   4651K                (0)0( 1889.5)      29960488.7
c   23   4651M                (0)0(  209.0)      31400263.5
c   24   4651N                (0)0(  629.5)      31631600.6
c   25   4651O                (0)0( 1049.5)      31880572.5
c   26   4651P                (0)0( 1469.5)      32062418.1
c   27   4651Q                (0)0( 1889.5)      32162004.7
 
 
 
c-------------------------------------------------------------------------------
 
C  superstage partition information
C  ================================
C
C  element symbol   : W
C  parent template  : 
C  partition level  :  1
C  superstage label : 51
C
C  tabulation       : photon emissivity coefft (te,ne)
C  units            : ph. emis coef(cm^3 s^-1); te (ev); ne (cm^-3)
C
C  photon emissivity atomic transitions
C  ------------------------------------
C  
C   isel  wvlen(A)            transition                type  ispb nspb
C                                                             ispp nspp sz    tg pr wr
C  ----- ---------- ----------------------------------- ----- ---- ---- --    -- -- --
C      1   3.11892   26(0)0( 1469.5)-  1(0)0(  124.5)   excit   1    1  51    18 22  1
C      2   3.35587   21(0)0( 1469.5)-  1(0)0(  124.5)   excit   1    1  51    13 13  2
C      3   3.42016   18(0)0( 7559.5)-  1(0)0(  124.5)   excit   1    1  51    25 17  3
C      4   3.84221   13(0)0( 1469.5)-  1(0)0(  124.5)   excit   1    1  51     8  8  4
C      5   3.85591   20(0)0(10583.5)-  2(0)0(  629.5)   excit   1    1  51   163 15  5
C      6   4.03822   11(0)0(  629.5)-  1(0)0(  124.5)   excit   1    1  51     6 40  6
C      7   4.05296   15(0)0( 4535.5)-  2(0)0(  629.5)   excit   1    1  51   161 23  7
C      8   4.62010    8(0)0( 7559.5)-  1(0)0(  124.5)   excit   1    1  51    22  5  8
C      9   4.96255    7(0)0( 4535.5)-  1(0)0(  124.5)   excit   1    1  51    21 45  9
C     10   5.24589    6(0)0( 1469.5)-  1(0)0(  124.5)   excit   1    1  51     4  2 10
C     11   5.27021    9(0)0(10583.5)-  2(0)0(  629.5)   excit   1    1  51   160  4 11
C     12   5.59082    5(0)0( 1049.5)-  1(0)0(  124.5)   excit   1    1  51     3 20 12
C     13   6.10229    4(0)0(  629.5)-  1(0)0(  124.5)   excit   1    1  51     2  3 13
C     14   6.13182    7(0)0( 4535.5)-  2(0)0(  629.5)   excit   1    1  51   158  7 14
C     15   6.45441   25(0)0( 1049.5)-  4(0)0(  629.5)   excit   1    1  51    50 38 15
C     16   6.66074    3(0)0(  209.0)-  1(0)0(  124.5)   excit   1    1  51     1 14 16
C     17   7.05420   26(0)0( 1469.5)-  5(0)0( 1049.5)   excit   1    1  51    66 26 17
C     18   7.10058   17(0)0(  629.5)-  3(0)0(  209.0)   excit   1    1  51    33 47 18
C     19   7.62547   19(0)0( 1049.5)-  4(0)0(  629.5)   excit   1    1  51    46 28 19
C     20   7.63391   27(0)0( 1889.5)-  6(0)0( 1469.5)   excit   1    1  51    79 30 20
C     21   8.39486   21(0)0( 1469.5)-  5(0)0( 1049.5)   excit   1    1  51    61 18 21
C     22   9.17605   22(0)0( 1889.5)-  6(0)0( 1469.5)   excit   1    1  51    75 24 22
C     23   9.57976   19(0)0( 1049.5)-  6(0)0( 1469.5)   excit   1    1  51    73 50 23
C     24   10.2564   11(0)0(  629.5)-  3(0)0(  209.0)   excit   1    1  51    30 33 24
C     25   10.9895   12(0)0( 1049.5)-  4(0)0(  629.5)   excit   1    1  51    42 10 25
C     26   11.0042   18(0)0( 7559.5)-  7(0)0( 4535.5)   excit   1    1  51   167 11 26
C     27   12.2846   13(0)0( 1469.5)-  5(0)0( 1049.5)   excit   1    1  51    56  9 27
C     28   12.2967   20(0)0(10583.5)-  8(0)0( 7559.5)   excit   1    1  51   172 19 28
C     29   12.9789   10(0)0(  209.0)-  4(0)0(  629.5)   excit   1    1  51    40 39 29
C     30   13.7835   14(0)0( 1889.5)-  6(0)0( 1469.5)   excit   1    1  51    71 12 30
C     31   14.0505   25(0)0( 1049.5)- 11(0)0(  629.5)   excit   1    1  51    96 44 31
C     32   14.5414   11(0)0(  629.5)-  5(0)0( 1049.5)   excit   1    1  51    54 35 32
C     33   14.5532   15(0)0( 4535.5)-  8(0)0( 7559.5)   excit   1    1  51   170 16 33
C     34   15.2080   26(0)0( 1469.5)- 12(0)0( 1049.5)   excit   1    1  51   108 31 34
C     35   15.5658   12(0)0( 1049.5)-  6(0)0( 1469.5)   excit   1    1  51    69 32 35
C     36   15.5733   18(0)0( 7559.5)-  9(0)0(10583.5)   excit   1    1  51   174 34 36
C     37   16.2991   27(0)0( 1889.5)- 13(0)0( 1469.5)   excit   1    1  51   118 36 37
C     38   21.1065   19(0)0( 1049.5)- 11(0)0(  629.5)   excit   1    1  51    92 37 38
C     39   23.1933   21(0)0( 1469.5)- 12(0)0( 1049.5)   excit   1    1  51   103 27 39
C     40   25.4208   22(0)0( 1889.5)- 13(0)0( 1469.5)   excit   1    1  51   114 29 40
C     41   26.0243    2(0)0(  629.5)-  1(0)0(  124.5)   excit   1    1  51    20  1 41
C     42   28.7808   19(0)0( 1049.5)- 13(0)0( 1469.5)   excit   1    1  51   112 46 42
C     43   35.9212   25(0)0( 1049.5)- 17(0)0(  629.5)   excit   1    1  51   134 48 43
C     44   39.0445   26(0)0( 1469.5)- 19(0)0( 1049.5)   excit   1    1  51   141 41 44
C     45   42.3103   27(0)0( 1889.5)- 21(0)0( 1469.5)   excit   1    1  51   147 42 45
C     46   66.7033    5(0)0( 1049.5)-  4(0)0(  629.5)   excit   1    1  51    38  6 46
C     47   66.9518    8(0)0( 7559.5)-  7(0)0( 4535.5)   excit   1    1  51   164 25 47
C     48   72.7838    4(0)0(  629.5)-  3(0)0(  209.0)   excit   1    1  51    27 21 48
C     49   85.0269    6(0)0( 1469.5)-  5(0)0( 1049.5)   excit   1    1  51    52 43 49
C     50   85.2823    9(0)0(10583.5)-  8(0)0( 7559.5)   excit   1    1  51   169 49 50
c-------------------------------------------------------------------------------
                                                                                
C  code     : adas810
C  producer : Adam Foster
C  date     : 18/05/09
                                                                                
c-------------------------------------------------------------------------------

C-----------------------------------------------------------------------
C                               OPEN-ADAS
C                               +++++++++
C
C This file has been downloaded from OPEN-ADAS (http://open.adas.ac.uk)
C on 26-Mar-2025.
C
C TERMS AND CONDITIONS
C --------------------
C
C The user of the OPEN-ADAS system and data (hereinafter "the User")
C accepts the following terms and conditions:
C
C   1. The University of Strathclyde uses all reasonable endeavours to
C      ensure the accuracy of the data provided and any information
C      given, but the University makes no warranty, expressed or implied
C      as to its accuracy, integrity, fitness for purpose and shall not
C      be responsible for the use to which the data is put by the User
C      and/or any consequences arising out of any inaccuracies or
C      omissions.
C
C   2. Any downloaded OPEN-ADAS file is made available for the
C      personal use of the User only.  It must not be used for any
C      commercial application, incorporated into any web site or in
C      any form re-distributed without express prior written permission
C      from the ADAS Project. In particular, but not by way of
C      limitation, it must not be:
C        *  inserted into a managed database structure,
C        *  redistributed along with a modelling or analysis code,
C        *  made available on a public website.
C
C Permission for OPEN-ADAS data incorporation in non-commercial
C code/system development for scientific advance will not be
C unreasonably withheld, but will be subject to written agreement
C on a case by case basis.
C
C The User will indemnify the University of Strathclyde and keep it
C fully and effectively indemnified against each and every claim made
C against the University as a result of the User's use of the data.
C
C-----------------------------------------------------------------------
