   50    /W :31 photon emissivity coefficients/
--------------------------------------------------------------------------------
    1    1    1    1    1    1    1    1    1    1    1    1    1    1
    1    1    1    1    1    1    1    1    1    1    1    1    1    1
    1    1    1    1    1    1    1    1    1    1    1    1    1    1
    1    1    1    1    1    1    1    1    1    1    1    1    1    1
    1    1    1    1    1    1    1    1    1    1    1    1    1    1
    1    1    1    1    1
--------------------------------------------------------------------------------
//#01/p00/ 00/p01/ 01/p02/ 02/p03/ 03/p04/ 04/p05/ 05/p06/ 06/p07/ 07/p08/ 08/  
      p09/ 09/p10/ 10/p11/ 11/p12/ 12/p13/ 13/p14/ 14/p15/ 15/p16/ 16/p17/ 17/  
      p18/ 18/p19/ 19/p20/ 20/p21/ 21/p22/ 22/p23/ 23/p24/ 24/p25/ 25/p26/ 26/  
      p27/ 27/p28/ 28/p29/ 29/p30/ 30/p31/ 31/p32/ 32/p33/ 33/p34/ 34/p35/ 35/  
      p36/ 36/p37/ 37/p38/ 38/p39/ 39/p40/ 40/p41/ 41/p42/ 42/p43/ 43/p44/ 44/  
      p45/ 45/p46/ 46/p47/ 47/p48/ 48/p49/ 49/p50/ 50/p51/ 51/p52/ 52/p53/ 53/  
      p54/ 54/p55/ 55/p56/ 56/p57/ 57/p58/ 58/p59/ 59/p60/ 60/p61/ 61/p62/ 62/  
      p63/ 63/p64/ 64/p65/ 65/p66/ 66/p67/ 67/p68/ 68/p69/ 69/p70/ 70/p71/ 71/  
      p72/ 72/p73/ 73/p74/ 74/                                                  
--------------------------------------------------------------------------------
  46.1854    7  14 /pl=01:ss=31:pb= 1:sz=31/type=excit/ispb = t/isel =    1
 1.00E+10 1.00E+11 1.00E+12 1.00E+13 1.00E+14 1.00E+15 1.00E+16
 1.76E+01 2.65E+01 4.41E+01 8.82E+01 1.76E+02 4.41E+02 8.82E+02 1.32E+03
 1.76E+03 2.65E+03 4.41E+03 8.82E+03 1.76E+04 2.65E+04
 4.95E-17 8.48E-15 4.74E-13 8.38E-12 3.08E-11 5.73E-11 6.43E-11 6.40E-11
 6.30E-11 6.00E-11 5.53E-11 4.78E-11 4.00E-11 3.58E-11
 4.95E-17 8.48E-15 4.74E-13 8.39E-12 3.08E-11 5.75E-11 6.45E-11 6.42E-11
 6.32E-11 6.02E-11 5.54E-11 4.79E-11 4.01E-11 3.58E-11
 4.96E-17 8.49E-15 4.74E-13 8.46E-12 3.16E-11 5.99E-11 6.74E-11 6.71E-11
 6.59E-11 6.27E-11 5.75E-11 4.94E-11 4.11E-11 3.66E-11
 5.07E-17 8.59E-15 4.83E-13 9.46E-12 3.95E-11 7.91E-11 8.97E-11 8.92E-11
 8.72E-11 8.24E-11 7.48E-11 6.29E-11 5.10E-11 4.47E-11
 7.03E-17 1.13E-14 6.53E-13 1.39E-11 5.35E-11 1.00E-10 1.12E-10 1.11E-10
 1.09E-10 1.04E-10 9.54E-11 8.18E-11 6.77E-11 6.01E-11
 1.21E-16 1.85E-14 9.49E-13 1.60E-11 5.66E-11 1.03E-10 1.14E-10 1.14E-10
 1.12E-10 1.06E-10 9.78E-11 8.43E-11 7.04E-11 6.29E-11
 1.36E-16 2.06E-14 1.02E-12 1.63E-11 5.69E-11 1.03E-10 1.14E-10 1.13E-10
 1.11E-10 1.05E-10 9.68E-11 8.34E-11 6.96E-11 6.21E-11
  48.6773    7  14 /pl=01:ss=31:pb= 1:sz=31/type=excit/ispb = t/isel =    2
 1.00E+10 1.00E+11 1.00E+12 1.00E+13 1.00E+14 1.00E+15 1.00E+16
 1.76E+01 2.65E+01 4.41E+01 8.82E+01 1.76E+02 4.41E+02 8.82E+02 1.32E+03
 1.76E+03 2.65E+03 4.41E+03 8.82E+03 1.76E+04 2.65E+04
 2.02E-16 2.04E-14 7.47E-13 9.67E-12 3.04E-11 5.17E-11 5.63E-11 5.55E-11
 5.42E-11 5.16E-11 4.69E-11 4.04E-11 3.35E-11 2.98E-11
 2.02E-16 2.04E-14 7.46E-13 9.64E-12 3.02E-11 5.11E-11 5.56E-11 5.48E-11
 5.35E-11 5.10E-11 4.64E-11 4.00E-11 3.32E-11 2.96E-11
 2.01E-16 2.03E-14 7.40E-13 9.36E-12 2.81E-11 4.60E-11 4.97E-11 4.91E-11
 4.81E-11 4.60E-11 4.22E-11 3.68E-11 3.09E-11 2.77E-11
 1.93E-16 1.93E-14 6.89E-13 7.60E-12 1.99E-11 3.06E-11 3.27E-11 3.23E-11
 3.17E-11 3.05E-11 2.83E-11 2.51E-11 2.16E-11 1.97E-11
 1.59E-16 1.53E-14 5.04E-13 5.04E-12 1.40E-11 2.28E-11 2.46E-11 2.42E-11
 2.36E-11 2.25E-11 2.06E-11 1.78E-11 1.50E-11 1.35E-11
 1.27E-16 1.16E-14 3.79E-13 4.32E-12 1.29E-11 2.13E-11 2.30E-11 2.27E-11
 2.21E-11 2.10E-11 1.91E-11 1.63E-11 1.36E-11 1.21E-11
 1.21E-16 1.08E-14 3.55E-13 4.22E-12 1.27E-11 2.11E-11 2.27E-11 2.23E-11
 2.17E-11 2.06E-11 1.87E-11 1.60E-11 1.32E-11 1.17E-11
  48.9638    7  14 /pl=01:ss=31:pb= 1:sz=31/type=excit/ispb = t/isel =    3
 1.00E+10 1.00E+11 1.00E+12 1.00E+13 1.00E+14 1.00E+15 1.00E+16
 1.76E+01 2.65E+01 4.41E+01 8.82E+01 1.76E+02 4.41E+02 8.82E+02 1.32E+03
 1.76E+03 2.65E+03 4.41E+03 8.82E+03 1.76E+04 2.65E+04
 1.49E-16 1.51E-14 5.52E-13 7.17E-12 2.25E-11 3.83E-11 4.18E-11 4.12E-11
 4.02E-11 3.81E-11 3.48E-11 2.99E-11 2.48E-11 2.21E-11
 1.50E-16 1.51E-14 5.53E-13 7.20E-12 2.28E-11 3.90E-11 4.25E-11 4.19E-11
 4.08E-11 3.87E-11 3.53E-11 3.02E-11 2.51E-11 2.23E-11
 1.51E-16 1.53E-14 5.61E-13 7.53E-12 2.48E-11 4.37E-11 4.78E-11 4.70E-11
 4.57E-11 4.31E-11 3.91E-11 3.31E-11 2.72E-11 2.40E-11
 1.65E-16 1.67E-14 6.27E-13 9.17E-12 3.00E-11 5.03E-11 5.42E-11 5.34E-11
 5.20E-11 4.93E-11 4.51E-11 3.87E-11 3.22E-11 2.86E-11
 2.21E-16 2.15E-14 7.72E-13 9.46E-12 2.74E-11 4.43E-11 4.74E-11 4.66E-11
 4.54E-11 4.31E-11 3.95E-11 3.41E-11 2.86E-11 2.57E-11
 2.42E-16 2.21E-14 7.35E-13 8.69E-12 2.57E-11 4.19E-11 4.48E-11 4.39E-11
 4.27E-11 4.04E-11 3.68E-11 3.16E-11 2.63E-11 2.35E-11
 2.41E-16 2.15E-14 7.12E-13 8.54E-12 2.54E-11 4.13E-11 4.41E-11 4.32E-11
 4.20E-11 3.96E-11 3.60E-11 3.08E-11 2.56E-11 2.28E-11
  49.8319    7  14 /pl=01:ss=31:pb= 1:sz=31/type=excit/ispb = t/isel =    4
 1.00E+10 1.00E+11 1.00E+12 1.00E+13 1.00E+14 1.00E+15 1.00E+16
 1.76E+01 2.65E+01 4.41E+01 8.82E+01 1.76E+02 4.41E+02 8.82E+02 1.32E+03
 1.76E+03 2.65E+03 4.41E+03 8.82E+03 1.76E+04 2.65E+04
 6.77E-15 6.11E-13 2.04E-11 2.49E-10 7.52E-10 1.25E-09 1.36E-09 1.34E-09
 1.30E-09 1.23E-09 1.13E-09 9.67E-10 8.03E-10 7.17E-10
 6.76E-15 6.11E-13 2.04E-11 2.48E-10 7.45E-10 1.24E-09 1.34E-09 1.32E-09
 1.29E-09 1.22E-09 1.11E-09 9.56E-10 7.96E-10 7.11E-10
 6.73E-15 6.07E-13 2.02E-11 2.39E-10 6.86E-10 1.09E-09 1.17E-09 1.16E-09
 1.13E-09 1.08E-09 9.92E-10 8.66E-10 7.32E-10 6.59E-10
 6.38E-15 5.72E-13 1.85E-11 1.85E-10 4.42E-10 6.43E-10 6.80E-10 6.72E-10
 6.60E-10 6.33E-10 5.93E-10 5.32E-10 4.66E-10 4.30E-10
 4.77E-15 4.11E-13 1.21E-11 1.04E-10 2.68E-10 4.17E-10 4.45E-10 4.38E-10
 4.27E-10 4.05E-10 3.73E-10 3.25E-10 2.76E-10 2.49E-10
 3.29E-15 2.68E-13 7.94E-12 8.32E-11 2.36E-10 3.79E-10 4.05E-10 3.97E-10
 3.86E-10 3.65E-10 3.33E-10 2.86E-10 2.38E-10 2.13E-10
 3.00E-15 2.41E-13 7.23E-12 8.05E-11 2.32E-10 3.73E-10 3.97E-10 3.89E-10
 3.78E-10 3.56E-10 3.24E-10 2.77E-10 2.30E-10 2.05E-10
  49.8971    7  14 /pl=01:ss=31:pb= 1:sz=31/type=excit/ispb = t/isel =    5
 1.00E+10 1.00E+11 1.00E+12 1.00E+13 1.00E+14 1.00E+15 1.00E+16
 1.76E+01 2.65E+01 4.41E+01 8.82E+01 1.76E+02 4.41E+02 8.82E+02 1.32E+03
 1.76E+03 2.65E+03 4.41E+03 8.82E+03 1.76E+04 2.65E+04
 2.38E-16 2.18E-14 7.44E-13 9.16E-12 2.81E-11 4.73E-11 5.12E-11 5.05E-11
 4.89E-11 4.64E-11 4.23E-11 3.62E-11 3.01E-11 2.67E-11
 2.39E-16 2.19E-14 7.50E-13 9.39E-12 2.98E-11 5.16E-11 5.61E-11 5.53E-11
 5.34E-11 5.04E-11 4.57E-11 3.87E-11 3.19E-11 2.81E-11
 2.49E-16 2.30E-14 8.02E-13 1.15E-11 4.37E-11 8.39E-11 9.24E-11 9.05E-11
 8.72E-11 8.12E-11 7.20E-11 5.88E-11 4.64E-11 3.99E-11
 3.39E-16 3.18E-14 1.21E-12 2.23E-11 7.98E-11 1.34E-10 1.44E-10 1.41E-10
 1.38E-10 1.30E-10 1.19E-10 1.02E-10 8.39E-11 7.39E-11
 6.57E-16 5.90E-14 2.07E-12 2.50E-11 6.93E-11 1.09E-10 1.16E-10 1.14E-10
 1.11E-10 1.05E-10 9.63E-11 8.34E-11 7.08E-11 6.37E-11
 7.40E-16 6.16E-14 1.92E-12 2.17E-11 6.25E-11 1.00E-10 1.06E-10 1.04E-10
 1.01E-10 9.55E-11 8.70E-11 7.45E-11 6.23E-11 5.56E-11
 7.32E-16 5.98E-14 1.85E-12 2.12E-11 6.16E-11 9.86E-11 1.04E-10 1.02E-10
 9.90E-11 9.34E-11 8.49E-11 7.25E-11 6.04E-11 5.37E-11
  50.1895    7  14 /pl=01:ss=31:pb= 1:sz=31/type=excit/ispb = t/isel =    6
 1.00E+10 1.00E+11 1.00E+12 1.00E+13 1.00E+14 1.00E+15 1.00E+16
 1.76E+01 2.65E+01 4.41E+01 8.82E+01 1.76E+02 4.41E+02 8.82E+02 1.32E+03
 1.76E+03 2.65E+03 4.41E+03 8.82E+03 1.76E+04 2.65E+04
 3.04E-16 2.64E-14 8.62E-13 1.03E-11 3.09E-11 5.11E-11 5.52E-11 5.44E-11
 5.29E-11 5.03E-11 4.58E-11 3.93E-11 3.26E-11 2.91E-11
 3.04E-16 2.64E-14 8.61E-13 1.02E-11 3.07E-11 5.06E-11 5.46E-11 5.38E-11
 5.23E-11 4.98E-11 4.54E-11 3.90E-11 3.24E-11 2.89E-11
 3.03E-16 2.63E-14 8.55E-13 9.98E-12 2.90E-11 4.64E-11 4.99E-11 4.93E-11
 4.80E-11 4.58E-11 4.20E-11 3.64E-11 3.06E-11 2.74E-11
 2.92E-16 2.51E-14 8.00E-13 8.42E-12 2.25E-11 3.54E-11 3.81E-11 3.76E-11
 3.66E-11 3.50E-11 3.21E-11 2.80E-11 2.38E-11 2.14E-11
 2.55E-16 2.11E-14 6.40E-13 6.74E-12 1.92E-11 3.14E-11 3.38E-11 3.33E-11
 3.24E-11 3.08E-11 2.81E-11 2.40E-11 2.01E-11 1.79E-11
 2.59E-16 2.03E-14 5.99E-13 6.48E-12 1.87E-11 3.05E-11 3.28E-11 3.23E-11
 3.13E-11 2.97E-11 2.70E-11 2.30E-11 1.91E-11 1.70E-11
 2.67E-16 2.06E-14 5.98E-13 6.45E-12 1.86E-11 3.02E-11 3.24E-11 3.18E-11
 3.09E-11 2.92E-11 2.65E-11 2.26E-11 1.87E-11 1.66E-11
  50.7577    7  14 /pl=01:ss=31:pb= 1:sz=31/type=excit/ispb = t/isel =    7
 1.00E+10 1.00E+11 1.00E+12 1.00E+13 1.00E+14 1.00E+15 1.00E+16
 1.76E+01 2.65E+01 4.41E+01 8.82E+01 1.76E+02 4.41E+02 8.82E+02 1.32E+03
 1.76E+03 2.65E+03 4.41E+03 8.82E+03 1.76E+04 2.65E+04
 1.63E-16 1.64E-14 6.02E-13 7.81E-12 2.45E-11 4.18E-11 4.56E-11 4.49E-11
 4.38E-11 4.16E-11 3.80E-11 3.26E-11 2.70E-11 2.41E-11
 1.63E-16 1.65E-14 6.03E-13 7.85E-12 2.48E-11 4.25E-11 4.64E-11 4.57E-11
 4.45E-11 4.22E-11 3.85E-11 3.29E-11 2.73E-11 2.43E-11
 1.65E-16 1.66E-14 6.12E-13 8.21E-12 2.71E-11 4.76E-11 5.21E-11 5.12E-11
 4.98E-11 4.70E-11 4.26E-11 3.61E-11 2.96E-11 2.61E-11
 1.80E-16 1.82E-14 6.83E-13 1.00E-11 3.28E-11 5.49E-11 5.91E-11 5.82E-11
 5.67E-11 5.38E-11 4.92E-11 4.22E-11 3.51E-11 3.11E-11
 2.41E-16 2.35E-14 8.42E-13 1.03E-11 2.99E-11 4.83E-11 5.17E-11 5.08E-11
 4.95E-11 4.70E-11 4.30E-11 3.71E-11 3.12E-11 2.80E-11
 2.64E-16 2.40E-14 8.01E-13 9.47E-12 2.80E-11 4.57E-11 4.88E-11 4.78E-11
 4.66E-11 4.40E-11 4.01E-11 3.44E-11 2.87E-11 2.56E-11
 2.63E-16 2.35E-14 7.76E-13 9.32E-12 2.77E-11 4.51E-11 4.81E-11 4.70E-11
 4.57E-11 4.32E-11 3.93E-11 3.36E-11 2.79E-11 2.49E-11
  51.1426    7  14 /pl=01:ss=31:pb= 1:sz=31/type=excit/ispb = t/isel =    8
 1.00E+10 1.00E+11 1.00E+12 1.00E+13 1.00E+14 1.00E+15 1.00E+16
 1.76E+01 2.65E+01 4.41E+01 8.82E+01 1.76E+02 4.41E+02 8.82E+02 1.32E+03
 1.76E+03 2.65E+03 4.41E+03 8.82E+03 1.76E+04 2.65E+04
 2.47E-16 2.23E-14 7.45E-13 9.06E-12 2.74E-11 4.57E-11 4.94E-11 4.87E-11
 4.75E-11 4.49E-11 4.10E-11 3.52E-11 2.93E-11 2.61E-11
 2.46E-16 2.22E-14 7.44E-13 9.02E-12 2.71E-11 4.50E-11 4.87E-11 4.80E-11
 4.68E-11 4.43E-11 4.05E-11 3.48E-11 2.90E-11 2.59E-11
 2.45E-16 2.21E-14 7.37E-13 8.71E-12 2.50E-11 3.98E-11 4.26E-11 4.21E-11
 4.12E-11 3.92E-11 3.61E-11 3.15E-11 2.67E-11 2.40E-11
 2.32E-16 2.08E-14 6.74E-13 6.73E-12 1.61E-11 2.34E-11 2.48E-11 2.45E-11
 2.40E-11 2.30E-11 2.16E-11 1.94E-11 1.70E-11 1.57E-11
 1.74E-16 1.50E-14 4.41E-13 3.80E-12 9.75E-12 1.52E-11 1.62E-11 1.59E-11
 1.56E-11 1.48E-11 1.36E-11 1.18E-11 1.00E-11 9.08E-12
 1.20E-16 9.77E-15 2.89E-13 3.03E-12 8.59E-12 1.38E-11 1.47E-11 1.45E-11
 1.41E-11 1.33E-11 1.21E-11 1.04E-11 8.68E-12 7.75E-12
 1.09E-16 8.76E-15 2.63E-13 2.93E-12 8.44E-12 1.36E-11 1.45E-11 1.42E-11
 1.38E-11 1.30E-11 1.18E-11 1.01E-11 8.39E-12 7.48E-12
  51.2310    7  14 /pl=01:ss=31:pb= 1:sz=31/type=excit/ispb = t/isel =    9
 1.00E+10 1.00E+11 1.00E+12 1.00E+13 1.00E+14 1.00E+15 1.00E+16
 1.76E+01 2.65E+01 4.41E+01 8.82E+01 1.76E+02 4.41E+02 8.82E+02 1.32E+03
 1.76E+03 2.65E+03 4.41E+03 8.82E+03 1.76E+04 2.65E+04
 1.45E-16 1.40E-14 4.94E-13 6.24E-12 1.93E-11 3.27E-11 3.55E-11 3.49E-11
 3.41E-11 3.24E-11 2.95E-11 2.53E-11 2.10E-11 1.87E-11
 1.45E-16 1.40E-14 4.94E-13 6.24E-12 1.93E-11 3.26E-11 3.54E-11 3.48E-11
 3.40E-11 3.24E-11 2.94E-11 2.52E-11 2.10E-11 1.87E-11
 1.46E-16 1.40E-14 4.95E-13 6.24E-12 1.93E-11 3.24E-11 3.50E-11 3.44E-11
 3.36E-11 3.19E-11 2.91E-11 2.49E-11 2.08E-11 1.85E-11
 1.51E-16 1.45E-14 5.09E-13 6.48E-12 2.03E-11 3.44E-11 3.70E-11 3.63E-11
 3.52E-11 3.33E-11 3.02E-11 2.57E-11 2.12E-11 1.88E-11
 1.91E-16 1.75E-14 6.00E-13 7.44E-12 2.24E-11 3.66E-11 3.92E-11 3.84E-11
 3.73E-11 3.53E-11 3.22E-11 2.76E-11 2.29E-11 2.04E-11
 2.35E-16 2.04E-14 6.56E-13 7.59E-12 2.23E-11 3.62E-11 3.86E-11 3.78E-11
 3.67E-11 3.47E-11 3.16E-11 2.71E-11 2.25E-11 2.01E-11
 2.42E-16 2.07E-14 6.56E-13 7.57E-12 2.22E-11 3.59E-11 3.82E-11 3.74E-11
 3.62E-11 3.42E-11 3.11E-11 2.66E-11 2.21E-11 1.97E-11
  51.6677    7  14 /pl=01:ss=31:pb= 1:sz=31/type=excit/ispb = t/isel =   10
 1.00E+10 1.00E+11 1.00E+12 1.00E+13 1.00E+14 1.00E+15 1.00E+16
 1.76E+01 2.65E+01 4.41E+01 8.82E+01 1.76E+02 4.41E+02 8.82E+02 1.32E+03
 1.76E+03 2.65E+03 4.41E+03 8.82E+03 1.76E+04 2.65E+04
 4.57E-15 3.48E-13 1.02E-11 1.12E-10 3.23E-10 5.23E-10 5.61E-10 5.50E-10
 5.35E-10 5.03E-10 4.60E-10 3.93E-10 3.28E-10 2.91E-10
 4.56E-15 3.48E-13 1.02E-11 1.11E-10 3.21E-10 5.16E-10 5.53E-10 5.43E-10
 5.28E-10 4.97E-10 4.55E-10 3.89E-10 3.25E-10 2.89E-10
 4.54E-15 3.46E-13 1.01E-11 1.08E-10 2.98E-10 4.62E-10 4.92E-10 4.83E-10
 4.71E-10 4.46E-10 4.11E-10 3.56E-10 3.02E-10 2.70E-10
 4.33E-15 3.27E-13 9.32E-12 8.59E-11 2.02E-10 2.89E-10 3.04E-10 2.99E-10
 2.92E-10 2.79E-10 2.61E-10 2.31E-10 2.02E-10 1.85E-10
 3.37E-15 2.45E-13 6.40E-12 5.17E-11 1.28E-10 1.94E-10 2.05E-10 2.00E-10
 1.95E-10 1.84E-10 1.70E-10 1.47E-10 1.25E-10 1.13E-10
 2.45E-15 1.69E-13 4.39E-12 4.17E-11 1.13E-10 1.76E-10 1.86E-10 1.82E-10
 1.76E-10 1.66E-10 1.51E-10 1.29E-10 1.08E-10 9.65E-11
 2.26E-15 1.53E-13 4.02E-12 4.04E-11 1.11E-10 1.73E-10 1.82E-10 1.78E-10
 1.72E-10 1.62E-10 1.47E-10 1.26E-10 1.05E-10 9.30E-11
  51.9982    7  14 /pl=01:ss=31:pb= 1:sz=31/type=excit/ispb = t/isel =   11
 1.00E+10 1.00E+11 1.00E+12 1.00E+13 1.00E+14 1.00E+15 1.00E+16
 1.76E+01 2.65E+01 4.41E+01 8.82E+01 1.76E+02 4.41E+02 8.82E+02 1.32E+03
 1.76E+03 2.65E+03 4.41E+03 8.82E+03 1.76E+04 2.65E+04
 3.72E-16 3.36E-14 1.12E-12 1.37E-11 4.13E-11 6.89E-11 7.45E-11 7.34E-11
 7.17E-11 6.77E-11 6.18E-11 5.31E-11 4.41E-11 3.94E-11
 3.72E-16 3.35E-14 1.12E-12 1.36E-11 4.09E-11 6.79E-11 7.34E-11 7.24E-11
 7.06E-11 6.68E-11 6.10E-11 5.25E-11 4.37E-11 3.90E-11
 3.69E-16 3.33E-14 1.11E-12 1.31E-11 3.77E-11 6.00E-11 6.43E-11 6.35E-11
 6.21E-11 5.91E-11 5.45E-11 4.76E-11 4.02E-11 3.62E-11
 3.51E-16 3.14E-14 1.02E-12 1.02E-11 2.43E-11 3.53E-11 3.73E-11 3.69E-11
 3.62E-11 3.48E-11 3.26E-11 2.92E-11 2.56E-11 2.36E-11
 2.62E-16 2.26E-14 6.66E-13 5.74E-12 1.47E-11 2.29E-11 2.44E-11 2.40E-11
 2.35E-11 2.23E-11 2.05E-11 1.78E-11 1.51E-11 1.37E-11
 1.81E-16 1.47E-14 4.36E-13 4.57E-12 1.30E-11 2.08E-11 2.22E-11 2.18E-11
 2.12E-11 2.00E-11 1.83E-11 1.57E-11 1.31E-11 1.17E-11
 1.65E-16 1.32E-14 3.97E-13 4.42E-12 1.27E-11 2.05E-11 2.18E-11 2.14E-11
 2.08E-11 1.96E-11 1.78E-11 1.52E-11 1.27E-11 1.13E-11
  52.1418    7  14 /pl=01:ss=31:pb= 1:sz=31/type=excit/ispb = t/isel =   12
 1.00E+10 1.00E+11 1.00E+12 1.00E+13 1.00E+14 1.00E+15 1.00E+16
 1.76E+01 2.65E+01 4.41E+01 8.82E+01 1.76E+02 4.41E+02 8.82E+02 1.32E+03
 1.76E+03 2.65E+03 4.41E+03 8.82E+03 1.76E+04 2.65E+04
 1.36E-15 9.92E-14 2.82E-12 3.01E-11 8.60E-11 1.38E-10 1.47E-10 1.44E-10
 1.40E-10 1.33E-10 1.21E-10 1.03E-10 8.58E-11 7.63E-11
 1.35E-15 9.92E-14 2.82E-12 3.00E-11 8.53E-11 1.36E-10 1.45E-10 1.42E-10
 1.38E-10 1.31E-10 1.19E-10 1.02E-10 8.51E-11 7.57E-11
 1.35E-15 9.86E-14 2.79E-12 2.91E-11 7.91E-11 1.21E-10 1.28E-10 1.26E-10
 1.23E-10 1.17E-10 1.07E-10 9.33E-11 7.87E-11 7.06E-11
 1.29E-15 9.35E-14 2.58E-12 2.31E-11 5.35E-11 7.61E-11 7.95E-11 7.81E-11
 7.63E-11 7.31E-11 6.79E-11 6.03E-11 5.24E-11 4.80E-11
 1.01E-15 7.09E-14 1.80E-12 1.44E-11 3.58E-11 5.42E-11 5.70E-11 5.57E-11
 5.42E-11 5.14E-11 4.69E-11 4.06E-11 3.42E-11 3.07E-11
 7.76E-16 5.13E-14 1.30E-12 1.21E-11 3.26E-11 5.04E-11 5.30E-11 5.17E-11
 5.01E-11 4.74E-11 4.30E-11 3.68E-11 3.06E-11 2.72E-11
 7.30E-16 4.75E-14 1.21E-12 1.18E-11 3.21E-11 4.97E-11 5.21E-11 5.08E-11
 4.92E-11 4.64E-11 4.20E-11 3.58E-11 2.97E-11 2.64E-11
  52.6192    7  14 /pl=01:ss=31:pb= 1:sz=31/type=excit/ispb = t/isel =   13
 1.00E+10 1.00E+11 1.00E+12 1.00E+13 1.00E+14 1.00E+15 1.00E+16
 1.76E+01 2.65E+01 4.41E+01 8.82E+01 1.76E+02 4.41E+02 8.82E+02 1.32E+03
 1.76E+03 2.65E+03 4.41E+03 8.82E+03 1.76E+04 2.65E+04
 3.68E-15 2.58E-13 7.09E-12 7.41E-11 2.09E-10 3.33E-10 3.54E-10 3.47E-10
 3.37E-10 3.18E-10 2.90E-10 2.48E-10 2.05E-10 1.83E-10
 3.67E-15 2.58E-13 7.09E-12 7.39E-11 2.07E-10 3.30E-10 3.50E-10 3.43E-10
 3.33E-10 3.15E-10 2.87E-10 2.46E-10 2.04E-10 1.82E-10
 3.66E-15 2.57E-13 7.04E-12 7.20E-11 1.95E-10 3.01E-10 3.17E-10 3.11E-10
 3.03E-10 2.88E-10 2.64E-10 2.28E-10 1.92E-10 1.72E-10
 3.55E-15 2.48E-13 6.64E-12 5.97E-11 1.40E-10 1.99E-10 2.07E-10 2.03E-10
 1.98E-10 1.89E-10 1.76E-10 1.56E-10 1.35E-10 1.24E-10
 2.92E-15 1.96E-13 4.85E-12 3.77E-11 9.10E-11 1.36E-10 1.42E-10 1.39E-10
 1.35E-10 1.28E-10 1.17E-10 1.01E-10 8.56E-11 7.72E-11
 2.18E-15 1.38E-13 3.37E-12 3.07E-11 8.10E-11 1.24E-10 1.30E-10 1.27E-10
 1.23E-10 1.16E-10 1.05E-10 9.00E-11 7.48E-11 6.67E-11
 2.01E-15 1.25E-13 3.10E-12 2.98E-11 7.97E-11 1.22E-10 1.28E-10 1.24E-10
 1.20E-10 1.13E-10 1.03E-10 8.74E-11 7.24E-11 6.45E-11
  52.6774    7  14 /pl=01:ss=31:pb= 1:sz=31/type=excit/ispb = t/isel =   14
 1.00E+10 1.00E+11 1.00E+12 1.00E+13 1.00E+14 1.00E+15 1.00E+16
 1.76E+01 2.65E+01 4.41E+01 8.82E+01 1.76E+02 4.41E+02 8.82E+02 1.32E+03
 1.76E+03 2.65E+03 4.41E+03 8.82E+03 1.76E+04 2.65E+04
 7.33E-16 5.12E-14 1.40E-12 1.46E-11 4.10E-11 6.52E-11 6.94E-11 6.80E-11
 6.61E-11 6.25E-11 5.68E-11 4.87E-11 4.05E-11 3.60E-11
 7.33E-16 5.12E-14 1.40E-12 1.45E-11 4.09E-11 6.49E-11 6.90E-11 6.76E-11
 6.57E-11 6.22E-11 5.66E-11 4.84E-11 4.03E-11 3.59E-11
 7.33E-16 5.12E-14 1.39E-12 1.44E-11 3.99E-11 6.23E-11 6.60E-11 6.48E-11
 6.30E-11 5.97E-11 5.44E-11 4.68E-11 3.91E-11 3.50E-11
 7.43E-16 5.15E-14 1.39E-12 1.38E-11 3.73E-11 5.78E-11 6.09E-11 5.96E-11
 5.79E-11 5.47E-11 4.98E-11 4.28E-11 3.58E-11 3.20E-11
 8.20E-16 5.46E-14 1.41E-12 1.35E-11 3.58E-11 5.47E-11 5.74E-11 5.61E-11
 5.45E-11 5.15E-11 4.69E-11 4.03E-11 3.37E-11 3.01E-11
 8.78E-16 5.55E-14 1.37E-12 1.29E-11 3.44E-11 5.26E-11 5.51E-11 5.37E-11
 5.21E-11 4.91E-11 4.47E-11 3.82E-11 3.18E-11 2.84E-11
 8.74E-16 5.42E-14 1.33E-12 1.28E-11 3.41E-11 5.20E-11 5.44E-11 5.29E-11
 5.13E-11 4.83E-11 4.38E-11 3.74E-11 3.11E-11 2.77E-11
  52.8461    7  14 /pl=01:ss=31:pb= 1:sz=31/type=excit/ispb = t/isel =   15
 1.00E+10 1.00E+11 1.00E+12 1.00E+13 1.00E+14 1.00E+15 1.00E+16
 1.76E+01 2.65E+01 4.41E+01 8.82E+01 1.76E+02 4.41E+02 8.82E+02 1.32E+03
 1.76E+03 2.65E+03 4.41E+03 8.82E+03 1.76E+04 2.65E+04
 3.52E-16 3.17E-14 1.06E-12 1.29E-11 3.90E-11 6.52E-11 7.05E-11 6.95E-11
 6.78E-11 6.40E-11 5.84E-11 5.02E-11 4.17E-11 3.72E-11
 3.51E-16 3.17E-14 1.06E-12 1.29E-11 3.87E-11 6.42E-11 6.94E-11 6.84E-11
 6.68E-11 6.31E-11 5.77E-11 4.97E-11 4.14E-11 3.69E-11
 3.49E-16 3.15E-14 1.05E-12 1.24E-11 3.56E-11 5.67E-11 6.08E-11 6.00E-11
 5.88E-11 5.59E-11 5.15E-11 4.50E-11 3.80E-11 3.42E-11
 3.32E-16 2.97E-14 9.62E-13 9.60E-12 2.30E-11 3.34E-11 3.53E-11 3.49E-11
 3.43E-11 3.29E-11 3.08E-11 2.76E-11 2.42E-11 2.23E-11
 2.48E-16 2.13E-14 6.29E-13 5.43E-12 1.39E-11 2.17E-11 2.31E-11 2.27E-11
 2.22E-11 2.10E-11 1.94E-11 1.69E-11 1.43E-11 1.29E-11
 1.71E-16 1.39E-14 4.12E-13 4.32E-12 1.22E-11 1.97E-11 2.10E-11 2.06E-11
 2.01E-11 1.89E-11 1.73E-11 1.48E-11 1.24E-11 1.11E-11
 1.56E-16 1.25E-14 3.76E-13 4.18E-12 1.20E-11 1.94E-11 2.06E-11 2.02E-11
 1.96E-11 1.85E-11 1.68E-11 1.44E-11 1.20E-11 1.07E-11
  52.9374    7  14 /pl=01:ss=31:pb= 1:sz=31/type=excit/ispb = t/isel =   16
 1.00E+10 1.00E+11 1.00E+12 1.00E+13 1.00E+14 1.00E+15 1.00E+16
 1.76E+01 2.65E+01 4.41E+01 8.82E+01 1.76E+02 4.41E+02 8.82E+02 1.32E+03
 1.76E+03 2.65E+03 4.41E+03 8.82E+03 1.76E+04 2.65E+04
 4.24E-16 2.98E-14 8.17E-13 8.53E-12 2.40E-11 3.84E-11 4.08E-11 4.00E-11
 3.88E-11 3.67E-11 3.34E-11 2.86E-11 2.37E-11 2.11E-11
 4.24E-16 2.97E-14 8.17E-13 8.51E-12 2.39E-11 3.80E-11 4.03E-11 3.95E-11
 3.84E-11 3.63E-11 3.31E-11 2.83E-11 2.35E-11 2.10E-11
 4.22E-16 2.96E-14 8.12E-13 8.30E-12 2.25E-11 3.46E-11 3.66E-11 3.59E-11
 3.49E-11 3.31E-11 3.04E-11 2.63E-11 2.21E-11 1.98E-11
 4.09E-16 2.85E-14 7.65E-13 6.88E-12 1.61E-11 2.29E-11 2.38E-11 2.34E-11
 2.28E-11 2.18E-11 2.03E-11 1.80E-11 1.56E-11 1.42E-11
 3.37E-16 2.26E-14 5.59E-13 4.35E-12 1.05E-11 1.56E-11 1.64E-11 1.60E-11
 1.55E-11 1.47E-11 1.35E-11 1.17E-11 9.86E-12 8.90E-12
 2.51E-16 1.59E-14 3.89E-13 3.54E-12 9.33E-12 1.43E-11 1.50E-11 1.46E-11
 1.41E-11 1.33E-11 1.21E-11 1.04E-11 8.62E-12 7.69E-12
 2.31E-16 1.44E-14 3.57E-13 3.43E-12 9.18E-12 1.41E-11 1.47E-11 1.43E-11
 1.39E-11 1.30E-11 1.18E-11 1.01E-11 8.35E-12 7.43E-12
  53.0780    7  14 /pl=01:ss=31:pb= 1:sz=31/type=excit/ispb = t/isel =   17
 1.00E+10 1.00E+11 1.00E+12 1.00E+13 1.00E+14 1.00E+15 1.00E+16
 1.76E+01 2.65E+01 4.41E+01 8.82E+01 1.76E+02 4.41E+02 8.82E+02 1.32E+03
 1.76E+03 2.65E+03 4.41E+03 8.82E+03 1.76E+04 2.65E+04
 1.39E-15 1.06E-13 3.10E-12 3.40E-11 9.83E-11 1.59E-10 1.71E-10 1.67E-10
 1.63E-10 1.53E-10 1.40E-10 1.19E-10 9.96E-11 8.85E-11
 1.39E-15 1.06E-13 3.10E-12 3.39E-11 9.75E-11 1.57E-10 1.68E-10 1.65E-10
 1.61E-10 1.51E-10 1.38E-10 1.18E-10 9.88E-11 8.79E-11
 1.38E-15 1.05E-13 3.07E-12 3.28E-11 9.05E-11 1.41E-10 1.49E-10 1.47E-10
 1.43E-10 1.36E-10 1.25E-10 1.08E-10 9.17E-11 8.22E-11
 1.32E-15 9.96E-14 2.83E-12 2.61E-11 6.14E-11 8.80E-11 9.24E-11 9.09E-11
 8.89E-11 8.48E-11 7.93E-11 7.04E-11 6.15E-11 5.63E-11
 1.02E-15 7.45E-14 1.95E-12 1.57E-11 3.89E-11 5.89E-11 6.22E-11 6.09E-11
 5.93E-11 5.61E-11 5.16E-11 4.47E-11 3.80E-11 3.43E-11
 7.45E-16 5.13E-14 1.33E-12 1.27E-11 3.43E-11 5.35E-11 5.66E-11 5.52E-11
 5.36E-11 5.04E-11 4.60E-11 3.93E-11 3.29E-11 2.93E-11
 6.86E-16 4.65E-14 1.22E-12 1.23E-11 3.37E-11 5.26E-11 5.55E-11 5.41E-11
 5.24E-11 4.92E-11 4.48E-11 3.82E-11 3.18E-11 2.83E-11
  53.2485    7  14 /pl=01:ss=31:pb= 1:sz=31/type=excit/ispb = t/isel =   18
 1.00E+10 1.00E+11 1.00E+12 1.00E+13 1.00E+14 1.00E+15 1.00E+16
 1.76E+01 2.65E+01 4.41E+01 8.82E+01 1.76E+02 4.41E+02 8.82E+02 1.32E+03
 1.76E+03 2.65E+03 4.41E+03 8.82E+03 1.76E+04 2.65E+04
 2.47E-16 2.14E-14 6.99E-13 8.33E-12 2.51E-11 4.14E-11 4.48E-11 4.41E-11
 4.29E-11 4.08E-11 3.71E-11 3.19E-11 2.65E-11 2.36E-11
 2.47E-16 2.14E-14 6.99E-13 8.31E-12 2.49E-11 4.10E-11 4.43E-11 4.37E-11
 4.25E-11 4.04E-11 3.68E-11 3.16E-11 2.63E-11 2.34E-11
 2.46E-16 2.13E-14 6.93E-13 8.10E-12 2.35E-11 3.77E-11 4.05E-11 4.00E-11
 3.89E-11 3.72E-11 3.41E-11 2.96E-11 2.48E-11 2.22E-11
 2.37E-16 2.04E-14 6.49E-13 6.83E-12 1.83E-11 2.88E-11 3.09E-11 3.05E-11
 2.97E-11 2.84E-11 2.61E-11 2.27E-11 1.93E-11 1.74E-11
 2.07E-16 1.71E-14 5.19E-13 5.47E-12 1.56E-11 2.55E-11 2.75E-11 2.71E-11
 2.63E-11 2.50E-11 2.28E-11 1.95E-11 1.63E-11 1.45E-11
 2.10E-16 1.65E-14 4.86E-13 5.26E-12 1.52E-11 2.48E-11 2.66E-11 2.62E-11
 2.54E-11 2.41E-11 2.19E-11 1.87E-11 1.55E-11 1.38E-11
 2.16E-16 1.67E-14 4.85E-13 5.23E-12 1.51E-11 2.45E-11 2.63E-11 2.58E-11
 2.50E-11 2.37E-11 2.15E-11 1.83E-11 1.52E-11 1.35E-11
  53.2784    7  14 /pl=01:ss=31:pb= 1:sz=31/type=excit/ispb = t/isel =   19
 1.00E+10 1.00E+11 1.00E+12 1.00E+13 1.00E+14 1.00E+15 1.00E+16
 1.76E+01 2.65E+01 4.41E+01 8.82E+01 1.76E+02 4.41E+02 8.82E+02 1.32E+03
 1.76E+03 2.65E+03 4.41E+03 8.82E+03 1.76E+04 2.65E+04
 7.79E-16 5.47E-14 1.50E-12 1.57E-11 4.42E-11 7.06E-11 7.50E-11 7.35E-11
 7.14E-11 6.74E-11 6.14E-11 5.25E-11 4.35E-11 3.88E-11
 7.79E-16 5.47E-14 1.50E-12 1.56E-11 4.39E-11 6.98E-11 7.42E-11 7.27E-11
 7.06E-11 6.67E-11 6.08E-11 5.21E-11 4.32E-11 3.85E-11
 7.76E-16 5.45E-14 1.49E-12 1.53E-11 4.13E-11 6.37E-11 6.72E-11 6.59E-11
 6.42E-11 6.09E-11 5.59E-11 4.84E-11 4.06E-11 3.64E-11
 7.52E-16 5.25E-14 1.41E-12 1.27E-11 2.96E-11 4.21E-11 4.38E-11 4.30E-11
 4.20E-11 4.01E-11 3.73E-11 3.31E-11 2.86E-11 2.62E-11
 6.19E-16 4.16E-14 1.03E-12 7.99E-12 1.93E-11 2.87E-11 3.01E-11 2.94E-11
 2.85E-11 2.70E-11 2.48E-11 2.15E-11 1.81E-11 1.64E-11
 4.61E-16 2.93E-14 7.15E-13 6.50E-12 1.72E-11 2.63E-11 2.75E-11 2.68E-11
 2.60E-11 2.45E-11 2.23E-11 1.91E-11 1.58E-11 1.41E-11
 4.25E-16 2.66E-14 6.56E-13 6.31E-12 1.69E-11 2.59E-11 2.70E-11 2.63E-11
 2.55E-11 2.40E-11 2.17E-11 1.85E-11 1.53E-11 1.37E-11
  53.3036    7  14 /pl=01:ss=31:pb= 1:sz=31/type=excit/ispb = t/isel =   20
 1.00E+10 1.00E+11 1.00E+12 1.00E+13 1.00E+14 1.00E+15 1.00E+16
 1.76E+01 2.65E+01 4.41E+01 8.82E+01 1.76E+02 4.41E+02 8.82E+02 1.32E+03
 1.76E+03 2.65E+03 4.41E+03 8.82E+03 1.76E+04 2.65E+04
 7.17E-16 4.77E-14 1.25E-12 1.26E-11 3.52E-11 5.59E-11 5.93E-11 5.81E-11
 5.64E-11 5.33E-11 4.86E-11 4.15E-11 3.44E-11 3.06E-11
 7.17E-16 4.77E-14 1.25E-12 1.26E-11 3.51E-11 5.59E-11 5.92E-11 5.80E-11
 5.63E-11 5.32E-11 4.85E-11 4.14E-11 3.43E-11 3.05E-11
 7.18E-16 4.78E-14 1.25E-12 1.26E-11 3.49E-11 5.49E-11 5.80E-11 5.69E-11
 5.52E-11 5.22E-11 4.77E-11 4.09E-11 3.39E-11 3.02E-11
 7.25E-16 4.80E-14 1.25E-12 1.22E-11 3.13E-11 4.66E-11 4.86E-11 4.77E-11
 4.64E-11 4.41E-11 4.06E-11 3.53E-11 2.99E-11 2.70E-11
 7.28E-16 4.65E-14 1.14E-12 9.78E-12 2.44E-11 3.66E-11 3.83E-11 3.75E-11
 3.63E-11 3.44E-11 3.14E-11 2.71E-11 2.27E-11 2.04E-11
 6.68E-16 4.01E-14 9.48E-13 8.58E-12 2.25E-11 3.43E-11 3.59E-11 3.50E-11
 3.38E-11 3.19E-11 2.90E-11 2.48E-11 2.06E-11 1.84E-11
 6.47E-16 3.82E-14 9.02E-13 8.40E-12 2.22E-11 3.39E-11 3.53E-11 3.44E-11
 3.32E-11 3.13E-11 2.84E-11 2.42E-11 2.00E-11 1.78E-11
  53.6301    7  14 /pl=01:ss=31:pb= 1:sz=31/type=excit/ispb = t/isel =   21
 1.00E+10 1.00E+11 1.00E+12 1.00E+13 1.00E+14 1.00E+15 1.00E+16
 1.76E+01 2.65E+01 4.41E+01 8.82E+01 1.76E+02 4.41E+02 8.82E+02 1.32E+03
 1.76E+03 2.65E+03 4.41E+03 8.82E+03 1.76E+04 2.65E+04
 4.43E-16 2.95E-14 7.73E-13 7.80E-12 2.17E-11 3.46E-11 3.66E-11 3.59E-11
 3.49E-11 3.29E-11 3.00E-11 2.56E-11 2.12E-11 1.89E-11
 4.43E-16 2.95E-14 7.73E-13 7.80E-12 2.17E-11 3.45E-11 3.66E-11 3.59E-11
 3.48E-11 3.29E-11 3.00E-11 2.56E-11 2.12E-11 1.89E-11
 4.44E-16 2.95E-14 7.74E-13 7.79E-12 2.16E-11 3.39E-11 3.59E-11 3.52E-11
 3.41E-11 3.23E-11 2.95E-11 2.52E-11 2.10E-11 1.87E-11
 4.48E-16 2.97E-14 7.74E-13 7.52E-12 1.93E-11 2.88E-11 3.01E-11 2.95E-11
 2.86E-11 2.72E-11 2.51E-11 2.18E-11 1.85E-11 1.67E-11
 4.50E-16 2.87E-14 7.07E-13 6.04E-12 1.51E-11 2.26E-11 2.37E-11 2.32E-11
 2.24E-11 2.12E-11 1.94E-11 1.67E-11 1.41E-11 1.26E-11
 4.13E-16 2.48E-14 5.86E-13 5.30E-12 1.39E-11 2.12E-11 2.22E-11 2.16E-11
 2.09E-11 1.97E-11 1.79E-11 1.53E-11 1.27E-11 1.13E-11
 4.00E-16 2.36E-14 5.57E-13 5.19E-12 1.37E-11 2.09E-11 2.18E-11 2.13E-11
 2.05E-11 1.93E-11 1.76E-11 1.50E-11 1.24E-11 1.10E-11
  53.8566    7  14 /pl=01:ss=31:pb= 1:sz=31/type=excit/ispb = t/isel =   22
 1.00E+10 1.00E+11 1.00E+12 1.00E+13 1.00E+14 1.00E+15 1.00E+16
 1.76E+01 2.65E+01 4.41E+01 8.82E+01 1.76E+02 4.41E+02 8.82E+02 1.32E+03
 1.76E+03 2.65E+03 4.41E+03 8.82E+03 1.76E+04 2.65E+04
 2.81E-16 2.54E-14 8.48E-13 1.03E-11 3.12E-11 5.21E-11 5.63E-11 5.55E-11
 5.41E-11 5.11E-11 4.67E-11 4.01E-11 3.33E-11 2.97E-11
 2.81E-16 2.53E-14 8.48E-13 1.03E-11 3.09E-11 5.13E-11 5.55E-11 5.47E-11
 5.33E-11 5.04E-11 4.61E-11 3.97E-11 3.30E-11 2.95E-11
 2.79E-16 2.52E-14 8.39E-13 9.92E-12 2.85E-11 4.53E-11 4.86E-11 4.80E-11
 4.69E-11 4.46E-11 4.12E-11 3.59E-11 3.04E-11 2.73E-11
 2.65E-16 2.37E-14 7.68E-13 7.67E-12 1.83E-11 2.67E-11 2.82E-11 2.79E-11
 2.74E-11 2.63E-11 2.46E-11 2.21E-11 1.93E-11 1.78E-11
 1.98E-16 1.70E-14 5.03E-13 4.33E-12 1.11E-11 1.73E-11 1.85E-11 1.82E-11
 1.77E-11 1.68E-11 1.55E-11 1.35E-11 1.14E-11 1.03E-11
 1.36E-16 1.11E-14 3.30E-13 3.45E-12 9.78E-12 1.57E-11 1.68E-11 1.65E-11
 1.60E-11 1.51E-11 1.38E-11 1.19E-11 9.89E-12 8.83E-12
 1.25E-16 9.98E-15 3.00E-13 3.34E-12 9.62E-12 1.55E-11 1.65E-11 1.61E-11
 1.57E-11 1.48E-11 1.34E-11 1.15E-11 9.56E-12 8.52E-12
  54.2609    7  14 /pl=01:ss=31:pb= 1:sz=31/type=excit/ispb = t/isel =   23
 1.00E+10 1.00E+11 1.00E+12 1.00E+13 1.00E+14 1.00E+15 1.00E+16
 1.76E+01 2.65E+01 4.41E+01 8.82E+01 1.76E+02 4.41E+02 8.82E+02 1.32E+03
 1.76E+03 2.65E+03 4.41E+03 8.82E+03 1.76E+04 2.65E+04
 4.92E-16 3.02E-14 7.43E-13 7.17E-12 1.94E-11 3.05E-11 3.22E-11 3.15E-11
 3.06E-11 2.88E-11 2.63E-11 2.24E-11 1.87E-11 1.67E-11
 4.91E-16 3.01E-14 7.42E-13 7.15E-12 1.93E-11 3.01E-11 3.18E-11 3.12E-11
 3.03E-11 2.85E-11 2.61E-11 2.22E-11 1.85E-11 1.65E-11
 4.89E-16 3.00E-14 7.36E-13 6.94E-12 1.80E-11 2.74E-11 2.88E-11 2.82E-11
 2.75E-11 2.60E-11 2.39E-11 2.06E-11 1.74E-11 1.56E-11
 4.68E-16 2.85E-14 6.82E-13 5.66E-12 1.31E-11 1.94E-11 2.05E-11 2.01E-11
 1.96E-11 1.87E-11 1.72E-11 1.50E-11 1.28E-11 1.16E-11
 3.85E-16 2.25E-14 5.06E-13 4.04E-12 1.02E-11 1.58E-11 1.69E-11 1.66E-11
 1.61E-11 1.52E-11 1.39E-11 1.19E-11 9.91E-12 8.85E-12
 3.48E-16 1.92E-14 4.25E-13 3.69E-12 9.63E-12 1.51E-11 1.61E-11 1.58E-11
 1.54E-11 1.45E-11 1.31E-11 1.12E-11 9.24E-12 8.20E-12
 3.47E-16 1.89E-14 4.16E-13 3.65E-12 9.55E-12 1.50E-11 1.59E-11 1.56E-11
 1.51E-11 1.42E-11 1.29E-11 1.09E-11 9.02E-12 7.99E-12
  55.1042    7  14 /pl=01:ss=31:pb= 1:sz=31/type=excit/ispb = t/isel =   24
 1.00E+10 1.00E+11 1.00E+12 1.00E+13 1.00E+14 1.00E+15 1.00E+16
 1.76E+01 2.65E+01 4.41E+01 8.82E+01 1.76E+02 4.41E+02 8.82E+02 1.32E+03
 1.76E+03 2.65E+03 4.41E+03 8.82E+03 1.76E+04 2.65E+04
 1.35E-15 9.47E-14 2.58E-12 2.69E-11 7.59E-11 1.21E-10 1.28E-10 1.26E-10
 1.22E-10 1.16E-10 1.05E-10 8.99E-11 7.48E-11 6.66E-11
 1.35E-15 9.47E-14 2.58E-12 2.69E-11 7.56E-11 1.20E-10 1.27E-10 1.25E-10
 1.22E-10 1.15E-10 1.05E-10 8.96E-11 7.46E-11 6.64E-11
 1.36E-15 9.47E-14 2.58E-12 2.66E-11 7.37E-11 1.15E-10 1.22E-10 1.20E-10
 1.16E-10 1.10E-10 1.01E-10 8.65E-11 7.24E-11 6.46E-11
 1.37E-15 9.51E-14 2.56E-12 2.55E-11 6.89E-11 1.07E-10 1.13E-10 1.10E-10
 1.07E-10 1.01E-10 9.21E-11 7.91E-11 6.61E-11 5.91E-11
 1.52E-15 1.01E-13 2.61E-12 2.49E-11 6.62E-11 1.01E-10 1.06E-10 1.04E-10
 1.01E-10 9.52E-11 8.67E-11 7.44E-11 6.22E-11 5.56E-11
 1.62E-15 1.03E-13 2.53E-12 2.39E-11 6.36E-11 9.73E-11 1.02E-10 9.94E-11
 9.63E-11 9.08E-11 8.26E-11 7.06E-11 5.89E-11 5.25E-11
 1.62E-15 1.00E-13 2.47E-12 2.36E-11 6.30E-11 9.62E-11 1.00E-10 9.79E-11
 9.48E-11 8.93E-11 8.10E-11 6.91E-11 5.74E-11 5.11E-11
  55.7898    7  14 /pl=01:ss=31:pb= 1:sz=31/type=excit/ispb = t/isel =   25
 1.00E+10 1.00E+11 1.00E+12 1.00E+13 1.00E+14 1.00E+15 1.00E+16
 1.76E+01 2.65E+01 4.41E+01 8.82E+01 1.76E+02 4.41E+02 8.82E+02 1.32E+03
 1.76E+03 2.65E+03 4.41E+03 8.82E+03 1.76E+04 2.65E+04
 4.10E-16 2.73E-14 7.16E-13 7.22E-12 2.01E-11 3.20E-11 3.39E-11 3.32E-11
 3.23E-11 3.05E-11 2.78E-11 2.37E-11 1.97E-11 1.75E-11
 4.10E-16 2.73E-14 7.16E-13 7.22E-12 2.01E-11 3.20E-11 3.39E-11 3.32E-11
 3.22E-11 3.04E-11 2.77E-11 2.37E-11 1.96E-11 1.75E-11
 4.11E-16 2.73E-14 7.16E-13 7.21E-12 1.99E-11 3.14E-11 3.32E-11 3.25E-11
 3.16E-11 2.99E-11 2.73E-11 2.34E-11 1.94E-11 1.73E-11
 4.15E-16 2.75E-14 7.16E-13 6.96E-12 1.79E-11 2.66E-11 2.78E-11 2.73E-11
 2.65E-11 2.52E-11 2.32E-11 2.02E-11 1.71E-11 1.54E-11
 4.17E-16 2.66E-14 6.55E-13 5.59E-12 1.40E-11 2.10E-11 2.19E-11 2.14E-11
 2.08E-11 1.97E-11 1.80E-11 1.55E-11 1.30E-11 1.17E-11
 3.82E-16 2.29E-14 5.42E-13 4.91E-12 1.29E-11 1.96E-11 2.05E-11 2.00E-11
 1.94E-11 1.83E-11 1.66E-11 1.42E-11 1.18E-11 1.05E-11
 3.70E-16 2.18E-14 5.16E-13 4.81E-12 1.27E-11 1.94E-11 2.02E-11 1.97E-11
 1.90E-11 1.79E-11 1.62E-11 1.38E-11 1.15E-11 1.02E-11
  55.8489    7  14 /pl=01:ss=31:pb= 1:sz=31/type=excit/ispb = t/isel =   26
 1.00E+10 1.00E+11 1.00E+12 1.00E+13 1.00E+14 1.00E+15 1.00E+16
 1.76E+01 2.65E+01 4.41E+01 8.82E+01 1.76E+02 4.41E+02 8.82E+02 1.32E+03
 1.76E+03 2.65E+03 4.41E+03 8.82E+03 1.76E+04 2.65E+04
 7.82E-16 4.23E-14 9.45E-13 8.46E-12 2.20E-11 3.34E-11 3.49E-11 3.41E-11
 3.30E-11 3.12E-11 2.84E-11 2.43E-11 2.03E-11 1.80E-11
 7.82E-16 4.23E-14 9.45E-13 8.46E-12 2.20E-11 3.33E-11 3.49E-11 3.40E-11
 3.30E-11 3.11E-11 2.84E-11 2.43E-11 2.02E-11 1.80E-11
 7.84E-16 4.23E-14 9.45E-13 8.45E-12 2.19E-11 3.30E-11 3.45E-11 3.37E-11
 3.26E-11 3.08E-11 2.81E-11 2.41E-11 2.01E-11 1.79E-11
 8.01E-16 4.29E-14 9.54E-13 8.53E-12 2.21E-11 3.31E-11 3.44E-11 3.35E-11
 3.25E-11 3.06E-11 2.79E-11 2.39E-11 1.99E-11 1.77E-11
 9.34E-16 4.81E-14 1.03E-12 8.79E-12 2.17E-11 3.16E-11 3.27E-11 3.18E-11
 3.08E-11 2.91E-11 2.65E-11 2.28E-11 1.92E-11 1.71E-11
 1.06E-15 5.15E-14 1.04E-12 8.48E-12 2.09E-11 3.04E-11 3.14E-11 3.05E-11
 2.95E-11 2.78E-11 2.53E-11 2.17E-11 1.81E-11 1.62E-11
 1.06E-15 5.11E-14 1.02E-12 8.39E-12 2.07E-11 3.01E-11 3.09E-11 3.00E-11
 2.90E-11 2.73E-11 2.48E-11 2.12E-11 1.77E-11 1.57E-11
  56.4829    7  14 /pl=01:ss=31:pb= 1:sz=31/type=excit/ispb = t/isel =   27
 1.00E+10 1.00E+11 1.00E+12 1.00E+13 1.00E+14 1.00E+15 1.00E+16
 1.76E+01 2.65E+01 4.41E+01 8.82E+01 1.76E+02 4.41E+02 8.82E+02 1.32E+03
 1.76E+03 2.65E+03 4.41E+03 8.82E+03 1.76E+04 2.65E+04
 7.12E-16 3.70E-14 7.95E-13 6.95E-12 1.85E-11 2.99E-11 3.23E-11 3.18E-11
 3.10E-11 2.92E-11 2.64E-11 2.24E-11 1.84E-11 1.63E-11
 7.12E-16 3.69E-14 7.94E-13 6.92E-12 1.83E-11 2.95E-11 3.19E-11 3.14E-11
 3.06E-11 2.88E-11 2.61E-11 2.22E-11 1.83E-11 1.62E-11
 7.08E-16 3.67E-14 7.87E-13 6.70E-12 1.70E-11 2.64E-11 2.84E-11 2.80E-11
 2.73E-11 2.59E-11 2.37E-11 2.03E-11 1.70E-11 1.51E-11
 6.74E-16 3.47E-14 7.24E-13 5.26E-12 1.13E-11 1.65E-11 1.77E-11 1.76E-11
 1.72E-11 1.65E-11 1.52E-11 1.34E-11 1.15E-11 1.04E-11
 5.13E-16 2.54E-14 4.85E-13 3.10E-12 7.20E-12 1.15E-11 1.25E-11 1.24E-11
 1.21E-11 1.14E-11 1.04E-11 8.90E-12 7.41E-12 6.61E-12
 3.69E-16 1.73E-14 3.31E-13 2.52E-12 6.44E-12 1.06E-11 1.16E-11 1.15E-11
 1.12E-11 1.05E-11 9.51E-12 8.03E-12 6.59E-12 5.82E-12
 3.43E-16 1.58E-14 3.05E-13 2.45E-12 6.35E-12 1.04E-11 1.14E-11 1.12E-11
 1.09E-11 1.03E-11 9.29E-12 7.83E-12 6.39E-12 5.63E-12
  56.5649    7  14 /pl=01:ss=31:pb= 1:sz=31/type=excit/ispb = t/isel =   28
 1.00E+10 1.00E+11 1.00E+12 1.00E+13 1.00E+14 1.00E+15 1.00E+16
 1.76E+01 2.65E+01 4.41E+01 8.82E+01 1.76E+02 4.41E+02 8.82E+02 1.32E+03
 1.76E+03 2.65E+03 4.41E+03 8.82E+03 1.76E+04 2.65E+04
 2.93E-16 2.15E-14 6.10E-13 6.51E-12 1.86E-11 2.98E-11 3.18E-11 3.12E-11
 3.03E-11 2.87E-11 2.61E-11 2.23E-11 1.85E-11 1.65E-11
 2.93E-16 2.14E-14 6.09E-13 6.49E-12 1.84E-11 2.94E-11 3.14E-11 3.08E-11
 2.99E-11 2.83E-11 2.58E-11 2.21E-11 1.84E-11 1.64E-11
 2.91E-16 2.13E-14 6.04E-13 6.29E-12 1.71E-11 2.62E-11 2.78E-11 2.72E-11
 2.66E-11 2.53E-11 2.32E-11 2.02E-11 1.70E-11 1.53E-11
 2.78E-16 2.02E-14 5.58E-13 4.99E-12 1.16E-11 1.65E-11 1.72E-11 1.69E-11
 1.65E-11 1.58E-11 1.47E-11 1.30E-11 1.13E-11 1.04E-11
 2.19E-16 1.53E-14 3.89E-13 3.11E-12 7.74E-12 1.17E-11 1.23E-11 1.21E-11
 1.17E-11 1.11E-11 1.01E-11 8.77E-12 7.39E-12 6.65E-12
 1.68E-16 1.11E-14 2.80E-13 2.62E-12 7.04E-12 1.09E-11 1.15E-11 1.12E-11
 1.08E-11 1.02E-11 9.29E-12 7.95E-12 6.61E-12 5.89E-12
 1.58E-16 1.03E-14 2.62E-13 2.56E-12 6.95E-12 1.07E-11 1.13E-11 1.10E-11
 1.06E-11 1.00E-11 9.08E-12 7.74E-12 6.42E-12 5.70E-12
  57.5004    7  14 /pl=01:ss=31:pb= 1:sz=31/type=excit/ispb = t/isel =   29
 1.00E+10 1.00E+11 1.00E+12 1.00E+13 1.00E+14 1.00E+15 1.00E+16
 1.76E+01 2.65E+01 4.41E+01 8.82E+01 1.76E+02 4.41E+02 8.82E+02 1.32E+03
 1.76E+03 2.65E+03 4.41E+03 8.82E+03 1.76E+04 2.65E+04
 9.69E-16 5.24E-14 1.17E-12 1.05E-11 2.73E-11 4.14E-11 4.33E-11 4.23E-11
 4.09E-11 3.86E-11 3.52E-11 3.01E-11 2.51E-11 2.23E-11
 9.69E-16 5.24E-14 1.17E-12 1.05E-11 2.73E-11 4.13E-11 4.32E-11 4.22E-11
 4.08E-11 3.86E-11 3.51E-11 3.01E-11 2.51E-11 2.23E-11
 9.71E-16 5.25E-14 1.17E-12 1.05E-11 2.71E-11 4.09E-11 4.28E-11 4.17E-11
 4.04E-11 3.82E-11 3.48E-11 2.98E-11 2.49E-11 2.22E-11
 9.93E-16 5.32E-14 1.18E-12 1.06E-11 2.74E-11 4.10E-11 4.26E-11 4.15E-11
 4.02E-11 3.80E-11 3.46E-11 2.96E-11 2.47E-11 2.20E-11
 1.16E-15 5.96E-14 1.28E-12 1.09E-11 2.69E-11 3.92E-11 4.05E-11 3.94E-11
 3.82E-11 3.60E-11 3.29E-11 2.83E-11 2.37E-11 2.12E-11
 1.31E-15 6.39E-14 1.29E-12 1.05E-11 2.59E-11 3.77E-11 3.89E-11 3.77E-11
 3.65E-11 3.44E-11 3.13E-11 2.69E-11 2.25E-11 2.00E-11
 1.32E-15 6.33E-14 1.27E-12 1.04E-11 2.57E-11 3.73E-11 3.83E-11 3.72E-11
 3.59E-11 3.38E-11 3.07E-11 2.63E-11 2.19E-11 1.95E-11
  58.5843    7  14 /pl=01:ss=31:pb= 1:sz=31/type=excit/ispb = t/isel =   30
 1.00E+10 1.00E+11 1.00E+12 1.00E+13 1.00E+14 1.00E+15 1.00E+16
 1.76E+01 2.65E+01 4.41E+01 8.82E+01 1.76E+02 4.41E+02 8.82E+02 1.32E+03
 1.76E+03 2.65E+03 4.41E+03 8.82E+03 1.76E+04 2.65E+04
 1.19E-15 6.43E-14 1.44E-12 1.29E-11 3.35E-11 5.08E-11 5.31E-11 5.19E-11
 5.02E-11 4.75E-11 4.32E-11 3.70E-11 3.08E-11 2.74E-11
 1.19E-15 6.43E-14 1.44E-12 1.29E-11 3.35E-11 5.07E-11 5.31E-11 5.18E-11
 5.01E-11 4.74E-11 4.31E-11 3.70E-11 3.08E-11 2.74E-11
 1.19E-15 6.44E-14 1.44E-12 1.29E-11 3.33E-11 5.03E-11 5.25E-11 5.13E-11
 4.96E-11 4.69E-11 4.27E-11 3.66E-11 3.06E-11 2.72E-11
 1.22E-15 6.53E-14 1.45E-12 1.30E-11 3.36E-11 5.03E-11 5.23E-11 5.10E-11
 4.94E-11 4.66E-11 4.24E-11 3.64E-11 3.03E-11 2.70E-11
 1.42E-15 7.32E-14 1.57E-12 1.34E-11 3.30E-11 4.81E-11 4.97E-11 4.84E-11
 4.68E-11 4.43E-11 4.04E-11 3.47E-11 2.91E-11 2.61E-11
 1.61E-15 7.84E-14 1.59E-12 1.29E-11 3.17E-11 4.63E-11 4.77E-11 4.63E-11
 4.48E-11 4.23E-11 3.85E-11 3.30E-11 2.76E-11 2.46E-11
 1.62E-15 7.77E-14 1.56E-12 1.28E-11 3.15E-11 4.58E-11 4.71E-11 4.57E-11
 4.41E-11 4.15E-11 3.77E-11 3.23E-11 2.69E-11 2.40E-11
  60.8403    7  14 /pl=01:ss=31:pb= 1:sz=31/type=excit/ispb = t/isel =   31
 1.00E+10 1.00E+11 1.00E+12 1.00E+13 1.00E+14 1.00E+15 1.00E+16
 1.76E+01 2.65E+01 4.41E+01 8.82E+01 1.76E+02 4.41E+02 8.82E+02 1.32E+03
 1.76E+03 2.65E+03 4.41E+03 8.82E+03 1.76E+04 2.65E+04
 3.07E-15 1.18E-13 2.00E-12 1.46E-11 3.43E-11 4.94E-11 5.06E-11 4.89E-11
 4.72E-11 4.43E-11 4.00E-11 3.40E-11 2.82E-11 2.50E-11
 3.07E-15 1.18E-13 2.00E-12 1.46E-11 3.41E-11 4.89E-11 5.00E-11 4.83E-11
 4.66E-11 4.38E-11 3.96E-11 3.37E-11 2.80E-11 2.48E-11
 3.06E-15 1.17E-13 1.98E-12 1.42E-11 3.20E-11 4.43E-11 4.50E-11 4.36E-11
 4.21E-11 3.98E-11 3.62E-11 3.12E-11 2.61E-11 2.34E-11
 2.95E-15 1.12E-13 1.86E-12 1.19E-11 2.43E-11 3.25E-11 3.27E-11 3.16E-11
 3.05E-11 2.88E-11 2.63E-11 2.29E-11 1.94E-11 1.76E-11
 2.66E-15 9.69E-14 1.53E-12 9.84E-12 2.20E-11 3.06E-11 3.09E-11 2.97E-11
 2.86E-11 2.68E-11 2.42E-11 2.06E-11 1.71E-11 1.52E-11
 2.86E-15 9.85E-14 1.51E-12 1.01E-11 2.25E-11 3.10E-11 3.11E-11 3.00E-11
 2.88E-11 2.71E-11 2.45E-11 2.09E-11 1.73E-11 1.54E-11
 3.01E-15 1.02E-13 1.55E-12 1.02E-11 2.26E-11 3.09E-11 3.10E-11 2.97E-11
 2.86E-11 2.68E-11 2.42E-11 2.06E-11 1.71E-11 1.53E-11
  61.3517    7  14 /pl=01:ss=31:pb= 1:sz=31/type=excit/ispb = t/isel =   32
 1.00E+10 1.00E+11 1.00E+12 1.00E+13 1.00E+14 1.00E+15 1.00E+16
 1.76E+01 2.65E+01 4.41E+01 8.82E+01 1.76E+02 4.41E+02 8.82E+02 1.32E+03
 1.76E+03 2.65E+03 4.41E+03 8.82E+03 1.76E+04 2.65E+04
 2.65E-15 9.87E-14 1.63E-12 1.17E-11 2.74E-11 3.90E-11 3.99E-11 3.88E-11
 3.73E-11 3.51E-11 3.17E-11 2.68E-11 2.23E-11 1.97E-11
 2.65E-15 9.87E-14 1.63E-12 1.17E-11 2.74E-11 3.92E-11 4.01E-11 3.90E-11
 3.75E-11 3.52E-11 3.18E-11 2.69E-11 2.23E-11 1.98E-11
 2.66E-15 9.90E-14 1.64E-12 1.18E-11 2.80E-11 3.99E-11 4.08E-11 3.96E-11
 3.81E-11 3.58E-11 3.23E-11 2.73E-11 2.26E-11 2.01E-11
 2.72E-15 1.01E-13 1.68E-12 1.20E-11 2.65E-11 3.51E-11 3.53E-11 3.43E-11
 3.31E-11 3.14E-11 2.87E-11 2.49E-11 2.11E-11 1.90E-11
 2.78E-15 1.00E-13 1.57E-12 9.49E-12 1.96E-11 2.61E-11 2.63E-11 2.54E-11
 2.45E-11 2.30E-11 2.10E-11 1.80E-11 1.52E-11 1.37E-11
 2.51E-15 8.43E-14 1.26E-12 8.11E-12 1.78E-11 2.42E-11 2.43E-11 2.35E-11
 2.26E-11 2.12E-11 1.91E-11 1.62E-11 1.35E-11 1.20E-11
 2.43E-15 8.02E-14 1.20E-12 7.93E-12 1.76E-11 2.39E-11 2.39E-11 2.31E-11
 2.21E-11 2.07E-11 1.87E-11 1.58E-11 1.31E-11 1.16E-11
  61.7847    7  14 /pl=01:ss=31:pb= 1:sz=31/type=excit/ispb = t/isel =   33
 1.00E+10 1.00E+11 1.00E+12 1.00E+13 1.00E+14 1.00E+15 1.00E+16
 1.76E+01 2.65E+01 4.41E+01 8.82E+01 1.76E+02 4.41E+02 8.82E+02 1.32E+03
 1.76E+03 2.65E+03 4.41E+03 8.82E+03 1.76E+04 2.65E+04
 3.38E-15 1.26E-13 2.08E-12 1.49E-11 3.49E-11 4.97E-11 5.09E-11 4.95E-11
 4.76E-11 4.47E-11 4.04E-11 3.42E-11 2.84E-11 2.51E-11
 3.38E-15 1.26E-13 2.08E-12 1.49E-11 3.50E-11 4.99E-11 5.11E-11 4.97E-11
 4.77E-11 4.49E-11 4.05E-11 3.43E-11 2.84E-11 2.52E-11
 3.39E-15 1.26E-13 2.09E-12 1.51E-11 3.56E-11 5.08E-11 5.20E-11 5.05E-11
 4.85E-11 4.56E-11 4.11E-11 3.48E-11 2.89E-11 2.56E-11
 3.46E-15 1.29E-13 2.14E-12 1.53E-11 3.37E-11 4.47E-11 4.50E-11 4.37E-11
 4.22E-11 4.00E-11 3.66E-11 3.17E-11 2.69E-11 2.42E-11
 3.55E-15 1.27E-13 2.00E-12 1.21E-11 2.50E-11 3.33E-11 3.35E-11 3.24E-11
 3.12E-11 2.94E-11 2.67E-11 2.29E-11 1.94E-11 1.74E-11
 3.19E-15 1.07E-13 1.61E-12 1.03E-11 2.27E-11 3.08E-11 3.10E-11 2.99E-11
 2.87E-11 2.70E-11 2.43E-11 2.07E-11 1.72E-11 1.53E-11
 3.09E-15 1.02E-13 1.53E-12 1.01E-11 2.24E-11 3.04E-11 3.05E-11 2.94E-11
 2.82E-11 2.64E-11 2.38E-11 2.02E-11 1.67E-11 1.48E-11
  61.8411    7  14 /pl=01:ss=31:pb= 1:sz=31/type=excit/ispb = t/isel =   34
 1.00E+10 1.00E+11 1.00E+12 1.00E+13 1.00E+14 1.00E+15 1.00E+16
 1.76E+01 2.65E+01 4.41E+01 8.82E+01 1.76E+02 4.41E+02 8.82E+02 1.32E+03
 1.76E+03 2.65E+03 4.41E+03 8.82E+03 1.76E+04 2.65E+04
 6.57E-15 2.39E-13 3.82E-12 2.69E-11 6.23E-11 8.92E-11 9.12E-11 8.86E-11
 8.55E-11 8.00E-11 7.25E-11 6.16E-11 5.10E-11 4.53E-11
 6.56E-15 2.38E-13 3.82E-12 2.68E-11 6.19E-11 8.81E-11 9.01E-11 8.75E-11
 8.45E-11 7.91E-11 7.17E-11 6.11E-11 5.06E-11 4.50E-11
 6.53E-15 2.37E-13 3.79E-12 2.60E-11 5.77E-11 7.94E-11 8.06E-11 7.84E-11
 7.59E-11 7.14E-11 6.52E-11 5.62E-11 4.72E-11 4.22E-11
 6.27E-15 2.26E-13 3.52E-12 2.10E-11 4.02E-11 5.14E-11 5.17E-11 5.03E-11
 4.88E-11 4.62E-11 4.27E-11 3.77E-11 3.25E-11 2.97E-11
 5.04E-15 1.75E-13 2.51E-12 1.33E-11 2.68E-11 3.61E-11 3.66E-11 3.55E-11
 3.43E-11 3.22E-11 2.93E-11 2.52E-11 2.12E-11 1.91E-11
 3.84E-15 1.26E-13 1.80E-12 1.11E-11 2.41E-11 3.33E-11 3.37E-11 3.26E-11
 3.14E-11 2.94E-11 2.66E-11 2.26E-11 1.87E-11 1.67E-11
 3.59E-15 1.16E-13 1.67E-12 1.07E-11 2.37E-11 3.28E-11 3.32E-11 3.20E-11
 3.08E-11 2.87E-11 2.59E-11 2.20E-11 1.82E-11 1.61E-11
  66.9487    7  14 /pl=01:ss=31:pb= 1:sz=31/type=excit/ispb = t/isel =   35
 1.00E+10 1.00E+11 1.00E+12 1.00E+13 1.00E+14 1.00E+15 1.00E+16
 1.76E+01 2.65E+01 4.41E+01 8.82E+01 1.76E+02 4.41E+02 8.82E+02 1.32E+03
 1.76E+03 2.65E+03 4.41E+03 8.82E+03 1.76E+04 2.65E+04
 4.18E-15 1.60E-13 2.72E-12 1.99E-11 4.68E-11 6.73E-11 6.89E-11 6.66E-11
 6.42E-11 6.04E-11 5.45E-11 4.63E-11 3.83E-11 3.40E-11
 4.18E-15 1.60E-13 2.72E-12 1.98E-11 4.64E-11 6.65E-11 6.80E-11 6.58E-11
 6.35E-11 5.97E-11 5.39E-11 4.59E-11 3.81E-11 3.38E-11
 4.17E-15 1.60E-13 2.70E-12 1.93E-11 4.36E-11 6.04E-11 6.13E-11 5.94E-11
 5.74E-11 5.42E-11 4.93E-11 4.24E-11 3.56E-11 3.18E-11
 4.02E-15 1.53E-13 2.53E-12 1.62E-11 3.31E-11 4.42E-11 4.45E-11 4.30E-11
 4.16E-11 3.93E-11 3.59E-11 3.11E-11 2.65E-11 2.39E-11
 3.62E-15 1.32E-13 2.08E-12 1.34E-11 3.00E-11 4.16E-11 4.20E-11 4.05E-11
 3.90E-11 3.66E-11 3.30E-11 2.81E-11 2.33E-11 2.07E-11
 3.89E-15 1.34E-13 2.06E-12 1.38E-11 3.07E-11 4.21E-11 4.24E-11 4.08E-11
 3.93E-11 3.68E-11 3.33E-11 2.84E-11 2.36E-11 2.10E-11
 4.10E-15 1.39E-13 2.11E-12 1.39E-11 3.08E-11 4.20E-11 4.21E-11 4.05E-11
 3.89E-11 3.65E-11 3.30E-11 2.81E-11 2.33E-11 2.08E-11
  350.033    7  14 /pl=01:ss=31:pb= 1:sz=31/type=excit/ispb = t/isel =   36
 1.00E+10 1.00E+11 1.00E+12 1.00E+13 1.00E+14 1.00E+15 1.00E+16
 1.76E+01 2.65E+01 4.41E+01 8.82E+01 1.76E+02 4.41E+02 8.82E+02 1.32E+03
 1.76E+03 2.65E+03 4.41E+03 8.82E+03 1.76E+04 2.65E+04
 4.69E-13 8.66E-13 2.31E-12 1.14E-11 2.85E-11 4.50E-11 4.83E-11 4.75E-11
 4.62E-11 4.37E-11 3.98E-11 3.41E-11 2.84E-11 2.53E-11
 4.71E-13 8.68E-13 2.32E-12 1.14E-11 2.88E-11 4.58E-11 4.91E-11 4.83E-11
 4.70E-11 4.44E-11 4.04E-11 3.46E-11 2.87E-11 2.55E-11
 4.82E-13 8.89E-13 2.37E-12 1.20E-11 3.14E-11 5.15E-11 5.55E-11 5.45E-11
 5.30E-11 4.99E-11 4.51E-11 3.82E-11 3.14E-11 2.77E-11
 5.92E-13 1.08E-12 2.83E-12 1.46E-11 3.68E-11 5.60E-11 5.94E-11 5.86E-11
 5.72E-11 5.46E-11 5.03E-11 4.37E-11 3.68E-11 3.29E-11
 1.03E-12 1.82E-12 3.83E-12 1.10E-11 1.75E-11 2.09E-11 2.15E-11 2.15E-11
 2.14E-11 2.11E-11 2.05E-11 1.95E-11 1.83E-11 1.75E-11
 5.13E-13 8.83E-13 1.42E-12 2.16E-12 2.58E-12 2.78E-12 2.82E-12 2.83E-12
 2.83E-12 2.84E-12 2.84E-12 2.83E-12 2.81E-12 2.80E-12
 6.90E-14 1.19E-13 1.80E-13 2.38E-13 2.71E-13 2.86E-13 2.89E-13 2.90E-13
 2.90E-13 2.91E-13 2.91E-13 2.92E-13 2.92E-13 2.93E-13
  494.847    7  14 /pl=01:ss=31:pb= 1:sz=31/type=excit/ispb = t/isel =   37
 1.00E+10 1.00E+11 1.00E+12 1.00E+13 1.00E+14 1.00E+15 1.00E+16
 1.76E+01 2.65E+01 4.41E+01 8.82E+01 1.76E+02 4.41E+02 8.82E+02 1.32E+03
 1.76E+03 2.65E+03 4.41E+03 8.82E+03 1.76E+04 2.65E+04
 3.89E-13 7.17E-13 1.91E-12 9.42E-12 2.36E-11 3.73E-11 3.99E-11 3.93E-11
 3.82E-11 3.62E-11 3.30E-11 2.82E-11 2.35E-11 2.09E-11
 3.90E-13 7.18E-13 1.92E-12 9.47E-12 2.39E-11 3.79E-11 4.07E-11 4.00E-11
 3.89E-11 3.68E-11 3.35E-11 2.86E-11 2.38E-11 2.11E-11
 3.99E-13 7.36E-13 1.96E-12 9.91E-12 2.60E-11 4.26E-11 4.60E-11 4.51E-11
 4.38E-11 4.13E-11 3.74E-11 3.16E-11 2.59E-11 2.29E-11
 4.90E-13 8.96E-13 2.34E-12 1.21E-11 3.05E-11 4.64E-11 4.92E-11 4.85E-11
 4.74E-11 4.52E-11 4.17E-11 3.62E-11 3.05E-11 2.72E-11
 8.56E-13 1.51E-12 3.17E-12 9.11E-12 1.45E-11 1.73E-11 1.78E-11 1.78E-11
 1.77E-11 1.74E-11 1.70E-11 1.62E-11 1.51E-11 1.45E-11
 4.25E-13 7.31E-13 1.17E-12 1.79E-12 2.14E-12 2.30E-12 2.33E-12 2.34E-12
 2.35E-12 2.35E-12 2.35E-12 2.34E-12 2.33E-12 2.31E-12
 5.71E-14 9.86E-14 1.49E-13 1.97E-13 2.24E-13 2.36E-13 2.39E-13 2.40E-13
 2.40E-13 2.41E-13 2.41E-13 2.41E-13 2.42E-13 2.42E-13
  666.818    7  14 /pl=01:ss=31:pb= 1:sz=31/type=excit/ispb = t/isel =   38
 1.00E+10 1.00E+11 1.00E+12 1.00E+13 1.00E+14 1.00E+15 1.00E+16
 1.76E+01 2.65E+01 4.41E+01 8.82E+01 1.76E+02 4.41E+02 8.82E+02 1.32E+03
 1.76E+03 2.65E+03 4.41E+03 8.82E+03 1.76E+04 2.65E+04
 2.07E-12 2.88E-12 6.16E-12 2.94E-11 7.40E-11 1.16E-10 1.24E-10 1.22E-10
 1.19E-10 1.13E-10 1.03E-10 8.83E-11 7.36E-11 6.57E-11
 2.08E-12 2.88E-12 6.16E-12 2.94E-11 7.35E-11 1.15E-10 1.23E-10 1.21E-10
 1.18E-10 1.12E-10 1.02E-10 8.76E-11 7.32E-11 6.53E-11
 2.10E-12 2.92E-12 6.19E-12 2.87E-11 6.91E-11 1.05E-10 1.11E-10 1.09E-10
 1.07E-10 1.02E-10 9.35E-11 8.13E-11 6.87E-11 6.17E-11
 2.29E-12 3.17E-12 6.29E-12 2.32E-11 4.31E-11 5.52E-11 5.72E-11 5.68E-11
 5.61E-11 5.47E-11 5.22E-11 4.82E-11 4.34E-11 4.05E-11
 2.07E-12 2.76E-12 4.21E-12 7.46E-12 9.02E-12 9.63E-12 9.73E-12 9.74E-12
 9.74E-12 9.71E-12 9.65E-12 9.53E-12 9.35E-12 9.23E-12
 5.14E-13 6.52E-13 8.00E-13 9.47E-13 1.01E-12 1.03E-12 1.03E-12 1.03E-12
 1.04E-12 1.04E-12 1.04E-12 1.04E-12 1.04E-12 1.04E-12
 5.94E-14 7.47E-14 8.78E-14 9.73E-14 1.02E-13 1.03E-13 1.03E-13 1.03E-13
 1.03E-13 1.03E-13 1.03E-13 1.03E-13 1.03E-13 1.03E-13
  790.801    7  14 /pl=01:ss=31:pb= 1:sz=31/type=excit/ispb = t/isel =   39
 1.00E+10 1.00E+11 1.00E+12 1.00E+13 1.00E+14 1.00E+15 1.00E+16
 1.76E+01 2.65E+01 4.41E+01 8.82E+01 1.76E+02 4.41E+02 8.82E+02 1.32E+03
 1.76E+03 2.65E+03 4.41E+03 8.82E+03 1.76E+04 2.65E+04
 9.49E-13 1.32E-12 2.82E-12 1.35E-11 3.39E-11 5.33E-11 5.70E-11 5.60E-11
 5.45E-11 5.16E-11 4.71E-11 4.04E-11 3.37E-11 3.00E-11
 9.50E-13 1.32E-12 2.82E-12 1.34E-11 3.36E-11 5.27E-11 5.63E-11 5.54E-11
 5.39E-11 5.11E-11 4.67E-11 4.01E-11 3.35E-11 2.99E-11
 9.62E-13 1.34E-12 2.83E-12 1.31E-11 3.16E-11 4.79E-11 5.08E-11 5.00E-11
 4.88E-11 4.65E-11 4.28E-11 3.72E-11 3.14E-11 2.82E-11
 1.05E-12 1.45E-12 2.88E-12 1.06E-11 1.97E-11 2.53E-11 2.62E-11 2.60E-11
 2.57E-11 2.50E-11 2.39E-11 2.21E-11 1.99E-11 1.85E-11
 9.49E-13 1.26E-12 1.93E-12 3.41E-12 4.13E-12 4.41E-12 4.46E-12 4.46E-12
 4.46E-12 4.44E-12 4.42E-12 4.36E-12 4.28E-12 4.22E-12
 2.35E-13 2.98E-13 3.66E-13 4.33E-13 4.61E-13 4.71E-13 4.73E-13 4.73E-13
 4.74E-13 4.74E-13 4.74E-13 4.75E-13 4.75E-13 4.75E-13
 2.72E-14 3.42E-14 4.02E-14 4.45E-14 4.65E-14 4.72E-14 4.72E-14 4.72E-14
 4.72E-14 4.72E-14 4.72E-14 4.72E-14 4.73E-14 4.73E-14
  873.660    7  14 /pl=01:ss=31:pb= 1:sz=31/type=excit/ispb = t/isel =   40
 1.00E+10 1.00E+11 1.00E+12 1.00E+13 1.00E+14 1.00E+15 1.00E+16
 1.76E+01 2.65E+01 4.41E+01 8.82E+01 1.76E+02 4.41E+02 8.82E+02 1.32E+03
 1.76E+03 2.65E+03 4.41E+03 8.82E+03 1.76E+04 2.65E+04
 4.65E-13 5.51E-13 1.03E-12 5.74E-12 1.65E-11 2.87E-11 3.20E-11 3.19E-11
 3.13E-11 2.97E-11 2.72E-11 2.34E-11 1.94E-11 1.73E-11
 4.65E-13 5.52E-13 1.03E-12 5.74E-12 1.64E-11 2.86E-11 3.19E-11 3.17E-11
 3.11E-11 2.96E-11 2.71E-11 2.33E-11 1.94E-11 1.73E-11
 4.67E-13 5.55E-13 1.04E-12 5.74E-12 1.61E-11 2.74E-11 3.03E-11 3.02E-11
 2.96E-11 2.82E-11 2.60E-11 2.25E-11 1.88E-11 1.68E-11
 4.92E-13 5.89E-13 1.10E-12 5.38E-12 1.20E-11 1.68E-11 1.79E-11 1.79E-11
 1.77E-11 1.73E-11 1.65E-11 1.51E-11 1.35E-11 1.25E-11
 5.63E-13 6.79E-13 1.05E-12 2.21E-12 2.81E-12 3.08E-12 3.15E-12 3.17E-12
 3.18E-12 3.17E-12 3.15E-12 3.10E-12 3.04E-12 2.99E-12
 1.93E-13 2.24E-13 2.60E-13 3.01E-13 3.19E-13 3.32E-13 3.36E-13 3.38E-13
 3.39E-13 3.39E-13 3.39E-13 3.39E-13 3.38E-13 3.37E-13
 2.36E-14 2.73E-14 2.98E-14 3.12E-14 3.23E-14 3.33E-14 3.36E-14 3.37E-14
 3.38E-14 3.38E-14 3.38E-14 3.37E-14 3.37E-14 3.36E-14
  1014.84    7  14 /pl=01:ss=31:pb= 1:sz=31/type=excit/ispb = t/isel =   41
 1.00E+10 1.00E+11 1.00E+12 1.00E+13 1.00E+14 1.00E+15 1.00E+16
 1.76E+01 2.65E+01 4.41E+01 8.82E+01 1.76E+02 4.41E+02 8.82E+02 1.32E+03
 1.76E+03 2.65E+03 4.41E+03 8.82E+03 1.76E+04 2.65E+04
 3.70E-12 5.15E-12 1.10E-11 5.26E-11 1.32E-10 2.08E-10 2.22E-10 2.19E-10
 2.13E-10 2.01E-10 1.84E-10 1.58E-10 1.32E-10 1.17E-10
 3.71E-12 5.15E-12 1.10E-11 5.25E-11 1.31E-10 2.06E-10 2.20E-10 2.16E-10
 2.11E-10 1.99E-10 1.82E-10 1.57E-10 1.31E-10 1.17E-10
 3.76E-12 5.22E-12 1.11E-11 5.13E-11 1.23E-10 1.87E-10 1.98E-10 1.95E-10
 1.91E-10 1.82E-10 1.67E-10 1.45E-10 1.23E-10 1.10E-10
 4.09E-12 5.67E-12 1.12E-11 4.15E-11 7.71E-11 9.87E-11 1.02E-10 1.01E-10
 1.00E-10 9.77E-11 9.34E-11 8.61E-11 7.76E-11 7.24E-11
 3.71E-12 4.94E-12 7.53E-12 1.33E-11 1.61E-11 1.72E-11 1.74E-11 1.74E-11
 1.74E-11 1.74E-11 1.72E-11 1.70E-11 1.67E-11 1.65E-11
 9.18E-13 1.16E-12 1.43E-12 1.69E-12 1.80E-12 1.84E-12 1.85E-12 1.85E-12
 1.85E-12 1.85E-12 1.85E-12 1.85E-12 1.85E-12 1.85E-12
 1.06E-13 1.33E-13 1.57E-13 1.74E-13 1.82E-13 1.84E-13 1.84E-13 1.84E-13
 1.84E-13 1.84E-13 1.84E-13 1.84E-13 1.84E-13 1.85E-13
  1196.11    7  14 /pl=01:ss=31:pb= 1:sz=31/type=excit/ispb = t/isel =   42
 1.00E+10 1.00E+11 1.00E+12 1.00E+13 1.00E+14 1.00E+15 1.00E+16
 1.76E+01 2.65E+01 4.41E+01 8.82E+01 1.76E+02 4.41E+02 8.82E+02 1.32E+03
 1.76E+03 2.65E+03 4.41E+03 8.82E+03 1.76E+04 2.65E+04
 1.10E-11 1.30E-11 1.91E-11 6.14E-11 1.44E-10 2.22E-10 2.36E-10 2.31E-10
 2.25E-10 2.13E-10 1.95E-10 1.67E-10 1.40E-10 1.25E-10
 1.10E-11 1.30E-11 1.91E-11 6.12E-11 1.43E-10 2.19E-10 2.33E-10 2.29E-10
 2.22E-10 2.11E-10 1.93E-10 1.66E-10 1.39E-10 1.24E-10
 1.09E-11 1.30E-11 1.89E-11 5.93E-11 1.33E-10 1.96E-10 2.07E-10 2.04E-10
 1.99E-10 1.89E-10 1.75E-10 1.52E-10 1.29E-10 1.16E-10
 1.02E-11 1.21E-11 1.73E-11 4.48E-11 7.55E-11 9.11E-11 9.30E-11 9.23E-11
 9.13E-11 8.94E-11 8.62E-11 8.07E-11 7.41E-11 6.98E-11
 6.02E-12 6.96E-12 8.55E-12 1.17E-11 1.28E-11 1.29E-11 1.29E-11 1.29E-11
 1.29E-11 1.28E-11 1.28E-11 1.28E-11 1.27E-11 1.26E-11
 1.05E-12 1.15E-12 1.24E-12 1.30E-12 1.31E-12 1.30E-12 1.29E-12 1.28E-12
 1.28E-12 1.28E-12 1.28E-12 1.28E-12 1.28E-12 1.29E-12
 1.11E-13 1.20E-13 1.26E-13 1.30E-13 1.31E-13 1.29E-13 1.27E-13 1.27E-13
 1.27E-13 1.26E-13 1.26E-13 1.26E-13 1.26E-13 1.26E-13
  1385.40    7  14 /pl=01:ss=31:pb= 1:sz=31/type=excit/ispb = t/isel =   43
 1.00E+10 1.00E+11 1.00E+12 1.00E+13 1.00E+14 1.00E+15 1.00E+16
 1.76E+01 2.65E+01 4.41E+01 8.82E+01 1.76E+02 4.41E+02 8.82E+02 1.32E+03
 1.76E+03 2.65E+03 4.41E+03 8.82E+03 1.76E+04 2.65E+04
 1.60E-11 1.90E-11 2.79E-11 8.95E-11 2.10E-10 3.23E-10 3.44E-10 3.37E-10
 3.28E-10 3.11E-10 2.84E-10 2.44E-10 2.04E-10 1.82E-10
 1.60E-11 1.90E-11 2.78E-11 8.92E-11 2.08E-10 3.20E-10 3.39E-10 3.33E-10
 3.24E-10 3.07E-10 2.81E-10 2.42E-10 2.02E-10 1.80E-10
 1.59E-11 1.89E-11 2.76E-11 8.65E-11 1.94E-10 2.86E-10 3.02E-10 2.97E-10
 2.90E-10 2.76E-10 2.54E-10 2.22E-10 1.88E-10 1.69E-10
 1.49E-11 1.77E-11 2.52E-11 6.52E-11 1.10E-10 1.33E-10 1.35E-10 1.34E-10
 1.33E-10 1.30E-10 1.26E-10 1.18E-10 1.08E-10 1.02E-10
 8.77E-12 1.01E-11 1.25E-11 1.71E-11 1.86E-11 1.88E-11 1.88E-11 1.88E-11
 1.87E-11 1.87E-11 1.87E-11 1.86E-11 1.85E-11 1.84E-11
 1.53E-12 1.68E-12 1.81E-12 1.90E-12 1.91E-12 1.89E-12 1.88E-12 1.87E-12
 1.87E-12 1.87E-12 1.87E-12 1.87E-12 1.87E-12 1.87E-12
 1.61E-13 1.74E-13 1.84E-13 1.90E-13 1.91E-13 1.88E-13 1.86E-13 1.85E-13
 1.85E-13 1.84E-13 1.84E-13 1.84E-13 1.84E-13 1.84E-13
  1586.47    7  14 /pl=01:ss=31:pb= 1:sz=31/type=excit/ispb = t/isel =   44
 1.00E+10 1.00E+11 1.00E+12 1.00E+13 1.00E+14 1.00E+15 1.00E+16
 1.76E+01 2.65E+01 4.41E+01 8.82E+01 1.76E+02 4.41E+02 8.82E+02 1.32E+03
 1.76E+03 2.65E+03 4.41E+03 8.82E+03 1.76E+04 2.65E+04
 3.84E-12 4.56E-12 8.54E-12 4.74E-11 1.36E-10 2.38E-10 2.65E-10 2.64E-10
 2.58E-10 2.46E-10 2.25E-10 1.93E-10 1.61E-10 1.43E-10
 3.84E-12 4.56E-12 8.55E-12 4.74E-11 1.36E-10 2.37E-10 2.64E-10 2.62E-10
 2.57E-10 2.45E-10 2.24E-10 1.92E-10 1.60E-10 1.43E-10
 3.86E-12 4.59E-12 8.60E-12 4.74E-11 1.33E-10 2.26E-10 2.50E-10 2.49E-10
 2.45E-10 2.33E-10 2.15E-10 1.86E-10 1.55E-10 1.39E-10
 4.07E-12 4.87E-12 9.10E-12 4.44E-11 9.92E-11 1.39E-10 1.48E-10 1.48E-10
 1.46E-10 1.43E-10 1.36E-10 1.25E-10 1.11E-10 1.03E-10
 4.65E-12 5.61E-12 8.64E-12 1.83E-11 2.32E-11 2.55E-11 2.61E-11 2.62E-11
 2.62E-11 2.62E-11 2.60E-11 2.56E-11 2.51E-11 2.47E-11
 1.59E-12 1.85E-12 2.15E-12 2.48E-12 2.64E-12 2.74E-12 2.78E-12 2.79E-12
 2.80E-12 2.80E-12 2.80E-12 2.80E-12 2.80E-12 2.79E-12
 1.95E-13 2.26E-13 2.46E-13 2.58E-13 2.67E-13 2.75E-13 2.78E-13 2.79E-13
 2.79E-13 2.79E-13 2.79E-13 2.79E-13 2.78E-13 2.78E-13
  1664.11    7  14 /pl=01:ss=31:pb= 1:sz=31/type=excit/ispb = t/isel =   45
 1.00E+10 1.00E+11 1.00E+12 1.00E+13 1.00E+14 1.00E+15 1.00E+16
 1.76E+01 2.65E+01 4.41E+01 8.82E+01 1.76E+02 4.41E+02 8.82E+02 1.32E+03
 1.76E+03 2.65E+03 4.41E+03 8.82E+03 1.76E+04 2.65E+04
 5.88E-12 7.00E-12 1.03E-11 3.29E-11 7.73E-11 1.19E-10 1.26E-10 1.24E-10
 1.21E-10 1.14E-10 1.04E-10 8.97E-11 7.49E-11 6.69E-11
 5.87E-12 6.99E-12 1.02E-11 3.28E-11 7.67E-11 1.18E-10 1.25E-10 1.23E-10
 1.19E-10 1.13E-10 1.03E-10 8.90E-11 7.44E-11 6.64E-11
 5.84E-12 6.95E-12 1.02E-11 3.18E-11 7.13E-11 1.05E-10 1.11E-10 1.09E-10
 1.07E-10 1.02E-10 9.37E-11 8.17E-11 6.93E-11 6.23E-11
 5.49E-12 6.51E-12 9.27E-12 2.40E-11 4.05E-11 4.89E-11 4.99E-11 4.95E-11
 4.90E-11 4.80E-11 4.62E-11 4.33E-11 3.97E-11 3.74E-11
 3.23E-12 3.73E-12 4.59E-12 6.29E-12 6.86E-12 6.93E-12 6.92E-12 6.90E-12
 6.89E-12 6.89E-12 6.87E-12 6.85E-12 6.80E-12 6.76E-12
 5.63E-13 6.19E-13 6.65E-13 6.98E-13 7.03E-13 6.96E-13 6.91E-13 6.89E-13
 6.88E-13 6.87E-13 6.87E-13 6.88E-13 6.89E-13 6.90E-13
 5.94E-14 6.42E-14 6.76E-14 6.99E-14 7.02E-14 6.91E-14 6.84E-14 6.81E-14
 6.79E-14 6.78E-14 6.77E-14 6.77E-14 6.77E-14 6.77E-14
  1944.47    7  14 /pl=01:ss=31:pb= 1:sz=31/type=excit/ispb = t/isel =   46
 1.00E+10 1.00E+11 1.00E+12 1.00E+13 1.00E+14 1.00E+15 1.00E+16
 1.76E+01 2.65E+01 4.41E+01 8.82E+01 1.76E+02 4.41E+02 8.82E+02 1.32E+03
 1.76E+03 2.65E+03 4.41E+03 8.82E+03 1.76E+04 2.65E+04
 2.68E-11 2.96E-11 4.84E-11 2.13E-10 5.50E-10 8.92E-10 9.69E-10 9.57E-10
 9.34E-10 8.86E-10 8.10E-10 6.97E-10 5.82E-10 5.19E-10
 2.68E-11 2.96E-11 4.83E-11 2.12E-10 5.43E-10 8.75E-10 9.48E-10 9.37E-10
 9.15E-10 8.69E-10 7.96E-10 6.86E-10 5.74E-10 5.13E-10
 2.67E-11 2.95E-11 4.79E-11 2.02E-10 4.83E-10 7.32E-10 7.84E-10 7.76E-10
 7.62E-10 7.29E-10 6.78E-10 5.97E-10 5.10E-10 4.61E-10
 2.56E-11 2.82E-11 4.37E-11 1.36E-10 2.22E-10 2.60E-10 2.67E-10 2.67E-10
 2.66E-10 2.63E-10 2.57E-10 2.46E-10 2.32E-10 2.22E-10
 1.61E-11 1.72E-11 2.10E-11 2.86E-11 3.00E-11 3.01E-11 3.02E-11 3.02E-11
 3.02E-11 3.03E-11 3.03E-11 3.04E-11 3.05E-11 3.05E-11
 2.92E-12 2.95E-12 2.98E-12 2.99E-12 2.96E-12 2.94E-12 2.93E-12 2.93E-12
 2.92E-12 2.92E-12 2.92E-12 2.93E-12 2.93E-12 2.94E-12
 3.11E-13 3.11E-13 3.05E-13 2.98E-13 2.95E-13 2.91E-13 2.89E-13 2.89E-13
 2.88E-13 2.88E-13 2.87E-13 2.87E-13 2.87E-13 2.87E-13
  3582.18    7  14 /pl=01:ss=31:pb= 1:sz=31/type=excit/ispb = t/isel =   47
 1.00E+10 1.00E+11 1.00E+12 1.00E+13 1.00E+14 1.00E+15 1.00E+16
 1.76E+01 2.65E+01 4.41E+01 8.82E+01 1.76E+02 4.41E+02 8.82E+02 1.32E+03
 1.76E+03 2.65E+03 4.41E+03 8.82E+03 1.76E+04 2.65E+04
 1.97E-12 2.18E-12 3.56E-12 1.56E-11 4.04E-11 6.56E-11 7.13E-11 7.04E-11
 6.87E-11 6.52E-11 5.96E-11 5.13E-11 4.28E-11 3.82E-11
 1.97E-12 2.18E-12 3.56E-12 1.56E-11 3.99E-11 6.44E-11 6.98E-11 6.89E-11
 6.73E-11 6.39E-11 5.86E-11 5.05E-11 4.23E-11 3.77E-11
 1.96E-12 2.17E-12 3.52E-12 1.48E-11 3.55E-11 5.38E-11 5.77E-11 5.71E-11
 5.60E-11 5.37E-11 4.99E-11 4.39E-11 3.75E-11 3.39E-11
 1.88E-12 2.08E-12 3.22E-12 1.00E-11 1.63E-11 1.92E-11 1.97E-11 1.96E-11
 1.95E-11 1.93E-11 1.89E-11 1.81E-11 1.71E-11 1.63E-11
 1.18E-12 1.26E-12 1.54E-12 2.11E-12 2.21E-12 2.22E-12 2.22E-12 2.22E-12
 2.22E-12 2.23E-12 2.23E-12 2.24E-12 2.24E-12 2.24E-12
 2.15E-13 2.17E-13 2.19E-13 2.20E-13 2.18E-13 2.16E-13 2.16E-13 2.15E-13
 2.15E-13 2.15E-13 2.15E-13 2.15E-13 2.16E-13 2.16E-13
 2.29E-14 2.29E-14 2.25E-14 2.19E-14 2.17E-14 2.14E-14 2.13E-14 2.12E-14
 2.12E-14 2.12E-14 2.11E-14 2.11E-14 2.11E-14 2.11E-14
  4253.15    7  14 /pl=01:ss=31:pb= 1:sz=31/type=excit/ispb = t/isel =   48
 1.00E+10 1.00E+11 1.00E+12 1.00E+13 1.00E+14 1.00E+15 1.00E+16
 1.76E+01 2.65E+01 4.41E+01 8.82E+01 1.76E+02 4.41E+02 8.82E+02 1.32E+03
 1.76E+03 2.65E+03 4.41E+03 8.82E+03 1.76E+04 2.65E+04
 2.70E-11 2.93E-11 3.88E-11 1.09E-10 2.48E-10 3.81E-10 4.06E-10 3.99E-10
 3.89E-10 3.68E-10 3.36E-10 2.89E-10 2.42E-10 2.16E-10
 2.69E-11 2.92E-11 3.87E-11 1.09E-10 2.44E-10 3.71E-10 3.95E-10 3.89E-10
 3.79E-10 3.59E-10 3.29E-10 2.84E-10 2.38E-10 2.13E-10
 2.65E-11 2.87E-11 3.78E-11 1.02E-10 2.11E-10 2.97E-10 3.11E-10 3.07E-10
 3.00E-10 2.88E-10 2.68E-10 2.38E-10 2.05E-10 1.86E-10
 2.26E-11 2.43E-11 3.07E-11 6.14E-11 8.20E-11 8.68E-11 8.66E-11 8.61E-11
 8.56E-11 8.48E-11 8.36E-11 8.13E-11 7.80E-11 7.57E-11
 9.07E-12 9.20E-12 9.78E-12 1.02E-11 9.72E-12 9.35E-12 9.21E-12 9.16E-12
 9.14E-12 9.11E-12 9.09E-12 9.08E-12 9.08E-12 9.08E-12
 1.19E-12 1.13E-12 1.08E-12 1.02E-12 9.70E-13 9.33E-13 9.17E-13 9.12E-13
 9.10E-13 9.07E-13 9.05E-13 9.05E-13 9.05E-13 9.06E-13
 1.21E-13 1.13E-13 1.06E-13 1.01E-13 9.69E-14 9.28E-14 9.10E-14 9.04E-14
 9.01E-14 8.97E-14 8.94E-14 8.93E-14 8.92E-14 8.92E-14
  8271.98    7  14 /pl=01:ss=31:pb= 1:sz=31/type=excit/ispb = t/isel =   49
 1.00E+10 1.00E+11 1.00E+12 1.00E+13 1.00E+14 1.00E+15 1.00E+16
 1.76E+01 2.65E+01 4.41E+01 8.82E+01 1.76E+02 4.41E+02 8.82E+02 1.32E+03
 1.76E+03 2.65E+03 4.41E+03 8.82E+03 1.76E+04 2.65E+04
 6.65E-12 7.21E-12 9.56E-12 2.70E-11 6.10E-11 9.38E-11 1.00E-10 9.83E-11
 9.57E-11 9.07E-11 8.29E-11 7.13E-11 5.95E-11 5.31E-11
 6.63E-12 7.20E-12 9.54E-12 2.68E-11 6.01E-11 9.15E-11 9.74E-11 9.58E-11
 9.33E-11 8.85E-11 8.10E-11 6.99E-11 5.86E-11 5.24E-11
 6.52E-12 7.07E-12 9.32E-12 2.52E-11 5.19E-11 7.31E-11 7.66E-11 7.56E-11
 7.40E-11 7.10E-11 6.61E-11 5.86E-11 5.04E-11 4.58E-11
 5.58E-12 5.98E-12 7.57E-12 1.51E-11 2.02E-11 2.14E-11 2.13E-11 2.12E-11
 2.11E-11 2.09E-11 2.06E-11 2.00E-11 1.92E-11 1.87E-11
 2.23E-12 2.27E-12 2.41E-12 2.52E-12 2.40E-12 2.30E-12 2.27E-12 2.26E-12
 2.25E-12 2.24E-12 2.24E-12 2.24E-12 2.24E-12 2.24E-12
 2.93E-13 2.79E-13 2.66E-13 2.50E-13 2.39E-13 2.30E-13 2.26E-13 2.25E-13
 2.24E-13 2.23E-13 2.23E-13 2.23E-13 2.23E-13 2.23E-13
 2.97E-14 2.78E-14 2.62E-14 2.49E-14 2.39E-14 2.29E-14 2.24E-14 2.23E-14
 2.22E-14 2.21E-14 2.20E-14 2.20E-14 2.20E-14 2.20E-14
  8754.27    7  14 /pl=01:ss=31:pb= 1:sz=31/type=excit/ispb = t/isel =   50
 1.00E+10 1.00E+11 1.00E+12 1.00E+13 1.00E+14 1.00E+15 1.00E+16
 1.76E+01 2.65E+01 4.41E+01 8.82E+01 1.76E+02 4.41E+02 8.82E+02 1.32E+03
 1.76E+03 2.65E+03 4.41E+03 8.82E+03 1.76E+04 2.65E+04
 2.82E-11 3.20E-11 4.91E-11 1.82E-10 4.40E-10 6.84E-10 7.28E-10 7.16E-10
 6.96E-10 6.60E-10 6.03E-10 5.19E-10 4.33E-10 3.87E-10
 2.82E-11 3.19E-11 4.90E-11 1.80E-10 4.32E-10 6.65E-10 7.07E-10 6.95E-10
 6.77E-10 6.42E-10 5.88E-10 5.08E-10 4.26E-10 3.81E-10
 2.78E-11 3.14E-11 4.79E-11 1.67E-10 3.66E-10 5.17E-10 5.41E-10 5.34E-10
 5.23E-10 5.02E-10 4.69E-10 4.17E-10 3.60E-10 3.28E-10
 2.44E-11 2.71E-11 3.87E-11 9.27E-11 1.23E-10 1.27E-10 1.26E-10 1.26E-10
 1.26E-10 1.26E-10 1.25E-10 1.24E-10 1.21E-10 1.19E-10
 1.00E-11 1.02E-11 1.12E-11 1.19E-11 1.08E-11 1.01E-11 9.91E-12 9.88E-12
 9.88E-12 9.91E-12 9.98E-12 1.01E-11 1.03E-11 1.05E-11
 1.22E-12 1.13E-12 1.07E-12 1.01E-12 9.59E-13 9.15E-13 8.98E-13 8.93E-13
 8.90E-13 8.88E-13 8.87E-13 8.88E-13 8.90E-13 8.93E-13
 1.21E-13 1.11E-13 1.03E-13 9.83E-14 9.43E-14 8.99E-14 8.81E-14 8.74E-14
 8.70E-14 8.67E-14 8.64E-14 8.61E-14 8.60E-14 8.60E-14
c-------------------------------------------------------------------------------
 
C  root partition information
C  ==========================
C
C  nuclear charge : 74
C  ion charge+1   : 32
C
C  population calculation information
C  ----------------------------------
C
C  population processing code: adas810
C
C  adf04 source file    : adf04_copmm#74_ls_40#w31.dat
C  adf18/a17_p208 file  : NULL
C
C  meta. ion. coeff. selector  : 
 
C  options  : lnorm =T  lpsel =F  lzsel =T  liosel=F
C           : lhsel =F  lrsel =F  lisel =F  lnsel =F
 
C  energy levels
C  -------------
C
C   lv      configuration    (2S+1)L(w-1/2)      energy (cm^-1)
C  ---   ------------------- --------------      --------------
c    1   79                     (4)3( 13.5)             0.0
c    2   79                     (2)1(  2.5)         11423.0
c    3   79                     (2)2(  4.5)         23512.0
c    4   79                     (2)4(  8.5)         51428.0
c    5   79                     (4)1(  5.5)         83604.2
c    6   79                     (2)5( 10.5)        114461.0
c    7   79                     (2)3(  6.5)        149966.0
c    8   79                     (2)2(  4.5)        285687.0
c    9   606527558589           (2)1(  2.5)       1386747.0
c   10   606527558589           (2)0(  0.5)       1475547.0
c   11   6951A                  (6)4( 26.5)       1487447.0
c   12   6951A                  (6)3( 20.5)       1500747.0
c   13   606527558589           (4)0(  1.5)       1504347.0
c   14   606527558589           (2)4(  8.5)       1522847.0
c   15   6951A                  (6)2( 14.5)       1523747.0
c   16   6951A                  (6)5( 32.5)       1556047.0
c   17   6951A                  (2)4(  8.5)       1561447.0
c   18   6951A                  (4)3( 13.5)       1584347.0
c   19   6951A                  (4)8( 33.5)       1597247.0
c   20   6951A                  (6)1(  8.5)       1615147.0
c   21   6951A                  (4)3( 13.5)       1617047.0
c   22   6951A                  (4)5( 21.5)       1617647.0
c   23   6951A                  (4)3( 13.5)       1619247.0
c   24   606527558589           (4)1(  5.5)       1628247.0
c   25   6951A                  (4)5( 21.5)       1628547.0
c   26   6951A                  (4)4( 17.5)       1628947.0
c   27   606527558589           (4)2(  9.5)       1629947.0
c   28   6951A                  (4)4( 17.5)       1637447.0
c   29   6951A                  (4)1(  5.5)       1641847.0
c   30   6951A                  (4)6( 25.5)       1642947.0
c   31   606527558589           (4)3( 13.5)       1643647.0
c   32   606527558589           (4)4( 17.5)       1648647.0
c   33   6951A                  (4)6( 25.5)       1650947.0
c   34   6951A                  (4)3( 13.5)       1652547.0
c   35   6951A                  (4)7( 29.5)       1660447.0
c   36   6951A                  (2)6( 12.5)       1663147.0
c   37   6951A                  (2)4(  8.5)       1670947.0
c   38   6951A                  (4)5( 21.5)       1676247.0
c   39   6951A                  (4)3( 13.5)       1680147.0
c   40   6951A                  (2)6( 12.5)       1680647.0
c   41   6951A                  (2)5( 10.5)       1681247.0
c   42   6951A                  (4)7( 29.5)       1688547.0
c   43   6951A                  (2)0(  0.5)       1691047.0
c   44   6951A                  (4)1(  5.5)       1692247.0
c   45   6951A                  (4)2(  9.5)       1693947.0
c   46   6951A                  (2)1(  2.5)       1698347.0
c   47   6951A                  (2)3(  6.5)       1698747.0
c   48   6951A                  (4)4( 17.5)       1698847.0
c   49   6951A                  (2)8( 16.5)       1699947.0
c   50   6951A                  (2)3(  6.5)       1705747.0
c   51   6951A                  (4)6( 25.5)       1706447.0
c   52   6951A                  (4)2(  9.5)       1708147.0
c   53   6951A                  (4)2(  9.5)       1708347.0
c   54   606527558589           (2)2(  4.5)       1710947.0
c   55   6951A                  (2)5( 10.5)       1717747.0
c   56   6951A                  (2)6( 12.5)       1720447.0
c   57   6951A                  (4)4( 17.5)       1725647.0
c   58   6951A                  (4)3( 13.5)       1727447.0
c   59   6951A                  (2)5( 10.5)       1730447.0
c   60   6951A                  (4)5( 21.5)       1731547.0
c   61   6951A                  (4)4( 17.5)       1733747.0
c   62   6951A                  (2)9( 18.5)       1746247.0
c   63   6951A                  (2)5( 10.5)       1746547.0
c   64   6951A                  (2)1(  2.5)       1746847.0
c   65   6951A                  (2)2(  4.5)       1746947.0
c   66   606527558589           (2)3(  6.5)       1749547.0
c   67   6951A                  (2)1(  2.5)       1750247.0
c   68   6951A                  (2)4(  8.5)       1752347.0
c   69   6951A                  (4)5( 21.5)       1754447.0
c   70   6951A                  (2)8( 16.5)       1756647.0
c   71   6951A                  (2)7( 14.5)       1762147.0
c   72   6951A                  (2)2(  4.5)       1762147.0
c   73   6951A                  (2)7( 14.5)       1763447.0
c   74   6951A                  (2)6( 12.5)       1765047.0
c   75   6951A                  (2)2(  4.5)       1767747.0
c   76   6951A                  (4)3( 13.5)       1770447.0
c   77   6951A                  (4)2(  9.5)       1774947.0
c   78   6951A                  (2)7( 14.5)       1776447.0
c   79   6951A                  (2)6( 12.5)       1777047.0
c   80   6951A                  (4)1(  5.5)       1781347.0
c   81   6951A                  (2)4(  8.5)       1788747.0
c   82   606527558589           (2)1(  2.5)       1788947.0
c   83   6951A                  (4)1(  5.5)       1790047.0
c   84   606527558589           (4)2(  9.5)       1790547.0
c   85   6951A                  (2)6( 12.5)       1800147.0
c   86   6951A                  (2)3(  6.5)       1802147.0
c   87   6951A                  (4)5( 21.5)       1803047.0
c   88   6951A                  (2)3(  6.5)       1806047.0
c   89   6951A                  (4)4( 17.5)       1806747.0
c   90   6951A                  (4)3( 13.5)       1810047.0
c   91   6951A                  (2)4(  8.5)       1811947.0
c   92   6951A                  (2)0(  0.5)       1812547.0
c   93   6951A                  (4)2(  9.5)       1813247.0
c   94   6951A                  (2)5( 10.5)       1814447.0
c   95   6951A                  (4)6( 25.5)       1814647.0
c   96   6951A                  (2)5( 10.5)       1826347.0
c   97   6951A                  (2)1(  2.5)       1827047.0
c   98   6951A                  (2)3(  6.5)       1832947.0
c   99   6951A                  (2)1(  2.5)       1837747.0
c  100   6951A                  (2)3(  6.5)       1840047.0
c  101   6951A                  (2)2(  4.5)       1840247.0
c  102   6951A                  (2)5( 10.5)       1842547.0
c  103   6951A                  (2)4(  8.5)       1842947.0
c  104   6951A                  (2)4(  8.5)       1843847.0
c  105   6951A                  (2)2(  4.5)       1843947.0
c  106   6951A                  (2)7( 14.5)       1847847.0
c  107   6951A                  (2)3(  6.5)       1849147.0
c  108   6951A                  (2)1(  2.5)       1850947.0
c  109   606527558589           (2)2(  4.5)       1867247.0
c  110   6951A                  (2)2(  4.5)       1867847.0
c  111   6951A                  (4)2(  9.5)       1876047.0
c  112   6951A                  (2)5( 10.5)       1885247.0
c  113   6951A                  (2)3(  6.5)       1885847.0
c  114   606527558589           (2)3(  6.5)       1886247.0
c  115   6951A                  (4)1(  5.5)       1886647.0
c  116   6951A                  (4)4( 17.5)       1893047.0
c  117   606527558589           (2)5( 10.5)       1893647.0
c  118   6951A                  (4)2(  9.5)       1898347.0
c  119   6951A                  (4)2(  9.5)       1900447.0
c  120   6951A                  (2)5( 10.5)       1902247.0
c  121   6951A                  (2)7( 14.5)       1903547.0
c  122   6951A                  (2)4(  8.5)       1903647.0
c  123   6951A                  (2)2(  4.5)       1904547.0
c  124   6951A                  (2)2(  4.5)       1910047.0
c  125   6951A                  (2)3(  6.5)       1912947.0
c  126   6951A                  (2)4(  8.5)       1917447.0
c  127   6951A                  (2)2(  4.5)       1917847.0
c  128   6951A                  (2)0(  0.5)       1918447.0
c  129   6951A                  (2)5( 10.5)       1921247.0
c  130   6951A                  (4)0(  1.5)       1927947.0
c  131   6951A                  (2)4(  8.5)       1934447.0
c  132   6951A                  (2)4(  8.5)       1935447.0
c  133   6951A                  (2)3(  6.5)       1946647.0
c  134   6951A                  (2)1(  2.5)       1957747.0
c  135   6951A                  (2)6( 12.5)       1960447.0
c  136   6951A                  (2)3(  6.5)       1970047.0
c  137   6951A                  (2)3(  6.5)       1981747.0
c  138   6951A                  (2)4(  8.5)       1992447.0
c  139   6951A                  (4)0(  1.5)       1993647.0
c  140   6951A                  (2)4(  8.5)       2002147.0
c  141   6951A                  (2)3(  6.5)       2006247.0
c  142   6951A                  (4)4( 17.5)       2006747.0
c  143   606527558589           (2)2(  4.5)       2015347.0
c  144   6951A                  (2)2(  4.5)       2015547.0
c  145   6951A                  (2)5( 10.5)       2026047.0
c  146   6951A                  (2)1(  2.5)       2035547.0
c  147   6951A                  (2)2(  4.5)       2053747.0
c  148   6951A                  (2)3(  6.5)       2054347.0
c  149   6951A                  (2)1(  2.5)       2068647.0
c  150   606527558589           (2)3(  6.5)       2076247.0
c  151   6951A                  (2)6( 12.5)       2121847.0
c  152   6951A                  (2)2(  4.5)       2174047.0
c  153   6951A                  (2)3(  6.5)       2178647.0
c  154   606527558589           (2)4(  8.5)       2279647.0
c  155   606527558589           (2)1(  2.5)       2413947.0
c  156   6951D                  (2)3(  6.5)       4359247.0
c  157   6951D                  (2)0(  0.5)       4369447.0
c  158   6951D                  (6)2( 14.5)       4376147.0
c  159   6951D                  (6)3( 20.5)       4393847.0
c  160   6951D                  (2)5( 10.5)       4396447.0
c  161   6951D                  (4)2(  9.5)       4422647.0
c  162   6951D                  (6)4( 26.5)       4424347.0
c  163   6951D                  (4)1(  5.5)       4432947.0
c  164   6951D                  (6)1(  8.5)       4434947.0
c  165   6951D                  (4)4( 17.5)       4452047.0
c  166   6951D                  (2)7( 14.5)       4454147.0
c  167   6951D                  (4)2(  9.5)       4457447.0
c  168   6951D                  (2)4(  8.5)       4464947.0
c  169   6951D                  (4)1(  5.5)       4472647.0
c  170   6951D                  (2)3(  6.5)       4472847.0
c  171   6951D                  (4)5( 21.5)       4482247.0
c  172   6951D                  (4)0(  1.5)       4482947.0
c  173   6951D                  (4)2(  9.5)       4482947.0
c  174   6951D                  (4)3( 13.5)       4487247.0
c  175   6951D                  (6)0(  2.5)       4499147.0
c  176   6951D                  (4)3( 13.5)       4516447.0
c  177   6951D                  (2)0(  0.5)       4518947.0
c  178   6951D                  (2)2(  4.5)       4519947.0
c  179   6951D                  (4)2(  9.5)       4521347.0
c  180   6951D                  (2)3(  6.5)       4521547.0
c  181   6951D                  (4)4( 17.5)       4524547.0
c  182   6951D                  (2)1(  2.5)       4525447.0
c  183   6951D                  (4)4( 17.5)       4529247.0
c  184   6951D                  (4)4( 17.5)       4529647.0
c  185   6951D                  (2)5( 10.5)       4531047.0
c  186   6951D                  (4)6( 25.5)       4532747.0
c  187   6951D                  (4)5( 21.5)       4534747.0
c  188   6951D                  (2)4(  8.5)       4534847.0
c  189   6951D                  (2)6( 12.5)       4535347.0
c  190   6951D                  (2)2(  4.5)       4535747.0
c  191   6951D                  (2)6( 12.5)       4535747.0
c  192   6951D                  (4)3( 13.5)       4543647.0
c  193   6951D                  (2)4(  8.5)       4546747.0
c  194   6951D                  (2)3(  6.5)       4546947.0
c  195   6951D                  (4)0(  1.5)       4553847.0
c  196   6951D                  (4)3( 13.5)       4554847.0
c  197   6951D                  (2)4(  8.5)       4555847.0
c  198   6951D                  (4)7( 29.5)       4556247.0
c  199   6951D                  (4)5( 21.5)       4560447.0
c  200   6951D                  (4)2(  9.5)       4561347.0
c  201   6951D                  (2)2(  4.5)       4566347.0
c  202   6951D                  (2)2(  4.5)       4569347.0
c  203   6951D                  (2)5( 10.5)       4574947.0
c  204   6951D                  (2)1(  2.5)       4579947.0
c  205   6951D                  (4)4( 17.5)       4581347.0
c  206   6951D                  (4)6( 25.5)       4583147.0
c  207   6951D                  (2)3(  6.5)       4587847.0
c  208   6951D                  (2)6( 12.5)       4597747.0
c  209   6951D                  (2)4(  8.5)       4598647.0
c  210   6951D                  (2)8( 16.5)       4607547.0
c  211   6951D                  (4)2(  9.5)       4609047.0
c  212   6951D                  (4)3( 13.5)       4612447.0
c  213   6951D                  (4)3( 13.5)       4616247.0
c  214   6951D                  (2)7( 14.5)       4617847.0
c  215   6951D                  (2)1(  2.5)       4628147.0
c  216   6951D                  (2)4(  8.5)       4631847.0
c  217   6951D                  (2)1(  2.5)       4634347.0
c  218   6951D                  (2)4(  8.5)       4634647.0
c  219   6951D                  (2)5( 10.5)       4635347.0
c  220   6951D                  (2)6( 12.5)       4640447.0
c  221   6951D                  (2)5( 10.5)       4650247.0
c  222   6951D                  (2)3(  6.5)       4650447.0
c  223   6951D                  (4)1(  5.5)       4651747.0
c  224   6951D                  (2)5( 10.5)       4653947.0
c  225   6951D                  (2)1(  2.5)       4654847.0
c  226   6951D                  (4)5( 21.5)       4656647.0
c  227   6951D                  (4)1(  5.5)       4662747.0
c  228   6951D                  (2)2(  4.5)       4669147.0
c  229   6951D                  (2)2(  4.5)       4669547.0
c  230   6951D                  (2)1(  2.5)       4681747.0
c  231   6951D                  (2)4(  8.5)       4684747.0
c  232   6951D                  (2)2(  4.5)       4687047.0
c  233   6951D                  (2)3(  6.5)       4687547.0
c  234   6951D                  (4)1(  5.5)       4694347.0
c  235   6951D                  (4)2(  9.5)       4702547.0
c  236   6951D                  (2)2(  4.5)       4707547.0
c  237   6951D                  (2)2(  4.5)       4713947.0
c  238   6951D                  (2)3(  6.5)       4723347.0
c  239   6951D                  (4)3( 13.5)       4728047.0
c  240   6951D                  (4)4( 17.5)       4729547.0
c  241   6951D                  (4)3( 13.5)       4732047.0
c  242   6951D                  (2)2(  4.5)       4733047.0
c  243   6951D                  (4)1(  5.5)       4738047.0
c  244   6951D                  (2)5( 10.5)       4738447.0
c  245   6951D                  (2)4(  8.5)       4739247.0
c  246   6951D                  (2)3(  6.5)       4747947.0
c  247   6951D                  (2)1(  2.5)       4752047.0
c  248   6951D                  (2)5( 10.5)       4752547.0
c  249   6951D                  (2)3(  6.5)       4753547.0
c  250   6951D                  (2)6( 12.5)       4756447.0
c  251   6951D                  (2)1(  2.5)       4756647.0
c  252   6951D                  (2)3(  6.5)       4756747.0
c  253   6951D                  (2)4(  8.5)       4757947.0
c  254   6951D                  (2)3(  6.5)       4758047.0
c  255   6951D                  (2)2(  4.5)       4769947.0
c  256   6951D                  (2)0(  0.5)       4789147.0
c  257   6951D                  (2)4(  8.5)       4790747.0
c  258   6951D                  (2)2(  4.5)       4803547.0
c  259   6951D                  (2)2(  4.5)       4894847.0
c  260   6951E                  (2)0(  0.5)       5062047.0
c  261   6951E                  (6)5( 32.5)       5109247.0
c  262   6951E                  (4)3( 13.5)       5115447.0
c  263   6951E                  (2)5( 10.5)       5127347.0
c  264   6951E                  (6)1(  8.5)       5136747.0
c  265   6951E                  (4)4( 17.5)       5139947.0
c  266   6951E                  (6)2( 14.5)       5140547.0
c  267   6951E                  (2)3(  6.5)       5144647.0
c  268   6951E                  (2)4(  8.5)       5147247.0
c  269   6951E                  (6)4( 26.5)       5155647.0
c  270   6951E                  (6)3( 20.5)       5160947.0
c  271   6951E                  (2)6( 12.5)       5162447.0
c  272   6951E                  (4)5( 21.5)       5170347.0
c  273   6951E                  (4)2(  9.5)       5176447.0
c  274   6951E                  (2)7( 14.5)       5178147.0
c  275   6951E                  (2)3(  6.5)       5188247.0
c  276   6951E                  (4)2(  9.5)       5191547.0
c  277   6951E                  (4)2(  9.5)       5192747.0
c  278   6951E                  (4)3( 13.5)       5203547.0
c  279   6951E                  (2)4(  8.5)       5208047.0
c  280   6951E                  (2)6( 12.5)       5208047.0
c  281   6951E                  (4)4( 17.5)       5208647.0
c  282   6951E                  (4)4( 17.5)       5213347.0
c  283   6951E                  (2)1(  2.5)       5213547.0
c  284   6951E                  (4)2(  9.5)       5216047.0
c  285   6951E                  (2)0(  0.5)       5216247.0
c  286   6951E                  (2)2(  4.5)       5217447.0
c  287   6951E                  (4)4( 17.5)       5219647.0
c  288   6951E                  (2)2(  4.5)       5220347.0
c  289   6951E                  (4)6( 25.5)       5220547.0
c  290   6951E                  (4)3( 13.5)       5228147.0
c  291   6951E                  (4)1(  5.5)       5230347.0
c  292   6951E                  (2)8( 16.5)       5235147.0
c  293   6951E                  (4)6( 25.5)       5238147.0
c  294   6951E                  (2)2(  4.5)       5240447.0
c  295   6951E                  (4)5( 21.5)       5241947.0
c  296   6951E                  (2)6( 12.5)       5242847.0
c  297   6951E                  (4)7( 29.5)       5244047.0
c  298   6951E                  (4)3( 13.5)       5245447.0
c  299   6951E                  (4)3( 13.5)       5247347.0
c  300   6951E                  (4)3( 13.5)       5247847.0
c  301   6951E                  (2)7( 14.5)       5252047.0
c  302   6951E                  (4)1(  5.5)       5252247.0
c  303   6951E                  (2)1(  2.5)       5252447.0
c  304   6951E                  (2)4(  8.5)       5252647.0
c  305   6951E                  (2)5( 10.5)       5256947.0
c  306   6951E                  (4)6( 25.5)       5259347.0
c  307   6951E                  (4)3( 13.5)       5260447.0
c  308   6951E                  (2)5( 10.5)       5260547.0
c  309   6951E                  (4)4( 17.5)       5263747.0
c  310   6951E                  (4)8( 33.5)       5268347.0
c  311   6951E                  (4)5( 21.5)       5268847.0
c  312   6951E                  (2)6( 12.5)       5270047.0
c  313   6951E                  (2)5( 10.5)       5271547.0
c  314   6951E                  (4)5( 21.5)       5273747.0
c  315   6951E                  (2)1(  2.5)       5274247.0
c  316   6951E                  (4)7( 29.5)       5275447.0
c  317   6951E                  (2)4(  8.5)       5276047.0
c  318   6951E                  (2)4(  8.5)       5277047.0
c  319   6951E                  (2)4(  8.5)       5279947.0
c  320   6951E                  (2)4(  8.5)       5280847.0
c  321   6951E                  (4)2(  9.5)       5285247.0
c  322   6951E                  (4)1(  5.5)       5291547.0
c  323   6951E                  (2)4(  8.5)       5294447.0
c  324   6951E                  (2)1(  2.5)       5294947.0
c  325   6951E                  (2)3(  6.5)       5298547.0
c  326   6951E                  (4)0(  1.5)       5303147.0
c  327   6951E                  (4)4( 17.5)       5305247.0
c  328   6951E                  (4)2(  9.5)       5318947.0
c  329   6951E                  (4)6( 25.5)       5319647.0
c  330   6951E                  (2)2(  4.5)       5319647.0
c  331   6951E                  (2)9( 18.5)       5320447.0
c  332   6951E                  (2)0(  0.5)       5321047.0
c  333   6951E                  (4)1(  5.5)       5322847.0
c  334   6951E                  (2)3(  6.5)       5324147.0
c  335   6951E                  (2)1(  2.5)       5325647.0
c  336   6951E                  (4)4( 17.5)       5327247.0
c  337   6951E                  (2)4(  8.5)       5328847.0
c  338   6951E                  (2)8( 16.5)       5329247.0
c  339   6951E                  (2)3(  6.5)       5329847.0
c  340   6951E                  (4)1(  5.5)       5331347.0
c  341   6951E                  (2)5( 10.5)       5333347.0
c  342   6951E                  (2)7( 14.5)       5334447.0
c  343   6951E                  (2)3(  6.5)       5334547.0
c  344   6951E                  (2)6( 12.5)       5335747.0
c  345   6951E                  (2)2(  4.5)       5344547.0
c  346   6951E                  (2)1(  2.5)       5349547.0
c  347   6951E                  (2)4(  8.5)       5353447.0
c  348   6951E                  (2)2(  4.5)       5353747.0
c  349   6951E                  (2)2(  4.5)       5357147.0
c  350   6951E                  (2)6( 12.5)       5358547.0
c  351   6951E                  (2)5( 10.5)       5358747.0
c  352   6951E                  (2)2(  4.5)       5359347.0
c  353   6951E                  (2)3(  6.5)       5360847.0
c  354   6951E                  (2)5( 10.5)       5362147.0
c  355   6951E                  (2)6( 12.5)       5371747.0
c  356   6951E                  (2)7( 14.5)       5376047.0
c  357   6951E                  (2)2(  4.5)       5380447.0
c  358   6951E                  (2)3(  6.5)       5380747.0
c  359   6951E                  (4)2(  9.5)       5384447.0
c  360   6951E                  (4)2(  9.5)       5386047.0
c  361   6951E                  (2)5( 10.5)       5388247.0
c  362   6951E                  (2)1(  2.5)       5393347.0
c  363   6951E                  (4)5( 21.5)       5394347.0
c  364   6951E                  (2)1(  2.5)       5401247.0
c  365   6951E                  (2)3(  6.5)       5402347.0
c  366   6951E                  (4)3( 13.5)       5403047.0
c  367   6951E                  (4)4( 17.5)       5403547.0
c  368   6951E                  (2)2(  4.5)       5405247.0
c  369   6951E                  (4)5( 21.5)       5432947.0
c  370   6951E                  (2)3(  6.5)       5443947.0
c  371   6951E                  (2)4(  8.5)       5447447.0
c  372   6951E                  (2)5( 10.5)       5452647.0
c  373   6951E                  (2)4(  8.5)       5456347.0
c  374   6951E                  (2)2(  4.5)       5466447.0
c  375   6951E                  (2)6( 12.5)       5467847.0
c  376   6951E                  (2)7( 14.5)       5467947.0
c  377   6951E                  (2)2(  4.5)       5468347.0
c  378   6951E                  (2)5( 10.5)       5468347.0
c  379   6951E                  (2)3(  6.5)       5470347.0
c  380   6951E                  (2)4(  8.5)       5477547.0
c  381   6951E                  (2)1(  2.5)       5481047.0
c  382   6951E                  (2)5( 10.5)       5484747.0
c  383   6951E                  (4)0(  1.5)       5498847.0
c  384   6951E                  (2)3(  6.5)       5503547.0
c  385   6951E                  (2)3(  6.5)       5505747.0
c  386   6951E                  (2)3(  6.5)       5515647.0
c  387   6951E                  (2)3(  6.5)       5612947.0
 
 
 
c-------------------------------------------------------------------------------
 
C  superstage partition information
C  ================================
C
C  element symbol   : W
C  parent template  : 
C  partition level  :  1
C  superstage label : 31
C
C  tabulation       : photon emissivity coefft (te,ne)
C  units            : ph. emis coef(cm^3 s^-1); te (ev); ne (cm^-3)
C
C  photon emissivity atomic transitions
C  ------------------------------------
C  
C   isel  wvlen(A)            transition                type  ispb nspb
C                                                             ispp nspp sz    tg pr wr
C  ----- ---------- ----------------------------------- ----- ---- ---- --    -- -- --
C      1   46.1854  154(2)4(  8.5)-  6(2)5( 10.5)       excit   1    1  31  1666 24  1
C      2   48.6773  148(2)3(  6.5)-  1(4)3( 13.5)       excit   1    1  31   138 28  2
C      3   48.9638  147(2)2(  4.5)-  2(2)1(  2.5)       excit   1    1  31   457 39  3
C      4   49.8319  142(4)4( 17.5)-  1(4)3( 13.5)       excit   1    1  31   132  1  4
C      5   49.8971  144(2)2(  4.5)-  2(2)1(  2.5)       excit   1    1  31   455 31  5
C      6   50.1895  138(2)4(  8.5)-  1(4)3( 13.5)       excit   1    1  31   128 29  6
C      7   50.7577  147(2)2(  4.5)-  5(4)1(  5.5)       excit   1    1  31  1364 36  7
C      8   51.1426  142(4)4( 17.5)-  4(2)4(  8.5)       excit   1    1  31  1041 34  8
C      9   51.2310  146(2)1(  2.5)-  5(4)1(  5.5)       excit   1    1  31  1363 44  9
C     10   51.6677  132(2)4(  8.5)-  1(4)3( 13.5)       excit   1    1  31   122  4 10
C     11   51.9982  142(4)4( 17.5)-  5(4)1(  5.5)       excit   1    1  31  1360 19 11
C     12   52.1418  127(2)2(  4.5)-  1(4)3( 13.5)       excit   1    1  31   117 12 12
C     13   52.6192  119(4)2(  9.5)-  1(4)3( 13.5)       excit   1    1  31   110  6 13
C     14   52.6774  118(4)2(  9.5)-  1(4)3( 13.5)       excit   1    1  31   109 22 14
C     15   52.8461  142(4)4( 17.5)-  6(2)5( 10.5)       excit   1    1  31  1660 21 15
C     16   52.9374  119(4)2(  9.5)-  2(2)1(  2.5)       excit   1    1  31   440 40 16
C     17   53.0780  132(2)4(  8.5)-  4(2)4(  8.5)       excit   1    1  31  1033 11 17
C     18   53.2485  138(2)4(  8.5)-  6(2)5( 10.5)       excit   1    1  31  1657 37 18
C     19   53.2784  119(4)2(  9.5)-  3(2)2(  4.5)       excit   1    1  31   709 18 19
C     20   53.3036  111(4)2(  9.5)-  1(4)3( 13.5)       excit   1    1  31   102 25 20
C     21   53.6301  111(4)2(  9.5)-  2(2)1(  2.5)       excit   1    1  31   434 43 21
C     22   53.8566  142(4)4( 17.5)-  7(2)3(  6.5)       excit   1    1  31  1964 27 22
C     23   54.2609  103(2)4(  8.5)-  1(4)3( 13.5)       excit   1    1  31    95 48 23
C     24   55.1042  118(4)2(  9.5)-  5(4)1(  5.5)       excit   1    1  31  1340 13 24
C     25   55.7898  111(4)2(  9.5)-  5(4)1(  5.5)       excit   1    1  31  1335 46 25
C     26   55.8489   84(4)2(  9.5)-  1(4)3( 13.5)       excit   1    1  31    76 45 26
C     27   56.4829   76(4)3( 13.5)-  1(4)3( 13.5)       excit   1    1  31    69 47 27
C     28   56.5649  127(2)2(  4.5)-  7(2)3(  6.5)       excit   1    1  31  1951 50 28
C     29   57.5004   84(4)2(  9.5)-  4(2)4(  8.5)       excit   1    1  31   993 38 29
C     30   58.5843   84(4)2(  9.5)-  5(4)1(  5.5)       excit   1    1  31  1314 30 30
C     31   60.8403   31(4)3( 13.5)-  1(4)3( 13.5)       excit   1    1  31    29 33 31
C     32   61.3517   27(4)2(  9.5)-  1(4)3( 13.5)       excit   1    1  31    25 42 32
C     33   61.7847   27(4)2(  9.5)-  2(2)1(  2.5)       excit   1    1  31   386 32 33
C     34   61.8411   21(4)3( 13.5)-  1(4)3( 13.5)       excit   1    1  31    19 17 34
C     35   66.9487   31(4)3( 13.5)-  7(2)3(  6.5)       excit   1    1  31  1873 23 35
C     36   350.033    8(2)2(  4.5)-  1(4)3( 13.5)       excit   1    1  31     7 35 36
C     37   494.847    8(2)2(  4.5)-  5(4)1(  5.5)       excit   1    1  31  1259 41 37
C     38   666.818    7(2)3(  6.5)-  1(4)3( 13.5)       excit   1    1  31     6 15 38
C     39   790.801    7(2)3(  6.5)-  3(2)2(  4.5)       excit   1    1  31   626 26 39
C     40   873.660    6(2)5( 10.5)-  1(4)3( 13.5)       excit   1    1  31     5 49 40
C     41   1014.84    7(2)3(  6.5)-  4(2)4(  8.5)       excit   1    1  31   931 10 41
C     42   1196.11    5(4)1(  5.5)-  1(4)3( 13.5)       excit   1    1  31     4  9 42
C     43   1385.40    5(4)1(  5.5)-  2(2)1(  2.5)       excit   1    1  31   370  7 43
C     44   1586.47    6(2)5( 10.5)-  4(2)4(  8.5)       excit   1    1  31   930  8 44
C     45   1664.11    5(4)1(  5.5)-  3(2)2(  4.5)       excit   1    1  31   624 14 45
C     46   1944.47    4(2)4(  8.5)-  1(4)3( 13.5)       excit   1    1  31     3  2 46
C     47   3582.18    4(2)4(  8.5)-  3(2)2(  4.5)       excit   1    1  31   623 20 47
C     48   4253.15    3(2)2(  4.5)-  1(4)3( 13.5)       excit   1    1  31     2  5 48
C     49   8271.98    3(2)2(  4.5)-  2(2)1(  2.5)       excit   1    1  31   368 16 49
C     50   8754.27    2(2)1(  2.5)-  1(4)3( 13.5)       excit   1    1  31     1  3 50
c-------------------------------------------------------------------------------
                                                                                
C  code     : adas810
C  producer : Adam Foster
C  date     : 03/06/09
                                                                                
c-------------------------------------------------------------------------------

C-----------------------------------------------------------------------
C                               OPEN-ADAS
C                               +++++++++
C
C This file has been downloaded from OPEN-ADAS (http://open.adas.ac.uk)
C on 26-Mar-2025.
C
C TERMS AND CONDITIONS
C --------------------
C
C The user of the OPEN-ADAS system and data (hereinafter "the User")
C accepts the following terms and conditions:
C
C   1. The University of Strathclyde uses all reasonable endeavours to
C      ensure the accuracy of the data provided and any information
C      given, but the University makes no warranty, expressed or implied
C      as to its accuracy, integrity, fitness for purpose and shall not
C      be responsible for the use to which the data is put by the User
C      and/or any consequences arising out of any inaccuracies or
C      omissions.
C
C   2. Any downloaded OPEN-ADAS file is made available for the
C      personal use of the User only.  It must not be used for any
C      commercial application, incorporated into any web site or in
C      any form re-distributed without express prior written permission
C      from the ADAS Project. In particular, but not by way of
C      limitation, it must not be:
C        *  inserted into a managed database structure,
C        *  redistributed along with a modelling or analysis code,
C        *  made available on a public website.
C
C Permission for OPEN-ADAS data incorporation in non-commercial
C code/system development for scientific advance will not be
C unreasonably withheld, but will be subject to written agreement
C on a case by case basis.
C
C The User will indemnify the University of Strathclyde and keep it
C fully and effectively indemnified against each and every claim made
C against the University as a result of the User's use of the data.
C
C-----------------------------------------------------------------------
