   50    /W :40 photon emissivity coefficients/
--------------------------------------------------------------------------------
    1    1    1    1    1    1    1    1    1    1    1    1    1    1
    1    1    1    1    1    1    1    1    1    1    1    1    1    1
    1    1    1    1    1    1    1    1    1    1    1    1    1    1
    1    1    1    1    1    1    1    1    1    1    1    1    1    1
    1    1    1    1    1    1    1    1    1    1    1    1    1    1
    1    1    1    1    1
--------------------------------------------------------------------------------
//#01/p00/ 00/p01/ 01/p02/ 02/p03/ 03/p04/ 04/p05/ 05/p06/ 06/p07/ 07/p08/ 08/  
      p09/ 09/p10/ 10/p11/ 11/p12/ 12/p13/ 13/p14/ 14/p15/ 15/p16/ 16/p17/ 17/  
      p18/ 18/p19/ 19/p20/ 20/p21/ 21/p22/ 22/p23/ 23/p24/ 24/p25/ 25/p26/ 26/  
      p27/ 27/p28/ 28/p29/ 29/p30/ 30/p31/ 31/p32/ 32/p33/ 33/p34/ 34/p35/ 35/  
      p36/ 36/p37/ 37/p38/ 38/p39/ 39/p40/ 40/p41/ 41/p42/ 42/p43/ 43/p44/ 44/  
      p45/ 45/p46/ 46/p47/ 47/p48/ 48/p49/ 49/p50/ 50/p51/ 51/p52/ 52/p53/ 53/  
      p54/ 54/p55/ 55/p56/ 56/p57/ 57/p58/ 58/p59/ 59/p60/ 60/p61/ 61/p62/ 62/  
      p63/ 63/p64/ 64/p65/ 65/p66/ 66/p67/ 67/p68/ 68/p69/ 69/p70/ 70/p71/ 71/  
      p72/ 72/p73/ 73/p74/ 74/                                                  
--------------------------------------------------------------------------------
  5.51517    7  14 /pl=01:ss=40:pb= 1:sz=40/type=excit/ispb = t/isel =    1
 1.00E+10 1.00E+11 1.00E+12 1.00E+13 1.00E+14 1.00E+15 1.00E+16
 2.90E+01 4.35E+01 7.24E+01 1.45E+02 2.90E+02 7.24E+02 1.45E+03 2.17E+03
 2.90E+03 4.35E+03 7.24E+03 1.45E+04 2.90E+04 4.35E+04
 1.00E-74 2.82E-33 2.80E-24 1.29E-17 2.26E-14 1.59E-12 5.75E-12 8.46E-12
 1.01E-11 1.19E-11 1.33E-11 1.39E-11 1.34E-11 1.27E-11
 1.00E-74 4.17E-33 3.42E-24 1.40E-17 2.37E-14 1.65E-12 5.97E-12 8.80E-12
 1.05E-11 1.24E-11 1.40E-11 1.47E-11 1.44E-11 1.38E-11
 1.00E-74 4.38E-33 3.50E-24 1.41E-17 2.38E-14 1.66E-12 5.99E-12 8.83E-12
 1.05E-11 1.25E-11 1.40E-11 1.48E-11 1.45E-11 1.40E-11
 2.95E-44 4.41E-33 3.51E-24 1.41E-17 2.38E-14 1.66E-12 5.99E-12 8.82E-12
 1.05E-11 1.24E-11 1.40E-11 1.48E-11 1.45E-11 1.40E-11
 2.80E-44 4.40E-33 3.49E-24 1.40E-17 2.35E-14 1.63E-12 5.90E-12 8.70E-12
 1.04E-11 1.23E-11 1.39E-11 1.47E-11 1.44E-11 1.39E-11
 2.75E-44 4.31E-33 3.38E-24 1.32E-17 2.16E-14 1.48E-12 5.37E-12 7.94E-12
 9.51E-12 1.13E-11 1.28E-11 1.37E-11 1.36E-11 1.32E-11
 2.58E-44 3.94E-33 3.00E-24 1.14E-17 1.84E-14 1.26E-12 4.53E-12 6.68E-12
 7.98E-12 9.48E-12 1.07E-11 1.15E-11 1.14E-11 1.11E-11
  5.88987    7  14 /pl=01:ss=40:pb= 1:sz=40/type=excit/ispb = t/isel =    2
 1.00E+10 1.00E+11 1.00E+12 1.00E+13 1.00E+14 1.00E+15 1.00E+16
 2.90E+01 4.35E+01 7.24E+01 1.45E+02 2.90E+02 7.24E+02 1.45E+03 2.17E+03
 2.90E+03 4.35E+03 7.24E+03 1.45E+04 2.90E+04 4.35E+04
 2.83E-41 5.04E-31 6.51E-23 5.44E-17 4.13E-14 1.85E-12 5.93E-12 8.51E-12
 1.01E-11 1.21E-11 1.41E-11 1.59E-11 1.70E-11 1.73E-11
 1.35E-41 2.39E-31 3.20E-23 3.27E-17 2.80E-14 1.30E-12 4.15E-12 5.86E-12
 6.89E-12 8.03E-12 9.01E-12 9.56E-12 9.49E-12 9.21E-12
 1.11E-41 1.98E-31 2.78E-23 3.03E-17 2.66E-14 1.25E-12 3.96E-12 5.59E-12
 6.55E-12 7.61E-12 8.47E-12 8.88E-12 8.67E-12 8.32E-12
 1.09E-41 1.94E-31 2.74E-23 3.00E-17 2.64E-14 1.24E-12 3.94E-12 5.56E-12
 6.52E-12 7.56E-12 8.42E-12 8.81E-12 8.59E-12 8.23E-12
 1.09E-41 1.93E-31 2.74E-23 3.00E-17 2.64E-14 1.24E-12 3.93E-12 5.55E-12
 6.50E-12 7.55E-12 8.40E-12 8.79E-12 8.57E-12 8.21E-12
 1.10E-41 1.95E-31 2.77E-23 3.02E-17 2.64E-14 1.23E-12 3.90E-12 5.49E-12
 6.44E-12 7.47E-12 8.31E-12 8.71E-12 8.50E-12 8.15E-12
 1.13E-41 2.04E-31 2.87E-23 3.05E-17 2.62E-14 1.21E-12 3.81E-12 5.37E-12
 6.28E-12 7.28E-12 8.10E-12 8.49E-12 8.28E-12 7.94E-12
  5.91653    7  14 /pl=01:ss=40:pb= 1:sz=40/type=excit/ispb = t/isel =    3
 1.00E+10 1.00E+11 1.00E+12 1.00E+13 1.00E+14 1.00E+15 1.00E+16
 2.90E+01 4.35E+01 7.24E+01 1.45E+02 2.90E+02 7.24E+02 1.45E+03 2.17E+03
 2.90E+03 4.35E+03 7.24E+03 1.45E+04 2.90E+04 4.35E+04
 1.00E-74 2.27E-31 5.54E-23 8.91E-17 9.23E-14 4.75E-12 1.54E-11 2.18E-11
 2.56E-11 2.97E-11 3.27E-11 3.39E-11 3.25E-11 3.09E-11
 1.22E-41 3.36E-31 6.78E-23 9.66E-17 9.68E-14 4.93E-12 1.60E-11 2.27E-11
 2.67E-11 3.10E-11 3.43E-11 3.60E-11 3.50E-11 3.35E-11
 1.29E-41 3.53E-31 6.94E-23 9.75E-17 9.72E-14 4.94E-12 1.60E-11 2.28E-11
 2.68E-11 3.11E-11 3.45E-11 3.62E-11 3.53E-11 3.38E-11
 1.30E-41 3.55E-31 6.95E-23 9.75E-17 9.72E-14 4.94E-12 1.60E-11 2.28E-11
 2.68E-11 3.11E-11 3.45E-11 3.62E-11 3.53E-11 3.38E-11
 1.30E-41 3.55E-31 6.93E-23 9.67E-17 9.61E-14 4.87E-12 1.58E-11 2.25E-11
 2.65E-11 3.08E-11 3.42E-11 3.59E-11 3.50E-11 3.36E-11
 1.28E-41 3.49E-31 6.72E-23 9.14E-17 8.89E-14 4.46E-12 1.45E-11 2.07E-11
 2.44E-11 2.85E-11 3.18E-11 3.38E-11 3.32E-11 3.21E-11
 1.23E-41 3.24E-31 6.07E-23 8.03E-17 7.71E-14 3.84E-12 1.24E-11 1.77E-11
 2.08E-11 2.43E-11 2.70E-11 2.87E-11 2.83E-11 2.74E-11
  5.95174    7  14 /pl=01:ss=40:pb= 1:sz=40/type=excit/ispb = t/isel =    4
 1.00E+10 1.00E+11 1.00E+12 1.00E+13 1.00E+14 1.00E+15 1.00E+16
 2.90E+01 4.35E+01 7.24E+01 1.45E+02 2.90E+02 7.24E+02 1.45E+03 2.17E+03
 2.90E+03 4.35E+03 7.24E+03 1.45E+04 2.90E+04 4.35E+04
 2.42E-41 4.43E-31 9.62E-23 1.42E-16 1.41E-13 7.03E-12 2.27E-11 3.21E-11
 3.76E-11 4.34E-11 4.77E-11 4.95E-11 4.74E-11 4.50E-11
 2.70E-41 6.50E-31 1.17E-22 1.53E-16 1.47E-13 7.28E-12 2.35E-11 3.33E-11
 3.91E-11 4.53E-11 5.00E-11 5.24E-11 5.09E-11 4.87E-11
 2.88E-41 6.82E-31 1.20E-22 1.54E-16 1.48E-13 7.31E-12 2.36E-11 3.34E-11
 3.92E-11 4.55E-11 5.03E-11 5.27E-11 5.12E-11 4.91E-11
 2.90E-41 6.86E-31 1.20E-22 1.54E-16 1.48E-13 7.30E-12 2.35E-11 3.33E-11
 3.92E-11 4.54E-11 5.03E-11 5.27E-11 5.12E-11 4.91E-11
 2.90E-41 6.84E-31 1.19E-22 1.53E-16 1.46E-13 7.19E-12 2.32E-11 3.29E-11
 3.87E-11 4.49E-11 4.97E-11 5.22E-11 5.09E-11 4.88E-11
 2.86E-41 6.71E-31 1.16E-22 1.44E-16 1.34E-13 6.55E-12 2.12E-11 3.01E-11
 3.55E-11 4.14E-11 4.61E-11 4.89E-11 4.81E-11 4.64E-11
 2.69E-41 6.16E-31 1.03E-22 1.25E-16 1.15E-13 5.57E-12 1.79E-11 2.54E-11
 2.99E-11 3.48E-11 3.87E-11 4.10E-11 4.05E-11 3.92E-11
  6.03690    7  14 /pl=01:ss=40:pb= 1:sz=40/type=excit/ispb = t/isel =    5
 1.00E+10 1.00E+11 1.00E+12 1.00E+13 1.00E+14 1.00E+15 1.00E+16
 2.90E+01 4.35E+01 7.24E+01 1.45E+02 2.90E+02 7.24E+02 1.45E+03 2.17E+03
 2.90E+03 4.35E+03 7.24E+03 1.45E+04 2.90E+04 4.35E+04
 1.00E-74 2.39E-31 3.90E-23 4.57E-17 4.10E-14 1.92E-12 6.05E-12 8.50E-12
 9.95E-12 1.15E-11 1.26E-11 1.31E-11 1.26E-11 1.20E-11
 1.84E-41 3.33E-31 4.60E-23 4.86E-17 4.25E-14 1.97E-12 6.21E-12 8.74E-12
 1.02E-11 1.19E-11 1.31E-11 1.37E-11 1.33E-11 1.27E-11
 2.06E-41 3.48E-31 4.68E-23 4.90E-17 4.26E-14 1.97E-12 6.23E-12 8.76E-12
 1.03E-11 1.19E-11 1.31E-11 1.37E-11 1.34E-11 1.28E-11
 2.08E-41 3.49E-31 4.69E-23 4.89E-17 4.26E-14 1.97E-12 6.22E-12 8.75E-12
 1.03E-11 1.19E-11 1.31E-11 1.37E-11 1.34E-11 1.28E-11
 2.07E-41 3.49E-31 4.67E-23 4.85E-17 4.20E-14 1.94E-12 6.13E-12 8.64E-12
 1.01E-11 1.18E-11 1.30E-11 1.36E-11 1.33E-11 1.27E-11
 2.05E-41 3.42E-31 4.52E-23 4.57E-17 3.87E-14 1.77E-12 5.59E-12 7.90E-12
 9.29E-12 1.08E-11 1.20E-11 1.27E-11 1.25E-11 1.21E-11
 1.92E-41 3.14E-31 4.03E-23 3.96E-17 3.31E-14 1.50E-12 4.73E-12 6.67E-12
 7.83E-12 9.12E-12 1.01E-11 1.07E-11 1.06E-11 1.02E-11
  6.23255    7  14 /pl=01:ss=40:pb= 1:sz=40/type=excit/ispb = t/isel =    6
 1.00E+10 1.00E+11 1.00E+12 1.00E+13 1.00E+14 1.00E+15 1.00E+16
 2.90E+01 4.35E+01 7.24E+01 1.45E+02 2.90E+02 7.24E+02 1.45E+03 2.17E+03
 2.90E+03 4.35E+03 7.24E+03 1.45E+04 2.90E+04 4.35E+04
 6.82E-41 7.12E-31 6.54E-23 5.05E-17 3.63E-14 1.50E-12 4.53E-12 6.27E-12
 7.27E-12 8.32E-12 9.06E-12 9.30E-12 8.87E-12 8.38E-12
 1.26E-40 1.05E-30 8.01E-23 5.48E-17 3.81E-14 1.55E-12 4.70E-12 6.52E-12
 7.57E-12 8.69E-12 9.52E-12 9.87E-12 9.54E-12 9.10E-12
 1.37E-40 1.11E-30 8.19E-23 5.52E-17 3.82E-14 1.56E-12 4.71E-12 6.54E-12
 7.60E-12 8.73E-12 9.56E-12 9.93E-12 9.61E-12 9.18E-12
 1.39E-40 1.11E-30 8.20E-23 5.52E-17 3.82E-14 1.56E-12 4.71E-12 6.54E-12
 7.59E-12 8.72E-12 9.56E-12 9.93E-12 9.61E-12 9.18E-12
 1.39E-40 1.11E-30 8.17E-23 5.48E-17 3.77E-14 1.54E-12 4.64E-12 6.45E-12
 7.49E-12 8.62E-12 9.46E-12 9.84E-12 9.54E-12 9.12E-12
 1.36E-40 1.09E-30 7.89E-23 5.14E-17 3.46E-14 1.40E-12 4.22E-12 5.89E-12
 6.86E-12 7.93E-12 8.76E-12 9.21E-12 9.01E-12 8.67E-12
 1.28E-40 9.96E-31 7.01E-23 4.44E-17 2.96E-14 1.18E-12 3.56E-12 4.95E-12
 5.76E-12 6.64E-12 7.32E-12 7.70E-12 7.55E-12 7.29E-12
  7.45334    7  14 /pl=01:ss=40:pb= 1:sz=40/type=excit/ispb = t/isel =    7
 1.00E+10 1.00E+11 1.00E+12 1.00E+13 1.00E+14 1.00E+15 1.00E+16
 2.90E+01 4.35E+01 7.24E+01 1.45E+02 2.90E+02 7.24E+02 1.45E+03 2.17E+03
 2.90E+03 4.35E+03 7.24E+03 1.45E+04 2.90E+04 4.35E+04
 7.73E-37 1.97E-28 1.25E-21 2.16E-16 9.46E-14 3.13E-12 8.62E-12 1.13E-11
 1.26E-11 1.34E-11 1.32E-11 1.18E-11 9.79E-12 8.63E-12
 1.39E-36 2.89E-28 1.49E-21 2.29E-16 9.76E-14 3.20E-12 8.82E-12 1.16E-11
 1.29E-11 1.38E-11 1.36E-11 1.22E-11 1.03E-11 9.08E-12
 1.51E-36 3.03E-28 1.52E-21 2.30E-16 9.80E-14 3.21E-12 8.84E-12 1.16E-11
 1.29E-11 1.38E-11 1.37E-11 1.23E-11 1.03E-11 9.13E-12
 1.52E-36 3.04E-28 1.52E-21 2.30E-16 9.79E-14 3.21E-12 8.84E-12 1.16E-11
 1.29E-11 1.38E-11 1.37E-11 1.23E-11 1.03E-11 9.14E-12
 1.52E-36 3.04E-28 1.52E-21 2.30E-16 9.74E-14 3.19E-12 8.78E-12 1.15E-11
 1.28E-11 1.37E-11 1.36E-11 1.22E-11 1.03E-11 9.11E-12
 1.51E-36 3.01E-28 1.49E-21 2.23E-16 9.38E-14 3.05E-12 8.41E-12 1.11E-11
 1.23E-11 1.32E-11 1.31E-11 1.18E-11 9.99E-12 8.89E-12
 1.49E-36 2.89E-28 1.41E-21 2.10E-16 8.77E-14 2.84E-12 7.80E-12 1.02E-11
 1.14E-11 1.22E-11 1.21E-11 1.09E-11 9.21E-12 8.20E-12
  14.1649    7  14 /pl=01:ss=40:pb= 1:sz=40/type=excit/ispb = t/isel =    8
 1.00E+10 1.00E+11 1.00E+12 1.00E+13 1.00E+14 1.00E+15 1.00E+16
 2.90E+01 4.35E+01 7.24E+01 1.45E+02 2.90E+02 7.24E+02 1.45E+03 2.17E+03
 2.90E+03 4.35E+03 7.24E+03 1.45E+04 2.90E+04 4.35E+04
 1.32E-24 3.61E-20 1.17E-16 4.25E-14 7.10E-13 3.45E-12 5.74E-12 6.90E-12
 7.63E-12 8.53E-12 9.37E-12 9.93E-12 9.74E-12 9.34E-12
 2.30E-24 5.23E-20 1.41E-16 4.58E-14 7.40E-13 3.56E-12 5.93E-12 7.14E-12
 7.91E-12 8.87E-12 9.79E-12 1.05E-11 1.04E-11 1.00E-11
 2.50E-24 5.48E-20 1.44E-16 4.62E-14 7.44E-13 3.57E-12 5.95E-12 7.16E-12
 7.94E-12 8.90E-12 9.83E-12 1.05E-11 1.05E-11 1.01E-11
 2.52E-24 5.51E-20 1.44E-16 4.62E-14 7.43E-13 3.57E-12 5.94E-12 7.15E-12
 7.93E-12 8.90E-12 9.83E-12 1.05E-11 1.05E-11 1.01E-11
 2.51E-24 5.50E-20 1.44E-16 4.58E-14 7.35E-13 3.52E-12 5.87E-12 7.07E-12
 7.84E-12 8.80E-12 9.73E-12 1.04E-11 1.04E-11 1.01E-11
 2.49E-24 5.40E-20 1.39E-16 4.33E-14 6.79E-13 3.22E-12 5.38E-12 6.50E-12
 7.23E-12 8.15E-12 9.07E-12 9.81E-12 9.85E-12 9.60E-12
 2.36E-24 5.01E-20 1.25E-16 3.79E-14 5.89E-13 2.78E-12 4.61E-12 5.55E-12
 6.16E-12 6.93E-12 7.69E-12 8.31E-12 8.36E-12 8.17E-12
  17.7790    7  14 /pl=01:ss=40:pb= 1:sz=40/type=excit/ispb = t/isel =    9
 1.00E+10 1.00E+11 1.00E+12 1.00E+13 1.00E+14 1.00E+15 1.00E+16
 2.90E+01 4.35E+01 7.24E+01 1.45E+02 2.90E+02 7.24E+02 1.45E+03 2.17E+03
 2.90E+03 4.35E+03 7.24E+03 1.45E+04 2.90E+04 4.35E+04
 9.62E-22 3.29E-18 1.94E-15 1.95E-13 1.75E-12 6.10E-12 9.24E-12 1.07E-11
 1.16E-11 1.26E-11 1.34E-11 1.36E-11 1.29E-11 1.23E-11
 1.32E-21 3.87E-18 2.05E-15 1.97E-13 1.75E-12 6.08E-12 9.20E-12 1.07E-11
 1.16E-11 1.25E-11 1.33E-11 1.34E-11 1.27E-11 1.21E-11
 1.39E-21 3.96E-18 2.06E-15 1.97E-13 1.75E-12 6.07E-12 9.20E-12 1.07E-11
 1.15E-11 1.25E-11 1.33E-11 1.34E-11 1.27E-11 1.21E-11
 1.40E-21 3.97E-18 2.07E-15 1.97E-13 1.75E-12 6.07E-12 9.19E-12 1.07E-11
 1.15E-11 1.25E-11 1.33E-11 1.34E-11 1.27E-11 1.21E-11
 1.40E-21 3.97E-18 2.06E-15 1.96E-13 1.73E-12 6.01E-12 9.11E-12 1.06E-11
 1.14E-11 1.24E-11 1.32E-11 1.33E-11 1.27E-11 1.20E-11
 1.40E-21 3.95E-18 2.03E-15 1.90E-13 1.65E-12 5.68E-12 8.60E-12 9.99E-12
 1.08E-11 1.17E-11 1.25E-11 1.28E-11 1.22E-11 1.16E-11
 1.40E-21 3.86E-18 1.94E-15 1.76E-13 1.52E-12 5.18E-12 7.79E-12 9.03E-12
 9.76E-12 1.05E-11 1.12E-11 1.14E-11 1.09E-11 1.04E-11
  19.4156    7  14 /pl=01:ss=40:pb= 1:sz=40/type=excit/ispb = t/isel =   10
 1.00E+10 1.00E+11 1.00E+12 1.00E+13 1.00E+14 1.00E+15 1.00E+16
 2.90E+01 4.35E+01 7.24E+01 1.45E+02 2.90E+02 7.24E+02 1.45E+03 2.17E+03
 2.90E+03 4.35E+03 7.24E+03 1.45E+04 2.90E+04 4.35E+04
 5.71E-23 6.07E-19 9.19E-16 1.83E-13 2.14E-12 7.55E-12 9.95E-12 1.03E-11
 1.01E-11 9.59E-12 8.44E-12 6.80E-12 5.22E-12 4.41E-12
 9.69E-23 8.58E-19 1.09E-15 1.95E-13 2.22E-12 7.76E-12 1.02E-11 1.06E-11
 1.05E-11 9.90E-12 8.75E-12 7.09E-12 5.49E-12 4.67E-12
 1.05E-22 8.97E-19 1.11E-15 1.97E-13 2.23E-12 7.79E-12 1.03E-11 1.06E-11
 1.05E-11 9.93E-12 8.78E-12 7.12E-12 5.52E-12 4.70E-12
 1.06E-22 9.01E-19 1.12E-15 1.97E-13 2.23E-12 7.78E-12 1.03E-11 1.06E-11
 1.05E-11 9.92E-12 8.78E-12 7.12E-12 5.52E-12 4.70E-12
 1.06E-22 8.99E-19 1.11E-15 1.95E-13 2.20E-12 7.67E-12 1.01E-11 1.05E-11
 1.04E-11 9.82E-12 8.69E-12 7.07E-12 5.49E-12 4.67E-12
 1.04E-22 8.83E-19 1.08E-15 1.84E-13 2.03E-12 7.02E-12 9.27E-12 9.61E-12
 9.54E-12 9.09E-12 8.11E-12 6.65E-12 5.22E-12 4.46E-12
 9.87E-23 8.17E-19 9.67E-16 1.61E-13 1.75E-12 6.02E-12 7.92E-12 8.20E-12
 8.13E-12 7.74E-12 6.90E-12 5.67E-12 4.46E-12 3.83E-12
  20.5944    7  14 /pl=01:ss=40:pb= 1:sz=40/type=excit/ispb = t/isel =   11
 1.00E+10 1.00E+11 1.00E+12 1.00E+13 1.00E+14 1.00E+15 1.00E+16
 2.90E+01 4.35E+01 7.24E+01 1.45E+02 2.90E+02 7.24E+02 1.45E+03 2.17E+03
 2.90E+03 4.35E+03 7.24E+03 1.45E+04 2.90E+04 4.35E+04
 3.44E-23 4.18E-19 6.72E-16 1.39E-13 1.67E-12 6.03E-12 8.03E-12 8.28E-12
 8.19E-12 7.70E-12 6.85E-12 5.50E-12 4.23E-12 3.58E-12
 4.94E-23 5.11E-19 7.26E-16 1.42E-13 1.68E-12 6.04E-12 8.04E-12 8.28E-12
 8.20E-12 7.71E-12 6.85E-12 5.50E-12 4.23E-12 3.59E-12
 5.23E-23 5.26E-19 7.33E-16 1.42E-13 1.69E-12 6.04E-12 8.04E-12 8.28E-12
 8.20E-12 7.71E-12 6.85E-12 5.50E-12 4.24E-12 3.59E-12
 5.26E-23 5.27E-19 7.33E-16 1.42E-13 1.68E-12 6.03E-12 8.03E-12 8.27E-12
 8.19E-12 7.70E-12 6.85E-12 5.50E-12 4.23E-12 3.59E-12
 5.26E-23 5.26E-19 7.31E-16 1.41E-13 1.67E-12 5.96E-12 7.93E-12 8.18E-12
 8.10E-12 7.62E-12 6.78E-12 5.46E-12 4.21E-12 3.57E-12
 5.20E-23 5.18E-19 7.11E-16 1.34E-13 1.55E-12 5.48E-12 7.31E-12 7.56E-12
 7.50E-12 7.09E-12 6.35E-12 5.16E-12 4.01E-12 3.42E-12
 4.98E-23 4.85E-19 6.47E-16 1.19E-13 1.35E-12 4.76E-12 6.31E-12 6.52E-12
 6.46E-12 6.10E-12 5.46E-12 4.43E-12 3.46E-12 2.95E-12
  36.4285    7  14 /pl=01:ss=40:pb= 1:sz=40/type=excit/ispb = t/isel =   12
 1.00E+10 1.00E+11 1.00E+12 1.00E+13 1.00E+14 1.00E+15 1.00E+16
 2.90E+01 4.35E+01 7.24E+01 1.45E+02 2.90E+02 7.24E+02 1.45E+03 2.17E+03
 2.90E+03 4.35E+03 7.24E+03 1.45E+04 2.90E+04 4.35E+04
 6.00E-15 3.50E-13 8.46E-12 7.74E-11 2.02E-10 3.12E-10 3.27E-10 3.16E-10
 3.05E-10 2.82E-10 2.50E-10 2.05E-10 1.65E-10 1.43E-10
 1.08E-14 5.18E-13 1.03E-11 8.39E-11 2.12E-10 3.24E-10 3.39E-10 3.28E-10
 3.17E-10 2.94E-10 2.62E-10 2.17E-10 1.77E-10 1.54E-10
 1.17E-14 5.45E-13 1.06E-11 8.46E-11 2.13E-10 3.25E-10 3.40E-10 3.29E-10
 3.18E-10 2.96E-10 2.63E-10 2.19E-10 1.78E-10 1.56E-10
 1.18E-14 5.47E-13 1.06E-11 8.46E-11 2.12E-10 3.24E-10 3.39E-10 3.29E-10
 3.18E-10 2.96E-10 2.63E-10 2.19E-10 1.78E-10 1.56E-10
 1.18E-14 5.46E-13 1.06E-11 8.39E-11 2.10E-10 3.20E-10 3.35E-10 3.25E-10
 3.14E-10 2.92E-10 2.60E-10 2.17E-10 1.77E-10 1.55E-10
 1.16E-14 5.35E-13 1.02E-11 7.88E-11 1.93E-10 2.91E-10 3.05E-10 2.97E-10
 2.88E-10 2.69E-10 2.41E-10 2.03E-10 1.67E-10 1.47E-10
 1.09E-14 4.90E-13 9.06E-12 6.81E-11 1.65E-10 2.47E-10 2.57E-10 2.50E-10
 2.42E-10 2.26E-10 2.02E-10 1.70E-10 1.40E-10 1.24E-10
  36.9316    7  14 /pl=01:ss=40:pb= 1:sz=40/type=excit/ispb = t/isel =   13
 1.00E+10 1.00E+11 1.00E+12 1.00E+13 1.00E+14 1.00E+15 1.00E+16
 2.90E+01 4.35E+01 7.24E+01 1.45E+02 2.90E+02 7.24E+02 1.45E+03 2.17E+03
 2.90E+03 4.35E+03 7.24E+03 1.45E+04 2.90E+04 4.35E+04
 3.08E-14 9.35E-13 1.11E-11 5.45E-11 1.07E-10 1.45E-10 1.49E-10 1.46E-10
 1.42E-10 1.34E-10 1.23E-10 1.08E-10 9.35E-11 8.57E-11
 2.26E-14 6.08E-13 7.38E-12 4.14E-11 8.80E-11 1.22E-10 1.25E-10 1.21E-10
 1.17E-10 1.09E-10 9.79E-11 8.26E-11 6.81E-11 6.03E-11
 2.09E-14 5.57E-13 6.91E-12 4.00E-11 8.59E-11 1.20E-10 1.23E-10 1.18E-10
 1.14E-10 1.06E-10 9.52E-11 7.98E-11 6.53E-11 5.75E-11
 2.08E-14 5.52E-13 6.86E-12 3.99E-11 8.58E-11 1.20E-10 1.22E-10 1.18E-10
 1.14E-10 1.06E-10 9.50E-11 7.96E-11 6.50E-11 5.73E-11
 2.08E-14 5.54E-13 6.89E-12 4.01E-11 8.63E-11 1.20E-10 1.23E-10 1.19E-10
 1.14E-10 1.06E-10 9.52E-11 7.97E-11 6.51E-11 5.73E-11
 2.16E-14 5.74E-13 7.14E-12 4.17E-11 8.94E-11 1.24E-10 1.26E-10 1.22E-10
 1.17E-10 1.09E-10 9.71E-11 8.11E-11 6.61E-11 5.81E-11
 2.49E-14 6.53E-13 7.96E-12 4.49E-11 9.41E-11 1.28E-10 1.30E-10 1.26E-10
 1.21E-10 1.12E-10 1.00E-10 8.40E-11 6.84E-11 6.02E-11
  42.0663    7  14 /pl=01:ss=40:pb= 1:sz=40/type=excit/ispb = t/isel =   14
 1.00E+10 1.00E+11 1.00E+12 1.00E+13 1.00E+14 1.00E+15 1.00E+16
 2.90E+01 4.35E+01 7.24E+01 1.45E+02 2.90E+02 7.24E+02 1.45E+03 2.17E+03
 2.90E+03 4.35E+03 7.24E+03 1.45E+04 2.90E+04 4.35E+04
 2.18E-14 6.62E-13 7.88E-12 3.86E-11 7.60E-11 1.03E-10 1.06E-10 1.03E-10
 1.00E-10 9.50E-11 8.72E-11 7.65E-11 6.62E-11 6.06E-11
 1.60E-14 4.30E-13 5.22E-12 2.93E-11 6.23E-11 8.66E-11 8.85E-11 8.57E-11
 8.26E-11 7.71E-11 6.93E-11 5.84E-11 4.82E-11 4.27E-11
 1.48E-14 3.95E-13 4.89E-12 2.83E-11 6.08E-11 8.49E-11 8.68E-11 8.39E-11
 8.08E-11 7.53E-11 6.74E-11 5.65E-11 4.62E-11 4.07E-11
 1.47E-14 3.91E-13 4.86E-12 2.82E-11 6.07E-11 8.47E-11 8.66E-11 8.37E-11
 8.06E-11 7.51E-11 6.72E-11 5.63E-11 4.60E-11 4.05E-11
 1.48E-14 3.92E-13 4.88E-12 2.84E-11 6.11E-11 8.52E-11 8.70E-11 8.41E-11
 8.09E-11 7.53E-11 6.74E-11 5.64E-11 4.61E-11 4.06E-11
 1.53E-14 4.06E-13 5.06E-12 2.95E-11 6.33E-11 8.78E-11 8.93E-11 8.62E-11
 8.28E-11 7.70E-11 6.87E-11 5.74E-11 4.68E-11 4.11E-11
 1.76E-14 4.62E-13 5.63E-12 3.18E-11 6.66E-11 9.10E-11 9.22E-11 8.89E-11
 8.55E-11 7.95E-11 7.10E-11 5.94E-11 4.84E-11 4.26E-11
  44.8831    7  14 /pl=01:ss=40:pb= 1:sz=40/type=excit/ispb = t/isel =   15
 1.00E+10 1.00E+11 1.00E+12 1.00E+13 1.00E+14 1.00E+15 1.00E+16
 2.90E+01 4.35E+01 7.24E+01 1.45E+02 2.90E+02 7.24E+02 1.45E+03 2.17E+03
 2.90E+03 4.35E+03 7.24E+03 1.45E+04 2.90E+04 4.35E+04
 3.53E-14 5.92E-13 4.98E-12 2.06E-11 3.65E-11 4.50E-11 4.38E-11 4.15E-11
 3.95E-11 3.62E-11 3.21E-11 2.65E-11 2.15E-11 1.89E-11
 5.08E-14 7.25E-13 5.39E-12 2.10E-11 3.68E-11 4.51E-11 4.39E-11 4.15E-11
 3.95E-11 3.62E-11 3.20E-11 2.65E-11 2.14E-11 1.89E-11
 5.38E-14 7.46E-13 5.44E-12 2.10E-11 3.68E-11 4.51E-11 4.39E-11 4.15E-11
 3.95E-11 3.62E-11 3.20E-11 2.65E-11 2.14E-11 1.88E-11
 5.41E-14 7.48E-13 5.44E-12 2.10E-11 3.67E-11 4.51E-11 4.39E-11 4.15E-11
 3.95E-11 3.62E-11 3.20E-11 2.65E-11 2.14E-11 1.88E-11
 5.41E-14 7.48E-13 5.43E-12 2.09E-11 3.64E-11 4.46E-11 4.34E-11 4.11E-11
 3.91E-11 3.59E-11 3.18E-11 2.63E-11 2.13E-11 1.88E-11
 5.41E-14 7.42E-13 5.33E-12 2.01E-11 3.45E-11 4.18E-11 4.07E-11 3.86E-11
 3.68E-11 3.39E-11 3.02E-11 2.51E-11 2.05E-11 1.81E-11
 5.37E-14 7.19E-13 5.03E-12 1.84E-11 3.12E-11 3.75E-11 3.64E-11 3.44E-11
 3.28E-11 3.01E-11 2.68E-11 2.23E-11 1.82E-11 1.61E-11
  47.2804    7  14 /pl=01:ss=40:pb= 1:sz=40/type=excit/ispb = t/isel =   16
 1.00E+10 1.00E+11 1.00E+12 1.00E+13 1.00E+14 1.00E+15 1.00E+16
 2.90E+01 4.35E+01 7.24E+01 1.45E+02 2.90E+02 7.24E+02 1.45E+03 2.17E+03
 2.90E+03 4.35E+03 7.24E+03 1.45E+04 2.90E+04 4.35E+04
 3.31E-18 5.47E-16 4.08E-14 9.11E-13 3.76E-12 7.56E-12 8.40E-12 8.14E-12
 7.80E-12 7.10E-12 6.13E-12 4.83E-12 3.69E-12 3.12E-12
 6.32E-18 8.09E-16 4.94E-14 9.82E-13 3.91E-12 7.76E-12 8.59E-12 8.31E-12
 7.96E-12 7.24E-12 6.25E-12 4.92E-12 3.76E-12 3.18E-12
 1.20E-17 1.00E-15 5.32E-14 1.02E-12 4.01E-12 7.89E-12 8.72E-12 8.43E-12
 8.07E-12 7.34E-12 6.32E-12 4.97E-12 3.80E-12 3.21E-12
 6.37E-17 2.55E-15 8.02E-14 1.29E-12 4.80E-12 9.08E-12 9.86E-12 9.46E-12
 9.01E-12 8.14E-12 6.95E-12 5.41E-12 4.09E-12 3.44E-12
 5.74E-16 1.78E-14 3.44E-13 3.89E-12 1.22E-11 2.03E-11 2.06E-11 1.92E-11
 1.79E-11 1.58E-11 1.30E-11 9.62E-12 6.90E-12 5.62E-12
 5.04E-15 1.50E-13 2.51E-12 2.25E-11 6.01E-11 8.92E-11 8.84E-11 8.20E-11
 7.65E-11 6.75E-11 5.57E-11 4.10E-11 2.90E-11 2.32E-11
 2.36E-14 6.81E-13 9.37E-12 6.11E-11 1.36E-10 1.88E-10 1.90E-10 1.81E-10
 1.74E-10 1.60E-10 1.40E-10 1.14E-10 8.88E-11 7.58E-11
  47.7737    7  14 /pl=01:ss=40:pb= 1:sz=40/type=excit/ispb = t/isel =   17
 1.00E+10 1.00E+11 1.00E+12 1.00E+13 1.00E+14 1.00E+15 1.00E+16
 2.90E+01 4.35E+01 7.24E+01 1.45E+02 2.90E+02 7.24E+02 1.45E+03 2.17E+03
 2.90E+03 4.35E+03 7.24E+03 1.45E+04 2.90E+04 4.35E+04
 4.72E-14 1.10E-12 1.26E-11 6.73E-11 1.35E-10 1.78E-10 1.78E-10 1.70E-10
 1.62E-10 1.50E-10 1.33E-10 1.10E-10 8.82E-11 7.67E-11
 8.46E-14 1.62E-12 1.54E-11 7.25E-11 1.41E-10 1.84E-10 1.83E-10 1.76E-10
 1.68E-10 1.56E-10 1.39E-10 1.15E-10 9.38E-11 8.23E-11
 9.19E-14 1.70E-12 1.57E-11 7.31E-11 1.41E-10 1.84E-10 1.84E-10 1.76E-10
 1.68E-10 1.56E-10 1.39E-10 1.16E-10 9.44E-11 8.29E-11
 9.27E-14 1.71E-12 1.57E-11 7.31E-11 1.41E-10 1.84E-10 1.83E-10 1.76E-10
 1.68E-10 1.56E-10 1.39E-10 1.16E-10 9.45E-11 8.29E-11
 9.29E-14 1.71E-12 1.57E-11 7.29E-11 1.40E-10 1.83E-10 1.82E-10 1.75E-10
 1.67E-10 1.55E-10 1.38E-10 1.16E-10 9.41E-11 8.27E-11
 9.39E-14 1.72E-12 1.56E-11 7.14E-11 1.35E-10 1.75E-10 1.74E-10 1.67E-10
 1.60E-10 1.49E-10 1.33E-10 1.12E-10 9.15E-11 8.06E-11
 9.82E-14 1.74E-12 1.54E-11 6.81E-11 1.27E-10 1.62E-10 1.61E-10 1.54E-10
 1.48E-10 1.37E-10 1.22E-10 1.03E-10 8.41E-11 7.41E-11
  48.1556    7  14 /pl=01:ss=40:pb= 1:sz=40/type=excit/ispb = t/isel =   18
 1.00E+10 1.00E+11 1.00E+12 1.00E+13 1.00E+14 1.00E+15 1.00E+16
 2.90E+01 4.35E+01 7.24E+01 1.45E+02 2.90E+02 7.24E+02 1.45E+03 2.17E+03
 2.90E+03 4.35E+03 7.24E+03 1.45E+04 2.90E+04 4.35E+04
 6.09E-15 1.43E-13 1.79E-12 1.18E-11 2.84E-11 4.20E-11 4.24E-11 4.03E-11
 3.81E-11 3.45E-11 3.00E-11 2.40E-11 1.88E-11 1.62E-11
 1.09E-14 2.09E-13 2.15E-12 1.25E-11 2.92E-11 4.28E-11 4.31E-11 4.09E-11
 3.88E-11 3.52E-11 3.06E-11 2.46E-11 1.94E-11 1.68E-11
 1.19E-14 2.20E-13 2.19E-12 1.26E-11 2.93E-11 4.29E-11 4.32E-11 4.10E-11
 3.89E-11 3.53E-11 3.07E-11 2.47E-11 1.95E-11 1.69E-11
 1.20E-14 2.21E-13 2.20E-12 1.26E-11 2.93E-11 4.30E-11 4.33E-11 4.11E-11
 3.90E-11 3.53E-11 3.07E-11 2.47E-11 1.95E-11 1.69E-11
 1.20E-14 2.21E-13 2.20E-12 1.27E-11 2.98E-11 4.38E-11 4.41E-11 4.18E-11
 3.96E-11 3.58E-11 3.11E-11 2.50E-11 1.96E-11 1.70E-11
 1.19E-14 2.20E-13 2.22E-12 1.33E-11 3.25E-11 4.89E-11 4.92E-11 4.64E-11
 4.37E-11 3.93E-11 3.37E-11 2.67E-11 2.07E-11 1.78E-11
 1.19E-14 2.17E-13 2.27E-12 1.46E-11 3.68E-11 5.60E-11 5.67E-11 5.36E-11
 5.05E-11 4.54E-11 3.89E-11 3.06E-11 2.36E-11 2.01E-11
  49.4257    7  14 /pl=01:ss=40:pb= 1:sz=40/type=excit/ispb = t/isel =   19
 1.00E+10 1.00E+11 1.00E+12 1.00E+13 1.00E+14 1.00E+15 1.00E+16
 2.90E+01 4.35E+01 7.24E+01 1.45E+02 2.90E+02 7.24E+02 1.45E+03 2.17E+03
 2.90E+03 4.35E+03 7.24E+03 1.45E+04 2.90E+04 4.35E+04
 1.91E-14 5.78E-13 6.88E-12 3.37E-11 6.64E-11 8.98E-11 9.23E-11 9.01E-11
 8.76E-11 8.30E-11 7.63E-11 6.69E-11 5.79E-11 5.30E-11
 1.40E-14 3.76E-13 4.56E-12 2.56E-11 5.44E-11 7.57E-11 7.74E-11 7.49E-11
 7.22E-11 6.74E-11 6.06E-11 5.11E-11 4.21E-11 3.73E-11
 1.30E-14 3.45E-13 4.27E-12 2.48E-11 5.32E-11 7.42E-11 7.58E-11 7.33E-11
 7.06E-11 6.58E-11 5.89E-11 4.94E-11 4.04E-11 3.56E-11
 1.29E-14 3.42E-13 4.25E-12 2.47E-11 5.31E-11 7.41E-11 7.57E-11 7.32E-11
 7.05E-11 6.57E-11 5.88E-11 4.92E-11 4.03E-11 3.54E-11
 1.29E-14 3.43E-13 4.26E-12 2.48E-11 5.34E-11 7.44E-11 7.60E-11 7.35E-11
 7.07E-11 6.59E-11 5.89E-11 4.93E-11 4.03E-11 3.55E-11
 1.34E-14 3.55E-13 4.42E-12 2.58E-11 5.53E-11 7.67E-11 7.81E-11 7.53E-11
 7.24E-11 6.73E-11 6.01E-11 5.02E-11 4.09E-11 3.59E-11
 1.54E-14 4.04E-13 4.92E-12 2.78E-11 5.82E-11 7.95E-11 8.06E-11 7.77E-11
 7.47E-11 6.95E-11 6.21E-11 5.20E-11 4.23E-11 3.73E-11
  50.2207    7  14 /pl=01:ss=40:pb= 1:sz=40/type=excit/ispb = t/isel =   20
 1.00E+10 1.00E+11 1.00E+12 1.00E+13 1.00E+14 1.00E+15 1.00E+16
 2.90E+01 4.35E+01 7.24E+01 1.45E+02 2.90E+02 7.24E+02 1.45E+03 2.17E+03
 2.90E+03 4.35E+03 7.24E+03 1.45E+04 2.90E+04 4.35E+04
 4.08E-14 4.91E-13 3.18E-12 1.08E-11 1.74E-11 2.02E-11 1.94E-11 1.83E-11
 1.74E-11 1.60E-11 1.42E-11 1.18E-11 9.54E-12 8.37E-12
 6.01E-14 6.14E-13 3.49E-12 1.11E-11 1.76E-11 2.03E-11 1.95E-11 1.84E-11
 1.74E-11 1.61E-11 1.42E-11 1.18E-11 9.62E-12 8.45E-12
 6.39E-14 6.34E-13 3.52E-12 1.11E-11 1.76E-11 2.03E-11 1.95E-11 1.84E-11
 1.74E-11 1.61E-11 1.42E-11 1.18E-11 9.63E-12 8.46E-12
 6.43E-14 6.36E-13 3.53E-12 1.11E-11 1.76E-11 2.03E-11 1.94E-11 1.84E-11
 1.74E-11 1.61E-11 1.42E-11 1.18E-11 9.62E-12 8.46E-12
 6.44E-14 6.36E-13 3.52E-12 1.11E-11 1.75E-11 2.01E-11 1.93E-11 1.82E-11
 1.73E-11 1.60E-11 1.41E-11 1.18E-11 9.58E-12 8.43E-12
 6.47E-14 6.35E-13 3.49E-12 1.08E-11 1.68E-11 1.92E-11 1.84E-11 1.74E-11
 1.65E-11 1.53E-11 1.36E-11 1.13E-11 9.28E-12 8.19E-12
 6.61E-14 6.31E-13 3.37E-12 1.01E-11 1.56E-11 1.77E-11 1.68E-11 1.59E-11
 1.51E-11 1.39E-11 1.23E-11 1.03E-11 8.42E-12 7.44E-12
  50.9243    7  14 /pl=01:ss=40:pb= 1:sz=40/type=excit/ispb = t/isel =   21
 1.00E+10 1.00E+11 1.00E+12 1.00E+13 1.00E+14 1.00E+15 1.00E+16
 2.90E+01 4.35E+01 7.24E+01 1.45E+02 2.90E+02 7.24E+02 1.45E+03 2.17E+03
 2.90E+03 4.35E+03 7.24E+03 1.45E+04 2.90E+04 4.35E+04
 2.24E-17 4.02E-15 2.34E-13 4.03E-12 1.37E-11 2.24E-11 2.19E-11 2.00E-11
 1.85E-11 1.60E-11 1.30E-11 9.59E-12 6.90E-12 5.66E-12
 4.02E-17 5.95E-15 2.86E-13 4.37E-12 1.44E-11 2.32E-11 2.27E-11 2.08E-11
 1.92E-11 1.67E-11 1.37E-11 1.02E-11 7.40E-12 6.12E-12
 4.37E-17 6.25E-15 2.93E-13 4.41E-12 1.45E-11 2.33E-11 2.28E-11 2.09E-11
 1.93E-11 1.68E-11 1.37E-11 1.02E-11 7.45E-12 6.17E-12
 4.41E-17 6.29E-15 2.93E-13 4.42E-12 1.45E-11 2.33E-11 2.28E-11 2.09E-11
 1.93E-11 1.68E-11 1.37E-11 1.02E-11 7.46E-12 6.18E-12
 4.43E-17 6.31E-15 2.94E-13 4.42E-12 1.45E-11 2.33E-11 2.28E-11 2.09E-11
 1.93E-11 1.67E-11 1.37E-11 1.02E-11 7.45E-12 6.17E-12
 4.57E-17 6.46E-15 3.00E-13 4.48E-12 1.45E-11 2.32E-11 2.27E-11 2.08E-11
 1.92E-11 1.66E-11 1.36E-11 1.02E-11 7.42E-12 6.15E-12
 5.16E-17 7.06E-15 3.17E-13 4.58E-12 1.45E-11 2.29E-11 2.23E-11 2.04E-11
 1.88E-11 1.63E-11 1.34E-11 1.00E-11 7.31E-12 6.07E-12
  51.3321    7  14 /pl=01:ss=40:pb= 1:sz=40/type=excit/ispb = t/isel =   22
 1.00E+10 1.00E+11 1.00E+12 1.00E+13 1.00E+14 1.00E+15 1.00E+16
 2.90E+01 4.35E+01 7.24E+01 1.45E+02 2.90E+02 7.24E+02 1.45E+03 2.17E+03
 2.90E+03 4.35E+03 7.24E+03 1.45E+04 2.90E+04 4.35E+04
 9.86E-14 1.84E-12 1.78E-11 8.25E-11 1.53E-10 1.91E-10 1.87E-10 1.76E-10
 1.68E-10 1.54E-10 1.35E-10 1.10E-10 8.80E-11 7.64E-11
 1.77E-13 2.73E-12 2.18E-11 8.94E-11 1.60E-10 1.98E-10 1.93E-10 1.83E-10
 1.74E-10 1.60E-10 1.41E-10 1.17E-10 9.44E-11 8.27E-11
 1.93E-13 2.87E-12 2.23E-11 9.02E-11 1.61E-10 1.99E-10 1.94E-10 1.84E-10
 1.75E-10 1.61E-10 1.42E-10 1.17E-10 9.51E-11 8.34E-11
 1.94E-13 2.88E-12 2.23E-11 9.03E-11 1.61E-10 1.99E-10 1.94E-10 1.84E-10
 1.75E-10 1.61E-10 1.42E-10 1.17E-10 9.52E-11 8.35E-11
 1.96E-13 2.90E-12 2.24E-11 9.09E-11 1.62E-10 2.00E-10 1.95E-10 1.85E-10
 1.76E-10 1.62E-10 1.42E-10 1.18E-10 9.54E-11 8.36E-11
 2.06E-13 3.02E-12 2.34E-11 9.49E-11 1.69E-10 2.07E-10 2.02E-10 1.90E-10
 1.81E-10 1.66E-10 1.46E-10 1.20E-10 9.71E-11 8.50E-11
 2.49E-13 3.53E-12 2.63E-11 1.03E-10 1.79E-10 2.16E-10 2.10E-10 1.98E-10
 1.88E-10 1.73E-10 1.52E-10 1.25E-10 1.01E-10 8.88E-11
  52.7009    7  14 /pl=01:ss=40:pb= 1:sz=40/type=excit/ispb = t/isel =   23
 1.00E+10 1.00E+11 1.00E+12 1.00E+13 1.00E+14 1.00E+15 1.00E+16
 2.90E+01 4.35E+01 7.24E+01 1.45E+02 2.90E+02 7.24E+02 1.45E+03 2.17E+03
 2.90E+03 4.35E+03 7.24E+03 1.45E+04 2.90E+04 4.35E+04
 1.07E-13 1.80E-12 1.51E-11 6.24E-11 1.11E-10 1.37E-10 1.33E-10 1.26E-10
 1.20E-10 1.10E-10 9.73E-11 8.05E-11 6.53E-11 5.74E-11
 1.54E-13 2.20E-12 1.64E-11 6.37E-11 1.12E-10 1.37E-10 1.33E-10 1.26E-10
 1.20E-10 1.10E-10 9.73E-11 8.04E-11 6.51E-11 5.72E-11
 1.63E-13 2.26E-12 1.65E-11 6.38E-11 1.12E-10 1.37E-10 1.33E-10 1.26E-10
 1.20E-10 1.10E-10 9.73E-11 8.04E-11 6.51E-11 5.72E-11
 1.64E-13 2.27E-12 1.65E-11 6.38E-11 1.12E-10 1.37E-10 1.33E-10 1.26E-10
 1.20E-10 1.10E-10 9.72E-11 8.03E-11 6.50E-11 5.72E-11
 1.64E-13 2.27E-12 1.65E-11 6.35E-11 1.11E-10 1.35E-10 1.32E-10 1.25E-10
 1.19E-10 1.09E-10 9.65E-11 7.99E-11 6.47E-11 5.69E-11
 1.64E-13 2.25E-12 1.62E-11 6.10E-11 1.05E-10 1.27E-10 1.24E-10 1.17E-10
 1.12E-10 1.03E-10 9.16E-11 7.63E-11 6.22E-11 5.49E-11
 1.63E-13 2.18E-12 1.53E-11 5.59E-11 9.46E-11 1.14E-10 1.10E-10 1.05E-10
 9.96E-11 9.15E-11 8.13E-11 6.77E-11 5.53E-11 4.89E-11
  56.0601    7  14 /pl=01:ss=40:pb= 1:sz=40/type=excit/ispb = t/isel =   24
 1.00E+10 1.00E+11 1.00E+12 1.00E+13 1.00E+14 1.00E+15 1.00E+16
 2.90E+01 4.35E+01 7.24E+01 1.45E+02 2.90E+02 7.24E+02 1.45E+03 2.17E+03
 2.90E+03 4.35E+03 7.24E+03 1.45E+04 2.90E+04 4.35E+04
 2.14E-18 6.14E-16 5.23E-14 1.19E-12 4.68E-12 8.33E-12 8.45E-12 7.79E-12
 7.25E-12 6.33E-12 5.22E-12 3.90E-12 2.85E-12 2.35E-12
 3.85E-18 9.10E-16 6.40E-14 1.29E-12 4.90E-12 8.64E-12 8.76E-12 8.10E-12
 7.55E-12 6.61E-12 5.48E-12 4.13E-12 3.05E-12 2.54E-12
 4.18E-18 9.56E-16 6.55E-14 1.30E-12 4.93E-12 8.67E-12 8.80E-12 8.13E-12
 7.58E-12 6.63E-12 5.51E-12 4.16E-12 3.07E-12 2.56E-12
 4.22E-18 9.62E-16 6.56E-14 1.30E-12 4.93E-12 8.69E-12 8.81E-12 8.14E-12
 7.59E-12 6.64E-12 5.51E-12 4.16E-12 3.08E-12 2.56E-12
 4.25E-18 9.68E-16 6.61E-14 1.31E-12 4.98E-12 8.76E-12 8.88E-12 8.20E-12
 7.64E-12 6.69E-12 5.54E-12 4.18E-12 3.09E-12 2.57E-12
 4.52E-18 1.02E-15 6.95E-14 1.39E-12 5.26E-12 9.22E-12 9.31E-12 8.59E-12
 7.99E-12 6.98E-12 5.77E-12 4.34E-12 3.19E-12 2.65E-12
 5.63E-18 1.22E-15 8.05E-14 1.56E-12 5.76E-12 9.97E-12 1.01E-11 9.30E-12
 8.65E-12 7.58E-12 6.27E-12 4.73E-12 3.50E-12 2.91E-12
  57.4964    7  14 /pl=01:ss=40:pb= 1:sz=40/type=excit/ispb = t/isel =   25
 1.00E+10 1.00E+11 1.00E+12 1.00E+13 1.00E+14 1.00E+15 1.00E+16
 2.90E+01 4.35E+01 7.24E+01 1.45E+02 2.90E+02 7.24E+02 1.45E+03 2.17E+03
 2.90E+03 4.35E+03 7.24E+03 1.45E+04 2.90E+04 4.35E+04
 1.21E-14 2.81E-13 3.24E-12 1.73E-11 3.46E-11 4.57E-11 4.55E-11 4.36E-11
 4.17E-11 3.85E-11 3.41E-11 2.82E-11 2.26E-11 1.97E-11
 2.17E-14 4.15E-13 3.94E-12 1.86E-11 3.60E-11 4.71E-11 4.69E-11 4.50E-11
 4.31E-11 3.99E-11 3.55E-11 2.96E-11 2.41E-11 2.11E-11
 2.36E-14 4.36E-13 4.02E-12 1.87E-11 3.62E-11 4.73E-11 4.71E-11 4.52E-11
 4.32E-11 4.00E-11 3.57E-11 2.98E-11 2.42E-11 2.12E-11
 2.38E-14 4.38E-13 4.03E-12 1.87E-11 3.62E-11 4.72E-11 4.70E-11 4.52E-11
 4.32E-11 4.00E-11 3.57E-11 2.98E-11 2.42E-11 2.13E-11
 2.38E-14 4.38E-13 4.03E-12 1.87E-11 3.60E-11 4.69E-11 4.67E-11 4.49E-11
 4.29E-11 3.98E-11 3.55E-11 2.96E-11 2.41E-11 2.12E-11
 2.41E-14 4.40E-13 4.01E-12 1.83E-11 3.47E-11 4.49E-11 4.46E-11 4.29E-11
 4.11E-11 3.82E-11 3.42E-11 2.87E-11 2.35E-11 2.07E-11
 2.52E-14 4.46E-13 3.94E-12 1.75E-11 3.25E-11 4.16E-11 4.12E-11 3.95E-11
 3.78E-11 3.51E-11 3.14E-11 2.63E-11 2.16E-11 1.90E-11
  57.8102    7  14 /pl=01:ss=40:pb= 1:sz=40/type=excit/ispb = t/isel =   26
 1.00E+10 1.00E+11 1.00E+12 1.00E+13 1.00E+14 1.00E+15 1.00E+16
 2.90E+01 4.35E+01 7.24E+01 1.45E+02 2.90E+02 7.24E+02 1.45E+03 2.17E+03
 2.90E+03 4.35E+03 7.24E+03 1.45E+04 2.90E+04 4.35E+04
 1.85E-15 2.99E-14 3.41E-13 2.36E-12 5.85E-12 8.80E-12 8.87E-12 8.35E-12
 7.84E-12 7.03E-12 5.97E-12 4.65E-12 3.53E-12 2.99E-12
 3.30E-15 4.28E-14 3.95E-13 2.46E-12 5.95E-12 8.89E-12 8.96E-12 8.44E-12
 7.93E-12 7.12E-12 6.06E-12 4.74E-12 3.62E-12 3.07E-12
 3.58E-15 4.48E-14 4.02E-13 2.47E-12 5.96E-12 8.89E-12 8.97E-12 8.45E-12
 7.94E-12 7.13E-12 6.07E-12 4.75E-12 3.63E-12 3.07E-12
 3.61E-15 4.51E-14 4.02E-13 2.47E-12 5.95E-12 8.89E-12 8.96E-12 8.44E-12
 7.93E-12 7.12E-12 6.06E-12 4.74E-12 3.63E-12 3.07E-12
 3.61E-15 4.50E-14 4.01E-13 2.45E-12 5.91E-12 8.80E-12 8.88E-12 8.37E-12
 7.87E-12 7.07E-12 6.02E-12 4.72E-12 3.61E-12 3.06E-12
 3.56E-15 4.41E-14 3.91E-13 2.36E-12 5.60E-12 8.30E-12 8.37E-12 7.90E-12
 7.45E-12 6.71E-12 5.74E-12 4.52E-12 3.48E-12 2.97E-12
 3.34E-15 4.08E-14 3.58E-13 2.15E-12 5.10E-12 7.51E-12 7.56E-12 7.12E-12
 6.70E-12 6.03E-12 5.16E-12 4.06E-12 3.13E-12 2.67E-12
  58.0956    7  14 /pl=01:ss=40:pb= 1:sz=40/type=excit/ispb = t/isel =   27
 1.00E+10 1.00E+11 1.00E+12 1.00E+13 1.00E+14 1.00E+15 1.00E+16
 2.90E+01 4.35E+01 7.24E+01 1.45E+02 2.90E+02 7.24E+02 1.45E+03 2.17E+03
 2.90E+03 4.35E+03 7.24E+03 1.45E+04 2.90E+04 4.35E+04
 1.34E-13 1.82E-12 1.35E-11 5.19E-11 8.81E-11 1.06E-10 1.02E-10 9.68E-11
 9.21E-11 8.47E-11 7.48E-11 6.16E-11 4.97E-11 4.33E-11
 2.39E-13 2.68E-12 1.65E-11 5.61E-11 9.21E-11 1.09E-10 1.06E-10 1.00E-10
 9.55E-11 8.81E-11 7.82E-11 6.50E-11 5.31E-11 4.66E-11
 2.60E-13 2.82E-12 1.68E-11 5.66E-11 9.25E-11 1.09E-10 1.06E-10 1.01E-10
 9.59E-11 8.85E-11 7.85E-11 6.54E-11 5.35E-11 4.70E-11
 2.62E-13 2.83E-12 1.69E-11 5.66E-11 9.25E-11 1.09E-10 1.06E-10 1.01E-10
 9.58E-11 8.84E-11 7.85E-11 6.54E-11 5.35E-11 4.70E-11
 2.62E-13 2.83E-12 1.68E-11 5.62E-11 9.14E-11 1.08E-10 1.05E-10 9.94E-11
 9.47E-11 8.75E-11 7.78E-11 6.48E-11 5.31E-11 4.68E-11
 2.59E-13 2.77E-12 1.63E-11 5.30E-11 8.47E-11 9.93E-11 9.63E-11 9.17E-11
 8.76E-11 8.12E-11 7.26E-11 6.11E-11 5.05E-11 4.46E-11
 2.44E-13 2.55E-12 1.46E-11 4.64E-11 7.37E-11 8.60E-11 8.31E-11 7.89E-11
 7.52E-11 6.95E-11 6.20E-11 5.21E-11 4.31E-11 3.82E-11
  58.5549    7  14 /pl=01:ss=40:pb= 1:sz=40/type=excit/ispb = t/isel =   28
 1.00E+10 1.00E+11 1.00E+12 1.00E+13 1.00E+14 1.00E+15 1.00E+16
 2.90E+01 4.35E+01 7.24E+01 1.45E+02 2.90E+02 7.24E+02 1.45E+03 2.17E+03
 2.90E+03 4.35E+03 7.24E+03 1.45E+04 2.90E+04 4.35E+04
 3.45E-17 4.31E-15 1.86E-13 2.59E-12 7.91E-12 1.22E-11 1.17E-11 1.07E-11
 9.82E-12 8.54E-12 6.99E-12 5.20E-12 3.81E-12 3.17E-12
 6.20E-17 6.38E-15 2.28E-13 2.81E-12 8.30E-12 1.26E-11 1.21E-11 1.11E-11
 1.02E-11 8.91E-12 7.33E-12 5.50E-12 4.07E-12 3.41E-12
 6.74E-17 6.70E-15 2.33E-13 2.83E-12 8.33E-12 1.27E-11 1.22E-11 1.12E-11
 1.03E-11 8.94E-12 7.36E-12 5.53E-12 4.10E-12 3.44E-12
 6.80E-17 6.73E-15 2.34E-13 2.83E-12 8.33E-12 1.26E-11 1.22E-11 1.12E-11
 1.02E-11 8.94E-12 7.36E-12 5.53E-12 4.10E-12 3.44E-12
 6.80E-17 6.73E-15 2.33E-13 2.81E-12 8.24E-12 1.25E-11 1.20E-11 1.10E-11
 1.01E-11 8.85E-12 7.29E-12 5.49E-12 4.08E-12 3.42E-12
 6.74E-17 6.63E-15 2.27E-13 2.67E-12 7.66E-12 1.15E-11 1.11E-11 1.02E-11
 9.39E-12 8.24E-12 6.83E-12 5.18E-12 3.89E-12 3.28E-12
 6.51E-17 6.24E-15 2.07E-13 2.37E-12 6.72E-12 1.00E-11 9.59E-12 8.82E-12
 8.11E-12 7.10E-12 5.88E-12 4.47E-12 3.36E-12 2.84E-12
  60.2156    7  14 /pl=01:ss=40:pb= 1:sz=40/type=excit/ispb = t/isel =   29
 1.00E+10 1.00E+11 1.00E+12 1.00E+13 1.00E+14 1.00E+15 1.00E+16
 2.90E+01 4.35E+01 7.24E+01 1.45E+02 2.90E+02 7.24E+02 1.45E+03 2.17E+03
 2.90E+03 4.35E+03 7.24E+03 1.45E+04 2.90E+04 4.35E+04
 1.34E-12 1.62E-11 1.05E-10 3.56E-10 5.74E-10 6.66E-10 6.39E-10 6.03E-10
 5.73E-10 5.27E-10 4.66E-10 3.87E-10 3.14E-10 2.76E-10
 1.98E-12 2.02E-11 1.15E-10 3.65E-10 5.78E-10 6.68E-10 6.41E-10 6.05E-10
 5.74E-10 5.29E-10 4.68E-10 3.89E-10 3.17E-10 2.78E-10
 2.10E-12 2.09E-11 1.16E-10 3.66E-10 5.79E-10 6.68E-10 6.41E-10 6.05E-10
 5.75E-10 5.29E-10 4.69E-10 3.90E-10 3.17E-10 2.79E-10
 2.12E-12 2.09E-11 1.16E-10 3.66E-10 5.79E-10 6.68E-10 6.40E-10 6.05E-10
 5.74E-10 5.29E-10 4.68E-10 3.89E-10 3.17E-10 2.79E-10
 2.12E-12 2.09E-11 1.16E-10 3.64E-10 5.75E-10 6.63E-10 6.35E-10 6.00E-10
 5.70E-10 5.26E-10 4.66E-10 3.87E-10 3.16E-10 2.78E-10
 2.13E-12 2.09E-11 1.15E-10 3.55E-10 5.52E-10 6.31E-10 6.05E-10 5.72E-10
 5.44E-10 5.02E-10 4.46E-10 3.73E-10 3.06E-10 2.70E-10
 2.17E-12 2.08E-11 1.11E-10 3.34E-10 5.12E-10 5.81E-10 5.55E-10 5.23E-10
 4.97E-10 4.58E-10 4.06E-10 3.39E-10 2.77E-10 2.45E-10
  61.2445    7  14 /pl=01:ss=40:pb= 1:sz=40/type=excit/ispb = t/isel =   30
 1.00E+10 1.00E+11 1.00E+12 1.00E+13 1.00E+14 1.00E+15 1.00E+16
 2.90E+01 4.35E+01 7.24E+01 1.45E+02 2.90E+02 7.24E+02 1.45E+03 2.17E+03
 2.90E+03 4.35E+03 7.24E+03 1.45E+04 2.90E+04 4.35E+04
 9.31E-13 1.11E-11 7.43E-11 2.61E-10 4.24E-10 4.94E-10 4.73E-10 4.47E-10
 4.25E-10 3.90E-10 3.44E-10 2.84E-10 2.28E-10 1.99E-10
 1.65E-12 1.63E-11 9.03E-11 2.82E-10 4.43E-10 5.11E-10 4.89E-10 4.63E-10
 4.41E-10 4.06E-10 3.60E-10 2.99E-10 2.44E-10 2.15E-10
 1.79E-12 1.71E-11 9.23E-11 2.84E-10 4.45E-10 5.13E-10 4.91E-10 4.65E-10
 4.43E-10 4.08E-10 3.62E-10 3.01E-10 2.45E-10 2.16E-10
 1.81E-12 1.72E-11 9.25E-11 2.84E-10 4.45E-10 5.12E-10 4.90E-10 4.64E-10
 4.42E-10 4.07E-10 3.61E-10 3.01E-10 2.45E-10 2.16E-10
 1.81E-12 1.72E-11 9.22E-11 2.82E-10 4.40E-10 5.05E-10 4.84E-10 4.59E-10
 4.37E-10 4.03E-10 3.58E-10 2.99E-10 2.44E-10 2.15E-10
 1.78E-12 1.68E-11 8.92E-11 2.66E-10 4.07E-10 4.64E-10 4.45E-10 4.23E-10
 4.04E-10 3.74E-10 3.34E-10 2.81E-10 2.31E-10 2.05E-10
 1.68E-12 1.55E-11 7.99E-11 2.32E-10 3.53E-10 4.00E-10 3.83E-10 3.63E-10
 3.46E-10 3.19E-10 2.85E-10 2.39E-10 1.97E-10 1.75E-10
  61.2557    7  14 /pl=01:ss=40:pb= 1:sz=40/type=excit/ispb = t/isel =   31
 1.00E+10 1.00E+11 1.00E+12 1.00E+13 1.00E+14 1.00E+15 1.00E+16
 2.90E+01 4.35E+01 7.24E+01 1.45E+02 2.90E+02 7.24E+02 1.45E+03 2.17E+03
 2.90E+03 4.35E+03 7.24E+03 1.45E+04 2.90E+04 4.35E+04
 1.56E-14 1.96E-13 1.58E-12 8.13E-12 1.82E-11 2.73E-11 2.84E-11 2.72E-11
 2.60E-11 2.38E-11 2.07E-11 1.67E-11 1.31E-11 1.13E-11
 2.80E-14 2.87E-13 1.88E-12 8.55E-12 1.86E-11 2.77E-11 2.88E-11 2.77E-11
 2.65E-11 2.43E-11 2.12E-11 1.72E-11 1.36E-11 1.18E-11
 3.04E-14 3.02E-13 1.92E-12 8.60E-12 1.86E-11 2.78E-11 2.89E-11 2.78E-11
 2.65E-11 2.43E-11 2.13E-11 1.73E-11 1.37E-11 1.18E-11
 3.07E-14 3.03E-13 1.92E-12 8.61E-12 1.87E-11 2.78E-11 2.89E-11 2.78E-11
 2.65E-11 2.43E-11 2.13E-11 1.73E-11 1.37E-11 1.18E-11
 3.08E-14 3.05E-13 1.93E-12 8.66E-12 1.88E-11 2.80E-11 2.91E-11 2.79E-11
 2.66E-11 2.44E-11 2.13E-11 1.73E-11 1.37E-11 1.19E-11
 3.21E-14 3.14E-13 1.99E-12 9.03E-12 1.97E-11 2.92E-11 3.00E-11 2.87E-11
 2.73E-11 2.49E-11 2.17E-11 1.75E-11 1.38E-11 1.20E-11
 3.72E-14 3.53E-13 2.19E-12 9.90E-12 2.15E-11 3.14E-11 3.20E-11 3.05E-11
 2.89E-11 2.63E-11 2.28E-11 1.82E-11 1.43E-11 1.23E-11
  61.2708    7  14 /pl=01:ss=40:pb= 1:sz=40/type=excit/ispb = t/isel =   32
 1.00E+10 1.00E+11 1.00E+12 1.00E+13 1.00E+14 1.00E+15 1.00E+16
 2.90E+01 4.35E+01 7.24E+01 1.45E+02 2.90E+02 7.24E+02 1.45E+03 2.17E+03
 2.90E+03 4.35E+03 7.24E+03 1.45E+04 2.90E+04 4.35E+04
 4.66E-17 5.05E-15 1.90E-13 2.35E-12 6.79E-12 1.01E-11 9.72E-12 8.82E-12
 8.08E-12 7.05E-12 5.80E-12 4.31E-12 3.17E-12 2.64E-12
 7.13E-17 6.54E-15 2.13E-13 2.44E-12 6.92E-12 1.03E-11 9.84E-12 8.92E-12
 8.19E-12 7.15E-12 5.88E-12 4.38E-12 3.23E-12 2.70E-12
 7.61E-17 6.77E-15 2.16E-13 2.45E-12 6.94E-12 1.03E-11 9.86E-12 8.94E-12
 8.20E-12 7.16E-12 5.89E-12 4.39E-12 3.24E-12 2.71E-12
 7.67E-17 6.79E-15 2.16E-13 2.45E-12 6.94E-12 1.03E-11 9.85E-12 8.93E-12
 8.19E-12 7.15E-12 5.89E-12 4.39E-12 3.24E-12 2.71E-12
 7.69E-17 6.80E-15 2.16E-13 2.45E-12 6.91E-12 1.02E-11 9.80E-12 8.89E-12
 8.16E-12 7.12E-12 5.87E-12 4.38E-12 3.23E-12 2.70E-12
 7.82E-17 6.87E-15 2.17E-13 2.42E-12 6.76E-12 9.93E-12 9.50E-12 8.62E-12
 7.92E-12 6.93E-12 5.72E-12 4.28E-12 3.17E-12 2.66E-12
 8.36E-17 7.14E-15 2.18E-13 2.37E-12 6.48E-12 9.41E-12 8.97E-12 8.14E-12
 7.47E-12 6.53E-12 5.39E-12 4.04E-12 3.00E-12 2.52E-12
  61.6443    7  14 /pl=01:ss=40:pb= 1:sz=40/type=excit/ispb = t/isel =   33
 1.00E+10 1.00E+11 1.00E+12 1.00E+13 1.00E+14 1.00E+15 1.00E+16
 2.90E+01 4.35E+01 7.24E+01 1.45E+02 2.90E+02 7.24E+02 1.45E+03 2.17E+03
 2.90E+03 4.35E+03 7.24E+03 1.45E+04 2.90E+04 4.35E+04
 1.53E-12 9.96E-12 3.51E-11 7.17E-11 9.36E-11 9.89E-11 9.23E-11 8.64E-11
 8.19E-11 7.52E-11 6.71E-11 5.67E-11 4.76E-11 4.29E-11
 1.20E-12 6.95E-12 2.47E-11 5.70E-11 7.97E-11 8.64E-11 8.03E-11 7.47E-11
 7.03E-11 6.38E-11 5.58E-11 4.56E-11 3.68E-11 3.22E-11
 1.14E-12 6.49E-12 2.34E-11 5.54E-11 7.82E-11 8.51E-11 7.91E-11 7.35E-11
 6.91E-11 6.26E-11 5.46E-11 4.45E-11 3.56E-11 3.11E-11
 1.13E-12 6.44E-12 2.33E-11 5.53E-11 7.81E-11 8.50E-11 7.90E-11 7.34E-11
 6.90E-11 6.25E-11 5.45E-11 4.44E-11 3.55E-11 3.09E-11
 1.14E-12 6.46E-12 2.34E-11 5.55E-11 7.84E-11 8.52E-11 7.92E-11 7.36E-11
 6.91E-11 6.26E-11 5.46E-11 4.44E-11 3.55E-11 3.10E-11
 1.17E-12 6.64E-12 2.41E-11 5.71E-11 8.05E-11 8.70E-11 8.05E-11 7.46E-11
 7.00E-11 6.33E-11 5.51E-11 4.47E-11 3.57E-11 3.11E-11
 1.33E-12 7.41E-12 2.63E-11 6.05E-11 8.35E-11 8.90E-11 8.19E-11 7.58E-11
 7.11E-11 6.42E-11 5.58E-11 4.52E-11 3.61E-11 3.14E-11
  61.8314    7  14 /pl=01:ss=40:pb= 1:sz=40/type=excit/ispb = t/isel =   34
 1.00E+10 1.00E+11 1.00E+12 1.00E+13 1.00E+14 1.00E+15 1.00E+16
 2.90E+01 4.35E+01 7.24E+01 1.45E+02 2.90E+02 7.24E+02 1.45E+03 2.17E+03
 2.90E+03 4.35E+03 7.24E+03 1.45E+04 2.90E+04 4.35E+04
 3.77E-17 4.08E-15 1.55E-13 1.96E-12 5.73E-12 8.55E-12 8.26E-12 7.57E-12
 6.95E-12 6.04E-12 4.99E-12 3.72E-12 2.76E-12 2.29E-12
 6.35E-17 5.72E-15 1.84E-13 2.09E-12 5.94E-12 8.79E-12 8.48E-12 7.78E-12
 7.16E-12 6.23E-12 5.17E-12 3.88E-12 2.91E-12 2.43E-12
 6.85E-17 5.97E-15 1.87E-13 2.11E-12 5.96E-12 8.81E-12 8.51E-12 7.80E-12
 7.18E-12 6.25E-12 5.19E-12 3.90E-12 2.92E-12 2.44E-12
 6.90E-17 6.00E-15 1.88E-13 2.11E-12 5.96E-12 8.80E-12 8.50E-12 7.80E-12
 7.18E-12 6.25E-12 5.18E-12 3.90E-12 2.92E-12 2.44E-12
 6.91E-17 6.00E-15 1.87E-13 2.10E-12 5.90E-12 8.71E-12 8.41E-12 7.72E-12
 7.11E-12 6.20E-12 5.15E-12 3.87E-12 2.91E-12 2.43E-12
 6.89E-17 5.94E-15 1.83E-13 2.01E-12 5.55E-12 8.12E-12 7.85E-12 7.22E-12
 6.67E-12 5.83E-12 4.87E-12 3.69E-12 2.79E-12 2.35E-12
 6.81E-17 5.73E-15 1.72E-13 1.83E-12 4.98E-12 7.22E-12 6.95E-12 6.38E-12
 5.89E-12 5.15E-12 4.30E-12 3.27E-12 2.48E-12 2.09E-12
  62.7297    7  14 /pl=01:ss=40:pb= 1:sz=40/type=excit/ispb = t/isel =   35
 1.00E+10 1.00E+11 1.00E+12 1.00E+13 1.00E+14 1.00E+15 1.00E+16
 2.90E+01 4.35E+01 7.24E+01 1.45E+02 2.90E+02 7.24E+02 1.45E+03 2.17E+03
 2.90E+03 4.35E+03 7.24E+03 1.45E+04 2.90E+04 4.35E+04
 6.41E-14 1.20E-12 1.16E-11 5.36E-11 9.93E-11 1.24E-10 1.21E-10 1.14E-10
 1.09E-10 9.98E-11 8.75E-11 7.16E-11 5.72E-11 4.96E-11
 1.15E-13 1.77E-12 1.41E-11 5.81E-11 1.04E-10 1.29E-10 1.26E-10 1.19E-10
 1.13E-10 1.04E-10 9.17E-11 7.58E-11 6.13E-11 5.37E-11
 1.25E-13 1.86E-12 1.45E-11 5.86E-11 1.05E-10 1.29E-10 1.26E-10 1.19E-10
 1.14E-10 1.05E-10 9.22E-11 7.62E-11 6.18E-11 5.42E-11
 1.26E-13 1.87E-12 1.45E-11 5.87E-11 1.05E-10 1.29E-10 1.26E-10 1.19E-10
 1.14E-10 1.05E-10 9.23E-11 7.63E-11 6.19E-11 5.42E-11
 1.27E-13 1.88E-12 1.46E-11 5.91E-11 1.05E-10 1.30E-10 1.27E-10 1.20E-10
 1.14E-10 1.05E-10 9.26E-11 7.65E-11 6.20E-11 5.44E-11
 1.34E-13 1.97E-12 1.52E-11 6.17E-11 1.10E-10 1.35E-10 1.31E-10 1.24E-10
 1.18E-10 1.08E-10 9.48E-11 7.81E-11 6.31E-11 5.52E-11
 1.62E-13 2.29E-12 1.71E-11 6.69E-11 1.16E-10 1.40E-10 1.36E-10 1.29E-10
 1.22E-10 1.12E-10 9.88E-11 8.15E-11 6.59E-11 5.77E-11
  63.6011    7  14 /pl=01:ss=40:pb= 1:sz=40/type=excit/ispb = t/isel =   36
 1.00E+10 1.00E+11 1.00E+12 1.00E+13 1.00E+14 1.00E+15 1.00E+16
 2.90E+01 4.35E+01 7.24E+01 1.45E+02 2.90E+02 7.24E+02 1.45E+03 2.17E+03
 2.90E+03 4.35E+03 7.24E+03 1.45E+04 2.90E+04 4.35E+04
 3.77E-13 4.17E-12 2.70E-11 9.82E-11 1.70E-10 2.04E-10 1.94E-10 1.80E-10
 1.68E-10 1.52E-10 1.31E-10 1.04E-10 8.15E-11 7.00E-11
 6.74E-13 6.15E-12 3.27E-11 1.06E-10 1.76E-10 2.10E-10 1.99E-10 1.85E-10
 1.74E-10 1.57E-10 1.36E-10 1.09E-10 8.63E-11 7.48E-11
 7.32E-13 6.46E-12 3.35E-11 1.06E-10 1.77E-10 2.11E-10 2.00E-10 1.86E-10
 1.74E-10 1.58E-10 1.36E-10 1.10E-10 8.68E-11 7.53E-11
 7.39E-13 6.49E-12 3.36E-11 1.07E-10 1.77E-10 2.11E-10 2.00E-10 1.86E-10
 1.74E-10 1.58E-10 1.37E-10 1.10E-10 8.69E-11 7.54E-11
 7.46E-13 6.54E-12 3.38E-11 1.08E-10 1.79E-10 2.12E-10 2.01E-10 1.87E-10
 1.75E-10 1.59E-10 1.37E-10 1.10E-10 8.73E-11 7.56E-11
 8.00E-13 6.95E-12 3.59E-11 1.15E-10 1.89E-10 2.23E-10 2.10E-10 1.95E-10
 1.82E-10 1.65E-10 1.42E-10 1.14E-10 8.98E-11 7.76E-11
 1.02E-12 8.55E-12 4.25E-11 1.29E-10 2.05E-10 2.36E-10 2.22E-10 2.06E-10
 1.93E-10 1.75E-10 1.51E-10 1.22E-10 9.64E-11 8.35E-11
  63.7658    7  14 /pl=01:ss=40:pb= 1:sz=40/type=excit/ispb = t/isel =   37
 1.00E+10 1.00E+11 1.00E+12 1.00E+13 1.00E+14 1.00E+15 1.00E+16
 2.90E+01 4.35E+01 7.24E+01 1.45E+02 2.90E+02 7.24E+02 1.45E+03 2.17E+03
 2.90E+03 4.35E+03 7.24E+03 1.45E+04 2.90E+04 4.35E+04
 5.20E-15 9.59E-14 9.80E-13 5.45E-12 1.21E-11 1.71E-11 1.71E-11 1.61E-11
 1.53E-11 1.39E-11 1.20E-11 9.67E-12 7.58E-12 6.55E-12
 9.35E-15 1.42E-13 1.19E-12 5.88E-12 1.26E-11 1.76E-11 1.76E-11 1.67E-11
 1.58E-11 1.44E-11 1.25E-11 1.01E-11 8.05E-12 7.00E-12
 1.02E-14 1.50E-13 1.23E-12 5.97E-12 1.28E-11 1.78E-11 1.78E-11 1.68E-11
 1.59E-11 1.45E-11 1.26E-11 1.02E-11 8.12E-12 7.07E-12
 1.08E-14 1.58E-13 1.30E-12 6.42E-12 1.38E-11 1.92E-11 1.90E-11 1.79E-11
 1.69E-11 1.53E-11 1.33E-11 1.07E-11 8.41E-12 7.29E-12
 1.62E-14 2.31E-13 1.98E-12 1.07E-11 2.35E-11 3.20E-11 3.07E-11 2.83E-11
 2.63E-11 2.32E-11 1.94E-11 1.49E-11 1.12E-11 9.40E-12
 6.27E-14 8.61E-13 7.58E-12 4.11E-11 8.63E-11 1.11E-10 1.05E-10 9.53E-11
 8.79E-11 7.66E-11 6.28E-11 4.61E-11 3.27E-11 2.64E-11
 2.56E-13 3.39E-12 2.53E-11 1.04E-10 1.86E-10 2.25E-10 2.15E-10 2.01E-10
 1.90E-10 1.72E-10 1.49E-10 1.18E-10 9.11E-11 7.73E-11
  64.7861    7  14 /pl=01:ss=40:pb= 1:sz=40/type=excit/ispb = t/isel =   38
 1.00E+10 1.00E+11 1.00E+12 1.00E+13 1.00E+14 1.00E+15 1.00E+16
 2.90E+01 4.35E+01 7.24E+01 1.45E+02 2.90E+02 7.24E+02 1.45E+03 2.17E+03
 2.90E+03 4.35E+03 7.24E+03 1.45E+04 2.90E+04 4.35E+04
 1.17E-14 1.95E-13 1.64E-12 6.78E-12 1.20E-11 1.48E-11 1.45E-11 1.37E-11
 1.30E-11 1.19E-11 1.06E-11 8.75E-12 7.09E-12 6.24E-12
 1.67E-14 2.39E-13 1.78E-12 6.92E-12 1.21E-11 1.49E-11 1.45E-11 1.37E-11
 1.30E-11 1.19E-11 1.06E-11 8.74E-12 7.07E-12 6.22E-12
 1.77E-14 2.46E-13 1.79E-12 6.93E-12 1.21E-11 1.49E-11 1.45E-11 1.37E-11
 1.30E-11 1.19E-11 1.06E-11 8.73E-12 7.07E-12 6.21E-12
 1.78E-14 2.47E-13 1.79E-12 6.93E-12 1.21E-11 1.49E-11 1.45E-11 1.37E-11
 1.30E-11 1.19E-11 1.06E-11 8.73E-12 7.07E-12 6.21E-12
 1.79E-14 2.47E-13 1.79E-12 6.89E-12 1.20E-11 1.47E-11 1.43E-11 1.36E-11
 1.29E-11 1.18E-11 1.05E-11 8.68E-12 7.03E-12 6.18E-12
 1.78E-14 2.45E-13 1.76E-12 6.63E-12 1.14E-11 1.38E-11 1.34E-11 1.27E-11
 1.22E-11 1.12E-11 9.95E-12 8.29E-12 6.76E-12 5.97E-12
 1.77E-14 2.37E-13 1.66E-12 6.08E-12 1.03E-11 1.24E-11 1.20E-11 1.14E-11
 1.08E-11 9.94E-12 8.83E-12 7.35E-12 6.01E-12 5.31E-12
  65.5867    7  14 /pl=01:ss=40:pb= 1:sz=40/type=excit/ispb = t/isel =   39
 1.00E+10 1.00E+11 1.00E+12 1.00E+13 1.00E+14 1.00E+15 1.00E+16
 2.90E+01 4.35E+01 7.24E+01 1.45E+02 2.90E+02 7.24E+02 1.45E+03 2.17E+03
 2.90E+03 4.35E+03 7.24E+03 1.45E+04 2.90E+04 4.35E+04
 3.40E-18 9.49E-16 7.15E-14 1.44E-12 5.42E-12 9.59E-12 9.80E-12 9.15E-12
 8.55E-12 7.56E-12 6.33E-12 4.85E-12 3.68E-12 3.12E-12
 3.82E-18 9.32E-16 6.60E-14 1.35E-12 5.14E-12 9.13E-12 9.31E-12 8.66E-12
 8.07E-12 7.10E-12 5.89E-12 4.45E-12 3.31E-12 2.76E-12
 3.90E-18 9.29E-16 6.53E-14 1.34E-12 5.11E-12 9.08E-12 9.25E-12 8.61E-12
 8.02E-12 7.05E-12 5.84E-12 4.40E-12 3.27E-12 2.72E-12
 3.91E-18 9.29E-16 6.53E-14 1.34E-12 5.11E-12 9.08E-12 9.25E-12 8.60E-12
 8.01E-12 7.05E-12 5.84E-12 4.40E-12 3.27E-12 2.72E-12
 3.92E-18 9.31E-16 6.54E-14 1.34E-12 5.11E-12 9.07E-12 9.24E-12 8.60E-12
 8.01E-12 7.04E-12 5.83E-12 4.40E-12 3.26E-12 2.72E-12
 4.03E-18 9.52E-16 6.66E-14 1.36E-12 5.13E-12 9.05E-12 9.19E-12 8.55E-12
 7.96E-12 7.00E-12 5.81E-12 4.38E-12 3.26E-12 2.72E-12
 4.48E-18 1.03E-15 7.02E-14 1.38E-12 5.13E-12 8.94E-12 9.06E-12 8.42E-12
 7.83E-12 6.89E-12 5.73E-12 4.33E-12 3.23E-12 2.70E-12
  67.9163    7  14 /pl=01:ss=40:pb= 1:sz=40/type=excit/ispb = t/isel =   40
 1.00E+10 1.00E+11 1.00E+12 1.00E+13 1.00E+14 1.00E+15 1.00E+16
 2.90E+01 4.35E+01 7.24E+01 1.45E+02 2.90E+02 7.24E+02 1.45E+03 2.17E+03
 2.90E+03 4.35E+03 7.24E+03 1.45E+04 2.90E+04 4.35E+04
 1.26E-15 4.07E-14 8.43E-13 7.68E-12 2.06E-11 3.24E-11 3.33E-11 3.16E-11
 2.98E-11 2.69E-11 2.30E-11 1.81E-11 1.39E-11 1.19E-11
 2.21E-15 5.81E-14 1.01E-12 8.23E-12 2.15E-11 3.34E-11 3.43E-11 3.25E-11
 3.07E-11 2.78E-11 2.39E-11 1.90E-11 1.47E-11 1.26E-11
 2.39E-15 6.08E-14 1.03E-12 8.29E-12 2.16E-11 3.35E-11 3.44E-11 3.26E-11
 3.08E-11 2.79E-11 2.40E-11 1.91E-11 1.48E-11 1.27E-11
 2.41E-15 6.11E-14 1.03E-12 8.29E-12 2.15E-11 3.35E-11 3.44E-11 3.26E-11
 3.08E-11 2.79E-11 2.40E-11 1.91E-11 1.48E-11 1.27E-11
 2.42E-15 6.11E-14 1.03E-12 8.25E-12 2.14E-11 3.32E-11 3.41E-11 3.24E-11
 3.06E-11 2.77E-11 2.39E-11 1.90E-11 1.47E-11 1.26E-11
 2.46E-15 6.08E-14 1.01E-12 7.94E-12 2.03E-11 3.14E-11 3.22E-11 3.06E-11
 2.90E-11 2.63E-11 2.28E-11 1.82E-11 1.42E-11 1.23E-11
 2.61E-15 5.89E-14 9.22E-13 6.90E-12 1.71E-11 2.59E-11 2.66E-11 2.54E-11
 2.42E-11 2.21E-11 1.93E-11 1.56E-11 1.24E-11 1.07E-11
  70.0525    7  14 /pl=01:ss=40:pb= 1:sz=40/type=excit/ispb = t/isel =   41
 1.00E+10 1.00E+11 1.00E+12 1.00E+13 1.00E+14 1.00E+15 1.00E+16
 2.90E+01 4.35E+01 7.24E+01 1.45E+02 2.90E+02 7.24E+02 1.45E+03 2.17E+03
 2.90E+03 4.35E+03 7.24E+03 1.45E+04 2.90E+04 4.35E+04
 3.74E-13 3.31E-12 1.78E-11 5.87E-11 1.01E-10 1.26E-10 1.21E-10 1.13E-10
 1.07E-10 9.66E-11 8.35E-11 6.69E-11 5.26E-11 4.53E-11
 6.07E-13 4.49E-12 2.05E-11 6.15E-11 1.03E-10 1.27E-10 1.23E-10 1.15E-10
 1.08E-10 9.82E-11 8.51E-11 6.85E-11 5.41E-11 4.68E-11
 6.53E-13 4.68E-12 2.08E-11 6.18E-11 1.04E-10 1.27E-10 1.23E-10 1.15E-10
 1.09E-10 9.83E-11 8.52E-11 6.86E-11 5.43E-11 4.70E-11
 6.58E-13 4.70E-12 2.08E-11 6.18E-11 1.04E-10 1.27E-10 1.23E-10 1.15E-10
 1.09E-10 9.83E-11 8.52E-11 6.86E-11 5.43E-11 4.70E-11
 6.59E-13 4.70E-12 2.08E-11 6.16E-11 1.03E-10 1.27E-10 1.22E-10 1.15E-10
 1.08E-10 9.78E-11 8.48E-11 6.84E-11 5.41E-11 4.68E-11
 6.62E-13 4.69E-12 2.06E-11 6.02E-11 1.00E-10 1.22E-10 1.18E-10 1.10E-10
 1.04E-10 9.45E-11 8.21E-11 6.63E-11 5.27E-11 4.57E-11
 6.77E-13 4.67E-12 2.00E-11 5.73E-11 9.46E-11 1.15E-10 1.10E-10 1.03E-10
 9.72E-11 8.80E-11 7.63E-11 6.15E-11 4.88E-11 4.23E-11
  72.8597    7  14 /pl=01:ss=40:pb= 1:sz=40/type=excit/ispb = t/isel =   42
 1.00E+10 1.00E+11 1.00E+12 1.00E+13 1.00E+14 1.00E+15 1.00E+16
 2.90E+01 4.35E+01 7.24E+01 1.45E+02 2.90E+02 7.24E+02 1.45E+03 2.17E+03
 2.90E+03 4.35E+03 7.24E+03 1.45E+04 2.90E+04 4.35E+04
 2.80E-16 2.05E-14 5.44E-13 5.13E-12 1.30E-11 1.81E-11 1.69E-11 1.53E-11
 1.40E-11 1.22E-11 9.98E-12 7.48E-12 5.52E-12 4.61E-12
 3.70E-16 2.33E-14 5.58E-13 5.09E-12 1.29E-11 1.79E-11 1.67E-11 1.51E-11
 1.38E-11 1.19E-11 9.78E-12 7.30E-12 5.36E-12 4.45E-12
 3.88E-16 2.37E-14 5.60E-13 5.08E-12 1.28E-11 1.78E-11 1.67E-11 1.51E-11
 1.37E-11 1.19E-11 9.76E-12 7.28E-12 5.34E-12 4.43E-12
 3.90E-16 2.38E-14 5.60E-13 5.08E-12 1.28E-11 1.78E-11 1.66E-11 1.50E-11
 1.37E-11 1.19E-11 9.75E-12 7.27E-12 5.34E-12 4.43E-12
 3.90E-16 2.37E-14 5.59E-13 5.04E-12 1.27E-11 1.76E-11 1.65E-11 1.49E-11
 1.36E-11 1.18E-11 9.67E-12 7.22E-12 5.31E-12 4.41E-12
 3.87E-16 2.34E-14 5.45E-13 4.81E-12 1.19E-11 1.63E-11 1.53E-11 1.38E-11
 1.27E-11 1.10E-11 9.09E-12 6.85E-12 5.07E-12 4.24E-12
 3.75E-16 2.22E-14 5.03E-13 4.32E-12 1.05E-11 1.43E-11 1.33E-11 1.21E-11
 1.10E-11 9.60E-12 7.91E-12 5.95E-12 4.43E-12 3.71E-12
  74.8447    7  14 /pl=01:ss=40:pb= 1:sz=40/type=excit/ispb = t/isel =   43
 1.00E+10 1.00E+11 1.00E+12 1.00E+13 1.00E+14 1.00E+15 1.00E+16
 2.90E+01 4.35E+01 7.24E+01 1.45E+02 2.90E+02 7.24E+02 1.45E+03 2.17E+03
 2.90E+03 4.35E+03 7.24E+03 1.45E+04 2.90E+04 4.35E+04
 2.33E-15 1.08E-13 2.14E-12 1.65E-11 3.73E-11 4.79E-11 4.33E-11 3.86E-11
 3.49E-11 3.00E-11 2.41E-11 1.76E-11 1.26E-11 1.04E-11
 4.18E-15 1.61E-13 2.62E-12 1.79E-11 3.91E-11 4.97E-11 4.49E-11 4.01E-11
 3.64E-11 3.13E-11 2.53E-11 1.87E-11 1.36E-11 1.13E-11
 4.54E-15 1.69E-13 2.68E-12 1.80E-11 3.93E-11 4.99E-11 4.51E-11 4.03E-11
 3.65E-11 3.15E-11 2.55E-11 1.88E-11 1.37E-11 1.13E-11
 4.58E-15 1.70E-13 2.68E-12 1.80E-11 3.93E-11 4.98E-11 4.50E-11 4.02E-11
 3.65E-11 3.14E-11 2.55E-11 1.88E-11 1.37E-11 1.13E-11
 4.58E-15 1.69E-13 2.67E-12 1.79E-11 3.88E-11 4.91E-11 4.44E-11 3.97E-11
 3.60E-11 3.11E-11 2.52E-11 1.86E-11 1.36E-11 1.13E-11
 4.51E-15 1.66E-13 2.58E-12 1.68E-11 3.56E-11 4.46E-11 4.04E-11 3.63E-11
 3.30E-11 2.86E-11 2.33E-11 1.75E-11 1.28E-11 1.07E-11
 4.23E-15 1.52E-13 2.29E-12 1.45E-11 3.05E-11 3.79E-11 3.42E-11 3.06E-11
 2.78E-11 2.40E-11 1.96E-11 1.46E-11 1.08E-11 9.04E-12
  76.5263    7  14 /pl=01:ss=40:pb= 1:sz=40/type=excit/ispb = t/isel =   44
 1.00E+10 1.00E+11 1.00E+12 1.00E+13 1.00E+14 1.00E+15 1.00E+16
 2.90E+01 4.35E+01 7.24E+01 1.45E+02 2.90E+02 7.24E+02 1.45E+03 2.17E+03
 2.90E+03 4.35E+03 7.24E+03 1.45E+04 2.90E+04 4.35E+04
 9.91E-14 1.19E-12 7.72E-12 2.63E-11 4.23E-11 4.91E-11 4.71E-11 4.45E-11
 4.22E-11 3.89E-11 3.44E-11 2.85E-11 2.31E-11 2.03E-11
 1.46E-13 1.49E-12 8.46E-12 2.69E-11 4.26E-11 4.92E-11 4.72E-11 4.46E-11
 4.23E-11 3.90E-11 3.45E-11 2.87E-11 2.33E-11 2.05E-11
 1.55E-13 1.54E-12 8.55E-12 2.70E-11 4.27E-11 4.93E-11 4.72E-11 4.46E-11
 4.23E-11 3.90E-11 3.45E-11 2.87E-11 2.34E-11 2.05E-11
 1.56E-13 1.54E-12 8.56E-12 2.70E-11 4.26E-11 4.92E-11 4.72E-11 4.46E-11
 4.23E-11 3.90E-11 3.45E-11 2.87E-11 2.34E-11 2.05E-11
 1.56E-13 1.54E-12 8.55E-12 2.69E-11 4.24E-11 4.88E-11 4.68E-11 4.42E-11
 4.20E-11 3.87E-11 3.43E-11 2.86E-11 2.33E-11 2.05E-11
 1.57E-13 1.54E-12 8.46E-12 2.61E-11 4.07E-11 4.65E-11 4.46E-11 4.22E-11
 4.01E-11 3.70E-11 3.29E-11 2.75E-11 2.25E-11 1.99E-11
 1.60E-13 1.53E-12 8.18E-12 2.46E-11 3.78E-11 4.28E-11 4.09E-11 3.86E-11
 3.66E-11 3.37E-11 2.99E-11 2.50E-11 2.04E-11 1.80E-11
  77.4174    7  14 /pl=01:ss=40:pb= 1:sz=40/type=excit/ispb = t/isel =   45
 1.00E+10 1.00E+11 1.00E+12 1.00E+13 1.00E+14 1.00E+15 1.00E+16
 2.90E+01 4.35E+01 7.24E+01 1.45E+02 2.90E+02 7.24E+02 1.45E+03 2.17E+03
 2.90E+03 4.35E+03 7.24E+03 1.45E+04 2.90E+04 4.35E+04
 1.44E-12 9.34E-12 3.29E-11 6.72E-11 8.78E-11 9.27E-11 8.65E-11 8.10E-11
 7.68E-11 7.05E-11 6.29E-11 5.31E-11 4.46E-11 4.02E-11
 1.13E-12 6.52E-12 2.32E-11 5.34E-11 7.47E-11 8.10E-11 7.53E-11 7.01E-11
 6.59E-11 5.98E-11 5.23E-11 4.28E-11 3.45E-11 3.02E-11
 1.07E-12 6.08E-12 2.20E-11 5.19E-11 7.33E-11 7.97E-11 7.41E-11 6.89E-11
 6.48E-11 5.87E-11 5.12E-11 4.17E-11 3.34E-11 2.91E-11
 1.06E-12 6.04E-12 2.19E-11 5.18E-11 7.32E-11 7.96E-11 7.40E-11 6.88E-11
 6.47E-11 5.86E-11 5.11E-11 4.16E-11 3.33E-11 2.90E-11
 1.07E-12 6.05E-12 2.19E-11 5.20E-11 7.35E-11 7.99E-11 7.42E-11 6.90E-11
 6.48E-11 5.87E-11 5.12E-11 4.16E-11 3.33E-11 2.90E-11
 1.10E-12 6.23E-12 2.26E-11 5.36E-11 7.55E-11 8.16E-11 7.55E-11 7.00E-11
 6.56E-11 5.94E-11 5.16E-11 4.19E-11 3.35E-11 2.91E-11
 1.24E-12 6.94E-12 2.46E-11 5.67E-11 7.83E-11 8.34E-11 7.68E-11 7.11E-11
 6.66E-11 6.02E-11 5.23E-11 4.24E-11 3.38E-11 2.94E-11
  79.7639    7  14 /pl=01:ss=40:pb= 1:sz=40/type=excit/ispb = t/isel =   46
 1.00E+10 1.00E+11 1.00E+12 1.00E+13 1.00E+14 1.00E+15 1.00E+16
 2.90E+01 4.35E+01 7.24E+01 1.45E+02 2.90E+02 7.24E+02 1.45E+03 2.17E+03
 2.90E+03 4.35E+03 7.24E+03 1.45E+04 2.90E+04 4.35E+04
 3.96E-12 2.77E-11 1.22E-10 3.25E-10 4.74E-10 5.19E-10 4.83E-10 4.47E-10
 4.19E-10 3.78E-10 3.28E-10 2.63E-10 2.07E-10 1.79E-10
 6.99E-12 4.03E-11 1.47E-10 3.50E-10 4.94E-10 5.36E-10 4.98E-10 4.61E-10
 4.33E-10 3.92E-10 3.41E-10 2.76E-10 2.20E-10 1.91E-10
 7.58E-12 4.23E-11 1.51E-10 3.53E-10 4.96E-10 5.37E-10 5.00E-10 4.63E-10
 4.34E-10 3.94E-10 3.43E-10 2.78E-10 2.21E-10 1.93E-10
 7.64E-12 4.25E-11 1.51E-10 3.53E-10 4.96E-10 5.37E-10 4.99E-10 4.62E-10
 4.34E-10 3.93E-10 3.43E-10 2.78E-10 2.21E-10 1.93E-10
 7.63E-12 4.24E-11 1.50E-10 3.50E-10 4.90E-10 5.29E-10 4.92E-10 4.56E-10
 4.29E-10 3.89E-10 3.39E-10 2.75E-10 2.20E-10 1.92E-10
 7.52E-12 4.16E-11 1.45E-10 3.29E-10 4.51E-10 4.83E-10 4.50E-10 4.18E-10
 3.94E-10 3.59E-10 3.15E-10 2.58E-10 2.08E-10 1.82E-10
 7.07E-12 3.81E-11 1.29E-10 2.86E-10 3.88E-10 4.13E-10 3.84E-10 3.56E-10
 3.35E-10 3.04E-10 2.67E-10 2.18E-10 1.76E-10 1.55E-10
  82.0789    7  14 /pl=01:ss=40:pb= 1:sz=40/type=excit/ispb = t/isel =   47
 1.00E+10 1.00E+11 1.00E+12 1.00E+13 1.00E+14 1.00E+15 1.00E+16
 2.90E+01 4.35E+01 7.24E+01 1.45E+02 2.90E+02 7.24E+02 1.45E+03 2.17E+03
 2.90E+03 4.35E+03 7.24E+03 1.45E+04 2.90E+04 4.35E+04
 4.68E-13 5.19E-12 3.35E-11 1.22E-10 2.11E-10 2.54E-10 2.41E-10 2.23E-10
 2.09E-10 1.89E-10 1.63E-10 1.30E-10 1.01E-10 8.70E-11
 8.38E-13 7.65E-12 4.07E-11 1.31E-10 2.19E-10 2.61E-10 2.47E-10 2.30E-10
 2.16E-10 1.95E-10 1.69E-10 1.36E-10 1.07E-10 9.30E-11
 9.10E-13 8.03E-12 4.16E-11 1.32E-10 2.20E-10 2.62E-10 2.48E-10 2.31E-10
 2.16E-10 1.96E-10 1.70E-10 1.36E-10 1.08E-10 9.36E-11
 9.19E-13 8.07E-12 4.17E-11 1.33E-10 2.21E-10 2.62E-10 2.48E-10 2.31E-10
 2.17E-10 1.96E-10 1.70E-10 1.36E-10 1.08E-10 9.37E-11
 9.27E-13 8.14E-12 4.21E-11 1.34E-10 2.23E-10 2.64E-10 2.50E-10 2.33E-10
 2.18E-10 1.97E-10 1.71E-10 1.37E-10 1.08E-10 9.40E-11
 9.94E-13 8.63E-12 4.46E-11 1.42E-10 2.35E-10 2.77E-10 2.61E-10 2.42E-10
 2.27E-10 2.05E-10 1.77E-10 1.42E-10 1.12E-10 9.65E-11
 1.27E-12 1.06E-11 5.28E-11 1.60E-10 2.55E-10 2.93E-10 2.76E-10 2.56E-10
 2.40E-10 2.17E-10 1.88E-10 1.51E-10 1.20E-10 1.04E-10
  106.639    7  14 /pl=01:ss=40:pb= 1:sz=40/type=excit/ispb = t/isel =   48
 1.00E+10 1.00E+11 1.00E+12 1.00E+13 1.00E+14 1.00E+15 1.00E+16
 2.90E+01 4.35E+01 7.24E+01 1.45E+02 2.90E+02 7.24E+02 1.45E+03 2.17E+03
 2.90E+03 4.35E+03 7.24E+03 1.45E+04 2.90E+04 4.35E+04
 1.55E-13 1.01E-12 3.56E-12 7.27E-12 9.48E-12 1.00E-11 9.35E-12 8.76E-12
 8.29E-12 7.62E-12 6.79E-12 5.74E-12 4.82E-12 4.35E-12
 1.22E-13 7.05E-13 2.51E-12 5.78E-12 8.07E-12 8.75E-12 8.14E-12 7.57E-12
 7.12E-12 6.47E-12 5.65E-12 4.62E-12 3.73E-12 3.27E-12
 1.16E-13 6.57E-13 2.38E-12 5.61E-12 7.92E-12 8.62E-12 8.01E-12 7.45E-12
 7.00E-12 6.34E-12 5.53E-12 4.51E-12 3.61E-12 3.15E-12
 1.15E-13 6.52E-13 2.36E-12 5.60E-12 7.91E-12 8.61E-12 8.00E-12 7.44E-12
 6.99E-12 6.33E-12 5.52E-12 4.49E-12 3.60E-12 3.14E-12
 1.15E-13 6.54E-13 2.37E-12 5.62E-12 7.95E-12 8.64E-12 8.02E-12 7.45E-12
 7.00E-12 6.34E-12 5.53E-12 4.50E-12 3.60E-12 3.14E-12
 1.19E-13 6.73E-13 2.44E-12 5.79E-12 8.16E-12 8.82E-12 8.16E-12 7.56E-12
 7.09E-12 6.41E-12 5.58E-12 4.53E-12 3.62E-12 3.15E-12
 1.34E-13 7.50E-13 2.66E-12 6.13E-12 8.46E-12 9.02E-12 8.30E-12 7.68E-12
 7.20E-12 6.51E-12 5.65E-12 4.58E-12 3.65E-12 3.18E-12
  282.518    7  14 /pl=01:ss=40:pb= 1:sz=40/type=excit/ispb = t/isel =   49
 1.00E+10 1.00E+11 1.00E+12 1.00E+13 1.00E+14 1.00E+15 1.00E+16
 2.90E+01 4.35E+01 7.24E+01 1.45E+02 2.90E+02 7.24E+02 1.45E+03 2.17E+03
 2.90E+03 4.35E+03 7.24E+03 1.45E+04 2.90E+04 4.35E+04
 3.41E-11 7.10E-11 1.56E-10 3.69E-10 5.79E-10 6.89E-10 6.67E-10 6.30E-10
 5.99E-10 5.50E-10 4.85E-10 4.01E-10 3.26E-10 2.86E-10
 4.49E-11 8.22E-11 1.67E-10 3.75E-10 5.81E-10 6.88E-10 6.64E-10 6.27E-10
 5.95E-10 5.46E-10 4.81E-10 3.97E-10 3.21E-10 2.82E-10
 4.70E-11 8.39E-11 1.68E-10 3.76E-10 5.81E-10 6.87E-10 6.63E-10 6.26E-10
 5.94E-10 5.45E-10 4.81E-10 3.96E-10 3.21E-10 2.81E-10
 4.72E-11 8.40E-11 1.68E-10 3.74E-10 5.78E-10 6.83E-10 6.60E-10 6.23E-10
 5.92E-10 5.43E-10 4.79E-10 3.95E-10 3.20E-10 2.81E-10
 4.66E-11 8.29E-11 1.65E-10 3.61E-10 5.50E-10 6.47E-10 6.26E-10 5.93E-10
 5.65E-10 5.21E-10 4.62E-10 3.83E-10 3.12E-10 2.75E-10
 4.14E-11 7.30E-11 1.38E-10 2.68E-10 3.72E-10 4.21E-10 4.15E-10 4.02E-10
 3.89E-10 3.68E-10 3.38E-10 2.95E-10 2.51E-10 2.26E-10
 1.94E-11 3.33E-11 5.23E-11 7.49E-11 8.74E-11 9.34E-11 9.45E-11 9.43E-11
 9.41E-11 9.33E-11 9.18E-11 8.88E-11 8.48E-11 8.20E-11
  302.563    7  14 /pl=01:ss=40:pb= 1:sz=40/type=excit/ispb = t/isel =   50
 1.00E+10 1.00E+11 1.00E+12 1.00E+13 1.00E+14 1.00E+15 1.00E+16
 2.90E+01 4.35E+01 7.24E+01 1.45E+02 2.90E+02 7.24E+02 1.45E+03 2.17E+03
 2.90E+03 4.35E+03 7.24E+03 1.45E+04 2.90E+04 4.35E+04
 5.03E-11 7.14E-11 9.44E-11 1.11E-10 1.17E-10 1.18E-10 1.19E-10 1.19E-10
 1.18E-10 1.18E-10 1.17E-10 1.16E-10 1.15E-10 1.13E-10
 9.05E-12 1.06E-11 1.16E-11 1.21E-11 1.22E-11 1.23E-11 1.23E-11 1.23E-11
 1.23E-11 1.23E-11 1.23E-11 1.23E-11 1.23E-11 1.23E-11
 9.83E-13 1.11E-12 1.18E-12 1.22E-12 1.23E-12 1.23E-12 1.24E-12 1.24E-12
 1.24E-12 1.24E-12 1.24E-12 1.24E-12 1.24E-12 1.24E-12
 9.92E-14 1.12E-13 1.18E-13 1.22E-13 1.23E-13 1.23E-13 1.23E-13 1.24E-13
 1.24E-13 1.24E-13 1.24E-13 1.24E-13 1.24E-13 1.24E-13
 9.91E-15 1.12E-14 1.18E-14 1.21E-14 1.21E-14 1.21E-14 1.22E-14 1.22E-14
 1.22E-14 1.22E-14 1.23E-14 1.23E-14 1.23E-14 1.23E-14
 9.76E-16 1.09E-15 1.14E-15 1.13E-15 1.11E-15 1.10E-15 1.11E-15 1.11E-15
 1.12E-15 1.12E-15 1.14E-15 1.15E-15 1.16E-15 1.17E-15
 9.15E-17 9.99E-17 1.01E-16 9.78E-17 9.49E-17 9.34E-17 9.33E-17 9.36E-17
 9.38E-17 9.42E-17 9.49E-17 9.61E-17 9.76E-17 9.86E-17
c-------------------------------------------------------------------------------
 
C  root partition information
C  ==========================
C
C  nuclear charge : 74
C  ion charge+1   : 41
C
C  population calculation information
C  ----------------------------------
C
C  population processing code: adas810
C
C  adf04 source file    : adf04_copmm#74_ls_40#w40.dat
C  adf18/a17_p208 file  : NULL
C
C  meta. ion. coeff. selector  : 
 
C  options  : lnorm =T  lpsel =F  lzsel =T  liosel=F
C           : lhsel =F  lrsel =F  lisel =F  lnsel =F
 
C  energy levels
C  -------------
C
C   lv      configuration    (2S+1)L(w-1/2)      energy (cm^-1)
C  ---   ------------------- --------------      --------------
c    1   606527548              (1)0(  0.0)             0.0
c    2   606527548              (3)1(  4.0)        330510.0
c    3   606527548              (1)2(  2.0)        684470.0
c    4   606527538519           (1)4(  4.0)       1332670.0
c    5   606527538519           (5)2( 12.0)       1584210.0
c    6   606517558              (1)1(  1.0)       1622210.0
c    7   606527538519           (3)2(  7.0)       1758010.0
c    8   606527538519           (3)4( 13.0)       1802910.0
c    9   606517558              (3)1(  4.0)       1902810.0
c   10   606527538519           (3)3( 10.0)       1963010.0
c   11   606527538519           (3)1(  4.0)       1963310.0
c   12   606527538519           (3)2(  7.0)       1991210.0
c   13   606527538519           (1)1(  1.0)       2051810.0
c   14   606527538519           (1)0(  0.0)       2060310.0
c   15   606527538519           (3)0(  1.0)       2228010.0
c   16   606527538519           (1)3(  3.0)       2252710.0
c   17   606527538519           (1)2(  2.0)       2278610.0
c   18   606527538519           (3)3( 10.0)       2407110.0
c   19   606527538519           (3)1(  4.0)       2423710.0
c   20   606527538519           (3)2(  7.0)       2707710.0
c   21   606527538519           (1)3(  3.0)       2799510.0
c   22   60652753851A           (1)1(  1.0)       2828110.0
c   23   606517548519           (5)2( 12.0)       2841310.0
c   24   606527538519           (1)2(  2.0)       2848110.0
c   25   60652753851A           (1)4(  4.0)       2920310.0
c   26   606517548519           (1)4(  4.0)       3055710.0
c   27   606527538519           (1)1(  1.0)       3075610.0
c   28   606517548519           (1)2(  2.0)       3095710.0
c   29   606517548519           (5)3( 17.0)       3123010.0
c   30   606517548519           (5)1(  7.0)       3197610.0
c   31   606517548519           (3)1(  4.0)       3275310.0
c   32   606517548519           (3)3( 10.0)       3312910.0
c   33   60652753851A           (3)4( 13.0)       3363910.0
c   34   60652753851A           (3)3( 10.0)       3367510.0
c   35   60652753851A           (3)5( 16.0)       3376510.0
c   36   606517548519           (3)4( 13.0)       3422910.0
c   37   606517548519           (3)1(  4.0)       3431410.0
c   38   606517548519           (3)1(  4.0)       3433710.0
c   39   60652753851A           (5)3( 17.0)       3474210.0
c   40   606517548519           (3)2(  7.0)       3486110.0
c   41   60652753851A           (3)2(  7.0)       3520110.0
c   42   606517548519           (3)3( 10.0)       3534910.0
c   43   606517548519           (3)3( 10.0)       3550810.0
c   44   606517548519           (3)0(  1.0)       3588110.0
c   45   60652753851A           (1)5(  5.0)       3591110.0
c   46   60652753851A           (1)2(  2.0)       3596810.0
c   47   60652753851A           (3)1(  4.0)       3602610.0
c   48   60652753851A           (3)2(  7.0)       3610610.0
c   49   606517548519           (3)2(  7.0)       3617510.0
c   50   60652753851A           (1)4(  4.0)       3661610.0
c   51   60652753851A           (3)3( 10.0)       3666010.0
c   52   60652753851A           (1)3(  3.0)       3696110.0
c   53   606517548519           (1)3(  3.0)       3718010.0
c   54   606517548519           (1)2(  2.0)       3766910.0
c   55   606517548519           (1)0(  0.0)       3779610.0
c   56   606517548519           (3)2(  7.0)       3783510.0
c   57   606517548519           (1)1(  1.0)       3806910.0
c   58   606517548519           (1)3(  3.0)       3852210.0
c   59   606517548519           (3)2(  7.0)       3866510.0
c   60   606517548519           (1)2(  2.0)       3955910.0
c   61   606517548519           (1)1(  1.0)       3980310.0
c   62   60652753851A           (3)4( 13.0)       4190910.0
c   63   60652753851A           (3)3( 10.0)       4232410.0
c   64   60652753851A           (1)3(  3.0)       4397910.0
c   65   60652753851A           (1)2(  2.0)       4448810.0
c   66   60652753851B           (3)2(  7.0)       5955110.0
c   67   60652753851C           (3)1(  4.0)       6221410.0
c   68   60652753851B           (5)0(  2.0)       6303010.0
c   69   60652753851B           (3)0(  1.0)       6323410.0
c   70   60652753851C           (1)3(  3.0)       6324810.0
c   71   60652753851B           (1)2(  2.0)       6365910.0
c   72   60652753851C           (5)1(  7.0)       6734710.0
c   73   60652753851B           (3)1(  4.0)       6807610.0
c   74   60652753851C           (3)2(  7.0)       6841910.0
c   75   60652753851C           (3)1(  4.0)       6846910.0
c   76   60652753851C           (3)3( 10.0)       6878510.0
c   77   60652753851D           (1)4(  4.0)       7011510.0
c   78   60652753851D           (3)0(  1.0)       7037010.0
c   79   60652753851C           (1)1(  1.0)       7060410.0
c   80   60652753851C           (1)2(  2.0)       7133710.0
c   81   60652753851B           (1)1(  1.0)       7134710.0
c   82   60652753851D           (3)2(  7.0)       7191010.0
c   83   60652753851D           (3)1(  4.0)       7232010.0
c   84   60652753851D           (3)2(  7.0)       7390210.0
c   85   60652753851C           (3)2(  7.0)       7400310.0
c   86   60652753851C           (3)1(  4.0)       7511410.0
c   87   60652753851C           (3)0(  1.0)       7532710.0
c   88   60652753851D           (3)3( 10.0)       7537710.0
c   89   60652753851C           (1)2(  2.0)       7539710.0
c   90   60652753851E           (1)4(  4.0)       7660810.0
c   91   60652753851E           (1)5(  5.0)       7666710.0
c   92   60652753851D           (5)2( 12.0)       7684910.0
c   93   60652753851D           (3)4( 13.0)       7707110.0
c   94   60652753851E           (3)1(  4.0)       7753710.0
c   95   60652753851D           (1)0(  0.0)       7760510.0
c   96   60652753851D           (1)3(  3.0)       7768410.0
c   97   60652753851D           (1)1(  1.0)       7774310.0
c   98   60652753851D           (1)2(  2.0)       7776910.0
c   99   60652753851C           (1)1(  1.0)       7841910.0
c  100   60652753851C           (1)0(  0.0)       7920110.0
c  101   60652753851E           (3)2(  7.0)       8050810.0
c  102   60652753851D           (3)1(  4.0)       8102310.0
c  103   60652753851D           (3)3( 10.0)       8105610.0
c  104   60652753851E           (5)3( 17.0)       8169310.0
c  105   60652753851E           (3)4( 13.0)       8201510.0
c  106   60652753851D           (3)2(  7.0)       8364510.0
c  107   60652753851E           (3)3( 10.0)       8367210.0
c  108   60652753851E           (3)5( 16.0)       8388010.0
c  109   60652753851E           (1)4(  4.0)       8414210.0
c  110   60652753851E           (1)1(  1.0)       8415010.0
c  111   60652753851E           (1)3(  3.0)       8416310.0
c  112   60652753851E           (1)2(  2.0)       8417410.0
c  113   60652753851D           (1)3(  3.0)       8461310.0
c  114   60652753851D           (1)2(  2.0)       8532410.0
c  115   60652753851D           (1)1(  1.0)       8534510.0
c  116   60652753851E           (3)3( 10.0)       8540410.0
c  117   60652753851E           (3)4( 13.0)       8755810.0
c  118   60652753851E           (3)2(  7.0)       8837110.0
c  119   60652753851E           (3)3( 10.0)       9015410.0
c  120   60652753851G           (1)1(  1.0)       9046210.0
c  121   60652753851E           (1)2(  2.0)       9182810.0
c  122   60652753851E           (1)3(  3.0)       9187910.0
c  123   60652753851G           (3)1(  4.0)       9401810.0
c  124   60652753851H           (3)0(  1.0)       9433110.0
c  125   60652753851H           (3)1(  4.0)       9653710.0
c  126   60652753851G           (5)0(  2.0)       9744210.0
c  127   60652753851G           (3)0(  1.0)       9749010.0
c  128   60652753851H           (3)2(  7.0)       9750310.0
c  129   60652753851G           (1)2(  2.0)       9799210.0
c  130   60652753851I           (1)4(  4.0)       9804210.0
c  131   60652753851I           (1)3(  3.0)       9805610.0
c  132   60652753851I           (3)0(  1.0)       9814610.0
c  133   60652753851H           (3)2(  7.0)       9829910.0
c  134   60652753851I           (3)2(  7.0)       9927410.0
c  135   60652753851H           (3)3( 10.0)      10073710.0
c  136   60652753851H           (5)1(  7.0)      10100010.0
c  137   60652753851J           (1)4(  4.0)      10150710.0
c  138   60652753851J           (1)5(  5.0)      10154710.0
c  139   60652753851H           (1)1(  1.0)      10190710.0
c  140   60652753851H           (1)2(  2.0)      10205410.0
c  141   60652753851G           (3)2(  7.0)      10207210.0
c  142   60652753851H           (3)1(  4.0)      10210110.0
c  143   60652753851J           (3)1(  4.0)      10239110.0
c  144   60652753851I           (3)3( 10.0)      10351310.0
c  145   60652753851I           (3)2(  7.0)      10386310.0
c  146   60652753851I           (3)1(  4.0)      10429610.0
c  147   60652753851I           (5)2( 12.0)      10492310.0
c  148   60652753851I           (3)4( 13.0)      10520310.0
c  149   60652753851J           (3)2(  7.0)      10548310.0
c  150   60652753851I           (1)1(  1.0)      10552310.0
c  151   60652753851I           (1)2(  2.0)      10552310.0
c  152   60652753851I           (1)0(  0.0)      10555310.0
c  153   60652753851H           (3)1(  4.0)      10628310.0
c  154   60652753851J           (5)3( 17.0)      10667310.0
c  155   60652753851J           (3)4( 13.0)      10700310.0
c  156   60652753851H           (1)2(  2.0)      10784310.0
c  157   60652753851J           (3)3( 10.0)      10859310.0
c  158   60652753851J           (3)5( 16.0)      10885310.0
c  159   60652753851J           (1)1(  1.0)      10905310.0
c  160   60652753851J           (1)2(  2.0)      10906310.0
c  161   60652753851J           (1)4(  4.0)      10906310.0
c  162   60652753851J           (1)3(  3.0)      10906310.0
c  163   60652753851I           (3)3( 10.0)      10909310.0
c  164   60652753851I           (3)1(  4.0)      10912310.0
c  165   60652753851H           (1)3(  3.0)      10954310.0
c  166   60652753851H           (1)1(  1.0)      10956310.0
c  167   60652753851H           (1)0(  0.0)      10980310.0
c  168   60652753851J           (3)3( 10.0)      11043310.0
c  169   60652753851I           (3)2(  7.0)      11171310.0
c  170   60652753851J           (3)4( 13.0)      11249310.0
c  171   60652753851I           (1)3(  3.0)      11287310.0
c  172   60652753851I           (1)1(  1.0)      11326310.0
c  173   60652753851I           (1)2(  2.0)      11328310.0
c  174   60652753851J           (3)2(  7.0)      11336310.0
c  175   60652753851J           (3)3( 10.0)      11506310.0
c  176   60652753851J           (1)2(  2.0)      11676310.0
c  177   60652753851J           (1)3(  3.0)      11679310.0
c  178   96527558               (1)2(  2.0)      13320310.0
c  179   96527558               (1)1(  1.0)      13367310.0
c  180   96527558               (3)2(  7.0)      13747310.0
c  181   96527558               (3)3( 10.0)      13799310.0
c  182   96527558               (3)1(  4.0)      13983310.0
c  183   96527558               (1)3(  3.0)      14095310.0
c  184   96527548519            (1)1(  1.0)      14534310.0
c  185   96527548519            (1)5(  5.0)      14558310.0
c  186   96527548519            (3)2(  7.0)      14629310.0
c  187   96527548519            (3)1(  4.0)      14680310.0
c  188   96527548519            (3)0(  1.0)      14686310.0
c  189   96527548519            (3)1(  4.0)      14702310.0
c  190   96527548519            (3)1(  4.0)      14754310.0
c  191   96527548519            (1)1(  1.0)      14770310.0
c  192   96527548519            (3)2(  7.0)      14819310.0
c  193   96527548519            (3)4( 13.0)      14820310.0
c  194   96527548519            (1)4(  4.0)      14838310.0
c  195   96527548519            (1)3(  3.0)      14870310.0
c  196   96527548519            (1)1(  1.0)      14885310.0
c  197   96527548519            (5)1(  7.0)      14911310.0
c  198   96527548519            (5)1(  7.0)      14927310.0
c  199   96527548519            (5)1(  7.0)      14988310.0
c  200   96527548519            (5)2( 12.0)      15021310.0
c  201   96527548519            (5)5( 27.0)      15049310.0
c  202   96527548519            (3)4( 13.0)      15114310.0
c  203   96527548519            (5)3( 17.0)      15140310.0
c  204   96527548519            (3)5( 16.0)      15146310.0
c  205   96527548519            (5)3( 17.0)      15160310.0
c  206   96527548519            (3)2(  7.0)      15171310.0
c  207   96527548519            (3)5( 16.0)      15177310.0
c  208   96527548519            (5)0(  2.0)      15177310.0
c  209   96527548519            (5)4( 22.0)      15177310.0
c  210   96527548519            (3)2(  7.0)      15205310.0
c  211   96527548519            (5)2( 12.0)      15223310.0
c  212   96527548519            (3)3( 10.0)      15225310.0
c  213   96527548519            (3)1(  4.0)      15272310.0
c  214   96527548519            (3)0(  1.0)      15275310.0
c  215   96527548519            (3)4( 13.0)      15292310.0
c  216   96527548519            (1)4(  4.0)      15309310.0
c  217   96527548519            (1)4(  4.0)      15316310.0
c  218   96527548519            (3)4( 13.0)      15329310.0
c  219   96527548519            (5)3( 17.0)      15345310.0
c  220   96527548519            (1)2(  2.0)      15351310.0
c  221   96527548519            (3)3( 10.0)      15377310.0
c  222   96527548519            (3)4( 13.0)      15393310.0
c  223   96527548519            (3)1(  4.0)      15400310.0
c  224   96527548519            (3)2(  7.0)      15414310.0
c  225   96527548519            (1)1(  1.0)      15424310.0
c  226   96527548519            (3)3( 10.0)      15432310.0
c  227   96527548519            (3)1(  4.0)      15439310.0
c  228   96527548519            (3)1(  4.0)      15442310.0
c  229   96527548519            (1)2(  2.0)      15454310.0
c  230   96527548519            (5)4( 22.0)      15456310.0
c  231   96527548519            (1)5(  5.0)      15459310.0
c  232   96527548519            (1)1(  1.0)      15463310.0
c  233   96527548519            (1)3(  3.0)      15467310.0
c  234   96527548519            (1)2(  2.0)      15468310.0
c  235   96527548519            (3)2(  7.0)      15470310.0
c  236   96527548519            (1)3(  3.0)      15474310.0
c  237   96527548519            (3)3( 10.0)      15481310.0
c  238   96527548519            (3)4( 13.0)      15485310.0
c  239   96527548519            (3)2(  7.0)      15491310.0
c  240   96527548519            (5)2( 12.0)      15495310.0
c  241   96527548519            (1)0(  0.0)      15503310.0
c  242   96527548519            (3)3( 10.0)      15505310.0
c  243   96527548519            (3)3( 10.0)      15510310.0
c  244   96527548519            (3)6( 19.0)      15513310.0
c  245   96527548519            (3)2(  7.0)      15513310.0
c  246   96527548519            (3)4( 13.0)      15524310.0
c  247   96527548519            (1)1(  1.0)      15532310.0
c  248   96527548519            (1)2(  2.0)      15552310.0
c  249   96527548519            (3)2(  7.0)      15576310.0
c  250   96527548519            (3)3( 10.0)      15578310.0
c  251   96527548519            (3)3( 10.0)      15588310.0
c  252   96527548519            (3)3( 10.0)      15621310.0
c  253   96527548519            (3)2(  7.0)      15628310.0
c  254   96527548519            (1)4(  4.0)      15663310.0
c  255   96527548519            (3)3( 10.0)      15667310.0
c  256   96527548519            (3)3( 10.0)      15680310.0
c  257   96527548519            (3)5( 16.0)      15733310.0
c  258   96527548519            (3)2(  7.0)      15734310.0
c  259   96527548519            (3)1(  4.0)      15757310.0
c  260   96527548519            (3)5( 16.0)      15788310.0
c  261   96527548519            (3)1(  4.0)      15810310.0
c  262   96527548519            (3)4( 13.0)      15873310.0
c  263   96527548519            (1)2(  2.0)      15889310.0
c  264   96527548519            (1)1(  1.0)      15938310.0
c  265   96527548519            (1)3(  3.0)      15958310.0
c  266   96527548519            (1)6(  6.0)      15977310.0
c  267   96527548519            (3)1(  4.0)      15979310.0
c  268   96527548519            (1)4(  4.0)      15989310.0
c  269   96527548519            (1)4(  4.0)      15997310.0
c  270   96527548519            (1)3(  3.0)      15999310.0
c  271   96527548519            (1)3(  3.0)      16004310.0
c  272   96527548519            (3)0(  1.0)      16013310.0
c  273   96527548519            (3)2(  7.0)      16072310.0
c  274   96527548519            (3)0(  1.0)      16138310.0
c  275   9652754851A            (1)2(  2.0)      16163310.0
c  276   96527548519            (1)2(  2.0)      16200310.0
c  277   9652754851A            (5)1(  7.0)      16210310.0
c  278   9652754851A            (1)0(  0.0)      16215310.0
c  279   9652754851A            (3)3( 10.0)      16227310.0
c  280   9652754851A            (1)4(  4.0)      16228310.0
c  281   96527548519            (1)3(  3.0)      16233310.0
c  282   96527548519            (1)2(  2.0)      16242310.0
c  283   9652754851A            (1)5(  5.0)      16249310.0
c  284   96527548519            (1)5(  5.0)      16257310.0
c  285   9652754851A            (1)2(  2.0)      16278310.0
c  286   9652754851A            (1)3(  3.0)      16286310.0
c  287   96527548519            (1)3(  3.0)      16287310.0
c  288   96527548519            (1)2(  2.0)      16294310.0
c  289   9652754851A            (1)4(  4.0)      16310310.0
c  290   9652754851A            (3)2(  7.0)      16335310.0
c  291   9652754851A            (1)4(  4.0)      16337310.0
c  292   9652754851A            (1)2(  2.0)      16338310.0
c  293   9652754851A            (1)3(  3.0)      16375310.0
c  294   9652754851A            (3)4( 13.0)      16429310.0
c  295   96527548519            (1)0(  0.0)      16438310.0
c  296   9652754851A            (5)3( 17.0)      16472310.0
c  297   9652754851A            (3)1(  4.0)      16527310.0
c  298   9652754851A            (5)3( 17.0)      16533310.0
c  299   9652754851A            (5)4( 22.0)      16542310.0
c  300   9652754851A            (3)1(  4.0)      16552310.0
c  301   9652754851A            (3)4( 13.0)      16585310.0
c  302   9652754851A            (5)4( 22.0)      16653310.0
c  303   9652754851A            (3)1(  4.0)      16664310.0
c  304   9652754851A            (3)4( 13.0)      16664310.0
c  305   9652754851A            (3)4( 13.0)      16715310.0
c  306   9652754851A            (5)5( 27.0)      16717310.0
c  307   9652754851A            (5)6( 32.0)      16720310.0
c  308   9652754851A            (3)6( 19.0)      16738310.0
c  309   9652754851A            (1)5(  5.0)      16740310.0
c  310   9652754851A            (3)5( 16.0)      16762310.0
c  311   9652754851A            (3)2(  7.0)      16767310.0
c  312   9652754851A            (5)0(  2.0)      16779310.0
c  313   9652754851A            (3)6( 19.0)      16780310.0
c  314   96527548519            (1)2(  2.0)      16781310.0
c  315   9652754851A            (3)4( 13.0)      16785310.0
c  316   9652754851A            (5)2( 12.0)      16791310.0
c  317   9652754851A            (5)3( 17.0)      16805310.0
c  318   9652754851A            (1)5(  5.0)      16807310.0
c  319   9652754851A            (5)1(  7.0)      16820310.0
c  320   9652754851A            (1)4(  4.0)      16840310.0
c  321   9652754851A            (5)2( 12.0)      16849310.0
c  322   9652754851A            (3)2(  7.0)      16866310.0
c  323   9652754851A            (1)3(  3.0)      16868310.0
c  324   9652754851A            (3)5( 16.0)      16874310.0
c  325   9652754851A            (5)5( 27.0)      16874310.0
c  326   9652754851A            (3)3( 10.0)      16884310.0
c  327   9652754851A            (3)0(  1.0)      16895310.0
c  328   9652754851A            (3)3( 10.0)      16912310.0
c  329   9652754851A            (1)1(  1.0)      16968310.0
c  330   9652754851A            (3)3( 10.0)      16974310.0
c  331   9652754851A            (3)4( 13.0)      16975310.0
c  332   9652754851A            (3)3( 10.0)      16977310.0
c  333   9652754851A            (1)1(  1.0)      16978310.0
c  334   9652754851A            (5)2( 12.0)      16982310.0
c  335   9652754851A            (3)2(  7.0)      16992310.0
c  336   9652754851A            (3)3( 10.0)      16993310.0
c  337   9652754851A            (1)1(  1.0)      16995310.0
c  338   9652754851A            (1)4(  4.0)      17000310.0
c  339   96527548519            (1)0(  0.0)      17002310.0
c  340   9652754851A            (3)2(  7.0)      17007310.0
c  341   9652754851A            (1)6(  6.0)      17013310.0
c  342   9652754851A            (3)5( 16.0)      17021310.0
c  343   24555606527558         (1)1(  1.0)      17025310.0
c  344   9652754851A            (1)3(  3.0)      17025310.0
c  345   9652754851A            (3)5( 16.0)      17026310.0
c  346   9652754851A            (1)2(  2.0)      17038310.0
c  347   9652754851A            (3)1(  4.0)      17040310.0
c  348   9652754851A            (3)2(  7.0)      17041310.0
c  349   9652754851A            (1)1(  1.0)      17047310.0
c  350   9652754851A            (1)5(  5.0)      17050310.0
c  351   9652754851A            (3)4( 13.0)      17059310.0
c  352   9652754851A            (1)5(  5.0)      17069310.0
c  353   9652754851A            (5)4( 22.0)      17074310.0
c  354   9652754851A            (3)1(  4.0)      17075310.0
c  355   9652754851A            (1)3(  3.0)      17081310.0
c  356   9652754851A            (1)3(  3.0)      17090310.0
c  357   9652754851A            (3)2(  7.0)      17097310.0
c  358   9652754851A            (3)2(  7.0)      17106310.0
c  359   9652754851A            (1)4(  4.0)      17107310.0
c  360   9652754851A            (3)7( 22.0)      17108310.0
c  361   9652754851A            (3)3( 10.0)      17118310.0
c  362   9652754851A            (3)2(  7.0)      17120310.0
c  363   9652754851A            (3)2(  7.0)      17132310.0
c  364   9652754851A            (3)6( 19.0)      17133310.0
c  365   9652754851A            (3)5( 16.0)      17135310.0
c  366   9652754851A            (3)5( 16.0)      17138310.0
c  367   24555606527558         (1)0(  0.0)      17161310.0
c  368   9652754851A            (3)4( 13.0)      17172310.0
c  369   9652754851A            (3)1(  4.0)      17211310.0
c  370   9652754851A            (3)3( 10.0)      17215310.0
c  371   9652754851A            (3)1(  4.0)      17232310.0
c  372   9652754851A            (3)4( 13.0)      17236310.0
c  373   9652754851A            (3)2(  7.0)      17249310.0
c  374   9652754851A            (3)3( 10.0)      17295310.0
c  375   9652754851A            (3)4( 13.0)      17296310.0
c  376   9652754851A            (3)4( 13.0)      17299310.0
c  377   9652754851A            (3)3( 10.0)      17331310.0
c  378   9652754851A            (3)6( 19.0)      17355310.0
c  379   9652754851A            (3)5( 16.0)      17381310.0
c  380   9652754851A            (3)5( 16.0)      17392310.0
c  381   9652754851A            (1)0(  0.0)      17479310.0
c  382   9652754851A            (1)7(  7.0)      17504310.0
c  383   9652754851A            (1)6(  6.0)      17517310.0
c  384   9652754851A            (3)1(  4.0)      17526310.0
c  385   9652754851A            (3)3( 10.0)      17554310.0
c  386   9652754851A            (3)3( 10.0)      17559310.0
c  387   9652754851A            (1)4(  4.0)      17597310.0
c  388   9652754851A            (3)0(  1.0)      17600310.0
c  389   9652754851A            (1)3(  3.0)      17601310.0
c  390   9652754851A            (1)2(  2.0)      17617310.0
c  391   9652754851A            (1)3(  3.0)      17677310.0
c  392   9652754851A            (1)1(  1.0)      17695310.0
c  393   9652754851A            (1)2(  2.0)      17700310.0
c  394   9652754851A            (1)2(  2.0)      17765310.0
c  395   9652754851A            (1)5(  5.0)      17767310.0
c  396   9652754851A            (1)6(  6.0)      17778310.0
c  397   9652754851A            (1)2(  2.0)      17792310.0
c  398   9652754851A            (1)4(  4.0)      17819310.0
c  399   24555606527558         (3)0(  1.0)      17820310.0
c  400   9652754851A            (1)3(  3.0)      17834310.0
c  401   24555606527558         (3)2(  7.0)      17927310.0
c  402   9652754851A            (1)1(  1.0)      17930310.0
c  403   24555606527558         (3)1(  4.0)      18246310.0
c  404   24555606527548519      (3)2(  7.0)      18283310.0
c  405   24555606527548519      (1)2(  2.0)      18380310.0
c  406   24555606527548519      (5)1(  7.0)      18393310.0
c  407   24555606527548519      (3)2(  7.0)      18395310.0
c  408   9652754851A            (3)0(  1.0)      18462310.0
c  409   24555606527548519      (1)2(  2.0)      18488310.0
c  410   24555606527548519      (1)4(  4.0)      18499310.0
c  411   24555606527548519      (3)1(  4.0)      18529310.0
c  412   24555606527548519      (3)3( 10.0)      18541310.0
c  413   24555606527548519      (1)2(  2.0)      18541310.0
c  414   24555606527548519      (1)4(  4.0)      18544310.0
c  415   24555606527548519      (5)3( 17.0)      18786310.0
c  416   24555606527548519      (3)2(  7.0)      18816310.0
c  417   24555606527548519      (3)1(  4.0)      18869310.0
c  418   24555606527548519      (3)1(  4.0)      18964310.0
c  419   24555606527548519      (5)2( 12.0)      18965310.0
c  420   24555606527548519      (3)4( 13.0)      19123310.0
c  421   24555606527548519      (1)4(  4.0)      19144310.0
c  422   24555606527548519      (1)3(  3.0)      19150310.0
c  423   24555606527548519      (1)0(  0.0)      19150310.0
c  424   24555606527548519      (3)0(  1.0)      19151310.0
c  425   24555606527548519      (1)2(  2.0)      19172310.0
c  426   24555606527548519      (1)1(  1.0)      19180310.0
c  427   24555606527548519      (1)1(  1.0)      19207310.0
c  428   24555606527548519      (1)2(  2.0)      19235310.0
c  429   24555606527548519      (1)1(  1.0)      19268310.0
c  430   24555606527548519      (5)4( 22.0)      19292310.0
c  431   24555606527548519      (3)2(  7.0)      19308310.0
c  432   24555606527548519      (3)2(  7.0)      19320310.0
c  433   24555606527548519      (1)3(  3.0)      19379310.0
c  434   24555606527548519      (3)0(  1.0)      19405310.0
c  435   24555606527558         (1)2(  2.0)      19495310.0
c  436   24555606527548519      (5)2( 12.0)      19562310.0
c  437   24555606527548519      (3)3( 10.0)      19584310.0
c  438   24555606527548519      (3)2(  7.0)      19604310.0
c  439   24555606527548519      (3)3( 10.0)      19606310.0
c  440   24555606527548519      (3)2(  7.0)      19619310.0
c  441   24555606527548519      (5)1(  7.0)      19626310.0
c  442   24555606527548519      (3)5( 16.0)      19719310.0
c  443   24555606527548519      (3)3( 10.0)      19747310.0
c  444   24555606527548519      (3)1(  4.0)      19766310.0
c  445   24555606527548519      (1)0(  0.0)      19888310.0
c  446   24555606527548519      (5)2( 12.0)      19893310.0
c  447   24555606527548519      (3)1(  4.0)      19908310.0
c  448   24555606527548519      (1)1(  1.0)      19910310.0
c  449   24555606527548519      (3)2(  7.0)      19917310.0
c  450   24555606527548519      (1)3(  3.0)      19920310.0
c  451   24555606527548519      (1)1(  1.0)      19989310.0
c  452   24555606527548519      (3)3( 10.0)      20029310.0
c  453   24555606527548519      (5)3( 17.0)      20071310.0
c  454   24555606527548519      (3)4( 13.0)      20204310.0
c  455   24555606527548519      (3)1(  4.0)      20210310.0
c  456   24555606527548519      (3)1(  4.0)      20220310.0
c  457   24555606527548519      (3)3( 10.0)      20271310.0
c  458   24555606527548519      (3)4( 13.0)      20325310.0
c  459   24555606527548519      (3)2(  7.0)      20486310.0
c  460   24555606527548519      (3)3( 10.0)      20582310.0
c  461   24555606527548519      (3)3( 10.0)      20601310.0
c  462   24555606527548519      (3)4( 13.0)      20611310.0
c  463   24555606527548519      (1)3(  3.0)      20722310.0
c  464   24555606527548519      (3)1(  4.0)      20901310.0
c  465   24555606527548519      (1)3(  3.0)      20952310.0
c  466   24555606527548519      (3)0(  1.0)      20990310.0
c  467   24555606527548519      (1)2(  2.0)      20994310.0
c  468   24555606527548519      (1)5(  5.0)      21589310.0
c  469   24555606527548519      (5)0(  2.0)      21591310.0
c  470   24555606527548519      (3)2(  7.0)      21815310.0
c  471   24555606527548519      (1)1(  1.0)      21876310.0
c  472   24555606527548519      (1)2(  2.0)      22325310.0
c  473   24555606527548519      (1)3(  3.0)      22388310.0
 
 
 
c-------------------------------------------------------------------------------
 
C  superstage partition information
C  ================================
C
C  element symbol   : W
C  parent template  : 
C  partition level  :  1
C  superstage label : 40
C
C  tabulation       : photon emissivity coefft (te,ne)
C  units            : ph. emis coef(cm^3 s^-1); te (ev); ne (cm^-3)
C
C  photon emissivity atomic transitions
C  ------------------------------------
C  
C   isel  wvlen(A)            transition                type  ispb nspb
C                                                             ispp nspp sz    tg pr wr
C  ----- ---------- ----------------------------------- ----- ---- ---- --    -- -- --
C      1   5.51517  408(3)0(  1.0)-  2(3)1(  4.0)       excit   1    1  40   598 37  1
C      2   5.88987  333(1)1(  1.0)-  1(1)0(  0.0)       excit   1    1  40   176 34  2
C      3   5.91653  371(3)1(  4.0)-  2(3)1(  4.0)       excit   1    1  40   570 27  3
C      4   5.95174  363(3)2(  7.0)-  2(3)1(  4.0)       excit   1    1  40   565 24  4
C      5   6.03690  327(3)0(  1.0)-  2(3)1(  4.0)       excit   1    1  40   537 39  5
C      6   6.23255  293(1)3(  3.0)-  2(3)1(  4.0)       excit   1    1  40   511 49  6
C      7   7.45334  180(3)2(  7.0)-  2(3)1(  4.0)       excit   1    1  40   407 35  7
C      8   14.1649   84(3)2(  7.0)-  2(3)1(  4.0)       excit   1    1  40   314 45  8
C      9   17.7790   66(3)2(  7.0)-  2(3)1(  4.0)       excit   1    1  40   297 36  9
C     10   19.4156   72(5)1(  7.0)-  5(5)2( 12.0)       excit   1    1  40  1488 40 10
C     11   20.5944   75(3)1(  4.0)- 12(3)2(  7.0)       excit   1    1  40  4478 50 11
C     12   36.4285   27(1)1(  1.0)-  2(3)1(  4.0)       excit   1    1  40   259  5 12
C     13   36.9316   20(3)2(  7.0)-  1(1)0(  0.0)       excit   1    1  40    12 10 13
C     14   42.0663   20(3)2(  7.0)-  2(3)1(  4.0)       excit   1    1  40   252 15 14
C     15   44.8831   15(3)0(  1.0)-  1(1)0(  0.0)       excit   1    1  40    10 23 15
C     16   47.2804   21(1)3(  3.0)-  3(1)2(  2.0)       excit   1    1  40   674 48 16
C     17   47.7737   19(3)1(  4.0)-  2(3)1(  4.0)       excit   1    1  40   251  9 17
C     18   48.1556   18(3)3( 10.0)-  2(3)1(  4.0)       excit   1    1  40   250 25 18
C     19   49.4257   20(3)2(  7.0)-  3(1)2(  2.0)       excit   1    1  40   673 18 19
C     20   50.2207   12(3)2(  7.0)-  1(1)0(  0.0)       excit   1    1  40     8 30 20
C     21   50.9243   59(3)2(  7.0)-  9(3)1(  4.0)       excit   1    1  40  3169 29 21
C     22   51.3321   17(1)2(  2.0)-  2(3)1(  4.0)       excit   1    1  40   249  8 22
C     23   52.7009   15(3)0(  1.0)-  2(3)1(  4.0)       excit   1    1  40   247 11 23
C     24   56.0601   62(3)4( 13.0)- 18(3)3( 10.0)       excit   1    1  40  6646 46 24
C     25   57.4964   19(3)1(  4.0)-  3(1)2(  2.0)       excit   1    1  40   672 22 25
C     26   57.8102   14(1)0(  0.0)-  2(3)1(  4.0)       excit   1    1  40   246 44 26
C     27   58.0956   13(1)1(  1.0)-  2(3)1(  4.0)       excit   1    1  40   245 16 27
C     28   58.5549   48(3)2(  7.0)-  9(3)1(  4.0)       excit   1    1  40  3159 38 28
C     29   60.2156   12(3)2(  7.0)-  2(3)1(  4.0)       excit   1    1  40   244  2 29
C     30   61.2445   11(3)1(  4.0)-  2(3)1(  4.0)       excit   1    1  40   243  4 30
C     31   61.2557   10(3)3( 10.0)-  2(3)1(  4.0)       excit   1    1  40   242 28 31
C     32   61.2708   42(3)3( 10.0)-  9(3)1(  4.0)       excit   1    1  40  3154 41 32
C     33   61.6443    6(1)1(  1.0)-  1(1)0(  0.0)       excit   1    1  40     4 17 33
C     34   61.8314   41(3)2(  7.0)-  9(3)1(  4.0)       excit   1    1  40  3153 47 34
C     35   62.7297   17(1)2(  2.0)-  3(1)2(  2.0)       excit   1    1  40   670 13 35
C     36   63.6011    9(3)1(  4.0)-  2(3)1(  4.0)       excit   1    1  40   241  7 36
C     37   63.7658   16(1)3(  3.0)-  3(1)2(  2.0)       excit   1    1  40   669 32 37
C     38   64.7861   15(3)0(  1.0)-  3(1)2(  2.0)       excit   1    1  40   668 33 38
C     39   65.5867   63(3)3( 10.0)- 20(3)2(  7.0)       excit   1    1  40  7501 43 39
C     40   67.9163    8(3)4( 13.0)-  2(3)1(  4.0)       excit   1    1  40   240 26 40
C     41   70.0525    7(3)2(  7.0)-  2(3)1(  4.0)       excit   1    1  40   239 12 41
C     42   72.8597   31(3)1(  4.0)-  9(3)1(  4.0)       excit   1    1  40  3144 31 42
C     43   74.8447   25(1)4(  4.0)-  5(5)2( 12.0)       excit   1    1  40  1441 21 43
C     44   76.5263   12(3)2(  7.0)-  3(1)2(  2.0)       excit   1    1  40   666 20 44
C     45   77.4174    6(1)1(  1.0)-  2(3)1(  4.0)       excit   1    1  40   238 19 45
C     46   79.7639    5(5)2( 12.0)-  2(3)1(  4.0)       excit   1    1  40   237  3 46
C     47   82.0789    9(3)1(  4.0)-  3(1)2(  2.0)       excit   1    1  40   663  6 47
C     48   106.639    6(1)1(  1.0)-  3(1)2(  2.0)       excit   1    1  40   660 42 48
C     49   282.518    3(1)2(  2.0)-  2(3)1(  4.0)       excit   1    1  40   236  1 49
C     50   302.563    2(3)1(  4.0)-  1(1)0(  0.0)       excit   1    1  40     1 14 50
c-------------------------------------------------------------------------------
                                                                                
C  code     : adas810
C  producer : Adam Foster
C  date     : 15/05/09
                                                                                
c-------------------------------------------------------------------------------

C-----------------------------------------------------------------------
C                               OPEN-ADAS
C                               +++++++++
C
C This file has been downloaded from OPEN-ADAS (http://open.adas.ac.uk)
C on 26-Mar-2025.
C
C TERMS AND CONDITIONS
C --------------------
C
C The user of the OPEN-ADAS system and data (hereinafter "the User")
C accepts the following terms and conditions:
C
C   1. The University of Strathclyde uses all reasonable endeavours to
C      ensure the accuracy of the data provided and any information
C      given, but the University makes no warranty, expressed or implied
C      as to its accuracy, integrity, fitness for purpose and shall not
C      be responsible for the use to which the data is put by the User
C      and/or any consequences arising out of any inaccuracies or
C      omissions.
C
C   2. Any downloaded OPEN-ADAS file is made available for the
C      personal use of the User only.  It must not be used for any
C      commercial application, incorporated into any web site or in
C      any form re-distributed without express prior written permission
C      from the ADAS Project. In particular, but not by way of
C      limitation, it must not be:
C        *  inserted into a managed database structure,
C        *  redistributed along with a modelling or analysis code,
C        *  made available on a public website.
C
C Permission for OPEN-ADAS data incorporation in non-commercial
C code/system development for scientific advance will not be
C unreasonably withheld, but will be subject to written agreement
C on a case by case basis.
C
C The User will indemnify the University of Strathclyde and keep it
C fully and effectively indemnified against each and every claim made
C against the University as a result of the User's use of the data.
C
C-----------------------------------------------------------------------
