   15    /W :49 photon emissivity coefficients/
--------------------------------------------------------------------------------
    1    1    1    1    1    1    1    1    1    1    1    1    1    1
    1    1    1    1    1    1    1    1    1    1    1    1    1    1
    1    1    1    1    1    1    1    1    1    1    1    1    1    1
    1    1    1    1    1    1    1    1    1    1    1    1    1    1
    1    1    1    1    1    1    1    1    1    1    1    1    1    1
    1    1    1    1    1
--------------------------------------------------------------------------------
//#01/p00/ 00/p01/ 01/p02/ 02/p03/ 03/p04/ 04/p05/ 05/p06/ 06/p07/ 07/p08/ 08/  
      p09/ 09/p10/ 10/p11/ 11/p12/ 12/p13/ 13/p14/ 14/p15/ 15/p16/ 16/p17/ 17/  
      p18/ 18/p19/ 19/p20/ 20/p21/ 21/p22/ 22/p23/ 23/p24/ 24/p25/ 25/p26/ 26/  
      p27/ 27/p28/ 28/p29/ 29/p30/ 30/p31/ 31/p32/ 32/p33/ 33/p34/ 34/p35/ 35/  
      p36/ 36/p37/ 37/p38/ 38/p39/ 39/p40/ 40/p41/ 41/p42/ 42/p43/ 43/p44/ 44/  
      p45/ 45/p46/ 46/p47/ 47/p48/ 48/p49/ 49/p50/ 50/p51/ 51/p52/ 52/p53/ 53/  
      p54/ 54/p55/ 55/p56/ 56/p57/ 57/p58/ 58/p59/ 59/p60/ 60/p61/ 61/p62/ 62/  
      p63/ 63/p64/ 64/p65/ 65/p66/ 66/p67/ 67/p68/ 68/p69/ 69/p70/ 70/p71/ 71/  
      p72/ 72/p73/ 73/p74/ 74/                                                  
--------------------------------------------------------------------------------
  5.46923    7  14 /pl=01:ss=49:pb= 1:sz=49/type=excit/ispb = t/isel =    1
 1.00E+10 1.00E+11 1.00E+12 1.00E+13 1.00E+14 1.00E+15 1.00E+16
 4.31E+01 6.46E+01 1.08E+02 2.15E+02 4.31E+02 1.08E+03 2.15E+03 3.23E+03
 4.31E+03 6.46E+03 1.08E+04 2.15E+04 4.31E+04 6.46E+04
 1.86E-32 6.33E-25 6.09E-19 1.61E-14 2.23E-12 3.51E-11 7.86E-11 9.98E-11
 1.11E-10 1.22E-10 1.30E-10 1.31E-10 1.23E-10 1.16E-10
 1.86E-32 6.33E-25 6.09E-19 1.61E-14 2.23E-12 3.51E-11 7.86E-11 9.98E-11
 1.11E-10 1.22E-10 1.30E-10 1.31E-10 1.23E-10 1.16E-10
 1.86E-32 6.33E-25 6.09E-19 1.61E-14 2.23E-12 3.51E-11 7.86E-11 9.98E-11
 1.11E-10 1.22E-10 1.30E-10 1.31E-10 1.23E-10 1.16E-10
 1.86E-32 6.33E-25 6.09E-19 1.61E-14 2.23E-12 3.51E-11 7.86E-11 9.98E-11
 1.11E-10 1.22E-10 1.30E-10 1.31E-10 1.23E-10 1.16E-10
 1.86E-32 6.33E-25 6.09E-19 1.61E-14 2.23E-12 3.51E-11 7.86E-11 9.98E-11
 1.11E-10 1.22E-10 1.30E-10 1.31E-10 1.23E-10 1.16E-10
 1.86E-32 6.33E-25 6.09E-19 1.61E-14 2.23E-12 3.51E-11 7.86E-11 9.98E-11
 1.11E-10 1.22E-10 1.30E-10 1.31E-10 1.23E-10 1.16E-10
 1.86E-32 6.33E-25 6.09E-19 1.61E-14 2.23E-12 3.51E-11 7.86E-11 9.98E-11
 1.11E-10 1.22E-10 1.30E-10 1.31E-10 1.23E-10 1.16E-10
  5.87355    7  14 /pl=01:ss=49:pb= 1:sz=49/type=excit/ispb = t/isel =    2
 1.00E+10 1.00E+11 1.00E+12 1.00E+13 1.00E+14 1.00E+15 1.00E+16
 4.31E+01 6.46E+01 1.08E+02 2.15E+02 4.31E+02 1.08E+03 2.15E+03 3.23E+03
 4.31E+03 6.46E+03 1.08E+04 2.15E+04 4.31E+04 6.46E+04
 6.54E-33 6.63E-26 2.43E-20 3.11E-16 2.97E-14 3.63E-13 7.06E-13 8.18E-13
 8.51E-13 8.43E-13 7.73E-13 6.31E-13 4.88E-13 4.13E-13
 6.54E-33 6.63E-26 2.43E-20 3.11E-16 2.97E-14 3.63E-13 7.06E-13 8.18E-13
 8.51E-13 8.43E-13 7.73E-13 6.31E-13 4.88E-13 4.13E-13
 6.54E-33 6.63E-26 2.43E-20 3.11E-16 2.97E-14 3.63E-13 7.06E-13 8.18E-13
 8.51E-13 8.43E-13 7.73E-13 6.31E-13 4.88E-13 4.13E-13
 6.54E-33 6.63E-26 2.43E-20 3.11E-16 2.97E-14 3.63E-13 7.06E-13 8.18E-13
 8.51E-13 8.43E-13 7.73E-13 6.31E-13 4.88E-13 4.13E-13
 6.54E-33 6.63E-26 2.43E-20 3.11E-16 2.97E-14 3.63E-13 7.06E-13 8.18E-13
 8.51E-13 8.43E-13 7.73E-13 6.31E-13 4.88E-13 4.13E-13
 6.54E-33 6.63E-26 2.43E-20 3.11E-16 2.97E-14 3.63E-13 7.06E-13 8.18E-13
 8.51E-13 8.43E-13 7.73E-13 6.31E-13 4.88E-13 4.13E-13
 6.54E-33 6.63E-26 2.43E-20 3.11E-16 2.97E-14 3.63E-13 7.06E-13 8.18E-13
 8.51E-13 8.43E-13 7.73E-13 6.31E-13 4.88E-13 4.13E-13
  6.45455    7  14 /pl=01:ss=49:pb= 1:sz=49/type=excit/ispb = t/isel =    3
 1.00E+10 1.00E+11 1.00E+12 1.00E+13 1.00E+14 1.00E+15 1.00E+16
 4.31E+01 6.46E+01 1.08E+02 2.15E+02 4.31E+02 1.08E+03 2.15E+03 3.23E+03
 4.31E+03 6.46E+03 1.08E+04 2.15E+04 4.31E+04 6.46E+04
 1.89E-30 5.84E-24 1.14E-18 1.12E-14 9.93E-13 1.18E-11 2.29E-11 2.67E-11
 2.80E-11 2.82E-11 2.66E-11 2.27E-11 1.85E-11 1.62E-11
 1.89E-30 5.84E-24 1.14E-18 1.12E-14 9.93E-13 1.18E-11 2.29E-11 2.67E-11
 2.80E-11 2.82E-11 2.66E-11 2.27E-11 1.85E-11 1.62E-11
 1.89E-30 5.84E-24 1.14E-18 1.12E-14 9.93E-13 1.18E-11 2.29E-11 2.67E-11
 2.80E-11 2.82E-11 2.66E-11 2.27E-11 1.85E-11 1.62E-11
 1.89E-30 5.84E-24 1.14E-18 1.12E-14 9.93E-13 1.18E-11 2.29E-11 2.67E-11
 2.80E-11 2.82E-11 2.66E-11 2.27E-11 1.85E-11 1.62E-11
 1.89E-30 5.84E-24 1.14E-18 1.12E-14 9.93E-13 1.18E-11 2.29E-11 2.67E-11
 2.80E-11 2.82E-11 2.66E-11 2.27E-11 1.85E-11 1.62E-11
 1.89E-30 5.84E-24 1.14E-18 1.12E-14 9.93E-13 1.18E-11 2.29E-11 2.67E-11
 2.80E-11 2.82E-11 2.66E-11 2.27E-11 1.85E-11 1.62E-11
 1.89E-30 5.84E-24 1.14E-18 1.12E-14 9.93E-13 1.18E-11 2.29E-11 2.67E-11
 2.80E-11 2.82E-11 2.66E-11 2.27E-11 1.85E-11 1.62E-11
  7.07798    7  14 /pl=01:ss=49:pb= 1:sz=49/type=excit/ispb = t/isel =    4
 1.00E+10 1.00E+11 1.00E+12 1.00E+13 1.00E+14 1.00E+15 1.00E+16
 4.31E+01 6.46E+01 1.08E+02 2.15E+02 4.31E+02 1.08E+03 2.15E+03 3.23E+03
 4.31E+03 6.46E+03 1.08E+04 2.15E+04 4.31E+04 6.46E+04
 5.03E-29 3.19E-23 1.33E-18 3.79E-15 1.93E-13 1.74E-12 3.11E-12 3.54E-12
 3.65E-12 3.60E-12 3.33E-12 2.77E-12 2.20E-12 1.89E-12
 5.03E-29 3.19E-23 1.33E-18 3.79E-15 1.93E-13 1.74E-12 3.11E-12 3.54E-12
 3.65E-12 3.60E-12 3.33E-12 2.77E-12 2.20E-12 1.89E-12
 5.03E-29 3.19E-23 1.33E-18 3.79E-15 1.93E-13 1.74E-12 3.11E-12 3.54E-12
 3.65E-12 3.60E-12 3.33E-12 2.77E-12 2.20E-12 1.89E-12
 5.03E-29 3.19E-23 1.33E-18 3.79E-15 1.93E-13 1.74E-12 3.11E-12 3.54E-12
 3.65E-12 3.60E-12 3.33E-12 2.77E-12 2.20E-12 1.89E-12
 5.03E-29 3.19E-23 1.33E-18 3.79E-15 1.93E-13 1.74E-12 3.11E-12 3.54E-12
 3.65E-12 3.60E-12 3.33E-12 2.77E-12 2.20E-12 1.89E-12
 5.03E-29 3.19E-23 1.33E-18 3.78E-15 1.93E-13 1.74E-12 3.11E-12 3.54E-12
 3.65E-12 3.60E-12 3.33E-12 2.77E-12 2.20E-12 1.89E-12
 5.03E-29 3.19E-23 1.33E-18 3.78E-15 1.93E-13 1.73E-12 3.11E-12 3.53E-12
 3.65E-12 3.60E-12 3.32E-12 2.77E-12 2.20E-12 1.89E-12
  12.9071    7  14 /pl=01:ss=49:pb= 1:sz=49/type=excit/ispb = t/isel =    5
 1.00E+10 1.00E+11 1.00E+12 1.00E+13 1.00E+14 1.00E+15 1.00E+16
 4.31E+01 6.46E+01 1.08E+02 2.15E+02 4.31E+02 1.08E+03 2.15E+03 3.23E+03
 4.31E+03 6.46E+03 1.08E+04 2.15E+04 4.31E+04 6.46E+04
 4.63E-43 8.11E-37 6.67E-32 2.37E-28 1.01E-26 5.91E-26 7.35E-26 6.69E-26
 5.87E-26 4.61E-26 3.16E-26 1.75E-26 9.33E-27 6.31E-27
 4.63E-42 8.11E-36 6.67E-31 2.37E-27 1.01E-25 5.91E-25 7.35E-25 6.69E-25
 5.87E-25 4.61E-25 3.16E-25 1.75E-25 9.33E-26 6.31E-26
 4.63E-41 8.11E-35 6.67E-30 2.37E-26 1.01E-24 5.91E-24 7.35E-24 6.69E-24
 5.87E-24 4.61E-24 3.16E-24 1.75E-24 9.33E-25 6.31E-25
 4.63E-40 8.11E-34 6.67E-29 2.37E-25 1.01E-23 5.91E-23 7.35E-23 6.69E-23
 5.87E-23 4.61E-23 3.16E-23 1.75E-23 9.33E-24 6.31E-24
 4.63E-39 8.11E-33 6.67E-28 2.37E-24 1.01E-22 5.91E-22 7.35E-22 6.69E-22
 5.87E-22 4.61E-22 3.16E-22 1.75E-22 9.33E-23 6.31E-23
 4.63E-38 8.11E-32 6.66E-27 2.37E-23 1.01E-21 5.91E-21 7.35E-21 6.69E-21
 5.87E-21 4.61E-21 3.16E-21 1.75E-21 9.33E-22 6.31E-22
 4.63E-37 8.10E-31 6.66E-26 2.37E-22 1.01E-20 5.91E-20 7.35E-20 6.69E-20
 5.87E-20 4.61E-20 3.16E-20 1.75E-20 9.33E-21 6.31E-21
  13.0543    7  14 /pl=01:ss=49:pb= 1:sz=49/type=excit/ispb = t/isel =    6
 1.00E+10 1.00E+11 1.00E+12 1.00E+13 1.00E+14 1.00E+15 1.00E+16
 4.31E+01 6.46E+01 1.08E+02 2.15E+02 4.31E+02 1.08E+03 2.15E+03 3.23E+03
 4.31E+03 6.46E+03 1.08E+04 2.15E+04 4.31E+04 6.46E+04
 2.30E-23 2.92E-20 8.07E-18 4.70E-16 3.03E-15 7.27E-15 8.09E-15 7.71E-15
 7.22E-15 6.39E-15 5.29E-15 3.94E-15 2.88E-15 2.37E-15
 2.30E-23 2.92E-20 8.07E-18 4.70E-16 3.03E-15 7.27E-15 8.09E-15 7.71E-15
 7.22E-15 6.39E-15 5.29E-15 3.94E-15 2.88E-15 2.37E-15
 2.30E-23 2.92E-20 8.07E-18 4.70E-16 3.03E-15 7.27E-15 8.09E-15 7.71E-15
 7.22E-15 6.39E-15 5.29E-15 3.94E-15 2.88E-15 2.37E-15
 2.30E-23 2.92E-20 8.07E-18 4.70E-16 3.03E-15 7.27E-15 8.09E-15 7.71E-15
 7.22E-15 6.39E-15 5.29E-15 3.94E-15 2.88E-15 2.37E-15
 2.30E-23 2.92E-20 8.07E-18 4.70E-16 3.03E-15 7.27E-15 8.09E-15 7.71E-15
 7.22E-15 6.39E-15 5.29E-15 3.94E-15 2.88E-15 2.37E-15
 2.30E-23 2.92E-20 8.07E-18 4.70E-16 3.03E-15 7.27E-15 8.09E-15 7.71E-15
 7.22E-15 6.39E-15 5.29E-15 3.94E-15 2.88E-15 2.37E-15
 2.30E-23 2.92E-20 8.07E-18 4.70E-16 3.03E-15 7.27E-15 8.09E-15 7.71E-15
 7.22E-15 6.39E-15 5.29E-15 3.94E-15 2.88E-15 2.37E-15
  13.1021    7  14 /pl=01:ss=49:pb= 1:sz=49/type=excit/ispb = t/isel =    7
 1.00E+10 1.00E+11 1.00E+12 1.00E+13 1.00E+14 1.00E+15 1.00E+16
 4.31E+01 6.46E+01 1.08E+02 2.15E+02 4.31E+02 1.08E+03 2.15E+03 3.23E+03
 4.31E+03 6.46E+03 1.08E+04 2.15E+04 4.31E+04 6.46E+04
 1.00E-74 1.00E-74 1.17E-42 3.74E-39 1.36E-37 6.55E-37 7.26E-37 6.24E-37
 5.27E-37 3.94E-37 2.55E-37 1.29E-37 6.11E-38 3.87E-38
 1.00E-74 1.37E-45 1.16E-40 3.74E-37 1.36E-35 6.55E-35 7.26E-35 6.24E-35
 5.27E-35 3.94E-35 2.55E-35 1.29E-35 6.11E-36 3.87E-36
 1.00E-74 1.36E-43 1.16E-38 3.74E-35 1.36E-33 6.55E-33 7.26E-33 6.24E-33
 5.27E-33 3.94E-33 2.55E-33 1.29E-33 6.11E-34 3.87E-34
 6.83E-48 1.37E-41 1.16E-36 3.74E-33 1.36E-31 6.55E-31 7.26E-31 6.24E-31
 5.27E-31 3.94E-31 2.55E-31 1.29E-31 6.11E-32 3.87E-32
 6.83E-46 1.37E-39 1.16E-34 3.74E-31 1.36E-29 6.55E-29 7.26E-29 6.24E-29
 5.27E-29 3.94E-29 2.55E-29 1.29E-29 6.11E-30 3.87E-30
 6.83E-44 1.37E-37 1.16E-32 3.74E-29 1.36E-27 6.55E-27 7.26E-27 6.24E-27
 5.27E-27 3.94E-27 2.55E-27 1.29E-27 6.11E-28 3.87E-28
 6.83E-42 1.37E-35 1.16E-30 3.73E-27 1.36E-25 6.55E-25 7.26E-25 6.24E-25
 5.27E-25 3.94E-25 2.55E-25 1.29E-25 6.11E-26 3.87E-26
  24.4113    7  14 /pl=01:ss=49:pb= 1:sz=49/type=excit/ispb = t/isel =    8
 1.00E+10 1.00E+11 1.00E+12 1.00E+13 1.00E+14 1.00E+15 1.00E+16
 4.31E+01 6.46E+01 1.08E+02 2.15E+02 4.31E+02 1.08E+03 2.15E+03 3.23E+03
 4.31E+03 6.46E+03 1.08E+04 2.15E+04 4.31E+04 6.46E+04
 1.22E-30 6.09E-28 1.85E-25 1.03E-23 5.89E-23 1.18E-22 1.18E-22 1.07E-22
 9.63E-23 8.12E-23 6.35E-23 4.31E-23 2.82E-23 2.16E-23
 3.11E-30 5.89E-27 1.83E-24 1.03E-22 5.89E-22 1.18E-21 1.18E-21 1.07E-21
 9.63E-22 8.12E-22 6.35E-22 4.31E-22 2.82E-22 2.16E-22
 3.55E-29 5.86E-26 1.84E-23 1.03E-21 5.89E-21 1.18E-20 1.18E-20 1.07E-20
 9.63E-21 8.12E-21 6.35E-21 4.31E-21 2.82E-21 2.16E-21
 3.62E-28 5.87E-25 1.84E-22 1.03E-20 5.89E-20 1.18E-19 1.18E-19 1.07E-19
 9.63E-20 8.12E-20 6.35E-20 4.31E-20 2.82E-20 2.16E-20
 3.62E-27 5.87E-24 1.84E-21 1.03E-19 5.89E-19 1.18E-18 1.18E-18 1.07E-18
 9.63E-19 8.12E-19 6.35E-19 4.31E-19 2.82E-19 2.16E-19
 3.62E-26 5.87E-23 1.84E-20 1.03E-18 5.89E-18 1.18E-17 1.18E-17 1.07E-17
 9.63E-18 8.12E-18 6.35E-18 4.31E-18 2.82E-18 2.16E-18
 3.62E-25 5.87E-22 1.84E-19 1.03E-17 5.89E-17 1.18E-16 1.18E-16 1.07E-16
 9.63E-17 8.12E-17 6.35E-17 4.31E-17 2.82E-17 2.16E-17
  24.8082    7  14 /pl=01:ss=49:pb= 1:sz=49/type=excit/ispb = t/isel =    9
 1.00E+10 1.00E+11 1.00E+12 1.00E+13 1.00E+14 1.00E+15 1.00E+16
 4.31E+01 6.46E+01 1.08E+02 2.15E+02 4.31E+02 1.08E+03 2.15E+03 3.23E+03
 4.31E+03 6.46E+03 1.08E+04 2.15E+04 4.31E+04 6.46E+04
 1.28E-14 4.98E-13 8.58E-12 6.35E-11 1.52E-10 2.15E-10 2.15E-10 2.04E-10
 1.94E-10 1.78E-10 1.57E-10 1.29E-10 1.04E-10 9.09E-11
 1.28E-14 4.98E-13 8.58E-12 6.35E-11 1.52E-10 2.15E-10 2.15E-10 2.04E-10
 1.94E-10 1.78E-10 1.57E-10 1.29E-10 1.04E-10 9.09E-11
 1.28E-14 4.98E-13 8.58E-12 6.35E-11 1.52E-10 2.15E-10 2.15E-10 2.04E-10
 1.94E-10 1.78E-10 1.57E-10 1.29E-10 1.04E-10 9.09E-11
 1.28E-14 4.98E-13 8.58E-12 6.35E-11 1.52E-10 2.15E-10 2.15E-10 2.04E-10
 1.94E-10 1.78E-10 1.57E-10 1.29E-10 1.04E-10 9.09E-11
 1.28E-14 4.98E-13 8.58E-12 6.35E-11 1.52E-10 2.15E-10 2.15E-10 2.04E-10
 1.94E-10 1.78E-10 1.57E-10 1.29E-10 1.04E-10 9.09E-11
 1.28E-14 4.98E-13 8.58E-12 6.35E-11 1.52E-10 2.15E-10 2.15E-10 2.04E-10
 1.94E-10 1.78E-10 1.57E-10 1.29E-10 1.04E-10 9.09E-11
 1.28E-14 4.98E-13 8.58E-12 6.35E-11 1.52E-10 2.15E-10 2.15E-10 2.04E-10
 1.94E-10 1.78E-10 1.57E-10 1.29E-10 1.04E-10 9.09E-11
  27.5528    7  14 /pl=01:ss=49:pb= 1:sz=49/type=excit/ispb = t/isel =   10
 1.00E+10 1.00E+11 1.00E+12 1.00E+13 1.00E+14 1.00E+15 1.00E+16
 4.31E+01 6.46E+01 1.08E+02 2.15E+02 4.31E+02 1.08E+03 2.15E+03 3.23E+03
 4.31E+03 6.46E+03 1.08E+04 2.15E+04 4.31E+04 6.46E+04
 2.54E-20 3.22E-17 8.91E-15 5.19E-13 3.34E-12 8.03E-12 8.93E-12 8.51E-12
 7.97E-12 7.05E-12 5.84E-12 4.35E-12 3.17E-12 2.61E-12
 2.54E-20 3.22E-17 8.91E-15 5.19E-13 3.34E-12 8.03E-12 8.93E-12 8.51E-12
 7.97E-12 7.05E-12 5.84E-12 4.35E-12 3.17E-12 2.61E-12
 2.54E-20 3.22E-17 8.91E-15 5.19E-13 3.34E-12 8.03E-12 8.93E-12 8.51E-12
 7.97E-12 7.05E-12 5.84E-12 4.35E-12 3.17E-12 2.61E-12
 2.54E-20 3.22E-17 8.91E-15 5.19E-13 3.34E-12 8.03E-12 8.93E-12 8.51E-12
 7.97E-12 7.05E-12 5.84E-12 4.35E-12 3.17E-12 2.61E-12
 2.54E-20 3.22E-17 8.91E-15 5.19E-13 3.34E-12 8.03E-12 8.93E-12 8.51E-12
 7.97E-12 7.05E-12 5.84E-12 4.35E-12 3.17E-12 2.61E-12
 2.54E-20 3.22E-17 8.91E-15 5.19E-13 3.34E-12 8.03E-12 8.93E-12 8.51E-12
 7.97E-12 7.05E-12 5.84E-12 4.35E-12 3.17E-12 2.61E-12
 2.54E-20 3.22E-17 8.91E-15 5.19E-13 3.34E-12 8.03E-12 8.93E-12 8.51E-12
 7.97E-12 7.05E-12 5.84E-12 4.35E-12 3.17E-12 2.61E-12
  34.5167    7  14 /pl=01:ss=49:pb= 1:sz=49/type=excit/ispb = t/isel =   11
 1.00E+10 1.00E+11 1.00E+12 1.00E+13 1.00E+14 1.00E+15 1.00E+16
 4.31E+01 6.46E+01 1.08E+02 2.15E+02 4.31E+02 1.08E+03 2.15E+03 3.23E+03
 4.31E+03 6.46E+03 1.08E+04 2.15E+04 4.31E+04 6.46E+04
 5.61E-35 5.69E-28 2.08E-22 2.67E-18 2.55E-16 3.12E-15 6.06E-15 7.02E-15
 7.31E-15 7.23E-15 6.64E-15 5.41E-15 4.19E-15 3.54E-15
 5.61E-35 5.69E-28 2.08E-22 2.67E-18 2.55E-16 3.12E-15 6.06E-15 7.02E-15
 7.31E-15 7.23E-15 6.64E-15 5.41E-15 4.19E-15 3.54E-15
 5.61E-35 5.69E-28 2.08E-22 2.67E-18 2.55E-16 3.12E-15 6.06E-15 7.02E-15
 7.31E-15 7.23E-15 6.64E-15 5.41E-15 4.19E-15 3.54E-15
 5.61E-35 5.69E-28 2.08E-22 2.67E-18 2.55E-16 3.12E-15 6.06E-15 7.02E-15
 7.31E-15 7.23E-15 6.64E-15 5.41E-15 4.19E-15 3.54E-15
 5.61E-35 5.69E-28 2.08E-22 2.67E-18 2.55E-16 3.12E-15 6.06E-15 7.02E-15
 7.31E-15 7.23E-15 6.64E-15 5.41E-15 4.19E-15 3.54E-15
 5.61E-35 5.69E-28 2.08E-22 2.67E-18 2.55E-16 3.12E-15 6.06E-15 7.02E-15
 7.31E-15 7.23E-15 6.64E-15 5.41E-15 4.19E-15 3.54E-15
 5.61E-35 5.69E-28 2.08E-22 2.67E-18 2.55E-16 3.12E-15 6.06E-15 7.02E-15
 7.31E-15 7.23E-15 6.64E-15 5.41E-15 4.19E-15 3.54E-15
  35.8274    7  14 /pl=01:ss=49:pb= 1:sz=49/type=excit/ispb = t/isel =   12
 1.00E+10 1.00E+11 1.00E+12 1.00E+13 1.00E+14 1.00E+15 1.00E+16
 4.31E+01 6.46E+01 1.08E+02 2.15E+02 4.31E+02 1.08E+03 2.15E+03 3.23E+03
 4.31E+03 6.46E+03 1.08E+04 2.15E+04 4.31E+04 6.46E+04
 3.03E-38 1.03E-30 9.93E-25 2.63E-20 3.63E-18 5.72E-17 1.28E-16 1.63E-16
 1.82E-16 2.00E-16 2.12E-16 2.13E-16 2.01E-16 1.90E-16
 3.03E-38 1.03E-30 9.93E-25 2.63E-20 3.63E-18 5.72E-17 1.28E-16 1.63E-16
 1.82E-16 2.00E-16 2.12E-16 2.13E-16 2.01E-16 1.90E-16
 3.03E-38 1.03E-30 9.93E-25 2.63E-20 3.63E-18 5.72E-17 1.28E-16 1.63E-16
 1.82E-16 2.00E-16 2.12E-16 2.13E-16 2.01E-16 1.90E-16
 3.03E-38 1.03E-30 9.93E-25 2.63E-20 3.63E-18 5.72E-17 1.28E-16 1.63E-16
 1.82E-16 2.00E-16 2.12E-16 2.13E-16 2.01E-16 1.90E-16
 3.03E-38 1.03E-30 9.93E-25 2.63E-20 3.63E-18 5.72E-17 1.28E-16 1.63E-16
 1.82E-16 2.00E-16 2.12E-16 2.13E-16 2.01E-16 1.90E-16
 3.03E-38 1.03E-30 9.93E-25 2.63E-20 3.63E-18 5.72E-17 1.28E-16 1.63E-16
 1.82E-16 2.00E-16 2.12E-16 2.13E-16 2.01E-16 1.90E-16
 3.03E-38 1.03E-30 9.93E-25 2.63E-20 3.63E-18 5.72E-17 1.28E-16 1.63E-16
 1.82E-16 2.00E-16 2.12E-16 2.13E-16 2.01E-16 1.90E-16
  65.2513    7  14 /pl=01:ss=49:pb= 1:sz=49/type=excit/ispb = t/isel =   13
 1.00E+10 1.00E+11 1.00E+12 1.00E+13 1.00E+14 1.00E+15 1.00E+16
 4.31E+01 6.46E+01 1.08E+02 2.15E+02 4.31E+02 1.08E+03 2.15E+03 3.23E+03
 4.31E+03 6.46E+03 1.08E+04 2.15E+04 4.31E+04 6.46E+04
 1.99E-31 2.01E-24 7.37E-19 9.44E-15 9.02E-13 1.10E-11 2.15E-11 2.49E-11
 2.59E-11 2.56E-11 2.35E-11 1.92E-11 1.48E-11 1.25E-11
 1.99E-31 2.01E-24 7.37E-19 9.44E-15 9.02E-13 1.10E-11 2.15E-11 2.49E-11
 2.59E-11 2.56E-11 2.35E-11 1.92E-11 1.48E-11 1.25E-11
 1.99E-31 2.01E-24 7.37E-19 9.44E-15 9.02E-13 1.10E-11 2.15E-11 2.49E-11
 2.59E-11 2.56E-11 2.35E-11 1.92E-11 1.48E-11 1.25E-11
 1.99E-31 2.01E-24 7.37E-19 9.44E-15 9.02E-13 1.10E-11 2.15E-11 2.49E-11
 2.59E-11 2.56E-11 2.35E-11 1.92E-11 1.48E-11 1.25E-11
 1.99E-31 2.01E-24 7.37E-19 9.44E-15 9.02E-13 1.10E-11 2.15E-11 2.49E-11
 2.59E-11 2.56E-11 2.35E-11 1.92E-11 1.48E-11 1.25E-11
 1.99E-31 2.01E-24 7.37E-19 9.44E-15 9.02E-13 1.10E-11 2.15E-11 2.49E-11
 2.59E-11 2.56E-11 2.35E-11 1.92E-11 1.48E-11 1.25E-11
 1.99E-31 2.01E-24 7.37E-19 9.44E-15 9.02E-13 1.10E-11 2.15E-11 2.49E-11
 2.59E-11 2.56E-11 2.35E-11 1.92E-11 1.48E-11 1.25E-11
  73.2807    7  14 /pl=01:ss=49:pb= 1:sz=49/type=excit/ispb = t/isel =   14
 1.00E+10 1.00E+11 1.00E+12 1.00E+13 1.00E+14 1.00E+15 1.00E+16
 4.31E+01 6.46E+01 1.08E+02 2.15E+02 4.31E+02 1.08E+03 2.15E+03 3.23E+03
 4.31E+03 6.46E+03 1.08E+04 2.15E+04 4.31E+04 6.46E+04
 1.27E-31 3.94E-25 7.69E-20 7.58E-16 6.71E-14 7.97E-13 1.55E-12 1.81E-12
 1.90E-12 1.91E-12 1.79E-12 1.53E-12 1.25E-12 1.09E-12
 1.27E-31 3.94E-25 7.69E-20 7.58E-16 6.71E-14 7.97E-13 1.55E-12 1.81E-12
 1.90E-12 1.91E-12 1.79E-12 1.53E-12 1.25E-12 1.09E-12
 1.27E-31 3.94E-25 7.69E-20 7.58E-16 6.71E-14 7.97E-13 1.55E-12 1.81E-12
 1.90E-12 1.91E-12 1.79E-12 1.53E-12 1.25E-12 1.09E-12
 1.27E-31 3.94E-25 7.69E-20 7.58E-16 6.71E-14 7.97E-13 1.55E-12 1.81E-12
 1.90E-12 1.91E-12 1.79E-12 1.53E-12 1.25E-12 1.09E-12
 1.27E-31 3.94E-25 7.69E-20 7.58E-16 6.71E-14 7.97E-13 1.55E-12 1.81E-12
 1.90E-12 1.91E-12 1.79E-12 1.53E-12 1.25E-12 1.09E-12
 1.28E-31 3.94E-25 7.69E-20 7.58E-16 6.71E-14 7.97E-13 1.55E-12 1.81E-12
 1.90E-12 1.91E-12 1.79E-12 1.53E-12 1.25E-12 1.09E-12
 1.28E-31 3.95E-25 7.69E-20 7.58E-16 6.71E-14 7.97E-13 1.55E-12 1.81E-12
 1.90E-12 1.91E-12 1.79E-12 1.53E-12 1.25E-12 1.09E-12
  79.4521    7  14 /pl=01:ss=49:pb= 1:sz=49/type=excit/ispb = t/isel =   15
 1.00E+10 1.00E+11 1.00E+12 1.00E+13 1.00E+14 1.00E+15 1.00E+16
 4.31E+01 6.46E+01 1.08E+02 2.15E+02 4.31E+02 1.08E+03 2.15E+03 3.23E+03
 4.31E+03 6.46E+03 1.08E+04 2.15E+04 4.31E+04 6.46E+04
 5.99E-35 2.04E-27 1.96E-21 5.19E-17 7.18E-15 1.13E-13 2.53E-13 3.22E-13
 3.59E-13 3.94E-13 4.18E-13 4.21E-13 3.97E-13 3.75E-13
 5.99E-35 2.04E-27 1.96E-21 5.19E-17 7.18E-15 1.13E-13 2.53E-13 3.22E-13
 3.59E-13 3.94E-13 4.18E-13 4.21E-13 3.97E-13 3.75E-13
 5.99E-35 2.04E-27 1.96E-21 5.19E-17 7.18E-15 1.13E-13 2.53E-13 3.22E-13
 3.59E-13 3.94E-13 4.18E-13 4.21E-13 3.97E-13 3.75E-13
 5.99E-35 2.04E-27 1.96E-21 5.19E-17 7.18E-15 1.13E-13 2.53E-13 3.22E-13
 3.59E-13 3.94E-13 4.18E-13 4.21E-13 3.97E-13 3.75E-13
 5.99E-35 2.04E-27 1.96E-21 5.19E-17 7.18E-15 1.13E-13 2.53E-13 3.22E-13
 3.59E-13 3.94E-13 4.18E-13 4.21E-13 3.97E-13 3.75E-13
 5.99E-35 2.04E-27 1.96E-21 5.19E-17 7.18E-15 1.13E-13 2.53E-13 3.22E-13
 3.59E-13 3.94E-13 4.18E-13 4.21E-13 3.97E-13 3.75E-13
 5.99E-35 2.04E-27 1.96E-21 5.19E-17 7.18E-15 1.13E-13 2.53E-13 3.22E-13
 3.59E-13 3.94E-13 4.18E-13 4.21E-13 3.97E-13 3.75E-13
c-------------------------------------------------------------------------------
 
C  root partition information
C  ==========================
C
C  nuclear charge : 74
C  ion charge+1   : 50
C
C  population calculation information
C  ----------------------------------
C
C  population processing code: adas810
C
C  adf04 source file    : adf04_copmm#74_ca_40#w49_t3.dat
C  adf18/a17_p208 file  : NULL
C
C  meta. ion. coeff. selector  : 
 
C  options  : lnorm =T  lpsel =F  lzsel =T  liosel=F
C           : lhsel =F  lrsel =F  lisel =F  lnsel =F
 
C  energy levels
C  -------------
C
C   lv      configuration    (2S+1)L(w-1/2)      energy (cm^-1)
C  ---   ------------------- --------------      --------------
c    1   76                    (0)0(  59.5)             0.0
c    2   24555586              (0)0( 134.5)       4030923.9
c    3   14565586              (0)0(  44.5)       7660319.2
c    4   24545596              (0)0(  74.5)       8127393.9
c    5   66517                 (0)0( 209.0)      14128321.1
c    6   65596                 (0)0(   4.5)      15408000.2
c    7   66518                 (0)0( 629.5)      15492936.8
c    8   14545606              (0)0(  14.5)      15759784.9
c    9   66519                 (0)0(1049.5)      17025472.5
c   10   6651A                 (0)0(1469.5)      18284093.0
 
 
 
c-------------------------------------------------------------------------------
 
C  superstage partition information
C  ================================
C
C  element symbol   : W
C  parent template  : 
C  partition level  :  1
C  superstage label : 49
C
C  tabulation       : photon emissivity coefft (te,ne)
C  units            : ph. emis coef(cm^3 s^-1); te (ev); ne (cm^-3)
C
C  photon emissivity atomic transitions
C  ------------------------------------
C  
C   isel  wvlen(A)            transition                type  ispb nspb
C                                                             ispp nspp sz    tg pr wr
C  ----- ---------- ----------------------------------- ----- ---- ---- --    -- -- --
C      1   5.46923   10(0)0(1469.5)-  1(0)0(  59.5)     excit   1    1  49     4  2  1
C      2   5.87355    9(0)0(1049.5)-  1(0)0(  59.5)     excit   1    1  49     3  8  2
C      3   6.45455    7(0)0( 629.5)-  1(0)0(  59.5)     excit   1    1  49     2  3  3
C      4   7.07798    5(0)0( 209.0)-  1(0)0(  59.5)     excit   1    1  49     1  6  4
C      5   12.9071    6(0)0(   4.5)-  3(0)0(  44.5)     excit   1    1  49    15 14  5
C      6   13.0543    3(0)0(  44.5)-  1(0)0(  59.5)     excit   1    1  49     6 10  6
C      7   13.1021    8(0)0(  14.5)-  4(0)0(  74.5)     excit   1    1  49    14 15  7
C      8   24.4113    4(0)0(  74.5)-  2(0)0( 134.5)     excit   1    1  49    12 13  8
C      9   24.8082    2(0)0( 134.5)-  1(0)0(  59.5)     excit   1    1  49     5  1  9
C     10   27.5528    3(0)0(  44.5)-  2(0)0( 134.5)     excit   1    1  49    13  5 10
C     11   34.5167    9(0)0(1049.5)-  5(0)0( 209.0)     excit   1    1  49     8 11 11
C     12   35.8274   10(0)0(1469.5)-  7(0)0( 629.5)     excit   1    1  49    10 12 12
C     13   65.2513    9(0)0(1049.5)-  7(0)0( 629.5)     excit   1    1  49     9  4 13
C     14   73.2807    7(0)0( 629.5)-  5(0)0( 209.0)     excit   1    1  49     7  7 14
C     15   79.4521   10(0)0(1469.5)-  9(0)0(1049.5)     excit   1    1  49    11  9 15
c-------------------------------------------------------------------------------
                                                                                
C  code     : adas810
C  producer : Adam Foster
C  date     : 15/05/09
                                                                                
c-------------------------------------------------------------------------------

C-----------------------------------------------------------------------
C                               OPEN-ADAS
C                               +++++++++
C
C This file has been downloaded from OPEN-ADAS (http://open.adas.ac.uk)
C on 26-Mar-2025.
C
C TERMS AND CONDITIONS
C --------------------
C
C The user of the OPEN-ADAS system and data (hereinafter "the User")
C accepts the following terms and conditions:
C
C   1. The University of Strathclyde uses all reasonable endeavours to
C      ensure the accuracy of the data provided and any information
C      given, but the University makes no warranty, expressed or implied
C      as to its accuracy, integrity, fitness for purpose and shall not
C      be responsible for the use to which the data is put by the User
C      and/or any consequences arising out of any inaccuracies or
C      omissions.
C
C   2. Any downloaded OPEN-ADAS file is made available for the
C      personal use of the User only.  It must not be used for any
C      commercial application, incorporated into any web site or in
C      any form re-distributed without express prior written permission
C      from the ADAS Project. In particular, but not by way of
C      limitation, it must not be:
C        *  inserted into a managed database structure,
C        *  redistributed along with a modelling or analysis code,
C        *  made available on a public website.
C
C Permission for OPEN-ADAS data incorporation in non-commercial
C code/system development for scientific advance will not be
C unreasonably withheld, but will be subject to written agreement
C on a case by case basis.
C
C The User will indemnify the University of Strathclyde and keep it
C fully and effectively indemnified against each and every claim made
C against the University as a result of the User's use of the data.
C
C-----------------------------------------------------------------------
