   50    /W :11 photon emissivity coefficients/
--------------------------------------------------------------------------------
    1    1    1    1    1    1    1    1    1    1    1    1    1    1
    1    1    1    1    1    1    1    1    1    1    1    1    1    1
    1    1    1    1    1    1    1    1    1    1    1    1    1    1
    1    1    1    1    1    1    1    1    1    1    1    1    1    1
    1    1    1    1    1    1    1    1    1    1    1    1    1    1
    1    1    1    1    1
--------------------------------------------------------------------------------
//#01/p00/ 00/p01/ 01/p02/ 02/p03/ 03/p04/ 04/p05/ 05/p06/ 06/p07/ 07/p08/ 08/  
      p09/ 09/p10/ 10/p11/ 11/p12/ 12/p13/ 13/p14/ 14/p15/ 15/p16/ 16/p17/ 17/  
      p18/ 18/p19/ 19/p20/ 20/p21/ 21/p22/ 22/p23/ 23/p24/ 24/p25/ 25/p26/ 26/  
      p27/ 27/p28/ 28/p29/ 29/p30/ 30/p31/ 31/p32/ 32/p33/ 33/p34/ 34/p35/ 35/  
      p36/ 36/p37/ 37/p38/ 38/p39/ 39/p40/ 40/p41/ 41/p42/ 42/p43/ 43/p44/ 44/  
      p45/ 45/p46/ 46/p47/ 47/p48/ 48/p49/ 49/p50/ 50/p51/ 51/p52/ 52/p53/ 53/  
      p54/ 54/p55/ 55/p56/ 56/p57/ 57/p58/ 58/p59/ 59/p60/ 60/p61/ 61/p62/ 62/  
      p63/ 63/p64/ 64/p65/ 65/p66/ 66/p67/ 67/p68/ 68/p69/ 69/p70/ 70/p71/ 71/  
      p72/ 72/p73/ 73/p74/ 74/                                                  
--------------------------------------------------------------------------------
  36.0525    7  14 /pl=01:ss=11:pb= 1:sz=11/type=excit/ispb = t/isel =    1
 1.00E+10 1.00E+11 1.00E+12 1.00E+13 1.00E+14 1.00E+15 1.00E+16
 2.48E+00 3.72E+00 6.20E+00 1.24E+01 2.48E+01 6.20E+01 1.24E+02 1.86E+02
 2.48E+02 3.72E+02 6.20E+02 1.24E+03 2.48E+03 3.72E+03
 1.00E-74 1.00E-74 9.30E-35 7.21E-23 5.41E-17 1.45E-13 1.72E-12 3.71E-12
 5.35E-12 7.56E-12 9.81E-12 1.18E-11 1.25E-11 1.25E-11
 1.00E-74 1.00E-74 9.30E-35 7.21E-23 5.41E-17 1.45E-13 1.72E-12 3.71E-12
 5.35E-12 7.56E-12 9.81E-12 1.18E-11 1.25E-11 1.25E-11
 1.00E-74 1.00E-74 9.30E-35 7.21E-23 5.41E-17 1.45E-13 1.72E-12 3.71E-12
 5.35E-12 7.56E-12 9.81E-12 1.18E-11 1.25E-11 1.25E-11
 1.00E-74 1.00E-74 9.30E-35 7.21E-23 5.41E-17 1.45E-13 1.72E-12 3.71E-12
 5.35E-12 7.56E-12 9.81E-12 1.18E-11 1.25E-11 1.25E-11
 1.00E-74 1.00E-74 9.30E-35 7.21E-23 5.41E-17 1.44E-13 1.72E-12 3.71E-12
 5.34E-12 7.56E-12 9.81E-12 1.17E-11 1.25E-11 1.25E-11
 1.00E-74 1.84E-50 9.30E-35 7.21E-23 5.40E-17 1.44E-13 1.71E-12 3.69E-12
 5.33E-12 7.54E-12 9.78E-12 1.17E-11 1.25E-11 1.25E-11
 1.00E-74 1.10E-50 9.30E-35 7.20E-23 5.37E-17 1.42E-13 1.67E-12 3.58E-12
 5.15E-12 7.28E-12 9.45E-12 1.13E-11 1.21E-11 1.22E-11
  52.4498    7  14 /pl=01:ss=11:pb= 1:sz=11/type=excit/ispb = t/isel =    2
 1.00E+10 1.00E+11 1.00E+12 1.00E+13 1.00E+14 1.00E+15 1.00E+16
 2.48E+00 3.72E+00 6.20E+00 1.24E+01 2.48E+01 6.20E+01 1.24E+02 1.86E+02
 2.48E+02 3.72E+02 6.20E+02 1.24E+03 2.48E+03 3.72E+03
 1.00E-74 7.88E-37 6.56E-26 8.77E-18 8.70E-14 1.80E-11 9.39E-11 1.58E-10
 2.01E-10 2.56E-10 3.10E-10 3.54E-10 3.68E-10 3.64E-10
 1.00E-74 7.88E-37 6.56E-26 8.77E-18 8.70E-14 1.80E-11 9.39E-11 1.58E-10
 2.01E-10 2.56E-10 3.10E-10 3.54E-10 3.68E-10 3.64E-10
 1.00E-74 7.88E-37 6.56E-26 8.77E-18 8.70E-14 1.80E-11 9.39E-11 1.58E-10
 2.01E-10 2.56E-10 3.10E-10 3.54E-10 3.68E-10 3.64E-10
 1.00E-74 7.88E-37 6.56E-26 8.77E-18 8.70E-14 1.80E-11 9.39E-11 1.58E-10
 2.01E-10 2.56E-10 3.10E-10 3.54E-10 3.68E-10 3.64E-10
 1.00E-74 7.88E-37 6.56E-26 8.77E-18 8.70E-14 1.79E-11 9.39E-11 1.58E-10
 2.01E-10 2.56E-10 3.09E-10 3.54E-10 3.68E-10 3.64E-10
 1.00E-74 7.88E-37 6.56E-26 8.77E-18 8.69E-14 1.79E-11 9.37E-11 1.57E-10
 2.01E-10 2.55E-10 3.09E-10 3.53E-10 3.67E-10 3.63E-10
 1.70E-50 7.88E-37 6.56E-26 8.76E-18 8.67E-14 1.77E-11 9.18E-11 1.53E-10
 1.95E-10 2.48E-10 3.00E-10 3.43E-10 3.58E-10 3.55E-10
  55.7227    7  14 /pl=01:ss=11:pb= 1:sz=11/type=excit/ispb = t/isel =    3
 1.00E+10 1.00E+11 1.00E+12 1.00E+13 1.00E+14 1.00E+15 1.00E+16
 2.48E+00 3.72E+00 6.20E+00 1.24E+01 2.48E+01 6.20E+01 1.24E+02 1.86E+02
 2.48E+02 3.72E+02 6.20E+02 1.24E+03 2.48E+03 3.72E+03
 1.00E-74 1.00E-74 3.48E-35 1.70E-22 3.15E-16 1.43E-12 1.96E-11 4.33E-11
 6.24E-11 8.49E-11 1.01E-10 1.01E-10 8.78E-11 7.71E-11
 1.00E-74 1.00E-74 3.48E-35 1.70E-22 3.15E-16 1.43E-12 1.96E-11 4.33E-11
 6.24E-11 8.49E-11 1.01E-10 1.01E-10 8.78E-11 7.71E-11
 1.00E-74 1.00E-74 3.48E-35 1.70E-22 3.15E-16 1.43E-12 1.96E-11 4.33E-11
 6.24E-11 8.49E-11 1.01E-10 1.01E-10 8.78E-11 7.71E-11
 1.00E-74 1.00E-74 3.48E-35 1.70E-22 3.15E-16 1.43E-12 1.96E-11 4.33E-11
 6.24E-11 8.49E-11 1.01E-10 1.01E-10 8.78E-11 7.71E-11
 1.00E-74 1.00E-74 3.49E-35 1.70E-22 3.15E-16 1.43E-12 1.96E-11 4.33E-11
 6.24E-11 8.49E-11 1.01E-10 1.01E-10 8.78E-11 7.71E-11
 1.00E-74 1.00E-74 3.50E-35 1.70E-22 3.16E-16 1.43E-12 1.96E-11 4.32E-11
 6.23E-11 8.48E-11 1.01E-10 1.01E-10 8.78E-11 7.70E-11
 1.00E-74 1.00E-74 3.60E-35 1.74E-22 3.22E-16 1.44E-12 1.95E-11 4.29E-11
 6.17E-11 8.37E-11 9.95E-11 1.00E-10 8.71E-11 7.66E-11
  55.7292    7  14 /pl=01:ss=11:pb= 1:sz=11/type=excit/ispb = t/isel =    4
 1.00E+10 1.00E+11 1.00E+12 1.00E+13 1.00E+14 1.00E+15 1.00E+16
 2.48E+00 3.72E+00 6.20E+00 1.24E+01 2.48E+01 6.20E+01 1.24E+02 1.86E+02
 2.48E+02 3.72E+02 6.20E+02 1.24E+03 2.48E+03 3.72E+03
 1.00E-74 1.00E-74 1.12E-37 3.83E-24 1.89E-17 1.52E-13 2.53E-12 5.98E-12
 8.85E-12 1.25E-11 1.56E-11 1.74E-11 1.77E-11 1.77E-11
 1.00E-74 1.00E-74 1.12E-37 3.83E-24 1.89E-17 1.52E-13 2.53E-12 5.98E-12
 8.85E-12 1.25E-11 1.56E-11 1.74E-11 1.77E-11 1.77E-11
 1.00E-74 1.00E-74 1.12E-37 3.83E-24 1.89E-17 1.52E-13 2.53E-12 5.98E-12
 8.85E-12 1.25E-11 1.56E-11 1.74E-11 1.77E-11 1.77E-11
 1.00E-74 1.00E-74 1.12E-37 3.83E-24 1.89E-17 1.52E-13 2.53E-12 5.98E-12
 8.85E-12 1.25E-11 1.56E-11 1.74E-11 1.77E-11 1.77E-11
 1.00E-74 1.00E-74 1.12E-37 3.83E-24 1.89E-17 1.53E-13 2.53E-12 5.98E-12
 8.85E-12 1.25E-11 1.56E-11 1.74E-11 1.77E-11 1.77E-11
 1.00E-74 1.00E-74 1.13E-37 3.84E-24 1.90E-17 1.53E-13 2.53E-12 5.97E-12
 8.84E-12 1.25E-11 1.56E-11 1.73E-11 1.77E-11 1.77E-11
 1.00E-74 1.00E-74 1.20E-37 4.02E-24 1.96E-17 1.55E-13 2.53E-12 5.93E-12
 8.75E-12 1.23E-11 1.54E-11 1.71E-11 1.75E-11 1.74E-11
  55.7394    7  14 /pl=01:ss=11:pb= 1:sz=11/type=excit/ispb = t/isel =    5
 1.00E+10 1.00E+11 1.00E+12 1.00E+13 1.00E+14 1.00E+15 1.00E+16
 2.48E+00 3.72E+00 6.20E+00 1.24E+01 2.48E+01 6.20E+01 1.24E+02 1.86E+02
 2.48E+02 3.72E+02 6.20E+02 1.24E+03 2.48E+03 3.72E+03
 1.00E-74 8.58E-35 1.59E-24 6.89E-17 3.83E-13 5.37E-11 2.38E-10 3.69E-10
 4.48E-10 5.29E-10 5.83E-10 5.91E-10 5.54E-10 5.21E-10
 1.00E-74 8.58E-35 1.59E-24 6.89E-17 3.83E-13 5.37E-11 2.38E-10 3.69E-10
 4.48E-10 5.29E-10 5.83E-10 5.91E-10 5.54E-10 5.21E-10
 1.00E-74 8.58E-35 1.59E-24 6.89E-17 3.83E-13 5.37E-11 2.38E-10 3.69E-10
 4.48E-10 5.29E-10 5.83E-10 5.91E-10 5.54E-10 5.21E-10
 1.00E-74 8.58E-35 1.59E-24 6.89E-17 3.83E-13 5.37E-11 2.38E-10 3.68E-10
 4.48E-10 5.29E-10 5.83E-10 5.91E-10 5.54E-10 5.21E-10
 1.00E-74 8.58E-35 1.59E-24 6.89E-17 3.83E-13 5.37E-11 2.38E-10 3.68E-10
 4.48E-10 5.29E-10 5.83E-10 5.91E-10 5.54E-10 5.21E-10
 1.23E-47 8.58E-35 1.59E-24 6.89E-17 3.83E-13 5.36E-11 2.37E-10 3.67E-10
 4.47E-10 5.28E-10 5.81E-10 5.89E-10 5.53E-10 5.20E-10
 1.11E-47 8.58E-35 1.59E-24 6.89E-17 3.82E-13 5.29E-11 2.32E-10 3.58E-10
 4.34E-10 5.12E-10 5.64E-10 5.73E-10 5.39E-10 5.08E-10
  55.7418    7  14 /pl=01:ss=11:pb= 1:sz=11/type=excit/ispb = t/isel =    6
 1.00E+10 1.00E+11 1.00E+12 1.00E+13 1.00E+14 1.00E+15 1.00E+16
 2.48E+00 3.72E+00 6.20E+00 1.24E+01 2.48E+01 6.20E+01 1.24E+02 1.86E+02
 2.48E+02 3.72E+02 6.20E+02 1.24E+03 2.48E+03 3.72E+03
 1.00E-74 4.48E-43 1.79E-29 2.46E-19 2.44E-14 1.94E-11 1.51E-10 2.79E-10
 3.65E-10 4.58E-10 5.11E-10 4.95E-10 4.25E-10 3.77E-10
 1.00E-74 4.48E-43 1.79E-29 2.46E-19 2.44E-14 1.94E-11 1.51E-10 2.79E-10
 3.65E-10 4.58E-10 5.11E-10 4.95E-10 4.25E-10 3.77E-10
 1.00E-74 4.44E-43 1.79E-29 2.46E-19 2.44E-14 1.94E-11 1.51E-10 2.79E-10
 3.65E-10 4.58E-10 5.11E-10 4.95E-10 4.25E-10 3.77E-10
 1.00E-74 4.43E-43 1.79E-29 2.46E-19 2.44E-14 1.94E-11 1.51E-10 2.79E-10
 3.65E-10 4.58E-10 5.11E-10 4.95E-10 4.25E-10 3.77E-10
 1.00E-74 4.44E-43 1.79E-29 2.46E-19 2.44E-14 1.94E-11 1.51E-10 2.79E-10
 3.65E-10 4.58E-10 5.11E-10 4.95E-10 4.25E-10 3.77E-10
 1.00E-74 4.50E-43 1.81E-29 2.48E-19 2.46E-14 1.95E-11 1.52E-10 2.80E-10
 3.66E-10 4.59E-10 5.13E-10 4.96E-10 4.27E-10 3.78E-10
 1.00E-74 5.18E-43 2.02E-29 2.69E-19 2.61E-14 2.04E-11 1.57E-10 2.88E-10
 3.76E-10 4.70E-10 5.24E-10 5.08E-10 4.37E-10 3.88E-10
  55.7487    7  14 /pl=01:ss=11:pb= 1:sz=11/type=excit/ispb = t/isel =    7
 1.00E+10 1.00E+11 1.00E+12 1.00E+13 1.00E+14 1.00E+15 1.00E+16
 2.48E+00 3.72E+00 6.20E+00 1.24E+01 2.48E+01 6.20E+01 1.24E+02 1.86E+02
 2.48E+02 3.72E+02 6.20E+02 1.24E+03 2.48E+03 3.72E+03
 1.00E-74 1.00E-74 2.68E-34 3.22E-22 2.97E-16 8.78E-13 1.04E-11 2.17E-11
 3.01E-11 3.95E-11 4.53E-11 4.46E-11 3.98E-11 3.67E-11
 1.00E-74 1.00E-74 2.68E-34 3.22E-22 2.97E-16 8.78E-13 1.04E-11 2.17E-11
 3.01E-11 3.95E-11 4.53E-11 4.46E-11 3.98E-11 3.67E-11
 1.00E-74 1.00E-74 2.68E-34 3.22E-22 2.97E-16 8.78E-13 1.04E-11 2.17E-11
 3.01E-11 3.95E-11 4.53E-11 4.46E-11 3.98E-11 3.67E-11
 1.00E-74 1.00E-74 2.68E-34 3.22E-22 2.97E-16 8.78E-13 1.04E-11 2.17E-11
 3.01E-11 3.95E-11 4.53E-11 4.46E-11 3.98E-11 3.67E-11
 1.00E-74 1.00E-74 2.68E-34 3.22E-22 2.97E-16 8.78E-13 1.04E-11 2.17E-11
 3.01E-11 3.95E-11 4.53E-11 4.46E-11 3.98E-11 3.67E-11
 1.00E-74 1.00E-74 2.69E-34 3.22E-22 2.97E-16 8.78E-13 1.04E-11 2.17E-11
 3.01E-11 3.94E-11 4.52E-11 4.45E-11 3.98E-11 3.67E-11
 1.00E-74 1.00E-74 2.77E-34 3.29E-22 3.01E-16 8.77E-13 1.02E-11 2.13E-11
 2.95E-11 3.86E-11 4.43E-11 4.37E-11 3.91E-11 3.61E-11
  66.5620    7  14 /pl=01:ss=11:pb= 1:sz=11/type=excit/ispb = t/isel =    8
 1.00E+10 1.00E+11 1.00E+12 1.00E+13 1.00E+14 1.00E+15 1.00E+16
 2.48E+00 3.72E+00 6.20E+00 1.24E+01 2.48E+01 6.20E+01 1.24E+02 1.86E+02
 2.48E+02 3.72E+02 6.20E+02 1.24E+03 2.48E+03 3.72E+03
 9.19E-42 5.52E-31 2.10E-22 4.96E-16 6.45E-13 3.87E-11 1.34E-10 1.96E-10
 2.36E-10 2.82E-10 3.23E-10 3.52E-10 3.54E-10 3.45E-10
 9.18E-42 5.52E-31 2.10E-22 4.96E-16 6.45E-13 3.87E-11 1.34E-10 1.96E-10
 2.36E-10 2.82E-10 3.23E-10 3.52E-10 3.54E-10 3.45E-10
 9.18E-42 5.52E-31 2.10E-22 4.96E-16 6.45E-13 3.87E-11 1.34E-10 1.96E-10
 2.36E-10 2.82E-10 3.23E-10 3.52E-10 3.54E-10 3.45E-10
 9.18E-42 5.51E-31 2.10E-22 4.96E-16 6.45E-13 3.87E-11 1.34E-10 1.96E-10
 2.36E-10 2.82E-10 3.23E-10 3.52E-10 3.53E-10 3.45E-10
 9.18E-42 5.51E-31 2.10E-22 4.95E-16 6.45E-13 3.86E-11 1.34E-10 1.96E-10
 2.36E-10 2.82E-10 3.23E-10 3.52E-10 3.53E-10 3.45E-10
 9.13E-42 5.47E-31 2.09E-22 4.92E-16 6.41E-13 3.84E-11 1.33E-10 1.95E-10
 2.34E-10 2.80E-10 3.21E-10 3.51E-10 3.52E-10 3.44E-10
 8.82E-42 5.22E-31 1.98E-22 4.65E-16 6.09E-13 3.66E-11 1.27E-10 1.86E-10
 2.23E-10 2.66E-10 3.06E-10 3.36E-10 3.39E-10 3.32E-10
  74.1917    7  14 /pl=01:ss=11:pb= 1:sz=11/type=excit/ispb = t/isel =    9
 1.00E+10 1.00E+11 1.00E+12 1.00E+13 1.00E+14 1.00E+15 1.00E+16
 2.48E+00 3.72E+00 6.20E+00 1.24E+01 2.48E+01 6.20E+01 1.24E+02 1.86E+02
 2.48E+02 3.72E+02 6.20E+02 1.24E+03 2.48E+03 3.72E+03
 5.95E-40 2.77E-30 1.39E-22 7.25E-17 4.50E-14 1.75E-12 5.29E-12 7.43E-12
 8.70E-12 1.02E-11 1.14E-11 1.22E-11 1.20E-11 1.15E-11
 5.95E-40 2.77E-30 1.39E-22 7.25E-17 4.50E-14 1.75E-12 5.29E-12 7.43E-12
 8.70E-12 1.02E-11 1.14E-11 1.22E-11 1.20E-11 1.15E-11
 5.95E-40 2.77E-30 1.39E-22 7.25E-17 4.50E-14 1.75E-12 5.29E-12 7.43E-12
 8.70E-12 1.02E-11 1.14E-11 1.22E-11 1.20E-11 1.15E-11
 5.95E-40 2.77E-30 1.39E-22 7.25E-17 4.50E-14 1.75E-12 5.29E-12 7.43E-12
 8.71E-12 1.02E-11 1.14E-11 1.22E-11 1.20E-11 1.15E-11
 5.97E-40 2.78E-30 1.40E-22 7.28E-17 4.52E-14 1.75E-12 5.31E-12 7.45E-12
 8.72E-12 1.02E-11 1.15E-11 1.22E-11 1.20E-11 1.15E-11
 6.15E-40 2.87E-30 1.45E-22 7.57E-17 4.70E-14 1.82E-12 5.45E-12 7.62E-12
 8.89E-12 1.04E-11 1.16E-11 1.23E-11 1.20E-11 1.15E-11
 7.72E-40 3.63E-30 1.87E-22 9.99E-17 6.23E-14 2.33E-12 6.67E-12 9.02E-12
 1.03E-11 1.16E-11 1.24E-11 1.27E-11 1.21E-11 1.15E-11
  76.6944    7  14 /pl=01:ss=11:pb= 1:sz=11/type=excit/ispb = t/isel =   10
 1.00E+10 1.00E+11 1.00E+12 1.00E+13 1.00E+14 1.00E+15 1.00E+16
 2.48E+00 3.72E+00 6.20E+00 1.24E+01 2.48E+01 6.20E+01 1.24E+02 1.86E+02
 2.48E+02 3.72E+02 6.20E+02 1.24E+03 2.48E+03 3.72E+03
 1.49E-37 3.28E-28 8.93E-21 2.91E-15 1.42E-12 4.78E-11 1.39E-10 1.93E-10
 2.26E-10 2.65E-10 3.00E-10 3.24E-10 3.24E-10 3.16E-10
 1.49E-37 3.28E-28 8.93E-21 2.91E-15 1.42E-12 4.78E-11 1.39E-10 1.93E-10
 2.26E-10 2.65E-10 3.00E-10 3.24E-10 3.24E-10 3.16E-10
 1.49E-37 3.28E-28 8.93E-21 2.91E-15 1.42E-12 4.78E-11 1.39E-10 1.93E-10
 2.26E-10 2.65E-10 3.00E-10 3.24E-10 3.24E-10 3.16E-10
 1.49E-37 3.28E-28 8.93E-21 2.91E-15 1.42E-12 4.78E-11 1.39E-10 1.93E-10
 2.26E-10 2.65E-10 3.00E-10 3.24E-10 3.24E-10 3.16E-10
 1.49E-37 3.28E-28 8.94E-21 2.91E-15 1.42E-12 4.78E-11 1.39E-10 1.93E-10
 2.26E-10 2.65E-10 3.00E-10 3.24E-10 3.24E-10 3.16E-10
 1.51E-37 3.31E-28 9.00E-21 2.92E-15 1.43E-12 4.80E-11 1.39E-10 1.94E-10
 2.27E-10 2.65E-10 3.00E-10 3.24E-10 3.24E-10 3.15E-10
 1.66E-37 3.58E-28 9.59E-21 3.09E-15 1.51E-12 5.04E-11 1.44E-10 1.98E-10
 2.31E-10 2.68E-10 3.02E-10 3.23E-10 3.22E-10 3.13E-10
  85.9208    7  14 /pl=01:ss=11:pb= 1:sz=11/type=excit/ispb = t/isel =   11
 1.00E+10 1.00E+11 1.00E+12 1.00E+13 1.00E+14 1.00E+15 1.00E+16
 2.48E+00 3.72E+00 6.20E+00 1.24E+01 2.48E+01 6.20E+01 1.24E+02 1.86E+02
 2.48E+02 3.72E+02 6.20E+02 1.24E+03 2.48E+03 3.72E+03
 4.97E-35 1.06E-26 4.63E-20 4.49E-15 1.52E-12 4.66E-11 1.33E-10 1.82E-10
 2.09E-10 2.34E-10 2.45E-10 2.35E-10 2.11E-10 1.94E-10
 4.97E-35 1.06E-26 4.63E-20 4.49E-15 1.52E-12 4.66E-11 1.33E-10 1.82E-10
 2.09E-10 2.34E-10 2.45E-10 2.35E-10 2.11E-10 1.94E-10
 4.97E-35 1.06E-26 4.63E-20 4.49E-15 1.52E-12 4.66E-11 1.33E-10 1.82E-10
 2.09E-10 2.34E-10 2.45E-10 2.35E-10 2.11E-10 1.94E-10
 4.97E-35 1.06E-26 4.63E-20 4.49E-15 1.52E-12 4.66E-11 1.33E-10 1.82E-10
 2.09E-10 2.34E-10 2.45E-10 2.35E-10 2.11E-10 1.94E-10
 4.97E-35 1.06E-26 4.64E-20 4.49E-15 1.52E-12 4.66E-11 1.33E-10 1.82E-10
 2.09E-10 2.34E-10 2.45E-10 2.35E-10 2.11E-10 1.94E-10
 5.04E-35 1.08E-26 4.67E-20 4.51E-15 1.51E-12 4.64E-11 1.33E-10 1.81E-10
 2.08E-10 2.33E-10 2.44E-10 2.34E-10 2.10E-10 1.93E-10
 5.68E-35 1.19E-26 5.03E-20 4.65E-15 1.51E-12 4.49E-11 1.27E-10 1.73E-10
 1.98E-10 2.21E-10 2.32E-10 2.24E-10 2.02E-10 1.86E-10
  88.3662    7  14 /pl=01:ss=11:pb= 1:sz=11/type=excit/ispb = t/isel =   12
 1.00E+10 1.00E+11 1.00E+12 1.00E+13 1.00E+14 1.00E+15 1.00E+16
 2.48E+00 3.72E+00 6.20E+00 1.24E+01 2.48E+01 6.20E+01 1.24E+02 1.86E+02
 2.48E+02 3.72E+02 6.20E+02 1.24E+03 2.48E+03 3.72E+03
 9.66E-35 1.22E-26 3.47E-20 2.14E-15 4.70E-13 1.01E-11 2.55E-11 3.38E-11
 3.87E-11 4.40E-11 4.81E-11 5.00E-11 4.83E-11 4.59E-11
 9.66E-35 1.22E-26 3.47E-20 2.14E-15 4.70E-13 1.01E-11 2.55E-11 3.38E-11
 3.87E-11 4.40E-11 4.81E-11 5.00E-11 4.83E-11 4.59E-11
 9.66E-35 1.22E-26 3.47E-20 2.14E-15 4.70E-13 1.01E-11 2.55E-11 3.38E-11
 3.87E-11 4.40E-11 4.81E-11 5.00E-11 4.83E-11 4.59E-11
 9.66E-35 1.22E-26 3.47E-20 2.14E-15 4.70E-13 1.01E-11 2.55E-11 3.38E-11
 3.87E-11 4.40E-11 4.81E-11 5.00E-11 4.83E-11 4.59E-11
 9.67E-35 1.22E-26 3.47E-20 2.14E-15 4.71E-13 1.01E-11 2.55E-11 3.38E-11
 3.87E-11 4.40E-11 4.81E-11 5.00E-11 4.82E-11 4.59E-11
 9.74E-35 1.23E-26 3.50E-20 2.16E-15 4.75E-13 1.02E-11 2.56E-11 3.39E-11
 3.88E-11 4.41E-11 4.81E-11 4.99E-11 4.82E-11 4.58E-11
 1.04E-34 1.32E-26 3.75E-20 2.34E-15 5.15E-13 1.09E-11 2.68E-11 3.50E-11
 3.97E-11 4.46E-11 4.82E-11 4.95E-11 4.75E-11 4.51E-11
  97.2434    7  14 /pl=01:ss=11:pb= 1:sz=11/type=excit/ispb = t/isel =   13
 1.00E+10 1.00E+11 1.00E+12 1.00E+13 1.00E+14 1.00E+15 1.00E+16
 2.48E+00 3.72E+00 6.20E+00 1.24E+01 2.48E+01 6.20E+01 1.24E+02 1.86E+02
 2.48E+02 3.72E+02 6.20E+02 1.24E+03 2.48E+03 3.72E+03
 3.48E-33 7.78E-26 5.45E-20 1.23E-15 1.76E-13 3.05E-12 6.80E-12 8.25E-12
 8.75E-12 8.82E-12 8.16E-12 6.67E-12 5.13E-12 4.32E-12
 3.48E-33 7.78E-26 5.45E-20 1.23E-15 1.76E-13 3.05E-12 6.80E-12 8.25E-12
 8.75E-12 8.82E-12 8.16E-12 6.67E-12 5.13E-12 4.32E-12
 3.48E-33 7.78E-26 5.45E-20 1.23E-15 1.76E-13 3.05E-12 6.80E-12 8.25E-12
 8.75E-12 8.82E-12 8.16E-12 6.67E-12 5.13E-12 4.32E-12
 3.48E-33 7.79E-26 5.45E-20 1.23E-15 1.76E-13 3.05E-12 6.80E-12 8.25E-12
 8.75E-12 8.82E-12 8.16E-12 6.67E-12 5.13E-12 4.32E-12
 3.48E-33 7.79E-26 5.45E-20 1.23E-15 1.76E-13 3.05E-12 6.80E-12 8.25E-12
 8.75E-12 8.82E-12 8.15E-12 6.67E-12 5.13E-12 4.32E-12
 3.49E-33 7.81E-26 5.47E-20 1.23E-15 1.76E-13 3.05E-12 6.78E-12 8.23E-12
 8.73E-12 8.80E-12 8.13E-12 6.66E-12 5.12E-12 4.31E-12
 3.60E-33 8.01E-26 5.57E-20 1.24E-15 1.77E-13 3.02E-12 6.65E-12 8.04E-12
 8.51E-12 8.57E-12 7.93E-12 6.50E-12 5.02E-12 4.24E-12
  106.223    7  14 /pl=01:ss=11:pb= 1:sz=11/type=excit/ispb = t/isel =   14
 1.00E+10 1.00E+11 1.00E+12 1.00E+13 1.00E+14 1.00E+15 1.00E+16
 2.48E+00 3.72E+00 6.20E+00 1.24E+01 2.48E+01 6.20E+01 1.24E+02 1.86E+02
 2.48E+02 3.72E+02 6.20E+02 1.24E+03 2.48E+03 3.72E+03
 1.00E-40 1.09E-30 1.08E-22 9.26E-17 7.28E-14 3.12E-12 9.09E-12 1.20E-11
 1.32E-11 1.38E-11 1.30E-11 1.08E-11 8.30E-12 6.98E-12
 1.00E-40 1.09E-30 1.08E-22 9.26E-17 7.28E-14 3.12E-12 9.09E-12 1.20E-11
 1.32E-11 1.38E-11 1.30E-11 1.08E-11 8.30E-12 6.98E-12
 1.00E-40 1.09E-30 1.08E-22 9.26E-17 7.28E-14 3.12E-12 9.09E-12 1.20E-11
 1.32E-11 1.38E-11 1.30E-11 1.08E-11 8.30E-12 6.98E-12
 1.00E-40 1.09E-30 1.08E-22 9.26E-17 7.28E-14 3.12E-12 9.09E-12 1.20E-11
 1.32E-11 1.38E-11 1.30E-11 1.08E-11 8.30E-12 6.98E-12
 1.00E-40 1.09E-30 1.08E-22 9.27E-17 7.29E-14 3.13E-12 9.10E-12 1.20E-11
 1.32E-11 1.38E-11 1.30E-11 1.08E-11 8.30E-12 6.99E-12
 1.02E-40 1.11E-30 1.10E-22 9.40E-17 7.39E-14 3.17E-12 9.21E-12 1.21E-11
 1.33E-11 1.39E-11 1.32E-11 1.09E-11 8.35E-12 7.02E-12
 1.14E-40 1.23E-30 1.20E-22 1.03E-16 8.16E-14 3.48E-12 1.00E-11 1.31E-11
 1.44E-11 1.49E-11 1.40E-11 1.15E-11 8.75E-12 7.32E-12
  107.766    7  14 /pl=01:ss=11:pb= 1:sz=11/type=excit/ispb = t/isel =   15
 1.00E+10 1.00E+11 1.00E+12 1.00E+13 1.00E+14 1.00E+15 1.00E+16
 2.48E+00 3.72E+00 6.20E+00 1.24E+01 2.48E+01 6.20E+01 1.24E+02 1.86E+02
 2.48E+02 3.72E+02 6.20E+02 1.24E+03 2.48E+03 3.72E+03
 3.17E-40 2.81E-30 2.41E-22 1.92E-16 1.49E-13 6.42E-12 1.89E-11 2.52E-11
 2.81E-11 2.98E-11 2.89E-11 2.46E-11 1.94E-11 1.65E-11
 3.17E-40 2.81E-30 2.41E-22 1.92E-16 1.49E-13 6.42E-12 1.89E-11 2.52E-11
 2.81E-11 2.98E-11 2.89E-11 2.46E-11 1.94E-11 1.65E-11
 3.17E-40 2.81E-30 2.41E-22 1.92E-16 1.49E-13 6.42E-12 1.89E-11 2.52E-11
 2.81E-11 2.98E-11 2.89E-11 2.46E-11 1.94E-11 1.65E-11
 3.17E-40 2.81E-30 2.41E-22 1.92E-16 1.49E-13 6.42E-12 1.89E-11 2.52E-11
 2.81E-11 2.98E-11 2.89E-11 2.46E-11 1.94E-11 1.65E-11
 3.17E-40 2.81E-30 2.41E-22 1.92E-16 1.49E-13 6.42E-12 1.89E-11 2.52E-11
 2.81E-11 2.98E-11 2.88E-11 2.46E-11 1.94E-11 1.65E-11
 3.13E-40 2.78E-30 2.39E-22 1.90E-16 1.47E-13 6.36E-12 1.88E-11 2.50E-11
 2.79E-11 2.96E-11 2.86E-11 2.44E-11 1.93E-11 1.64E-11
 2.92E-40 2.61E-30 2.24E-22 1.79E-16 1.39E-13 5.97E-12 1.76E-11 2.34E-11
 2.61E-11 2.77E-11 2.70E-11 2.32E-11 1.85E-11 1.58E-11
  127.807    7  14 /pl=01:ss=11:pb= 1:sz=11/type=excit/ispb = t/isel =   16
 1.00E+10 1.00E+11 1.00E+12 1.00E+13 1.00E+14 1.00E+15 1.00E+16
 2.48E+00 3.72E+00 6.20E+00 1.24E+01 2.48E+01 6.20E+01 1.24E+02 1.86E+02
 2.48E+02 3.72E+02 6.20E+02 1.24E+03 2.48E+03 3.72E+03
 9.03E-39 5.00E-29 2.91E-21 1.78E-15 1.26E-12 5.32E-11 1.60E-10 2.18E-10
 2.48E-10 2.75E-10 2.85E-10 2.73E-10 2.46E-10 2.28E-10
 9.03E-39 5.00E-29 2.91E-21 1.78E-15 1.26E-12 5.32E-11 1.60E-10 2.18E-10
 2.48E-10 2.75E-10 2.85E-10 2.73E-10 2.46E-10 2.28E-10
 9.03E-39 5.00E-29 2.91E-21 1.78E-15 1.26E-12 5.32E-11 1.60E-10 2.18E-10
 2.48E-10 2.75E-10 2.85E-10 2.73E-10 2.46E-10 2.28E-10
 9.03E-39 5.00E-29 2.91E-21 1.78E-15 1.26E-12 5.32E-11 1.60E-10 2.18E-10
 2.48E-10 2.75E-10 2.85E-10 2.73E-10 2.46E-10 2.28E-10
 9.04E-39 5.01E-29 2.91E-21 1.78E-15 1.26E-12 5.32E-11 1.60E-10 2.18E-10
 2.48E-10 2.75E-10 2.85E-10 2.73E-10 2.46E-10 2.28E-10
 9.14E-39 5.05E-29 2.93E-21 1.79E-15 1.26E-12 5.33E-11 1.60E-10 2.18E-10
 2.49E-10 2.75E-10 2.86E-10 2.73E-10 2.46E-10 2.28E-10
 1.02E-38 5.52E-29 3.13E-21 1.87E-15 1.30E-12 5.42E-11 1.62E-10 2.20E-10
 2.51E-10 2.77E-10 2.87E-10 2.75E-10 2.47E-10 2.29E-10
  130.922    7  14 /pl=01:ss=11:pb= 1:sz=11/type=excit/ispb = t/isel =   17
 1.00E+10 1.00E+11 1.00E+12 1.00E+13 1.00E+14 1.00E+15 1.00E+16
 2.48E+00 3.72E+00 6.20E+00 1.24E+01 2.48E+01 6.20E+01 1.24E+02 1.86E+02
 2.48E+02 3.72E+02 6.20E+02 1.24E+03 2.48E+03 3.72E+03
 3.62E-36 2.04E-27 1.88E-20 2.76E-15 9.03E-13 2.33E-11 5.79E-11 7.24E-11
 7.80E-11 7.97E-11 7.41E-11 6.10E-11 4.70E-11 3.96E-11
 3.62E-36 2.04E-27 1.88E-20 2.76E-15 9.03E-13 2.33E-11 5.79E-11 7.24E-11
 7.80E-11 7.97E-11 7.41E-11 6.10E-11 4.70E-11 3.96E-11
 3.62E-36 2.04E-27 1.88E-20 2.76E-15 9.03E-13 2.33E-11 5.79E-11 7.24E-11
 7.80E-11 7.97E-11 7.41E-11 6.10E-11 4.70E-11 3.96E-11
 3.62E-36 2.04E-27 1.88E-20 2.76E-15 9.03E-13 2.33E-11 5.79E-11 7.24E-11
 7.80E-11 7.97E-11 7.41E-11 6.10E-11 4.70E-11 3.96E-11
 3.62E-36 2.04E-27 1.88E-20 2.76E-15 9.03E-13 2.33E-11 5.79E-11 7.24E-11
 7.80E-11 7.97E-11 7.41E-11 6.10E-11 4.70E-11 3.96E-11
 3.65E-36 2.06E-27 1.89E-20 2.77E-15 9.07E-13 2.34E-11 5.80E-11 7.25E-11
 7.81E-11 7.97E-11 7.42E-11 6.11E-11 4.70E-11 3.96E-11
 3.93E-36 2.19E-27 1.99E-20 2.90E-15 9.43E-13 2.41E-11 5.90E-11 7.33E-11
 7.87E-11 8.02E-11 7.44E-11 6.12E-11 4.70E-11 3.96E-11
  135.107    7  14 /pl=01:ss=11:pb= 1:sz=11/type=excit/ispb = t/isel =   18
 1.00E+10 1.00E+11 1.00E+12 1.00E+13 1.00E+14 1.00E+15 1.00E+16
 2.48E+00 3.72E+00 6.20E+00 1.24E+01 2.48E+01 6.20E+01 1.24E+02 1.86E+02
 2.48E+02 3.72E+02 6.20E+02 1.24E+03 2.48E+03 3.72E+03
 1.12E-35 4.31E-27 2.99E-20 3.77E-15 1.22E-12 3.26E-11 8.31E-11 1.06E-10
 1.15E-10 1.19E-10 1.14E-10 9.59E-11 7.55E-11 6.41E-11
 1.12E-35 4.31E-27 2.99E-20 3.77E-15 1.22E-12 3.26E-11 8.31E-11 1.06E-10
 1.15E-10 1.19E-10 1.14E-10 9.59E-11 7.55E-11 6.41E-11
 1.12E-35 4.31E-27 2.99E-20 3.77E-15 1.22E-12 3.26E-11 8.31E-11 1.06E-10
 1.15E-10 1.19E-10 1.14E-10 9.59E-11 7.55E-11 6.41E-11
 1.12E-35 4.31E-27 2.99E-20 3.77E-15 1.22E-12 3.26E-11 8.30E-11 1.06E-10
 1.15E-10 1.19E-10 1.14E-10 9.59E-11 7.55E-11 6.41E-11
 1.12E-35 4.31E-27 2.99E-20 3.77E-15 1.22E-12 3.26E-11 8.30E-11 1.06E-10
 1.15E-10 1.19E-10 1.14E-10 9.58E-11 7.54E-11 6.40E-11
 1.12E-35 4.30E-27 2.99E-20 3.75E-15 1.22E-12 3.24E-11 8.26E-11 1.05E-10
 1.14E-10 1.19E-10 1.13E-10 9.54E-11 7.52E-11 6.38E-11
 1.09E-35 4.20E-27 2.91E-20 3.65E-15 1.18E-12 3.10E-11 7.84E-11 9.95E-11
 1.08E-10 1.13E-10 1.08E-10 9.14E-11 7.25E-11 6.19E-11
  140.350    7  14 /pl=01:ss=11:pb= 1:sz=11/type=excit/ispb = t/isel =   19
 1.00E+10 1.00E+11 1.00E+12 1.00E+13 1.00E+14 1.00E+15 1.00E+16
 2.48E+00 3.72E+00 6.20E+00 1.24E+01 2.48E+01 6.20E+01 1.24E+02 1.86E+02
 2.48E+02 3.72E+02 6.20E+02 1.24E+03 2.48E+03 3.72E+03
 1.24E-24 1.45E-19 1.53E-15 1.45E-12 4.14E-11 2.84E-10 5.18E-10 6.28E-10
 6.88E-10 7.53E-10 7.99E-10 8.05E-10 7.61E-10 7.16E-10
 1.24E-24 1.45E-19 1.53E-15 1.45E-12 4.14E-11 2.84E-10 5.18E-10 6.28E-10
 6.88E-10 7.53E-10 7.99E-10 8.05E-10 7.61E-10 7.16E-10
 1.24E-24 1.45E-19 1.53E-15 1.45E-12 4.14E-11 2.84E-10 5.18E-10 6.28E-10
 6.88E-10 7.53E-10 7.99E-10 8.05E-10 7.61E-10 7.16E-10
 1.24E-24 1.45E-19 1.53E-15 1.45E-12 4.14E-11 2.84E-10 5.18E-10 6.28E-10
 6.88E-10 7.53E-10 7.99E-10 8.05E-10 7.61E-10 7.16E-10
 1.24E-24 1.45E-19 1.53E-15 1.45E-12 4.14E-11 2.84E-10 5.18E-10 6.28E-10
 6.88E-10 7.52E-10 7.99E-10 8.04E-10 7.61E-10 7.16E-10
 1.25E-24 1.45E-19 1.53E-15 1.45E-12 4.14E-11 2.84E-10 5.17E-10 6.26E-10
 6.86E-10 7.50E-10 7.97E-10 8.02E-10 7.59E-10 7.15E-10
 1.26E-24 1.47E-19 1.54E-15 1.47E-12 4.17E-11 2.83E-10 5.09E-10 6.13E-10
 6.70E-10 7.31E-10 7.75E-10 7.81E-10 7.41E-10 6.99E-10
  173.387    7  14 /pl=01:ss=11:pb= 1:sz=11/type=excit/ispb = t/isel =   20
 1.00E+10 1.00E+11 1.00E+12 1.00E+13 1.00E+14 1.00E+15 1.00E+16
 2.48E+00 3.72E+00 6.20E+00 1.24E+01 2.48E+01 6.20E+01 1.24E+02 1.86E+02
 2.48E+02 3.72E+02 6.20E+02 1.24E+03 2.48E+03 3.72E+03
 1.25E-20 1.51E-16 2.55E-13 5.86E-11 8.24E-10 4.15E-09 7.11E-09 8.36E-09
 8.93E-09 9.32E-09 9.29E-09 8.64E-09 7.62E-09 6.96E-09
 1.25E-20 1.51E-16 2.55E-13 5.86E-11 8.24E-10 4.15E-09 7.11E-09 8.36E-09
 8.93E-09 9.32E-09 9.29E-09 8.64E-09 7.62E-09 6.96E-09
 1.25E-20 1.51E-16 2.55E-13 5.86E-11 8.24E-10 4.15E-09 7.11E-09 8.36E-09
 8.93E-09 9.32E-09 9.29E-09 8.64E-09 7.62E-09 6.96E-09
 1.25E-20 1.51E-16 2.55E-13 5.86E-11 8.24E-10 4.15E-09 7.11E-09 8.36E-09
 8.93E-09 9.32E-09 9.28E-09 8.64E-09 7.62E-09 6.96E-09
 1.25E-20 1.51E-16 2.55E-13 5.86E-11 8.24E-10 4.15E-09 7.11E-09 8.36E-09
 8.92E-09 9.31E-09 9.28E-09 8.63E-09 7.62E-09 6.96E-09
 1.25E-20 1.51E-16 2.55E-13 5.86E-11 8.23E-10 4.14E-09 7.09E-09 8.34E-09
 8.90E-09 9.29E-09 9.25E-09 8.61E-09 7.60E-09 6.95E-09
 1.24E-20 1.51E-16 2.55E-13 5.86E-11 8.21E-10 4.09E-09 6.93E-09 8.11E-09
 8.65E-09 9.01E-09 8.98E-09 8.38E-09 7.42E-09 6.80E-09
  209.261    7  14 /pl=01:ss=11:pb= 1:sz=11/type=excit/ispb = t/isel =   21
 1.00E+10 1.00E+11 1.00E+12 1.00E+13 1.00E+14 1.00E+15 1.00E+16
 2.48E+00 3.72E+00 6.20E+00 1.24E+01 2.48E+01 6.20E+01 1.24E+02 1.86E+02
 2.48E+02 3.72E+02 6.20E+02 1.24E+03 2.48E+03 3.72E+03
 2.88E-42 1.73E-31 6.60E-23 1.56E-16 2.03E-13 1.21E-11 4.21E-11 6.17E-11
 7.40E-11 8.84E-11 1.01E-10 1.11E-10 1.11E-10 1.08E-10
 2.88E-42 1.73E-31 6.60E-23 1.56E-16 2.03E-13 1.21E-11 4.21E-11 6.17E-11
 7.40E-11 8.84E-11 1.01E-10 1.11E-10 1.11E-10 1.08E-10
 2.88E-42 1.73E-31 6.60E-23 1.56E-16 2.03E-13 1.21E-11 4.21E-11 6.17E-11
 7.40E-11 8.84E-11 1.01E-10 1.11E-10 1.11E-10 1.08E-10
 2.88E-42 1.73E-31 6.60E-23 1.56E-16 2.03E-13 1.21E-11 4.21E-11 6.17E-11
 7.40E-11 8.84E-11 1.01E-10 1.11E-10 1.11E-10 1.08E-10
 2.88E-42 1.73E-31 6.60E-23 1.55E-16 2.02E-13 1.21E-11 4.21E-11 6.16E-11
 7.39E-11 8.84E-11 1.01E-10 1.11E-10 1.11E-10 1.08E-10
 2.86E-42 1.72E-31 6.55E-23 1.54E-16 2.01E-13 1.21E-11 4.19E-11 6.13E-11
 7.35E-11 8.79E-11 1.01E-10 1.10E-10 1.10E-10 1.08E-10
 2.77E-42 1.64E-31 6.20E-23 1.46E-16 1.91E-13 1.15E-11 3.98E-11 5.83E-11
 6.99E-11 8.36E-11 9.61E-11 1.05E-10 1.06E-10 1.04E-10
  215.450    7  14 /pl=01:ss=11:pb= 1:sz=11/type=excit/ispb = t/isel =   22
 1.00E+10 1.00E+11 1.00E+12 1.00E+13 1.00E+14 1.00E+15 1.00E+16
 2.48E+00 3.72E+00 6.20E+00 1.24E+01 2.48E+01 6.20E+01 1.24E+02 1.86E+02
 2.48E+02 3.72E+02 6.20E+02 1.24E+03 2.48E+03 3.72E+03
 1.00E-74 1.89E-44 7.53E-31 1.03E-20 1.03E-15 8.17E-13 6.37E-12 1.17E-11
 1.54E-11 1.93E-11 2.15E-11 2.09E-11 1.79E-11 1.59E-11
 1.00E-74 1.89E-44 7.53E-31 1.03E-20 1.03E-15 8.17E-13 6.37E-12 1.17E-11
 1.54E-11 1.93E-11 2.15E-11 2.09E-11 1.79E-11 1.59E-11
 1.00E-74 1.87E-44 7.53E-31 1.03E-20 1.03E-15 8.17E-13 6.37E-12 1.17E-11
 1.54E-11 1.93E-11 2.15E-11 2.09E-11 1.79E-11 1.59E-11
 1.00E-74 1.87E-44 7.53E-31 1.03E-20 1.03E-15 8.17E-13 6.38E-12 1.17E-11
 1.54E-11 1.93E-11 2.15E-11 2.09E-11 1.79E-11 1.59E-11
 1.00E-74 1.87E-44 7.54E-31 1.04E-20 1.03E-15 8.18E-13 6.38E-12 1.17E-11
 1.54E-11 1.93E-11 2.15E-11 2.09E-11 1.79E-11 1.59E-11
 1.00E-74 1.90E-44 7.62E-31 1.04E-20 1.04E-15 8.21E-13 6.40E-12 1.18E-11
 1.54E-11 1.93E-11 2.16E-11 2.09E-11 1.80E-11 1.59E-11
 1.00E-74 2.18E-44 8.52E-31 1.13E-20 1.10E-15 8.58E-13 6.61E-12 1.21E-11
 1.58E-11 1.98E-11 2.21E-11 2.14E-11 1.84E-11 1.63E-11
  218.268    7  14 /pl=01:ss=11:pb= 1:sz=11/type=excit/ispb = t/isel =   23
 1.00E+10 1.00E+11 1.00E+12 1.00E+13 1.00E+14 1.00E+15 1.00E+16
 2.48E+00 3.72E+00 6.20E+00 1.24E+01 2.48E+01 6.20E+01 1.24E+02 1.86E+02
 2.48E+02 3.72E+02 6.20E+02 1.24E+03 2.48E+03 3.72E+03
 1.57E-17 2.64E-14 9.22E-12 6.46E-10 4.77E-09 1.42E-08 1.90E-08 2.02E-08
 2.05E-08 2.03E-08 1.94E-08 1.72E-08 1.47E-08 1.33E-08
 1.57E-17 2.64E-14 9.22E-12 6.46E-10 4.77E-09 1.42E-08 1.90E-08 2.02E-08
 2.05E-08 2.03E-08 1.94E-08 1.72E-08 1.47E-08 1.33E-08
 1.57E-17 2.64E-14 9.22E-12 6.46E-10 4.77E-09 1.42E-08 1.90E-08 2.02E-08
 2.05E-08 2.03E-08 1.94E-08 1.72E-08 1.47E-08 1.33E-08
 1.57E-17 2.64E-14 9.22E-12 6.46E-10 4.77E-09 1.42E-08 1.90E-08 2.02E-08
 2.05E-08 2.03E-08 1.94E-08 1.72E-08 1.47E-08 1.33E-08
 1.57E-17 2.64E-14 9.22E-12 6.46E-10 4.77E-09 1.42E-08 1.90E-08 2.02E-08
 2.05E-08 2.03E-08 1.94E-08 1.72E-08 1.47E-08 1.33E-08
 1.57E-17 2.64E-14 9.21E-12 6.46E-10 4.77E-09 1.41E-08 1.89E-08 2.02E-08
 2.05E-08 2.02E-08 1.93E-08 1.71E-08 1.47E-08 1.32E-08
 1.56E-17 2.64E-14 9.19E-12 6.45E-10 4.75E-09 1.39E-08 1.85E-08 1.96E-08
 1.99E-08 1.96E-08 1.87E-08 1.66E-08 1.43E-08 1.29E-08
  223.344    7  14 /pl=01:ss=11:pb= 1:sz=11/type=excit/ispb = t/isel =   24
 1.00E+10 1.00E+11 1.00E+12 1.00E+13 1.00E+14 1.00E+15 1.00E+16
 2.48E+00 3.72E+00 6.20E+00 1.24E+01 2.48E+01 6.20E+01 1.24E+02 1.86E+02
 2.48E+02 3.72E+02 6.20E+02 1.24E+03 2.48E+03 3.72E+03
 1.80E-30 3.77E-23 2.49E-17 5.11E-13 6.78E-11 1.13E-09 2.56E-09 3.21E-09
 3.52E-09 3.73E-09 3.74E-09 3.48E-09 3.07E-09 2.81E-09
 1.80E-30 3.77E-23 2.49E-17 5.11E-13 6.78E-11 1.13E-09 2.56E-09 3.21E-09
 3.52E-09 3.73E-09 3.74E-09 3.48E-09 3.07E-09 2.81E-09
 1.80E-30 3.77E-23 2.49E-17 5.11E-13 6.78E-11 1.13E-09 2.56E-09 3.21E-09
 3.52E-09 3.73E-09 3.74E-09 3.48E-09 3.07E-09 2.81E-09
 1.80E-30 3.77E-23 2.49E-17 5.11E-13 6.78E-11 1.13E-09 2.56E-09 3.22E-09
 3.52E-09 3.73E-09 3.74E-09 3.48E-09 3.07E-09 2.81E-09
 1.80E-30 3.78E-23 2.49E-17 5.12E-13 6.78E-11 1.13E-09 2.56E-09 3.22E-09
 3.52E-09 3.73E-09 3.74E-09 3.48E-09 3.07E-09 2.81E-09
 1.84E-30 3.85E-23 2.52E-17 5.17E-13 6.83E-11 1.13E-09 2.57E-09 3.23E-09
 3.53E-09 3.75E-09 3.76E-09 3.49E-09 3.07E-09 2.82E-09
 2.22E-30 4.49E-23 2.86E-17 5.66E-13 7.32E-11 1.19E-09 2.69E-09 3.36E-09
 3.66E-09 3.88E-09 3.88E-09 3.60E-09 3.15E-09 2.88E-09
  229.979    7  14 /pl=01:ss=11:pb= 1:sz=11/type=excit/ispb = t/isel =   25
 1.00E+10 1.00E+11 1.00E+12 1.00E+13 1.00E+14 1.00E+15 1.00E+16
 2.48E+00 3.72E+00 6.20E+00 1.24E+01 2.48E+01 6.20E+01 1.24E+02 1.86E+02
 2.48E+02 3.72E+02 6.20E+02 1.24E+03 2.48E+03 3.72E+03
 8.24E-28 1.93E-21 2.21E-16 1.19E-12 7.46E-11 7.27E-10 1.33E-09 1.52E-09
 1.57E-09 1.55E-09 1.42E-09 1.15E-09 8.92E-10 7.52E-10
 8.24E-28 1.93E-21 2.21E-16 1.19E-12 7.46E-11 7.27E-10 1.33E-09 1.52E-09
 1.57E-09 1.55E-09 1.42E-09 1.15E-09 8.92E-10 7.52E-10
 8.24E-28 1.93E-21 2.21E-16 1.19E-12 7.46E-11 7.27E-10 1.33E-09 1.52E-09
 1.57E-09 1.55E-09 1.42E-09 1.15E-09 8.92E-10 7.52E-10
 8.24E-28 1.93E-21 2.21E-16 1.19E-12 7.46E-11 7.27E-10 1.33E-09 1.52E-09
 1.57E-09 1.55E-09 1.42E-09 1.15E-09 8.92E-10 7.52E-10
 8.25E-28 1.93E-21 2.21E-16 1.19E-12 7.47E-11 7.27E-10 1.33E-09 1.52E-09
 1.57E-09 1.55E-09 1.42E-09 1.15E-09 8.92E-10 7.52E-10
 8.28E-28 1.94E-21 2.21E-16 1.19E-12 7.48E-11 7.27E-10 1.33E-09 1.52E-09
 1.57E-09 1.54E-09 1.42E-09 1.15E-09 8.91E-10 7.51E-10
 8.65E-28 2.01E-21 2.28E-16 1.21E-12 7.58E-11 7.28E-10 1.31E-09 1.50E-09
 1.54E-09 1.52E-09 1.39E-09 1.13E-09 8.80E-10 7.44E-10
  248.139    7  14 /pl=01:ss=11:pb= 1:sz=11/type=excit/ispb = t/isel =   26
 1.00E+10 1.00E+11 1.00E+12 1.00E+13 1.00E+14 1.00E+15 1.00E+16
 2.48E+00 3.72E+00 6.20E+00 1.24E+01 2.48E+01 6.20E+01 1.24E+02 1.86E+02
 2.48E+02 3.72E+02 6.20E+02 1.24E+03 2.48E+03 3.72E+03
 1.00E-74 1.00E-74 3.06E-34 2.37E-22 1.78E-16 4.75E-13 5.65E-12 1.22E-11
 1.76E-11 2.49E-11 3.23E-11 3.87E-11 4.12E-11 4.12E-11
 1.00E-74 1.00E-74 3.06E-34 2.37E-22 1.78E-16 4.75E-13 5.65E-12 1.22E-11
 1.76E-11 2.49E-11 3.23E-11 3.87E-11 4.12E-11 4.12E-11
 1.00E-74 1.00E-74 3.06E-34 2.37E-22 1.78E-16 4.75E-13 5.65E-12 1.22E-11
 1.76E-11 2.49E-11 3.23E-11 3.87E-11 4.12E-11 4.12E-11
 1.00E-74 1.00E-74 3.06E-34 2.37E-22 1.78E-16 4.75E-13 5.65E-12 1.22E-11
 1.76E-11 2.49E-11 3.23E-11 3.87E-11 4.12E-11 4.12E-11
 1.00E-74 1.00E-74 3.06E-34 2.37E-22 1.78E-16 4.75E-13 5.65E-12 1.22E-11
 1.76E-11 2.49E-11 3.23E-11 3.87E-11 4.12E-11 4.12E-11
 1.00E-74 6.04E-50 3.06E-34 2.37E-22 1.78E-16 4.74E-13 5.64E-12 1.22E-11
 1.75E-11 2.48E-11 3.22E-11 3.85E-11 4.11E-11 4.11E-11
 1.00E-74 3.62E-50 3.06E-34 2.37E-22 1.77E-16 4.66E-13 5.48E-12 1.18E-11
 1.69E-11 2.39E-11 3.11E-11 3.73E-11 4.00E-11 4.01E-11
  249.662    7  14 /pl=01:ss=11:pb= 1:sz=11/type=excit/ispb = t/isel =   27
 1.00E+10 1.00E+11 1.00E+12 1.00E+13 1.00E+14 1.00E+15 1.00E+16
 2.48E+00 3.72E+00 6.20E+00 1.24E+01 2.48E+01 6.20E+01 1.24E+02 1.86E+02
 2.48E+02 3.72E+02 6.20E+02 1.24E+03 2.48E+03 3.72E+03
 1.45E-38 2.73E-29 6.90E-22 2.35E-16 1.25E-13 4.42E-12 1.22E-11 1.57E-11
 1.72E-11 1.77E-11 1.67E-11 1.37E-11 1.05E-11 8.84E-12
 1.45E-38 2.73E-29 6.90E-22 2.35E-16 1.25E-13 4.42E-12 1.22E-11 1.57E-11
 1.72E-11 1.77E-11 1.67E-11 1.37E-11 1.05E-11 8.84E-12
 1.45E-38 2.73E-29 6.90E-22 2.35E-16 1.25E-13 4.42E-12 1.22E-11 1.57E-11
 1.72E-11 1.77E-11 1.67E-11 1.37E-11 1.05E-11 8.84E-12
 1.45E-38 2.73E-29 6.90E-22 2.35E-16 1.25E-13 4.42E-12 1.22E-11 1.57E-11
 1.72E-11 1.77E-11 1.67E-11 1.37E-11 1.05E-11 8.84E-12
 1.45E-38 2.73E-29 6.89E-22 2.35E-16 1.25E-13 4.42E-12 1.21E-11 1.57E-11
 1.71E-11 1.77E-11 1.67E-11 1.37E-11 1.05E-11 8.83E-12
 1.44E-38 2.71E-29 6.85E-22 2.33E-16 1.24E-13 4.38E-12 1.20E-11 1.56E-11
 1.70E-11 1.76E-11 1.65E-11 1.36E-11 1.04E-11 8.79E-12
 1.37E-38 2.59E-29 6.51E-22 2.20E-16 1.16E-13 4.06E-12 1.11E-11 1.43E-11
 1.57E-11 1.63E-11 1.54E-11 1.28E-11 9.93E-12 8.40E-12
  258.032    7  14 /pl=01:ss=11:pb= 1:sz=11/type=excit/ispb = t/isel =   28
 1.00E+10 1.00E+11 1.00E+12 1.00E+13 1.00E+14 1.00E+15 1.00E+16
 2.48E+00 3.72E+00 6.20E+00 1.24E+01 2.48E+01 6.20E+01 1.24E+02 1.86E+02
 2.48E+02 3.72E+02 6.20E+02 1.24E+03 2.48E+03 3.72E+03
 3.72E-27 3.97E-21 2.43E-16 8.61E-13 4.81E-11 4.82E-10 9.17E-10 1.07E-09
 1.12E-09 1.11E-09 1.03E-09 8.52E-10 6.66E-10 5.68E-10
 3.72E-27 3.97E-21 2.43E-16 8.61E-13 4.81E-11 4.82E-10 9.17E-10 1.07E-09
 1.12E-09 1.11E-09 1.03E-09 8.52E-10 6.66E-10 5.68E-10
 3.72E-27 3.97E-21 2.43E-16 8.61E-13 4.81E-11 4.82E-10 9.17E-10 1.07E-09
 1.12E-09 1.11E-09 1.03E-09 8.52E-10 6.66E-10 5.68E-10
 3.72E-27 3.97E-21 2.43E-16 8.61E-13 4.81E-11 4.81E-10 9.17E-10 1.07E-09
 1.12E-09 1.11E-09 1.03E-09 8.52E-10 6.66E-10 5.68E-10
 3.72E-27 3.97E-21 2.43E-16 8.61E-13 4.81E-11 4.81E-10 9.17E-10 1.07E-09
 1.12E-09 1.11E-09 1.03E-09 8.51E-10 6.66E-10 5.68E-10
 3.71E-27 3.97E-21 2.43E-16 8.61E-13 4.81E-11 4.81E-10 9.14E-10 1.06E-09
 1.11E-09 1.11E-09 1.03E-09 8.49E-10 6.65E-10 5.66E-10
 3.69E-27 3.95E-21 2.42E-16 8.57E-13 4.77E-11 4.72E-10 8.91E-10 1.03E-09
 1.08E-09 1.07E-09 9.96E-10 8.26E-10 6.49E-10 5.55E-10
  269.383    7  14 /pl=01:ss=11:pb= 1:sz=11/type=excit/ispb = t/isel =   29
 1.00E+10 1.00E+11 1.00E+12 1.00E+13 1.00E+14 1.00E+15 1.00E+16
 2.48E+00 3.72E+00 6.20E+00 1.24E+01 2.48E+01 6.20E+01 1.24E+02 1.86E+02
 2.48E+02 3.72E+02 6.20E+02 1.24E+03 2.48E+03 3.72E+03
 1.69E-40 1.84E-30 1.82E-22 1.56E-16 1.23E-13 5.26E-12 1.53E-11 2.01E-11
 2.22E-11 2.32E-11 2.20E-11 1.82E-11 1.40E-11 1.18E-11
 1.69E-40 1.84E-30 1.82E-22 1.56E-16 1.23E-13 5.26E-12 1.53E-11 2.01E-11
 2.22E-11 2.32E-11 2.20E-11 1.82E-11 1.40E-11 1.18E-11
 1.69E-40 1.84E-30 1.82E-22 1.56E-16 1.23E-13 5.26E-12 1.53E-11 2.01E-11
 2.22E-11 2.32E-11 2.20E-11 1.82E-11 1.40E-11 1.18E-11
 1.69E-40 1.84E-30 1.82E-22 1.56E-16 1.23E-13 5.26E-12 1.53E-11 2.01E-11
 2.22E-11 2.32E-11 2.20E-11 1.82E-11 1.40E-11 1.18E-11
 1.69E-40 1.84E-30 1.82E-22 1.56E-16 1.23E-13 5.27E-12 1.53E-11 2.02E-11
 2.22E-11 2.32E-11 2.20E-11 1.82E-11 1.40E-11 1.18E-11
 1.71E-40 1.87E-30 1.85E-22 1.58E-16 1.24E-13 5.34E-12 1.55E-11 2.04E-11
 2.25E-11 2.34E-11 2.22E-11 1.83E-11 1.41E-11 1.18E-11
 1.91E-40 2.06E-30 2.03E-22 1.74E-16 1.37E-13 5.86E-12 1.69E-11 2.21E-11
 2.42E-11 2.51E-11 2.36E-11 1.93E-11 1.47E-11 1.23E-11
  279.530    7  14 /pl=01:ss=11:pb= 1:sz=11/type=excit/ispb = t/isel =   30
 1.00E+10 1.00E+11 1.00E+12 1.00E+13 1.00E+14 1.00E+15 1.00E+16
 2.48E+00 3.72E+00 6.20E+00 1.24E+01 2.48E+01 6.20E+01 1.24E+02 1.86E+02
 2.48E+02 3.72E+02 6.20E+02 1.24E+03 2.48E+03 3.72E+03
 1.82E-40 1.62E-30 1.39E-22 1.10E-16 8.55E-14 3.69E-12 1.09E-11 1.45E-11
 1.62E-11 1.71E-11 1.66E-11 1.41E-11 1.11E-11 9.47E-12
 1.82E-40 1.62E-30 1.39E-22 1.10E-16 8.55E-14 3.69E-12 1.09E-11 1.45E-11
 1.62E-11 1.71E-11 1.66E-11 1.41E-11 1.11E-11 9.47E-12
 1.82E-40 1.62E-30 1.39E-22 1.10E-16 8.55E-14 3.69E-12 1.09E-11 1.45E-11
 1.62E-11 1.71E-11 1.66E-11 1.41E-11 1.11E-11 9.47E-12
 1.82E-40 1.62E-30 1.39E-22 1.10E-16 8.54E-14 3.69E-12 1.09E-11 1.45E-11
 1.62E-11 1.71E-11 1.66E-11 1.41E-11 1.11E-11 9.47E-12
 1.82E-40 1.61E-30 1.38E-22 1.10E-16 8.54E-14 3.69E-12 1.09E-11 1.45E-11
 1.61E-11 1.71E-11 1.66E-11 1.41E-11 1.11E-11 9.47E-12
 1.80E-40 1.60E-30 1.37E-22 1.09E-16 8.46E-14 3.65E-12 1.08E-11 1.44E-11
 1.60E-11 1.70E-11 1.65E-11 1.40E-11 1.11E-11 9.43E-12
 1.68E-40 1.50E-30 1.29E-22 1.03E-16 7.98E-14 3.43E-12 1.01E-11 1.34E-11
 1.50E-11 1.59E-11 1.55E-11 1.33E-11 1.06E-11 9.10E-12
  349.707    7  14 /pl=01:ss=11:pb= 1:sz=11/type=excit/ispb = t/isel =   31
 1.00E+10 1.00E+11 1.00E+12 1.00E+13 1.00E+14 1.00E+15 1.00E+16
 2.48E+00 3.72E+00 6.20E+00 1.24E+01 2.48E+01 6.20E+01 1.24E+02 1.86E+02
 2.48E+02 3.72E+02 6.20E+02 1.24E+03 2.48E+03 3.72E+03
 6.18E-35 7.82E-27 2.22E-20 1.37E-15 3.01E-13 6.46E-12 1.63E-11 2.16E-11
 2.47E-11 2.81E-11 3.08E-11 3.20E-11 3.09E-11 2.93E-11
 6.18E-35 7.82E-27 2.22E-20 1.37E-15 3.01E-13 6.46E-12 1.63E-11 2.16E-11
 2.47E-11 2.81E-11 3.08E-11 3.20E-11 3.09E-11 2.93E-11
 6.18E-35 7.82E-27 2.22E-20 1.37E-15 3.01E-13 6.46E-12 1.63E-11 2.16E-11
 2.47E-11 2.81E-11 3.08E-11 3.20E-11 3.09E-11 2.93E-11
 6.18E-35 7.83E-27 2.22E-20 1.37E-15 3.01E-13 6.46E-12 1.63E-11 2.16E-11
 2.47E-11 2.81E-11 3.08E-11 3.20E-11 3.09E-11 2.93E-11
 6.18E-35 7.83E-27 2.22E-20 1.37E-15 3.01E-13 6.47E-12 1.63E-11 2.16E-11
 2.47E-11 2.81E-11 3.08E-11 3.20E-11 3.08E-11 2.93E-11
 6.23E-35 7.89E-27 2.24E-20 1.38E-15 3.04E-13 6.52E-12 1.64E-11 2.17E-11
 2.48E-11 2.82E-11 3.08E-11 3.19E-11 3.08E-11 2.93E-11
 6.68E-35 8.43E-27 2.40E-20 1.49E-15 3.29E-13 6.97E-12 1.72E-11 2.24E-11
 2.54E-11 2.85E-11 3.08E-11 3.16E-11 3.04E-11 2.89E-11
  357.921    7  14 /pl=01:ss=11:pb= 1:sz=11/type=excit/ispb = t/isel =   32
 1.00E+10 1.00E+11 1.00E+12 1.00E+13 1.00E+14 1.00E+15 1.00E+16
 2.48E+00 3.72E+00 6.20E+00 1.24E+01 2.48E+01 6.20E+01 1.24E+02 1.86E+02
 2.48E+02 3.72E+02 6.20E+02 1.24E+03 2.48E+03 3.72E+03
 5.54E-37 1.22E-27 3.32E-20 1.08E-14 5.26E-12 1.77E-10 5.14E-10 7.16E-10
 8.40E-10 9.84E-10 1.11E-09 1.20E-09 1.20E-09 1.17E-09
 5.54E-37 1.22E-27 3.32E-20 1.08E-14 5.26E-12 1.77E-10 5.14E-10 7.16E-10
 8.40E-10 9.84E-10 1.11E-09 1.20E-09 1.20E-09 1.17E-09
 5.54E-37 1.22E-27 3.32E-20 1.08E-14 5.26E-12 1.77E-10 5.14E-10 7.16E-10
 8.40E-10 9.84E-10 1.11E-09 1.20E-09 1.20E-09 1.17E-09
 5.54E-37 1.22E-27 3.32E-20 1.08E-14 5.26E-12 1.77E-10 5.14E-10 7.16E-10
 8.40E-10 9.84E-10 1.11E-09 1.20E-09 1.20E-09 1.17E-09
 5.54E-37 1.22E-27 3.32E-20 1.08E-14 5.26E-12 1.77E-10 5.15E-10 7.16E-10
 8.40E-10 9.84E-10 1.11E-09 1.20E-09 1.20E-09 1.17E-09
 5.60E-37 1.23E-27 3.34E-20 1.09E-14 5.29E-12 1.78E-10 5.17E-10 7.18E-10
 8.42E-10 9.85E-10 1.11E-09 1.20E-09 1.20E-09 1.17E-09
 6.16E-37 1.33E-27 3.56E-20 1.15E-14 5.59E-12 1.87E-10 5.34E-10 7.36E-10
 8.58E-10 9.96E-10 1.12E-09 1.20E-09 1.20E-09 1.16E-09
  467.941    7  14 /pl=01:ss=11:pb= 1:sz=11/type=excit/ispb = t/isel =   33
 1.00E+10 1.00E+11 1.00E+12 1.00E+13 1.00E+14 1.00E+15 1.00E+16
 2.48E+00 3.72E+00 6.20E+00 1.24E+01 2.48E+01 6.20E+01 1.24E+02 1.86E+02
 2.48E+02 3.72E+02 6.20E+02 1.24E+03 2.48E+03 3.72E+03
 3.28E-43 2.13E-32 8.67E-24 2.14E-17 2.81E-14 1.64E-12 5.26E-12 7.15E-12
 8.02E-12 8.48E-12 8.12E-12 6.75E-12 5.20E-12 4.38E-12
 3.28E-43 2.13E-32 8.67E-24 2.14E-17 2.81E-14 1.64E-12 5.26E-12 7.15E-12
 8.02E-12 8.48E-12 8.12E-12 6.75E-12 5.20E-12 4.38E-12
 3.28E-43 2.13E-32 8.67E-24 2.14E-17 2.81E-14 1.64E-12 5.26E-12 7.15E-12
 8.02E-12 8.48E-12 8.12E-12 6.75E-12 5.20E-12 4.39E-12
 3.28E-43 2.13E-32 8.67E-24 2.14E-17 2.81E-14 1.64E-12 5.26E-12 7.15E-12
 8.02E-12 8.48E-12 8.12E-12 6.75E-12 5.20E-12 4.39E-12
 3.29E-43 2.14E-32 8.69E-24 2.14E-17 2.82E-14 1.64E-12 5.27E-12 7.16E-12
 8.03E-12 8.49E-12 8.13E-12 6.76E-12 5.21E-12 4.39E-12
 3.36E-43 2.18E-32 8.85E-24 2.18E-17 2.88E-14 1.67E-12 5.37E-12 7.29E-12
 8.17E-12 8.63E-12 8.25E-12 6.84E-12 5.26E-12 4.43E-12
 3.80E-43 2.44E-32 9.91E-24 2.45E-17 3.25E-14 1.89E-12 6.00E-12 8.10E-12
 9.04E-12 9.50E-12 9.02E-12 7.41E-12 5.65E-12 4.73E-12
  476.355    7  14 /pl=01:ss=11:pb= 1:sz=11/type=excit/ispb = t/isel =   34
 1.00E+10 1.00E+11 1.00E+12 1.00E+13 1.00E+14 1.00E+15 1.00E+16
 2.48E+00 3.72E+00 6.20E+00 1.24E+01 2.48E+01 6.20E+01 1.24E+02 1.86E+02
 2.48E+02 3.72E+02 6.20E+02 1.24E+03 2.48E+03 3.72E+03
 4.10E-43 2.97E-32 1.32E-23 3.49E-17 4.79E-14 2.93E-12 9.93E-12 1.41E-11
 1.64E-11 1.86E-11 1.93E-11 1.79E-11 1.52E-11 1.33E-11
 4.11E-43 2.97E-32 1.32E-23 3.49E-17 4.79E-14 2.93E-12 9.93E-12 1.41E-11
 1.64E-11 1.86E-11 1.93E-11 1.79E-11 1.52E-11 1.33E-11
 4.11E-43 2.98E-32 1.32E-23 3.49E-17 4.79E-14 2.93E-12 9.93E-12 1.41E-11
 1.64E-11 1.86E-11 1.93E-11 1.80E-11 1.52E-11 1.33E-11
 4.13E-43 2.99E-32 1.33E-23 3.51E-17 4.81E-14 2.94E-12 9.95E-12 1.42E-11
 1.65E-11 1.86E-11 1.94E-11 1.80E-11 1.52E-11 1.33E-11
 4.40E-43 3.16E-32 1.39E-23 3.64E-17 4.95E-14 3.00E-12 1.01E-11 1.44E-11
 1.67E-11 1.89E-11 1.96E-11 1.82E-11 1.54E-11 1.35E-11
 7.00E-43 4.78E-32 1.99E-23 4.91E-17 6.38E-14 3.67E-12 1.20E-11 1.68E-11
 1.94E-11 2.17E-11 2.23E-11 2.06E-11 1.72E-11 1.51E-11
 2.87E-42 1.84E-31 7.10E-23 1.59E-16 1.90E-13 9.72E-12 2.92E-11 3.92E-11
 4.39E-11 4.76E-11 4.75E-11 4.25E-11 3.48E-11 3.01E-11
  512.006    7  14 /pl=01:ss=11:pb= 1:sz=11/type=excit/ispb = t/isel =   35
 1.00E+10 1.00E+11 1.00E+12 1.00E+13 1.00E+14 1.00E+15 1.00E+16
 2.48E+00 3.72E+00 6.20E+00 1.24E+01 2.48E+01 6.20E+01 1.24E+02 1.86E+02
 2.48E+02 3.72E+02 6.20E+02 1.24E+03 2.48E+03 3.72E+03
 1.81E-38 1.00E-28 5.81E-21 3.56E-15 2.52E-12 1.06E-10 3.20E-10 4.36E-10
 4.97E-10 5.50E-10 5.70E-10 5.46E-10 4.92E-10 4.56E-10
 1.81E-38 1.00E-28 5.81E-21 3.56E-15 2.52E-12 1.06E-10 3.20E-10 4.36E-10
 4.97E-10 5.50E-10 5.70E-10 5.46E-10 4.92E-10 4.56E-10
 1.81E-38 1.00E-28 5.81E-21 3.56E-15 2.52E-12 1.06E-10 3.20E-10 4.36E-10
 4.97E-10 5.50E-10 5.70E-10 5.46E-10 4.92E-10 4.56E-10
 1.81E-38 1.00E-28 5.81E-21 3.56E-15 2.52E-12 1.06E-10 3.20E-10 4.36E-10
 4.97E-10 5.50E-10 5.71E-10 5.46E-10 4.92E-10 4.56E-10
 1.81E-38 1.00E-28 5.82E-21 3.57E-15 2.52E-12 1.06E-10 3.20E-10 4.36E-10
 4.97E-10 5.50E-10 5.71E-10 5.46E-10 4.92E-10 4.56E-10
 1.83E-38 1.01E-28 5.85E-21 3.58E-15 2.53E-12 1.07E-10 3.21E-10 4.37E-10
 4.97E-10 5.50E-10 5.71E-10 5.47E-10 4.92E-10 4.56E-10
 2.04E-38 1.10E-28 6.26E-21 3.74E-15 2.60E-12 1.08E-10 3.24E-10 4.41E-10
 5.02E-10 5.54E-10 5.75E-10 5.50E-10 4.95E-10 4.58E-10
  516.475    7  14 /pl=01:ss=11:pb= 1:sz=11/type=excit/ispb = t/isel =   36
 1.00E+10 1.00E+11 1.00E+12 1.00E+13 1.00E+14 1.00E+15 1.00E+16
 2.48E+00 3.72E+00 6.20E+00 1.24E+01 2.48E+01 6.20E+01 1.24E+02 1.86E+02
 2.48E+02 3.72E+02 6.20E+02 1.24E+03 2.48E+03 3.72E+03
 7.31E-36 4.13E-27 3.80E-20 5.58E-15 1.82E-12 4.72E-11 1.17E-10 1.46E-10
 1.58E-10 1.61E-10 1.50E-10 1.23E-10 9.49E-11 8.00E-11
 7.31E-36 4.13E-27 3.80E-20 5.58E-15 1.82E-12 4.72E-11 1.17E-10 1.46E-10
 1.58E-10 1.61E-10 1.50E-10 1.23E-10 9.49E-11 8.00E-11
 7.31E-36 4.13E-27 3.80E-20 5.58E-15 1.82E-12 4.72E-11 1.17E-10 1.46E-10
 1.58E-10 1.61E-10 1.50E-10 1.23E-10 9.49E-11 8.00E-11
 7.31E-36 4.13E-27 3.80E-20 5.58E-15 1.82E-12 4.72E-11 1.17E-10 1.46E-10
 1.58E-10 1.61E-10 1.50E-10 1.23E-10 9.49E-11 8.00E-11
 7.32E-36 4.13E-27 3.80E-20 5.58E-15 1.83E-12 4.72E-11 1.17E-10 1.46E-10
 1.58E-10 1.61E-10 1.50E-10 1.23E-10 9.49E-11 8.00E-11
 7.38E-36 4.16E-27 3.82E-20 5.60E-15 1.83E-12 4.73E-11 1.17E-10 1.46E-10
 1.58E-10 1.61E-10 1.50E-10 1.23E-10 9.49E-11 8.00E-11
 7.94E-36 4.42E-27 4.03E-20 5.85E-15 1.91E-12 4.86E-11 1.19E-10 1.48E-10
 1.59E-10 1.62E-10 1.50E-10 1.24E-10 9.50E-11 8.00E-11
  547.505    7  14 /pl=01:ss=11:pb= 1:sz=11/type=excit/ispb = t/isel =   37
 1.00E+10 1.00E+11 1.00E+12 1.00E+13 1.00E+14 1.00E+15 1.00E+16
 2.48E+00 3.72E+00 6.20E+00 1.24E+01 2.48E+01 6.20E+01 1.24E+02 1.86E+02
 2.48E+02 3.72E+02 6.20E+02 1.24E+03 2.48E+03 3.72E+03
 1.94E-31 4.33E-24 3.03E-18 6.82E-14 9.80E-12 1.70E-10 3.78E-10 4.59E-10
 4.87E-10 4.91E-10 4.54E-10 3.71E-10 2.85E-10 2.40E-10
 1.94E-31 4.33E-24 3.03E-18 6.82E-14 9.80E-12 1.70E-10 3.78E-10 4.59E-10
 4.87E-10 4.91E-10 4.54E-10 3.71E-10 2.85E-10 2.40E-10
 1.94E-31 4.33E-24 3.03E-18 6.82E-14 9.80E-12 1.70E-10 3.78E-10 4.59E-10
 4.87E-10 4.91E-10 4.54E-10 3.71E-10 2.85E-10 2.40E-10
 1.94E-31 4.33E-24 3.03E-18 6.82E-14 9.80E-12 1.70E-10 3.78E-10 4.59E-10
 4.87E-10 4.91E-10 4.54E-10 3.71E-10 2.85E-10 2.40E-10
 1.94E-31 4.33E-24 3.03E-18 6.82E-14 9.80E-12 1.70E-10 3.78E-10 4.59E-10
 4.87E-10 4.91E-10 4.53E-10 3.71E-10 2.85E-10 2.40E-10
 1.94E-31 4.34E-24 3.04E-18 6.83E-14 9.80E-12 1.70E-10 3.77E-10 4.58E-10
 4.85E-10 4.89E-10 4.52E-10 3.70E-10 2.85E-10 2.40E-10
 2.00E-31 4.46E-24 3.10E-18 6.91E-14 9.84E-12 1.68E-10 3.70E-10 4.47E-10
 4.73E-10 4.77E-10 4.41E-10 3.62E-10 2.79E-10 2.36E-10
  588.370    7  14 /pl=01:ss=11:pb= 1:sz=11/type=excit/ispb = t/isel =   38
 1.00E+10 1.00E+11 1.00E+12 1.00E+13 1.00E+14 1.00E+15 1.00E+16
 2.48E+00 3.72E+00 6.20E+00 1.24E+01 2.48E+01 6.20E+01 1.24E+02 1.86E+02
 2.48E+02 3.72E+02 6.20E+02 1.24E+03 2.48E+03 3.72E+03
 8.31E-36 3.19E-27 2.21E-20 2.78E-15 9.01E-13 2.41E-11 6.13E-11 7.80E-11
 8.49E-11 8.82E-11 8.39E-11 7.08E-11 5.57E-11 4.73E-11
 8.31E-36 3.19E-27 2.21E-20 2.78E-15 9.01E-13 2.41E-11 6.13E-11 7.80E-11
 8.49E-11 8.82E-11 8.39E-11 7.08E-11 5.57E-11 4.73E-11
 8.31E-36 3.19E-27 2.21E-20 2.78E-15 9.01E-13 2.41E-11 6.13E-11 7.80E-11
 8.49E-11 8.82E-11 8.39E-11 7.08E-11 5.57E-11 4.73E-11
 8.31E-36 3.19E-27 2.21E-20 2.78E-15 9.01E-13 2.41E-11 6.13E-11 7.80E-11
 8.48E-11 8.82E-11 8.39E-11 7.08E-11 5.57E-11 4.73E-11
 8.30E-36 3.18E-27 2.21E-20 2.78E-15 9.01E-13 2.41E-11 6.13E-11 7.79E-11
 8.48E-11 8.81E-11 8.38E-11 7.08E-11 5.57E-11 4.73E-11
 8.28E-36 3.18E-27 2.20E-20 2.77E-15 8.98E-13 2.39E-11 6.10E-11 7.75E-11
 8.43E-11 8.77E-11 8.34E-11 7.05E-11 5.55E-11 4.71E-11
 8.06E-36 3.10E-27 2.15E-20 2.70E-15 8.69E-13 2.29E-11 5.79E-11 7.35E-11
 7.99E-11 8.32E-11 7.94E-11 6.75E-11 5.36E-11 4.57E-11
  698.396    7  14 /pl=01:ss=11:pb= 1:sz=11/type=excit/ispb = t/isel =   39
 1.00E+10 1.00E+11 1.00E+12 1.00E+13 1.00E+14 1.00E+15 1.00E+16
 2.48E+00 3.72E+00 6.20E+00 1.24E+01 2.48E+01 6.20E+01 1.24E+02 1.86E+02
 2.48E+02 3.72E+02 6.20E+02 1.24E+03 2.48E+03 3.72E+03
 1.13E-41 6.78E-31 2.59E-22 6.09E-16 7.93E-13 4.75E-11 1.65E-10 2.42E-10
 2.90E-10 3.46E-10 3.97E-10 4.33E-10 4.35E-10 4.24E-10
 1.13E-41 6.78E-31 2.59E-22 6.09E-16 7.93E-13 4.75E-11 1.65E-10 2.42E-10
 2.90E-10 3.46E-10 3.97E-10 4.33E-10 4.35E-10 4.24E-10
 1.13E-41 6.78E-31 2.59E-22 6.09E-16 7.93E-13 4.75E-11 1.65E-10 2.42E-10
 2.90E-10 3.46E-10 3.97E-10 4.33E-10 4.35E-10 4.24E-10
 1.13E-41 6.78E-31 2.59E-22 6.09E-16 7.93E-13 4.75E-11 1.65E-10 2.41E-10
 2.90E-10 3.46E-10 3.97E-10 4.33E-10 4.35E-10 4.24E-10
 1.13E-41 6.77E-31 2.58E-22 6.09E-16 7.93E-13 4.75E-11 1.65E-10 2.41E-10
 2.90E-10 3.46E-10 3.97E-10 4.33E-10 4.34E-10 4.24E-10
 1.12E-41 6.73E-31 2.56E-22 6.04E-16 7.88E-13 4.72E-11 1.64E-10 2.40E-10
 2.88E-10 3.44E-10 3.95E-10 4.31E-10 4.33E-10 4.23E-10
 1.08E-41 6.42E-31 2.43E-22 5.72E-16 7.49E-13 4.50E-11 1.56E-10 2.28E-10
 2.74E-10 3.28E-10 3.76E-10 4.13E-10 4.17E-10 4.08E-10
  717.477    7  14 /pl=01:ss=11:pb= 1:sz=11/type=excit/ispb = t/isel =   40
 1.00E+10 1.00E+11 1.00E+12 1.00E+13 1.00E+14 1.00E+15 1.00E+16
 2.48E+00 3.72E+00 6.20E+00 1.24E+01 2.48E+01 6.20E+01 1.24E+02 1.86E+02
 2.48E+02 3.72E+02 6.20E+02 1.24E+03 2.48E+03 3.72E+03
 1.40E-34 2.99E-26 1.30E-19 1.26E-14 4.26E-12 1.31E-10 3.75E-10 5.13E-10
 5.89E-10 6.58E-10 6.89E-10 6.62E-10 5.93E-10 5.45E-10
 1.40E-34 2.99E-26 1.30E-19 1.26E-14 4.26E-12 1.31E-10 3.75E-10 5.13E-10
 5.89E-10 6.58E-10 6.89E-10 6.62E-10 5.93E-10 5.45E-10
 1.40E-34 2.99E-26 1.30E-19 1.26E-14 4.26E-12 1.31E-10 3.75E-10 5.13E-10
 5.89E-10 6.58E-10 6.89E-10 6.62E-10 5.93E-10 5.45E-10
 1.40E-34 2.99E-26 1.30E-19 1.26E-14 4.26E-12 1.31E-10 3.75E-10 5.13E-10
 5.89E-10 6.58E-10 6.89E-10 6.62E-10 5.93E-10 5.45E-10
 1.40E-34 2.99E-26 1.30E-19 1.26E-14 4.26E-12 1.31E-10 3.75E-10 5.13E-10
 5.89E-10 6.57E-10 6.89E-10 6.62E-10 5.92E-10 5.44E-10
 1.42E-34 3.02E-26 1.31E-19 1.27E-14 4.26E-12 1.31E-10 3.73E-10 5.10E-10
 5.86E-10 6.54E-10 6.85E-10 6.59E-10 5.90E-10 5.42E-10
 1.60E-34 3.34E-26 1.41E-19 1.31E-14 4.23E-12 1.26E-10 3.57E-10 4.86E-10
 5.57E-10 6.22E-10 6.53E-10 6.30E-10 5.67E-10 5.23E-10
  738.706    7  14 /pl=01:ss=11:pb= 1:sz=11/type=excit/ispb = t/isel =   41
 1.00E+10 1.00E+11 1.00E+12 1.00E+13 1.00E+14 1.00E+15 1.00E+16
 2.48E+00 3.72E+00 6.20E+00 1.24E+01 2.48E+01 6.20E+01 1.24E+02 1.86E+02
 2.48E+02 3.72E+02 6.20E+02 1.24E+03 2.48E+03 3.72E+03
 4.15E-32 9.29E-25 6.51E-19 1.46E-14 2.10E-12 3.64E-11 8.11E-11 9.85E-11
 1.04E-10 1.05E-10 9.74E-11 7.97E-11 6.12E-11 5.16E-11
 4.15E-32 9.29E-25 6.51E-19 1.46E-14 2.10E-12 3.64E-11 8.11E-11 9.85E-11
 1.04E-10 1.05E-10 9.74E-11 7.97E-11 6.12E-11 5.16E-11
 4.15E-32 9.29E-25 6.51E-19 1.46E-14 2.10E-12 3.64E-11 8.11E-11 9.85E-11
 1.04E-10 1.05E-10 9.74E-11 7.97E-11 6.12E-11 5.16E-11
 4.15E-32 9.29E-25 6.51E-19 1.46E-14 2.10E-12 3.64E-11 8.11E-11 9.85E-11
 1.04E-10 1.05E-10 9.74E-11 7.97E-11 6.12E-11 5.16E-11
 4.16E-32 9.30E-25 6.51E-19 1.46E-14 2.10E-12 3.64E-11 8.11E-11 9.85E-11
 1.04E-10 1.05E-10 9.73E-11 7.96E-11 6.12E-11 5.16E-11
 4.17E-32 9.32E-25 6.52E-19 1.47E-14 2.10E-12 3.64E-11 8.10E-11 9.83E-11
 1.04E-10 1.05E-10 9.71E-11 7.95E-11 6.11E-11 5.15E-11
 4.30E-32 9.57E-25 6.65E-19 1.48E-14 2.11E-12 3.60E-11 7.94E-11 9.60E-11
 1.02E-10 1.02E-10 9.47E-11 7.76E-11 5.99E-11 5.06E-11
  750.756    7  14 /pl=01:ss=11:pb= 1:sz=11/type=excit/ispb = t/isel =   42
 1.00E+10 1.00E+11 1.00E+12 1.00E+13 1.00E+14 1.00E+15 1.00E+16
 2.48E+00 3.72E+00 6.20E+00 1.24E+01 2.48E+01 6.20E+01 1.24E+02 1.86E+02
 2.48E+02 3.72E+02 6.20E+02 1.24E+03 2.48E+03 3.72E+03
 5.21E-28 5.57E-22 3.41E-17 1.21E-13 6.75E-12 6.75E-11 1.29E-10 1.50E-10
 1.56E-10 1.56E-10 1.44E-10 1.19E-10 9.34E-11 7.96E-11
 5.21E-28 5.57E-22 3.41E-17 1.21E-13 6.75E-12 6.75E-11 1.29E-10 1.50E-10
 1.56E-10 1.56E-10 1.44E-10 1.19E-10 9.34E-11 7.96E-11
 5.21E-28 5.57E-22 3.41E-17 1.21E-13 6.75E-12 6.75E-11 1.29E-10 1.50E-10
 1.56E-10 1.56E-10 1.44E-10 1.19E-10 9.34E-11 7.96E-11
 5.21E-28 5.57E-22 3.41E-17 1.21E-13 6.75E-12 6.75E-11 1.29E-10 1.50E-10
 1.56E-10 1.56E-10 1.44E-10 1.19E-10 9.34E-11 7.96E-11
 5.21E-28 5.57E-22 3.41E-17 1.21E-13 6.75E-12 6.75E-11 1.29E-10 1.50E-10
 1.56E-10 1.56E-10 1.44E-10 1.19E-10 9.34E-11 7.96E-11
 5.21E-28 5.56E-22 3.41E-17 1.21E-13 6.74E-12 6.74E-11 1.28E-10 1.49E-10
 1.56E-10 1.56E-10 1.44E-10 1.19E-10 9.32E-11 7.94E-11
 5.18E-28 5.54E-22 3.40E-17 1.20E-13 6.69E-12 6.62E-11 1.25E-10 1.45E-10
 1.51E-10 1.51E-10 1.40E-10 1.16E-10 9.11E-11 7.78E-11
  942.951    7  14 /pl=01:ss=11:pb= 1:sz=11/type=excit/ispb = t/isel =   43
 1.00E+10 1.00E+11 1.00E+12 1.00E+13 1.00E+14 1.00E+15 1.00E+16
 2.48E+00 3.72E+00 6.20E+00 1.24E+01 2.48E+01 6.20E+01 1.24E+02 1.86E+02
 2.48E+02 3.72E+02 6.20E+02 1.24E+03 2.48E+03 3.72E+03
 2.89E-40 3.16E-30 3.12E-22 2.68E-16 2.10E-13 9.03E-12 2.63E-11 3.46E-11
 3.81E-11 3.98E-11 3.77E-11 3.12E-11 2.40E-11 2.02E-11
 2.89E-40 3.16E-30 3.12E-22 2.68E-16 2.10E-13 9.03E-12 2.63E-11 3.46E-11
 3.81E-11 3.98E-11 3.77E-11 3.12E-11 2.40E-11 2.02E-11
 2.89E-40 3.16E-30 3.12E-22 2.68E-16 2.10E-13 9.03E-12 2.63E-11 3.46E-11
 3.81E-11 3.98E-11 3.77E-11 3.12E-11 2.40E-11 2.02E-11
 2.89E-40 3.16E-30 3.12E-22 2.68E-16 2.10E-13 9.04E-12 2.63E-11 3.46E-11
 3.81E-11 3.98E-11 3.77E-11 3.12E-11 2.40E-11 2.02E-11
 2.90E-40 3.17E-30 3.13E-22 2.68E-16 2.11E-13 9.05E-12 2.63E-11 3.46E-11
 3.82E-11 3.99E-11 3.77E-11 3.12E-11 2.40E-11 2.02E-11
 2.94E-40 3.21E-30 3.17E-22 2.72E-16 2.14E-13 9.17E-12 2.66E-11 3.50E-11
 3.86E-11 4.02E-11 3.81E-11 3.14E-11 2.42E-11 2.03E-11
 3.28E-40 3.54E-30 3.48E-22 2.99E-16 2.36E-13 1.01E-11 2.90E-11 3.79E-11
 4.15E-11 4.31E-11 4.05E-11 3.32E-11 2.53E-11 2.12E-11
  1050.33    7  14 /pl=01:ss=11:pb= 1:sz=11/type=excit/ispb = t/isel =   44
 1.00E+10 1.00E+11 1.00E+12 1.00E+13 1.00E+14 1.00E+15 1.00E+16
 2.48E+00 3.72E+00 6.20E+00 1.24E+01 2.48E+01 6.20E+01 1.24E+02 1.86E+02
 2.48E+02 3.72E+02 6.20E+02 1.24E+03 2.48E+03 3.72E+03
 6.63E-38 1.25E-28 3.16E-21 1.08E-15 5.73E-13 2.02E-11 5.56E-11 7.19E-11
 7.85E-11 8.12E-11 7.63E-11 6.27E-11 4.81E-11 4.04E-11
 6.63E-38 1.25E-28 3.16E-21 1.08E-15 5.73E-13 2.02E-11 5.56E-11 7.19E-11
 7.85E-11 8.12E-11 7.63E-11 6.27E-11 4.81E-11 4.04E-11
 6.63E-38 1.25E-28 3.16E-21 1.08E-15 5.73E-13 2.02E-11 5.56E-11 7.19E-11
 7.85E-11 8.12E-11 7.63E-11 6.27E-11 4.81E-11 4.04E-11
 6.63E-38 1.25E-28 3.15E-21 1.08E-15 5.73E-13 2.02E-11 5.56E-11 7.19E-11
 7.85E-11 8.12E-11 7.63E-11 6.27E-11 4.81E-11 4.04E-11
 6.62E-38 1.25E-28 3.15E-21 1.07E-15 5.73E-13 2.02E-11 5.55E-11 7.18E-11
 7.84E-11 8.11E-11 7.62E-11 6.27E-11 4.80E-11 4.04E-11
 6.58E-38 1.24E-28 3.13E-21 1.07E-15 5.69E-13 2.01E-11 5.51E-11 7.12E-11
 7.78E-11 8.05E-11 7.57E-11 6.23E-11 4.78E-11 4.02E-11
 6.29E-38 1.19E-28 2.98E-21 1.00E-15 5.31E-13 1.86E-11 5.07E-11 6.56E-11
 7.17E-11 7.44E-11 7.04E-11 5.85E-11 4.54E-11 3.84E-11
  1080.21    7  14 /pl=01:ss=11:pb= 1:sz=11/type=excit/ispb = t/isel =   45
 1.00E+10 1.00E+11 1.00E+12 1.00E+13 1.00E+14 1.00E+15 1.00E+16
 2.48E+00 3.72E+00 6.20E+00 1.24E+01 2.48E+01 6.20E+01 1.24E+02 1.86E+02
 2.48E+02 3.72E+02 6.20E+02 1.24E+03 2.48E+03 3.72E+03
 1.76E-40 1.57E-30 1.34E-22 1.07E-16 8.28E-14 3.58E-12 1.05E-11 1.40E-11
 1.57E-11 1.66E-11 1.61E-11 1.37E-11 1.08E-11 9.18E-12
 1.76E-40 1.57E-30 1.34E-22 1.07E-16 8.28E-14 3.58E-12 1.05E-11 1.40E-11
 1.57E-11 1.66E-11 1.61E-11 1.37E-11 1.08E-11 9.18E-12
 1.76E-40 1.57E-30 1.34E-22 1.07E-16 8.28E-14 3.58E-12 1.05E-11 1.40E-11
 1.57E-11 1.66E-11 1.61E-11 1.37E-11 1.08E-11 9.18E-12
 1.76E-40 1.57E-30 1.34E-22 1.07E-16 8.28E-14 3.58E-12 1.05E-11 1.40E-11
 1.57E-11 1.66E-11 1.61E-11 1.37E-11 1.08E-11 9.18E-12
 1.76E-40 1.56E-30 1.34E-22 1.07E-16 8.27E-14 3.57E-12 1.05E-11 1.40E-11
 1.56E-11 1.66E-11 1.61E-11 1.37E-11 1.08E-11 9.17E-12
 1.74E-40 1.55E-30 1.33E-22 1.06E-16 8.20E-14 3.54E-12 1.04E-11 1.39E-11
 1.55E-11 1.65E-11 1.59E-11 1.36E-11 1.07E-11 9.14E-12
 1.63E-40 1.45E-30 1.25E-22 9.98E-17 7.73E-14 3.32E-12 9.77E-12 1.30E-11
 1.45E-11 1.54E-11 1.50E-11 1.29E-11 1.03E-11 8.82E-12
  1397.65    7  14 /pl=01:ss=11:pb= 1:sz=11/type=excit/ispb = t/isel =   46
 1.00E+10 1.00E+11 1.00E+12 1.00E+13 1.00E+14 1.00E+15 1.00E+16
 2.48E+00 3.72E+00 6.20E+00 1.24E+01 2.48E+01 6.20E+01 1.24E+02 1.86E+02
 2.48E+02 3.72E+02 6.20E+02 1.24E+03 2.48E+03 3.72E+03
 2.15E-38 4.05E-29 1.02E-21 3.49E-16 1.86E-13 6.56E-12 1.80E-11 2.33E-11
 2.54E-11 2.63E-11 2.47E-11 2.03E-11 1.56E-11 1.31E-11
 2.15E-38 4.05E-29 1.02E-21 3.49E-16 1.86E-13 6.56E-12 1.80E-11 2.33E-11
 2.54E-11 2.63E-11 2.47E-11 2.03E-11 1.56E-11 1.31E-11
 2.15E-38 4.05E-29 1.02E-21 3.49E-16 1.86E-13 6.56E-12 1.80E-11 2.33E-11
 2.54E-11 2.63E-11 2.47E-11 2.03E-11 1.56E-11 1.31E-11
 2.15E-38 4.05E-29 1.02E-21 3.49E-16 1.86E-13 6.56E-12 1.80E-11 2.33E-11
 2.54E-11 2.63E-11 2.47E-11 2.03E-11 1.56E-11 1.31E-11
 2.15E-38 4.04E-29 1.02E-21 3.48E-16 1.86E-13 6.55E-12 1.80E-11 2.33E-11
 2.54E-11 2.63E-11 2.47E-11 2.03E-11 1.56E-11 1.31E-11
 2.13E-38 4.02E-29 1.02E-21 3.46E-16 1.84E-13 6.50E-12 1.78E-11 2.31E-11
 2.52E-11 2.61E-11 2.45E-11 2.02E-11 1.55E-11 1.30E-11
 2.04E-38 3.84E-29 9.65E-22 3.25E-16 1.72E-13 6.02E-12 1.64E-11 2.12E-11
 2.32E-11 2.41E-11 2.28E-11 1.90E-11 1.47E-11 1.25E-11
  1500.28    7  14 /pl=01:ss=11:pb= 1:sz=11/type=excit/ispb = t/isel =   47
 1.00E+10 1.00E+11 1.00E+12 1.00E+13 1.00E+14 1.00E+15 1.00E+16
 2.48E+00 3.72E+00 6.20E+00 1.24E+01 2.48E+01 6.20E+01 1.24E+02 1.86E+02
 2.48E+02 3.72E+02 6.20E+02 1.24E+03 2.48E+03 3.72E+03
 1.13E-36 4.34E-28 3.01E-21 3.79E-16 1.23E-13 3.28E-12 8.35E-12 1.06E-11
 1.16E-11 1.20E-11 1.14E-11 9.64E-12 7.59E-12 6.44E-12
 1.13E-36 4.34E-28 3.01E-21 3.79E-16 1.23E-13 3.28E-12 8.35E-12 1.06E-11
 1.16E-11 1.20E-11 1.14E-11 9.64E-12 7.59E-12 6.44E-12
 1.13E-36 4.34E-28 3.01E-21 3.79E-16 1.23E-13 3.28E-12 8.35E-12 1.06E-11
 1.16E-11 1.20E-11 1.14E-11 9.64E-12 7.59E-12 6.44E-12
 1.13E-36 4.34E-28 3.01E-21 3.79E-16 1.23E-13 3.28E-12 8.35E-12 1.06E-11
 1.16E-11 1.20E-11 1.14E-11 9.64E-12 7.59E-12 6.44E-12
 1.13E-36 4.34E-28 3.01E-21 3.79E-16 1.23E-13 3.28E-12 8.35E-12 1.06E-11
 1.16E-11 1.20E-11 1.14E-11 9.64E-12 7.59E-12 6.44E-12
 1.13E-36 4.33E-28 3.00E-21 3.78E-16 1.22E-13 3.26E-12 8.30E-12 1.06E-11
 1.15E-11 1.19E-11 1.14E-11 9.60E-12 7.56E-12 6.42E-12
 1.10E-36 4.22E-28 2.93E-21 3.67E-16 1.18E-13 3.12E-12 7.89E-12 1.00E-11
 1.09E-11 1.13E-11 1.08E-11 9.20E-12 7.30E-12 6.22E-12
  1540.60    7  14 /pl=01:ss=11:pb= 1:sz=11/type=excit/ispb = t/isel =   48
 1.00E+10 1.00E+11 1.00E+12 1.00E+13 1.00E+14 1.00E+15 1.00E+16
 2.48E+00 3.72E+00 6.20E+00 1.24E+01 2.48E+01 6.20E+01 1.24E+02 1.86E+02
 2.48E+02 3.72E+02 6.20E+02 1.24E+03 2.48E+03 3.72E+03
 5.16E-43 3.35E-32 1.36E-23 3.36E-17 4.42E-14 2.57E-12 8.27E-12 1.12E-11
 1.26E-11 1.33E-11 1.28E-11 1.06E-11 8.18E-12 6.90E-12
 5.16E-43 3.35E-32 1.36E-23 3.36E-17 4.42E-14 2.57E-12 8.27E-12 1.12E-11
 1.26E-11 1.33E-11 1.28E-11 1.06E-11 8.18E-12 6.90E-12
 5.16E-43 3.35E-32 1.36E-23 3.36E-17 4.42E-14 2.57E-12 8.27E-12 1.12E-11
 1.26E-11 1.33E-11 1.28E-11 1.06E-11 8.18E-12 6.90E-12
 5.16E-43 3.35E-32 1.36E-23 3.36E-17 4.43E-14 2.57E-12 8.27E-12 1.12E-11
 1.26E-11 1.33E-11 1.28E-11 1.06E-11 8.18E-12 6.90E-12
 5.17E-43 3.36E-32 1.37E-23 3.37E-17 4.44E-14 2.58E-12 8.29E-12 1.13E-11
 1.26E-11 1.34E-11 1.28E-11 1.06E-11 8.19E-12 6.91E-12
 5.29E-43 3.43E-32 1.39E-23 3.43E-17 4.53E-14 2.63E-12 8.45E-12 1.15E-11
 1.29E-11 1.36E-11 1.30E-11 1.08E-11 8.27E-12 6.97E-12
 5.97E-43 3.84E-32 1.56E-23 3.86E-17 5.11E-14 2.97E-12 9.44E-12 1.27E-11
 1.42E-11 1.49E-11 1.42E-11 1.17E-11 8.88E-12 7.44E-12
  1778.78    7  14 /pl=01:ss=11:pb= 1:sz=11/type=excit/ispb = t/isel =   49
 1.00E+10 1.00E+11 1.00E+12 1.00E+13 1.00E+14 1.00E+15 1.00E+16
 2.48E+00 3.72E+00 6.20E+00 1.24E+01 2.48E+01 6.20E+01 1.24E+02 1.86E+02
 2.48E+02 3.72E+02 6.20E+02 1.24E+03 2.48E+03 3.72E+03
 1.25E-41 2.84E-31 5.22E-23 7.41E-17 7.60E-14 3.84E-12 1.18E-11 1.57E-11
 1.75E-11 1.83E-11 1.74E-11 1.43E-11 1.09E-11 9.21E-12
 1.25E-41 2.84E-31 5.22E-23 7.41E-17 7.60E-14 3.84E-12 1.18E-11 1.57E-11
 1.75E-11 1.83E-11 1.74E-11 1.43E-11 1.09E-11 9.21E-12
 1.25E-41 2.84E-31 5.22E-23 7.41E-17 7.60E-14 3.84E-12 1.18E-11 1.57E-11
 1.75E-11 1.83E-11 1.74E-11 1.43E-11 1.09E-11 9.21E-12
 1.25E-41 2.84E-31 5.22E-23 7.41E-17 7.60E-14 3.84E-12 1.18E-11 1.57E-11
 1.75E-11 1.83E-11 1.74E-11 1.43E-11 1.09E-11 9.21E-12
 1.24E-41 2.83E-31 5.20E-23 7.38E-17 7.57E-14 3.83E-12 1.17E-11 1.57E-11
 1.74E-11 1.83E-11 1.73E-11 1.42E-11 1.09E-11 9.19E-12
 1.20E-41 2.74E-31 5.04E-23 7.16E-17 7.35E-14 3.72E-12 1.14E-11 1.52E-11
 1.70E-11 1.78E-11 1.69E-11 1.40E-11 1.08E-11 9.07E-12
 1.01E-41 2.31E-31 4.24E-23 5.99E-17 6.12E-14 3.07E-12 9.41E-12 1.26E-11
 1.41E-11 1.49E-11 1.44E-11 1.21E-11 9.52E-12 8.11E-12
  1808.43    7  14 /pl=01:ss=11:pb= 1:sz=11/type=excit/ispb = t/isel =   50
 1.00E+10 1.00E+11 1.00E+12 1.00E+13 1.00E+14 1.00E+15 1.00E+16
 2.48E+00 3.72E+00 6.20E+00 1.24E+01 2.48E+01 6.20E+01 1.24E+02 1.86E+02
 2.48E+02 3.72E+02 6.20E+02 1.24E+03 2.48E+03 3.72E+03
 2.65E-40 1.47E-30 8.52E-23 5.22E-17 3.69E-14 1.56E-12 4.69E-12 6.39E-12
 7.28E-12 8.05E-12 8.36E-12 8.00E-12 7.21E-12 6.68E-12
 2.65E-40 1.47E-30 8.52E-23 5.22E-17 3.69E-14 1.56E-12 4.69E-12 6.39E-12
 7.28E-12 8.05E-12 8.36E-12 8.00E-12 7.21E-12 6.68E-12
 2.65E-40 1.47E-30 8.52E-23 5.22E-17 3.69E-14 1.56E-12 4.69E-12 6.39E-12
 7.28E-12 8.05E-12 8.36E-12 8.00E-12 7.21E-12 6.68E-12
 2.65E-40 1.47E-30 8.52E-23 5.22E-17 3.69E-14 1.56E-12 4.69E-12 6.39E-12
 7.28E-12 8.05E-12 8.36E-12 8.00E-12 7.21E-12 6.68E-12
 2.65E-40 1.47E-30 8.52E-23 5.23E-17 3.69E-14 1.56E-12 4.69E-12 6.40E-12
 7.28E-12 8.05E-12 8.36E-12 8.01E-12 7.21E-12 6.68E-12
 2.68E-40 1.48E-30 8.58E-23 5.25E-17 3.70E-14 1.56E-12 4.70E-12 6.40E-12
 7.29E-12 8.06E-12 8.37E-12 8.01E-12 7.22E-12 6.68E-12
 2.98E-40 1.62E-30 9.17E-23 5.47E-17 3.81E-14 1.59E-12 4.75E-12 6.46E-12
 7.35E-12 8.12E-12 8.42E-12 8.06E-12 7.25E-12 6.71E-12
c-------------------------------------------------------------------------------
 
C  root partition information
C  ==========================
C
C  nuclear charge : 74
C  ion charge+1   : 12
C
C  population calculation information
C  ----------------------------------
C
C  population processing code: adas810
C
C  adf04 source file    : adf04_copmm#74_ca_40#w11_t3.dat
C  adf18/a17_p208 file  : NULL
C
C  meta. ion. coeff. selector  : 
 
C  options  : lnorm =T  lpsel =F  lzsel =T  liosel=F
C           : lhsel =F  lrsel =F  lisel =F  lnsel =F
 
C  energy levels
C  -------------
C
C   lv      configuration    (2S+1)L(w-1/2)      energy (cm^-1)
C  ---   ------------------- --------------      --------------
c    1   60963A52B52C         (0)0(  104.0)             0.0
c    2   60963A52B51C51D      (0)0(  419.0)        458153.1
c    3   60962A52B52C51D      (0)0( 6824.5)        576746.1
c    4   60963A52B51C51G      (0)0(   83.5)        712502.1
c    5   60963A52B51C51H      (0)0(  251.0)        845701.2
c    6   60963A52B51C51E      (0)0(  587.5)        892976.0
c    7   60962A52B52C51E      (0)0( 9554.5)       1024485.1
c    8   60963A52B51C51I      (0)0(  419.0)       1028347.9
c    9   60963A52B51C51M      (0)0(   83.5)       1131654.5
c   10   60962A52B52C51I      (0)0( 6824.5)       1163862.4
c   11   60963A52B51C51N      (0)0(  251.0)       1198308.9
c   12   60963A52B51C51J      (0)0(  587.5)       1221968.3
c   13   60963A52B51C51O      (0)0(  419.0)       1293517.0
c   14   60962A52B52C51F      (0)0(12284.5)       1303876.2
c   15   60963A52B51C51T      (0)0(   83.5)       1347858.9
c   16   60962A52B52C51J      (0)0( 9554.5)       1359172.8
c   17   60963A52B51C51U      (0)0(  251.0)       1386091.3
c   18   60963A52B51C51P      (0)0(  587.5)       1399567.1
c   19   60963A52B51C51V      (0)0(  419.0)       1442309.7
c   20   60962A52B52C51K      (0)0(12284.5)       1502358.0
c   21   60963A52B51C51W      (0)0(  587.5)       1507219.3
c   22   60962A52B52C51L      (0)0(15012.5)       1513803.6
c   23   9964A52B52C          (0)0(   74.5)       1794061.5
c   24   9963A52B53C          (0)0( 1399.5)       1906586.1
c   25   9963A52B52C51D       (0)0(10499.5)       2370730.8
c   26   9963A52B52C51H       (0)0( 6299.5)       2773730.0
c   27   9963A52B52C51E       (0)0(14699.5)       2818250.4
c   28   9963A52B52C51I       (0)0(10499.5)       2958461.7
c   29   9963A52B52C51J       (0)0(14699.5)       3153563.5
 
 
 
c-------------------------------------------------------------------------------
 
C  superstage partition information
C  ================================
C
C  element symbol   : W
C  parent template  : 
C  partition level  :  1
C  superstage label : 11
C
C  tabulation       : photon emissivity coefft (te,ne)
C  units            : ph. emis coef(cm^3 s^-1); te (ev); ne (cm^-3)
C
C  photon emissivity atomic transitions
C  ------------------------------------
C  
C   isel  wvlen(A)            transition                type  ispb nspb
C                                                             ispp nspp sz    tg pr wr
C  ----- ---------- ----------------------------------- ----- ---- ---- --    -- -- --
C      1   36.0525   26(0)0( 6299.5)-  1(0)0(  104.0)   excit   1    1  11    20 45  1
C      2   52.4498   24(0)0( 1399.5)-  1(0)0(  104.0)   excit   1    1  11    17 14  2
C      3   55.7227   28(0)0(10499.5)- 10(0)0( 6824.5)   excit   1    1  11   144 24  3
C      4   55.7292   29(0)0(14699.5)- 16(0)0( 9554.5)   excit   1    1  11   149 39  4
C      5   55.7394   23(0)0(   74.5)-  1(0)0(  104.0)   excit   1    1  11    16  9  5
C      6   55.7418   25(0)0(10499.5)-  3(0)0( 6824.5)   excit   1    1  11   129 11  6
C      7   55.7487   27(0)0(14699.5)-  7(0)0( 9554.5)   excit   1    1  11   136 29  7
C      8   66.5620   20(0)0(12284.5)-  1(0)0(  104.0)   excit   1    1  11    28 15  8
C      9   74.1917   15(0)0(   83.5)-  1(0)0(  104.0)   excit   1    1  11    11 46  9
C     10   76.6944   14(0)0(12284.5)-  1(0)0(  104.0)   excit   1    1  11    25 16 10
C     11   85.9208   10(0)0( 6824.5)-  1(0)0(  104.0)   excit   1    1  11    26 18 11
C     12   88.3662    9(0)0(   83.5)-  1(0)0(  104.0)   excit   1    1  11     7 28 12
C     13   97.2434    8(0)0(  419.0)-  1(0)0(  104.0)   excit   1    1  11     5 48 13
C     14   106.223   18(0)0(  587.5)-  2(0)0(  419.0)   excit   1    1  11    37 43 14
C     15   107.766   17(0)0(  251.0)-  2(0)0(  419.0)   excit   1    1  11    39 33 15
C     16   127.807   16(0)0( 9554.5)-  3(0)0( 6824.5)   excit   1    1  11   133 17 16
C     17   130.922   12(0)0(  587.5)-  2(0)0(  419.0)   excit   1    1  11    33 27 17
C     18   135.107   11(0)0(  251.0)-  2(0)0(  419.0)   excit   1    1  11    35 21 18
C     19   140.350    4(0)0(   83.5)-  1(0)0(  104.0)   excit   1    1  11     3  7 19
C     20   173.387    3(0)0( 6824.5)-  1(0)0(  104.0)   excit   1    1  11    23  2 20
C     21   209.261   20(0)0(12284.5)-  7(0)0( 9554.5)   excit   1    1  11   140 22 21
C     22   215.450   25(0)0(10499.5)- 24(0)0( 1399.5)   excit   1    1  11   114 36 22
C     23   218.268    2(0)0(  419.0)-  1(0)0(  104.0)   excit   1    1  11     1  1 23
C     24   223.344    7(0)0( 9554.5)-  3(0)0( 6824.5)   excit   1    1  11   130  3 24
C     25   229.979    6(0)0(  587.5)-  2(0)0(  419.0)   excit   1    1  11    29  4 25
C     26   248.139   26(0)0( 6299.5)- 25(0)0(10499.5)   excit   1    1  11   120 30 26
C     27   249.662   13(0)0(  419.0)-  6(0)0(  587.5)   excit   1    1  11    45 40 27
C     28   258.032    5(0)0(  251.0)-  2(0)0(  419.0)   excit   1    1  11    31  6 28
C     29   269.383   18(0)0(  587.5)-  8(0)0(  419.0)   excit   1    1  11    73 35 29
C     30   279.530   17(0)0(  251.0)-  8(0)0(  419.0)   excit   1    1  11    75 41 30
C     31   349.707    9(0)0(   83.5)-  5(0)0(  251.0)   excit   1    1  11    61 32 31
C     32   357.921   14(0)0(12284.5)-  7(0)0( 9554.5)   excit   1    1  11   137  5 32
C     33   467.941   21(0)0(  587.5)- 13(0)0(  419.0)   excit   1    1  11    99 49 33
C     34   476.355   22(0)0(15012.5)- 14(0)0(12284.5)   excit   1    1  11   141 37 34
C     35   512.006   16(0)0( 9554.5)- 10(0)0( 6824.5)   excit   1    1  11   146 10 35
C     36   516.475   12(0)0(  587.5)-  8(0)0(  419.0)   excit   1    1  11    69 19 36
C     37   547.505    8(0)0(  419.0)-  5(0)0(  251.0)   excit   1    1  11    59 12 37
C     38   588.370   11(0)0(  251.0)-  8(0)0(  419.0)   excit   1    1  11    71 25 38
C     39   698.396   20(0)0(12284.5)- 16(0)0( 9554.5)   excit   1    1  11   150 13 39
C     40   717.477   10(0)0( 6824.5)-  7(0)0( 9554.5)   excit   1    1  11   138  8 40
C     41   738.706    8(0)0(  419.0)-  6(0)0(  587.5)   excit   1    1  11    42 23 41
C     42   750.756    5(0)0(  251.0)-  4(0)0(   83.5)   excit   1    1  11    50 20 42
C     43   942.951   18(0)0(  587.5)- 13(0)0(  419.0)   excit   1    1  11    95 31 43
C     44   1050.33   13(0)0(  419.0)- 11(0)0(  251.0)   excit   1    1  11    89 26 44
C     45   1080.21   17(0)0(  251.0)- 13(0)0(  419.0)   excit   1    1  11    97 42 45
C     46   1397.65   13(0)0(  419.0)- 12(0)0(  587.5)   excit   1    1  11    78 34 46
C     47   1500.28   11(0)0(  251.0)-  9(0)0(   83.5)   excit   1    1  11    83 47 47
C     48   1540.60   21(0)0(  587.5)- 19(0)0(  419.0)   excit   1    1  11   107 44 48
C     49   1778.78   19(0)0(  419.0)- 17(0)0(  251.0)   excit   1    1  11   105 38 49
C     50   1808.43   16(0)0( 9554.5)- 14(0)0(12284.5)   excit   1    1  11   142 50 50
c-------------------------------------------------------------------------------
                                                                                
C  code     : adas810
C  producer : Adam Foster
C  date     : 18/05/09
                                                                                
c-------------------------------------------------------------------------------

C-----------------------------------------------------------------------
C                               OPEN-ADAS
C                               +++++++++
C
C This file has been downloaded from OPEN-ADAS (http://open.adas.ac.uk)
C on 26-Mar-2025.
C
C TERMS AND CONDITIONS
C --------------------
C
C The user of the OPEN-ADAS system and data (hereinafter "the User")
C accepts the following terms and conditions:
C
C   1. The University of Strathclyde uses all reasonable endeavours to
C      ensure the accuracy of the data provided and any information
C      given, but the University makes no warranty, expressed or implied
C      as to its accuracy, integrity, fitness for purpose and shall not
C      be responsible for the use to which the data is put by the User
C      and/or any consequences arising out of any inaccuracies or
C      omissions.
C
C   2. Any downloaded OPEN-ADAS file is made available for the
C      personal use of the User only.  It must not be used for any
C      commercial application, incorporated into any web site or in
C      any form re-distributed without express prior written permission
C      from the ADAS Project. In particular, but not by way of
C      limitation, it must not be:
C        *  inserted into a managed database structure,
C        *  redistributed along with a modelling or analysis code,
C        *  made available on a public website.
C
C Permission for OPEN-ADAS data incorporation in non-commercial
C code/system development for scientific advance will not be
C unreasonably withheld, but will be subject to written agreement
C on a case by case basis.
C
C The User will indemnify the University of Strathclyde and keep it
C fully and effectively indemnified against each and every claim made
C against the University as a result of the User's use of the data.
C
C-----------------------------------------------------------------------
