   50    /W :14 photon emissivity coefficients/
--------------------------------------------------------------------------------
    1    1    1    1    1    1    1    1    1    1    1    1    1    1
    1    1    1    1    1    1    1    1    1    1    1    1    1    1
    1    1    1    1    1    1    1    1    1    1    1    1    1    1
    1    1    1    1    1    1    1    1    1    1    1    1    1    1
    1    1    1    1    1    1    1    1    1    1    1    1    1    1
    1    1    1    1    1
--------------------------------------------------------------------------------
//#01/p00/ 00/p01/ 01/p02/ 02/p03/ 03/p04/ 04/p05/ 05/p06/ 06/p07/ 07/p08/ 08/  
      p09/ 09/p10/ 10/p11/ 11/p12/ 12/p13/ 13/p14/ 14/p15/ 15/p16/ 16/p17/ 17/  
      p18/ 18/p19/ 19/p20/ 20/p21/ 21/p22/ 22/p23/ 23/p24/ 24/p25/ 25/p26/ 26/  
      p27/ 27/p28/ 28/p29/ 29/p30/ 30/p31/ 31/p32/ 32/p33/ 33/p34/ 34/p35/ 35/  
      p36/ 36/p37/ 37/p38/ 38/p39/ 39/p40/ 40/p41/ 41/p42/ 42/p43/ 43/p44/ 44/  
      p45/ 45/p46/ 46/p47/ 47/p48/ 48/p49/ 49/p50/ 50/p51/ 51/p52/ 52/p53/ 53/  
      p54/ 54/p55/ 55/p56/ 56/p57/ 57/p58/ 58/p59/ 59/p60/ 60/p61/ 61/p62/ 62/  
      p63/ 63/p64/ 64/p65/ 65/p66/ 66/p67/ 67/p68/ 68/p69/ 69/p70/ 70/p71/ 71/  
      p72/ 72/p73/ 73/p74/ 74/                                                  
--------------------------------------------------------------------------------
  53.3994    7  14 /pl=01:ss=14:pb= 1:sz=14/type=excit/ispb = t/isel =    1
 1.00E+10 1.00E+11 1.00E+12 1.00E+13 1.00E+14 1.00E+15 1.00E+16
 3.88E+00 5.82E+00 9.69E+00 1.94E+01 3.88E+01 9.69E+01 1.94E+02 2.91E+02
 3.88E+02 5.82E+02 9.69E+02 1.94E+03 3.88E+03 5.82E+03
 3.63E-35 1.37E-26 8.64E-20 8.40E-15 2.21E-12 5.02E-11 1.24E-10 1.60E-10
 1.77E-10 1.93E-10 1.98E-10 1.91E-10 1.74E-10 1.61E-10
 3.29E-35 1.20E-26 7.19E-20 7.50E-15 2.01E-12 4.55E-11 1.12E-10 1.44E-10
 1.60E-10 1.74E-10 1.78E-10 1.71E-10 1.55E-10 1.43E-10
 2.93E-35 1.06E-26 6.85E-20 7.25E-15 1.94E-12 4.41E-11 1.08E-10 1.39E-10
 1.55E-10 1.68E-10 1.72E-10 1.64E-10 1.48E-10 1.36E-10
 3.14E-35 1.10E-26 6.83E-20 7.20E-15 1.92E-12 4.32E-11 1.06E-10 1.36E-10
 1.51E-10 1.63E-10 1.68E-10 1.61E-10 1.45E-10 1.34E-10
 3.23E-35 1.11E-26 6.82E-20 7.18E-15 1.90E-12 4.24E-11 1.04E-10 1.33E-10
 1.47E-10 1.60E-10 1.64E-10 1.57E-10 1.42E-10 1.31E-10
 3.25E-35 1.11E-26 6.82E-20 7.17E-15 1.89E-12 4.20E-11 1.03E-10 1.32E-10
 1.46E-10 1.58E-10 1.62E-10 1.56E-10 1.41E-10 1.30E-10
 3.25E-35 1.11E-26 6.80E-20 7.07E-15 1.84E-12 4.03E-11 9.80E-11 1.26E-10
 1.40E-10 1.52E-10 1.57E-10 1.51E-10 1.38E-10 1.27E-10
  224.295    7  14 /pl=01:ss=14:pb= 1:sz=14/type=excit/ispb = t/isel =    2
 1.00E+10 1.00E+11 1.00E+12 1.00E+13 1.00E+14 1.00E+15 1.00E+16
 3.88E+00 5.82E+00 9.69E+00 1.94E+01 3.88E+01 9.69E+01 1.94E+02 2.91E+02
 3.88E+02 5.82E+02 9.69E+02 1.94E+03 3.88E+03 5.82E+03
 5.70E-17 6.73E-15 5.15E-13 1.60E-11 6.92E-11 1.39E-10 1.58E-10 1.56E-10
 1.52E-10 1.42E-10 1.27E-10 1.03E-10 8.15E-11 6.93E-11
 2.83E-16 3.25E-14 1.79E-12 3.16E-11 1.10E-10 1.98E-10 2.19E-10 2.18E-10
 2.13E-10 2.01E-10 1.82E-10 1.54E-10 1.27E-10 1.11E-10
 8.93E-16 8.72E-14 3.09E-12 3.82E-11 1.19E-10 2.08E-10 2.29E-10 2.28E-10
 2.22E-10 2.11E-10 1.93E-10 1.65E-10 1.37E-10 1.21E-10
 1.18E-15 1.09E-13 3.40E-12 3.91E-11 1.20E-10 2.06E-10 2.27E-10 2.25E-10
 2.20E-10 2.09E-10 1.91E-10 1.64E-10 1.37E-10 1.21E-10
 1.23E-15 1.11E-13 3.44E-12 3.91E-11 1.19E-10 2.03E-10 2.23E-10 2.21E-10
 2.16E-10 2.05E-10 1.88E-10 1.61E-10 1.35E-10 1.20E-10
 1.23E-15 1.12E-13 3.44E-12 3.90E-11 1.19E-10 2.02E-10 2.21E-10 2.19E-10
 2.15E-10 2.04E-10 1.87E-10 1.60E-10 1.34E-10 1.19E-10
 1.23E-15 1.11E-13 3.43E-12 3.85E-11 1.15E-10 1.93E-10 2.11E-10 2.10E-10
 2.05E-10 1.96E-10 1.80E-10 1.55E-10 1.31E-10 1.17E-10
  226.653    7  14 /pl=01:ss=14:pb= 1:sz=14/type=excit/ispb = t/isel =    3
 1.00E+10 1.00E+11 1.00E+12 1.00E+13 1.00E+14 1.00E+15 1.00E+16
 3.88E+00 5.82E+00 9.69E+00 1.94E+01 3.88E+01 9.69E+01 1.94E+02 2.91E+02
 3.88E+02 5.82E+02 9.69E+02 1.94E+03 3.88E+03 5.82E+03
 5.57E-18 8.55E-16 9.17E-14 6.74E-12 6.25E-11 2.07E-10 2.63E-10 2.63E-10
 2.52E-10 2.28E-10 1.89E-10 1.38E-10 9.51E-11 7.50E-11
 4.42E-17 6.76E-15 7.78E-13 4.60E-11 2.76E-10 6.73E-10 7.99E-10 7.99E-10
 7.76E-10 7.25E-10 6.37E-10 5.12E-10 3.93E-10 3.31E-10
 3.66E-16 5.25E-14 3.97E-12 9.49E-11 4.00E-10 8.55E-10 9.92E-10 9.94E-10
 9.70E-10 9.17E-10 8.24E-10 6.91E-10 5.60E-10 4.91E-10
 1.24E-15 1.55E-13 6.28E-12 1.05E-10 4.18E-10 8.76E-10 1.01E-09 1.01E-09
 9.91E-10 9.38E-10 8.46E-10 7.15E-10 5.84E-10 5.15E-10
 1.59E-15 1.89E-13 6.65E-12 1.07E-10 4.19E-10 8.75E-10 1.01E-09 1.01E-09
 9.89E-10 9.37E-10 8.47E-10 7.16E-10 5.86E-10 5.18E-10
 1.64E-15 1.94E-13 6.69E-12 1.07E-10 4.18E-10 8.69E-10 1.00E-09 1.01E-09
 9.83E-10 9.32E-10 8.42E-10 7.13E-10 5.85E-10 5.17E-10
 1.64E-15 1.94E-13 6.68E-12 1.05E-10 4.04E-10 8.24E-10 9.48E-10 9.51E-10
 9.31E-10 8.86E-10 8.06E-10 6.87E-10 5.68E-10 5.04E-10
  227.942    7  14 /pl=01:ss=14:pb= 1:sz=14/type=excit/ispb = t/isel =    4
 1.00E+10 1.00E+11 1.00E+12 1.00E+13 1.00E+14 1.00E+15 1.00E+16
 3.88E+00 5.82E+00 9.69E+00 1.94E+01 3.88E+01 9.69E+01 1.94E+02 2.91E+02
 3.88E+02 5.82E+02 9.69E+02 1.94E+03 3.88E+03 5.82E+03
 7.21E-15 6.29E-13 1.95E-11 1.98E-10 5.33E-10 8.33E-10 8.85E-10 8.70E-10
 8.51E-10 8.13E-10 7.51E-10 6.56E-10 5.60E-10 5.08E-10
 6.53E-15 5.49E-13 1.57E-11 1.56E-10 4.22E-10 6.60E-10 6.99E-10 6.86E-10
 6.69E-10 6.36E-10 5.84E-10 5.05E-10 4.27E-10 3.85E-10
 5.39E-15 4.43E-13 1.30E-11 1.38E-10 3.88E-10 6.16E-10 6.53E-10 6.40E-10
 6.23E-10 5.91E-10 5.39E-10 4.62E-10 3.86E-10 3.45E-10
 4.88E-15 3.97E-13 1.22E-11 1.35E-10 3.82E-10 6.01E-10 6.35E-10 6.21E-10
 6.05E-10 5.73E-10 5.24E-10 4.49E-10 3.76E-10 3.36E-10
 4.76E-15 3.86E-13 1.21E-11 1.35E-10 3.78E-10 5.89E-10 6.20E-10 6.06E-10
 5.90E-10 5.60E-10 5.11E-10 4.39E-10 3.68E-10 3.29E-10
 4.74E-15 3.85E-13 1.21E-11 1.34E-10 3.75E-10 5.84E-10 6.15E-10 6.01E-10
 5.85E-10 5.55E-10 5.07E-10 4.36E-10 3.65E-10 3.26E-10
 4.72E-15 3.83E-13 1.20E-11 1.32E-10 3.64E-10 5.59E-10 5.87E-10 5.75E-10
 5.60E-10 5.33E-10 4.89E-10 4.23E-10 3.56E-10 3.19E-10
  229.986    7  14 /pl=01:ss=14:pb= 1:sz=14/type=excit/ispb = t/isel =    5
 1.00E+10 1.00E+11 1.00E+12 1.00E+13 1.00E+14 1.00E+15 1.00E+16
 3.88E+00 5.82E+00 9.69E+00 1.94E+01 3.88E+01 9.69E+01 1.94E+02 2.91E+02
 3.88E+02 5.82E+02 9.69E+02 1.94E+03 3.88E+03 5.82E+03
 1.92E-14 1.60E-12 4.78E-11 4.69E-10 1.28E-09 2.03E-09 2.17E-09 2.14E-09
 2.09E-09 1.98E-09 1.82E-09 1.58E-09 1.34E-09 1.21E-09
 1.70E-14 1.37E-12 3.81E-11 3.99E-10 1.12E-09 1.78E-09 1.90E-09 1.87E-09
 1.82E-09 1.72E-09 1.58E-09 1.36E-09 1.14E-09 1.02E-09
 1.43E-14 1.14E-12 3.49E-11 3.79E-10 1.07E-09 1.71E-09 1.83E-09 1.79E-09
 1.75E-09 1.65E-09 1.51E-09 1.29E-09 1.08E-09 9.59E-10
 1.48E-14 1.15E-12 3.43E-11 3.75E-10 1.06E-09 1.68E-09 1.78E-09 1.75E-09
 1.70E-09 1.61E-09 1.47E-09 1.26E-09 1.05E-09 9.39E-10
 1.52E-14 1.16E-12 3.43E-11 3.74E-10 1.05E-09 1.64E-09 1.74E-09 1.71E-09
 1.66E-09 1.57E-09 1.43E-09 1.23E-09 1.03E-09 9.20E-10
 1.52E-14 1.16E-12 3.42E-11 3.73E-10 1.05E-09 1.63E-09 1.73E-09 1.69E-09
 1.65E-09 1.56E-09 1.42E-09 1.22E-09 1.02E-09 9.13E-10
 1.51E-14 1.15E-12 3.40E-11 3.67E-10 1.01E-09 1.56E-09 1.65E-09 1.62E-09
 1.58E-09 1.50E-09 1.37E-09 1.19E-09 9.99E-10 8.94E-10
  231.198    7  14 /pl=01:ss=14:pb= 1:sz=14/type=excit/ispb = t/isel =    6
 1.00E+10 1.00E+11 1.00E+12 1.00E+13 1.00E+14 1.00E+15 1.00E+16
 3.88E+00 5.82E+00 9.69E+00 1.94E+01 3.88E+01 9.69E+01 1.94E+02 2.91E+02
 3.88E+02 5.82E+02 9.69E+02 1.94E+03 3.88E+03 5.82E+03
 1.81E-15 1.52E-13 5.37E-12 7.70E-11 2.41E-10 4.00E-10 4.30E-10 4.24E-10
 4.15E-10 3.92E-10 3.58E-10 3.07E-10 2.55E-10 2.26E-10
 2.37E-15 2.03E-13 7.17E-12 8.11E-11 2.26E-10 3.59E-10 3.82E-10 3.76E-10
 3.68E-10 3.48E-10 3.18E-10 2.74E-10 2.30E-10 2.07E-10
 3.14E-15 2.48E-13 7.25E-12 7.63E-11 2.14E-10 3.42E-10 3.64E-10 3.58E-10
 3.49E-10 3.30E-10 3.01E-10 2.58E-10 2.15E-10 1.92E-10
 3.22E-15 2.43E-13 7.04E-12 7.53E-11 2.11E-10 3.34E-10 3.53E-10 3.47E-10
 3.38E-10 3.20E-10 2.92E-10 2.50E-10 2.09E-10 1.87E-10
 3.20E-15 2.41E-13 7.00E-12 7.50E-11 2.09E-10 3.26E-10 3.44E-10 3.38E-10
 3.29E-10 3.11E-10 2.84E-10 2.44E-10 2.04E-10 1.82E-10
 3.20E-15 2.40E-13 7.00E-12 7.48E-11 2.07E-10 3.23E-10 3.41E-10 3.34E-10
 3.26E-10 3.08E-10 2.81E-10 2.42E-10 2.02E-10 1.81E-10
 3.19E-15 2.39E-13 6.95E-12 7.35E-11 2.01E-10 3.09E-10 3.25E-10 3.19E-10
 3.12E-10 2.95E-10 2.71E-10 2.34E-10 1.97E-10 1.77E-10
  232.351    7  14 /pl=01:ss=14:pb= 1:sz=14/type=excit/ispb = t/isel =    7
 1.00E+10 1.00E+11 1.00E+12 1.00E+13 1.00E+14 1.00E+15 1.00E+16
 3.88E+00 5.82E+00 9.69E+00 1.94E+01 3.88E+01 9.69E+01 1.94E+02 2.91E+02
 3.88E+02 5.82E+02 9.69E+02 1.94E+03 3.88E+03 5.82E+03
 4.37E-17 5.66E-15 3.91E-13 1.45E-11 8.25E-11 1.97E-10 2.34E-10 2.34E-10
 2.27E-10 2.11E-10 1.84E-10 1.46E-10 1.09E-10 9.09E-11
 2.13E-16 2.87E-14 1.91E-12 4.50E-11 1.79E-10 3.46E-10 3.93E-10 3.93E-10
 3.84E-10 3.63E-10 3.30E-10 2.78E-10 2.27E-10 1.99E-10
 9.48E-16 1.09E-13 4.35E-12 5.97E-11 2.02E-10 3.71E-10 4.17E-10 4.17E-10
 4.08E-10 3.87E-10 3.54E-10 3.03E-10 2.51E-10 2.23E-10
 1.37E-15 1.47E-13 4.97E-12 6.16E-11 2.04E-10 3.70E-10 4.13E-10 4.13E-10
 4.04E-10 3.84E-10 3.52E-10 3.02E-10 2.52E-10 2.24E-10
 1.44E-15 1.52E-13 5.04E-12 6.17E-11 2.02E-10 3.65E-10 4.08E-10 4.07E-10
 3.99E-10 3.79E-10 3.47E-10 2.98E-10 2.49E-10 2.22E-10
 1.45E-15 1.52E-13 5.05E-12 6.16E-11 2.02E-10 3.63E-10 4.04E-10 4.04E-10
 3.96E-10 3.76E-10 3.45E-10 2.97E-10 2.48E-10 2.21E-10
 1.45E-15 1.52E-13 5.03E-12 6.08E-11 1.96E-10 3.46E-10 3.85E-10 3.85E-10
 3.77E-10 3.60E-10 3.32E-10 2.87E-10 2.41E-10 2.16E-10
  233.416    7  14 /pl=01:ss=14:pb= 1:sz=14/type=excit/ispb = t/isel =    8
 1.00E+10 1.00E+11 1.00E+12 1.00E+13 1.00E+14 1.00E+15 1.00E+16
 3.88E+00 5.82E+00 9.69E+00 1.94E+01 3.88E+01 9.69E+01 1.94E+02 2.91E+02
 3.88E+02 5.82E+02 9.69E+02 1.94E+03 3.88E+03 5.82E+03
 5.13E-16 4.35E-14 1.96E-12 3.83E-11 1.28E-10 2.15E-10 2.33E-10 2.30E-10
 2.23E-10 2.11E-10 1.93E-10 1.64E-10 1.35E-10 1.19E-10
 1.09E-15 9.66E-14 3.85E-12 4.49E-11 1.24E-10 1.95E-10 2.09E-10 2.05E-10
 2.00E-10 1.89E-10 1.73E-10 1.49E-10 1.25E-10 1.12E-10
 1.86E-15 1.42E-13 4.08E-12 4.21E-11 1.17E-10 1.86E-10 1.98E-10 1.95E-10
 1.89E-10 1.79E-10 1.63E-10 1.39E-10 1.16E-10 1.04E-10
 1.94E-15 1.40E-13 3.95E-12 4.15E-11 1.16E-10 1.81E-10 1.92E-10 1.88E-10
 1.82E-10 1.73E-10 1.58E-10 1.35E-10 1.13E-10 1.01E-10
 1.93E-15 1.39E-13 3.93E-12 4.14E-11 1.14E-10 1.76E-10 1.86E-10 1.83E-10
 1.77E-10 1.67E-10 1.53E-10 1.31E-10 1.10E-10 9.80E-11
 1.92E-15 1.38E-13 3.93E-12 4.12E-11 1.13E-10 1.74E-10 1.84E-10 1.81E-10
 1.75E-10 1.66E-10 1.51E-10 1.30E-10 1.09E-10 9.71E-11
 1.92E-15 1.38E-13 3.90E-12 4.05E-11 1.10E-10 1.67E-10 1.76E-10 1.72E-10
 1.67E-10 1.59E-10 1.46E-10 1.26E-10 1.06E-10 9.49E-11
  234.885    7  14 /pl=01:ss=14:pb= 1:sz=14/type=excit/ispb = t/isel =    9
 1.00E+10 1.00E+11 1.00E+12 1.00E+13 1.00E+14 1.00E+15 1.00E+16
 3.88E+00 5.82E+00 9.69E+00 1.94E+01 3.88E+01 9.69E+01 1.94E+02 2.91E+02
 3.88E+02 5.82E+02 9.69E+02 1.94E+03 3.88E+03 5.82E+03
 3.86E-15 3.24E-13 1.14E-11 1.64E-10 5.14E-10 8.52E-10 9.16E-10 9.04E-10
 8.83E-10 8.35E-10 7.63E-10 6.53E-10 5.43E-10 4.82E-10
 5.04E-15 4.33E-13 1.53E-11 1.73E-10 4.82E-10 7.65E-10 8.14E-10 8.02E-10
 7.83E-10 7.41E-10 6.78E-10 5.84E-10 4.91E-10 4.40E-10
 6.68E-15 5.27E-13 1.54E-11 1.63E-10 4.56E-10 7.28E-10 7.75E-10 7.62E-10
 7.44E-10 7.02E-10 6.41E-10 5.49E-10 4.57E-10 4.08E-10
 6.86E-15 5.18E-13 1.50E-11 1.60E-10 4.50E-10 7.11E-10 7.53E-10 7.39E-10
 7.21E-10 6.81E-10 6.21E-10 5.33E-10 4.45E-10 3.97E-10
 6.83E-15 5.12E-13 1.49E-11 1.60E-10 4.45E-10 6.95E-10 7.33E-10 7.19E-10
 7.01E-10 6.62E-10 6.05E-10 5.19E-10 4.34E-10 3.88E-10
 6.82E-15 5.11E-13 1.49E-11 1.59E-10 4.42E-10 6.89E-10 7.26E-10 7.12E-10
 6.94E-10 6.56E-10 5.99E-10 5.15E-10 4.31E-10 3.85E-10
 6.79E-15 5.09E-13 1.48E-11 1.57E-10 4.28E-10 6.59E-10 6.93E-10 6.80E-10
 6.64E-10 6.29E-10 5.78E-10 4.99E-10 4.20E-10 3.76E-10
  237.174    7  14 /pl=01:ss=14:pb= 1:sz=14/type=excit/ispb = t/isel =   10
 1.00E+10 1.00E+11 1.00E+12 1.00E+13 1.00E+14 1.00E+15 1.00E+16
 3.88E+00 5.82E+00 9.69E+00 1.94E+01 3.88E+01 9.69E+01 1.94E+02 2.91E+02
 3.88E+02 5.82E+02 9.69E+02 1.94E+03 3.88E+03 5.82E+03
 3.85E-15 3.27E-13 1.48E-11 2.88E-10 9.65E-10 1.62E-09 1.75E-09 1.73E-09
 1.68E-09 1.59E-09 1.45E-09 1.23E-09 1.01E-09 8.94E-10
 8.20E-15 7.26E-13 2.90E-11 3.37E-10 9.34E-10 1.47E-09 1.57E-09 1.54E-09
 1.50E-09 1.42E-09 1.30E-09 1.12E-09 9.42E-10 8.44E-10
 1.39E-14 1.07E-12 3.07E-11 3.17E-10 8.82E-10 1.39E-09 1.49E-09 1.46E-09
 1.42E-09 1.34E-09 1.23E-09 1.05E-09 8.74E-10 7.79E-10
 1.46E-14 1.05E-12 2.97E-11 3.12E-10 8.69E-10 1.36E-09 1.44E-09 1.41E-09
 1.37E-09 1.30E-09 1.19E-09 1.02E-09 8.49E-10 7.57E-10
 1.45E-14 1.04E-12 2.96E-11 3.11E-10 8.57E-10 1.32E-09 1.40E-09 1.37E-09
 1.33E-09 1.26E-09 1.15E-09 9.87E-10 8.25E-10 7.36E-10
 1.45E-14 1.04E-12 2.95E-11 3.10E-10 8.51E-10 1.31E-09 1.38E-09 1.36E-09
 1.32E-09 1.25E-09 1.14E-09 9.77E-10 8.17E-10 7.30E-10
 1.44E-14 1.04E-12 2.93E-11 3.05E-10 8.25E-10 1.25E-09 1.32E-09 1.30E-09
 1.26E-09 1.19E-09 1.10E-09 9.47E-10 7.97E-10 7.13E-10
  237.175    7  14 /pl=01:ss=14:pb= 1:sz=14/type=excit/ispb = t/isel =   11
 1.00E+10 1.00E+11 1.00E+12 1.00E+13 1.00E+14 1.00E+15 1.00E+16
 3.88E+00 5.82E+00 9.69E+00 1.94E+01 3.88E+01 9.69E+01 1.94E+02 2.91E+02
 3.88E+02 5.82E+02 9.69E+02 1.94E+03 3.88E+03 5.82E+03
 1.04E-15 7.95E-14 2.88E-12 4.56E-11 1.44E-10 2.35E-10 2.52E-10 2.48E-10
 2.42E-10 2.29E-10 2.08E-10 1.78E-10 1.47E-10 1.30E-10
 1.67E-15 1.33E-13 4.61E-12 4.99E-11 1.34E-10 2.07E-10 2.20E-10 2.15E-10
 2.10E-10 1.99E-10 1.82E-10 1.56E-10 1.32E-10 1.18E-10
 2.47E-15 1.74E-13 4.67E-12 4.62E-11 1.26E-10 1.96E-10 2.07E-10 2.03E-10
 1.98E-10 1.87E-10 1.70E-10 1.45E-10 1.21E-10 1.08E-10
 2.51E-15 1.69E-13 4.49E-12 4.55E-11 1.24E-10 1.90E-10 2.01E-10 1.96E-10
 1.91E-10 1.80E-10 1.64E-10 1.41E-10 1.18E-10 1.05E-10
 2.48E-15 1.66E-13 4.46E-12 4.53E-11 1.22E-10 1.85E-10 1.95E-10 1.90E-10
 1.85E-10 1.75E-10 1.59E-10 1.36E-10 1.14E-10 1.02E-10
 2.48E-15 1.66E-13 4.46E-12 4.52E-11 1.21E-10 1.84E-10 1.93E-10 1.88E-10
 1.83E-10 1.73E-10 1.58E-10 1.35E-10 1.13E-10 1.01E-10
 2.47E-15 1.65E-13 4.43E-12 4.44E-11 1.17E-10 1.76E-10 1.84E-10 1.80E-10
 1.75E-10 1.66E-10 1.52E-10 1.31E-10 1.10E-10 9.85E-11
  237.890    7  14 /pl=01:ss=14:pb= 1:sz=14/type=excit/ispb = t/isel =   12
 1.00E+10 1.00E+11 1.00E+12 1.00E+13 1.00E+14 1.00E+15 1.00E+16
 3.88E+00 5.82E+00 9.69E+00 1.94E+01 3.88E+01 9.69E+01 1.94E+02 2.91E+02
 3.88E+02 5.82E+02 9.69E+02 1.94E+03 3.88E+03 5.82E+03
 1.90E-17 2.24E-15 1.82E-13 9.91E-12 6.71E-11 1.71E-10 2.05E-10 2.04E-10
 1.98E-10 1.82E-10 1.56E-10 1.20E-10 8.70E-11 7.04E-11
 2.58E-16 3.06E-14 1.93E-12 4.64E-11 1.84E-10 3.54E-10 3.99E-10 3.97E-10
 3.89E-10 3.68E-10 3.32E-10 2.79E-10 2.26E-10 1.96E-10
 1.41E-15 1.45E-13 5.20E-12 6.60E-11 2.16E-10 3.88E-10 4.33E-10 4.31E-10
 4.23E-10 4.02E-10 3.66E-10 3.13E-10 2.60E-10 2.30E-10
 2.07E-15 1.98E-13 6.06E-12 6.86E-11 2.19E-10 3.89E-10 4.32E-10 4.30E-10
 4.22E-10 4.01E-10 3.66E-10 3.14E-10 2.62E-10 2.33E-10
 2.17E-15 2.05E-13 6.16E-12 6.88E-11 2.18E-10 3.85E-10 4.28E-10 4.26E-10
 4.18E-10 3.98E-10 3.64E-10 3.12E-10 2.60E-10 2.32E-10
 2.18E-15 2.06E-13 6.17E-12 6.87E-11 2.17E-10 3.83E-10 4.25E-10 4.23E-10
 4.15E-10 3.95E-10 3.61E-10 3.11E-10 2.59E-10 2.31E-10
 2.17E-15 2.05E-13 6.15E-12 6.80E-11 2.11E-10 3.66E-10 4.05E-10 4.03E-10
 3.97E-10 3.79E-10 3.48E-10 3.01E-10 2.53E-10 2.26E-10
  240.065    7  14 /pl=01:ss=14:pb= 1:sz=14/type=excit/ispb = t/isel =   13
 1.00E+10 1.00E+11 1.00E+12 1.00E+13 1.00E+14 1.00E+15 1.00E+16
 3.88E+00 5.82E+00 9.69E+00 1.94E+01 3.88E+01 9.69E+01 1.94E+02 2.91E+02
 3.88E+02 5.82E+02 9.69E+02 1.94E+03 3.88E+03 5.82E+03
 1.16E-17 1.38E-15 1.35E-13 9.07E-12 7.85E-11 2.47E-10 3.08E-10 3.06E-10
 2.93E-10 2.64E-10 2.18E-10 1.59E-10 1.09E-10 8.55E-11
 1.12E-16 1.32E-14 1.24E-12 6.27E-11 3.48E-10 8.05E-10 9.39E-10 9.32E-10
 9.06E-10 8.40E-10 7.36E-10 5.90E-10 4.51E-10 3.79E-10
 9.44E-16 1.04E-13 6.38E-12 1.29E-10 5.04E-10 1.02E-09 1.17E-09 1.16E-09
 1.13E-09 1.06E-09 9.52E-10 7.95E-10 6.42E-10 5.63E-10
 3.19E-15 3.07E-13 1.01E-11 1.44E-10 5.26E-10 1.05E-09 1.19E-09 1.18E-09
 1.16E-09 1.09E-09 9.78E-10 8.23E-10 6.70E-10 5.91E-10
 4.12E-15 3.76E-13 1.07E-11 1.45E-10 5.28E-10 1.05E-09 1.19E-09 1.18E-09
 1.15E-09 1.09E-09 9.79E-10 8.24E-10 6.73E-10 5.94E-10
 4.24E-15 3.84E-13 1.07E-11 1.45E-10 5.27E-10 1.04E-09 1.18E-09 1.17E-09
 1.15E-09 1.08E-09 9.74E-10 8.21E-10 6.71E-10 5.92E-10
 4.23E-15 3.84E-13 1.07E-11 1.43E-10 5.09E-10 9.86E-10 1.11E-09 1.11E-09
 1.09E-09 1.03E-09 9.31E-10 7.92E-10 6.51E-10 5.77E-10
  240.741    7  14 /pl=01:ss=14:pb= 1:sz=14/type=excit/ispb = t/isel =   14
 1.00E+10 1.00E+11 1.00E+12 1.00E+13 1.00E+14 1.00E+15 1.00E+16
 3.88E+00 5.82E+00 9.69E+00 1.94E+01 3.88E+01 9.69E+01 1.94E+02 2.91E+02
 3.88E+02 5.82E+02 9.69E+02 1.94E+03 3.88E+03 5.82E+03
 7.63E-17 8.67E-15 4.06E-13 1.09E-11 6.63E-11 1.78E-10 2.17E-10 2.16E-10
 2.07E-10 1.89E-10 1.60E-10 1.21E-10 8.76E-11 7.13E-11
 1.30E-16 1.50E-14 1.12E-12 4.31E-11 2.16E-10 4.75E-10 5.51E-10 5.48E-10
 5.31E-10 4.96E-10 4.38E-10 3.54E-10 2.75E-10 2.34E-10
 6.08E-16 6.83E-14 4.12E-12 7.88E-11 2.95E-10 5.84E-10 6.66E-10 6.63E-10
 6.45E-10 6.08E-10 5.48E-10 4.59E-10 3.73E-10 3.28E-10
 1.89E-15 1.83E-13 6.13E-12 8.62E-11 3.07E-10 5.97E-10 6.78E-10 6.75E-10
 6.56E-10 6.21E-10 5.61E-10 4.72E-10 3.87E-10 3.42E-10
 2.41E-15 2.20E-13 6.45E-12 8.71E-11 3.08E-10 5.96E-10 6.77E-10 6.74E-10
 6.55E-10 6.20E-10 5.61E-10 4.73E-10 3.89E-10 3.43E-10
 2.48E-15 2.25E-13 6.49E-12 8.71E-11 3.07E-10 5.92E-10 6.72E-10 6.69E-10
 6.51E-10 6.17E-10 5.58E-10 4.71E-10 3.88E-10 3.42E-10
 2.48E-15 2.25E-13 6.48E-12 8.58E-11 2.97E-10 5.63E-10 6.36E-10 6.34E-10
 6.18E-10 5.87E-10 5.34E-10 4.55E-10 3.77E-10 3.34E-10
  240.901    7  14 /pl=01:ss=14:pb= 1:sz=14/type=excit/ispb = t/isel =   15
 1.00E+10 1.00E+11 1.00E+12 1.00E+13 1.00E+14 1.00E+15 1.00E+16
 3.88E+00 5.82E+00 9.69E+00 1.94E+01 3.88E+01 9.69E+01 1.94E+02 2.91E+02
 3.88E+02 5.82E+02 9.69E+02 1.94E+03 3.88E+03 5.82E+03
 6.10E-16 5.62E-14 2.08E-12 3.21E-11 1.15E-10 2.08E-10 2.30E-10 2.27E-10
 2.21E-10 2.08E-10 1.87E-10 1.57E-10 1.27E-10 1.11E-10
 7.36E-16 6.93E-14 2.88E-12 4.49E-11 1.45E-10 2.46E-10 2.68E-10 2.65E-10
 2.58E-10 2.44E-10 2.22E-10 1.89E-10 1.57E-10 1.39E-10
 1.13E-15 1.03E-13 3.97E-12 5.00E-11 1.51E-10 2.50E-10 2.71E-10 2.68E-10
 2.61E-10 2.48E-10 2.26E-10 1.93E-10 1.61E-10 1.43E-10
 1.65E-15 1.38E-13 4.33E-12 5.06E-11 1.50E-10 2.47E-10 2.66E-10 2.63E-10
 2.56E-10 2.43E-10 2.22E-10 1.90E-10 1.59E-10 1.41E-10
 1.82E-15 1.46E-13 4.37E-12 5.06E-11 1.49E-10 2.42E-10 2.61E-10 2.57E-10
 2.51E-10 2.38E-10 2.17E-10 1.87E-10 1.56E-10 1.39E-10
 1.84E-15 1.47E-13 4.37E-12 5.05E-11 1.48E-10 2.40E-10 2.58E-10 2.55E-10
 2.48E-10 2.36E-10 2.15E-10 1.85E-10 1.55E-10 1.38E-10
 1.83E-15 1.46E-13 4.36E-12 4.97E-11 1.44E-10 2.30E-10 2.47E-10 2.43E-10
 2.38E-10 2.26E-10 2.08E-10 1.80E-10 1.51E-10 1.35E-10
  241.056    7  14 /pl=01:ss=14:pb= 1:sz=14/type=excit/ispb = t/isel =   16
 1.00E+10 1.00E+11 1.00E+12 1.00E+13 1.00E+14 1.00E+15 1.00E+16
 3.88E+00 5.82E+00 9.69E+00 1.94E+01 3.88E+01 9.69E+01 1.94E+02 2.91E+02
 3.88E+02 5.82E+02 9.69E+02 1.94E+03 3.88E+03 5.82E+03
 4.00E-15 3.05E-13 1.11E-11 1.75E-10 5.51E-10 9.02E-10 9.68E-10 9.52E-10
 9.28E-10 8.79E-10 8.00E-10 6.82E-10 5.66E-10 5.00E-10
 6.42E-15 5.10E-13 1.77E-11 1.91E-10 5.14E-10 7.95E-10 8.43E-10 8.27E-10
 8.06E-10 7.64E-10 6.97E-10 6.00E-10 5.06E-10 4.52E-10
 9.47E-15 6.69E-13 1.79E-11 1.78E-10 4.82E-10 7.51E-10 7.97E-10 7.81E-10
 7.60E-10 7.18E-10 6.53E-10 5.58E-10 4.66E-10 4.14E-10
 9.63E-15 6.49E-13 1.72E-11 1.75E-10 4.74E-10 7.30E-10 7.70E-10 7.54E-10
 7.33E-10 6.93E-10 6.31E-10 5.40E-10 4.52E-10 4.02E-10
 9.54E-15 6.39E-13 1.71E-11 1.74E-10 4.68E-10 7.12E-10 7.48E-10 7.31E-10
 7.11E-10 6.71E-10 6.11E-10 5.24E-10 4.39E-10 3.91E-10
 9.52E-15 6.38E-13 1.71E-11 1.73E-10 4.65E-10 7.05E-10 7.40E-10 7.23E-10
 7.03E-10 6.64E-10 6.05E-10 5.19E-10 4.35E-10 3.87E-10
 9.48E-15 6.35E-13 1.70E-11 1.70E-10 4.50E-10 6.74E-10 7.06E-10 6.90E-10
 6.72E-10 6.37E-10 5.83E-10 5.03E-10 4.24E-10 3.78E-10
  242.169    7  14 /pl=01:ss=14:pb= 1:sz=14/type=excit/ispb = t/isel =   17
 1.00E+10 1.00E+11 1.00E+12 1.00E+13 1.00E+14 1.00E+15 1.00E+16
 3.88E+00 5.82E+00 9.69E+00 1.94E+01 3.88E+01 9.69E+01 1.94E+02 2.91E+02
 3.88E+02 5.82E+02 9.69E+02 1.94E+03 3.88E+03 5.82E+03
 9.56E-18 1.12E-15 8.42E-14 4.90E-12 3.54E-11 9.36E-11 1.13E-10 1.13E-10
 1.09E-10 9.93E-11 8.45E-11 6.37E-11 4.53E-11 3.62E-11
 1.19E-16 1.48E-14 9.90E-13 2.66E-11 1.11E-10 2.20E-10 2.50E-10 2.50E-10
 2.44E-10 2.30E-10 2.07E-10 1.73E-10 1.38E-10 1.20E-10
 6.32E-16 7.17E-14 2.90E-12 4.00E-11 1.35E-10 2.48E-10 2.79E-10 2.78E-10
 2.72E-10 2.59E-10 2.36E-10 2.01E-10 1.66E-10 1.47E-10
 9.53E-16 1.02E-13 3.46E-12 4.19E-11 1.37E-10 2.49E-10 2.79E-10 2.78E-10
 2.73E-10 2.59E-10 2.37E-10 2.03E-10 1.69E-10 1.50E-10
 1.01E-15 1.06E-13 3.52E-12 4.21E-11 1.37E-10 2.47E-10 2.76E-10 2.76E-10
 2.70E-10 2.57E-10 2.35E-10 2.02E-10 1.68E-10 1.49E-10
 1.02E-15 1.07E-13 3.53E-12 4.20E-11 1.36E-10 2.45E-10 2.74E-10 2.74E-10
 2.69E-10 2.56E-10 2.34E-10 2.01E-10 1.67E-10 1.49E-10
 1.01E-15 1.06E-13 3.52E-12 4.15E-11 1.32E-10 2.35E-10 2.62E-10 2.62E-10
 2.57E-10 2.45E-10 2.26E-10 1.95E-10 1.63E-10 1.46E-10
  242.489    7  14 /pl=01:ss=14:pb= 1:sz=14/type=excit/ispb = t/isel =   18
 1.00E+10 1.00E+11 1.00E+12 1.00E+13 1.00E+14 1.00E+15 1.00E+16
 3.88E+00 5.82E+00 9.69E+00 1.94E+01 3.88E+01 9.69E+01 1.94E+02 2.91E+02
 3.88E+02 5.82E+02 9.69E+02 1.94E+03 3.88E+03 5.82E+03
 8.85E-15 5.82E-13 1.44E-11 1.23E-10 3.10E-10 4.74E-10 5.03E-10 4.94E-10
 4.81E-10 4.56E-10 4.18E-10 3.61E-10 3.07E-10 2.77E-10
 7.98E-15 5.05E-13 1.15E-11 9.76E-11 2.54E-10 3.97E-10 4.24E-10 4.16E-10
 4.04E-10 3.81E-10 3.45E-10 2.94E-10 2.46E-10 2.20E-10
 6.64E-15 4.11E-13 9.73E-12 8.96E-11 2.41E-10 3.82E-10 4.08E-10 4.00E-10
 3.88E-10 3.66E-10 3.30E-10 2.80E-10 2.31E-10 2.06E-10
 6.35E-15 3.86E-13 9.37E-12 8.84E-11 2.38E-10 3.75E-10 4.00E-10 3.92E-10
 3.80E-10 3.58E-10 3.24E-10 2.74E-10 2.27E-10 2.02E-10
 6.34E-15 3.82E-13 9.33E-12 8.82E-11 2.36E-10 3.69E-10 3.93E-10 3.84E-10
 3.73E-10 3.51E-10 3.18E-10 2.69E-10 2.23E-10 1.99E-10
 6.35E-15 3.82E-13 9.32E-12 8.80E-11 2.35E-10 3.67E-10 3.90E-10 3.81E-10
 3.70E-10 3.48E-10 3.15E-10 2.68E-10 2.22E-10 1.98E-10
 6.41E-15 3.84E-13 9.31E-12 8.70E-11 2.29E-10 3.54E-10 3.75E-10 3.67E-10
 3.57E-10 3.37E-10 3.06E-10 2.61E-10 2.18E-10 1.94E-10
  243.594    7  14 /pl=01:ss=14:pb= 1:sz=14/type=excit/ispb = t/isel =   19
 1.00E+10 1.00E+11 1.00E+12 1.00E+13 1.00E+14 1.00E+15 1.00E+16
 3.88E+00 5.82E+00 9.69E+00 1.94E+01 3.88E+01 9.69E+01 1.94E+02 2.91E+02
 3.88E+02 5.82E+02 9.69E+02 1.94E+03 3.88E+03 5.82E+03
 2.14E-14 1.39E-12 3.58E-11 3.47E-10 9.10E-10 1.39E-09 1.46E-09 1.43E-09
 1.39E-09 1.33E-09 1.21E-09 1.05E-09 8.86E-10 7.94E-10
 2.15E-14 1.38E-12 3.42E-11 3.01E-10 7.55E-10 1.13E-09 1.19E-09 1.16E-09
 1.13E-09 1.07E-09 9.74E-10 8.41E-10 7.08E-10 6.36E-10
 2.09E-14 1.29E-12 3.01E-11 2.69E-10 6.97E-10 1.06E-09 1.11E-09 1.08E-09
 1.05E-09 9.94E-10 9.02E-10 7.72E-10 6.42E-10 5.72E-10
 1.94E-14 1.17E-12 2.83E-11 2.64E-10 6.85E-10 1.03E-09 1.08E-09 1.05E-09
 1.02E-09 9.64E-10 8.75E-10 7.49E-10 6.24E-10 5.56E-10
 1.89E-14 1.14E-12 2.81E-11 2.63E-10 6.77E-10 1.01E-09 1.05E-09 1.02E-09
 9.93E-10 9.39E-10 8.53E-10 7.31E-10 6.10E-10 5.43E-10
 1.89E-14 1.14E-12 2.80E-11 2.62E-10 6.73E-10 1.00E-09 1.04E-09 1.01E-09
 9.84E-10 9.30E-10 8.45E-10 7.25E-10 6.05E-10 5.39E-10
 1.88E-14 1.13E-12 2.78E-11 2.57E-10 6.52E-10 9.57E-10 9.95E-10 9.70E-10
 9.43E-10 8.94E-10 8.16E-10 7.04E-10 5.90E-10 5.27E-10
  245.490    7  14 /pl=01:ss=14:pb= 1:sz=14/type=excit/ispb = t/isel =   20
 1.00E+10 1.00E+11 1.00E+12 1.00E+13 1.00E+14 1.00E+15 1.00E+16
 3.88E+00 5.82E+00 9.69E+00 1.94E+01 3.88E+01 9.69E+01 1.94E+02 2.91E+02
 3.88E+02 5.82E+02 9.69E+02 1.94E+03 3.88E+03 5.82E+03
 7.52E-15 6.28E-13 1.87E-11 1.84E-10 5.02E-10 7.95E-10 8.51E-10 8.39E-10
 8.18E-10 7.77E-10 7.14E-10 6.20E-10 5.25E-10 4.73E-10
 6.68E-15 5.36E-13 1.49E-11 1.57E-10 4.40E-10 6.98E-10 7.45E-10 7.33E-10
 7.13E-10 6.76E-10 6.18E-10 5.33E-10 4.47E-10 4.00E-10
 5.60E-15 4.48E-13 1.37E-11 1.48E-10 4.21E-10 6.71E-10 7.15E-10 7.03E-10
 6.84E-10 6.47E-10 5.90E-10 5.06E-10 4.22E-10 3.76E-10
 5.81E-15 4.51E-13 1.35E-11 1.47E-10 4.17E-10 6.57E-10 6.98E-10 6.85E-10
 6.66E-10 6.30E-10 5.75E-10 4.94E-10 4.13E-10 3.68E-10
 5.94E-15 4.53E-13 1.34E-11 1.47E-10 4.12E-10 6.44E-10 6.82E-10 6.69E-10
 6.51E-10 6.15E-10 5.62E-10 4.84E-10 4.04E-10 3.60E-10
 5.95E-15 4.53E-13 1.34E-11 1.46E-10 4.10E-10 6.39E-10 6.76E-10 6.63E-10
 6.45E-10 6.10E-10 5.57E-10 4.80E-10 4.01E-10 3.58E-10
 5.93E-15 4.52E-13 1.33E-11 1.44E-10 3.98E-10 6.12E-10 6.46E-10 6.35E-10
 6.18E-10 5.86E-10 5.38E-10 4.66E-10 3.92E-10 3.50E-10
  246.094    7  14 /pl=01:ss=14:pb= 1:sz=14/type=excit/ispb = t/isel =   21
 1.00E+10 1.00E+11 1.00E+12 1.00E+13 1.00E+14 1.00E+15 1.00E+16
 3.88E+00 5.82E+00 9.69E+00 1.94E+01 3.88E+01 9.69E+01 1.94E+02 2.91E+02
 3.88E+02 5.82E+02 9.69E+02 1.94E+03 3.88E+03 5.82E+03
 1.32E-15 8.65E-14 2.97E-12 4.68E-11 1.46E-10 2.38E-10 2.55E-10 2.50E-10
 2.43E-10 2.30E-10 2.08E-10 1.77E-10 1.45E-10 1.28E-10
 2.40E-15 1.66E-13 5.34E-12 5.53E-11 1.45E-10 2.22E-10 2.34E-10 2.30E-10
 2.23E-10 2.11E-10 1.93E-10 1.65E-10 1.39E-10 1.24E-10
 3.90E-15 2.37E-13 5.80E-12 5.32E-11 1.39E-10 2.12E-10 2.24E-10 2.20E-10
 2.13E-10 2.02E-10 1.83E-10 1.56E-10 1.30E-10 1.16E-10
 4.27E-15 2.45E-13 5.72E-12 5.26E-11 1.37E-10 2.07E-10 2.18E-10 2.13E-10
 2.06E-10 1.95E-10 1.77E-10 1.52E-10 1.27E-10 1.13E-10
 4.33E-15 2.45E-13 5.70E-12 5.24E-11 1.35E-10 2.02E-10 2.11E-10 2.06E-10
 2.00E-10 1.89E-10 1.72E-10 1.48E-10 1.23E-10 1.10E-10
 4.34E-15 2.45E-13 5.69E-12 5.22E-11 1.34E-10 2.00E-10 2.09E-10 2.04E-10
 1.98E-10 1.87E-10 1.70E-10 1.46E-10 1.22E-10 1.09E-10
 4.32E-15 2.44E-13 5.66E-12 5.14E-11 1.30E-10 1.92E-10 2.00E-10 1.96E-10
 1.90E-10 1.80E-10 1.65E-10 1.42E-10 1.19E-10 1.07E-10
  247.690    7  14 /pl=01:ss=14:pb= 1:sz=14/type=excit/ispb = t/isel =   22
 1.00E+10 1.00E+11 1.00E+12 1.00E+13 1.00E+14 1.00E+15 1.00E+16
 3.88E+00 5.82E+00 9.69E+00 1.94E+01 3.88E+01 9.69E+01 1.94E+02 2.91E+02
 3.88E+02 5.82E+02 9.69E+02 1.94E+03 3.88E+03 5.82E+03
 1.25E-14 8.14E-13 2.09E-11 2.03E-10 5.32E-10 8.10E-10 8.53E-10 8.36E-10
 8.14E-10 7.75E-10 7.09E-10 6.14E-10 5.18E-10 4.64E-10
 1.26E-14 8.09E-13 2.00E-11 1.76E-10 4.41E-10 6.61E-10 6.93E-10 6.77E-10
 6.59E-10 6.25E-10 5.70E-10 4.91E-10 4.14E-10 3.71E-10
 1.22E-14 7.54E-13 1.76E-11 1.57E-10 4.07E-10 6.18E-10 6.49E-10 6.33E-10
 6.15E-10 5.81E-10 5.27E-10 4.51E-10 3.75E-10 3.34E-10
 1.14E-14 6.85E-13 1.66E-11 1.54E-10 4.00E-10 6.02E-10 6.30E-10 6.14E-10
 5.96E-10 5.63E-10 5.11E-10 4.38E-10 3.65E-10 3.25E-10
 1.11E-14 6.66E-13 1.64E-11 1.53E-10 3.96E-10 5.90E-10 6.15E-10 5.98E-10
 5.81E-10 5.49E-10 4.99E-10 4.27E-10 3.56E-10 3.17E-10
 1.10E-14 6.64E-13 1.64E-11 1.53E-10 3.93E-10 5.84E-10 6.09E-10 5.92E-10
 5.75E-10 5.44E-10 4.94E-10 4.24E-10 3.54E-10 3.15E-10
 1.10E-14 6.61E-13 1.63E-11 1.50E-10 3.81E-10 5.60E-10 5.82E-10 5.67E-10
 5.51E-10 5.23E-10 4.77E-10 4.11E-10 3.45E-10 3.08E-10
  249.433    7  14 /pl=01:ss=14:pb= 1:sz=14/type=excit/ispb = t/isel =   23
 1.00E+10 1.00E+11 1.00E+12 1.00E+13 1.00E+14 1.00E+15 1.00E+16
 3.88E+00 5.82E+00 9.69E+00 1.94E+01 3.88E+01 9.69E+01 1.94E+02 2.91E+02
 3.88E+02 5.82E+02 9.69E+02 1.94E+03 3.88E+03 5.82E+03
 8.19E-14 4.77E-12 1.06E-10 8.25E-10 1.96E-09 2.87E-09 3.00E-09 2.94E-09
 2.87E-09 2.72E-09 2.50E-09 2.18E-09 1.86E-09 1.68E-09
 7.28E-14 4.07E-12 8.22E-11 6.27E-10 1.51E-09 2.22E-09 2.32E-09 2.26E-09
 2.20E-09 2.07E-09 1.89E-09 1.63E-09 1.38E-09 1.23E-09
 5.78E-14 3.17E-12 6.64E-11 5.48E-10 1.38E-09 2.06E-09 2.15E-09 2.10E-09
 2.04E-09 1.91E-09 1.74E-09 1.48E-09 1.23E-09 1.10E-09
 5.09E-14 2.77E-12 6.18E-11 5.35E-10 1.35E-09 2.01E-09 2.09E-09 2.03E-09
 1.97E-09 1.85E-09 1.68E-09 1.44E-09 1.20E-09 1.07E-09
 4.91E-14 2.68E-12 6.11E-11 5.33E-10 1.34E-09 1.96E-09 2.04E-09 1.99E-09
 1.92E-09 1.81E-09 1.64E-09 1.41E-09 1.17E-09 1.04E-09
 4.89E-14 2.67E-12 6.10E-11 5.31E-10 1.33E-09 1.95E-09 2.02E-09 1.97E-09
 1.91E-09 1.79E-09 1.63E-09 1.39E-09 1.16E-09 1.03E-09
 4.87E-14 2.65E-12 6.06E-11 5.23E-10 1.29E-09 1.87E-09 1.93E-09 1.88E-09
 1.83E-09 1.72E-09 1.57E-09 1.35E-09 1.14E-09 1.01E-09
  250.275    7  14 /pl=01:ss=14:pb= 1:sz=14/type=excit/ispb = t/isel =   24
 1.00E+10 1.00E+11 1.00E+12 1.00E+13 1.00E+14 1.00E+15 1.00E+16
 3.88E+00 5.82E+00 9.69E+00 1.94E+01 3.88E+01 9.69E+01 1.94E+02 2.91E+02
 3.88E+02 5.82E+02 9.69E+02 1.94E+03 3.88E+03 5.82E+03
 6.40E-15 4.21E-13 1.44E-11 2.28E-10 7.12E-10 1.16E-09 1.24E-09 1.22E-09
 1.18E-09 1.12E-09 1.01E-09 8.60E-10 7.08E-10 6.22E-10
 1.17E-14 8.06E-13 2.60E-11 2.69E-10 7.07E-10 1.08E-09 1.14E-09 1.12E-09
 1.09E-09 1.03E-09 9.37E-10 8.04E-10 6.75E-10 6.02E-10
 1.90E-14 1.15E-12 2.82E-11 2.59E-10 6.77E-10 1.03E-09 1.09E-09 1.07E-09
 1.04E-09 9.81E-10 8.91E-10 7.61E-10 6.34E-10 5.64E-10
 2.08E-14 1.19E-12 2.78E-11 2.56E-10 6.67E-10 1.01E-09 1.06E-09 1.03E-09
 1.00E-09 9.50E-10 8.63E-10 7.39E-10 6.17E-10 5.49E-10
 2.11E-14 1.19E-12 2.77E-11 2.55E-10 6.59E-10 9.84E-10 1.03E-09 1.00E-09
 9.75E-10 9.22E-10 8.38E-10 7.18E-10 6.01E-10 5.35E-10
 2.11E-14 1.19E-12 2.77E-11 2.54E-10 6.54E-10 9.74E-10 1.02E-09 9.94E-10
 9.65E-10 9.12E-10 8.30E-10 7.11E-10 5.95E-10 5.30E-10
 2.11E-14 1.19E-12 2.76E-11 2.50E-10 6.35E-10 9.33E-10 9.74E-10 9.52E-10
 9.25E-10 8.77E-10 8.01E-10 6.91E-10 5.81E-10 5.19E-10
  251.355    7  14 /pl=01:ss=14:pb= 1:sz=14/type=excit/ispb = t/isel =   25
 1.00E+10 1.00E+11 1.00E+12 1.00E+13 1.00E+14 1.00E+15 1.00E+16
 3.88E+00 5.82E+00 9.69E+00 1.94E+01 3.88E+01 9.69E+01 1.94E+02 2.91E+02
 3.88E+02 5.82E+02 9.69E+02 1.94E+03 3.88E+03 5.82E+03
 1.27E-16 1.49E-14 1.14E-12 3.56E-11 1.54E-10 3.09E-10 3.50E-10 3.48E-10
 3.38E-10 3.16E-10 2.81E-10 2.30E-10 1.81E-10 1.54E-10
 6.28E-16 7.22E-14 3.98E-12 7.02E-11 2.43E-10 4.39E-10 4.87E-10 4.83E-10
 4.72E-10 4.47E-10 4.05E-10 3.43E-10 2.81E-10 2.46E-10
 1.98E-15 1.94E-13 6.87E-12 8.49E-11 2.65E-10 4.62E-10 5.09E-10 5.05E-10
 4.94E-10 4.69E-10 4.28E-10 3.65E-10 3.04E-10 2.69E-10
 2.63E-15 2.41E-13 7.56E-12 8.67E-11 2.67E-10 4.58E-10 5.04E-10 4.99E-10
 4.88E-10 4.63E-10 4.24E-10 3.63E-10 3.04E-10 2.70E-10
 2.73E-15 2.47E-13 7.63E-12 8.68E-11 2.65E-10 4.52E-10 4.96E-10 4.91E-10
 4.80E-10 4.56E-10 4.17E-10 3.58E-10 3.00E-10 2.66E-10
 2.74E-15 2.48E-13 7.64E-12 8.66E-11 2.63E-10 4.48E-10 4.92E-10 4.87E-10
 4.77E-10 4.53E-10 4.14E-10 3.56E-10 2.98E-10 2.65E-10
 2.73E-15 2.47E-13 7.61E-12 8.55E-11 2.56E-10 4.29E-10 4.69E-10 4.65E-10
 4.56E-10 4.34E-10 3.99E-10 3.45E-10 2.91E-10 2.59E-10
  263.930    7  14 /pl=01:ss=14:pb= 1:sz=14/type=excit/ispb = t/isel =   26
 1.00E+10 1.00E+11 1.00E+12 1.00E+13 1.00E+14 1.00E+15 1.00E+16
 3.88E+00 5.82E+00 9.69E+00 1.94E+01 3.88E+01 9.69E+01 1.94E+02 2.91E+02
 3.88E+02 5.82E+02 9.69E+02 1.94E+03 3.88E+03 5.82E+03
 9.78E-16 6.43E-14 2.20E-12 3.48E-11 1.09E-10 1.77E-10 1.89E-10 1.86E-10
 1.81E-10 1.71E-10 1.55E-10 1.31E-10 1.08E-10 9.50E-11
 1.79E-15 1.23E-13 3.97E-12 4.11E-11 1.08E-10 1.65E-10 1.74E-10 1.71E-10
 1.66E-10 1.57E-10 1.43E-10 1.23E-10 1.03E-10 9.19E-11
 2.90E-15 1.76E-13 4.31E-12 3.95E-11 1.03E-10 1.58E-10 1.67E-10 1.63E-10
 1.59E-10 1.50E-10 1.36E-10 1.16E-10 9.69E-11 8.61E-11
 3.18E-15 1.82E-13 4.25E-12 3.91E-11 1.02E-10 1.54E-10 1.62E-10 1.58E-10
 1.53E-10 1.45E-10 1.32E-10 1.13E-10 9.42E-11 8.38E-11
 3.22E-15 1.82E-13 4.24E-12 3.89E-11 1.01E-10 1.50E-10 1.57E-10 1.53E-10
 1.49E-10 1.41E-10 1.28E-10 1.10E-10 9.17E-11 8.16E-11
 3.22E-15 1.82E-13 4.23E-12 3.88E-11 9.99E-11 1.49E-10 1.56E-10 1.52E-10
 1.47E-10 1.39E-10 1.27E-10 1.09E-10 9.09E-11 8.09E-11
 3.21E-15 1.81E-13 4.21E-12 3.82E-11 9.70E-11 1.43E-10 1.49E-10 1.45E-10
 1.41E-10 1.34E-10 1.22E-10 1.06E-10 8.87E-11 7.92E-11
  285.299    7  14 /pl=01:ss=14:pb= 1:sz=14/type=excit/ispb = t/isel =   27
 1.00E+10 1.00E+11 1.00E+12 1.00E+13 1.00E+14 1.00E+15 1.00E+16
 3.88E+00 5.82E+00 9.69E+00 1.94E+01 3.88E+01 9.69E+01 1.94E+02 2.91E+02
 3.88E+02 5.82E+02 9.69E+02 1.94E+03 3.88E+03 5.82E+03
 1.50E-14 5.19E-13 8.48E-12 6.44E-11 1.56E-10 2.35E-10 2.47E-10 2.41E-10
 2.33E-10 2.17E-10 1.95E-10 1.64E-10 1.34E-10 1.18E-10
 1.76E-14 6.11E-13 1.01E-11 6.98E-11 1.59E-10 2.31E-10 2.40E-10 2.33E-10
 2.25E-10 2.11E-10 1.89E-10 1.60E-10 1.31E-10 1.16E-10
 2.33E-14 7.62E-13 1.11E-11 6.96E-11 1.56E-10 2.26E-10 2.35E-10 2.28E-10
 2.20E-10 2.05E-10 1.84E-10 1.55E-10 1.27E-10 1.12E-10
 2.53E-14 7.93E-13 1.11E-11 6.94E-11 1.55E-10 2.22E-10 2.30E-10 2.23E-10
 2.16E-10 2.01E-10 1.81E-10 1.53E-10 1.25E-10 1.11E-10
 2.55E-14 7.93E-13 1.11E-11 6.92E-11 1.53E-10 2.19E-10 2.26E-10 2.19E-10
 2.12E-10 1.98E-10 1.78E-10 1.50E-10 1.24E-10 1.09E-10
 2.55E-14 7.92E-13 1.11E-11 6.90E-11 1.52E-10 2.17E-10 2.24E-10 2.18E-10
 2.10E-10 1.97E-10 1.77E-10 1.49E-10 1.23E-10 1.09E-10
 2.54E-14 7.88E-13 1.10E-11 6.79E-11 1.48E-10 2.09E-10 2.15E-10 2.09E-10
 2.02E-10 1.90E-10 1.72E-10 1.46E-10 1.20E-10 1.07E-10
  290.934    7  14 /pl=01:ss=14:pb= 1:sz=14/type=excit/ispb = t/isel =   28
 1.00E+10 1.00E+11 1.00E+12 1.00E+13 1.00E+14 1.00E+15 1.00E+16
 3.88E+00 5.82E+00 9.69E+00 1.94E+01 3.88E+01 9.69E+01 1.94E+02 2.91E+02
 3.88E+02 5.82E+02 9.69E+02 1.94E+03 3.88E+03 5.82E+03
 1.74E-14 6.01E-13 9.81E-12 7.45E-11 1.81E-10 2.72E-10 2.86E-10 2.78E-10
 2.69E-10 2.52E-10 2.26E-10 1.90E-10 1.55E-10 1.37E-10
 2.03E-14 7.07E-13 1.17E-11 8.08E-11 1.83E-10 2.67E-10 2.78E-10 2.70E-10
 2.60E-10 2.44E-10 2.19E-10 1.85E-10 1.52E-10 1.34E-10
 2.69E-14 8.81E-13 1.28E-11 8.06E-11 1.80E-10 2.61E-10 2.71E-10 2.64E-10
 2.54E-10 2.37E-10 2.13E-10 1.79E-10 1.47E-10 1.30E-10
 2.93E-14 9.18E-13 1.28E-11 8.02E-11 1.79E-10 2.57E-10 2.66E-10 2.58E-10
 2.49E-10 2.33E-10 2.09E-10 1.77E-10 1.45E-10 1.28E-10
 2.95E-14 9.17E-13 1.28E-11 8.01E-11 1.77E-10 2.53E-10 2.61E-10 2.54E-10
 2.45E-10 2.29E-10 2.06E-10 1.74E-10 1.43E-10 1.26E-10
 2.95E-14 9.16E-13 1.28E-11 7.99E-11 1.76E-10 2.51E-10 2.59E-10 2.52E-10
 2.43E-10 2.27E-10 2.05E-10 1.73E-10 1.42E-10 1.26E-10
 2.94E-14 9.12E-13 1.27E-11 7.86E-11 1.71E-10 2.41E-10 2.49E-10 2.42E-10
 2.34E-10 2.20E-10 1.98E-10 1.68E-10 1.39E-10 1.23E-10
  292.386    7  14 /pl=01:ss=14:pb= 1:sz=14/type=excit/ispb = t/isel =   29
 1.00E+10 1.00E+11 1.00E+12 1.00E+13 1.00E+14 1.00E+15 1.00E+16
 3.88E+00 5.82E+00 9.69E+00 1.94E+01 3.88E+01 9.69E+01 1.94E+02 2.91E+02
 3.88E+02 5.82E+02 9.69E+02 1.94E+03 3.88E+03 5.82E+03
 9.12E-16 5.12E-14 1.34E-12 2.29E-11 1.05E-10 2.28E-10 2.61E-10 2.58E-10
 2.47E-10 2.27E-10 1.94E-10 1.50E-10 1.10E-10 9.05E-11
 2.72E-15 1.57E-13 5.24E-12 8.26E-11 2.69E-10 4.63E-10 5.05E-10 4.98E-10
 4.82E-10 4.52E-10 4.04E-10 3.36E-10 2.70E-10 2.33E-10
 1.12E-14 6.01E-13 1.35E-11 1.19E-10 3.19E-10 5.14E-10 5.55E-10 5.47E-10
 5.31E-10 5.00E-10 4.52E-10 3.84E-10 3.17E-10 2.79E-10
 1.68E-14 8.47E-13 1.59E-11 1.24E-10 3.24E-10 5.16E-10 5.55E-10 5.47E-10
 5.32E-10 5.02E-10 4.55E-10 3.87E-10 3.21E-10 2.83E-10
 1.79E-14 8.86E-13 1.62E-11 1.25E-10 3.23E-10 5.12E-10 5.51E-10 5.43E-10
 5.28E-10 4.98E-10 4.52E-10 3.85E-10 3.20E-10 2.83E-10
 1.81E-14 8.89E-13 1.62E-11 1.25E-10 3.21E-10 5.09E-10 5.47E-10 5.40E-10
 5.25E-10 4.96E-10 4.50E-10 3.84E-10 3.19E-10 2.82E-10
 1.80E-14 8.86E-13 1.62E-11 1.23E-10 3.13E-10 4.89E-10 5.24E-10 5.17E-10
 5.04E-10 4.77E-10 4.35E-10 3.73E-10 3.12E-10 2.76E-10
  296.245    7  14 /pl=01:ss=14:pb= 1:sz=14/type=excit/ispb = t/isel =   30
 1.00E+10 1.00E+11 1.00E+12 1.00E+13 1.00E+14 1.00E+15 1.00E+16
 3.88E+00 5.82E+00 9.69E+00 1.94E+01 3.88E+01 9.69E+01 1.94E+02 2.91E+02
 3.88E+02 5.82E+02 9.69E+02 1.94E+03 3.88E+03 5.82E+03
 1.90E-14 7.60E-13 1.34E-11 1.16E-10 3.49E-10 5.99E-10 6.48E-10 6.33E-10
 6.09E-10 5.64E-10 4.96E-10 4.02E-10 3.15E-10 2.70E-10
 1.88E-14 7.45E-13 1.64E-11 1.95E-10 5.38E-10 8.38E-10 8.87E-10 8.67E-10
 8.37E-10 7.83E-10 7.01E-10 5.84E-10 4.72E-10 4.14E-10
 2.85E-14 1.19E-12 2.83E-11 2.41E-10 5.92E-10 8.87E-10 9.32E-10 9.11E-10
 8.80E-10 8.26E-10 7.43E-10 6.26E-10 5.14E-10 4.54E-10
 5.69E-14 2.05E-12 3.36E-11 2.48E-10 5.96E-10 8.81E-10 9.21E-10 8.98E-10
 8.68E-10 8.15E-10 7.35E-10 6.22E-10 5.12E-10 4.54E-10
 6.70E-14 2.28E-12 3.43E-11 2.49E-10 5.92E-10 8.66E-10 9.03E-10 8.81E-10
 8.51E-10 7.99E-10 7.21E-10 6.10E-10 5.04E-10 4.47E-10
 6.83E-14 2.30E-12 3.43E-11 2.48E-10 5.89E-10 8.60E-10 8.96E-10 8.73E-10
 8.44E-10 7.93E-10 7.16E-10 6.06E-10 5.00E-10 4.44E-10
 6.83E-14 2.31E-12 3.43E-11 2.45E-10 5.73E-10 8.28E-10 8.61E-10 8.41E-10
 8.13E-10 7.66E-10 6.94E-10 5.91E-10 4.90E-10 4.36E-10
  307.949    7  14 /pl=01:ss=14:pb= 1:sz=14/type=excit/ispb = t/isel =   31
 1.00E+10 1.00E+11 1.00E+12 1.00E+13 1.00E+14 1.00E+15 1.00E+16
 3.88E+00 5.82E+00 9.69E+00 1.94E+01 3.88E+01 9.69E+01 1.94E+02 2.91E+02
 3.88E+02 5.82E+02 9.69E+02 1.94E+03 3.88E+03 5.82E+03
 7.64E-13 1.98E-11 2.30E-10 1.09E-09 2.05E-09 2.62E-09 2.61E-09 2.52E-09
 2.43E-09 2.28E-09 2.08E-09 1.79E-09 1.52E-09 1.36E-09
 6.75E-13 1.67E-11 1.77E-10 8.46E-10 1.62E-09 2.08E-09 2.08E-09 2.00E-09
 1.92E-09 1.80E-09 1.62E-09 1.38E-09 1.16E-09 1.03E-09
 5.36E-13 1.31E-11 1.47E-10 7.56E-10 1.50E-09 1.95E-09 1.95E-09 1.87E-09
 1.80E-09 1.68E-09 1.51E-09 1.27E-09 1.05E-09 9.30E-10
 4.91E-13 1.19E-11 1.39E-10 7.41E-10 1.48E-09 1.91E-09 1.90E-09 1.82E-09
 1.75E-09 1.63E-09 1.46E-09 1.24E-09 1.02E-09 9.05E-10
 4.82E-13 1.16E-11 1.37E-10 7.38E-10 1.46E-09 1.87E-09 1.85E-09 1.78E-09
 1.71E-09 1.59E-09 1.43E-09 1.21E-09 1.00E-09 8.86E-10
 4.81E-13 1.16E-11 1.37E-10 7.36E-10 1.45E-09 1.85E-09 1.84E-09 1.76E-09
 1.69E-09 1.58E-09 1.42E-09 1.20E-09 9.93E-10 8.80E-10
 4.78E-13 1.15E-11 1.36E-10 7.24E-10 1.41E-09 1.78E-09 1.76E-09 1.69E-09
 1.63E-09 1.52E-09 1.38E-09 1.17E-09 9.73E-10 8.64E-10
  316.207    7  14 /pl=01:ss=14:pb= 1:sz=14/type=excit/ispb = t/isel =   32
 1.00E+10 1.00E+11 1.00E+12 1.00E+13 1.00E+14 1.00E+15 1.00E+16
 3.88E+00 5.82E+00 9.69E+00 1.94E+01 3.88E+01 9.69E+01 1.94E+02 2.91E+02
 3.88E+02 5.82E+02 9.69E+02 1.94E+03 3.88E+03 5.82E+03
 8.98E-15 2.24E-13 3.34E-12 2.79E-11 6.88E-11 1.07E-10 1.14E-10 1.11E-10
 1.07E-10 9.90E-11 8.77E-11 7.18E-11 5.73E-11 4.96E-11
 1.46E-14 3.80E-13 5.44E-12 3.10E-11 6.47E-11 9.45E-11 9.94E-11 9.66E-11
 9.28E-11 8.62E-11 7.65E-11 6.31E-11 5.10E-11 4.47E-11
 2.20E-14 5.09E-13 5.62E-12 2.90E-11 6.09E-11 8.95E-11 9.42E-11 9.14E-11
 8.77E-11 8.12E-11 7.18E-11 5.89E-11 4.72E-11 4.11E-11
 2.28E-14 5.00E-13 5.43E-12 2.86E-11 6.00E-11 8.73E-11 9.14E-11 8.86E-11
 8.51E-11 7.88E-11 6.97E-11 5.73E-11 4.60E-11 4.01E-11
 2.27E-14 4.95E-13 5.40E-12 2.85E-11 5.93E-11 8.54E-11 8.91E-11 8.63E-11
 8.28E-11 7.68E-11 6.80E-11 5.59E-11 4.49E-11 3.92E-11
 2.26E-14 4.93E-13 5.39E-12 2.83E-11 5.88E-11 8.45E-11 8.82E-11 8.54E-11
 8.20E-11 7.60E-11 6.73E-11 5.54E-11 4.45E-11 3.89E-11
 2.21E-14 4.83E-13 5.28E-12 2.75E-11 5.64E-11 7.99E-11 8.33E-11 8.08E-11
 7.77E-11 7.23E-11 6.44E-11 5.34E-11 4.32E-11 3.79E-11
  317.340    7  14 /pl=01:ss=14:pb= 1:sz=14/type=excit/ispb = t/isel =   33
 1.00E+10 1.00E+11 1.00E+12 1.00E+13 1.00E+14 1.00E+15 1.00E+16
 3.88E+00 5.82E+00 9.69E+00 1.94E+01 3.88E+01 9.69E+01 1.94E+02 2.91E+02
 3.88E+02 5.82E+02 9.69E+02 1.94E+03 3.88E+03 5.82E+03
 1.28E-13 3.00E-12 3.31E-11 1.62E-10 3.26E-10 4.66E-10 4.86E-10 4.72E-10
 4.54E-10 4.23E-10 3.77E-10 3.14E-10 2.56E-10 2.26E-10
 1.19E-13 2.72E-12 2.80E-11 1.32E-10 2.64E-10 3.76E-10 3.92E-10 3.80E-10
 3.65E-10 3.38E-10 3.00E-10 2.48E-10 2.01E-10 1.77E-10
 1.04E-13 2.30E-12 2.39E-11 1.18E-10 2.44E-10 3.52E-10 3.68E-10 3.56E-10
 3.42E-10 3.16E-10 2.79E-10 2.29E-10 1.83E-10 1.60E-10
 9.55E-14 2.08E-12 2.25E-11 1.16E-10 2.40E-10 3.45E-10 3.58E-10 3.47E-10
 3.33E-10 3.07E-10 2.71E-10 2.23E-10 1.79E-10 1.56E-10
 9.34E-14 2.03E-12 2.23E-11 1.15E-10 2.38E-10 3.38E-10 3.51E-10 3.39E-10
 3.25E-10 3.01E-10 2.66E-10 2.18E-10 1.75E-10 1.53E-10
 9.29E-14 2.02E-12 2.22E-11 1.15E-10 2.36E-10 3.35E-10 3.47E-10 3.36E-10
 3.22E-10 2.98E-10 2.63E-10 2.17E-10 1.74E-10 1.52E-10
 9.04E-14 1.97E-12 2.16E-11 1.11E-10 2.25E-10 3.15E-10 3.26E-10 3.16E-10
 3.04E-10 2.82E-10 2.51E-10 2.08E-10 1.68E-10 1.47E-10
  323.142    7  14 /pl=01:ss=14:pb= 1:sz=14/type=excit/ispb = t/isel =   34
 1.00E+10 1.00E+11 1.00E+12 1.00E+13 1.00E+14 1.00E+15 1.00E+16
 3.88E+00 5.82E+00 9.69E+00 1.94E+01 3.88E+01 9.69E+01 1.94E+02 2.91E+02
 3.88E+02 5.82E+02 9.69E+02 1.94E+03 3.88E+03 5.82E+03
 3.08E-14 7.67E-13 1.14E-11 9.58E-11 2.36E-10 3.67E-10 3.91E-10 3.81E-10
 3.66E-10 3.40E-10 3.01E-10 2.46E-10 1.96E-10 1.70E-10
 5.02E-14 1.30E-12 1.87E-11 1.06E-10 2.22E-10 3.24E-10 3.41E-10 3.31E-10
 3.18E-10 2.96E-10 2.62E-10 2.17E-10 1.75E-10 1.53E-10
 7.56E-14 1.75E-12 1.93E-11 9.95E-11 2.09E-10 3.07E-10 3.23E-10 3.13E-10
 3.01E-10 2.79E-10 2.46E-10 2.02E-10 1.62E-10 1.41E-10
 7.82E-14 1.72E-12 1.86E-11 9.80E-11 2.06E-10 2.99E-10 3.14E-10 3.04E-10
 2.92E-10 2.70E-10 2.39E-10 1.96E-10 1.58E-10 1.37E-10
 7.78E-14 1.70E-12 1.85E-11 9.76E-11 2.03E-10 2.93E-10 3.06E-10 2.96E-10
 2.84E-10 2.63E-10 2.33E-10 1.92E-10 1.54E-10 1.34E-10
 7.76E-14 1.69E-12 1.85E-11 9.72E-11 2.02E-10 2.90E-10 3.02E-10 2.93E-10
 2.81E-10 2.61E-10 2.31E-10 1.90E-10 1.53E-10 1.33E-10
 7.58E-14 1.66E-12 1.81E-11 9.45E-11 1.93E-10 2.74E-10 2.86E-10 2.77E-10
 2.67E-10 2.48E-10 2.21E-10 1.83E-10 1.48E-10 1.30E-10
  328.169    7  14 /pl=01:ss=14:pb= 1:sz=14/type=excit/ispb = t/isel =   35
 1.00E+10 1.00E+11 1.00E+12 1.00E+13 1.00E+14 1.00E+15 1.00E+16
 3.88E+00 5.82E+00 9.69E+00 1.94E+01 3.88E+01 9.69E+01 1.94E+02 2.91E+02
 3.88E+02 5.82E+02 9.69E+02 1.94E+03 3.88E+03 5.82E+03
 1.14E-14 2.85E-13 5.24E-12 5.37E-11 1.35E-10 2.08E-10 2.21E-10 2.15E-10
 2.07E-10 1.92E-10 1.69E-10 1.39E-10 1.10E-10 9.51E-11
 2.84E-14 7.37E-13 1.12E-11 6.44E-11 1.32E-10 1.89E-10 1.98E-10 1.93E-10
 1.85E-10 1.72E-10 1.53E-10 1.26E-10 1.02E-10 8.95E-11
 5.13E-14 1.13E-12 1.21E-11 6.09E-11 1.25E-10 1.80E-10 1.89E-10 1.83E-10
 1.76E-10 1.63E-10 1.44E-10 1.19E-10 9.51E-11 8.31E-11
 5.42E-14 1.13E-12 1.18E-11 6.01E-11 1.23E-10 1.77E-10 1.85E-10 1.79E-10
 1.72E-10 1.59E-10 1.41E-10 1.16E-10 9.33E-11 8.15E-11
 5.41E-14 1.12E-12 1.17E-11 5.99E-11 1.22E-10 1.74E-10 1.81E-10 1.76E-10
 1.69E-10 1.57E-10 1.39E-10 1.15E-10 9.20E-11 8.04E-11
 5.40E-14 1.12E-12 1.17E-11 5.96E-11 1.21E-10 1.72E-10 1.80E-10 1.74E-10
 1.67E-10 1.55E-10 1.38E-10 1.14E-10 9.14E-11 7.99E-11
 5.27E-14 1.09E-12 1.14E-11 5.77E-11 1.15E-10 1.62E-10 1.68E-10 1.64E-10
 1.58E-10 1.47E-10 1.31E-10 1.09E-10 8.83E-11 7.75E-11
  331.048    7  14 /pl=01:ss=14:pb= 1:sz=14/type=excit/ispb = t/isel =   36
 1.00E+10 1.00E+11 1.00E+12 1.00E+13 1.00E+14 1.00E+15 1.00E+16
 3.88E+00 5.82E+00 9.69E+00 1.94E+01 3.88E+01 9.69E+01 1.94E+02 2.91E+02
 3.88E+02 5.82E+02 9.69E+02 1.94E+03 3.88E+03 5.82E+03
 1.20E-14 2.94E-13 5.53E-12 5.72E-11 1.41E-10 2.15E-10 2.29E-10 2.24E-10
 2.16E-10 2.01E-10 1.78E-10 1.46E-10 1.17E-10 1.01E-10
 3.20E-14 8.11E-13 1.22E-11 6.85E-11 1.37E-10 1.93E-10 2.03E-10 1.97E-10
 1.90E-10 1.77E-10 1.58E-10 1.31E-10 1.06E-10 9.37E-11
 5.83E-14 1.25E-12 1.31E-11 6.43E-11 1.29E-10 1.84E-10 1.92E-10 1.87E-10
 1.80E-10 1.67E-10 1.49E-10 1.23E-10 9.86E-11 8.63E-11
 6.10E-14 1.24E-12 1.26E-11 6.33E-11 1.27E-10 1.80E-10 1.88E-10 1.82E-10
 1.75E-10 1.63E-10 1.45E-10 1.20E-10 9.63E-11 8.43E-11
 6.06E-14 1.22E-12 1.26E-11 6.31E-11 1.26E-10 1.76E-10 1.84E-10 1.78E-10
 1.71E-10 1.59E-10 1.42E-10 1.17E-10 9.44E-11 8.27E-11
 6.05E-14 1.22E-12 1.25E-11 6.28E-11 1.25E-10 1.74E-10 1.81E-10 1.76E-10
 1.69E-10 1.57E-10 1.40E-10 1.16E-10 9.36E-11 8.20E-11
 5.89E-14 1.18E-12 1.22E-11 6.06E-11 1.19E-10 1.63E-10 1.69E-10 1.64E-10
 1.58E-10 1.48E-10 1.32E-10 1.11E-10 9.00E-11 7.92E-11
  350.270    7  14 /pl=01:ss=14:pb= 1:sz=14/type=excit/ispb = t/isel =   37
 1.00E+10 1.00E+11 1.00E+12 1.00E+13 1.00E+14 1.00E+15 1.00E+16
 3.88E+00 5.82E+00 9.69E+00 1.94E+01 3.88E+01 9.69E+01 1.94E+02 2.91E+02
 3.88E+02 5.82E+02 9.69E+02 1.94E+03 3.88E+03 5.82E+03
 7.71E-16 2.20E-14 3.80E-13 7.07E-12 4.32E-11 1.17E-10 1.41E-10 1.39E-10
 1.33E-10 1.20E-10 1.01E-10 7.55E-11 5.47E-11 4.47E-11
 2.10E-15 6.00E-14 1.59E-12 3.32E-11 1.29E-10 2.56E-10 2.86E-10 2.78E-10
 2.66E-10 2.42E-10 2.08E-10 1.62E-10 1.21E-10 1.01E-10
 1.36E-14 3.71E-13 7.41E-12 6.61E-11 1.80E-10 3.11E-10 3.39E-10 3.30E-10
 3.16E-10 2.91E-10 2.54E-10 2.04E-10 1.60E-10 1.38E-10
 4.50E-14 1.07E-12 1.16E-11 7.32E-11 1.87E-10 3.18E-10 3.45E-10 3.36E-10
 3.22E-10 2.97E-10 2.60E-10 2.10E-10 1.66E-10 1.44E-10
 5.80E-14 1.31E-12 1.23E-11 7.41E-11 1.88E-10 3.18E-10 3.45E-10 3.35E-10
 3.22E-10 2.97E-10 2.60E-10 2.11E-10 1.67E-10 1.45E-10
 5.95E-14 1.34E-12 1.23E-11 7.39E-11 1.87E-10 3.15E-10 3.42E-10 3.33E-10
 3.20E-10 2.95E-10 2.59E-10 2.10E-10 1.67E-10 1.44E-10
 5.79E-14 1.30E-12 1.21E-11 7.15E-11 1.77E-10 2.93E-10 3.17E-10 3.09E-10
 2.98E-10 2.77E-10 2.44E-10 2.01E-10 1.60E-10 1.40E-10
  350.841    7  14 /pl=01:ss=14:pb= 1:sz=14/type=excit/ispb = t/isel =   38
 1.00E+10 1.00E+11 1.00E+12 1.00E+13 1.00E+14 1.00E+15 1.00E+16
 3.88E+00 5.82E+00 9.69E+00 1.94E+01 3.88E+01 9.69E+01 1.94E+02 2.91E+02
 3.88E+02 5.82E+02 9.69E+02 1.94E+03 3.88E+03 5.82E+03
 1.19E-13 2.02E-12 1.69E-11 6.56E-11 1.18E-10 1.62E-10 1.71E-10 1.67E-10
 1.61E-10 1.51E-10 1.35E-10 1.13E-10 9.26E-11 8.18E-11
 1.08E-13 1.77E-12 1.36E-11 5.15E-11 9.31E-11 1.29E-10 1.37E-10 1.34E-10
 1.29E-10 1.20E-10 1.07E-10 8.90E-11 7.24E-11 6.38E-11
 8.89E-14 1.43E-12 1.13E-11 4.54E-11 8.55E-11 1.21E-10 1.28E-10 1.25E-10
 1.21E-10 1.12E-10 9.95E-11 8.20E-11 6.59E-11 5.76E-11
 7.97E-14 1.26E-12 1.05E-11 4.44E-11 8.43E-11 1.19E-10 1.26E-10 1.23E-10
 1.18E-10 1.10E-10 9.76E-11 8.05E-11 6.47E-11 5.64E-11
 7.73E-14 1.23E-12 1.04E-11 4.43E-11 8.39E-11 1.18E-10 1.24E-10 1.21E-10
 1.17E-10 1.08E-10 9.63E-11 7.94E-11 6.39E-11 5.58E-11
 7.72E-14 1.22E-12 1.04E-11 4.41E-11 8.33E-11 1.16E-10 1.23E-10 1.20E-10
 1.15E-10 1.07E-10 9.53E-11 7.88E-11 6.34E-11 5.54E-11
 7.60E-14 1.20E-12 1.01E-11 4.26E-11 7.91E-11 1.08E-10 1.13E-10 1.11E-10
 1.07E-10 9.96E-11 8.92E-11 7.44E-11 6.05E-11 5.31E-11
  354.573    7  14 /pl=01:ss=14:pb= 1:sz=14/type=excit/ispb = t/isel =   39
 1.00E+10 1.00E+11 1.00E+12 1.00E+13 1.00E+14 1.00E+15 1.00E+16
 3.88E+00 5.82E+00 9.69E+00 1.94E+01 3.88E+01 9.69E+01 1.94E+02 2.91E+02
 3.88E+02 5.82E+02 9.69E+02 1.94E+03 3.88E+03 5.82E+03
 2.77E-13 4.55E-12 3.74E-11 1.41E-10 2.43E-10 3.15E-10 3.21E-10 3.10E-10
 2.97E-10 2.77E-10 2.47E-10 2.07E-10 1.70E-10 1.50E-10
 2.51E-13 3.97E-12 2.99E-11 1.10E-10 1.92E-10 2.50E-10 2.55E-10 2.45E-10
 2.35E-10 2.18E-10 1.93E-10 1.61E-10 1.31E-10 1.15E-10
 2.06E-13 3.20E-12 2.47E-11 9.70E-11 1.76E-10 2.33E-10 2.38E-10 2.29E-10
 2.19E-10 2.03E-10 1.79E-10 1.47E-10 1.18E-10 1.03E-10
 1.85E-13 2.83E-12 2.30E-11 9.49E-11 1.73E-10 2.29E-10 2.33E-10 2.25E-10
 2.15E-10 1.99E-10 1.75E-10 1.44E-10 1.16E-10 1.01E-10
 1.79E-13 2.74E-12 2.28E-11 9.46E-11 1.72E-10 2.26E-10 2.30E-10 2.21E-10
 2.11E-10 1.96E-10 1.73E-10 1.42E-10 1.14E-10 9.99E-11
 1.78E-13 2.73E-12 2.27E-11 9.42E-11 1.71E-10 2.24E-10 2.28E-10 2.19E-10
 2.10E-10 1.94E-10 1.71E-10 1.41E-10 1.14E-10 9.93E-11
 1.73E-13 2.65E-12 2.21E-11 9.09E-11 1.63E-10 2.11E-10 2.14E-10 2.07E-10
 1.98E-10 1.84E-10 1.64E-10 1.36E-10 1.10E-10 9.66E-11
  355.936    7  14 /pl=01:ss=14:pb= 1:sz=14/type=excit/ispb = t/isel =   40
 1.00E+10 1.00E+11 1.00E+12 1.00E+13 1.00E+14 1.00E+15 1.00E+16
 3.88E+00 5.82E+00 9.69E+00 1.94E+01 3.88E+01 9.69E+01 1.94E+02 2.91E+02
 3.88E+02 5.82E+02 9.69E+02 1.94E+03 3.88E+03 5.82E+03
 1.35E-13 2.27E-12 2.19E-11 1.20E-10 2.35E-10 3.05E-10 3.05E-10 2.92E-10
 2.79E-10 2.58E-10 2.29E-10 1.90E-10 1.53E-10 1.35E-10
 1.74E-13 2.97E-12 2.85E-11 1.21E-10 2.10E-10 2.61E-10 2.59E-10 2.47E-10
 2.36E-10 2.18E-10 1.94E-10 1.61E-10 1.32E-10 1.17E-10
 2.19E-13 3.45E-12 2.76E-11 1.11E-10 1.96E-10 2.46E-10 2.44E-10 2.33E-10
 2.22E-10 2.04E-10 1.81E-10 1.49E-10 1.21E-10 1.06E-10
 2.16E-13 3.27E-12 2.63E-11 1.09E-10 1.93E-10 2.40E-10 2.36E-10 2.25E-10
 2.15E-10 1.98E-10 1.75E-10 1.45E-10 1.17E-10 1.03E-10
 2.13E-13 3.20E-12 2.61E-11 1.08E-10 1.91E-10 2.34E-10 2.30E-10 2.19E-10
 2.09E-10 1.93E-10 1.71E-10 1.41E-10 1.15E-10 1.01E-10
 2.12E-13 3.19E-12 2.60E-11 1.08E-10 1.89E-10 2.32E-10 2.28E-10 2.17E-10
 2.07E-10 1.91E-10 1.69E-10 1.40E-10 1.14E-10 1.00E-10
 2.06E-13 3.11E-12 2.54E-11 1.04E-10 1.81E-10 2.20E-10 2.16E-10 2.06E-10
 1.97E-10 1.83E-10 1.63E-10 1.36E-10 1.11E-10 9.79E-11
  356.552    7  14 /pl=01:ss=14:pb= 1:sz=14/type=excit/ispb = t/isel =   41
 1.00E+10 1.00E+11 1.00E+12 1.00E+13 1.00E+14 1.00E+15 1.00E+16
 3.88E+00 5.82E+00 9.69E+00 1.94E+01 3.88E+01 9.69E+01 1.94E+02 2.91E+02
 3.88E+02 5.82E+02 9.69E+02 1.94E+03 3.88E+03 5.82E+03
 2.10E-15 5.83E-14 9.91E-13 1.33E-11 6.32E-11 1.56E-10 1.85E-10 1.82E-10
 1.75E-10 1.59E-10 1.35E-10 1.03E-10 7.66E-11 6.36E-11
 4.60E-15 1.30E-13 2.79E-12 4.25E-11 1.52E-10 2.91E-10 3.22E-10 3.13E-10
 2.99E-10 2.73E-10 2.35E-10 1.85E-10 1.40E-10 1.18E-10
 1.99E-14 5.16E-13 9.33E-12 7.73E-11 2.03E-10 3.44E-10 3.72E-10 3.61E-10
 3.47E-10 3.19E-10 2.78E-10 2.25E-10 1.77E-10 1.52E-10
 5.84E-14 1.33E-12 1.39E-11 8.48E-11 2.11E-10 3.52E-10 3.79E-10 3.68E-10
 3.53E-10 3.25E-10 2.85E-10 2.31E-10 1.83E-10 1.59E-10
 7.42E-14 1.60E-12 1.47E-11 8.57E-11 2.13E-10 3.53E-10 3.80E-10 3.69E-10
 3.54E-10 3.26E-10 2.87E-10 2.33E-10 1.85E-10 1.60E-10
 7.62E-14 1.63E-12 1.47E-11 8.56E-11 2.12E-10 3.50E-10 3.77E-10 3.66E-10
 3.52E-10 3.25E-10 2.85E-10 2.32E-10 1.85E-10 1.60E-10
 7.49E-14 1.60E-12 1.45E-11 8.34E-11 2.03E-10 3.30E-10 3.54E-10 3.44E-10
 3.32E-10 3.07E-10 2.72E-10 2.23E-10 1.79E-10 1.56E-10
  364.749    7  14 /pl=01:ss=14:pb= 1:sz=14/type=excit/ispb = t/isel =   42
 1.00E+10 1.00E+11 1.00E+12 1.00E+13 1.00E+14 1.00E+15 1.00E+16
 3.88E+00 5.82E+00 9.69E+00 1.94E+01 3.88E+01 9.69E+01 1.94E+02 2.91E+02
 3.88E+02 5.82E+02 9.69E+02 1.94E+03 3.88E+03 5.82E+03
 2.17E-13 3.63E-12 3.51E-11 1.92E-10 3.76E-10 4.88E-10 4.88E-10 4.68E-10
 4.47E-10 4.13E-10 3.67E-10 3.04E-10 2.46E-10 2.16E-10
 2.78E-13 4.76E-12 4.57E-11 1.94E-10 3.37E-10 4.19E-10 4.15E-10 3.96E-10
 3.78E-10 3.50E-10 3.11E-10 2.58E-10 2.11E-10 1.87E-10
 3.51E-13 5.52E-12 4.42E-11 1.77E-10 3.14E-10 3.94E-10 3.90E-10 3.73E-10
 3.55E-10 3.28E-10 2.90E-10 2.39E-10 1.94E-10 1.70E-10
 3.47E-13 5.23E-12 4.22E-11 1.74E-10 3.09E-10 3.84E-10 3.79E-10 3.61E-10
 3.44E-10 3.17E-10 2.81E-10 2.32E-10 1.88E-10 1.66E-10
 3.41E-13 5.13E-12 4.18E-11 1.74E-10 3.05E-10 3.75E-10 3.69E-10 3.52E-10
 3.35E-10 3.09E-10 2.74E-10 2.27E-10 1.84E-10 1.62E-10
 3.39E-13 5.11E-12 4.17E-11 1.73E-10 3.03E-10 3.71E-10 3.65E-10 3.48E-10
 3.32E-10 3.06E-10 2.71E-10 2.25E-10 1.82E-10 1.61E-10
 3.30E-13 4.98E-12 4.07E-11 1.67E-10 2.90E-10 3.52E-10 3.46E-10 3.31E-10
 3.16E-10 2.93E-10 2.61E-10 2.17E-10 1.77E-10 1.57E-10
  372.844    7  14 /pl=01:ss=14:pb= 1:sz=14/type=excit/ispb = t/isel =   43
 1.00E+10 1.00E+11 1.00E+12 1.00E+13 1.00E+14 1.00E+15 1.00E+16
 3.88E+00 5.82E+00 9.69E+00 1.94E+01 3.88E+01 9.69E+01 1.94E+02 2.91E+02
 3.88E+02 5.82E+02 9.69E+02 1.94E+03 3.88E+03 5.82E+03
 1.36E-12 1.93E-11 1.41E-10 4.91E-10 7.90E-10 9.32E-10 9.08E-10 8.63E-10
 8.25E-10 7.66E-10 6.86E-10 5.78E-10 4.78E-10 4.25E-10
 1.24E-12 1.70E-11 1.15E-10 3.86E-10 6.18E-10 7.29E-10 7.09E-10 6.73E-10
 6.41E-10 5.93E-10 5.28E-10 4.41E-10 3.61E-10 3.20E-10
 1.04E-12 1.39E-11 9.48E-11 3.39E-10 5.65E-10 6.77E-10 6.60E-10 6.25E-10
 5.95E-10 5.48E-10 4.86E-10 4.02E-10 3.25E-10 2.85E-10
 9.22E-13 1.22E-11 8.84E-11 3.31E-10 5.55E-10 6.60E-10 6.41E-10 6.07E-10
 5.77E-10 5.32E-10 4.72E-10 3.90E-10 3.16E-10 2.77E-10
 8.91E-13 1.18E-11 8.74E-11 3.30E-10 5.49E-10 6.47E-10 6.26E-10 5.92E-10
 5.64E-10 5.19E-10 4.61E-10 3.82E-10 3.10E-10 2.72E-10
 8.84E-13 1.17E-11 8.71E-11 3.28E-10 5.45E-10 6.40E-10 6.20E-10 5.87E-10
 5.58E-10 5.15E-10 4.57E-10 3.79E-10 3.07E-10 2.70E-10
 8.56E-13 1.14E-11 8.47E-11 3.17E-10 5.20E-10 6.07E-10 5.88E-10 5.58E-10
 5.33E-10 4.93E-10 4.39E-10 3.67E-10 2.99E-10 2.63E-10
  382.525    7  14 /pl=01:ss=14:pb= 1:sz=14/type=excit/ispb = t/isel =   44
 1.00E+10 1.00E+11 1.00E+12 1.00E+13 1.00E+14 1.00E+15 1.00E+16
 3.88E+00 5.82E+00 9.69E+00 1.94E+01 3.88E+01 9.69E+01 1.94E+02 2.91E+02
 3.88E+02 5.82E+02 9.69E+02 1.94E+03 3.88E+03 5.82E+03
 2.00E-13 2.83E-12 2.08E-11 7.23E-11 1.16E-10 1.37E-10 1.34E-10 1.27E-10
 1.21E-10 1.13E-10 1.01E-10 8.51E-11 7.03E-11 6.25E-11
 1.83E-13 2.51E-12 1.69E-11 5.68E-11 9.10E-11 1.07E-10 1.04E-10 9.90E-11
 9.44E-11 8.72E-11 7.77E-11 6.49E-11 5.32E-11 4.71E-11
 1.52E-13 2.04E-12 1.40E-11 4.99E-11 8.32E-11 9.96E-11 9.71E-11 9.20E-11
 8.76E-11 8.07E-11 7.15E-11 5.91E-11 4.79E-11 4.20E-11
 1.36E-13 1.80E-12 1.30E-11 4.87E-11 8.17E-11 9.72E-11 9.43E-11 8.93E-11
 8.50E-11 7.83E-11 6.94E-11 5.75E-11 4.65E-11 4.08E-11
 1.31E-13 1.74E-12 1.29E-11 4.85E-11 8.08E-11 9.52E-11 9.22E-11 8.72E-11
 8.30E-11 7.65E-11 6.78E-11 5.62E-11 4.56E-11 4.00E-11
 1.30E-13 1.73E-12 1.28E-11 4.83E-11 8.02E-11 9.43E-11 9.13E-11 8.64E-11
 8.22E-11 7.58E-11 6.72E-11 5.57E-11 4.52E-11 3.97E-11
 1.26E-13 1.68E-12 1.25E-11 4.66E-11 7.65E-11 8.93E-11 8.66E-11 8.22E-11
 7.84E-11 7.25E-11 6.47E-11 5.40E-11 4.40E-11 3.88E-11
  801.340    7  14 /pl=01:ss=14:pb= 1:sz=14/type=excit/ispb = t/isel =   45
 1.00E+10 1.00E+11 1.00E+12 1.00E+13 1.00E+14 1.00E+15 1.00E+16
 3.88E+00 5.82E+00 9.69E+00 1.94E+01 3.88E+01 9.69E+01 1.94E+02 2.91E+02
 3.88E+02 5.82E+02 9.69E+02 1.94E+03 3.88E+03 5.82E+03
 2.06E-15 7.26E-15 3.42E-14 2.05E-12 2.35E-11 8.67E-11 1.21E-10 1.28E-10
 1.28E-10 1.23E-10 1.10E-10 8.82E-11 6.78E-11 5.74E-11
 3.67E-15 1.35E-14 5.38E-14 2.15E-12 2.33E-11 8.35E-11 1.16E-10 1.23E-10
 1.23E-10 1.18E-10 1.06E-10 8.55E-11 6.62E-11 5.63E-11
 5.97E-15 1.94E-14 5.76E-14 2.07E-12 2.17E-11 7.54E-11 1.03E-10 1.09E-10
 1.09E-10 1.05E-10 9.47E-11 7.73E-11 6.05E-11 5.17E-11
 6.48E-15 1.96E-14 5.23E-14 1.64E-12 1.45E-11 4.18E-11 5.39E-11 5.66E-11
 5.68E-11 5.53E-11 5.12E-11 4.39E-11 3.64E-11 3.23E-11
 6.25E-15 1.60E-14 2.95E-14 5.42E-13 3.39E-12 7.70E-12 9.36E-12 9.76E-12
 9.82E-12 9.66E-12 9.19E-12 8.30E-12 7.37E-12 6.85E-12
 4.41E-15 6.37E-15 7.31E-15 7.38E-14 3.96E-13 8.46E-13 1.01E-12 1.06E-12
 1.06E-12 1.05E-12 1.00E-12 9.14E-13 8.24E-13 7.75E-13
 1.40E-15 1.89E-15 2.92E-15 1.10E-14 4.47E-14 8.98E-14 1.06E-13 1.10E-13
 1.10E-13 1.09E-13 1.04E-13 9.47E-14 8.54E-14 8.04E-14
  2083.46    7  14 /pl=01:ss=14:pb= 1:sz=14/type=excit/ispb = t/isel =   46
 1.00E+10 1.00E+11 1.00E+12 1.00E+13 1.00E+14 1.00E+15 1.00E+16
 3.88E+00 5.82E+00 9.69E+00 1.94E+01 3.88E+01 9.69E+01 1.94E+02 2.91E+02
 3.88E+02 5.82E+02 9.69E+02 1.94E+03 3.88E+03 5.82E+03
 2.31E-12 4.05E-12 1.14E-11 6.49E-11 1.64E-10 2.61E-10 2.91E-10 2.93E-10
 2.91E-10 2.82E-10 2.64E-10 2.34E-10 2.01E-10 1.80E-10
 2.90E-12 5.36E-12 1.36E-11 3.57E-11 5.21E-11 6.23E-11 6.54E-11 6.62E-11
 6.65E-11 6.65E-11 6.61E-11 6.48E-11 6.29E-11 6.12E-11
 1.54E-12 2.61E-12 4.00E-12 5.38E-12 6.33E-12 7.03E-12 7.29E-12 7.39E-12
 7.44E-12 7.49E-12 7.53E-12 7.57E-12 7.59E-12 7.56E-12
 2.32E-13 3.71E-13 4.77E-13 5.64E-13 6.44E-13 7.06E-13 7.30E-13 7.39E-13
 7.45E-13 7.51E-13 7.57E-13 7.64E-13 7.69E-13 7.70E-13
 2.46E-14 3.87E-14 4.86E-14 5.66E-14 6.41E-14 6.99E-14 7.22E-14 7.32E-14
 7.37E-14 7.44E-14 7.50E-14 7.58E-14 7.65E-14 7.66E-14
 2.48E-15 3.89E-15 4.86E-15 5.65E-15 6.38E-15 6.95E-15 7.17E-15 7.26E-15
 7.33E-15 7.39E-15 7.46E-15 7.55E-15 7.62E-15 7.63E-15
 2.48E-16 3.89E-16 4.86E-16 5.59E-16 6.22E-16 6.66E-16 6.85E-16 6.94E-16
 7.01E-16 7.09E-16 7.19E-16 7.32E-16 7.43E-16 7.47E-16
  2105.48    7  14 /pl=01:ss=14:pb= 1:sz=14/type=excit/ispb = t/isel =   47
 1.00E+10 1.00E+11 1.00E+12 1.00E+13 1.00E+14 1.00E+15 1.00E+16
 3.88E+00 5.82E+00 9.69E+00 1.94E+01 3.88E+01 9.69E+01 1.94E+02 2.91E+02
 3.88E+02 5.82E+02 9.69E+02 1.94E+03 3.88E+03 5.82E+03
 1.20E-12 2.06E-12 7.71E-12 5.01E-11 1.50E-10 2.82E-10 3.24E-10 3.27E-10
 3.21E-10 3.06E-10 2.80E-10 2.40E-10 1.99E-10 1.77E-10
 1.23E-12 2.07E-12 7.23E-12 3.48E-11 6.68E-11 9.23E-11 9.92E-11 9.99E-11
 9.96E-11 9.81E-11 9.50E-11 8.95E-11 8.30E-11 7.89E-11
 1.04E-12 1.65E-12 3.72E-12 7.20E-12 9.68E-12 1.17E-11 1.23E-11 1.24E-11
 1.25E-11 1.24E-11 1.23E-11 1.21E-11 1.18E-11 1.17E-11
 3.52E-13 4.86E-13 5.88E-13 8.00E-13 1.01E-12 1.20E-12 1.26E-12 1.27E-12
 1.27E-12 1.27E-12 1.26E-12 1.25E-12 1.24E-12 1.23E-12
 4.54E-14 5.95E-14 6.22E-14 8.09E-14 1.02E-13 1.20E-13 1.26E-13 1.27E-13
 1.27E-13 1.27E-13 1.26E-13 1.25E-13 1.24E-13 1.24E-13
 4.67E-15 6.09E-15 6.26E-15 8.09E-15 1.01E-14 1.19E-14 1.25E-14 1.26E-14
 1.26E-14 1.26E-14 1.26E-14 1.25E-14 1.24E-14 1.23E-14
 4.69E-16 6.11E-16 6.27E-16 7.99E-16 9.79E-16 1.13E-15 1.18E-15 1.19E-15
 1.20E-15 1.20E-15 1.20E-15 1.20E-15 1.20E-15 1.20E-15
  3262.86    7  14 /pl=01:ss=14:pb= 1:sz=14/type=excit/ispb = t/isel =   48
 1.00E+10 1.00E+11 1.00E+12 1.00E+13 1.00E+14 1.00E+15 1.00E+16
 3.88E+00 5.82E+00 9.69E+00 1.94E+01 3.88E+01 9.69E+01 1.94E+02 2.91E+02
 3.88E+02 5.82E+02 9.69E+02 1.94E+03 3.88E+03 5.82E+03
 3.64E-12 6.02E-12 1.73E-11 9.48E-11 2.30E-10 3.59E-10 4.00E-10 4.05E-10
 4.02E-10 3.92E-10 3.71E-10 3.34E-10 2.91E-10 2.65E-10
 5.37E-12 8.97E-12 2.03E-11 4.60E-11 6.31E-11 7.35E-11 7.68E-11 7.77E-11
 7.80E-11 7.81E-11 7.78E-11 7.68E-11 7.51E-11 7.37E-11
 3.07E-12 4.36E-12 5.48E-12 6.47E-12 7.33E-12 8.01E-12 8.27E-12 8.36E-12
 8.40E-12 8.45E-12 8.49E-12 8.52E-12 8.54E-12 8.52E-12
 4.47E-13 5.92E-13 6.36E-13 6.72E-13 7.42E-13 8.00E-13 8.22E-13 8.31E-13
 8.35E-13 8.41E-13 8.47E-13 8.53E-13 8.58E-13 8.59E-13
 4.68E-14 6.12E-14 6.46E-14 6.73E-14 7.38E-14 7.91E-14 8.12E-14 8.21E-14
 8.25E-14 8.31E-14 8.37E-14 8.45E-14 8.51E-14 8.52E-14
 4.70E-15 6.14E-15 6.47E-15 6.73E-15 7.35E-15 7.86E-15 8.06E-15 8.15E-15
 8.19E-15 8.25E-15 8.32E-15 8.40E-15 8.47E-15 8.48E-15
 4.70E-16 6.14E-16 6.47E-16 6.66E-16 7.15E-16 7.51E-16 7.67E-16 7.76E-16
 7.81E-16 7.89E-16 7.99E-16 8.12E-16 8.24E-16 8.29E-16
  3641.63    7  14 /pl=01:ss=14:pb= 1:sz=14/type=excit/ispb = t/isel =   49
 1.00E+10 1.00E+11 1.00E+12 1.00E+13 1.00E+14 1.00E+15 1.00E+16
 3.88E+00 5.82E+00 9.69E+00 1.94E+01 3.88E+01 9.69E+01 1.94E+02 2.91E+02
 3.88E+02 5.82E+02 9.69E+02 1.94E+03 3.88E+03 5.82E+03
 4.36E-12 8.33E-12 5.65E-11 3.57E-10 7.43E-10 1.01E-09 1.08E-09 1.08E-09
 1.08E-09 1.05E-09 1.01E-09 9.29E-10 8.36E-10 7.79E-10
 4.08E-12 7.49E-12 3.97E-11 1.27E-10 1.67E-10 1.83E-10 1.88E-10 1.88E-10
 1.89E-10 1.89E-10 1.88E-10 1.85E-10 1.81E-10 1.79E-10
 3.49E-12 5.42E-12 1.20E-11 1.74E-11 1.91E-11 1.99E-11 2.01E-11 2.02E-11
 2.03E-11 2.03E-11 2.04E-11 2.04E-11 2.04E-11 2.04E-11
 1.06E-12 1.27E-12 1.52E-12 1.81E-12 1.93E-12 1.97E-12 1.99E-12 1.99E-12
 2.00E-12 2.01E-12 2.02E-12 2.03E-12 2.04E-12 2.05E-12
 1.30E-13 1.46E-13 1.56E-13 1.81E-13 1.91E-13 1.94E-13 1.94E-13 1.95E-13
 1.95E-13 1.96E-13 1.97E-13 1.99E-13 2.00E-13 2.01E-13
 1.33E-14 1.48E-14 1.57E-14 1.81E-14 1.90E-14 1.92E-14 1.93E-14 1.93E-14
 1.94E-14 1.94E-14 1.96E-14 1.97E-14 1.99E-14 1.99E-14
 1.33E-15 1.49E-15 1.57E-15 1.79E-15 1.85E-15 1.84E-15 1.84E-15 1.85E-15
 1.86E-15 1.87E-15 1.89E-15 1.91E-15 1.94E-15 1.95E-15
  5764.02    7  14 /pl=01:ss=14:pb= 1:sz=14/type=excit/ispb = t/isel =   50
 1.00E+10 1.00E+11 1.00E+12 1.00E+13 1.00E+14 1.00E+15 1.00E+16
 3.88E+00 5.82E+00 9.69E+00 1.94E+01 3.88E+01 9.69E+01 1.94E+02 2.91E+02
 3.88E+02 5.82E+02 9.69E+02 1.94E+03 3.88E+03 5.82E+03
 1.51E-12 2.65E-12 7.46E-12 4.25E-11 1.07E-10 1.71E-10 1.90E-10 1.92E-10
 1.90E-10 1.84E-10 1.73E-10 1.53E-10 1.31E-10 1.18E-10
 1.90E-12 3.51E-12 8.90E-12 2.34E-11 3.41E-11 4.08E-11 4.28E-11 4.33E-11
 4.35E-11 4.35E-11 4.32E-11 4.24E-11 4.12E-11 4.01E-11
 1.01E-12 1.71E-12 2.62E-12 3.52E-12 4.14E-12 4.60E-12 4.77E-12 4.83E-12
 4.87E-12 4.90E-12 4.93E-12 4.95E-12 4.96E-12 4.95E-12
 1.52E-13 2.43E-13 3.12E-13 3.69E-13 4.21E-13 4.62E-13 4.77E-13 4.83E-13
 4.87E-13 4.91E-13 4.95E-13 5.00E-13 5.03E-13 5.04E-13
 1.61E-14 2.53E-14 3.18E-14 3.70E-14 4.20E-14 4.58E-14 4.73E-14 4.79E-14
 4.83E-14 4.87E-14 4.91E-14 4.96E-14 5.00E-14 5.01E-14
 1.62E-15 2.54E-15 3.18E-15 3.70E-15 4.18E-15 4.55E-15 4.69E-15 4.75E-15
 4.79E-15 4.84E-15 4.88E-15 4.94E-15 4.98E-15 4.99E-15
 1.62E-16 2.54E-16 3.18E-16 3.66E-16 4.07E-16 4.36E-16 4.48E-16 4.54E-16
 4.59E-16 4.64E-16 4.71E-16 4.79E-16 4.86E-16 4.89E-16
c-------------------------------------------------------------------------------
 
C  root partition information
C  ==========================
C
C  nuclear charge : 74
C  ion charge+1   : 15
C
C  population calculation information
C  ----------------------------------
C
C  population processing code: adas810
C
C  adf04 source file    : adf04_copmm#74_ls_40#w14.dat
C  adf18/a17_p208 file  : NULL
C
C  meta. ion. coeff. selector  : 
 
C  options  : lnorm =T  lpsel =F  lzsel =T  liosel=F
C           : lhsel =F  lrsel =F  lisel =F  lnsel =F
 
C  energy levels
C  -------------
C
C   lv      configuration    (2S+1)L(w-1/2)      energy (cm^-1)
C  ---   ------------------- --------------      --------------
c    1   60962A52B              (3)5( 16.0)             0.0
c    2   60962A52B              (3)3( 10.0)          6788.0
c    3   60962A52B              (1)4(  4.0)         27460.2
c    4   60962A52B              (1)2(  2.0)         37436.0
c    5   60962A52B              (1)6(  6.0)         47495.0
c    6   60962A52B              (3)1(  4.0)         54785.0
c    7   60962A52B              (1)0(  0.0)        117577.0
c    8   60963A51B              (3)3( 10.0)        131579.0
c    9   60963A51B              (1)3(  3.0)        149089.0
c   10   60962A51B51C           (5)6( 32.0)        268209.0
c   11   60962A51B51C           (5)4( 22.0)        280949.0
c   12   60962A51B51C           (3)4( 13.0)        282029.0
c   13   60962A51B51C           (5)4( 22.0)        285029.0
c   14   60962A51B51C           (3)1(  4.0)        290879.0
c   15   60962A51B51C           (5)3( 17.0)        308859.0
c   16   60962A51B51C           (3)3( 10.0)        311509.0
c   17   60962A51B51C           (3)5( 16.0)        315119.0
c   18   60962A51B51C           (3)4( 13.0)        316249.0
c   19   60962A51B51C           (5)2( 12.0)        317029.0
c   20   60962A51B51C           (3)6( 19.0)        324729.0
c   21   60962A51B51C           (3)5( 16.0)        327959.0
c   22   60962A51B51C           (3)2(  7.0)        329379.0
c   23   60962A51B51C           (5)2( 12.0)        332279.0
c   24   60962A51B51C           (3)7( 22.0)        332989.0
c   25   60962A51B51C           (3)3( 10.0)        340439.0
c   26   60962A51B51C           (3)1(  4.0)        346889.0
c   27   60962A51B51C           (3)4( 13.0)        348879.0
c   28   60962A51B51C           (3)3( 10.0)        350509.0
c   29   60962A51B51C           (1)4(  4.0)        359459.0
c   30   60962A51B51C           (5)5( 27.0)        361369.0
c   31   60962A51B51C           (3)5( 16.0)        365019.0
c   32   60962A51B51C           (1)2(  2.0)        367959.0
c   33   60962A51B51C           (1)6(  6.0)        369289.0
c   34   60962A51B51C           (1)3(  3.0)        372609.0
c   35   60962A51B51C           (5)1(  7.0)        376769.0
c   36   60962A51B51C           (3)2(  7.0)        379799.0
c   37   60962A51B51C           (1)4(  4.0)        380219.0
c   38   60962A51B51C           (1)5(  5.0)        388079.0
c   39   60962A51B51C           (3)2(  7.0)        396799.0
c   40   60962A51B51C           (3)6( 19.0)        400909.0
c   41   60962A51B51C           (3)4( 13.0)        406349.0
c   42   60962A51B51C           (3)4( 13.0)        410519.0
c   43   60962A51B51C           (3)6( 19.0)        412389.0
c   44   60962A51B51C           (3)0(  1.0)        416549.0
c   45   60962A51B51C           (5)0(  2.0)        417129.0
c   46   60962A51B51C           (1)5(  5.0)        421629.0
c   47   60962A51B51C           (1)2(  2.0)        422319.0
c   48   60962A51B51C           (1)1(  1.0)        426989.0
c   49   60962A51B51C           (3)3( 10.0)        428419.0
c   50   60962A51B51C           (3)1(  4.0)        429199.0
c   51   60962A51B51C           (3)2(  7.0)        432529.0
c   52   60962A51B51C           (3)5( 16.0)        434809.0
c   53   60962A51B51C           (1)0(  0.0)        435019.0
c   54   60962A51B51C           (1)4(  4.0)        438709.0
c   55   60962A51B51C           (1)3(  3.0)        442569.0
c   56   60962A51B51C           (3)2(  7.0)        452629.0
c   57   60962A51B51C           (3)1(  4.0)        457799.0
c   58   60962A51B51C           (1)5(  5.0)        462879.0
c   59   60962A51B51C           (1)7(  7.0)        464049.0
c   60   60962A51B51C           (1)2(  2.0)        467719.0
c   61   60962A51B51C           (1)3(  3.0)        467819.0
c   62   60962A51B51C           (1)1(  1.0)        475609.0
c   63   60962A51B51C           (1)6(  6.0)        488699.0
c   64   60962A51B51C           (3)0(  1.0)        496559.0
c   65   60962A51B51C           (1)1(  1.0)        545369.0
c   66   60962A51B51D           (5)3( 17.0)        803379.0
c   67   60962A51B51D           (5)7( 37.0)        804059.0
c   68   60962A51B51D           (5)4( 22.0)        811809.0
c   69   60962A51B51D           (3)4( 13.0)        814349.0
c   70   60962A51B51D           (1)7(  7.0)        817589.0
c   71   60962A51B51D           (5)4( 22.0)        819139.0
c   72   60962A51B51D           (5)2( 12.0)        820139.0
c   73   60962A51B51D           (5)3( 17.0)        820919.0
c   74   60962A51B51D           (5)6( 32.0)        825179.0
c   75   60962A51B51D           (5)5( 27.0)        825559.0
c   76   60962A51B51D           (5)5( 27.0)        827419.0
c   77   60962A51B51D           (3)3( 10.0)        828239.0
c   78   60962A51B51D           (1)3(  3.0)        832079.0
c   79   60962A51B51D           (3)4( 13.0)        833009.0
c   80   60962A51B51D           (3)6( 19.0)        835219.0
c   81   60962A51B51D           (5)1(  7.0)        836689.0
c   82   60962A51B51D           (3)3( 10.0)        837739.0
c   83   60962A51B51D           (3)5( 16.0)        838749.0
c   84   60962A51B51D           (3)7( 22.0)        844189.0
c   85   60962A51B51D           (3)5( 16.0)        844429.0
c   86   60962A51B51D           (3)3( 10.0)        844649.0
c   87   60962A51B51D           (1)5(  5.0)        845599.0
c   88   60962A51B51D           (3)7( 22.0)        846389.0
c   89   60962A51B51D           (1)1(  1.0)        846429.0
c   90   60962A51B51D           (1)4(  4.0)        847859.0
c   91   60962A51B51D           (3)3( 10.0)        849109.0
c   92   60962A51B51D           (3)2(  7.0)        849219.0
c   93   60962A51B51D           (1)5(  5.0)        850549.0
c   94   60962A51B51D           (1)4(  4.0)        851139.0
c   95   60962A51B51D           (1)6(  6.0)        851889.0
c   96   60962A51B51D           (3)4( 13.0)        852399.0
c   97   60962A51B51D           (3)1(  4.0)        853529.0
c   98   60962A51B51D           (3)6( 19.0)        854389.0
c   99   60962A51B51D           (1)3(  3.0)        854479.0
c  100   60962A51B51D           (3)1(  4.0)        854489.0
c  101   60962A51B51D           (3)5( 16.0)        855069.0
c  102   60962A51B51D           (3)2(  7.0)        855279.0
c  103   60962A51B51D           (1)5(  5.0)        855689.0
c  104   60962A51B51D           (3)5( 16.0)        857309.0
c  105   60962A51B51D           (3)4( 13.0)        859209.0
c  106   60962A51B51D           (3)8( 25.0)        859739.0
c  107   60962A51B51D           (3)6( 19.0)        860209.0
c  108   60962A51B51D           (3)4( 13.0)        860989.0
c  109   60962A51B51D           (1)2(  2.0)        861639.0
c  110   60962A51B51D           (5)2( 12.0)        862619.0
c  111   60962A51B51D           (3)3( 10.0)        863839.0
c  112   60962A51B51D           (3)5( 16.0)        864999.0
c  113   60962A51B51D           (3)4( 13.0)        865389.0
c  114   60962A51B51D           (3)2(  7.0)        865649.0
c  115   60962A51B51D           (3)3( 10.0)        868499.0
c  116   60962A51B51D           (3)5( 16.0)        873459.0
c  117   60962A51B51D           (3)2(  7.0)        873929.0
c  118   60962A51B51D           (5)3( 17.0)        874049.0
c  119   60962A51B51D           (3)0(  1.0)        876849.0
c  120   60962A51B51D           (5)1(  7.0)        876859.0
c  121   60962A51B51D           (3)4( 13.0)        877629.0
c  122   60962A51B51D           (3)2(  7.0)        879529.0
c  123   60962A51B51D           (1)4(  4.0)        879839.0
c  124   60962A51B51D           (3)7( 22.0)        879919.0
c  125   60962A51B51D           (3)1(  4.0)        879949.0
c  126   60962A51B51D           (1)2(  2.0)        881689.0
c  127   60962A51B51D           (1)6(  6.0)        884609.0
c  128   60962A51B51D           (1)2(  2.0)        887899.0
c  129   60962A51B51D           (3)6( 19.0)        888379.0
c  130   60962A51B51D           (1)3(  3.0)        889999.0
c  131   60962A51B51D           (1)8(  8.0)        896469.0
c  132   60962A51B51D           (1)3(  3.0)        899159.0
c  133   60962A51B51D           (3)2(  7.0)        900369.0
c  134   60962A51B51D           (1)4(  4.0)        901559.0
c  135   60962A51B51D           (1)2(  2.0)        902129.0
c  136   60962A51B51D           (3)3( 10.0)        902289.0
c  137   60962A51B51D           (1)4(  4.0)        903189.0
c  138   60962A51B51D           (1)1(  1.0)        904899.0
c  139   60962A51B51D           (1)0(  0.0)        905039.0
c  140   60962A51B51D           (3)3( 10.0)        906689.0
c  141   60962A51B51D           (3)1(  4.0)        908379.0
c  142   60962A51B51D           (3)1(  4.0)        909319.0
c  143   60962A51B51D           (1)5(  5.0)        910009.0
c  144   60962A51B51D           (1)3(  3.0)        911109.0
c  145   60962A51B51D           (1)1(  1.0)        914619.0
c  146   60962A51B51D           (1)7(  7.0)        916669.0
c  147   60962A51B51D           (1)6(  6.0)        917469.0
c  148   60962A51B51D           (3)2(  7.0)        945499.0
c  149   60962A51B51D           (1)2(  2.0)        980069.0
c  150   60962A51B51G           (1)5(  5.0)       1183179.0
c  151   60962A51B51G           (5)5( 27.0)       1186479.0
c  152   60962A51B51G           (5)3( 17.0)       1196179.0
c  153   60962A51B51G           (3)5( 16.0)       1198479.0
c  154   60962A51B51G           (3)3( 10.0)       1207379.0
c  155   60962A51B51G           (3)3( 10.0)       1212379.0
c  156   60962A51B51G           (1)3(  3.0)       1212579.0
c  157   60962A51B51G           (3)4( 13.0)       1213079.0
c  158   60962A51B51G           (3)5( 16.0)       1214979.0
c  159   60962A51B51G           (5)1(  7.0)       1235479.0
c  160   60962A51B51G           (1)4(  4.0)       1237979.0
c  161   60962A51B51G           (3)2(  7.0)       1238479.0
c  162   60962A51B51G           (3)6( 19.0)       1239779.0
c  163   60962A51B51G           (3)1(  4.0)       1247979.0
c  164   60962A51B51G           (1)1(  1.0)       1257079.0
c  165   60962A51B51G           (1)6(  6.0)       1257879.0
c  166   60962A51B51G           (3)1(  4.0)       1258679.0
c  167   60962A51B51G           (1)2(  2.0)       1268479.0
c  168   60962A51B51G           (3)0(  1.0)       1310879.0
c  169   60962A51B51H           (1)3(  3.0)       1317879.0
c  170   60962A51B51H           (3)6( 19.0)       1324379.0
c  171   60962A51B51G           (1)0(  0.0)       1328979.0
c  172   60962A51B51H           (5)4( 22.0)       1333679.0
c  173   60962A51B51H           (5)2( 12.0)       1344179.0
c  174   60962A51B51H           (5)6( 32.0)       1347079.0
c  175   60962A51B51H           (3)6( 19.0)       1350879.0
c  176   60962A51B51H           (3)5( 16.0)       1351579.0
c  177   60962A51B51H           (5)4( 22.0)       1351679.0
c  178   60962A51B51H           (1)4(  4.0)       1351779.0
c  179   60962A51B51H           (3)4( 13.0)       1354379.0
c  180   60962A51B51H           (1)2(  2.0)       1355479.0
c  181   60962A51B51H           (3)4( 13.0)       1357179.0
c  182   60962A51B51H           (3)4( 13.0)       1357779.0
c  183   60962A51B51H           (5)5( 27.0)       1358079.0
c  184   60962A51B51H           (1)5(  5.0)       1359279.0
c  185   60962A51B51H           (3)2(  7.0)       1359979.0
c  186   60962A51B51H           (3)2(  7.0)       1366779.0
c  187   60962A51B51H           (1)4(  4.0)       1367279.0
c  188   60962A51B51H           (5)3( 17.0)       1367479.0
c  189   60962A51B51H           (3)3( 10.0)       1368479.0
c  190   60962A51B51H           (1)7(  7.0)       1368979.0
c  191   60962A51B51H           (3)5( 16.0)       1369779.0
c  192   60962A51B51H           (1)5(  5.0)       1370279.0
c  193   60962A51B51H           (3)3( 10.0)       1371779.0
c  194   60962A51B51H           (1)2(  2.0)       1375479.0
c  195   60962A51B51H           (5)0(  2.0)       1375879.0
c  196   60962A51B51H           (3)5( 16.0)       1376279.0
c  197   60962A51B51H           (3)4( 13.0)       1376279.0
c  198   60962A51B51H           (3)3( 10.0)       1376679.0
c  199   60962A51B51H           (3)2(  7.0)       1377579.0
c  200   60962A51B51H           (3)4( 13.0)       1378779.0
c  201   60962A51B51H           (1)4(  4.0)       1383279.0
c  202   60962A51B51H           (3)3( 10.0)       1385679.0
c  203   60962A51B51H           (3)5( 16.0)       1394379.0
c  204   60962A51B51H           (5)2( 12.0)       1394379.0
c  205   60962A51B51H           (1)6(  6.0)       1395679.0
c  206   60962A51B51H           (1)3(  3.0)       1398779.0
c  207   60962A51B51H           (3)7( 22.0)       1399079.0
c  208   60962A51B51H           (5)1(  7.0)       1399879.0
c  209   60962A51B51H           (1)5(  5.0)       1401479.0
c  210   60962A51B51H           (3)2(  7.0)       1406679.0
c  211   60962A51B51H           (3)1(  4.0)       1408679.0
c  212   60962A51B51H           (3)1(  4.0)       1410279.0
c  213   60962A51B51H           (1)3(  3.0)       1411779.0
c  214   60962A51B51H           (3)1(  4.0)       1416779.0
c  215   60962A51B51H           (3)0(  1.0)       1418279.0
c  216   60962A51B51H           (3)6( 19.0)       1419979.0
c  217   60962A51B51H           (3)2(  7.0)       1422979.0
c  218   60962A51B51H           (1)6(  6.0)       1426579.0
c  219   60962A51B51H           (1)1(  1.0)       1428279.0
c  220   60962A51B51H           (1)1(  1.0)       1429879.0
c  221   60962A51B51H           (1)2(  2.0)       1432479.0
c  222   60962A51B51H           (1)0(  0.0)       1433179.0
c  223   60962A51B51H           (3)0(  1.0)       1437779.0
c  224   60962A51B51H           (3)1(  4.0)       1466879.0
c  225   60962A51B51H           (1)1(  1.0)       1492179.0
c  226   60962A51B51I           (1)7(  7.0)       1552079.0
c  227   60962A51B51I           (5)3( 17.0)       1553879.0
c  228   60962A51B51I           (5)6( 32.0)       1557579.0
c  229   60962A51B51I           (5)4( 22.0)       1559379.0
c  230   60962A51B51I           (1)4(  4.0)       1560879.0
c  231   60962A51B51I           (5)2( 12.0)       1561479.0
c  232   60962A51B51I           (5)7( 37.0)       1562279.0
c  233   60962A51B51I           (3)4( 13.0)       1564479.0
c  234   60962A51B51I           (3)6( 19.0)       1564579.0
c  235   60962A51B51I           (3)3( 10.0)       1564879.0
c  236   60962A51B51I           (3)7( 22.0)       1565979.0
c  237   60962A51B51I           (5)4( 22.0)       1569379.0
c  238   60962A51B51I           (5)5( 27.0)       1570179.0
c  239   60962A51B51I           (1)6(  6.0)       1571579.0
c  240   60962A51B51I           (3)5( 16.0)       1572879.0
c  241   60962A51B51I           (3)3( 10.0)       1573579.0
c  242   60962A51B51I           (5)3( 17.0)       1574379.0
c  243   60962A51B51I           (5)5( 27.0)       1574479.0
c  244   60962A51B51I           (3)3( 10.0)       1575079.0
c  245   60962A51B51I           (5)1(  7.0)       1575479.0
c  246   60962A51B51I           (3)6( 19.0)       1576079.0
c  247   60962A51B51I           (3)1(  4.0)       1577779.0
c  248   60962A51B51I           (1)5(  5.0)       1578079.0
c  249   60962A51B51I           (3)5( 16.0)       1578179.0
c  250   60962A51B51I           (3)4( 13.0)       1578679.0
c  251   60962A51B51I           (3)4( 13.0)       1579079.0
c  252   60962A51B51I           (1)3(  3.0)       1579479.0
c  253   60962A51B51I           (3)5( 16.0)       1580879.0
c  254   60962A51B51I           (3)2(  7.0)       1583179.0
c  255   60962A51B51I           (1)2(  2.0)       1585279.0
c  256   60962A51B51I           (3)2(  7.0)       1587079.0
c  257   60962A51B51I           (1)1(  1.0)       1587379.0
c  258   60962A51B51I           (1)4(  4.0)       1588179.0
c  259   60962A51B51I           (3)7( 22.0)       1589079.0
c  260   60962A51B51I           (3)4( 13.0)       1589479.0
c  261   60962A51B51I           (3)4( 13.0)       1589879.0
c  262   60962A51B51I           (3)5( 16.0)       1590779.0
c  263   60962A51B51I           (1)5(  5.0)       1591079.0
c  264   60962A51B51I           (3)3( 10.0)       1591479.0
c  265   60962A51B51I           (3)6( 19.0)       1592279.0
c  266   60962A51B51I           (3)5( 16.0)       1592779.0
c  267   60962A51B51I           (3)2(  7.0)       1594979.0
c  268   60962A51B51I           (3)1(  4.0)       1595879.0
c  269   60962A51B51I           (1)4(  4.0)       1595979.0
c  270   60962A51B51I           (3)1(  4.0)       1597079.0
c  271   60962A51B51I           (3)3( 10.0)       1597679.0
c  272   60962A51B51I           (1)6(  6.0)       1600779.0
c  273   60962A51B51I           (5)2( 12.0)       1603379.0
c  274   60962A51B51I           (1)2(  2.0)       1603679.0
c  275   60962A51B51I           (1)3(  3.0)       1604079.0
c  276   60962A51B51I           (1)5(  5.0)       1605479.0
c  277   60962A51B51I           (3)0(  1.0)       1609479.0
c  278   60962A51B51I           (3)8( 25.0)       1610379.0
c  279   60962A51B51I           (3)4( 13.0)       1610679.0
c  280   60962A51B51I           (1)3(  3.0)       1612379.0
c  281   60962A51B51I           (3)3( 10.0)       1613079.0
c  282   60962A51B51I           (3)4( 13.0)       1613279.0
c  283   60962A51B51I           (3)3( 10.0)       1614279.0
c  284   60962A51B51I           (5)3( 17.0)       1614479.0
c  285   60962A51B51I           (1)4(  4.0)       1615179.0
c  286   60962A51B51I           (3)2(  7.0)       1617179.0
c  287   60962A51B51I           (3)5( 16.0)       1617379.0
c  288   60962A51B51I           (1)3(  3.0)       1617779.0
c  289   60962A51B51I           (3)1(  4.0)       1618379.0
c  290   60962A51B51I           (3)7( 22.0)       1618779.0
c  291   60962A51B51I           (1)8(  8.0)       1618979.0
c  292   60962A51B51I           (3)6( 19.0)       1620679.0
c  293   60962A51B51I           (1)4(  4.0)       1620979.0
c  294   60962A51B51I           (5)1(  7.0)       1621179.0
c  295   60962A51B51I           (3)2(  7.0)       1623079.0
c  296   60962A51B51I           (1)5(  5.0)       1625479.0
c  297   60962A51B51I           (1)7(  7.0)       1628079.0
c  298   60962A51B51I           (1)6(  6.0)       1628179.0
c  299   60962A51B51I           (3)3( 10.0)       1628179.0
c  300   60962A51B51I           (3)2(  7.0)       1629579.0
c  301   60962A51B51I           (1)2(  2.0)       1631479.0
c  302   60962A51B51I           (1)2(  2.0)       1634879.0
c  303   60962A51B51I           (3)1(  4.0)       1635579.0
c  304   60962A51B51I           (1)1(  1.0)       1635679.0
c  305   60962A51B51I           (1)0(  0.0)       1636879.0
c  306   60962A51B51I           (1)3(  3.0)       1636879.0
c  307   60962A51B51I           (1)1(  1.0)       1640079.0
c  308   60962A51B51I           (3)2(  7.0)       1687079.0
c  309   60962A51B51I           (1)2(  2.0)       1695679.0
c  310   60962A51B51M           (1)5(  5.0)       1723379.0
c  311   9963A52B               (1)4(  4.0)       1724579.0
c  312   60962A51B51M           (5)5( 27.0)       1725179.0
c  313   60962A51B51M           (3)5( 16.0)       1732079.0
c  314   60962A51B51M           (5)3( 17.0)       1737079.0
c  315   60962A51B51M           (3)3( 10.0)       1741079.0
c  316   60962A51B51M           (3)5( 16.0)       1749979.0
c  317   60962A51B51M           (1)3(  3.0)       1751679.0
c  318   60962A51B51M           (3)3( 10.0)       1754279.0
c  319   60962A51B51M           (3)4( 13.0)       1755279.0
c  320   9963A52B               (1)2(  2.0)       1756979.0
c  321   9963A52B               (3)5( 16.0)       1757579.0
c  322   60962A51B51M           (1)4(  4.0)       1767679.0
c  323   60962A51B51M           (5)1(  7.0)       1776379.0
c  324   60962A51B51M           (3)2(  7.0)       1779179.0
c  325   60962A51B51M           (3)6( 19.0)       1780579.0
c  326   60962A51B51M           (3)1(  4.0)       1781079.0
c  327   60962A51B51M           (1)6(  6.0)       1787079.0
c  328   60962A51B51M           (1)2(  2.0)       1791779.0
c  329   60962A51B51N           (3)6( 19.0)       1793279.0
c  330   60962A51B51N           (1)3(  3.0)       1794079.0
c  331   9963A52B               (3)3( 10.0)       1796179.0
c  332   60962A51B51M           (1)1(  1.0)       1796479.0
c  333   60962A51B51M           (3)1(  4.0)       1798679.0
c  334   60962A51B51N           (5)4( 22.0)       1808079.0
c  335   60962A51B51N           (5)6( 32.0)       1810579.0
c  336   9963A52B               (1)3(  3.0)       1810979.0
c  337   60962A51B51N           (3)4( 13.0)       1812079.0
c  338   60962A51B51N           (3)5( 16.0)       1814079.0
c  339   60962A51B51N           (3)4( 13.0)       1814079.0
c  340   60962A51B51N           (1)4(  4.0)       1815679.0
c  341   60962A51B51N           (5)5( 27.0)       1816179.0
c  342   60962A51B51N           (5)3( 17.0)       1817579.0
c  343   60962A51B51N           (5)2( 12.0)       1818479.0
c  344   60962A51B51N           (3)4( 13.0)       1818479.0
c  345   60962A51B51N           (5)4( 22.0)       1820679.0
c  346   60962A51B51N           (3)6( 19.0)       1821279.0
c  347   60962A51B51N           (1)2(  2.0)       1822079.0
c  348   60962A51B51N           (1)5(  5.0)       1822479.0
c  349   60962A51B51N           (3)2(  7.0)       1825279.0
c  350   60962A51B51N           (3)3( 10.0)       1827979.0
c  351   60962A51B51N           (1)4(  4.0)       1829279.0
c  352   60962A51B51N           (3)5( 16.0)       1831079.0
c  353   60962A51B51N           (3)3( 10.0)       1832479.0
c  354   60962A51B51N           (1)5(  5.0)       1834579.0
c  355   60962A51B51N           (3)2(  7.0)       1836179.0
c  356   60962A51B51N           (3)4( 13.0)       1837679.0
c  357   60962A51B51N           (1)4(  4.0)       1838679.0
c  358   60962A51B51N           (1)3(  3.0)       1842179.0
c  359   60962A51B51N           (3)3( 10.0)       1843879.0
c  360   60962A51B51N           (3)4( 13.0)       1846279.0
c  361   60962A51B51N           (3)5( 16.0)       1846779.0
c  362   60962A51B51N           (1)5(  5.0)       1846979.0
c  363   60962A51B51N           (1)7(  7.0)       1847379.0
c  364   9963A52B               (3)2(  7.0)       1850479.0
c  365   60962A51B51M           (3)0(  1.0)       1851879.0
c  366   60962A51B51N           (1)6(  6.0)       1853279.0
c  367   60962A51B51N           (3)1(  4.0)       1853779.0
c  368   60962A51B51N           (3)2(  7.0)       1857679.0
c  369   60962A51B51M           (1)0(  0.0)       1858279.0
c  370   60962A51B51N           (3)1(  4.0)       1858479.0
c  371   60962A51B51N           (1)2(  2.0)       1860379.0
c  372   60962A51B51N           (5)2( 12.0)       1860479.0
c  373   60962A51B51N           (3)5( 16.0)       1860579.0
c  374   60962A51B51N           (5)1(  7.0)       1861279.0
c  375   60962A51B51N           (3)3( 10.0)       1862279.0
c  376   60962A51B51N           (3)7( 22.0)       1863479.0
c  377   60962A51B51N           (1)3(  3.0)       1864779.0
c  378   60962A51B51N           (3)2(  7.0)       1865379.0
c  379   60962A51B51N           (3)0(  1.0)       1865879.0
c  380   9963A52B               (3)1(  4.0)       1867479.0
c  381   9963A52B               (3)4( 13.0)       1872679.0
c  382   60962A51B51N           (3)6( 19.0)       1873979.0
c  383   60962A51B51N           (3)1(  4.0)       1874279.0
c  384   60962A51B51N           (3)2(  7.0)       1874879.0
c  385   60962A51B51N           (5)0(  2.0)       1875779.0
c  386   60962A51B51N           (1)6(  6.0)       1876779.0
c  387   60962A51B51N           (1)1(  1.0)       1882579.0
c  388   60962A51B51N           (1)2(  2.0)       1885379.0
c  389   60962A51B51N           (1)1(  1.0)       1886179.0
c  390   60962A51B51N           (3)0(  1.0)       1890279.0
c  391   60962A51B51N           (1)0(  0.0)       1890279.0
c  392   60962A51B51O           (1)7(  7.0)       1913979.0
c  393   60962A51B51O           (5)3( 17.0)       1920379.0
c  394   60962A51B51O           (1)6(  6.0)       1921379.0
c  395   60962A51B51O           (5)4( 22.0)       1925379.0
c  396   60962A51B51O           (3)5( 16.0)       1926379.0
c  397   60962A51B51O           (3)7( 22.0)       1926779.0
c  398   60962A51B51O           (5)6( 32.0)       1927479.0
c  399   60962A51B51O           (5)7( 37.0)       1927579.0
c  400   60962A51B51O           (5)5( 27.0)       1927579.0
c  401   60962A51B51O           (3)3( 10.0)       1929079.0
c  402   60962A51B51O           (3)4( 13.0)       1930679.0
c  403   60962A51B51O           (5)1(  7.0)       1930779.0
c  404   60962A51B51N           (3)1(  4.0)       1932279.0
c  405   60962A51B51O           (3)6( 19.0)       1933079.0
c  406   60962A51B51O           (3)3( 10.0)       1933279.0
c  407   60962A51B51O           (3)4( 13.0)       1934679.0
c  408   60962A51B51O           (5)2( 12.0)       1936179.0
c  409   60962A51B51O           (3)1(  4.0)       1936479.0
c  410   60962A51B51O           (5)3( 17.0)       1936879.0
c  411   60962A51B51O           (5)4( 22.0)       1938079.0
c  412   60962A51B51O           (5)5( 27.0)       1938879.0
c  413   60962A51B51O           (3)2(  7.0)       1939079.0
c  414   60962A51B51O           (1)4(  4.0)       1941879.0
c  415   60962A51B51O           (1)5(  5.0)       1942279.0
c  416   60962A51B51O           (3)6( 19.0)       1942479.0
c  417   60962A51B51N           (1)1(  1.0)       1943079.0
c  418   60962A51B51O           (3)5( 16.0)       1943779.0
c  419   60962A51B51O           (1)3(  3.0)       1943779.0
c  420   60962A51B51O           (3)3( 10.0)       1944179.0
c  421   60962A51B51O           (3)5( 16.0)       1945879.0
c  422   60962A51B51O           (3)5( 16.0)       1946479.0
c  423   60962A51B51O           (1)2(  2.0)       1948879.0
c  424   60962A51B51O           (1)4(  4.0)       1949279.0
c  425   60962A51B51O           (1)3(  3.0)       1949379.0
c  426   60962A51B51O           (3)2(  7.0)       1949779.0
c  427   60962A51B51O           (3)3( 10.0)       1951679.0
c  428   60962A51B51O           (1)4(  4.0)       1951779.0
c  429   60962A51B51O           (1)2(  2.0)       1951779.0
c  430   60962A51B51O           (3)2(  7.0)       1951779.0
c  431   60962A51B51O           (1)3(  3.0)       1952079.0
c  432   60962A51B51O           (1)1(  1.0)       1952279.0
c  433   60962A51B51O           (3)4( 13.0)       1952379.0
c  434   60962A51B51O           (3)4( 13.0)       1953079.0
c  435   60962A51B51O           (3)7( 22.0)       1953579.0
c  436   60962A51B51O           (3)3( 10.0)       1954479.0
c  437   60962A51B51O           (3)6( 19.0)       1955079.0
c  438   60962A51B51O           (3)4( 13.0)       1956179.0
c  439   60962A51B51O           (3)5( 16.0)       1956779.0
c  440   60962A51B51O           (1)5(  5.0)       1956879.0
c  441   60962A51B51O           (3)1(  4.0)       1958279.0
c  442   60962A51B51O           (1)5(  5.0)       1962779.0
c  443   60962A51B51O           (1)6(  6.0)       1962779.0
c  444   9963A52B               (1)5(  5.0)       1964379.0
c  445   9963A52B               (1)1(  1.0)       1967379.0
c  446   60962A51B51O           (5)2( 12.0)       1970879.0
c  447   60962A51B51O           (3)0(  1.0)       1973679.0
c  448   60962A51B51O           (1)3(  3.0)       1973779.0
c  449   60962A51B51O           (3)3( 10.0)       1974179.0
c  450   60962A51B51O           (1)2(  2.0)       1974379.0
c  451   60962A51B51O           (1)4(  4.0)       1974979.0
c  452   60962A51B51O           (3)4( 13.0)       1977479.0
c  453   60962A51B51O           (3)8( 25.0)       1977679.0
c  454   60962A51B51O           (3)1(  4.0)       1978179.0
c  455   60962A51B51O           (5)3( 17.0)       1978379.0
c  456   60962A51B51O           (3)2(  7.0)       1979179.0
c  457   60962A51B51O           (3)2(  7.0)       1980579.0
c  458   60962A51B51O           (3)1(  4.0)       1981079.0
c  459   60962A51B51O           (3)5( 16.0)       1981479.0
c  460   60962A51B51O           (1)4(  4.0)       1981479.0
c  461   60962A51B51O           (1)8(  8.0)       1981779.0
c  462   60962A51B51O           (3)7( 22.0)       1981879.0
c  463   60962A51B51O           (3)6( 19.0)       1983079.0
c  464   60962A51B51O           (3)4( 13.0)       1983779.0
c  465   60962A51B51O           (1)5(  5.0)       1985179.0
c  466   60962A51B51O           (1)7(  7.0)       1986379.0
c  467   60962A51B51O           (1)6(  6.0)       1986479.0
c  468   60962A51B51O           (3)3( 10.0)       1986879.0
c  469   60962A51B51O           (5)1(  7.0)       1986979.0
c  470   60962A51B51O           (1)1(  1.0)       1993179.0
c  471   60962A51B51O           (1)0(  0.0)       1993579.0
c  472   60962A51B51O           (3)2(  7.0)       1994379.0
c  473   60962A51B51O           (3)3( 10.0)       1996679.0
c  474   60962A51B51O           (1)2(  2.0)       1997179.0
c  475   60962A51B51O           (1)3(  3.0)       1998379.0
c  476   60962A51B51O           (3)1(  4.0)       1998379.0
c  477   60962A51B51O           (1)1(  1.0)       2000679.0
c  478   60962A51B51O           (3)2(  7.0)       2051679.0
c  479   60962A51B51O           (1)2(  2.0)       2055779.0
c  480   60652755860963A52B     (1)3(  3.0)       3226679.0
c  481   60652755860963A52B     (1)2(  2.0)       3287579.0
c  482   60652755860963A52B     (1)4(  4.0)       3292779.0
c  483   60652755860963A52B     (3)3( 10.0)       3377879.0
c  484   60652755860963A52B     (3)2(  7.0)       3509379.0
c  485   60652755860963A52B     (3)4( 13.0)       3559779.0
 
 
 
c-------------------------------------------------------------------------------
 
C  superstage partition information
C  ================================
C
C  element symbol   : W
C  parent template  : 
C  partition level  :  1
C  superstage label : 14
C
C  tabulation       : photon emissivity coefft (te,ne)
C  units            : ph. emis coef(cm^3 s^-1); te (ev); ne (cm^-3)
C
C  photon emissivity atomic transitions
C  ------------------------------------
C  
C   isel  wvlen(A)            transition                type  ispb nspb
C                                                             ispp nspp sz    tg pr wr
C  ----- ---------- ----------------------------------- ----- ---- ---- --    -- -- --
C      1   53.3994  381(3)4( 13.0)-  1(3)5( 16.0)       excit   1    1  14   327 40  1
C      2   224.295   56(3)2(  7.0)-  2(3)3( 10.0)       excit   1    1  14   467 45  2
C      3   226.653   63(1)6(  6.0)-  5(1)6(  6.0)       excit   1    1  14  1643 28  3
C      4   227.942   54(1)4(  4.0)-  1(3)5( 16.0)       excit   1    1  14    43 11  4
C      5   229.986   52(3)5( 16.0)-  1(3)5( 16.0)       excit   1    1  14    42  3  5
C      6   231.198   51(3)2(  7.0)-  1(3)5( 16.0)       excit   1    1  14    41 18  6
C      7   232.351   61(1)3(  3.0)-  4(1)2(  2.0)       excit   1    1  14  1300 33  7
C      8   233.416   49(3)3( 10.0)-  1(3)5( 16.0)       excit   1    1  14    40 34  8
C      9   234.885   51(3)2(  7.0)-  2(3)3( 10.0)       excit   1    1  14   463  9  9
C     10   237.174   49(3)3( 10.0)-  2(3)3( 10.0)       excit   1    1  14   461  4 10
C     11   237.175   46(1)5(  5.0)-  1(3)5( 16.0)       excit   1    1  14    39 31 11
C     12   237.890   57(3)1(  4.0)-  4(1)2(  2.0)       excit   1    1  14  1298 39 12
C     13   240.065   59(1)7(  7.0)-  5(1)6(  6.0)       excit   1    1  14  1642 24 13
C     14   240.741   58(1)5(  5.0)-  5(1)6(  6.0)       excit   1    1  14  1641 38 14
C     15   240.901   55(1)3(  3.0)-  3(1)4(  4.0)       excit   1    1  14   912 35 15
C     16   241.056   46(1)5(  5.0)-  2(3)3( 10.0)       excit   1    1  14   458  8 16
C     17   242.169   60(1)2(  2.0)-  6(3)1(  4.0)       excit   1    1  14  1921 50 17
C     18   242.489   43(3)6( 19.0)-  1(3)5( 16.0)       excit   1    1  14    38 15 18
C     19   243.594   42(3)4( 13.0)-  1(3)5( 16.0)       excit   1    1  14    37  5 19
C     20   245.490   52(3)5( 16.0)-  3(1)4(  4.0)       excit   1    1  14   910 13 20
C     21   246.094   41(3)4( 13.0)-  1(3)5( 16.0)       excit   1    1  14    36 30 21
C     22   247.690   42(3)4( 13.0)-  2(3)3( 10.0)       excit   1    1  14   454 12 22
C     23   249.433   40(3)6( 19.0)-  1(3)5( 16.0)       excit   1    1  14    35  1 23
C     24   250.275   41(3)4( 13.0)-  2(3)3( 10.0)       excit   1    1  14   453  6 24
C     25   251.355   56(3)2(  7.0)-  6(3)1(  4.0)       excit   1    1  14  1919 21 25
C     26   263.930   41(3)4( 13.0)-  3(1)4(  4.0)       excit   1    1  14   904 42 26
C     27   285.299   28(3)3( 10.0)-  1(3)5( 16.0)       excit   1    1  14    24 32 27
C     28   290.934   28(3)3( 10.0)-  2(3)3( 10.0)       excit   1    1  14   441 27 28
C     29   292.386   39(3)2(  7.0)-  6(3)1(  4.0)       excit   1    1  14  1907 29 29
C     30   296.245   31(3)5( 16.0)-  3(1)4(  4.0)       excit   1    1  14   896 14 30
C     31   307.949   20(3)6( 19.0)-  1(3)5( 16.0)       excit   1    1  14    17  2 31
C     32   316.207   18(3)4( 13.0)-  1(3)5( 16.0)       excit   1    1  14    15 49 32
C     33   317.340   17(3)5( 16.0)-  1(3)5( 16.0)       excit   1    1  14    14 17 33
C     34   323.142   18(3)4( 13.0)-  2(3)3( 10.0)       excit   1    1  14   432 20 34
C     35   328.169   16(3)3( 10.0)-  2(3)3( 10.0)       excit   1    1  14   430 37 35
C     36   331.048   15(5)3( 17.0)-  2(3)3( 10.0)       excit   1    1  14   429 36 36
C     37   350.270   24(3)7( 22.0)-  5(1)6(  6.0)       excit   1    1  14  1629 46 37
C     38   350.841   13(5)4( 22.0)-  1(3)5( 16.0)       excit   1    1  14    11 44 38
C     39   354.573   12(3)4( 13.0)-  1(3)5( 16.0)       excit   1    1  14    10 23 39
C     40   355.936   11(5)4( 22.0)-  1(3)5( 16.0)       excit   1    1  14     9 25 40
C     41   356.552   21(3)5( 16.0)-  5(1)6(  6.0)       excit   1    1  14  1628 43 41
C     42   364.749   11(5)4( 22.0)-  2(3)3( 10.0)       excit   1    1  14   425 16 42
C     43   372.844   10(5)6( 32.0)-  1(3)5( 16.0)       excit   1    1  14     8 10 43
C     44   382.525   10(5)6( 32.0)-  2(3)3( 10.0)       excit   1    1  14   424 47 44
C     45   801.340    8(3)3( 10.0)-  2(3)3( 10.0)       excit   1    1  14   422 48 45
C     46   2083.46    6(3)1(  4.0)-  2(3)3( 10.0)       excit   1    1  14   420 26 46
C     47   2105.48    5(1)6(  6.0)-  1(3)5( 16.0)       excit   1    1  14     4 22 47
C     48   3262.86    4(1)2(  2.0)-  2(3)3( 10.0)       excit   1    1  14   418 19 48
C     49   3641.63    3(1)4(  4.0)-  1(3)5( 16.0)       excit   1    1  14     2  7 49
C     50   5764.02    6(3)1(  4.0)-  4(1)2(  2.0)       excit   1    1  14  1263 41 50
c-------------------------------------------------------------------------------
                                                                                
C  code     : adas810
C  producer : Adam Foster
C  date     : 15/05/09
                                                                                
c-------------------------------------------------------------------------------

C-----------------------------------------------------------------------
C                               OPEN-ADAS
C                               +++++++++
C
C This file has been downloaded from OPEN-ADAS (http://open.adas.ac.uk)
C on 26-Mar-2025.
C
C TERMS AND CONDITIONS
C --------------------
C
C The user of the OPEN-ADAS system and data (hereinafter "the User")
C accepts the following terms and conditions:
C
C   1. The University of Strathclyde uses all reasonable endeavours to
C      ensure the accuracy of the data provided and any information
C      given, but the University makes no warranty, expressed or implied
C      as to its accuracy, integrity, fitness for purpose and shall not
C      be responsible for the use to which the data is put by the User
C      and/or any consequences arising out of any inaccuracies or
C      omissions.
C
C   2. Any downloaded OPEN-ADAS file is made available for the
C      personal use of the User only.  It must not be used for any
C      commercial application, incorporated into any web site or in
C      any form re-distributed without express prior written permission
C      from the ADAS Project. In particular, but not by way of
C      limitation, it must not be:
C        *  inserted into a managed database structure,
C        *  redistributed along with a modelling or analysis code,
C        *  made available on a public website.
C
C Permission for OPEN-ADAS data incorporation in non-commercial
C code/system development for scientific advance will not be
C unreasonably withheld, but will be subject to written agreement
C on a case by case basis.
C
C The User will indemnify the University of Strathclyde and keep it
C fully and effectively indemnified against each and every claim made
C against the University as a result of the User's use of the data.
C
C-----------------------------------------------------------------------
