   50    /W :64 photon emissivity coefficients/
--------------------------------------------------------------------------------
    1    1    1    1    1    1    1    1    1    1    1    1    1    1
    1    1    1    1    1    1    1    1    1    1    1    1    1    1
    1    1    1    1    1    1    1    1    1    1    1    1    1    1
    1    1    1    1    1    1    1    1    1    1    1    1    1    1
    1    1    1    1    1    1    1    1    1    1    1    1    1    1
    1    1    1    1    1
--------------------------------------------------------------------------------
//#01/p00/ 00/p01/ 01/p02/ 02/p03/ 03/p04/ 04/p05/ 05/p06/ 06/p07/ 07/p08/ 08/  
      p09/ 09/p10/ 10/p11/ 11/p12/ 12/p13/ 13/p14/ 14/p15/ 15/p16/ 16/p17/ 17/  
      p18/ 18/p19/ 19/p20/ 20/p21/ 21/p22/ 22/p23/ 23/p24/ 24/p25/ 25/p26/ 26/  
      p27/ 27/p28/ 28/p29/ 29/p30/ 30/p31/ 31/p32/ 32/p33/ 33/p34/ 34/p35/ 35/  
      p36/ 36/p37/ 37/p38/ 38/p39/ 39/p40/ 40/p41/ 41/p42/ 42/p43/ 43/p44/ 44/  
      p45/ 45/p46/ 46/p47/ 47/p48/ 48/p49/ 49/p50/ 50/p51/ 51/p52/ 52/p53/ 53/  
      p54/ 54/p55/ 55/p56/ 56/p57/ 57/p58/ 58/p59/ 59/p60/ 60/p61/ 61/p62/ 62/  
      p63/ 63/p64/ 64/p65/ 65/p66/ 66/p67/ 67/p68/ 68/p69/ 69/p70/ 70/p71/ 71/  
      p72/ 72/p73/ 73/p74/ 74/                                                  
--------------------------------------------------------------------------------
  1.01748    7  14 /pl=01:ss=64:pb= 1:sz=64/type=excit/ispb = t/isel =    1
 1.00E+10 1.00E+11 1.00E+12 1.00E+13 1.00E+14 1.00E+15 1.00E+16
 7.28E+01 1.09E+02 1.82E+02 3.64E+02 7.28E+02 1.82E+03 3.64E+03 5.46E+03
 7.28E+03 1.09E+04 1.82E+04 3.64E+04 7.28E+04 1.09E+05
 1.00E-74 1.00E-74 4.40E-41 1.10E-26 1.45E-19 2.15E-15 4.43E-14 1.13E-13
 1.76E-13 2.62E-13 3.43E-13 3.92E-13 3.91E-13 3.78E-13
 1.00E-74 1.00E-74 4.62E-41 1.10E-26 1.45E-19 2.15E-15 4.43E-14 1.13E-13
 1.76E-13 2.62E-13 3.43E-13 3.92E-13 3.91E-13 3.78E-13
 1.00E-74 1.00E-74 4.53E-41 1.10E-26 1.45E-19 2.15E-15 4.43E-14 1.13E-13
 1.76E-13 2.62E-13 3.43E-13 3.92E-13 3.91E-13 3.78E-13
 1.00E-74 1.00E-74 4.53E-41 1.10E-26 1.45E-19 2.15E-15 4.43E-14 1.13E-13
 1.76E-13 2.62E-13 3.43E-13 3.92E-13 3.91E-13 3.78E-13
 1.00E-74 1.00E-74 4.53E-41 1.10E-26 1.45E-19 2.15E-15 4.43E-14 1.13E-13
 1.76E-13 2.62E-13 3.43E-13 3.92E-13 3.91E-13 3.78E-13
 1.00E-74 1.00E-74 4.53E-41 1.10E-26 1.45E-19 2.15E-15 4.43E-14 1.13E-13
 1.76E-13 2.62E-13 3.43E-13 3.92E-13 3.91E-13 3.78E-13
 1.00E-74 1.00E-74 4.53E-41 1.10E-26 1.45E-19 2.15E-15 4.43E-14 1.13E-13
 1.76E-13 2.62E-13 3.43E-13 3.92E-13 3.91E-13 3.78E-13
  1.03889    7  14 /pl=01:ss=64:pb= 1:sz=64/type=excit/ispb = t/isel =    2
 1.00E+10 1.00E+11 1.00E+12 1.00E+13 1.00E+14 1.00E+15 1.00E+16
 7.28E+01 1.09E+02 1.82E+02 3.64E+02 7.28E+02 1.82E+03 3.64E+03 5.46E+03
 7.28E+03 1.09E+04 1.82E+04 3.64E+04 7.28E+04 1.09E+05
 1.00E-74 1.00E-74 5.26E-40 6.31E-26 5.91E-19 7.17E-15 1.39E-13 3.49E-13
 5.35E-13 7.90E-13 1.03E-12 1.17E-12 1.16E-12 1.11E-12
 1.00E-74 1.00E-74 5.13E-40 6.31E-26 5.91E-19 7.17E-15 1.39E-13 3.49E-13
 5.35E-13 7.90E-13 1.03E-12 1.17E-12 1.16E-12 1.11E-12
 1.00E-74 1.00E-74 5.17E-40 6.31E-26 5.91E-19 7.17E-15 1.39E-13 3.49E-13
 5.35E-13 7.90E-13 1.03E-12 1.17E-12 1.16E-12 1.11E-12
 1.00E-74 1.00E-74 5.16E-40 6.31E-26 5.91E-19 7.17E-15 1.39E-13 3.49E-13
 5.35E-13 7.90E-13 1.03E-12 1.17E-12 1.16E-12 1.11E-12
 1.00E-74 1.00E-74 5.16E-40 6.31E-26 5.91E-19 7.17E-15 1.39E-13 3.49E-13
 5.35E-13 7.90E-13 1.03E-12 1.17E-12 1.16E-12 1.11E-12
 1.00E-74 1.00E-74 5.16E-40 6.31E-26 5.91E-19 7.17E-15 1.39E-13 3.49E-13
 5.35E-13 7.90E-13 1.03E-12 1.17E-12 1.16E-12 1.11E-12
 1.00E-74 1.00E-74 5.16E-40 6.31E-26 5.91E-19 7.17E-15 1.39E-13 3.49E-13
 5.35E-13 7.90E-13 1.03E-12 1.17E-12 1.16E-12 1.11E-12
  1.06830    7  14 /pl=01:ss=64:pb= 1:sz=64/type=excit/ispb = t/isel =    3
 1.00E+10 1.00E+11 1.00E+12 1.00E+13 1.00E+14 1.00E+15 1.00E+16
 7.28E+01 1.09E+02 1.82E+02 3.64E+02 7.28E+02 1.82E+03 3.64E+03 5.46E+03
 7.28E+03 1.09E+04 1.82E+04 3.64E+04 7.28E+04 1.09E+05
 1.00E-74 1.00E-74 4.47E-41 2.22E-27 1.45E-20 1.73E-16 3.67E-15 9.56E-15
 1.50E-14 2.25E-14 2.94E-14 3.29E-14 3.18E-14 3.01E-14
 1.00E-74 1.00E-74 4.41E-41 2.22E-27 1.45E-20 1.73E-16 3.67E-15 9.56E-15
 1.50E-14 2.25E-14 2.94E-14 3.29E-14 3.18E-14 3.01E-14
 1.00E-74 1.00E-74 4.40E-41 2.22E-27 1.45E-20 1.73E-16 3.67E-15 9.56E-15
 1.50E-14 2.25E-14 2.94E-14 3.29E-14 3.18E-14 3.01E-14
 1.00E-74 1.00E-74 4.40E-41 2.22E-27 1.45E-20 1.73E-16 3.67E-15 9.56E-15
 1.50E-14 2.25E-14 2.94E-14 3.29E-14 3.18E-14 3.01E-14
 1.00E-74 1.00E-74 4.40E-41 2.22E-27 1.45E-20 1.73E-16 3.67E-15 9.56E-15
 1.50E-14 2.25E-14 2.94E-14 3.29E-14 3.18E-14 3.01E-14
 1.00E-74 1.00E-74 4.40E-41 2.22E-27 1.45E-20 1.73E-16 3.67E-15 9.56E-15
 1.50E-14 2.25E-14 2.94E-14 3.29E-14 3.18E-14 3.01E-14
 1.00E-74 1.00E-74 4.40E-41 2.22E-27 1.45E-20 1.73E-16 3.67E-15 9.56E-15
 1.50E-14 2.25E-14 2.94E-14 3.29E-14 3.18E-14 3.01E-14
  1.13018    7  14 /pl=01:ss=64:pb= 1:sz=64/type=excit/ispb = t/isel =    4
 1.00E+10 1.00E+11 1.00E+12 1.00E+13 1.00E+14 1.00E+15 1.00E+16
 7.28E+01 1.09E+02 1.82E+02 3.64E+02 7.28E+02 1.82E+03 3.64E+03 5.46E+03
 7.28E+03 1.09E+04 1.82E+04 3.64E+04 7.28E+04 1.09E+05
 1.00E-74 1.00E-74 9.68E-38 8.33E-25 2.07E-18 1.11E-14 1.61E-13 3.63E-13
 5.24E-13 7.18E-13 8.55E-13 8.55E-13 7.34E-13 6.44E-13
 1.00E-74 1.00E-74 9.68E-38 8.33E-25 2.07E-18 1.11E-14 1.61E-13 3.63E-13
 5.24E-13 7.18E-13 8.55E-13 8.55E-13 7.34E-13 6.44E-13
 1.00E-74 1.00E-74 9.68E-38 8.33E-25 2.07E-18 1.11E-14 1.61E-13 3.63E-13
 5.24E-13 7.18E-13 8.55E-13 8.55E-13 7.34E-13 6.44E-13
 1.00E-74 1.00E-74 9.68E-38 8.33E-25 2.07E-18 1.11E-14 1.61E-13 3.63E-13
 5.24E-13 7.18E-13 8.55E-13 8.55E-13 7.34E-13 6.44E-13
 1.00E-74 1.00E-74 9.68E-38 8.33E-25 2.07E-18 1.11E-14 1.61E-13 3.63E-13
 5.24E-13 7.18E-13 8.55E-13 8.55E-13 7.34E-13 6.44E-13
 1.00E-74 1.00E-74 9.68E-38 8.33E-25 2.07E-18 1.11E-14 1.61E-13 3.63E-13
 5.24E-13 7.18E-13 8.55E-13 8.55E-13 7.34E-13 6.44E-13
 1.00E-74 1.00E-74 9.68E-38 8.33E-25 2.07E-18 1.11E-14 1.61E-13 3.63E-13
 5.24E-13 7.18E-13 8.55E-13 8.55E-13 7.34E-13 6.44E-13
  1.13615    7  14 /pl=01:ss=64:pb= 1:sz=64/type=excit/ispb = t/isel =    5
 1.00E+10 1.00E+11 1.00E+12 1.00E+13 1.00E+14 1.00E+15 1.00E+16
 7.28E+01 1.09E+02 1.82E+02 3.64E+02 7.28E+02 1.82E+03 3.64E+03 5.46E+03
 7.28E+03 1.09E+04 1.82E+04 3.64E+04 7.28E+04 1.09E+05
 1.00E-74 1.00E-74 4.17E-38 3.06E-25 7.00E-19 3.60E-15 5.16E-14 1.16E-13
 1.67E-13 2.29E-13 2.72E-13 2.72E-13 2.34E-13 2.06E-13
 1.00E-74 1.00E-74 4.17E-38 3.06E-25 7.00E-19 3.60E-15 5.16E-14 1.16E-13
 1.67E-13 2.29E-13 2.72E-13 2.72E-13 2.34E-13 2.06E-13
 1.00E-74 1.00E-74 4.17E-38 3.06E-25 7.00E-19 3.60E-15 5.16E-14 1.16E-13
 1.67E-13 2.29E-13 2.72E-13 2.72E-13 2.34E-13 2.06E-13
 1.00E-74 1.00E-74 4.17E-38 3.06E-25 7.00E-19 3.60E-15 5.16E-14 1.16E-13
 1.67E-13 2.29E-13 2.72E-13 2.72E-13 2.34E-13 2.06E-13
 1.00E-74 1.00E-74 4.17E-38 3.06E-25 7.00E-19 3.60E-15 5.16E-14 1.16E-13
 1.67E-13 2.29E-13 2.72E-13 2.72E-13 2.34E-13 2.06E-13
 1.00E-74 1.00E-74 4.17E-38 3.06E-25 7.00E-19 3.60E-15 5.16E-14 1.16E-13
 1.67E-13 2.29E-13 2.72E-13 2.72E-13 2.34E-13 2.06E-13
 1.00E-74 1.00E-74 4.17E-38 3.06E-25 7.00E-19 3.60E-15 5.16E-14 1.16E-13
 1.67E-13 2.29E-13 2.72E-13 2.72E-13 2.34E-13 2.06E-13
  1.15702    7  14 /pl=01:ss=64:pb= 1:sz=64/type=excit/ispb = t/isel =    6
 1.00E+10 1.00E+11 1.00E+12 1.00E+13 1.00E+14 1.00E+15 1.00E+16
 7.28E+01 1.09E+02 1.82E+02 3.64E+02 7.28E+02 1.82E+03 3.64E+03 5.46E+03
 7.28E+03 1.09E+04 1.82E+04 3.64E+04 7.28E+04 1.09E+05
 1.00E-74 1.00E-74 1.38E-37 5.97E-25 1.07E-18 5.30E-15 8.49E-14 2.06E-13
 3.14E-13 4.66E-13 6.25E-13 7.50E-13 7.94E-13 7.90E-13
 1.00E-74 1.00E-74 1.38E-37 5.97E-25 1.07E-18 5.30E-15 8.49E-14 2.06E-13
 3.14E-13 4.66E-13 6.25E-13 7.50E-13 7.94E-13 7.90E-13
 1.00E-74 1.00E-74 1.38E-37 5.97E-25 1.07E-18 5.30E-15 8.49E-14 2.06E-13
 3.14E-13 4.66E-13 6.25E-13 7.50E-13 7.94E-13 7.90E-13
 1.00E-74 1.00E-74 1.38E-37 5.97E-25 1.07E-18 5.30E-15 8.49E-14 2.06E-13
 3.14E-13 4.66E-13 6.25E-13 7.50E-13 7.94E-13 7.90E-13
 1.00E-74 1.00E-74 1.38E-37 5.97E-25 1.07E-18 5.30E-15 8.49E-14 2.06E-13
 3.14E-13 4.66E-13 6.25E-13 7.50E-13 7.94E-13 7.90E-13
 1.00E-74 1.00E-74 1.38E-37 5.97E-25 1.07E-18 5.30E-15 8.49E-14 2.06E-13
 3.14E-13 4.66E-13 6.25E-13 7.50E-13 7.94E-13 7.90E-13
 1.00E-74 1.00E-74 1.38E-37 5.98E-25 1.07E-18 5.31E-15 8.50E-14 2.06E-13
 3.14E-13 4.66E-13 6.25E-13 7.50E-13 7.94E-13 7.90E-13
  1.17621    7  14 /pl=01:ss=64:pb= 1:sz=64/type=excit/ispb = t/isel =    7
 1.00E+10 1.00E+11 1.00E+12 1.00E+13 1.00E+14 1.00E+15 1.00E+16
 7.28E+01 1.09E+02 1.82E+02 3.64E+02 7.28E+02 1.82E+03 3.64E+03 5.46E+03
 7.28E+03 1.09E+04 1.82E+04 3.64E+04 7.28E+04 1.09E+05
 1.00E-74 1.00E-74 3.73E-37 1.08E-24 1.62E-18 6.96E-15 1.02E-13 2.36E-13
 3.52E-13 5.10E-13 6.60E-13 7.68E-13 7.88E-13 7.72E-13
 1.00E-74 1.00E-74 3.73E-37 1.08E-24 1.62E-18 6.96E-15 1.02E-13 2.36E-13
 3.52E-13 5.10E-13 6.60E-13 7.68E-13 7.88E-13 7.72E-13
 1.00E-74 1.00E-74 3.73E-37 1.08E-24 1.62E-18 6.96E-15 1.02E-13 2.36E-13
 3.52E-13 5.10E-13 6.60E-13 7.68E-13 7.88E-13 7.72E-13
 1.00E-74 1.00E-74 3.73E-37 1.08E-24 1.62E-18 6.96E-15 1.02E-13 2.36E-13
 3.52E-13 5.10E-13 6.60E-13 7.68E-13 7.88E-13 7.72E-13
 1.00E-74 1.00E-74 3.73E-37 1.08E-24 1.62E-18 6.96E-15 1.02E-13 2.36E-13
 3.52E-13 5.10E-13 6.60E-13 7.68E-13 7.88E-13 7.72E-13
 1.00E-74 1.00E-74 3.73E-37 1.08E-24 1.62E-18 6.96E-15 1.02E-13 2.36E-13
 3.52E-13 5.10E-13 6.60E-13 7.68E-13 7.88E-13 7.72E-13
 1.00E-74 1.00E-74 3.73E-37 1.08E-24 1.62E-18 6.97E-15 1.02E-13 2.36E-13
 3.52E-13 5.10E-13 6.60E-13 7.68E-13 7.88E-13 7.72E-13
  1.21427    7  14 /pl=01:ss=64:pb= 1:sz=64/type=excit/ispb = t/isel =    8
 1.00E+10 1.00E+11 1.00E+12 1.00E+13 1.00E+14 1.00E+15 1.00E+16
 7.28E+01 1.09E+02 1.82E+02 3.64E+02 7.28E+02 1.82E+03 3.64E+03 5.46E+03
 7.28E+03 1.09E+04 1.82E+04 3.64E+04 7.28E+04 1.09E+05
 1.00E-74 1.00E-74 3.84E-37 4.12E-25 3.60E-19 1.07E-15 1.34E-14 2.91E-14
 4.16E-14 5.68E-14 6.81E-14 6.94E-14 6.14E-14 5.48E-14
 1.00E-74 1.00E-74 3.84E-37 4.12E-25 3.60E-19 1.07E-15 1.34E-14 2.91E-14
 4.16E-14 5.68E-14 6.81E-14 6.94E-14 6.14E-14 5.48E-14
 1.00E-74 1.00E-74 3.84E-37 4.12E-25 3.60E-19 1.07E-15 1.34E-14 2.91E-14
 4.16E-14 5.68E-14 6.81E-14 6.94E-14 6.14E-14 5.48E-14
 1.00E-74 1.00E-74 3.84E-37 4.12E-25 3.60E-19 1.07E-15 1.34E-14 2.91E-14
 4.16E-14 5.68E-14 6.81E-14 6.94E-14 6.14E-14 5.48E-14
 1.00E-74 1.00E-74 3.84E-37 4.12E-25 3.60E-19 1.07E-15 1.34E-14 2.91E-14
 4.16E-14 5.68E-14 6.81E-14 6.94E-14 6.14E-14 5.48E-14
 1.00E-74 1.00E-74 3.84E-37 4.12E-25 3.60E-19 1.07E-15 1.34E-14 2.91E-14
 4.16E-14 5.68E-14 6.81E-14 6.94E-14 6.14E-14 5.48E-14
 1.00E-74 1.00E-74 3.84E-37 4.12E-25 3.60E-19 1.07E-15 1.34E-14 2.91E-14
 4.16E-14 5.68E-14 6.81E-14 6.94E-14 6.14E-14 5.48E-14
  1.26551    7  14 /pl=01:ss=64:pb= 1:sz=64/type=excit/ispb = t/isel =    9
 1.00E+10 1.00E+11 1.00E+12 1.00E+13 1.00E+14 1.00E+15 1.00E+16
 7.28E+01 1.09E+02 1.82E+02 3.64E+02 7.28E+02 1.82E+03 3.64E+03 5.46E+03
 7.28E+03 1.09E+04 1.82E+04 3.64E+04 7.28E+04 1.09E+05
 1.00E-74 1.00E-74 1.07E-35 3.74E-24 1.91E-18 4.40E-15 5.49E-14 1.23E-13
 1.80E-13 2.55E-13 3.24E-13 3.61E-13 3.52E-13 3.35E-13
 1.00E-74 1.00E-74 1.07E-35 3.74E-24 1.91E-18 4.40E-15 5.49E-14 1.23E-13
 1.80E-13 2.55E-13 3.24E-13 3.61E-13 3.52E-13 3.35E-13
 1.00E-74 1.00E-74 1.07E-35 3.74E-24 1.91E-18 4.40E-15 5.49E-14 1.23E-13
 1.80E-13 2.55E-13 3.24E-13 3.61E-13 3.52E-13 3.35E-13
 1.00E-74 1.00E-74 1.07E-35 3.74E-24 1.91E-18 4.40E-15 5.49E-14 1.23E-13
 1.80E-13 2.55E-13 3.24E-13 3.61E-13 3.52E-13 3.35E-13
 1.00E-74 1.00E-74 1.07E-35 3.74E-24 1.91E-18 4.40E-15 5.49E-14 1.23E-13
 1.80E-13 2.55E-13 3.24E-13 3.61E-13 3.52E-13 3.35E-13
 1.00E-74 1.00E-74 1.07E-35 3.74E-24 1.91E-18 4.40E-15 5.49E-14 1.23E-13
 1.80E-13 2.55E-13 3.24E-13 3.61E-13 3.52E-13 3.35E-13
 1.00E-74 1.00E-74 1.07E-35 3.74E-24 1.91E-18 4.40E-15 5.49E-14 1.23E-13
 1.80E-13 2.55E-13 3.24E-13 3.61E-13 3.52E-13 3.35E-13
  1.33225    7  14 /pl=01:ss=64:pb= 1:sz=64/type=excit/ispb = t/isel =   10
 1.00E+10 1.00E+11 1.00E+12 1.00E+13 1.00E+14 1.00E+15 1.00E+16
 7.28E+01 1.09E+02 1.82E+02 3.64E+02 7.28E+02 1.82E+03 3.64E+03 5.46E+03
 7.28E+03 1.09E+04 1.82E+04 3.64E+04 7.28E+04 1.09E+05
 1.00E-74 1.00E-74 2.30E-33 2.06E-22 5.22E-17 7.25E-14 6.88E-13 1.37E-12
 1.89E-12 2.52E-12 3.07E-12 3.40E-12 3.40E-12 3.30E-12
 1.00E-74 1.00E-74 2.30E-33 2.06E-22 5.22E-17 7.25E-14 6.88E-13 1.37E-12
 1.89E-12 2.52E-12 3.07E-12 3.40E-12 3.40E-12 3.30E-12
 1.00E-74 1.00E-74 2.30E-33 2.06E-22 5.22E-17 7.25E-14 6.88E-13 1.37E-12
 1.89E-12 2.52E-12 3.07E-12 3.40E-12 3.40E-12 3.30E-12
 1.00E-74 1.00E-74 2.30E-33 2.06E-22 5.22E-17 7.25E-14 6.88E-13 1.37E-12
 1.89E-12 2.52E-12 3.07E-12 3.40E-12 3.40E-12 3.30E-12
 1.00E-74 1.00E-74 2.30E-33 2.06E-22 5.22E-17 7.25E-14 6.88E-13 1.37E-12
 1.89E-12 2.52E-12 3.07E-12 3.40E-12 3.40E-12 3.30E-12
 1.00E-74 1.00E-74 2.30E-33 2.06E-22 5.22E-17 7.25E-14 6.88E-13 1.37E-12
 1.89E-12 2.52E-12 3.07E-12 3.40E-12 3.40E-12 3.30E-12
 1.00E-74 1.00E-74 2.30E-33 2.06E-22 5.22E-17 7.25E-14 6.88E-13 1.37E-12
 1.89E-12 2.52E-12 3.07E-12 3.40E-12 3.40E-12 3.30E-12
  1.36264    7  14 /pl=01:ss=64:pb= 1:sz=64/type=excit/ispb = t/isel =   11
 1.00E+10 1.00E+11 1.00E+12 1.00E+13 1.00E+14 1.00E+15 1.00E+16
 7.28E+01 1.09E+02 1.82E+02 3.64E+02 7.28E+02 1.82E+03 3.64E+03 5.46E+03
 7.28E+03 1.09E+04 1.82E+04 3.64E+04 7.28E+04 1.09E+05
 1.00E-74 1.00E-74 1.53E-32 7.77E-22 1.47E-16 1.75E-13 1.58E-12 3.11E-12
 4.24E-12 5.62E-12 6.85E-12 7.51E-12 7.44E-12 7.16E-12
 1.00E-74 1.00E-74 1.53E-32 7.77E-22 1.47E-16 1.75E-13 1.58E-12 3.11E-12
 4.24E-12 5.62E-12 6.85E-12 7.51E-12 7.44E-12 7.16E-12
 1.00E-74 1.00E-74 1.53E-32 7.77E-22 1.47E-16 1.75E-13 1.58E-12 3.11E-12
 4.24E-12 5.62E-12 6.85E-12 7.51E-12 7.44E-12 7.16E-12
 1.00E-74 1.00E-74 1.53E-32 7.77E-22 1.47E-16 1.75E-13 1.58E-12 3.11E-12
 4.24E-12 5.62E-12 6.85E-12 7.51E-12 7.44E-12 7.16E-12
 1.00E-74 1.00E-74 1.53E-32 7.77E-22 1.47E-16 1.75E-13 1.58E-12 3.11E-12
 4.24E-12 5.62E-12 6.85E-12 7.51E-12 7.44E-12 7.16E-12
 1.00E-74 1.00E-74 1.53E-32 7.77E-22 1.47E-16 1.75E-13 1.58E-12 3.11E-12
 4.24E-12 5.62E-12 6.85E-12 7.51E-12 7.44E-12 7.16E-12
 1.00E-74 1.00E-74 1.53E-32 7.77E-22 1.47E-16 1.75E-13 1.58E-12 3.11E-12
 4.24E-12 5.62E-12 6.85E-12 7.51E-12 7.44E-12 7.16E-12
  1.39305    7  14 /pl=01:ss=64:pb= 1:sz=64/type=excit/ispb = t/isel =   12
 1.00E+10 1.00E+11 1.00E+12 1.00E+13 1.00E+14 1.00E+15 1.00E+16
 7.28E+01 1.09E+02 1.82E+02 3.64E+02 7.28E+02 1.82E+03 3.64E+03 5.46E+03
 7.28E+03 1.09E+04 1.82E+04 3.64E+04 7.28E+04 1.09E+05
 1.00E-74 1.00E-74 5.89E-34 1.77E-23 2.96E-18 4.75E-15 6.32E-14 1.48E-13
 2.22E-13 3.22E-13 4.12E-13 4.55E-13 4.40E-13 4.15E-13
 1.00E-74 1.00E-74 5.89E-34 1.77E-23 2.96E-18 4.75E-15 6.32E-14 1.48E-13
 2.22E-13 3.22E-13 4.12E-13 4.55E-13 4.40E-13 4.15E-13
 1.00E-74 1.00E-74 5.89E-34 1.77E-23 2.96E-18 4.75E-15 6.32E-14 1.48E-13
 2.22E-13 3.22E-13 4.12E-13 4.55E-13 4.40E-13 4.15E-13
 1.00E-74 1.00E-74 5.89E-34 1.77E-23 2.96E-18 4.75E-15 6.32E-14 1.48E-13
 2.22E-13 3.22E-13 4.12E-13 4.55E-13 4.40E-13 4.15E-13
 1.00E-74 1.00E-74 5.89E-34 1.77E-23 2.96E-18 4.75E-15 6.32E-14 1.48E-13
 2.22E-13 3.22E-13 4.12E-13 4.55E-13 4.40E-13 4.15E-13
 1.00E-74 1.00E-74 5.89E-34 1.77E-23 2.96E-18 4.75E-15 6.32E-14 1.48E-13
 2.22E-13 3.22E-13 4.12E-13 4.55E-13 4.40E-13 4.15E-13
 1.00E-74 4.11E-48 5.89E-34 1.77E-23 2.96E-18 4.75E-15 6.32E-14 1.48E-13
 2.22E-13 3.22E-13 4.12E-13 4.55E-13 4.40E-13 4.15E-13
  1.39492    7  14 /pl=01:ss=64:pb= 1:sz=64/type=excit/ispb = t/isel =   13
 1.00E+10 1.00E+11 1.00E+12 1.00E+13 1.00E+14 1.00E+15 1.00E+16
 7.28E+01 1.09E+02 1.82E+02 3.64E+02 7.28E+02 1.82E+03 3.64E+03 5.46E+03
 7.28E+03 1.09E+04 1.82E+04 3.64E+04 7.28E+04 1.09E+05
 1.00E-74 1.00E-74 1.10E-33 3.13E-23 4.55E-18 5.48E-15 6.16E-14 1.36E-13
 1.98E-13 2.77E-13 3.44E-13 3.70E-13 3.48E-13 3.25E-13
 1.00E-74 1.00E-74 1.10E-33 3.13E-23 4.55E-18 5.48E-15 6.16E-14 1.36E-13
 1.98E-13 2.77E-13 3.44E-13 3.70E-13 3.48E-13 3.25E-13
 1.00E-74 1.00E-74 1.10E-33 3.13E-23 4.55E-18 5.48E-15 6.16E-14 1.36E-13
 1.98E-13 2.77E-13 3.44E-13 3.70E-13 3.48E-13 3.25E-13
 1.00E-74 1.00E-74 1.10E-33 3.13E-23 4.55E-18 5.48E-15 6.16E-14 1.36E-13
 1.98E-13 2.77E-13 3.44E-13 3.70E-13 3.48E-13 3.25E-13
 1.00E-74 9.80E-48 1.10E-33 3.13E-23 4.55E-18 5.48E-15 6.16E-14 1.36E-13
 1.98E-13 2.77E-13 3.44E-13 3.70E-13 3.48E-13 3.25E-13
 1.00E-74 1.04E-47 1.10E-33 3.13E-23 4.55E-18 5.48E-15 6.16E-14 1.36E-13
 1.98E-13 2.77E-13 3.44E-13 3.70E-13 3.48E-13 3.25E-13
 1.00E-74 1.04E-47 1.10E-33 3.13E-23 4.55E-18 5.48E-15 6.16E-14 1.36E-13
 1.98E-13 2.77E-13 3.44E-13 3.70E-13 3.48E-13 3.25E-13
  1.40796    7  14 /pl=01:ss=64:pb= 1:sz=64/type=excit/ispb = t/isel =   14
 1.00E+10 1.00E+11 1.00E+12 1.00E+13 1.00E+14 1.00E+15 1.00E+16
 7.28E+01 1.09E+02 1.82E+02 3.64E+02 7.28E+02 1.82E+03 3.64E+03 5.46E+03
 7.28E+03 1.09E+04 1.82E+04 3.64E+04 7.28E+04 1.09E+05
 1.00E-74 1.00E-74 5.78E-33 1.31E-22 1.66E-17 1.59E-14 1.42E-13 2.81E-13
 3.84E-13 5.04E-13 5.87E-13 5.90E-13 5.27E-13 4.77E-13
 1.00E-74 1.00E-74 5.78E-33 1.31E-22 1.66E-17 1.59E-14 1.42E-13 2.81E-13
 3.84E-13 5.04E-13 5.87E-13 5.90E-13 5.27E-13 4.77E-13
 1.00E-74 1.00E-74 5.78E-33 1.31E-22 1.66E-17 1.59E-14 1.42E-13 2.81E-13
 3.84E-13 5.04E-13 5.87E-13 5.90E-13 5.27E-13 4.77E-13
 1.00E-74 6.84E-47 5.78E-33 1.31E-22 1.66E-17 1.59E-14 1.42E-13 2.81E-13
 3.84E-13 5.04E-13 5.87E-13 5.90E-13 5.27E-13 4.77E-13
 1.00E-74 7.52E-47 5.78E-33 1.31E-22 1.66E-17 1.59E-14 1.42E-13 2.81E-13
 3.84E-13 5.04E-13 5.87E-13 5.90E-13 5.27E-13 4.77E-13
 1.00E-74 7.39E-47 5.78E-33 1.31E-22 1.66E-17 1.59E-14 1.42E-13 2.81E-13
 3.84E-13 5.04E-13 5.87E-13 5.90E-13 5.27E-13 4.77E-13
 1.00E-74 7.37E-47 5.78E-33 1.31E-22 1.66E-17 1.59E-14 1.42E-13 2.81E-13
 3.84E-13 5.04E-13 5.87E-13 5.90E-13 5.27E-13 4.77E-13
  1.49623    7  14 /pl=01:ss=64:pb= 1:sz=64/type=excit/ispb = t/isel =   15
 1.00E+10 1.00E+11 1.00E+12 1.00E+13 1.00E+14 1.00E+15 1.00E+16
 7.28E+01 1.09E+02 1.82E+02 3.64E+02 7.28E+02 1.82E+03 3.64E+03 5.46E+03
 7.28E+03 1.09E+04 1.82E+04 3.64E+04 7.28E+04 1.09E+05
 1.00E-74 1.00E-74 6.35E-32 7.21E-22 8.17E-17 8.05E-14 7.35E-13 1.46E-12
 2.00E-12 2.62E-12 3.05E-12 3.06E-12 2.72E-12 2.45E-12
 1.00E-74 1.00E-74 6.35E-32 7.21E-22 8.17E-17 8.05E-14 7.35E-13 1.46E-12
 2.00E-12 2.62E-12 3.05E-12 3.06E-12 2.72E-12 2.45E-12
 1.00E-74 1.00E-74 6.35E-32 7.21E-22 8.17E-17 8.05E-14 7.35E-13 1.46E-12
 2.00E-12 2.62E-12 3.05E-12 3.06E-12 2.72E-12 2.45E-12
 1.00E-74 1.00E-74 6.35E-32 7.21E-22 8.17E-17 8.05E-14 7.35E-13 1.46E-12
 2.00E-12 2.62E-12 3.05E-12 3.06E-12 2.72E-12 2.45E-12
 1.00E-74 3.42E-45 6.35E-32 7.21E-22 8.17E-17 8.05E-14 7.35E-13 1.46E-12
 2.00E-12 2.62E-12 3.05E-12 3.06E-12 2.72E-12 2.45E-12
 1.00E-74 4.10E-45 6.35E-32 7.21E-22 8.17E-17 8.05E-14 7.35E-13 1.46E-12
 2.00E-12 2.62E-12 3.05E-12 3.06E-12 2.72E-12 2.45E-12
 1.00E-74 4.03E-45 6.35E-32 7.21E-22 8.17E-17 8.05E-14 7.35E-13 1.46E-12
 2.00E-12 2.62E-12 3.05E-12 3.06E-12 2.72E-12 2.45E-12
  2.28227    7  14 /pl=01:ss=64:pb= 1:sz=64/type=excit/ispb = t/isel =   16
 1.00E+10 1.00E+11 1.00E+12 1.00E+13 1.00E+14 1.00E+15 1.00E+16
 7.28E+01 1.09E+02 1.82E+02 3.64E+02 7.28E+02 1.82E+03 3.64E+03 5.46E+03
 7.28E+03 1.09E+04 1.82E+04 3.64E+04 7.28E+04 1.09E+05
 1.00E-74 1.00E-74 1.00E-74 3.13E-30 6.91E-22 5.50E-17 1.97E-15 6.04E-15
 1.02E-14 1.66E-14 2.30E-14 2.72E-14 2.73E-14 2.63E-14
 1.00E-74 1.00E-74 1.00E-74 3.13E-30 6.91E-22 5.50E-17 1.97E-15 6.04E-15
 1.02E-14 1.66E-14 2.30E-14 2.72E-14 2.73E-14 2.63E-14
 1.00E-74 1.00E-74 1.00E-74 3.13E-30 6.91E-22 5.50E-17 1.97E-15 6.04E-15
 1.02E-14 1.66E-14 2.30E-14 2.72E-14 2.73E-14 2.63E-14
 1.00E-74 1.00E-74 1.00E-74 3.13E-30 6.91E-22 5.50E-17 1.97E-15 6.04E-15
 1.02E-14 1.66E-14 2.30E-14 2.72E-14 2.73E-14 2.63E-14
 1.00E-74 1.00E-74 1.00E-74 3.13E-30 6.91E-22 5.50E-17 1.97E-15 6.04E-15
 1.02E-14 1.66E-14 2.30E-14 2.72E-14 2.73E-14 2.63E-14
 1.00E-74 1.00E-74 3.45E-47 3.13E-30 6.91E-22 5.50E-17 1.97E-15 6.04E-15
 1.02E-14 1.66E-14 2.30E-14 2.72E-14 2.73E-14 2.63E-14
 1.00E-74 1.00E-74 4.48E-47 3.13E-30 6.91E-22 5.50E-17 1.97E-15 6.04E-15
 1.02E-14 1.66E-14 2.30E-14 2.72E-14 2.73E-14 2.63E-14
  2.52105    7  14 /pl=01:ss=64:pb= 1:sz=64/type=excit/ispb = t/isel =   17
 1.00E+10 1.00E+11 1.00E+12 1.00E+13 1.00E+14 1.00E+15 1.00E+16
 7.28E+01 1.09E+02 1.82E+02 3.64E+02 7.28E+02 1.82E+03 3.64E+03 5.46E+03
 7.28E+03 1.09E+04 1.82E+04 3.64E+04 7.28E+04 1.09E+05
 1.00E-74 1.00E-74 1.00E-74 1.13E-28 6.05E-21 2.06E-16 5.55E-15 1.53E-14
 2.44E-14 3.68E-14 4.70E-14 4.92E-14 4.29E-14 3.79E-14
 1.00E-74 1.00E-74 1.00E-74 1.13E-28 6.05E-21 2.06E-16 5.55E-15 1.53E-14
 2.44E-14 3.68E-14 4.70E-14 4.92E-14 4.29E-14 3.79E-14
 1.00E-74 1.00E-74 4.04E-44 1.13E-28 6.05E-21 2.06E-16 5.55E-15 1.53E-14
 2.44E-14 3.68E-14 4.70E-14 4.92E-14 4.29E-14 3.79E-14
 1.00E-74 1.00E-74 2.83E-44 1.13E-28 6.05E-21 2.06E-16 5.55E-15 1.53E-14
 2.44E-14 3.68E-14 4.70E-14 4.92E-14 4.29E-14 3.79E-14
 1.00E-74 1.00E-74 2.83E-44 1.13E-28 6.05E-21 2.06E-16 5.55E-15 1.53E-14
 2.44E-14 3.68E-14 4.70E-14 4.92E-14 4.29E-14 3.79E-14
 1.00E-74 1.00E-74 2.82E-44 1.13E-28 6.05E-21 2.06E-16 5.55E-15 1.53E-14
 2.44E-14 3.68E-14 4.70E-14 4.92E-14 4.29E-14 3.79E-14
 1.00E-74 1.00E-74 2.82E-44 1.13E-28 6.05E-21 2.06E-16 5.55E-15 1.53E-14
 2.44E-14 3.68E-14 4.70E-14 4.92E-14 4.29E-14 3.79E-14
  2.63186    7  14 /pl=01:ss=64:pb= 1:sz=64/type=excit/ispb = t/isel =   18
 1.00E+10 1.00E+11 1.00E+12 1.00E+13 1.00E+14 1.00E+15 1.00E+16
 7.28E+01 1.09E+02 1.82E+02 3.64E+02 7.28E+02 1.82E+03 3.64E+03 5.46E+03
 7.28E+03 1.09E+04 1.82E+04 3.64E+04 7.28E+04 1.09E+05
 1.00E-74 1.00E-74 1.00E-74 4.92E-29 4.04E-21 1.79E-16 5.29E-15 1.52E-14
 2.49E-14 3.92E-14 5.33E-14 6.22E-14 6.23E-14 6.00E-14
 1.00E-74 1.00E-74 1.00E-74 4.92E-29 4.04E-21 1.79E-16 5.29E-15 1.52E-14
 2.49E-14 3.92E-14 5.33E-14 6.22E-14 6.23E-14 6.00E-14
 1.00E-74 1.00E-74 1.00E-74 4.92E-29 4.04E-21 1.79E-16 5.29E-15 1.52E-14
 2.49E-14 3.92E-14 5.33E-14 6.22E-14 6.23E-14 6.00E-14
 1.00E-74 1.00E-74 6.08E-45 4.92E-29 4.04E-21 1.79E-16 5.29E-15 1.52E-14
 2.49E-14 3.92E-14 5.33E-14 6.22E-14 6.23E-14 6.00E-14
 1.00E-74 1.00E-74 5.47E-45 4.92E-29 4.04E-21 1.79E-16 5.29E-15 1.52E-14
 2.49E-14 3.92E-14 5.33E-14 6.22E-14 6.23E-14 6.00E-14
 1.00E-74 1.00E-74 5.23E-45 4.92E-29 4.04E-21 1.79E-16 5.29E-15 1.52E-14
 2.49E-14 3.92E-14 5.33E-14 6.22E-14 6.23E-14 6.00E-14
 1.00E-74 1.00E-74 5.22E-45 4.92E-29 4.04E-21 1.79E-16 5.29E-15 1.52E-14
 2.49E-14 3.92E-14 5.33E-14 6.22E-14 6.23E-14 6.00E-14
  2.67867    7  14 /pl=01:ss=64:pb= 1:sz=64/type=excit/ispb = t/isel =   19
 1.00E+10 1.00E+11 1.00E+12 1.00E+13 1.00E+14 1.00E+15 1.00E+16
 7.28E+01 1.09E+02 1.82E+02 3.64E+02 7.28E+02 1.82E+03 3.64E+03 5.46E+03
 7.28E+03 1.09E+04 1.82E+04 3.64E+04 7.28E+04 1.09E+05
 1.00E-74 1.00E-74 1.00E-74 2.45E-29 2.01E-21 8.88E-17 2.63E-15 7.56E-15
 1.24E-14 1.95E-14 2.65E-14 3.10E-14 3.10E-14 2.98E-14
 1.00E-74 1.00E-74 1.00E-74 2.45E-29 2.01E-21 8.88E-17 2.63E-15 7.56E-15
 1.24E-14 1.95E-14 2.65E-14 3.10E-14 3.10E-14 2.98E-14
 1.00E-74 1.00E-74 1.00E-74 2.45E-29 2.01E-21 8.88E-17 2.63E-15 7.56E-15
 1.24E-14 1.95E-14 2.65E-14 3.10E-14 3.10E-14 2.98E-14
 1.00E-74 1.00E-74 3.03E-45 2.45E-29 2.01E-21 8.88E-17 2.63E-15 7.56E-15
 1.24E-14 1.95E-14 2.65E-14 3.10E-14 3.10E-14 2.98E-14
 1.00E-74 1.00E-74 2.72E-45 2.45E-29 2.01E-21 8.88E-17 2.63E-15 7.56E-15
 1.24E-14 1.95E-14 2.65E-14 3.10E-14 3.10E-14 2.98E-14
 1.00E-74 1.00E-74 2.60E-45 2.45E-29 2.01E-21 8.88E-17 2.63E-15 7.56E-15
 1.24E-14 1.95E-14 2.65E-14 3.10E-14 3.10E-14 2.98E-14
 1.00E-74 1.00E-74 2.60E-45 2.45E-29 2.01E-21 8.88E-17 2.63E-15 7.56E-15
 1.24E-14 1.95E-14 2.65E-14 3.10E-14 3.10E-14 2.98E-14
  2.82701    7  14 /pl=01:ss=64:pb= 1:sz=64/type=excit/ispb = t/isel =   20
 1.00E+10 1.00E+11 1.00E+12 1.00E+13 1.00E+14 1.00E+15 1.00E+16
 7.28E+01 1.09E+02 1.82E+02 3.64E+02 7.28E+02 1.82E+03 3.64E+03 5.46E+03
 7.28E+03 1.09E+04 1.82E+04 3.64E+04 7.28E+04 1.09E+05
 1.00E-74 1.00E-74 1.00E-74 4.44E-29 2.55E-21 9.13E-17 2.52E-15 7.08E-15
 1.15E-14 1.78E-14 2.41E-14 2.77E-14 2.76E-14 2.63E-14
 1.00E-74 1.00E-74 1.00E-74 4.44E-29 2.55E-21 9.13E-17 2.52E-15 7.08E-15
 1.15E-14 1.78E-14 2.41E-14 2.77E-14 2.76E-14 2.63E-14
 1.00E-74 1.00E-74 1.00E-74 4.44E-29 2.55E-21 9.13E-17 2.52E-15 7.08E-15
 1.15E-14 1.78E-14 2.41E-14 2.77E-14 2.76E-14 2.63E-14
 1.00E-74 1.00E-74 8.97E-45 4.44E-29 2.55E-21 9.13E-17 2.52E-15 7.08E-15
 1.15E-14 1.78E-14 2.41E-14 2.77E-14 2.76E-14 2.63E-14
 1.00E-74 1.00E-74 9.87E-45 4.44E-29 2.55E-21 9.13E-17 2.52E-15 7.08E-15
 1.15E-14 1.78E-14 2.41E-14 2.77E-14 2.76E-14 2.63E-14
 1.00E-74 1.00E-74 9.73E-45 4.44E-29 2.55E-21 9.13E-17 2.52E-15 7.08E-15
 1.15E-14 1.78E-14 2.41E-14 2.77E-14 2.76E-14 2.63E-14
 1.00E-74 1.00E-74 9.74E-45 4.44E-29 2.55E-21 9.13E-17 2.52E-15 7.08E-15
 1.15E-14 1.78E-14 2.41E-14 2.77E-14 2.76E-14 2.63E-14
  2.97053    7  14 /pl=01:ss=64:pb= 1:sz=64/type=excit/ispb = t/isel =   21
 1.00E+10 1.00E+11 1.00E+12 1.00E+13 1.00E+14 1.00E+15 1.00E+16
 7.28E+01 1.09E+02 1.82E+02 3.64E+02 7.28E+02 1.82E+03 3.64E+03 5.46E+03
 7.28E+03 1.09E+04 1.82E+04 3.64E+04 7.28E+04 1.09E+05
 1.00E-74 1.00E-74 1.00E-74 7.81E-29 4.56E-21 1.64E-16 4.50E-15 1.26E-14
 2.03E-14 3.11E-14 4.07E-14 4.43E-14 4.04E-14 3.64E-14
 1.00E-74 1.00E-74 1.00E-74 7.81E-29 4.56E-21 1.64E-16 4.50E-15 1.26E-14
 2.03E-14 3.11E-14 4.07E-14 4.43E-14 4.04E-14 3.64E-14
 1.00E-74 1.00E-74 1.00E-74 7.81E-29 4.56E-21 1.64E-16 4.50E-15 1.26E-14
 2.03E-14 3.11E-14 4.07E-14 4.43E-14 4.04E-14 3.64E-14
 1.00E-74 1.00E-74 1.91E-44 7.81E-29 4.56E-21 1.64E-16 4.50E-15 1.26E-14
 2.03E-14 3.11E-14 4.07E-14 4.43E-14 4.04E-14 3.64E-14
 1.00E-74 1.00E-74 1.63E-44 7.81E-29 4.56E-21 1.64E-16 4.50E-15 1.26E-14
 2.03E-14 3.11E-14 4.07E-14 4.43E-14 4.04E-14 3.64E-14
 1.00E-74 1.00E-74 1.62E-44 7.81E-29 4.56E-21 1.64E-16 4.50E-15 1.26E-14
 2.03E-14 3.11E-14 4.07E-14 4.43E-14 4.04E-14 3.64E-14
 1.00E-74 1.00E-74 1.62E-44 7.81E-29 4.56E-21 1.64E-16 4.50E-15 1.26E-14
 2.03E-14 3.11E-14 4.07E-14 4.43E-14 4.04E-14 3.64E-14
  2.99347    7  14 /pl=01:ss=64:pb= 1:sz=64/type=excit/ispb = t/isel =   22
 1.00E+10 1.00E+11 1.00E+12 1.00E+13 1.00E+14 1.00E+15 1.00E+16
 7.28E+01 1.09E+02 1.82E+02 3.64E+02 7.28E+02 1.82E+03 3.64E+03 5.46E+03
 7.28E+03 1.09E+04 1.82E+04 3.64E+04 7.28E+04 1.09E+05
 1.00E-74 1.00E-74 2.05E-42 5.36E-28 1.02E-20 1.95E-16 4.46E-15 1.17E-14
 1.83E-14 2.73E-14 3.46E-14 3.66E-14 3.29E-14 2.97E-14
 1.00E-74 1.00E-74 1.23E-42 5.36E-28 1.02E-20 1.95E-16 4.46E-15 1.17E-14
 1.83E-14 2.73E-14 3.46E-14 3.66E-14 3.29E-14 2.97E-14
 1.00E-74 1.00E-74 1.13E-42 5.36E-28 1.02E-20 1.95E-16 4.46E-15 1.17E-14
 1.83E-14 2.73E-14 3.46E-14 3.66E-14 3.29E-14 2.97E-14
 1.00E-74 1.00E-74 1.13E-42 5.36E-28 1.02E-20 1.95E-16 4.46E-15 1.17E-14
 1.83E-14 2.73E-14 3.46E-14 3.66E-14 3.29E-14 2.97E-14
 1.00E-74 1.00E-74 1.13E-42 5.36E-28 1.02E-20 1.95E-16 4.46E-15 1.17E-14
 1.83E-14 2.73E-14 3.46E-14 3.66E-14 3.29E-14 2.97E-14
 1.00E-74 1.00E-74 1.13E-42 5.36E-28 1.02E-20 1.95E-16 4.46E-15 1.17E-14
 1.83E-14 2.73E-14 3.46E-14 3.66E-14 3.29E-14 2.97E-14
 1.00E-74 1.00E-74 1.13E-42 5.36E-28 1.02E-20 1.95E-16 4.46E-15 1.17E-14
 1.83E-14 2.73E-14 3.46E-14 3.66E-14 3.29E-14 2.97E-14
  3.19939    7  14 /pl=01:ss=64:pb= 1:sz=64/type=excit/ispb = t/isel =   23
 1.00E+10 1.00E+11 1.00E+12 1.00E+13 1.00E+14 1.00E+15 1.00E+16
 7.28E+01 1.09E+02 1.82E+02 3.64E+02 7.28E+02 1.82E+03 3.64E+03 5.46E+03
 7.28E+03 1.09E+04 1.82E+04 3.64E+04 7.28E+04 1.09E+05
 1.00E-74 1.00E-74 1.00E-74 1.40E-28 3.80E-21 9.72E-17 2.53E-15 7.06E-15
 1.14E-14 1.78E-14 2.40E-14 2.75E-14 2.70E-14 2.55E-14
 1.00E-74 1.00E-74 1.00E-74 1.40E-28 3.80E-21 9.72E-17 2.53E-15 7.06E-15
 1.14E-14 1.78E-14 2.40E-14 2.75E-14 2.70E-14 2.55E-14
 1.00E-74 1.00E-74 1.54E-43 1.40E-28 3.80E-21 9.72E-17 2.53E-15 7.06E-15
 1.14E-14 1.78E-14 2.40E-14 2.75E-14 2.70E-14 2.55E-14
 1.00E-74 1.00E-74 1.46E-43 1.40E-28 3.80E-21 9.72E-17 2.53E-15 7.06E-15
 1.14E-14 1.78E-14 2.40E-14 2.75E-14 2.70E-14 2.55E-14
 1.00E-74 1.00E-74 1.46E-43 1.40E-28 3.80E-21 9.72E-17 2.53E-15 7.06E-15
 1.14E-14 1.78E-14 2.40E-14 2.75E-14 2.70E-14 2.55E-14
 1.00E-74 1.00E-74 1.46E-43 1.40E-28 3.80E-21 9.72E-17 2.53E-15 7.06E-15
 1.14E-14 1.78E-14 2.40E-14 2.75E-14 2.70E-14 2.55E-14
 1.00E-74 1.00E-74 1.46E-43 1.40E-28 3.80E-21 9.72E-17 2.53E-15 7.06E-15
 1.14E-14 1.78E-14 2.40E-14 2.75E-14 2.70E-14 2.55E-14
  3.48955    7  14 /pl=01:ss=64:pb= 1:sz=64/type=excit/ispb = t/isel =   24
 1.00E+10 1.00E+11 1.00E+12 1.00E+13 1.00E+14 1.00E+15 1.00E+16
 7.28E+01 1.09E+02 1.82E+02 3.64E+02 7.28E+02 1.82E+03 3.64E+03 5.46E+03
 7.28E+03 1.09E+04 1.82E+04 3.64E+04 7.28E+04 1.09E+05
 1.00E-74 1.00E-74 1.81E-40 1.68E-26 1.38E-19 1.55E-15 2.89E-14 7.08E-14
 1.07E-13 1.52E-13 1.86E-13 1.89E-13 1.64E-13 1.44E-13
 1.00E-74 1.00E-74 1.79E-40 1.68E-26 1.38E-19 1.55E-15 2.89E-14 7.08E-14
 1.07E-13 1.52E-13 1.86E-13 1.89E-13 1.64E-13 1.44E-13
 1.00E-74 1.00E-74 1.79E-40 1.68E-26 1.38E-19 1.55E-15 2.89E-14 7.08E-14
 1.07E-13 1.52E-13 1.86E-13 1.89E-13 1.64E-13 1.44E-13
 1.00E-74 1.00E-74 1.79E-40 1.68E-26 1.38E-19 1.55E-15 2.89E-14 7.08E-14
 1.07E-13 1.52E-13 1.86E-13 1.89E-13 1.64E-13 1.44E-13
 1.00E-74 1.00E-74 1.79E-40 1.68E-26 1.38E-19 1.55E-15 2.89E-14 7.08E-14
 1.07E-13 1.52E-13 1.86E-13 1.89E-13 1.64E-13 1.44E-13
 1.00E-74 1.00E-74 1.79E-40 1.68E-26 1.38E-19 1.55E-15 2.89E-14 7.08E-14
 1.07E-13 1.52E-13 1.86E-13 1.89E-13 1.64E-13 1.44E-13
 1.00E-74 1.00E-74 1.79E-40 1.68E-26 1.38E-19 1.55E-15 2.89E-14 7.08E-14
 1.07E-13 1.52E-13 1.86E-13 1.89E-13 1.64E-13 1.44E-13
  3.51420    7  14 /pl=01:ss=64:pb= 1:sz=64/type=excit/ispb = t/isel =   25
 1.00E+10 1.00E+11 1.00E+12 1.00E+13 1.00E+14 1.00E+15 1.00E+16
 7.28E+01 1.09E+02 1.82E+02 3.64E+02 7.28E+02 1.82E+03 3.64E+03 5.46E+03
 7.28E+03 1.09E+04 1.82E+04 3.64E+04 7.28E+04 1.09E+05
 1.00E-74 1.00E-74 5.24E-42 1.37E-27 2.60E-20 5.00E-16 1.14E-14 3.01E-14
 4.69E-14 6.98E-14 8.87E-14 9.39E-14 8.44E-14 7.61E-14
 1.00E-74 1.00E-74 3.14E-42 1.37E-27 2.60E-20 5.00E-16 1.14E-14 3.01E-14
 4.69E-14 6.98E-14 8.87E-14 9.39E-14 8.44E-14 7.61E-14
 1.00E-74 1.00E-74 2.88E-42 1.37E-27 2.60E-20 5.00E-16 1.14E-14 3.01E-14
 4.69E-14 6.98E-14 8.87E-14 9.39E-14 8.44E-14 7.61E-14
 1.00E-74 1.00E-74 2.89E-42 1.37E-27 2.60E-20 5.00E-16 1.14E-14 3.01E-14
 4.69E-14 6.98E-14 8.87E-14 9.39E-14 8.44E-14 7.61E-14
 1.00E-74 1.00E-74 2.89E-42 1.37E-27 2.60E-20 5.00E-16 1.14E-14 3.01E-14
 4.69E-14 6.98E-14 8.87E-14 9.39E-14 8.44E-14 7.61E-14
 1.00E-74 1.00E-74 2.89E-42 1.37E-27 2.60E-20 5.00E-16 1.14E-14 3.01E-14
 4.69E-14 6.98E-14 8.87E-14 9.39E-14 8.44E-14 7.61E-14
 1.00E-74 1.00E-74 2.89E-42 1.37E-27 2.60E-20 5.00E-16 1.14E-14 3.01E-14
 4.69E-14 6.98E-14 8.87E-14 9.39E-14 8.44E-14 7.61E-14
  3.66878    7  14 /pl=01:ss=64:pb= 1:sz=64/type=excit/ispb = t/isel =   26
 1.00E+10 1.00E+11 1.00E+12 1.00E+13 1.00E+14 1.00E+15 1.00E+16
 7.28E+01 1.09E+02 1.82E+02 3.64E+02 7.28E+02 1.82E+03 3.64E+03 5.46E+03
 7.28E+03 1.09E+04 1.82E+04 3.64E+04 7.28E+04 1.09E+05
 1.00E-74 1.00E-74 2.36E-41 5.89E-27 7.79E-20 1.15E-15 2.38E-14 6.09E-14
 9.44E-14 1.41E-13 1.84E-13 2.11E-13 2.10E-13 2.03E-13
 1.00E-74 1.00E-74 2.48E-41 5.89E-27 7.79E-20 1.15E-15 2.38E-14 6.09E-14
 9.44E-14 1.41E-13 1.84E-13 2.11E-13 2.10E-13 2.03E-13
 1.00E-74 1.00E-74 2.43E-41 5.89E-27 7.79E-20 1.15E-15 2.38E-14 6.09E-14
 9.44E-14 1.41E-13 1.84E-13 2.11E-13 2.10E-13 2.03E-13
 1.00E-74 1.00E-74 2.43E-41 5.89E-27 7.79E-20 1.15E-15 2.38E-14 6.09E-14
 9.44E-14 1.41E-13 1.84E-13 2.11E-13 2.10E-13 2.03E-13
 1.00E-74 1.00E-74 2.43E-41 5.89E-27 7.79E-20 1.15E-15 2.38E-14 6.09E-14
 9.44E-14 1.41E-13 1.84E-13 2.11E-13 2.10E-13 2.03E-13
 1.00E-74 1.00E-74 2.43E-41 5.89E-27 7.79E-20 1.15E-15 2.38E-14 6.09E-14
 9.44E-14 1.41E-13 1.84E-13 2.11E-13 2.10E-13 2.03E-13
 1.00E-74 1.00E-74 2.43E-41 5.89E-27 7.79E-20 1.15E-15 2.38E-14 6.09E-14
 9.44E-14 1.41E-13 1.84E-13 2.11E-13 2.10E-13 2.03E-13
  3.76039    7  14 /pl=01:ss=64:pb= 1:sz=64/type=excit/ispb = t/isel =   27
 1.00E+10 1.00E+11 1.00E+12 1.00E+13 1.00E+14 1.00E+15 1.00E+16
 7.28E+01 1.09E+02 1.82E+02 3.64E+02 7.28E+02 1.82E+03 3.64E+03 5.46E+03
 7.28E+03 1.09E+04 1.82E+04 3.64E+04 7.28E+04 1.09E+05
 1.00E-74 1.00E-74 1.20E-41 3.00E-27 3.96E-20 5.87E-16 1.21E-14 3.10E-14
 4.80E-14 7.17E-14 9.38E-14 1.07E-13 1.07E-13 1.03E-13
 1.00E-74 1.00E-74 1.26E-41 3.00E-27 3.96E-20 5.87E-16 1.21E-14 3.10E-14
 4.80E-14 7.17E-14 9.38E-14 1.07E-13 1.07E-13 1.03E-13
 1.00E-74 1.00E-74 1.24E-41 3.00E-27 3.96E-20 5.87E-16 1.21E-14 3.10E-14
 4.80E-14 7.17E-14 9.38E-14 1.07E-13 1.07E-13 1.03E-13
 1.00E-74 1.00E-74 1.24E-41 3.00E-27 3.96E-20 5.87E-16 1.21E-14 3.10E-14
 4.80E-14 7.17E-14 9.38E-14 1.07E-13 1.07E-13 1.03E-13
 1.00E-74 1.00E-74 1.24E-41 3.00E-27 3.96E-20 5.87E-16 1.21E-14 3.10E-14
 4.80E-14 7.17E-14 9.38E-14 1.07E-13 1.07E-13 1.03E-13
 1.00E-74 1.00E-74 1.24E-41 3.00E-27 3.96E-20 5.87E-16 1.21E-14 3.10E-14
 4.80E-14 7.17E-14 9.38E-14 1.07E-13 1.07E-13 1.03E-13
 1.00E-74 1.00E-74 1.24E-41 3.00E-27 3.96E-20 5.87E-16 1.21E-14 3.10E-14
 4.80E-14 7.17E-14 9.38E-14 1.07E-13 1.07E-13 1.03E-13
  3.77202    7  14 /pl=01:ss=64:pb= 1:sz=64/type=excit/ispb = t/isel =   28
 1.00E+10 1.00E+11 1.00E+12 1.00E+13 1.00E+14 1.00E+15 1.00E+16
 7.28E+01 1.09E+02 1.82E+02 3.64E+02 7.28E+02 1.82E+03 3.64E+03 5.46E+03
 7.28E+03 1.09E+04 1.82E+04 3.64E+04 7.28E+04 1.09E+05
 1.00E-74 1.00E-74 1.00E-74 1.56E-28 7.05E-21 2.17E-16 5.68E-15 1.56E-14
 2.50E-14 3.81E-14 5.02E-14 5.51E-14 5.08E-14 4.63E-14
 1.00E-74 1.00E-74 1.00E-74 1.56E-28 7.05E-21 2.17E-16 5.68E-15 1.56E-14
 2.50E-14 3.81E-14 5.02E-14 5.51E-14 5.08E-14 4.63E-14
 1.00E-74 1.00E-74 1.00E-74 1.56E-28 7.05E-21 2.17E-16 5.68E-15 1.56E-14
 2.50E-14 3.81E-14 5.02E-14 5.51E-14 5.08E-14 4.63E-14
 1.00E-74 1.00E-74 4.71E-44 1.56E-28 7.05E-21 2.17E-16 5.68E-15 1.56E-14
 2.50E-14 3.81E-14 5.02E-14 5.51E-14 5.08E-14 4.63E-14
 1.00E-74 1.00E-74 5.41E-44 1.56E-28 7.05E-21 2.17E-16 5.68E-15 1.56E-14
 2.50E-14 3.81E-14 5.02E-14 5.51E-14 5.08E-14 4.63E-14
 1.00E-74 1.00E-74 5.44E-44 1.56E-28 7.05E-21 2.17E-16 5.68E-15 1.56E-14
 2.50E-14 3.81E-14 5.02E-14 5.51E-14 5.08E-14 4.63E-14
 1.00E-74 1.00E-74 5.43E-44 1.56E-28 7.05E-21 2.17E-16 5.68E-15 1.56E-14
 2.50E-14 3.81E-14 5.02E-14 5.51E-14 5.08E-14 4.63E-14
  3.80778    7  14 /pl=01:ss=64:pb= 1:sz=64/type=excit/ispb = t/isel =   29
 1.00E+10 1.00E+11 1.00E+12 1.00E+13 1.00E+14 1.00E+15 1.00E+16
 7.28E+01 1.09E+02 1.82E+02 3.64E+02 7.28E+02 1.82E+03 3.64E+03 5.46E+03
 7.28E+03 1.09E+04 1.82E+04 3.64E+04 7.28E+04 1.09E+05
 1.00E-74 1.00E-74 1.00E-74 3.28E-29 3.93E-21 2.16E-16 6.79E-15 1.97E-14
 3.22E-14 4.99E-14 6.48E-14 6.84E-14 6.00E-14 5.29E-14
 1.00E-74 1.00E-74 1.00E-74 3.28E-29 3.93E-21 2.16E-16 6.79E-15 1.97E-14
 3.22E-14 4.99E-14 6.48E-14 6.84E-14 6.00E-14 5.29E-14
 1.00E-74 1.00E-74 1.00E-74 3.28E-29 3.93E-21 2.16E-16 6.79E-15 1.97E-14
 3.22E-14 4.99E-14 6.48E-14 6.84E-14 6.00E-14 5.29E-14
 1.00E-74 1.00E-74 1.00E-74 3.28E-29 3.93E-21 2.16E-16 6.79E-15 1.97E-14
 3.22E-14 4.99E-14 6.48E-14 6.84E-14 6.00E-14 5.29E-14
 1.00E-74 1.00E-74 1.81E-45 3.28E-29 3.93E-21 2.16E-16 6.79E-15 1.97E-14
 3.22E-14 4.99E-14 6.48E-14 6.84E-14 6.00E-14 5.29E-14
 1.00E-74 1.00E-74 1.63E-45 3.28E-29 3.93E-21 2.16E-16 6.79E-15 1.97E-14
 3.22E-14 4.99E-14 6.48E-14 6.84E-14 6.00E-14 5.29E-14
 1.00E-74 1.00E-74 1.61E-45 3.28E-29 3.93E-21 2.16E-16 6.79E-15 1.97E-14
 3.22E-14 4.99E-14 6.48E-14 6.84E-14 6.00E-14 5.29E-14
  3.97078    7  14 /pl=01:ss=64:pb= 1:sz=64/type=excit/ispb = t/isel =   30
 1.00E+10 1.00E+11 1.00E+12 1.00E+13 1.00E+14 1.00E+15 1.00E+16
 7.28E+01 1.09E+02 1.82E+02 3.64E+02 7.28E+02 1.82E+03 3.64E+03 5.46E+03
 7.28E+03 1.09E+04 1.82E+04 3.64E+04 7.28E+04 1.09E+05
 1.00E-74 1.00E-74 2.70E-41 3.24E-27 3.04E-20 3.68E-16 7.16E-15 1.79E-14
 2.75E-14 4.06E-14 5.29E-14 6.00E-14 5.94E-14 5.70E-14
 1.00E-74 1.00E-74 2.63E-41 3.24E-27 3.04E-20 3.68E-16 7.16E-15 1.79E-14
 2.75E-14 4.06E-14 5.29E-14 6.00E-14 5.94E-14 5.70E-14
 1.00E-74 1.00E-74 2.65E-41 3.24E-27 3.04E-20 3.68E-16 7.16E-15 1.79E-14
 2.75E-14 4.06E-14 5.29E-14 6.00E-14 5.94E-14 5.70E-14
 1.00E-74 1.00E-74 2.65E-41 3.24E-27 3.04E-20 3.68E-16 7.16E-15 1.79E-14
 2.75E-14 4.06E-14 5.29E-14 6.00E-14 5.94E-14 5.70E-14
 1.00E-74 1.00E-74 2.65E-41 3.24E-27 3.04E-20 3.68E-16 7.16E-15 1.79E-14
 2.75E-14 4.06E-14 5.29E-14 6.00E-14 5.94E-14 5.70E-14
 1.00E-74 1.00E-74 2.65E-41 3.24E-27 3.04E-20 3.68E-16 7.16E-15 1.79E-14
 2.75E-14 4.06E-14 5.29E-14 6.00E-14 5.94E-14 5.70E-14
 1.00E-74 1.00E-74 2.65E-41 3.24E-27 3.04E-20 3.68E-16 7.16E-15 1.79E-14
 2.75E-14 4.06E-14 5.29E-14 6.00E-14 5.94E-14 5.70E-14
  3.97662    7  14 /pl=01:ss=64:pb= 1:sz=64/type=excit/ispb = t/isel =   31
 1.00E+10 1.00E+11 1.00E+12 1.00E+13 1.00E+14 1.00E+15 1.00E+16
 7.28E+01 1.09E+02 1.82E+02 3.64E+02 7.28E+02 1.82E+03 3.64E+03 5.46E+03
 7.28E+03 1.09E+04 1.82E+04 3.64E+04 7.28E+04 1.09E+05
 1.00E-74 1.00E-74 5.84E-42 8.76E-28 9.90E-21 1.59E-16 3.65E-15 9.74E-15
 1.54E-14 2.32E-14 3.02E-14 3.32E-14 3.13E-14 2.90E-14
 1.00E-74 1.00E-74 5.84E-42 8.76E-28 9.90E-21 1.59E-16 3.65E-15 9.74E-15
 1.54E-14 2.32E-14 3.02E-14 3.32E-14 3.13E-14 2.90E-14
 1.00E-74 1.00E-74 5.61E-42 8.76E-28 9.90E-21 1.59E-16 3.65E-15 9.74E-15
 1.54E-14 2.32E-14 3.02E-14 3.32E-14 3.13E-14 2.90E-14
 1.00E-74 1.00E-74 5.64E-42 8.76E-28 9.90E-21 1.59E-16 3.65E-15 9.74E-15
 1.54E-14 2.32E-14 3.02E-14 3.32E-14 3.13E-14 2.90E-14
 1.00E-74 1.00E-74 5.64E-42 8.76E-28 9.90E-21 1.59E-16 3.65E-15 9.74E-15
 1.54E-14 2.32E-14 3.02E-14 3.32E-14 3.13E-14 2.90E-14
 1.00E-74 1.00E-74 5.64E-42 8.76E-28 9.90E-21 1.59E-16 3.65E-15 9.74E-15
 1.54E-14 2.32E-14 3.02E-14 3.32E-14 3.13E-14 2.90E-14
 1.00E-74 1.00E-74 5.64E-42 8.76E-28 9.90E-21 1.59E-16 3.65E-15 9.74E-15
 1.54E-14 2.32E-14 3.02E-14 3.32E-14 3.13E-14 2.90E-14
  3.99329    7  14 /pl=01:ss=64:pb= 1:sz=64/type=excit/ispb = t/isel =   32
 1.00E+10 1.00E+11 1.00E+12 1.00E+13 1.00E+14 1.00E+15 1.00E+16
 7.28E+01 1.09E+02 1.82E+02 3.64E+02 7.28E+02 1.82E+03 3.64E+03 5.46E+03
 7.28E+03 1.09E+04 1.82E+04 3.64E+04 7.28E+04 1.09E+05
 1.00E-74 1.00E-74 1.00E-74 5.84E-29 7.23E-21 4.04E-16 1.28E-14 3.71E-14
 6.09E-14 9.43E-14 1.23E-13 1.30E-13 1.14E-13 1.00E-13
 1.00E-74 1.00E-74 1.00E-74 5.84E-29 7.23E-21 4.04E-16 1.28E-14 3.71E-14
 6.09E-14 9.43E-14 1.23E-13 1.30E-13 1.14E-13 1.00E-13
 1.00E-74 1.00E-74 1.00E-74 5.84E-29 7.23E-21 4.04E-16 1.28E-14 3.71E-14
 6.09E-14 9.43E-14 1.23E-13 1.30E-13 1.14E-13 1.00E-13
 1.00E-74 1.00E-74 1.00E-74 5.84E-29 7.23E-21 4.04E-16 1.28E-14 3.71E-14
 6.09E-14 9.43E-14 1.23E-13 1.30E-13 1.14E-13 1.00E-13
 1.00E-74 1.00E-74 2.94E-45 5.84E-29 7.23E-21 4.04E-16 1.28E-14 3.71E-14
 6.09E-14 9.43E-14 1.23E-13 1.30E-13 1.14E-13 1.00E-13
 1.00E-74 1.00E-74 2.65E-45 5.84E-29 7.23E-21 4.04E-16 1.28E-14 3.71E-14
 6.09E-14 9.43E-14 1.23E-13 1.30E-13 1.14E-13 1.00E-13
 1.00E-74 1.00E-74 2.69E-45 5.84E-29 7.23E-21 4.04E-16 1.28E-14 3.71E-14
 6.09E-14 9.43E-14 1.23E-13 1.30E-13 1.14E-13 1.00E-13
  4.04057    7  14 /pl=01:ss=64:pb= 1:sz=64/type=excit/ispb = t/isel =   33
 1.00E+10 1.00E+11 1.00E+12 1.00E+13 1.00E+14 1.00E+15 1.00E+16
 7.28E+01 1.09E+02 1.82E+02 3.64E+02 7.28E+02 1.82E+03 3.64E+03 5.46E+03
 7.28E+03 1.09E+04 1.82E+04 3.64E+04 7.28E+04 1.09E+05
 1.00E-74 1.00E-74 3.35E-41 4.02E-27 3.77E-20 4.57E-16 8.88E-15 2.22E-14
 3.41E-14 5.04E-14 6.56E-14 7.44E-14 7.37E-14 7.07E-14
 1.00E-74 1.00E-74 3.27E-41 4.02E-27 3.77E-20 4.57E-16 8.88E-15 2.22E-14
 3.41E-14 5.04E-14 6.56E-14 7.44E-14 7.37E-14 7.07E-14
 1.00E-74 1.00E-74 3.29E-41 4.02E-27 3.77E-20 4.57E-16 8.88E-15 2.22E-14
 3.41E-14 5.04E-14 6.56E-14 7.44E-14 7.37E-14 7.07E-14
 1.00E-74 1.00E-74 3.29E-41 4.02E-27 3.77E-20 4.57E-16 8.88E-15 2.22E-14
 3.41E-14 5.04E-14 6.56E-14 7.44E-14 7.37E-14 7.07E-14
 1.00E-74 1.00E-74 3.29E-41 4.02E-27 3.77E-20 4.57E-16 8.88E-15 2.22E-14
 3.41E-14 5.04E-14 6.56E-14 7.44E-14 7.37E-14 7.07E-14
 1.00E-74 1.00E-74 3.29E-41 4.02E-27 3.77E-20 4.57E-16 8.88E-15 2.22E-14
 3.41E-14 5.04E-14 6.56E-14 7.44E-14 7.37E-14 7.07E-14
 1.00E-74 1.00E-74 3.29E-41 4.02E-27 3.77E-20 4.57E-16 8.88E-15 2.22E-14
 3.41E-14 5.04E-14 6.56E-14 7.44E-14 7.37E-14 7.07E-14
  4.18200    7  14 /pl=01:ss=64:pb= 1:sz=64/type=excit/ispb = t/isel =   34
 1.00E+10 1.00E+11 1.00E+12 1.00E+13 1.00E+14 1.00E+15 1.00E+16
 7.28E+01 1.09E+02 1.82E+02 3.64E+02 7.28E+02 1.82E+03 3.64E+03 5.46E+03
 7.28E+03 1.09E+04 1.82E+04 3.64E+04 7.28E+04 1.09E+05
 1.00E-74 1.00E-74 1.00E-74 4.03E-29 3.24E-21 1.40E-16 4.06E-15 1.15E-14
 1.86E-14 2.86E-14 3.70E-14 3.92E-14 3.46E-14 3.06E-14
 1.00E-74 1.00E-74 1.00E-74 4.03E-29 3.24E-21 1.40E-16 4.06E-15 1.15E-14
 1.86E-14 2.86E-14 3.70E-14 3.92E-14 3.46E-14 3.06E-14
 1.00E-74 1.00E-74 1.00E-74 4.03E-29 3.24E-21 1.40E-16 4.06E-15 1.15E-14
 1.86E-14 2.86E-14 3.70E-14 3.92E-14 3.46E-14 3.06E-14
 1.00E-74 1.00E-74 4.04E-45 4.03E-29 3.24E-21 1.40E-16 4.06E-15 1.15E-14
 1.86E-14 2.86E-14 3.70E-14 3.92E-14 3.46E-14 3.06E-14
 1.00E-74 1.00E-74 4.44E-45 4.03E-29 3.24E-21 1.40E-16 4.06E-15 1.15E-14
 1.86E-14 2.86E-14 3.70E-14 3.92E-14 3.46E-14 3.06E-14
 1.00E-74 1.00E-74 4.44E-45 4.03E-29 3.24E-21 1.40E-16 4.06E-15 1.15E-14
 1.86E-14 2.86E-14 3.70E-14 3.92E-14 3.46E-14 3.06E-14
 1.00E-74 1.00E-74 4.42E-45 4.03E-29 3.24E-21 1.40E-16 4.06E-15 1.15E-14
 1.86E-14 2.86E-14 3.70E-14 3.92E-14 3.46E-14 3.06E-14
  4.26094    7  14 /pl=01:ss=64:pb= 1:sz=64/type=excit/ispb = t/isel =   35
 1.00E+10 1.00E+11 1.00E+12 1.00E+13 1.00E+14 1.00E+15 1.00E+16
 7.28E+01 1.09E+02 1.82E+02 3.64E+02 7.28E+02 1.82E+03 3.64E+03 5.46E+03
 7.28E+03 1.09E+04 1.82E+04 3.64E+04 7.28E+04 1.09E+05
 1.00E-74 1.00E-74 1.26E-41 1.72E-27 1.70E-20 2.09E-16 4.04E-15 1.00E-14
 1.53E-14 2.22E-14 2.80E-14 2.96E-14 2.67E-14 2.40E-14
 1.00E-74 1.00E-74 1.26E-41 1.72E-27 1.70E-20 2.09E-16 4.04E-15 1.00E-14
 1.53E-14 2.22E-14 2.80E-14 2.96E-14 2.67E-14 2.40E-14
 1.00E-74 1.00E-74 1.27E-41 1.72E-27 1.70E-20 2.09E-16 4.04E-15 1.00E-14
 1.53E-14 2.22E-14 2.80E-14 2.96E-14 2.67E-14 2.40E-14
 1.00E-74 1.00E-74 1.27E-41 1.72E-27 1.70E-20 2.09E-16 4.04E-15 1.00E-14
 1.53E-14 2.22E-14 2.80E-14 2.96E-14 2.67E-14 2.40E-14
 1.00E-74 1.00E-74 1.27E-41 1.72E-27 1.70E-20 2.09E-16 4.04E-15 1.00E-14
 1.53E-14 2.22E-14 2.80E-14 2.96E-14 2.67E-14 2.40E-14
 1.00E-74 1.00E-74 1.27E-41 1.72E-27 1.70E-20 2.09E-16 4.04E-15 1.00E-14
 1.53E-14 2.22E-14 2.80E-14 2.96E-14 2.67E-14 2.40E-14
 1.00E-74 1.00E-74 1.27E-41 1.72E-27 1.70E-20 2.09E-16 4.04E-15 1.00E-14
 1.53E-14 2.22E-14 2.80E-14 2.96E-14 2.67E-14 2.40E-14
  4.31109    7  14 /pl=01:ss=64:pb= 1:sz=64/type=excit/ispb = t/isel =   36
 1.00E+10 1.00E+11 1.00E+12 1.00E+13 1.00E+14 1.00E+15 1.00E+16
 7.28E+01 1.09E+02 1.82E+02 3.64E+02 7.28E+02 1.82E+03 3.64E+03 5.46E+03
 7.28E+03 1.09E+04 1.82E+04 3.64E+04 7.28E+04 1.09E+05
 1.00E-74 1.00E-74 5.61E-41 7.66E-27 7.56E-20 9.31E-16 1.80E-14 4.46E-14
 6.80E-14 9.88E-14 1.24E-13 1.32E-13 1.18E-13 1.07E-13
 1.00E-74 1.00E-74 5.61E-41 7.66E-27 7.56E-20 9.31E-16 1.80E-14 4.46E-14
 6.80E-14 9.88E-14 1.24E-13 1.32E-13 1.18E-13 1.07E-13
 1.00E-74 1.00E-74 5.63E-41 7.66E-27 7.56E-20 9.31E-16 1.80E-14 4.46E-14
 6.80E-14 9.88E-14 1.24E-13 1.32E-13 1.18E-13 1.07E-13
 1.00E-74 1.00E-74 5.63E-41 7.66E-27 7.56E-20 9.31E-16 1.80E-14 4.46E-14
 6.80E-14 9.88E-14 1.24E-13 1.32E-13 1.18E-13 1.07E-13
 1.00E-74 1.00E-74 5.63E-41 7.66E-27 7.56E-20 9.31E-16 1.80E-14 4.46E-14
 6.80E-14 9.88E-14 1.24E-13 1.32E-13 1.18E-13 1.07E-13
 1.00E-74 1.00E-74 5.63E-41 7.66E-27 7.56E-20 9.31E-16 1.80E-14 4.46E-14
 6.80E-14 9.88E-14 1.24E-13 1.32E-13 1.18E-13 1.07E-13
 1.00E-74 1.00E-74 5.63E-41 7.66E-27 7.56E-20 9.31E-16 1.80E-14 4.46E-14
 6.80E-14 9.88E-14 1.24E-13 1.32E-13 1.18E-13 1.07E-13
  4.44405    7  14 /pl=01:ss=64:pb= 1:sz=64/type=excit/ispb = t/isel =   37
 1.00E+10 1.00E+11 1.00E+12 1.00E+13 1.00E+14 1.00E+15 1.00E+16
 7.28E+01 1.09E+02 1.82E+02 3.64E+02 7.28E+02 1.82E+03 3.64E+03 5.46E+03
 7.28E+03 1.09E+04 1.82E+04 3.64E+04 7.28E+04 1.09E+05
 1.00E-74 1.00E-74 1.00E-74 5.77E-29 4.64E-21 2.01E-16 5.83E-15 1.65E-14
 2.67E-14 4.09E-14 5.30E-14 5.62E-14 4.96E-14 4.40E-14
 1.00E-74 1.00E-74 1.00E-74 5.77E-29 4.64E-21 2.01E-16 5.83E-15 1.65E-14
 2.67E-14 4.09E-14 5.30E-14 5.62E-14 4.96E-14 4.40E-14
 1.00E-74 1.00E-74 1.00E-74 5.77E-29 4.64E-21 2.01E-16 5.83E-15 1.65E-14
 2.67E-14 4.09E-14 5.30E-14 5.62E-14 4.96E-14 4.40E-14
 1.00E-74 1.00E-74 5.79E-45 5.77E-29 4.64E-21 2.01E-16 5.83E-15 1.65E-14
 2.67E-14 4.09E-14 5.30E-14 5.62E-14 4.96E-14 4.40E-14
 1.00E-74 1.00E-74 6.37E-45 5.77E-29 4.64E-21 2.01E-16 5.83E-15 1.65E-14
 2.67E-14 4.09E-14 5.30E-14 5.62E-14 4.96E-14 4.40E-14
 1.00E-74 1.00E-74 6.37E-45 5.77E-29 4.64E-21 2.01E-16 5.83E-15 1.65E-14
 2.67E-14 4.09E-14 5.30E-14 5.62E-14 4.96E-14 4.40E-14
 1.00E-74 1.00E-74 6.34E-45 5.77E-29 4.64E-21 2.01E-16 5.83E-15 1.65E-14
 2.67E-14 4.09E-14 5.30E-14 5.62E-14 4.96E-14 4.40E-14
  4.52386    7  14 /pl=01:ss=64:pb= 1:sz=64/type=excit/ispb = t/isel =   38
 1.00E+10 1.00E+11 1.00E+12 1.00E+13 1.00E+14 1.00E+15 1.00E+16
 7.28E+01 1.09E+02 1.82E+02 3.64E+02 7.28E+02 1.82E+03 3.64E+03 5.46E+03
 7.28E+03 1.09E+04 1.82E+04 3.64E+04 7.28E+04 1.09E+05
 1.00E-74 1.00E-74 4.45E-41 4.14E-27 3.40E-20 3.80E-16 7.12E-15 1.74E-14
 2.62E-14 3.74E-14 4.58E-14 4.65E-14 4.02E-14 3.55E-14
 1.00E-74 1.00E-74 4.41E-41 4.14E-27 3.40E-20 3.80E-16 7.12E-15 1.74E-14
 2.62E-14 3.74E-14 4.58E-14 4.65E-14 4.02E-14 3.55E-14
 1.00E-74 1.00E-74 4.42E-41 4.14E-27 3.40E-20 3.80E-16 7.12E-15 1.74E-14
 2.62E-14 3.74E-14 4.58E-14 4.65E-14 4.02E-14 3.55E-14
 1.00E-74 1.00E-74 4.42E-41 4.14E-27 3.40E-20 3.80E-16 7.12E-15 1.74E-14
 2.62E-14 3.74E-14 4.58E-14 4.65E-14 4.02E-14 3.55E-14
 1.00E-74 1.00E-74 4.42E-41 4.14E-27 3.40E-20 3.80E-16 7.12E-15 1.74E-14
 2.62E-14 3.74E-14 4.58E-14 4.65E-14 4.02E-14 3.55E-14
 1.00E-74 1.00E-74 4.42E-41 4.14E-27 3.40E-20 3.80E-16 7.12E-15 1.74E-14
 2.62E-14 3.74E-14 4.58E-14 4.65E-14 4.02E-14 3.55E-14
 1.00E-74 1.00E-74 4.42E-41 4.14E-27 3.40E-20 3.80E-16 7.12E-15 1.74E-14
 2.62E-14 3.74E-14 4.58E-14 4.65E-14 4.02E-14 3.55E-14
  5.02033    7  14 /pl=01:ss=64:pb= 1:sz=64/type=excit/ispb = t/isel =   39
 1.00E+10 1.00E+11 1.00E+12 1.00E+13 1.00E+14 1.00E+15 1.00E+16
 7.28E+01 1.09E+02 1.82E+02 3.64E+02 7.28E+02 1.82E+03 3.64E+03 5.46E+03
 7.28E+03 1.09E+04 1.82E+04 3.64E+04 7.28E+04 1.09E+05
 1.00E-74 1.00E-74 1.00E-74 1.32E-28 3.57E-21 9.14E-17 2.38E-15 6.63E-15
 1.07E-14 1.67E-14 2.25E-14 2.58E-14 2.54E-14 2.40E-14
 1.00E-74 1.00E-74 1.00E-74 1.32E-28 3.57E-21 9.14E-17 2.38E-15 6.63E-15
 1.07E-14 1.67E-14 2.25E-14 2.58E-14 2.54E-14 2.40E-14
 1.00E-74 1.00E-74 1.45E-43 1.32E-28 3.57E-21 9.14E-17 2.38E-15 6.63E-15
 1.07E-14 1.67E-14 2.25E-14 2.58E-14 2.54E-14 2.40E-14
 1.00E-74 1.00E-74 1.38E-43 1.32E-28 3.57E-21 9.14E-17 2.38E-15 6.63E-15
 1.07E-14 1.67E-14 2.25E-14 2.58E-14 2.54E-14 2.40E-14
 1.00E-74 1.00E-74 1.38E-43 1.32E-28 3.57E-21 9.14E-17 2.38E-15 6.63E-15
 1.07E-14 1.67E-14 2.25E-14 2.58E-14 2.54E-14 2.40E-14
 1.00E-74 1.00E-74 1.38E-43 1.32E-28 3.57E-21 9.14E-17 2.38E-15 6.63E-15
 1.07E-14 1.67E-14 2.25E-14 2.58E-14 2.54E-14 2.40E-14
 1.00E-74 1.00E-74 1.38E-43 1.32E-28 3.57E-21 9.14E-17 2.38E-15 6.63E-15
 1.07E-14 1.67E-14 2.25E-14 2.58E-14 2.54E-14 2.40E-14
  6.47291    7  14 /pl=01:ss=64:pb= 1:sz=64/type=excit/ispb = t/isel =   40
 1.00E+10 1.00E+11 1.00E+12 1.00E+13 1.00E+14 1.00E+15 1.00E+16
 7.28E+01 1.09E+02 1.82E+02 3.64E+02 7.28E+02 1.82E+03 3.64E+03 5.46E+03
 7.28E+03 1.09E+04 1.82E+04 3.64E+04 7.28E+04 1.09E+05
 1.00E-74 1.00E-74 2.77E-36 2.92E-24 2.51E-18 7.17E-15 8.46E-14 1.79E-13
 2.51E-13 3.32E-13 3.88E-13 3.82E-13 3.29E-13 2.89E-13
 1.00E-74 1.00E-74 2.77E-36 2.92E-24 2.51E-18 7.17E-15 8.46E-14 1.79E-13
 2.51E-13 3.32E-13 3.88E-13 3.82E-13 3.29E-13 2.89E-13
 1.00E-74 1.00E-74 2.77E-36 2.92E-24 2.51E-18 7.17E-15 8.46E-14 1.79E-13
 2.51E-13 3.32E-13 3.88E-13 3.82E-13 3.29E-13 2.89E-13
 1.00E-74 1.00E-74 2.77E-36 2.92E-24 2.51E-18 7.17E-15 8.46E-14 1.79E-13
 2.51E-13 3.32E-13 3.88E-13 3.82E-13 3.29E-13 2.89E-13
 1.00E-74 1.00E-74 2.77E-36 2.92E-24 2.51E-18 7.17E-15 8.46E-14 1.79E-13
 2.51E-13 3.32E-13 3.88E-13 3.82E-13 3.29E-13 2.89E-13
 1.00E-74 1.00E-74 2.77E-36 2.92E-24 2.51E-18 7.17E-15 8.46E-14 1.79E-13
 2.51E-13 3.32E-13 3.88E-13 3.82E-13 3.29E-13 2.89E-13
 1.00E-74 1.00E-74 2.77E-36 2.92E-24 2.51E-18 7.17E-15 8.46E-14 1.79E-13
 2.51E-13 3.32E-13 3.88E-13 3.82E-13 3.28E-13 2.89E-13
  9.45448    7  14 /pl=01:ss=64:pb= 1:sz=64/type=excit/ispb = t/isel =   41
 1.00E+10 1.00E+11 1.00E+12 1.00E+13 1.00E+14 1.00E+15 1.00E+16
 7.28E+01 1.09E+02 1.82E+02 3.64E+02 7.28E+02 1.82E+03 3.64E+03 5.46E+03
 7.28E+03 1.09E+04 1.82E+04 3.64E+04 7.28E+04 1.09E+05
 1.00E-74 1.00E-74 1.88E-40 8.74E-28 7.19E-21 1.59E-16 4.20E-15 1.18E-14
 1.93E-14 3.02E-14 4.10E-14 4.77E-14 4.75E-14 4.55E-14
 1.00E-74 1.00E-74 1.88E-40 8.74E-28 7.19E-21 1.59E-16 4.20E-15 1.18E-14
 1.93E-14 3.02E-14 4.10E-14 4.77E-14 4.75E-14 4.55E-14
 1.00E-74 1.00E-74 1.88E-40 8.74E-28 7.19E-21 1.59E-16 4.20E-15 1.18E-14
 1.93E-14 3.02E-14 4.10E-14 4.77E-14 4.75E-14 4.55E-14
 1.00E-74 1.00E-74 1.88E-40 8.74E-28 7.19E-21 1.59E-16 4.20E-15 1.18E-14
 1.93E-14 3.02E-14 4.10E-14 4.77E-14 4.75E-14 4.55E-14
 1.00E-74 1.00E-74 1.88E-40 8.74E-28 7.19E-21 1.59E-16 4.20E-15 1.18E-14
 1.93E-14 3.02E-14 4.10E-14 4.77E-14 4.75E-14 4.55E-14
 1.00E-74 1.00E-74 1.88E-40 8.74E-28 7.19E-21 1.59E-16 4.20E-15 1.18E-14
 1.93E-14 3.02E-14 4.10E-14 4.77E-14 4.75E-14 4.55E-14
 1.00E-74 1.00E-74 1.88E-40 8.74E-28 7.19E-21 1.59E-16 4.20E-15 1.18E-14
 1.93E-14 3.02E-14 4.10E-14 4.77E-14 4.75E-14 4.55E-14
  9.46163    7  14 /pl=01:ss=64:pb= 1:sz=64/type=excit/ispb = t/isel =   42
 1.00E+10 1.00E+11 1.00E+12 1.00E+13 1.00E+14 1.00E+15 1.00E+16
 7.28E+01 1.09E+02 1.82E+02 3.64E+02 7.28E+02 1.82E+03 3.64E+03 5.46E+03
 7.28E+03 1.09E+04 1.82E+04 3.64E+04 7.28E+04 1.09E+05
 1.00E-74 1.00E-74 3.53E-37 3.79E-25 3.31E-19 9.86E-16 1.23E-14 2.67E-14
 3.82E-14 5.22E-14 6.26E-14 6.38E-14 5.65E-14 5.04E-14
 1.00E-74 1.00E-74 3.53E-37 3.79E-25 3.31E-19 9.86E-16 1.23E-14 2.67E-14
 3.82E-14 5.22E-14 6.26E-14 6.38E-14 5.65E-14 5.04E-14
 1.00E-74 1.00E-74 3.53E-37 3.79E-25 3.31E-19 9.86E-16 1.23E-14 2.67E-14
 3.82E-14 5.22E-14 6.26E-14 6.38E-14 5.65E-14 5.04E-14
 1.00E-74 1.00E-74 3.53E-37 3.79E-25 3.31E-19 9.86E-16 1.23E-14 2.67E-14
 3.82E-14 5.22E-14 6.26E-14 6.38E-14 5.65E-14 5.04E-14
 1.00E-74 1.00E-74 3.53E-37 3.79E-25 3.31E-19 9.86E-16 1.23E-14 2.67E-14
 3.82E-14 5.22E-14 6.26E-14 6.38E-14 5.65E-14 5.04E-14
 1.00E-74 1.00E-74 3.53E-37 3.79E-25 3.31E-19 9.86E-16 1.23E-14 2.67E-14
 3.82E-14 5.22E-14 6.26E-14 6.38E-14 5.65E-14 5.04E-14
 1.00E-74 1.00E-74 3.53E-37 3.79E-25 3.31E-19 9.86E-16 1.23E-14 2.67E-14
 3.82E-14 5.22E-14 6.26E-14 6.38E-14 5.65E-14 5.04E-14
  9.74279    7  14 /pl=01:ss=64:pb= 1:sz=64/type=excit/ispb = t/isel =   43
 1.00E+10 1.00E+11 1.00E+12 1.00E+13 1.00E+14 1.00E+15 1.00E+16
 7.28E+01 1.09E+02 1.82E+02 3.64E+02 7.28E+02 1.82E+03 3.64E+03 5.46E+03
 7.28E+03 1.09E+04 1.82E+04 3.64E+04 7.28E+04 1.09E+05
 1.00E-74 1.00E-74 1.66E-39 4.98E-27 9.06E-21 9.37E-17 2.31E-15 6.48E-15
 1.06E-14 1.69E-14 2.37E-14 2.98E-14 3.24E-14 3.26E-14
 1.00E-74 1.00E-74 1.66E-39 4.98E-27 9.06E-21 9.37E-17 2.31E-15 6.48E-15
 1.06E-14 1.69E-14 2.37E-14 2.98E-14 3.24E-14 3.26E-14
 1.00E-74 1.00E-74 1.66E-39 4.98E-27 9.06E-21 9.37E-17 2.31E-15 6.48E-15
 1.06E-14 1.69E-14 2.37E-14 2.98E-14 3.24E-14 3.26E-14
 1.00E-74 1.00E-74 1.66E-39 4.98E-27 9.06E-21 9.37E-17 2.31E-15 6.48E-15
 1.06E-14 1.69E-14 2.37E-14 2.98E-14 3.24E-14 3.26E-14
 1.00E-74 1.00E-74 1.66E-39 4.98E-27 9.06E-21 9.37E-17 2.31E-15 6.48E-15
 1.06E-14 1.69E-14 2.37E-14 2.98E-14 3.24E-14 3.26E-14
 1.00E-74 1.00E-74 1.66E-39 4.98E-27 9.06E-21 9.37E-17 2.31E-15 6.48E-15
 1.06E-14 1.69E-14 2.37E-14 2.98E-14 3.24E-14 3.26E-14
 1.00E-74 1.00E-74 1.66E-39 4.98E-27 9.07E-21 9.37E-17 2.31E-15 6.48E-15
 1.06E-14 1.69E-14 2.37E-14 2.98E-14 3.24E-14 3.26E-14
  11.2397    7  14 /pl=01:ss=64:pb= 1:sz=64/type=excit/ispb = t/isel =   44
 1.00E+10 1.00E+11 1.00E+12 1.00E+13 1.00E+14 1.00E+15 1.00E+16
 7.28E+01 1.09E+02 1.82E+02 3.64E+02 7.28E+02 1.82E+03 3.64E+03 5.46E+03
 7.28E+03 1.09E+04 1.82E+04 3.64E+04 7.28E+04 1.09E+05
 1.00E-74 1.00E-74 8.01E-37 8.42E-25 7.24E-19 2.07E-15 2.44E-14 5.17E-14
 7.25E-14 9.60E-14 1.12E-13 1.10E-13 9.49E-14 8.36E-14
 1.00E-74 1.00E-74 8.01E-37 8.42E-25 7.24E-19 2.07E-15 2.44E-14 5.17E-14
 7.25E-14 9.60E-14 1.12E-13 1.10E-13 9.49E-14 8.36E-14
 1.00E-74 1.00E-74 8.01E-37 8.42E-25 7.24E-19 2.07E-15 2.44E-14 5.17E-14
 7.25E-14 9.60E-14 1.12E-13 1.10E-13 9.49E-14 8.36E-14
 1.00E-74 1.00E-74 8.01E-37 8.42E-25 7.24E-19 2.07E-15 2.44E-14 5.17E-14
 7.25E-14 9.60E-14 1.12E-13 1.10E-13 9.49E-14 8.36E-14
 1.00E-74 1.00E-74 8.01E-37 8.42E-25 7.24E-19 2.07E-15 2.44E-14 5.17E-14
 7.25E-14 9.60E-14 1.12E-13 1.10E-13 9.49E-14 8.36E-14
 1.00E-74 1.00E-74 8.01E-37 8.42E-25 7.24E-19 2.07E-15 2.44E-14 5.17E-14
 7.25E-14 9.60E-14 1.12E-13 1.10E-13 9.49E-14 8.36E-14
 1.00E-74 1.00E-74 8.01E-37 8.42E-25 7.24E-19 2.07E-15 2.44E-14 5.16E-14
 7.25E-14 9.60E-14 1.12E-13 1.10E-13 9.49E-14 8.36E-14
  13.8447    7  14 /pl=01:ss=64:pb= 1:sz=64/type=excit/ispb = t/isel =   45
 1.00E+10 1.00E+11 1.00E+12 1.00E+13 1.00E+14 1.00E+15 1.00E+16
 7.28E+01 1.09E+02 1.82E+02 3.64E+02 7.28E+02 1.82E+03 3.64E+03 5.46E+03
 7.28E+03 1.09E+04 1.82E+04 3.64E+04 7.28E+04 1.09E+05
 1.00E-74 1.00E-74 1.99E-37 2.09E-25 1.80E-19 5.15E-16 6.08E-15 1.28E-14
 1.80E-14 2.39E-14 2.79E-14 2.74E-14 2.36E-14 2.08E-14
 1.00E-74 1.00E-74 1.99E-37 2.09E-25 1.80E-19 5.15E-16 6.08E-15 1.28E-14
 1.80E-14 2.39E-14 2.79E-14 2.74E-14 2.36E-14 2.08E-14
 1.00E-74 1.00E-74 1.99E-37 2.09E-25 1.80E-19 5.15E-16 6.08E-15 1.28E-14
 1.80E-14 2.39E-14 2.79E-14 2.74E-14 2.36E-14 2.08E-14
 1.00E-74 1.00E-74 1.99E-37 2.09E-25 1.80E-19 5.15E-16 6.08E-15 1.28E-14
 1.80E-14 2.39E-14 2.79E-14 2.74E-14 2.36E-14 2.08E-14
 1.00E-74 1.00E-74 1.99E-37 2.09E-25 1.80E-19 5.15E-16 6.08E-15 1.28E-14
 1.80E-14 2.39E-14 2.79E-14 2.74E-14 2.36E-14 2.08E-14
 1.00E-74 1.00E-74 1.99E-37 2.09E-25 1.80E-19 5.15E-16 6.08E-15 1.28E-14
 1.80E-14 2.39E-14 2.79E-14 2.74E-14 2.36E-14 2.08E-14
 1.00E-74 1.00E-74 1.99E-37 2.09E-25 1.80E-19 5.15E-16 6.08E-15 1.28E-14
 1.80E-14 2.39E-14 2.79E-14 2.74E-14 2.36E-14 2.08E-14
  21.3995    7  14 /pl=01:ss=64:pb= 1:sz=64/type=excit/ispb = t/isel =   46
 1.00E+10 1.00E+11 1.00E+12 1.00E+13 1.00E+14 1.00E+15 1.00E+16
 7.28E+01 1.09E+02 1.82E+02 3.64E+02 7.28E+02 1.82E+03 3.64E+03 5.46E+03
 7.28E+03 1.09E+04 1.82E+04 3.64E+04 7.28E+04 1.09E+05
 1.00E-74 1.00E-74 1.29E-32 3.43E-22 4.72E-17 4.53E-14 3.78E-13 7.12E-13
 9.43E-13 1.19E-12 1.33E-12 1.26E-12 1.07E-12 9.33E-13
 1.00E-74 1.00E-74 1.29E-32 3.43E-22 4.72E-17 4.53E-14 3.78E-13 7.12E-13
 9.43E-13 1.19E-12 1.33E-12 1.26E-12 1.07E-12 9.33E-13
 1.00E-74 1.00E-74 1.29E-32 3.43E-22 4.72E-17 4.53E-14 3.78E-13 7.12E-13
 9.43E-13 1.19E-12 1.33E-12 1.26E-12 1.07E-12 9.33E-13
 1.00E-74 1.00E-74 1.29E-32 3.43E-22 4.72E-17 4.53E-14 3.78E-13 7.12E-13
 9.43E-13 1.19E-12 1.33E-12 1.26E-12 1.07E-12 9.33E-13
 1.00E-74 1.25E-46 1.29E-32 3.43E-22 4.72E-17 4.53E-14 3.78E-13 7.12E-13
 9.43E-13 1.19E-12 1.33E-12 1.26E-12 1.07E-12 9.33E-13
 1.00E-74 1.31E-46 1.29E-32 3.43E-22 4.72E-17 4.53E-14 3.78E-13 7.12E-13
 9.43E-13 1.19E-12 1.33E-12 1.26E-12 1.07E-12 9.33E-13
 1.00E-74 1.32E-46 1.29E-32 3.43E-22 4.72E-17 4.53E-14 3.78E-13 7.12E-13
 9.43E-13 1.19E-12 1.33E-12 1.26E-12 1.07E-12 9.33E-13
  23.5960    7  14 /pl=01:ss=64:pb= 1:sz=64/type=excit/ispb = t/isel =   47
 1.00E+10 1.00E+11 1.00E+12 1.00E+13 1.00E+14 1.00E+15 1.00E+16
 7.28E+01 1.09E+02 1.82E+02 3.64E+02 7.28E+02 1.82E+03 3.64E+03 5.46E+03
 7.28E+03 1.09E+04 1.82E+04 3.64E+04 7.28E+04 1.09E+05
 1.00E-74 1.00E-74 2.39E-36 9.12E-26 7.13E-20 8.49E-16 1.86E-14 4.92E-14
 7.75E-14 1.17E-13 1.54E-13 1.74E-13 1.68E-13 1.59E-13
 1.00E-74 1.00E-74 2.39E-36 9.12E-26 7.13E-20 8.49E-16 1.86E-14 4.92E-14
 7.75E-14 1.17E-13 1.54E-13 1.74E-13 1.68E-13 1.59E-13
 1.00E-74 1.00E-74 2.39E-36 9.12E-26 7.13E-20 8.49E-16 1.86E-14 4.92E-14
 7.75E-14 1.17E-13 1.54E-13 1.74E-13 1.68E-13 1.59E-13
 1.00E-74 1.00E-74 2.39E-36 9.12E-26 7.13E-20 8.49E-16 1.86E-14 4.92E-14
 7.75E-14 1.17E-13 1.54E-13 1.74E-13 1.68E-13 1.59E-13
 1.00E-74 1.00E-74 2.39E-36 9.12E-26 7.13E-20 8.49E-16 1.86E-14 4.92E-14
 7.75E-14 1.17E-13 1.54E-13 1.74E-13 1.68E-13 1.59E-13
 1.00E-74 1.00E-74 2.39E-36 9.12E-26 7.13E-20 8.49E-16 1.86E-14 4.92E-14
 7.75E-14 1.17E-13 1.54E-13 1.74E-13 1.68E-13 1.59E-13
 1.00E-74 1.00E-74 2.39E-36 9.13E-26 7.14E-20 8.49E-16 1.86E-14 4.92E-14
 7.75E-14 1.17E-13 1.54E-13 1.74E-13 1.68E-13 1.59E-13
  23.8663    7  14 /pl=01:ss=64:pb= 1:sz=64/type=excit/ispb = t/isel =   48
 1.00E+10 1.00E+11 1.00E+12 1.00E+13 1.00E+14 1.00E+15 1.00E+16
 7.28E+01 1.09E+02 1.82E+02 3.64E+02 7.28E+02 1.82E+03 3.64E+03 5.46E+03
 7.28E+03 1.09E+04 1.82E+04 3.64E+04 7.28E+04 1.09E+05
 1.00E-74 1.00E-74 5.77E-33 1.30E-22 1.66E-17 1.58E-14 1.42E-13 2.80E-13
 3.83E-13 5.03E-13 5.86E-13 5.89E-13 5.25E-13 4.76E-13
 1.00E-74 1.00E-74 5.77E-33 1.30E-22 1.66E-17 1.58E-14 1.42E-13 2.80E-13
 3.83E-13 5.03E-13 5.86E-13 5.89E-13 5.25E-13 4.76E-13
 1.00E-74 1.00E-74 5.77E-33 1.30E-22 1.66E-17 1.58E-14 1.42E-13 2.80E-13
 3.83E-13 5.03E-13 5.86E-13 5.89E-13 5.25E-13 4.76E-13
 1.00E-74 6.82E-47 5.77E-33 1.30E-22 1.66E-17 1.58E-14 1.42E-13 2.80E-13
 3.83E-13 5.03E-13 5.86E-13 5.89E-13 5.25E-13 4.76E-13
 1.00E-74 7.51E-47 5.77E-33 1.30E-22 1.66E-17 1.58E-14 1.42E-13 2.80E-13
 3.83E-13 5.03E-13 5.86E-13 5.89E-13 5.25E-13 4.76E-13
 1.00E-74 7.37E-47 5.77E-33 1.30E-22 1.66E-17 1.58E-14 1.42E-13 2.80E-13
 3.83E-13 5.03E-13 5.86E-13 5.89E-13 5.25E-13 4.76E-13
 1.00E-74 7.36E-47 5.77E-33 1.30E-22 1.66E-17 1.58E-14 1.42E-13 2.80E-13
 3.83E-13 5.03E-13 5.86E-13 5.89E-13 5.25E-13 4.76E-13
  33.3556    7  14 /pl=01:ss=64:pb= 1:sz=64/type=excit/ispb = t/isel =   49
 1.00E+10 1.00E+11 1.00E+12 1.00E+13 1.00E+14 1.00E+15 1.00E+16
 7.28E+01 1.09E+02 1.82E+02 3.64E+02 7.28E+02 1.82E+03 3.64E+03 5.46E+03
 7.28E+03 1.09E+04 1.82E+04 3.64E+04 7.28E+04 1.09E+05
 1.00E-74 1.00E-74 1.81E-38 1.33E-25 3.04E-19 1.57E-15 2.25E-14 5.04E-14
 7.27E-14 9.97E-14 1.18E-13 1.18E-13 1.02E-13 8.97E-14
 1.00E-74 1.00E-74 1.81E-38 1.33E-25 3.04E-19 1.57E-15 2.25E-14 5.04E-14
 7.27E-14 9.97E-14 1.18E-13 1.18E-13 1.02E-13 8.97E-14
 1.00E-74 1.00E-74 1.81E-38 1.33E-25 3.04E-19 1.57E-15 2.25E-14 5.04E-14
 7.27E-14 9.97E-14 1.18E-13 1.18E-13 1.02E-13 8.97E-14
 1.00E-74 1.00E-74 1.81E-38 1.33E-25 3.04E-19 1.57E-15 2.25E-14 5.04E-14
 7.27E-14 9.97E-14 1.18E-13 1.18E-13 1.02E-13 8.97E-14
 1.00E-74 1.00E-74 1.81E-38 1.33E-25 3.04E-19 1.57E-15 2.25E-14 5.04E-14
 7.27E-14 9.97E-14 1.18E-13 1.18E-13 1.02E-13 8.97E-14
 1.00E-74 1.00E-74 1.81E-38 1.33E-25 3.04E-19 1.57E-15 2.25E-14 5.04E-14
 7.27E-14 9.97E-14 1.18E-13 1.18E-13 1.02E-13 8.97E-14
 1.00E-74 1.00E-74 1.81E-38 1.33E-25 3.05E-19 1.57E-15 2.25E-14 5.04E-14
 7.27E-14 9.97E-14 1.18E-13 1.18E-13 1.02E-13 8.97E-14
  48.9956    7  14 /pl=01:ss=64:pb= 1:sz=64/type=excit/ispb = t/isel =   50
 1.00E+10 1.00E+11 1.00E+12 1.00E+13 1.00E+14 1.00E+15 1.00E+16
 7.28E+01 1.09E+02 1.82E+02 3.64E+02 7.28E+02 1.82E+03 3.64E+03 5.46E+03
 7.28E+03 1.09E+04 1.82E+04 3.64E+04 7.28E+04 1.09E+05
 1.00E-74 1.00E-74 1.54E-39 2.29E-27 1.46E-20 2.04E-16 4.42E-15 1.15E-14
 1.80E-14 2.69E-14 3.45E-14 3.72E-14 3.38E-14 3.05E-14
 1.00E-74 1.00E-74 1.54E-39 2.29E-27 1.46E-20 2.04E-16 4.42E-15 1.15E-14
 1.80E-14 2.69E-14 3.45E-14 3.72E-14 3.38E-14 3.05E-14
 1.00E-74 1.00E-74 1.54E-39 2.29E-27 1.46E-20 2.04E-16 4.42E-15 1.15E-14
 1.80E-14 2.69E-14 3.45E-14 3.72E-14 3.38E-14 3.05E-14
 1.00E-74 1.00E-74 1.55E-39 2.29E-27 1.46E-20 2.04E-16 4.42E-15 1.15E-14
 1.80E-14 2.69E-14 3.45E-14 3.72E-14 3.38E-14 3.05E-14
 1.00E-74 1.00E-74 1.55E-39 2.29E-27 1.46E-20 2.04E-16 4.42E-15 1.15E-14
 1.80E-14 2.69E-14 3.45E-14 3.72E-14 3.38E-14 3.05E-14
 1.00E-74 1.00E-74 1.64E-39 2.29E-27 1.46E-20 2.04E-16 4.42E-15 1.15E-14
 1.80E-14 2.69E-14 3.45E-14 3.72E-14 3.38E-14 3.05E-14
 1.00E-74 1.00E-74 2.45E-39 2.32E-27 1.46E-20 2.04E-16 4.42E-15 1.15E-14
 1.80E-14 2.69E-14 3.45E-14 3.72E-14 3.38E-14 3.05E-14
c-------------------------------------------------------------------------------
 
C  root partition information
C  ==========================
C
C  nuclear charge : 74
C  ion charge+1   : 65
C
C  population calculation information
C  ----------------------------------
C
C  population processing code: adas810
C
C  adf04 source file    : adf04_copmm#74_ls_40#w64.dat
C  adf18/a17_p208 file  : NULL
C
C  meta. ion. coeff. selector  : 
 
C  options  : lnorm =T  lpsel =F  lzsel =T  liosel=F
C           : lhsel =F  lrsel =F  lisel =F  lnsel =F
 
C  energy levels
C  -------------
C
C   lv      configuration    (2S+1)L(w-1/2)      energy (cm^-1)
C  ---   ------------------- --------------      --------------
c    1   22563                  (1)0(  0.0)             0.0
c    2   22553514               (1)1(  1.0)      66834807.8
c    3   22553515               (3)1(  4.0)      71024807.8
c    4   22553515               (1)1(  1.0)      71072807.8
c    5   22553515               (1)0(  0.0)      71507807.8
c    6   22553515               (3)2(  7.0)      71688807.8
c    7   22553514               (3)1(  4.0)      71784807.8
c    8   22553516               (1)2(  2.0)      73113807.8
c    9   22553516               (1)1(  1.0)      73386807.8
c   10   22553516               (3)2(  7.0)      75060807.8
c   11   22553516               (3)3( 10.0)      75363807.8
c   12   22553516               (3)1(  4.0)      79019807.8
c   13   12563514               (3)0(  1.0)      82048807.8
c   14   12563514               (1)0(  0.0)      82283807.8
c   15   22553515               (1)2(  2.0)      82353807.8
c   16   22553515               (3)0(  1.0)      82361807.8
c   17   22553516               (1)3(  3.0)      84380807.8
c   18   12563515               (3)1(  4.0)      85018807.8
c   19   12563515               (1)1(  1.0)      86428807.8
c   20   12563516               (3)2(  7.0)      88016807.8
c   21   12563516               (1)2(  2.0)      88481807.8
c   22   22553517               (1)1(  1.0)      93606807.8
c   23   22553518               (3)0(  1.0)      94083807.8
c   24   22553518               (1)1(  1.0)      95355807.8
c   25   22553518               (1)0(  0.0)      95491807.8
c   26   22553519               (1)2(  2.0)      96165807.8
c   27   22553519               (1)1(  1.0)      96256807.8
c   28   2255351A               (3)3( 10.0)      96519807.8
c   29   2255351A               (1)2(  2.0)      96582807.8
c   30   2255351A               (1)3(  3.0)      96590807.8
c   31   22553518               (3)2(  7.0)      96931807.8
c   32   22553519               (3)2(  7.0)      98281807.8
c   33   22553517               (3)1(  4.0)      98595807.8
c   34   22553519               (3)3( 10.0)      98665807.8
c   35   2255351A               (3)4( 13.0)      99423807.8
c   36   22553518               (3)1(  4.0)     100240807.8
c   37   22553519               (3)1(  4.0)     102280807.8
c   38   2255351A               (3)2(  7.0)     105530807.8
c   39   2255351B               (1)1(  1.0)     105550807.8
c   40   2255351C               (3)0(  1.0)     105790807.8
c   41   2255351C               (1)1(  1.0)     106430807.8
c   42   2255351C               (1)0(  0.0)     106500807.8
c   43   22553518               (1)2(  2.0)     106630807.8
c   44   2255351D               (1)2(  2.0)     106840807.8
c   45   2255351D               (1)1(  1.0)     106880807.8
c   46   2255351E               (3)3( 10.0)     107020807.8
c   47   2255351E               (1)3(  3.0)     107050807.8
c   48   2255351E               (1)2(  2.0)     107050807.8
c   49   22553519               (1)3(  3.0)     107430807.8
c   50   2255351A               (1)4(  4.0)     107860807.8
c   51   2255351C               (3)2(  7.0)     108350807.8
c   52   12563517               (3)0(  1.0)     108870807.8
c   53   12563517               (1)0(  0.0)     108930807.8
c   54   2255351D               (3)2(  7.0)     109020807.8
c   55   2255351D               (3)3( 10.0)     109430807.8
c   56   2255351E               (3)4( 13.0)     109930807.8
c   57   12563518               (3)1(  4.0)     110080807.8
c   58   2255351B               (3)1(  4.0)     110550807.8
c   59   12563518               (1)1(  1.0)     110660807.8
c   60   12563519               (3)2(  7.0)     111280807.8
c   61   2255351C               (3)1(  4.0)     111380807.8
c   62   12563519               (1)2(  2.0)     111470807.8
c   63   2255351G               (1)1(  1.0)     111890807.8
c   64   2255351H               (3)0(  1.0)     112030807.8
c   65   2255351H               (1)1(  1.0)     112400807.8
c   66   2255351H               (1)0(  0.0)     112430807.8
c   67   2255351I               (1)2(  2.0)     112630807.8
c   68   2255351I               (1)1(  1.0)     112650807.8
c   69   2255351J               (3)3( 10.0)     112730807.8
c   70   2255351J               (1)2(  2.0)     112750807.8
c   71   2255351J               (1)3(  3.0)     112750807.8
c   72   2255351D               (3)1(  4.0)     113020807.8
c   73   2255351H               (3)2(  7.0)     114460807.8
c   74   2255351I               (3)2(  7.0)     114840807.8
c   75   2255351I               (3)3( 10.0)     115260807.8
c   76   2255351M               (1)1(  1.0)     115650807.8
c   77   2255351J               (3)4( 13.0)     115650807.8
c   78   2255351N               (3)0(  1.0)     115740807.8
c   79   2255351N               (1)1(  1.0)     115970807.8
c   80   2255351N               (1)0(  0.0)     115990807.8
c   81   2255351E               (3)2(  7.0)     116030807.8
c   82   2255351O               (1)2(  2.0)     116110807.8
c   83   2255351O               (1)1(  1.0)     116130807.8
c   84   2255351P               (3)3( 10.0)     116180807.8
c   85   2255351P               (1)3(  3.0)     116190807.8
c   86   2255351P               (1)2(  2.0)     116190807.8
c   87   2255351G               (3)1(  4.0)     116900807.8
c   88   2255351H               (3)1(  4.0)     117370807.8
c   89   2255351C               (1)2(  2.0)     117710807.8
c   90   2255351N               (3)2(  7.0)     118100807.8
c   91   2255351D               (1)3(  3.0)     118110807.8
c   92   2255351E               (1)4(  4.0)     118320807.8
c   93   2255351O               (3)2(  7.0)     118340807.8
c   94   2255351O               (3)3( 10.0)     118760807.8
c   95   2255351I               (3)1(  4.0)     118850807.8
c   96   2255351P               (3)4( 13.0)     119090807.8
c   97   2255351M               (3)1(  4.0)     120660807.8
c   98   2255351N               (3)1(  4.0)     120960807.8
c   99   2255351J               (3)2(  7.0)     121740807.8
c  100   2255351O               (3)1(  4.0)     122350807.8
c  101   2255351H               (1)2(  2.0)     123670807.8
c  102   2255351I               (1)3(  3.0)     123900807.8
c  103   2255351J               (1)4(  4.0)     124020807.8
c  104   2255351P               (3)2(  7.0)     125190807.8
c  105   2255351N               (1)2(  2.0)     127240807.8
c  106   2255351O               (1)3(  3.0)     127380807.8
c  107   2255351P               (1)4(  4.0)     127460807.8
c  108   11522563514            (3)0(  1.0)     548580807.8
c  109   11522563514            (1)0(  0.0)     548740807.8
c  110   11522563515            (3)1(  4.0)     551500807.8
c  111   11522563515            (1)1(  1.0)     552980807.8
c  112   11522563516            (3)2(  7.0)     554690807.8
c  113   11522563516            (1)2(  2.0)     555080807.8
 
 
 
c-------------------------------------------------------------------------------
 
C  superstage partition information
C  ================================
C
C  element symbol   : W
C  parent template  : 
C  partition level  :  1
C  superstage label : 64
C
C  tabulation       : photon emissivity coefft (te,ne)
C  units            : ph. emis coef(cm^3 s^-1); te (ev); ne (cm^-3)
C
C  photon emissivity atomic transitions
C  ------------------------------------
C  
C   isel  wvlen(A)            transition                type  ispb nspb
C                                                             ispp nspp sz    tg pr wr
C  ----- ---------- ----------------------------------- ----- ---- ---- --    -- -- --
C      1   1.01748   32(3)2(  7.0)-  1(1)0(  0.0)       excit   1    1  64    21 12  1
C      2   1.03889   27(1)1(  1.0)-  1(1)0(  0.0)       excit   1    1  64    17  5  2
C      3   1.06830   22(1)1(  1.0)-  1(1)0(  0.0)       excit   1    1  64    15 42  3
C      4   1.13018   21(1)2(  2.0)-  1(1)0(  0.0)       excit   1    1  64    14  6  4
C      5   1.13615   20(3)2(  7.0)-  1(1)0(  0.0)       excit   1    1  64    13 16  5
C      6   1.15702   19(1)1(  1.0)-  1(1)0(  0.0)       excit   1    1  64    12  7  6
C      7   1.17621   18(3)1(  4.0)-  1(1)0(  0.0)       excit   1    1  64    11  8  7
C      8   1.21427   15(1)2(  2.0)-  1(1)0(  0.0)       excit   1    1  64    10 27  8
C      9   1.26551   12(3)1(  4.0)-  1(1)0(  0.0)       excit   1    1  64     8 15  9
C     10   1.33225   10(3)2(  7.0)-  1(1)0(  0.0)       excit   1    1  64     7  2 10
C     11   1.36264    9(1)1(  1.0)-  1(1)0(  0.0)       excit   1    1  64     6  1 11
C     12   1.39305    7(3)1(  4.0)-  1(1)0(  0.0)       excit   1    1  64     5 11 12
C     13   1.39492    6(3)2(  7.0)-  1(1)0(  0.0)       excit   1    1  64     4 14 13
C     14   1.40796    3(3)1(  4.0)-  1(1)0(  0.0)       excit   1    1  64     2  9 14
C     15   1.49623    2(1)1(  1.0)-  1(1)0(  0.0)       excit   1    1  64     1  3 15
C     16   2.28227   74(3)2(  7.0)-  3(3)1(  4.0)       excit   1    1  64   242 49 16
C     17   2.52105   42(1)0(  0.0)-  2(1)1(  1.0)       excit   1    1  64   110 34 17
C     18   2.63186   54(3)2(  7.0)-  3(3)1(  4.0)       excit   1    1  64   222 30 18
C     19   2.67867   54(3)2(  7.0)-  6(3)2(  7.0)       excit   1    1  64   490 44 19
C     20   2.82701   45(1)1(  1.0)-  5(1)0(  0.0)       excit   1    1  64   399 47 20
C     21   2.97053   48(1)2(  2.0)-  9(1)1(  1.0)       excit   1    1  64   781 37 21
C     22   2.99347   36(3)1(  4.0)-  2(1)1(  1.0)       excit   1    1  64   104 40 22
C     23   3.19939   37(3)1(  4.0)-  3(3)1(  4.0)       excit   1    1  64   205 48 23
C     24   3.48955   25(1)0(  0.0)-  2(1)1(  1.0)       excit   1    1  64    95 18 24
C     25   3.51420   36(3)1(  4.0)-  7(3)1(  4.0)       excit   1    1  64   578 25 25
C     26   3.66878   32(3)2(  7.0)-  3(3)1(  4.0)       excit   1    1  64   200 17 26
C     27   3.76039   32(3)2(  7.0)-  6(3)2(  7.0)       excit   1    1  64   468 24 27
C     28   3.77202   38(3)2(  7.0)- 12(3)1(  4.0)       excit   1    1  64  1061 33 28
C     29   3.80778   60(3)2(  7.0)- 18(3)1(  4.0)       excit   1    1  64  1580 28 29
C     30   3.97078   27(1)1(  1.0)-  4(1)1(  1.0)       excit   1    1  64   300 31 30
C     31   3.97662   31(3)2(  7.0)-  7(3)1(  4.0)       excit   1    1  64   573 41 31
C     32   3.99329   62(1)2(  2.0)- 19(1)1(  1.0)       excit   1    1  64  1668 21 32
C     33   4.04057   27(1)1(  1.0)-  5(1)0(  0.0)       excit   1    1  64   387 26 33
C     34   4.18200   53(1)0(  0.0)- 18(3)1(  4.0)       excit   1    1  64  1573 38 34
C     35   4.26094   29(1)2(  2.0)-  8(1)2(  2.0)       excit   1    1  64   670 45 35
C     36   4.31109   29(1)2(  2.0)-  9(1)1(  1.0)       excit   1    1  64   765 20 36
C     37   4.44405   53(1)0(  0.0)- 19(1)1(  1.0)       excit   1    1  64  1660 32 37
C     38   4.52386   25(1)0(  0.0)-  9(1)1(  1.0)       excit   1    1  64   761 36 38
C     39   5.02033   37(3)1(  4.0)- 16(3)0(  1.0)       excit   1    1  64  1396 50 39
C     40   6.47291   14(1)0(  0.0)-  2(1)1(  1.0)       excit   1    1  64    84 13 40
C     41   9.45448   16(3)0(  1.0)-  7(3)1(  4.0)       excit   1    1  64   558 35 41
C     42   9.46163   15(1)2(  2.0)-  7(3)1(  4.0)       excit   1    1  64   557 29 42
C     43   9.74279   13(3)0(  1.0)-  7(3)1(  4.0)       excit   1    1  64   555 43 43
C     44   11.2397   14(1)0(  0.0)-  9(1)1(  1.0)       excit   1    1  64   750 23 44
C     45   13.8447   14(1)0(  0.0)- 10(3)2(  7.0)       excit   1    1  64   841 46 45
C     46   21.3995    5(1)0(  0.0)-  2(1)1(  1.0)       excit   1    1  64    75  4 46
C     47   23.5960    4(1)1(  1.0)-  2(1)1(  1.0)       excit   1    1  64    74 19 47
C     48   23.8663    3(3)1(  4.0)-  2(1)1(  1.0)       excit   1    1  64    73 10 48
C     49   33.3556   20(3)2(  7.0)- 18(3)1(  4.0)       excit   1    1  64  1541 22 49
C     50   48.9956    8(1)2(  2.0)-  4(1)1(  1.0)       excit   1    1  64   284 39 50
c-------------------------------------------------------------------------------
                                                                                
C  code     : adas810
C  producer : Adam Foster
C  date     : 15/05/09
                                                                                
c-------------------------------------------------------------------------------

C-----------------------------------------------------------------------
C                               OPEN-ADAS
C                               +++++++++
C
C This file has been downloaded from OPEN-ADAS (http://open.adas.ac.uk)
C on 26-Mar-2025.
C
C TERMS AND CONDITIONS
C --------------------
C
C The user of the OPEN-ADAS system and data (hereinafter "the User")
C accepts the following terms and conditions:
C
C   1. The University of Strathclyde uses all reasonable endeavours to
C      ensure the accuracy of the data provided and any information
C      given, but the University makes no warranty, expressed or implied
C      as to its accuracy, integrity, fitness for purpose and shall not
C      be responsible for the use to which the data is put by the User
C      and/or any consequences arising out of any inaccuracies or
C      omissions.
C
C   2. Any downloaded OPEN-ADAS file is made available for the
C      personal use of the User only.  It must not be used for any
C      commercial application, incorporated into any web site or in
C      any form re-distributed without express prior written permission
C      from the ADAS Project. In particular, but not by way of
C      limitation, it must not be:
C        *  inserted into a managed database structure,
C        *  redistributed along with a modelling or analysis code,
C        *  made available on a public website.
C
C Permission for OPEN-ADAS data incorporation in non-commercial
C code/system development for scientific advance will not be
C unreasonably withheld, but will be subject to written agreement
C on a case by case basis.
C
C The User will indemnify the University of Strathclyde and keep it
C fully and effectively indemnified against each and every claim made
C against the University as a result of the User's use of the data.
C
C-----------------------------------------------------------------------
