   50    /W :56 photon emissivity coefficients/
--------------------------------------------------------------------------------
    1    1    1    1    1    1    1    1    1    1    1    1    1    1
    1    1    1    1    1    1    1    1    1    1    1    1    1    1
    1    1    1    1    1    1    1    1    1    1    1    1    1    1
    1    1    1    1    1    1    1    1    1    1    1    1    1    1
    1    1    1    1    1    1    1    1    1    1    1    1    1    1
    1    1    1    1    1
--------------------------------------------------------------------------------
//#01/p00/ 00/p01/ 01/p02/ 02/p03/ 03/p04/ 04/p05/ 05/p06/ 06/p07/ 07/p08/ 08/  
      p09/ 09/p10/ 10/p11/ 11/p12/ 12/p13/ 13/p14/ 14/p15/ 15/p16/ 16/p17/ 17/  
      p18/ 18/p19/ 19/p20/ 20/p21/ 21/p22/ 22/p23/ 23/p24/ 24/p25/ 25/p26/ 26/  
      p27/ 27/p28/ 28/p29/ 29/p30/ 30/p31/ 31/p32/ 32/p33/ 33/p34/ 34/p35/ 35/  
      p36/ 36/p37/ 37/p38/ 38/p39/ 39/p40/ 40/p41/ 41/p42/ 42/p43/ 43/p44/ 44/  
      p45/ 45/p46/ 46/p47/ 47/p48/ 48/p49/ 49/p50/ 50/p51/ 51/p52/ 52/p53/ 53/  
      p54/ 54/p55/ 55/p56/ 56/p57/ 57/p58/ 58/p59/ 59/p60/ 60/p61/ 61/p62/ 62/  
      p63/ 63/p64/ 64/p65/ 65/p66/ 66/p67/ 67/p68/ 68/p69/ 69/p70/ 70/p71/ 71/  
      p72/ 72/p73/ 73/p74/ 74/                                                  
--------------------------------------------------------------------------------
  2.58739    7  14 /pl=01:ss=56:pb= 1:sz=56/type=excit/ispb = t/isel =    1
 1.00E+10 1.00E+11 1.00E+12 1.00E+13 1.00E+14 1.00E+15 1.00E+16
 5.60E+01 8.40E+01 1.40E+02 2.80E+02 5.60E+02 1.40E+03 2.80E+03 4.20E+03
 5.60E+03 8.40E+03 1.40E+04 2.80E+04 5.60E+04 8.40E+04
 1.00E-74 1.02E-36 6.48E-27 1.25E-19 4.56E-16 4.02E-14 1.44E-13 2.14E-13
 2.56E-13 3.05E-13 3.50E-13 3.81E-13 3.84E-13 3.75E-13
 1.00E-74 1.02E-36 6.48E-27 1.25E-19 4.56E-16 4.01E-14 1.44E-13 2.13E-13
 2.55E-13 3.05E-13 3.50E-13 3.80E-13 3.84E-13 3.75E-13
 1.00E-74 1.02E-36 6.48E-27 1.25E-19 4.56E-16 4.01E-14 1.44E-13 2.12E-13
 2.54E-13 3.03E-13 3.48E-13 3.79E-13 3.82E-13 3.74E-13
 1.00E-74 1.02E-36 6.48E-27 1.25E-19 4.55E-16 3.93E-14 1.38E-13 2.04E-13
 2.43E-13 2.90E-13 3.33E-13 3.64E-13 3.70E-13 3.63E-13
 1.00E-74 1.02E-36 6.48E-27 1.25E-19 4.48E-16 3.41E-14 1.10E-13 1.58E-13
 1.87E-13 2.22E-13 2.57E-13 2.86E-13 2.98E-13 2.97E-13
 1.00E-74 1.02E-36 6.47E-27 1.25E-19 4.23E-16 2.50E-14 7.68E-14 1.10E-13
 1.30E-13 1.54E-13 1.78E-13 1.99E-13 2.07E-13 2.07E-13
 1.00E-74 1.02E-36 6.47E-27 1.25E-19 4.07E-16 2.21E-14 6.87E-14 9.86E-14
 1.17E-13 1.39E-13 1.61E-13 1.79E-13 1.85E-13 1.84E-13
  2.78774    7  14 /pl=01:ss=56:pb= 1:sz=56/type=excit/ispb = t/isel =    2
 1.00E+10 1.00E+11 1.00E+12 1.00E+13 1.00E+14 1.00E+15 1.00E+16
 5.60E+01 8.40E+01 1.40E+02 2.80E+02 5.60E+02 1.40E+03 2.80E+03 4.20E+03
 5.60E+03 8.40E+03 1.40E+04 2.80E+04 5.60E+04 8.40E+04
 1.00E-74 1.08E-34 1.34E-25 7.68E-19 1.54E-15 9.52E-14 3.06E-13 4.34E-13
 5.13E-13 6.04E-13 6.81E-13 7.33E-13 7.36E-13 7.17E-13
 1.00E-74 1.08E-34 1.34E-25 7.68E-19 1.54E-15 9.51E-14 3.05E-13 4.34E-13
 5.12E-13 6.03E-13 6.80E-13 7.32E-13 7.35E-13 7.16E-13
 1.00E-74 1.08E-34 1.34E-25 7.68E-19 1.54E-15 9.49E-14 3.04E-13 4.32E-13
 5.10E-13 6.00E-13 6.77E-13 7.29E-13 7.33E-13 7.14E-13
 1.00E-74 1.08E-34 1.34E-25 7.68E-19 1.53E-15 9.31E-14 2.93E-13 4.14E-13
 4.88E-13 5.74E-13 6.48E-13 7.01E-13 7.09E-13 6.93E-13
 7.40E-46 1.08E-34 1.34E-25 7.67E-19 1.51E-15 8.08E-14 2.33E-13 3.21E-13
 3.75E-13 4.39E-13 4.99E-13 5.51E-13 5.71E-13 5.68E-13
 4.44E-46 1.08E-34 1.34E-25 7.66E-19 1.43E-15 5.92E-14 1.63E-13 2.23E-13
 2.61E-13 3.06E-13 3.47E-13 3.83E-13 3.97E-13 3.96E-13
 4.22E-46 1.08E-34 1.34E-25 7.64E-19 1.37E-15 5.25E-14 1.46E-13 2.01E-13
 2.35E-13 2.76E-13 3.13E-13 3.44E-13 3.54E-13 3.51E-13
  2.83650    7  14 /pl=01:ss=56:pb= 1:sz=56/type=excit/ispb = t/isel =    3
 1.00E+10 1.00E+11 1.00E+12 1.00E+13 1.00E+14 1.00E+15 1.00E+16
 5.60E+01 8.40E+01 1.40E+02 2.80E+02 5.60E+02 1.40E+03 2.80E+03 4.20E+03
 5.60E+03 8.40E+03 1.40E+04 2.80E+04 5.60E+04 8.40E+04
 1.00E-74 8.71E-35 7.45E-26 3.26E-19 5.88E-16 3.58E-14 1.17E-13 1.69E-13
 2.02E-13 2.43E-13 2.84E-13 3.22E-13 3.40E-13 3.40E-13
 1.00E-74 8.71E-35 7.45E-26 3.26E-19 5.88E-16 3.58E-14 1.17E-13 1.68E-13
 2.02E-13 2.43E-13 2.83E-13 3.22E-13 3.40E-13 3.40E-13
 1.00E-74 8.71E-35 7.45E-26 3.26E-19 5.88E-16 3.57E-14 1.16E-13 1.68E-13
 2.01E-13 2.41E-13 2.82E-13 3.21E-13 3.39E-13 3.39E-13
 1.00E-74 8.71E-35 7.45E-26 3.26E-19 5.87E-16 3.50E-14 1.12E-13 1.61E-13
 1.92E-13 2.31E-13 2.70E-13 3.08E-13 3.28E-13 3.29E-13
 3.97E-46 8.71E-35 7.45E-26 3.26E-19 5.78E-16 3.04E-14 8.92E-14 1.25E-13
 1.48E-13 1.77E-13 2.08E-13 2.42E-13 2.64E-13 2.69E-13
 5.16E-46 8.71E-35 7.44E-26 3.25E-19 5.46E-16 2.23E-14 6.21E-14 8.65E-14
 1.02E-13 1.23E-13 1.44E-13 1.68E-13 1.84E-13 1.88E-13
 5.31E-46 8.71E-35 7.44E-26 3.25E-19 5.25E-16 1.97E-14 5.56E-14 7.78E-14
 9.23E-14 1.11E-13 1.30E-13 1.51E-13 1.64E-13 1.66E-13
  2.94930    7  14 /pl=01:ss=56:pb= 1:sz=56/type=excit/ispb = t/isel =    4
 1.00E+10 1.00E+11 1.00E+12 1.00E+13 1.00E+14 1.00E+15 1.00E+16
 5.60E+01 8.40E+01 1.40E+02 2.80E+02 5.60E+02 1.40E+03 2.80E+03 4.20E+03
 5.60E+03 8.40E+03 1.40E+04 2.80E+04 5.60E+04 8.40E+04
 1.00E-74 2.10E-33 8.08E-25 1.95E-18 2.55E-15 1.26E-13 3.80E-13 5.36E-13
 6.34E-13 7.46E-13 8.52E-13 9.39E-13 9.59E-13 9.43E-13
 1.00E-74 2.10E-33 8.08E-25 1.95E-18 2.54E-15 1.26E-13 3.80E-13 5.35E-13
 6.33E-13 7.45E-13 8.51E-13 9.38E-13 9.58E-13 9.42E-13
 1.00E-74 2.10E-33 8.08E-25 1.95E-18 2.54E-15 1.25E-13 3.79E-13 5.33E-13
 6.30E-13 7.42E-13 8.47E-13 9.34E-13 9.55E-13 9.39E-13
 3.62E-44 2.10E-33 8.08E-25 1.95E-18 2.54E-15 1.23E-13 3.65E-13 5.11E-13
 6.02E-13 7.08E-13 8.10E-13 8.98E-13 9.23E-13 9.12E-13
 3.52E-44 2.10E-33 8.08E-25 1.95E-18 2.50E-15 1.07E-13 2.90E-13 3.96E-13
 4.63E-13 5.42E-13 6.24E-13 7.05E-13 7.44E-13 7.47E-13
 3.48E-44 2.10E-33 8.08E-25 1.94E-18 2.36E-15 7.81E-14 2.02E-13 2.75E-13
 3.22E-13 3.77E-13 4.34E-13 4.90E-13 5.18E-13 5.20E-13
 3.48E-44 2.10E-33 8.08E-25 1.94E-18 2.27E-15 6.92E-14 1.81E-13 2.47E-13
 2.90E-13 3.40E-13 3.91E-13 4.40E-13 4.61E-13 4.61E-13
  3.20349    7  14 /pl=01:ss=56:pb= 1:sz=56/type=excit/ispb = t/isel =    5
 1.00E+10 1.00E+11 1.00E+12 1.00E+13 1.00E+14 1.00E+15 1.00E+16
 5.60E+01 8.40E+01 1.40E+02 2.80E+02 5.60E+02 1.40E+03 2.80E+03 4.20E+03
 5.60E+03 8.40E+03 1.40E+04 2.80E+04 5.60E+04 8.40E+04
 2.63E-41 2.56E-31 2.02E-23 1.47E-17 1.06E-14 3.66E-13 9.84E-13 1.33E-12
 1.54E-12 1.77E-12 1.98E-12 2.13E-12 2.14E-12 2.08E-12
 3.02E-41 2.56E-31 2.02E-23 1.47E-17 1.06E-14 3.65E-13 9.83E-13 1.33E-12
 1.54E-12 1.77E-12 1.98E-12 2.13E-12 2.14E-12 2.08E-12
 3.09E-41 2.56E-31 2.02E-23 1.47E-17 1.06E-14 3.65E-13 9.79E-13 1.32E-12
 1.53E-12 1.76E-12 1.97E-12 2.12E-12 2.13E-12 2.07E-12
 3.08E-41 2.56E-31 2.02E-23 1.47E-17 1.06E-14 3.58E-13 9.45E-13 1.27E-12
 1.46E-12 1.68E-12 1.88E-12 2.04E-12 2.06E-12 2.01E-12
 3.09E-41 2.56E-31 2.02E-23 1.46E-17 1.04E-14 3.10E-13 7.52E-13 9.84E-13
 1.12E-12 1.29E-12 1.45E-12 1.60E-12 1.66E-12 1.65E-12
 3.08E-41 2.56E-31 2.02E-23 1.46E-17 9.84E-15 2.28E-13 5.24E-13 6.84E-13
 7.82E-13 8.98E-13 1.01E-12 1.11E-12 1.15E-12 1.15E-12
 3.08E-41 2.56E-31 2.02E-23 1.46E-17 9.47E-15 2.02E-13 4.69E-13 6.15E-13
 7.04E-13 8.10E-13 9.09E-13 9.99E-13 1.03E-12 1.02E-12
  3.38331    7  14 /pl=01:ss=56:pb= 1:sz=56/type=excit/ispb = t/isel =    6
 1.00E+10 1.00E+11 1.00E+12 1.00E+13 1.00E+14 1.00E+15 1.00E+16
 5.60E+01 8.40E+01 1.40E+02 2.80E+02 5.60E+02 1.40E+03 2.80E+03 4.20E+03
 5.60E+03 8.40E+03 1.40E+04 2.80E+04 5.60E+04 8.40E+04
 1.00E-74 5.70E-36 1.23E-27 8.74E-21 2.71E-16 7.48E-14 3.06E-13 4.47E-13
 5.24E-13 5.95E-13 6.24E-13 6.00E-13 5.31E-13 4.82E-13
 1.00E-74 5.74E-36 1.24E-27 8.78E-21 2.72E-16 7.49E-14 3.06E-13 4.47E-13
 5.25E-13 5.95E-13 6.25E-13 6.01E-13 5.32E-13 4.83E-13
 1.00E-74 5.83E-36 1.26E-27 8.84E-21 2.73E-16 7.51E-14 3.07E-13 4.48E-13
 5.26E-13 5.96E-13 6.26E-13 6.01E-13 5.32E-13 4.84E-13
 1.00E-74 6.70E-36 1.48E-27 9.40E-21 2.80E-16 7.66E-14 3.11E-13 4.53E-13
 5.32E-13 6.02E-13 6.32E-13 6.08E-13 5.38E-13 4.89E-13
 9.37E-46 1.46E-35 3.42E-27 1.43E-20 3.44E-16 8.67E-14 3.36E-13 4.83E-13
 5.63E-13 6.35E-13 6.66E-13 6.41E-13 5.69E-13 5.18E-13
 2.53E-45 5.45E-35 1.22E-26 3.45E-20 5.73E-16 1.04E-13 3.65E-13 5.13E-13
 5.93E-13 6.66E-13 6.99E-13 6.77E-13 6.09E-13 5.59E-13
 6.04E-45 1.06E-34 2.05E-26 4.99E-20 7.12E-16 1.09E-13 3.67E-13 5.13E-13
 5.92E-13 6.63E-13 6.97E-13 6.77E-13 6.12E-13 5.64E-13
  3.40250    7  14 /pl=01:ss=56:pb= 1:sz=56/type=excit/ispb = t/isel =    7
 1.00E+10 1.00E+11 1.00E+12 1.00E+13 1.00E+14 1.00E+15 1.00E+16
 5.60E+01 8.40E+01 1.40E+02 2.80E+02 5.60E+02 1.40E+03 2.80E+03 4.20E+03
 5.60E+03 8.40E+03 1.40E+04 2.80E+04 5.60E+04 8.40E+04
 1.00E-74 1.09E-33 5.59E-25 1.64E-18 2.29E-15 1.11E-13 3.10E-13 4.03E-13
 4.44E-13 4.68E-13 4.50E-13 3.85E-13 3.07E-13 2.63E-13
 1.00E-74 1.09E-33 5.59E-25 1.64E-18 2.29E-15 1.11E-13 3.09E-13 4.03E-13
 4.44E-13 4.68E-13 4.50E-13 3.84E-13 3.06E-13 2.62E-13
 1.00E-74 1.09E-33 5.59E-25 1.64E-18 2.29E-15 1.10E-13 3.08E-13 4.01E-13
 4.42E-13 4.65E-13 4.48E-13 3.83E-13 3.05E-13 2.62E-13
 1.65E-44 1.09E-33 5.59E-25 1.64E-18 2.29E-15 1.08E-13 2.97E-13 3.84E-13
 4.23E-13 4.45E-13 4.28E-13 3.68E-13 2.95E-13 2.54E-13
 1.24E-44 1.09E-33 5.59E-25 1.64E-18 2.25E-15 9.39E-14 2.36E-13 2.98E-13
 3.25E-13 3.40E-13 3.30E-13 2.89E-13 2.38E-13 2.08E-13
 1.25E-44 1.09E-33 5.59E-25 1.64E-18 2.13E-15 6.88E-14 1.65E-13 2.07E-13
 2.26E-13 2.37E-13 2.29E-13 2.01E-13 1.65E-13 1.45E-13
 1.26E-44 1.09E-33 5.59E-25 1.63E-18 2.05E-15 6.10E-14 1.47E-13 1.86E-13
 2.03E-13 2.13E-13 2.07E-13 1.80E-13 1.47E-13 1.28E-13
  3.48160    7  14 /pl=01:ss=56:pb= 1:sz=56/type=excit/ispb = t/isel =    8
 1.00E+10 1.00E+11 1.00E+12 1.00E+13 1.00E+14 1.00E+15 1.00E+16
 5.60E+01 8.40E+01 1.40E+02 2.80E+02 5.60E+02 1.40E+03 2.80E+03 4.20E+03
 5.60E+03 8.40E+03 1.40E+04 2.80E+04 5.60E+04 8.40E+04
 7.65E-42 1.25E-31 1.26E-23 1.09E-17 8.26E-15 2.76E-13 6.82E-13 8.54E-13
 9.23E-13 9.47E-13 8.96E-13 7.53E-13 5.95E-13 5.09E-13
 1.07E-41 1.25E-31 1.26E-23 1.09E-17 8.26E-15 2.76E-13 6.82E-13 8.54E-13
 9.22E-13 9.46E-13 8.95E-13 7.52E-13 5.94E-13 5.08E-13
 1.10E-41 1.25E-31 1.26E-23 1.09E-17 8.26E-15 2.75E-13 6.79E-13 8.50E-13
 9.17E-13 9.41E-13 8.91E-13 7.49E-13 5.92E-13 5.07E-13
 1.10E-41 1.25E-31 1.26E-23 1.09E-17 8.24E-15 2.70E-13 6.55E-13 8.15E-13
 8.78E-13 9.00E-13 8.53E-13 7.21E-13 5.73E-13 4.92E-13
 1.10E-41 1.25E-31 1.26E-23 1.09E-17 8.12E-15 2.35E-13 5.23E-13 6.34E-13
 6.77E-13 6.92E-13 6.60E-13 5.69E-13 4.65E-13 4.06E-13
 1.10E-41 1.25E-31 1.26E-23 1.08E-17 7.67E-15 1.73E-13 3.67E-13 4.44E-13
 4.74E-13 4.85E-13 4.63E-13 4.00E-13 3.27E-13 2.86E-13
 1.10E-41 1.25E-31 1.26E-23 1.08E-17 7.39E-15 1.53E-13 3.29E-13 4.00E-13
 4.29E-13 4.40E-13 4.19E-13 3.61E-13 2.93E-13 2.55E-13
  3.69066    7  14 /pl=01:ss=56:pb= 1:sz=56/type=excit/ispb = t/isel =    9
 1.00E+10 1.00E+11 1.00E+12 1.00E+13 1.00E+14 1.00E+15 1.00E+16
 5.60E+01 8.40E+01 1.40E+02 2.80E+02 5.60E+02 1.40E+03 2.80E+03 4.20E+03
 5.60E+03 8.40E+03 1.40E+04 2.80E+04 5.60E+04 8.40E+04
 2.08E-37 8.23E-29 5.68E-22 6.55E-17 1.84E-14 3.47E-13 7.35E-13 8.93E-13
 9.60E-13 9.98E-13 9.74E-13 8.66E-13 7.24E-13 6.38E-13
 2.08E-37 8.23E-29 5.68E-22 6.55E-17 1.84E-14 3.47E-13 7.34E-13 8.92E-13
 9.59E-13 9.96E-13 9.73E-13 8.65E-13 7.23E-13 6.37E-13
 2.08E-37 8.23E-29 5.68E-22 6.55E-17 1.84E-14 3.46E-13 7.31E-13 8.88E-13
 9.54E-13 9.92E-13 9.68E-13 8.61E-13 7.21E-13 6.35E-13
 2.08E-37 8.23E-29 5.68E-22 6.55E-17 1.83E-14 3.40E-13 7.05E-13 8.51E-13
 9.12E-13 9.47E-13 9.27E-13 8.28E-13 6.97E-13 6.17E-13
 2.08E-37 8.23E-29 5.68E-22 6.55E-17 1.81E-14 2.95E-13 5.61E-13 6.60E-13
 7.01E-13 7.25E-13 7.14E-13 6.50E-13 5.62E-13 5.05E-13
 2.08E-37 8.23E-29 5.68E-22 6.53E-17 1.70E-14 2.16E-13 3.91E-13 4.58E-13
 4.87E-13 5.04E-13 4.96E-13 4.52E-13 3.91E-13 3.52E-13
 2.08E-37 8.23E-29 5.67E-22 6.52E-17 1.64E-14 1.91E-13 3.49E-13 4.12E-13
 4.38E-13 4.55E-13 4.47E-13 4.06E-13 3.48E-13 3.12E-13
  3.85043    7  14 /pl=01:ss=56:pb= 1:sz=56/type=excit/ispb = t/isel =   10
 1.00E+10 1.00E+11 1.00E+12 1.00E+13 1.00E+14 1.00E+15 1.00E+16
 5.60E+01 8.40E+01 1.40E+02 2.80E+02 5.60E+02 1.40E+03 2.80E+03 4.20E+03
 5.60E+03 8.40E+03 1.40E+04 2.80E+04 5.60E+04 8.40E+04
 1.70E-36 3.09E-28 1.18E-21 9.13E-17 2.24E-14 4.49E-13 1.05E-12 1.37E-12
 1.55E-12 1.76E-12 1.93E-12 2.06E-12 2.07E-12 2.02E-12
 1.70E-36 3.09E-28 1.18E-21 9.13E-17 2.24E-14 4.48E-13 1.05E-12 1.37E-12
 1.55E-12 1.75E-12 1.93E-12 2.06E-12 2.07E-12 2.02E-12
 1.70E-36 3.09E-28 1.18E-21 9.13E-17 2.24E-14 4.48E-13 1.05E-12 1.36E-12
 1.54E-12 1.75E-12 1.92E-12 2.05E-12 2.06E-12 2.01E-12
 1.70E-36 3.09E-28 1.18E-21 9.13E-17 2.24E-14 4.39E-13 1.01E-12 1.31E-12
 1.48E-12 1.67E-12 1.84E-12 1.97E-12 1.99E-12 1.95E-12
 1.70E-36 3.09E-28 1.18E-21 9.13E-17 2.20E-14 3.81E-13 8.04E-13 1.01E-12
 1.13E-12 1.28E-12 1.42E-12 1.55E-12 1.60E-12 1.60E-12
 1.70E-36 3.09E-28 1.18E-21 9.10E-17 2.08E-14 2.79E-13 5.60E-13 7.03E-13
 7.88E-13 8.88E-13 9.84E-13 1.08E-12 1.12E-12 1.11E-12
 1.70E-36 3.09E-28 1.18E-21 9.09E-17 2.00E-14 2.47E-13 5.01E-13 6.32E-13
 7.10E-13 8.01E-13 8.87E-13 9.66E-13 9.94E-13 9.86E-13
  3.98608    7  14 /pl=01:ss=56:pb= 1:sz=56/type=excit/ispb = t/isel =   11
 1.00E+10 1.00E+11 1.00E+12 1.00E+13 1.00E+14 1.00E+15 1.00E+16
 5.60E+01 8.40E+01 1.40E+02 2.80E+02 5.60E+02 1.40E+03 2.80E+03 4.20E+03
 5.60E+03 8.40E+03 1.40E+04 2.80E+04 5.60E+04 8.40E+04
 3.32E-35 2.99E-27 6.33E-21 3.05E-16 5.75E-14 9.48E-13 2.11E-12 2.72E-12
 3.10E-12 3.56E-12 4.02E-12 4.39E-12 4.47E-12 4.40E-12
 3.32E-35 2.99E-27 6.33E-21 3.05E-16 5.75E-14 9.47E-13 2.10E-12 2.72E-12
 3.10E-12 3.56E-12 4.01E-12 4.38E-12 4.47E-12 4.40E-12
 3.32E-35 2.99E-27 6.33E-21 3.05E-16 5.75E-14 9.45E-13 2.09E-12 2.71E-12
 3.08E-12 3.54E-12 3.99E-12 4.37E-12 4.45E-12 4.38E-12
 3.32E-35 2.99E-27 6.33E-21 3.05E-16 5.74E-14 9.27E-13 2.02E-12 2.60E-12
 2.95E-12 3.38E-12 3.82E-12 4.20E-12 4.31E-12 4.25E-12
 3.32E-35 2.99E-27 6.33E-21 3.05E-16 5.65E-14 8.04E-13 1.61E-12 2.01E-12
 2.27E-12 2.59E-12 2.94E-12 3.30E-12 3.47E-12 3.49E-12
 3.32E-35 2.99E-27 6.33E-21 3.04E-16 5.34E-14 5.89E-13 1.12E-12 1.40E-12
 1.57E-12 1.80E-12 2.04E-12 2.29E-12 2.41E-12 2.43E-12
 3.32E-35 2.99E-27 6.33E-21 3.03E-16 5.14E-14 5.22E-13 1.00E-12 1.26E-12
 1.42E-12 1.62E-12 1.84E-12 2.06E-12 2.15E-12 2.15E-12
  4.01783    7  14 /pl=01:ss=56:pb= 1:sz=56/type=excit/ispb = t/isel =   12
 1.00E+10 1.00E+11 1.00E+12 1.00E+13 1.00E+14 1.00E+15 1.00E+16
 5.60E+01 8.40E+01 1.40E+02 2.80E+02 5.60E+02 1.40E+03 2.80E+03 4.20E+03
 5.60E+03 8.40E+03 1.40E+04 2.80E+04 5.60E+04 8.40E+04
 2.08E-35 1.64E-27 3.25E-21 1.56E-16 3.01E-14 5.04E-13 1.12E-12 1.45E-12
 1.65E-12 1.88E-12 2.11E-12 2.30E-12 2.34E-12 2.29E-12
 2.08E-35 1.64E-27 3.25E-21 1.56E-16 3.01E-14 5.04E-13 1.12E-12 1.45E-12
 1.64E-12 1.88E-12 2.11E-12 2.30E-12 2.34E-12 2.29E-12
 2.08E-35 1.64E-27 3.25E-21 1.56E-16 3.01E-14 5.03E-13 1.12E-12 1.44E-12
 1.64E-12 1.87E-12 2.10E-12 2.29E-12 2.33E-12 2.28E-12
 2.08E-35 1.64E-27 3.25E-21 1.56E-16 3.00E-14 4.93E-13 1.08E-12 1.38E-12
 1.57E-12 1.79E-12 2.01E-12 2.20E-12 2.25E-12 2.22E-12
 2.08E-35 1.64E-27 3.25E-21 1.56E-16 2.96E-14 4.28E-13 8.58E-13 1.07E-12
 1.20E-12 1.37E-12 1.55E-12 1.73E-12 1.82E-12 1.82E-12
 2.08E-35 1.64E-27 3.25E-21 1.56E-16 2.79E-14 3.13E-13 5.98E-13 7.45E-13
 8.36E-13 9.52E-13 1.07E-12 1.20E-12 1.26E-12 1.26E-12
 2.08E-35 1.64E-27 3.25E-21 1.56E-16 2.69E-14 2.78E-13 5.35E-13 6.69E-13
 7.52E-13 8.58E-13 9.68E-13 1.08E-12 1.13E-12 1.12E-12
  4.44214    7  14 /pl=01:ss=56:pb= 1:sz=56/type=excit/ispb = t/isel =   13
 1.00E+10 1.00E+11 1.00E+12 1.00E+13 1.00E+14 1.00E+15 1.00E+16
 5.60E+01 8.40E+01 1.40E+02 2.80E+02 5.60E+02 1.40E+03 2.80E+03 4.20E+03
 5.60E+03 8.40E+03 1.40E+04 2.80E+04 5.60E+04 8.40E+04
 2.35E-32 3.16E-25 1.46E-19 2.24E-15 2.37E-13 2.74E-12 5.44E-12 6.76E-12
 7.54E-12 8.46E-12 9.32E-12 9.96E-12 9.98E-12 9.73E-12
 2.35E-32 3.16E-25 1.46E-19 2.24E-15 2.37E-13 2.74E-12 5.43E-12 6.75E-12
 7.53E-12 8.45E-12 9.31E-12 9.95E-12 9.97E-12 9.71E-12
 2.35E-32 3.16E-25 1.46E-19 2.24E-15 2.37E-13 2.73E-12 5.41E-12 6.72E-12
 7.50E-12 8.41E-12 9.26E-12 9.90E-12 9.93E-12 9.68E-12
 2.35E-32 3.16E-25 1.46E-19 2.24E-15 2.36E-13 2.68E-12 5.22E-12 6.44E-12
 7.17E-12 8.04E-12 8.87E-12 9.52E-12 9.61E-12 9.40E-12
 2.35E-32 3.16E-25 1.46E-19 2.23E-15 2.33E-13 2.33E-12 4.15E-12 5.00E-12
 5.51E-12 6.16E-12 6.83E-12 7.48E-12 7.74E-12 7.71E-12
 2.35E-32 3.16E-25 1.46E-19 2.23E-15 2.20E-13 1.71E-12 2.90E-12 3.48E-12
 3.84E-12 4.29E-12 4.75E-12 5.21E-12 5.39E-12 5.37E-12
 2.35E-32 3.16E-25 1.46E-19 2.23E-15 2.11E-13 1.51E-12 2.59E-12 3.13E-12
 3.46E-12 3.87E-12 4.29E-12 4.68E-12 4.81E-12 4.76E-12
  4.45706    7  14 /pl=01:ss=56:pb= 1:sz=56/type=excit/ispb = t/isel =   14
 1.00E+10 1.00E+11 1.00E+12 1.00E+13 1.00E+14 1.00E+15 1.00E+16
 5.60E+01 8.40E+01 1.40E+02 2.80E+02 5.60E+02 1.40E+03 2.80E+03 4.20E+03
 5.60E+03 8.40E+03 1.40E+04 2.80E+04 5.60E+04 8.40E+04
 7.15E-33 9.14E-26 4.05E-20 6.03E-16 6.34E-14 7.56E-13 1.54E-12 1.95E-12
 2.20E-12 2.51E-12 2.80E-12 3.05E-12 3.11E-12 3.05E-12
 7.15E-33 9.14E-26 4.05E-20 6.03E-16 6.34E-14 7.56E-13 1.54E-12 1.95E-12
 2.20E-12 2.50E-12 2.80E-12 3.05E-12 3.10E-12 3.05E-12
 7.15E-33 9.14E-26 4.05E-20 6.03E-16 6.34E-14 7.54E-13 1.54E-12 1.94E-12
 2.19E-12 2.49E-12 2.79E-12 3.04E-12 3.09E-12 3.04E-12
 7.15E-33 9.14E-26 4.05E-20 6.03E-16 6.32E-14 7.39E-13 1.48E-12 1.86E-12
 2.10E-12 2.38E-12 2.67E-12 2.92E-12 2.99E-12 2.95E-12
 7.15E-33 9.14E-26 4.05E-20 6.03E-16 6.23E-14 6.41E-13 1.18E-12 1.44E-12
 1.61E-12 1.82E-12 2.05E-12 2.29E-12 2.41E-12 2.42E-12
 7.15E-33 9.14E-26 4.05E-20 6.02E-16 5.88E-14 4.70E-13 8.22E-13 1.00E-12
 1.12E-12 1.27E-12 1.43E-12 1.60E-12 1.68E-12 1.69E-12
 7.15E-33 9.14E-26 4.04E-20 6.01E-16 5.66E-14 4.17E-13 7.35E-13 9.01E-13
 1.01E-12 1.14E-12 1.29E-12 1.43E-12 1.49E-12 1.49E-12
  4.49592    7  14 /pl=01:ss=56:pb= 1:sz=56/type=excit/ispb = t/isel =   15
 1.00E+10 1.00E+11 1.00E+12 1.00E+13 1.00E+14 1.00E+15 1.00E+16
 5.60E+01 8.40E+01 1.40E+02 2.80E+02 5.60E+02 1.40E+03 2.80E+03 4.20E+03
 5.60E+03 8.40E+03 1.40E+04 2.80E+04 5.60E+04 8.40E+04
 1.60E-33 1.76E-26 6.94E-21 9.46E-17 9.48E-15 1.09E-13 2.17E-13 2.68E-13
 2.98E-13 3.32E-13 3.60E-13 3.80E-13 3.74E-13 3.62E-13
 1.60E-33 1.76E-26 6.94E-21 9.46E-17 9.48E-15 1.09E-13 2.16E-13 2.68E-13
 2.98E-13 3.32E-13 3.60E-13 3.79E-13 3.73E-13 3.61E-13
 1.60E-33 1.76E-26 6.94E-21 9.46E-17 9.48E-15 1.09E-13 2.16E-13 2.67E-13
 2.97E-13 3.31E-13 3.58E-13 3.78E-13 3.72E-13 3.60E-13
 1.60E-33 1.76E-26 6.94E-21 9.46E-17 9.47E-15 1.08E-13 2.11E-13 2.61E-13
 2.89E-13 3.21E-13 3.48E-13 3.68E-13 3.63E-13 3.52E-13
 1.60E-33 1.76E-26 6.94E-21 9.46E-17 9.36E-15 9.80E-14 1.85E-13 2.25E-13
 2.49E-13 2.74E-13 2.96E-13 3.13E-13 3.12E-13 3.05E-13
 1.60E-33 1.76E-26 6.94E-21 9.44E-17 8.96E-15 8.11E-14 1.53E-13 1.88E-13
 2.07E-13 2.28E-13 2.43E-13 2.51E-13 2.46E-13 2.39E-13
 1.60E-33 1.76E-26 6.94E-21 9.43E-17 8.71E-15 7.57E-14 1.45E-13 1.79E-13
 1.97E-13 2.16E-13 2.29E-13 2.36E-13 2.29E-13 2.21E-13
  4.67298    7  14 /pl=01:ss=56:pb= 1:sz=56/type=excit/ispb = t/isel =   16
 1.00E+10 1.00E+11 1.00E+12 1.00E+13 1.00E+14 1.00E+15 1.00E+16
 5.60E+01 8.40E+01 1.40E+02 2.80E+02 5.60E+02 1.40E+03 2.80E+03 4.20E+03
 5.60E+03 8.40E+03 1.40E+04 2.80E+04 5.60E+04 8.40E+04
 3.52E-34 9.37E-27 7.44E-21 1.70E-16 2.11E-14 2.40E-13 4.20E-13 4.73E-13
 4.86E-13 4.78E-13 4.41E-13 3.68E-13 2.90E-13 2.49E-13
 3.52E-34 9.37E-27 7.44E-21 1.70E-16 2.11E-14 2.39E-13 4.20E-13 4.72E-13
 4.85E-13 4.77E-13 4.41E-13 3.67E-13 2.90E-13 2.49E-13
 3.52E-34 9.37E-27 7.44E-21 1.70E-16 2.11E-14 2.39E-13 4.18E-13 4.70E-13
 4.83E-13 4.75E-13 4.39E-13 3.66E-13 2.89E-13 2.48E-13
 3.52E-34 9.37E-27 7.44E-21 1.70E-16 2.11E-14 2.34E-13 4.04E-13 4.51E-13
 4.62E-13 4.54E-13 4.20E-13 3.52E-13 2.80E-13 2.41E-13
 3.52E-34 9.37E-27 7.44E-21 1.70E-16 2.07E-14 2.04E-13 3.22E-13 3.51E-13
 3.57E-13 3.50E-13 3.26E-13 2.78E-13 2.27E-13 1.99E-13
 3.52E-34 9.37E-27 7.43E-21 1.69E-16 1.96E-14 1.50E-13 2.26E-13 2.46E-13
 2.51E-13 2.46E-13 2.29E-13 1.96E-13 1.61E-13 1.41E-13
 3.52E-34 9.37E-27 7.43E-21 1.69E-16 1.89E-14 1.33E-13 2.03E-13 2.22E-13
 2.27E-13 2.23E-13 2.08E-13 1.77E-13 1.44E-13 1.26E-13
  4.68115    7  14 /pl=01:ss=56:pb= 1:sz=56/type=excit/ispb = t/isel =   17
 1.00E+10 1.00E+11 1.00E+12 1.00E+13 1.00E+14 1.00E+15 1.00E+16
 5.60E+01 8.40E+01 1.40E+02 2.80E+02 5.60E+02 1.40E+03 2.80E+03 4.20E+03
 5.60E+03 8.40E+03 1.40E+04 2.80E+04 5.60E+04 8.40E+04
 1.11E-36 2.16E-28 8.37E-22 6.27E-17 1.41E-14 2.30E-13 4.55E-13 5.33E-13
 5.58E-13 5.64E-13 5.30E-13 4.50E-13 3.61E-13 3.12E-13
 1.11E-36 2.16E-28 8.37E-22 6.27E-17 1.41E-14 2.30E-13 4.54E-13 5.32E-13
 5.58E-13 5.64E-13 5.29E-13 4.49E-13 3.61E-13 3.11E-13
 1.11E-36 2.16E-28 8.37E-22 6.27E-17 1.41E-14 2.29E-13 4.52E-13 5.30E-13
 5.55E-13 5.61E-13 5.27E-13 4.48E-13 3.60E-13 3.10E-13
 1.11E-36 2.16E-28 8.37E-22 6.27E-17 1.41E-14 2.25E-13 4.36E-13 5.08E-13
 5.31E-13 5.36E-13 5.04E-13 4.30E-13 3.48E-13 3.01E-13
 1.11E-36 2.16E-28 8.37E-22 6.27E-17 1.39E-14 1.95E-13 3.47E-13 3.94E-13
 4.08E-13 4.10E-13 3.88E-13 3.38E-13 2.80E-13 2.47E-13
 1.11E-36 2.16E-28 8.37E-22 6.25E-17 1.31E-14 1.43E-13 2.42E-13 2.74E-13
 2.83E-13 2.85E-13 2.70E-13 2.35E-13 1.95E-13 1.72E-13
 1.11E-36 2.16E-28 8.37E-22 6.24E-17 1.26E-14 1.26E-13 2.16E-13 2.46E-13
 2.55E-13 2.57E-13 2.43E-13 2.11E-13 1.74E-13 1.52E-13
  4.70287    7  14 /pl=01:ss=56:pb= 1:sz=56/type=excit/ispb = t/isel =   18
 1.00E+10 1.00E+11 1.00E+12 1.00E+13 1.00E+14 1.00E+15 1.00E+16
 5.60E+01 8.40E+01 1.40E+02 2.80E+02 5.60E+02 1.40E+03 2.80E+03 4.20E+03
 5.60E+03 8.40E+03 1.40E+04 2.80E+04 5.60E+04 8.40E+04
 2.03E-38 9.47E-31 1.54E-24 2.79E-19 1.42E-15 1.34E-13 3.97E-13 5.31E-13
 5.99E-13 6.65E-13 6.97E-13 6.76E-13 6.11E-13 5.61E-13
 2.05E-38 9.61E-31 1.56E-24 2.82E-19 1.42E-15 1.34E-13 3.99E-13 5.34E-13
 6.01E-13 6.67E-13 6.99E-13 6.79E-13 6.13E-13 5.63E-13
 2.22E-38 1.05E-30 1.74E-24 2.93E-19 1.45E-15 1.37E-13 4.10E-13 5.50E-13
 6.20E-13 6.89E-13 7.21E-13 6.98E-13 6.28E-13 5.75E-13
 3.85E-38 1.95E-30 3.45E-24 4.07E-19 1.71E-15 1.68E-13 5.19E-13 7.04E-13
 7.96E-13 8.82E-13 9.17E-13 8.70E-13 7.65E-13 6.91E-13
 1.90E-37 1.01E-29 1.87E-23 1.40E-18 3.93E-15 3.71E-13 1.12E-12 1.50E-12
 1.69E-12 1.85E-12 1.91E-12 1.80E-12 1.55E-12 1.38E-12
 1.03E-36 5.11E-29 8.75E-23 5.51E-18 1.19E-14 7.25E-13 1.82E-12 2.33E-12
 2.59E-12 2.82E-12 2.93E-12 2.82E-12 2.54E-12 2.34E-12
 2.49E-36 1.01E-28 1.51E-22 8.62E-18 1.67E-14 8.24E-13 1.96E-12 2.48E-12
 2.73E-12 2.97E-12 3.10E-12 3.01E-12 2.75E-12 2.55E-12
  4.70449    7  14 /pl=01:ss=56:pb= 1:sz=56/type=excit/ispb = t/isel =   19
 1.00E+10 1.00E+11 1.00E+12 1.00E+13 1.00E+14 1.00E+15 1.00E+16
 5.60E+01 8.40E+01 1.40E+02 2.80E+02 5.60E+02 1.40E+03 2.80E+03 4.20E+03
 5.60E+03 8.40E+03 1.40E+04 2.80E+04 5.60E+04 8.40E+04
 1.74E-37 7.94E-30 1.27E-23 2.26E-18 1.14E-14 1.07E-12 3.18E-12 4.24E-12
 4.80E-12 5.31E-12 5.56E-12 5.41E-12 4.88E-12 4.49E-12
 1.75E-37 7.99E-30 1.27E-23 2.27E-18 1.14E-14 1.07E-12 3.19E-12 4.25E-12
 4.80E-12 5.32E-12 5.57E-12 5.42E-12 4.89E-12 4.50E-12
 1.77E-37 8.12E-30 1.30E-23 2.28E-18 1.15E-14 1.07E-12 3.19E-12 4.26E-12
 4.81E-12 5.32E-12 5.57E-12 5.43E-12 4.90E-12 4.50E-12
 2.00E-37 9.33E-30 1.52E-23 2.43E-18 1.18E-14 1.09E-12 3.24E-12 4.31E-12
 4.86E-12 5.38E-12 5.63E-12 5.48E-12 4.95E-12 4.55E-12
 4.11E-37 2.04E-29 3.53E-23 3.72E-18 1.45E-14 1.24E-12 3.50E-12 4.59E-12
 5.15E-12 5.67E-12 5.93E-12 5.78E-12 5.24E-12 4.82E-12
 1.60E-36 7.59E-29 1.26E-22 9.03E-18 2.41E-14 1.49E-12 3.80E-12 4.87E-12
 5.43E-12 5.95E-12 6.22E-12 6.11E-12 5.60E-12 5.20E-12
 3.84E-36 1.47E-28 2.12E-22 1.31E-17 3.00E-14 1.56E-12 3.82E-12 4.87E-12
 5.41E-12 5.93E-12 6.21E-12 6.12E-12 5.63E-12 5.25E-12
  4.73494    7  14 /pl=01:ss=56:pb= 1:sz=56/type=excit/ispb = t/isel =   20
 1.00E+10 1.00E+11 1.00E+12 1.00E+13 1.00E+14 1.00E+15 1.00E+16
 5.60E+01 8.40E+01 1.40E+02 2.80E+02 5.60E+02 1.40E+03 2.80E+03 4.20E+03
 5.60E+03 8.40E+03 1.40E+04 2.80E+04 5.60E+04 8.40E+04
 9.60E-36 1.86E-27 7.22E-21 5.41E-16 1.22E-13 1.98E-12 3.92E-12 4.60E-12
 4.81E-12 4.87E-12 4.57E-12 3.88E-12 3.12E-12 2.69E-12
 9.60E-36 1.86E-27 7.22E-21 5.41E-16 1.22E-13 1.98E-12 3.92E-12 4.59E-12
 4.81E-12 4.86E-12 4.56E-12 3.88E-12 3.11E-12 2.68E-12
 9.60E-36 1.86E-27 7.22E-21 5.41E-16 1.22E-13 1.98E-12 3.90E-12 4.57E-12
 4.79E-12 4.84E-12 4.54E-12 3.86E-12 3.10E-12 2.67E-12
 9.60E-36 1.86E-27 7.22E-21 5.41E-16 1.22E-13 1.94E-12 3.76E-12 4.38E-12
 4.58E-12 4.62E-12 4.35E-12 3.71E-12 3.00E-12 2.60E-12
 9.60E-36 1.86E-27 7.22E-21 5.40E-16 1.20E-13 1.68E-12 2.99E-12 3.40E-12
 3.52E-12 3.54E-12 3.35E-12 2.91E-12 2.42E-12 2.13E-12
 9.60E-36 1.86E-27 7.22E-21 5.39E-16 1.13E-13 1.23E-12 2.09E-12 2.36E-12
 2.44E-12 2.46E-12 2.33E-12 2.03E-12 1.68E-12 1.48E-12
 9.60E-36 1.86E-27 7.22E-21 5.38E-16 1.09E-13 1.09E-12 1.87E-12 2.12E-12
 2.20E-12 2.22E-12 2.10E-12 1.82E-12 1.50E-12 1.31E-12
  4.80224    7  14 /pl=01:ss=56:pb= 1:sz=56/type=excit/ispb = t/isel =   21
 1.00E+10 1.00E+11 1.00E+12 1.00E+13 1.00E+14 1.00E+15 1.00E+16
 5.60E+01 8.40E+01 1.40E+02 2.80E+02 5.60E+02 1.40E+03 2.80E+03 4.20E+03
 5.60E+03 8.40E+03 1.40E+04 2.80E+04 5.60E+04 8.40E+04
 1.03E-33 2.75E-26 2.18E-20 4.99E-16 6.20E-14 7.04E-13 1.23E-12 1.39E-12
 1.43E-12 1.40E-12 1.30E-12 1.08E-12 8.53E-13 7.31E-13
 1.03E-33 2.75E-26 2.18E-20 4.99E-16 6.20E-14 7.03E-13 1.23E-12 1.39E-12
 1.43E-12 1.40E-12 1.30E-12 1.08E-12 8.52E-13 7.30E-13
 1.03E-33 2.75E-26 2.18E-20 4.99E-16 6.20E-14 7.02E-13 1.23E-12 1.38E-12
 1.42E-12 1.40E-12 1.29E-12 1.07E-12 8.49E-13 7.28E-13
 1.03E-33 2.75E-26 2.18E-20 4.99E-16 6.19E-14 6.89E-13 1.19E-12 1.32E-12
 1.36E-12 1.34E-12 1.23E-12 1.03E-12 8.22E-13 7.07E-13
 1.03E-33 2.75E-26 2.18E-20 4.99E-16 6.09E-14 5.98E-13 9.47E-13 1.03E-12
 1.05E-12 1.03E-12 9.57E-13 8.18E-13 6.68E-13 5.84E-13
 1.03E-33 2.75E-26 2.18E-20 4.98E-16 5.76E-14 4.41E-13 6.65E-13 7.23E-13
 7.36E-13 7.23E-13 6.74E-13 5.77E-13 4.72E-13 4.14E-13
 1.03E-33 2.75E-26 2.18E-20 4.97E-16 5.55E-14 3.92E-13 5.97E-13 6.53E-13
 6.66E-13 6.55E-13 6.10E-13 5.21E-13 4.24E-13 3.70E-13
  4.82149    7  14 /pl=01:ss=56:pb= 1:sz=56/type=excit/ispb = t/isel =   22
 1.00E+10 1.00E+11 1.00E+12 1.00E+13 1.00E+14 1.00E+15 1.00E+16
 5.60E+01 8.40E+01 1.40E+02 2.80E+02 5.60E+02 1.40E+03 2.80E+03 4.20E+03
 5.60E+03 8.40E+03 1.40E+04 2.80E+04 5.60E+04 8.40E+04
 6.83E-37 1.32E-28 5.14E-22 3.85E-17 8.67E-15 1.41E-13 2.79E-13 3.27E-13
 3.43E-13 3.46E-13 3.25E-13 2.76E-13 2.22E-13 1.91E-13
 6.83E-37 1.32E-28 5.14E-22 3.85E-17 8.66E-15 1.41E-13 2.79E-13 3.27E-13
 3.42E-13 3.46E-13 3.25E-13 2.76E-13 2.22E-13 1.91E-13
 6.83E-37 1.32E-28 5.14E-22 3.85E-17 8.66E-15 1.41E-13 2.78E-13 3.25E-13
 3.41E-13 3.44E-13 3.23E-13 2.75E-13 2.21E-13 1.90E-13
 6.83E-37 1.32E-28 5.14E-22 3.85E-17 8.65E-15 1.38E-13 2.68E-13 3.12E-13
 3.26E-13 3.29E-13 3.09E-13 2.64E-13 2.14E-13 1.85E-13
 6.83E-37 1.32E-28 5.14E-22 3.85E-17 8.52E-15 1.20E-13 2.13E-13 2.42E-13
 2.50E-13 2.52E-13 2.38E-13 2.07E-13 1.72E-13 1.51E-13
 6.83E-37 1.32E-28 5.14E-22 3.84E-17 8.04E-15 8.76E-14 1.48E-13 1.68E-13
 1.74E-13 1.75E-13 1.66E-13 1.44E-13 1.20E-13 1.05E-13
 6.83E-37 1.32E-28 5.14E-22 3.83E-17 7.74E-15 7.76E-14 1.33E-13 1.51E-13
 1.57E-13 1.58E-13 1.49E-13 1.29E-13 1.07E-13 9.35E-14
  4.83313    7  14 /pl=01:ss=56:pb= 1:sz=56/type=excit/ispb = t/isel =   23
 1.00E+10 1.00E+11 1.00E+12 1.00E+13 1.00E+14 1.00E+15 1.00E+16
 5.60E+01 8.40E+01 1.40E+02 2.80E+02 5.60E+02 1.40E+03 2.80E+03 4.20E+03
 5.60E+03 8.40E+03 1.40E+04 2.80E+04 5.60E+04 8.40E+04
 1.09E-38 4.99E-31 7.97E-25 1.42E-19 7.16E-16 6.72E-14 2.00E-13 2.67E-13
 3.02E-13 3.34E-13 3.50E-13 3.41E-13 3.07E-13 2.82E-13
 1.10E-38 5.03E-31 8.01E-25 1.43E-19 7.19E-16 6.73E-14 2.00E-13 2.67E-13
 3.02E-13 3.34E-13 3.50E-13 3.41E-13 3.08E-13 2.83E-13
 1.12E-38 5.11E-31 8.16E-25 1.43E-19 7.21E-16 6.75E-14 2.01E-13 2.68E-13
 3.02E-13 3.35E-13 3.51E-13 3.41E-13 3.08E-13 2.83E-13
 1.26E-38 5.87E-31 9.58E-25 1.53E-19 7.41E-16 6.88E-14 2.04E-13 2.71E-13
 3.06E-13 3.38E-13 3.54E-13 3.45E-13 3.11E-13 2.86E-13
 2.59E-38 1.28E-30 2.22E-24 2.34E-19 9.11E-16 7.80E-14 2.20E-13 2.89E-13
 3.24E-13 3.57E-13 3.73E-13 3.64E-13 3.30E-13 3.03E-13
 1.01E-37 4.78E-30 7.94E-24 5.68E-19 1.52E-15 9.39E-14 2.39E-13 3.07E-13
 3.41E-13 3.74E-13 3.92E-13 3.85E-13 3.52E-13 3.27E-13
 2.42E-37 9.26E-30 1.33E-23 8.23E-19 1.89E-15 9.78E-14 2.40E-13 3.07E-13
 3.41E-13 3.73E-13 3.91E-13 3.85E-13 3.54E-13 3.30E-13
  4.87334    7  14 /pl=01:ss=56:pb= 1:sz=56/type=excit/ispb = t/isel =   24
 1.00E+10 1.00E+11 1.00E+12 1.00E+13 1.00E+14 1.00E+15 1.00E+16
 5.60E+01 8.40E+01 1.40E+02 2.80E+02 5.60E+02 1.40E+03 2.80E+03 4.20E+03
 5.60E+03 8.40E+03 1.40E+04 2.80E+04 5.60E+04 8.40E+04
 6.82E-33 1.81E-25 1.44E-19 3.29E-15 4.09E-13 4.64E-12 8.14E-12 9.15E-12
 9.41E-12 9.26E-12 8.55E-12 7.12E-12 5.62E-12 4.82E-12
 6.82E-33 1.81E-25 1.44E-19 3.29E-15 4.09E-13 4.64E-12 8.13E-12 9.14E-12
 9.40E-12 9.25E-12 8.54E-12 7.11E-12 5.62E-12 4.81E-12
 6.82E-33 1.81E-25 1.44E-19 3.29E-15 4.08E-13 4.63E-12 8.10E-12 9.10E-12
 9.36E-12 9.20E-12 8.50E-12 7.08E-12 5.60E-12 4.80E-12
 6.82E-33 1.81E-25 1.44E-19 3.29E-15 4.08E-13 4.54E-12 7.82E-12 8.73E-12
 8.95E-12 8.80E-12 8.14E-12 6.82E-12 5.42E-12 4.66E-12
 6.82E-33 1.81E-25 1.44E-19 3.29E-15 4.02E-13 3.95E-12 6.24E-12 6.80E-12
 6.92E-12 6.78E-12 6.31E-12 5.39E-12 4.40E-12 3.85E-12
 6.82E-33 1.81E-25 1.44E-19 3.28E-15 3.79E-13 2.91E-12 4.39E-12 4.77E-12
 4.85E-12 4.76E-12 4.44E-12 3.80E-12 3.11E-12 2.73E-12
 6.82E-33 1.81E-25 1.44E-19 3.27E-15 3.66E-13 2.58E-12 3.94E-12 4.30E-12
 4.39E-12 4.32E-12 4.02E-12 3.43E-12 2.79E-12 2.44E-12
  5.08980    7  14 /pl=01:ss=56:pb= 1:sz=56/type=excit/ispb = t/isel =   25
 1.00E+10 1.00E+11 1.00E+12 1.00E+13 1.00E+14 1.00E+15 1.00E+16
 5.60E+01 8.40E+01 1.40E+02 2.80E+02 5.60E+02 1.40E+03 2.80E+03 4.20E+03
 5.60E+03 8.40E+03 1.40E+04 2.80E+04 5.60E+04 8.40E+04
 3.05E-30 5.01E-24 4.42E-19 2.03E-15 1.24E-13 1.12E-12 2.06E-12 2.49E-12
 2.71E-12 2.92E-12 3.06E-12 3.08E-12 2.94E-12 2.81E-12
 3.05E-30 5.01E-24 4.42E-19 2.03E-15 1.24E-13 1.12E-12 2.06E-12 2.48E-12
 2.70E-12 2.92E-12 3.06E-12 3.08E-12 2.93E-12 2.80E-12
 3.05E-30 5.01E-24 4.42E-19 2.03E-15 1.24E-13 1.11E-12 2.06E-12 2.47E-12
 2.69E-12 2.90E-12 3.04E-12 3.06E-12 2.92E-12 2.79E-12
 3.05E-30 5.01E-24 4.42E-19 2.03E-15 1.23E-13 1.09E-12 1.99E-12 2.37E-12
 2.58E-12 2.78E-12 2.92E-12 2.95E-12 2.83E-12 2.71E-12
 3.05E-30 5.01E-24 4.42E-19 2.03E-15 1.22E-13 9.54E-13 1.60E-12 1.86E-12
 2.01E-12 2.15E-12 2.27E-12 2.33E-12 2.29E-12 2.23E-12
 3.05E-30 5.01E-24 4.42E-19 2.03E-15 1.15E-13 7.11E-13 1.14E-12 1.33E-12
 1.43E-12 1.53E-12 1.61E-12 1.65E-12 1.62E-12 1.57E-12
 3.05E-30 5.01E-24 4.42E-19 2.03E-15 1.11E-13 6.36E-13 1.03E-12 1.20E-12
 1.29E-12 1.39E-12 1.46E-12 1.49E-12 1.45E-12 1.40E-12
  5.33330    7  14 /pl=01:ss=56:pb= 1:sz=56/type=excit/ispb = t/isel =   26
 1.00E+10 1.00E+11 1.00E+12 1.00E+13 1.00E+14 1.00E+15 1.00E+16
 5.60E+01 8.40E+01 1.40E+02 2.80E+02 5.60E+02 1.40E+03 2.80E+03 4.20E+03
 5.60E+03 8.40E+03 1.40E+04 2.80E+04 5.60E+04 8.40E+04
 5.63E-35 2.60E-27 3.20E-21 1.01E-16 1.52E-14 2.07E-13 4.04E-13 4.81E-13
 5.12E-13 5.32E-13 5.18E-13 4.62E-13 3.88E-13 3.44E-13
 5.63E-35 2.60E-27 3.20E-21 1.01E-16 1.52E-14 2.07E-13 4.04E-13 4.80E-13
 5.12E-13 5.31E-13 5.17E-13 4.62E-13 3.88E-13 3.44E-13
 5.63E-35 2.60E-27 3.20E-21 1.01E-16 1.52E-14 2.06E-13 4.02E-13 4.78E-13
 5.09E-13 5.28E-13 5.15E-13 4.60E-13 3.86E-13 3.43E-13
 5.63E-35 2.60E-27 3.20E-21 1.01E-16 1.52E-14 2.02E-13 3.88E-13 4.58E-13
 4.87E-13 5.05E-13 4.92E-13 4.42E-13 3.74E-13 3.33E-13
 5.63E-35 2.60E-27 3.19E-21 1.01E-16 1.50E-14 1.75E-13 3.09E-13 3.56E-13
 3.75E-13 3.87E-13 3.79E-13 3.48E-13 3.01E-13 2.73E-13
 5.63E-35 2.60E-27 3.19E-21 1.01E-16 1.41E-14 1.29E-13 2.15E-13 2.47E-13
 2.61E-13 2.69E-13 2.64E-13 2.42E-13 2.10E-13 1.90E-13
 5.63E-35 2.60E-27 3.19E-21 1.01E-16 1.36E-14 1.14E-13 1.93E-13 2.22E-13
 2.35E-13 2.43E-13 2.38E-13 2.17E-13 1.87E-13 1.69E-13
  5.34844    7  14 /pl=01:ss=56:pb= 1:sz=56/type=excit/ispb = t/isel =   27
 1.00E+10 1.00E+11 1.00E+12 1.00E+13 1.00E+14 1.00E+15 1.00E+16
 5.60E+01 8.40E+01 1.40E+02 2.80E+02 5.60E+02 1.40E+03 2.80E+03 4.20E+03
 5.60E+03 8.40E+03 1.40E+04 2.80E+04 5.60E+04 8.40E+04
 2.56E-32 1.51E-25 3.57E-20 3.30E-16 2.68E-14 2.58E-13 4.58E-13 5.28E-13
 5.52E-13 5.61E-13 5.36E-13 4.70E-13 3.90E-13 3.43E-13
 2.56E-32 1.51E-25 3.57E-20 3.30E-16 2.68E-14 2.58E-13 4.57E-13 5.28E-13
 5.52E-13 5.60E-13 5.35E-13 4.69E-13 3.90E-13 3.43E-13
 2.56E-32 1.51E-25 3.57E-20 3.30E-16 2.68E-14 2.58E-13 4.56E-13 5.26E-13
 5.50E-13 5.58E-13 5.33E-13 4.68E-13 3.89E-13 3.42E-13
 2.56E-32 1.51E-25 3.57E-20 3.30E-16 2.67E-14 2.53E-13 4.42E-13 5.07E-13
 5.29E-13 5.37E-13 5.14E-13 4.53E-13 3.78E-13 3.34E-13
 2.56E-32 1.51E-25 3.57E-20 3.29E-16 2.64E-14 2.23E-13 3.64E-13 4.11E-13
 4.27E-13 4.32E-13 4.16E-13 3.73E-13 3.18E-13 2.85E-13
 2.56E-32 1.51E-25 3.57E-20 3.29E-16 2.50E-14 1.71E-13 2.73E-13 3.10E-13
 3.23E-13 3.29E-13 3.17E-13 2.84E-13 2.43E-13 2.17E-13
 2.56E-32 1.51E-25 3.57E-20 3.28E-16 2.42E-14 1.57E-13 2.57E-13 2.95E-13
 3.08E-13 3.15E-13 3.03E-13 2.70E-13 2.29E-13 2.03E-13
  5.37687    7  14 /pl=01:ss=56:pb= 1:sz=56/type=excit/ispb = t/isel =   28
 1.00E+10 1.00E+11 1.00E+12 1.00E+13 1.00E+14 1.00E+15 1.00E+16
 5.60E+01 8.40E+01 1.40E+02 2.80E+02 5.60E+02 1.40E+03 2.80E+03 4.20E+03
 5.60E+03 8.40E+03 1.40E+04 2.80E+04 5.60E+04 8.40E+04
 2.67E-31 1.72E-24 4.42E-19 4.30E-15 3.50E-13 3.12E-12 5.09E-12 5.66E-12
 5.76E-12 5.64E-12 5.21E-12 4.36E-12 3.51E-12 3.03E-12
 2.67E-31 1.72E-24 4.42E-19 4.30E-15 3.50E-13 3.12E-12 5.09E-12 5.65E-12
 5.75E-12 5.63E-12 5.20E-12 4.35E-12 3.51E-12 3.03E-12
 2.67E-31 1.72E-24 4.42E-19 4.30E-15 3.49E-13 3.11E-12 5.07E-12 5.63E-12
 5.73E-12 5.61E-12 5.18E-12 4.34E-12 3.50E-12 3.02E-12
 2.67E-31 1.72E-24 4.42E-19 4.30E-15 3.49E-13 3.05E-12 4.89E-12 5.39E-12
 5.48E-12 5.36E-12 4.96E-12 4.17E-12 3.38E-12 2.93E-12
 2.67E-31 1.72E-24 4.42E-19 4.29E-15 3.44E-13 2.65E-12 3.89E-12 4.18E-12
 4.21E-12 4.10E-12 3.82E-12 3.27E-12 2.72E-12 2.40E-12
 2.67E-31 1.72E-24 4.42E-19 4.28E-15 3.24E-13 1.94E-12 2.71E-12 2.90E-12
 2.92E-12 2.85E-12 2.65E-12 2.28E-12 1.90E-12 1.67E-12
 2.67E-31 1.72E-24 4.42E-19 4.28E-15 3.12E-13 1.72E-12 2.42E-12 2.61E-12
 2.63E-12 2.57E-12 2.39E-12 2.04E-12 1.69E-12 1.48E-12
  5.46633    7  14 /pl=01:ss=56:pb= 1:sz=56/type=excit/ispb = t/isel =   29
 1.00E+10 1.00E+11 1.00E+12 1.00E+13 1.00E+14 1.00E+15 1.00E+16
 5.60E+01 8.40E+01 1.40E+02 2.80E+02 5.60E+02 1.40E+03 2.80E+03 4.20E+03
 5.60E+03 8.40E+03 1.40E+04 2.80E+04 5.60E+04 8.40E+04
 3.14E-31 8.35E-25 1.04E-19 5.97E-16 4.13E-14 5.99E-13 1.36E-12 1.68E-12
 1.81E-12 1.87E-12 1.79E-12 1.55E-12 1.26E-12 1.10E-12
 3.14E-31 8.35E-25 1.04E-19 5.97E-16 4.13E-14 5.99E-13 1.36E-12 1.68E-12
 1.81E-12 1.87E-12 1.79E-12 1.55E-12 1.26E-12 1.10E-12
 3.14E-31 8.35E-25 1.04E-19 5.97E-16 4.13E-14 6.00E-13 1.36E-12 1.69E-12
 1.81E-12 1.87E-12 1.79E-12 1.55E-12 1.26E-12 1.10E-12
 3.14E-31 8.35E-25 1.04E-19 5.97E-16 4.13E-14 6.05E-13 1.38E-12 1.70E-12
 1.83E-12 1.89E-12 1.81E-12 1.57E-12 1.27E-12 1.11E-12
 3.14E-31 8.35E-25 1.04E-19 5.97E-16 4.19E-14 6.41E-13 1.46E-12 1.80E-12
 1.93E-12 1.99E-12 1.90E-12 1.65E-12 1.34E-12 1.17E-12
 3.14E-31 8.35E-25 1.05E-19 5.99E-16 4.40E-14 7.02E-13 1.55E-12 1.89E-12
 2.02E-12 2.08E-12 1.99E-12 1.73E-12 1.42E-12 1.24E-12
 3.14E-31 8.35E-25 1.05E-19 6.00E-16 4.52E-14 7.15E-13 1.55E-12 1.89E-12
 2.02E-12 2.07E-12 1.99E-12 1.73E-12 1.43E-12 1.25E-12
  5.47367    7  14 /pl=01:ss=56:pb= 1:sz=56/type=excit/ispb = t/isel =   30
 1.00E+10 1.00E+11 1.00E+12 1.00E+13 1.00E+14 1.00E+15 1.00E+16
 5.60E+01 8.40E+01 1.40E+02 2.80E+02 5.60E+02 1.40E+03 2.80E+03 4.20E+03
 5.60E+03 8.40E+03 1.40E+04 2.80E+04 5.60E+04 8.40E+04
 1.09E-31 2.89E-25 3.62E-20 2.07E-16 1.43E-14 2.08E-13 4.72E-13 5.83E-13
 6.27E-13 6.47E-13 6.21E-13 5.37E-13 4.37E-13 3.81E-13
 1.09E-31 2.89E-25 3.62E-20 2.07E-16 1.43E-14 2.08E-13 4.72E-13 5.84E-13
 6.28E-13 6.48E-13 6.21E-13 5.37E-13 4.37E-13 3.81E-13
 1.09E-31 2.89E-25 3.62E-20 2.07E-16 1.43E-14 2.08E-13 4.73E-13 5.84E-13
 6.28E-13 6.48E-13 6.22E-13 5.38E-13 4.38E-13 3.81E-13
 1.09E-31 2.89E-25 3.62E-20 2.07E-16 1.43E-14 2.10E-13 4.78E-13 5.90E-13
 6.35E-13 6.55E-13 6.28E-13 5.43E-13 4.42E-13 3.85E-13
 1.09E-31 2.89E-25 3.62E-20 2.07E-16 1.45E-14 2.22E-13 5.05E-13 6.22E-13
 6.68E-13 6.88E-13 6.60E-13 5.71E-13 4.64E-13 4.04E-13
 1.09E-31 2.89E-25 3.62E-20 2.08E-16 1.52E-14 2.43E-13 5.36E-13 6.55E-13
 7.01E-13 7.21E-13 6.91E-13 6.01E-13 4.92E-13 4.31E-13
 1.09E-31 2.89E-25 3.62E-20 2.08E-16 1.57E-14 2.48E-13 5.37E-13 6.54E-13
 6.99E-13 7.18E-13 6.89E-13 6.00E-13 4.94E-13 4.34E-13
  5.49428    7  14 /pl=01:ss=56:pb= 1:sz=56/type=excit/ispb = t/isel =   31
 1.00E+10 1.00E+11 1.00E+12 1.00E+13 1.00E+14 1.00E+15 1.00E+16
 5.60E+01 8.40E+01 1.40E+02 2.80E+02 5.60E+02 1.40E+03 2.80E+03 4.20E+03
 5.60E+03 8.40E+03 1.40E+04 2.80E+04 5.60E+04 8.40E+04
 4.02E-33 9.04E-26 6.28E-20 1.30E-15 1.53E-13 1.72E-12 3.05E-12 3.46E-12
 3.59E-12 3.58E-12 3.36E-12 2.88E-12 2.35E-12 2.04E-12
 4.02E-33 9.04E-26 6.28E-20 1.30E-15 1.53E-13 1.72E-12 3.05E-12 3.46E-12
 3.59E-12 3.58E-12 3.35E-12 2.88E-12 2.35E-12 2.04E-12
 4.02E-33 9.04E-26 6.28E-20 1.30E-15 1.53E-13 1.72E-12 3.04E-12 3.44E-12
 3.57E-12 3.56E-12 3.34E-12 2.86E-12 2.34E-12 2.03E-12
 4.02E-33 9.04E-26 6.28E-20 1.30E-15 1.53E-13 1.69E-12 2.93E-12 3.30E-12
 3.41E-12 3.40E-12 3.19E-12 2.75E-12 2.26E-12 1.97E-12
 4.02E-33 9.04E-26 6.27E-20 1.30E-15 1.51E-13 1.46E-12 2.33E-12 2.56E-12
 2.62E-12 2.60E-12 2.46E-12 2.16E-12 1.82E-12 1.62E-12
 4.02E-33 9.04E-26 6.27E-20 1.29E-15 1.42E-13 1.07E-12 1.62E-12 1.78E-12
 1.82E-12 1.81E-12 1.71E-12 1.50E-12 1.27E-12 1.13E-12
 4.02E-33 9.04E-26 6.27E-20 1.29E-15 1.37E-13 9.49E-13 1.45E-12 1.60E-12
 1.64E-12 1.63E-12 1.54E-12 1.35E-12 1.13E-12 9.99E-13
  9.03697    7  14 /pl=01:ss=56:pb= 1:sz=56/type=excit/ispb = t/isel =   32
 1.00E+10 1.00E+11 1.00E+12 1.00E+13 1.00E+14 1.00E+15 1.00E+16
 5.60E+01 8.40E+01 1.40E+02 2.80E+02 5.60E+02 1.40E+03 2.80E+03 4.20E+03
 5.60E+03 8.40E+03 1.40E+04 2.80E+04 5.60E+04 8.40E+04
 3.84E-41 2.20E-31 1.28E-23 7.33E-18 4.56E-15 1.37E-13 3.30E-13 4.12E-13
 4.47E-13 4.63E-13 4.45E-13 3.85E-13 3.11E-13 2.70E-13
 3.84E-41 2.20E-31 1.28E-23 7.33E-18 4.56E-15 1.37E-13 3.30E-13 4.12E-13
 4.46E-13 4.63E-13 4.45E-13 3.84E-13 3.11E-13 2.70E-13
 3.84E-41 2.20E-31 1.28E-23 7.33E-18 4.56E-15 1.37E-13 3.28E-13 4.10E-13
 4.44E-13 4.60E-13 4.43E-13 3.83E-13 3.10E-13 2.69E-13
 3.84E-41 2.20E-31 1.28E-23 7.33E-18 4.55E-15 1.34E-13 3.17E-13 3.93E-13
 4.25E-13 4.40E-13 4.24E-13 3.68E-13 3.00E-13 2.61E-13
 3.84E-41 2.20E-31 1.28E-23 7.32E-18 4.48E-15 1.16E-13 2.52E-13 3.05E-13
 3.26E-13 3.37E-13 3.26E-13 2.89E-13 2.41E-13 2.14E-13
 3.84E-41 2.19E-31 1.28E-23 7.31E-18 4.23E-15 8.52E-14 1.76E-13 2.12E-13
 2.27E-13 2.34E-13 2.27E-13 2.01E-13 1.68E-13 1.49E-13
 3.84E-41 2.19E-31 1.28E-23 7.29E-18 4.07E-15 7.55E-14 1.57E-13 1.90E-13
 2.04E-13 2.11E-13 2.04E-13 1.80E-13 1.50E-13 1.32E-13
  10.1710    7  14 /pl=01:ss=56:pb= 1:sz=56/type=excit/ispb = t/isel =   33
 1.00E+10 1.00E+11 1.00E+12 1.00E+13 1.00E+14 1.00E+15 1.00E+16
 5.60E+01 8.40E+01 1.40E+02 2.80E+02 5.60E+02 1.40E+03 2.80E+03 4.20E+03
 5.60E+03 8.40E+03 1.40E+04 2.80E+04 5.60E+04 8.40E+04
 1.00E-74 8.93E-35 1.05E-25 5.72E-19 1.11E-15 6.56E-14 1.98E-13 2.69E-13
 3.05E-13 3.29E-13 3.32E-13 3.00E-13 2.51E-13 2.21E-13
 1.00E-74 8.93E-35 1.05E-25 5.72E-19 1.11E-15 6.56E-14 1.97E-13 2.68E-13
 3.05E-13 3.29E-13 3.32E-13 3.00E-13 2.51E-13 2.20E-13
 1.00E-74 8.93E-35 1.05E-25 5.72E-19 1.11E-15 6.55E-14 1.97E-13 2.67E-13
 3.03E-13 3.27E-13 3.30E-13 2.99E-13 2.50E-13 2.20E-13
 1.00E-74 8.93E-35 1.05E-25 5.72E-19 1.10E-15 6.42E-14 1.90E-13 2.56E-13
 2.90E-13 3.13E-13 3.16E-13 2.87E-13 2.42E-13 2.13E-13
 3.28E-46 8.93E-35 1.05E-25 5.72E-19 1.09E-15 5.57E-14 1.51E-13 1.98E-13
 2.23E-13 2.39E-13 2.43E-13 2.26E-13 1.95E-13 1.75E-13
 3.61E-46 8.93E-35 1.05E-25 5.70E-19 1.03E-15 4.08E-14 1.05E-13 1.38E-13
 1.55E-13 1.66E-13 1.69E-13 1.57E-13 1.36E-13 1.22E-13
 3.66E-46 8.92E-35 1.05E-25 5.69E-19 9.89E-16 3.61E-14 9.40E-14 1.24E-13
 1.39E-13 1.50E-13 1.52E-13 1.41E-13 1.21E-13 1.08E-13
  10.9531    7  14 /pl=01:ss=56:pb= 1:sz=56/type=excit/ispb = t/isel =   34
 1.00E+10 1.00E+11 1.00E+12 1.00E+13 1.00E+14 1.00E+15 1.00E+16
 5.60E+01 8.40E+01 1.40E+02 2.80E+02 5.60E+02 1.40E+03 2.80E+03 4.20E+03
 5.60E+03 8.40E+03 1.40E+04 2.80E+04 5.60E+04 8.40E+04
 3.04E-42 4.97E-32 5.00E-24 4.32E-18 3.28E-15 1.10E-13 2.71E-13 3.40E-13
 3.67E-13 3.76E-13 3.56E-13 2.99E-13 2.37E-13 2.02E-13
 4.26E-42 4.97E-32 5.00E-24 4.32E-18 3.28E-15 1.10E-13 2.71E-13 3.39E-13
 3.66E-13 3.76E-13 3.56E-13 2.99E-13 2.36E-13 2.02E-13
 4.38E-42 4.97E-32 5.00E-24 4.32E-18 3.28E-15 1.09E-13 2.70E-13 3.38E-13
 3.65E-13 3.74E-13 3.54E-13 2.98E-13 2.35E-13 2.01E-13
 4.38E-42 4.97E-32 5.00E-24 4.32E-18 3.28E-15 1.07E-13 2.60E-13 3.24E-13
 3.49E-13 3.58E-13 3.39E-13 2.86E-13 2.28E-13 1.96E-13
 4.38E-42 4.97E-32 5.00E-24 4.31E-18 3.23E-15 9.32E-14 2.08E-13 2.52E-13
 2.69E-13 2.75E-13 2.62E-13 2.26E-13 1.85E-13 1.61E-13
 4.38E-42 4.97E-32 5.00E-24 4.30E-18 3.05E-15 6.86E-14 1.46E-13 1.76E-13
 1.89E-13 1.93E-13 1.84E-13 1.59E-13 1.30E-13 1.14E-13
 4.38E-42 4.97E-32 5.00E-24 4.30E-18 2.94E-15 6.10E-14 1.31E-13 1.59E-13
 1.70E-13 1.75E-13 1.67E-13 1.43E-13 1.17E-13 1.01E-13
  12.1934    7  14 /pl=01:ss=56:pb= 1:sz=56/type=excit/ispb = t/isel =   35
 1.00E+10 1.00E+11 1.00E+12 1.00E+13 1.00E+14 1.00E+15 1.00E+16
 5.60E+01 8.40E+01 1.40E+02 2.80E+02 5.60E+02 1.40E+03 2.80E+03 4.20E+03
 5.60E+03 8.40E+03 1.40E+04 2.80E+04 5.60E+04 8.40E+04
 2.68E-41 1.53E-31 8.95E-24 5.11E-18 3.18E-15 9.57E-14 2.30E-13 2.88E-13
 3.12E-13 3.23E-13 3.11E-13 2.68E-13 2.17E-13 1.88E-13
 2.68E-41 1.53E-31 8.95E-24 5.11E-18 3.18E-15 9.56E-14 2.30E-13 2.87E-13
 3.11E-13 3.23E-13 3.10E-13 2.68E-13 2.17E-13 1.88E-13
 2.68E-41 1.53E-31 8.95E-24 5.11E-18 3.18E-15 9.54E-14 2.29E-13 2.86E-13
 3.10E-13 3.21E-13 3.09E-13 2.67E-13 2.16E-13 1.87E-13
 2.68E-41 1.53E-31 8.95E-24 5.11E-18 3.17E-15 9.36E-14 2.21E-13 2.74E-13
 2.96E-13 3.07E-13 2.96E-13 2.57E-13 2.09E-13 1.82E-13
 2.68E-41 1.53E-31 8.94E-24 5.11E-18 3.13E-15 8.12E-14 1.76E-13 2.13E-13
 2.28E-13 2.35E-13 2.28E-13 2.02E-13 1.68E-13 1.49E-13
 2.68E-41 1.53E-31 8.94E-24 5.10E-18 2.95E-15 5.95E-14 1.22E-13 1.48E-13
 1.58E-13 1.63E-13 1.58E-13 1.40E-13 1.17E-13 1.04E-13
 2.68E-41 1.53E-31 8.94E-24 5.09E-18 2.84E-15 5.27E-14 1.10E-13 1.33E-13
 1.42E-13 1.47E-13 1.43E-13 1.26E-13 1.04E-13 9.21E-14
  19.9662    7  14 /pl=01:ss=56:pb= 1:sz=56/type=excit/ispb = t/isel =   36
 1.00E+10 1.00E+11 1.00E+12 1.00E+13 1.00E+14 1.00E+15 1.00E+16
 5.60E+01 8.40E+01 1.40E+02 2.80E+02 5.60E+02 1.40E+03 2.80E+03 4.20E+03
 5.60E+03 8.40E+03 1.40E+04 2.80E+04 5.60E+04 8.40E+04
 2.40E-14 7.91E-13 1.19E-11 7.86E-11 1.72E-10 1.87E-10 1.61E-10 1.48E-10
 1.39E-10 1.26E-10 1.12E-10 9.35E-11 7.70E-11 6.82E-11
 2.40E-14 7.91E-13 1.19E-11 7.86E-11 1.72E-10 1.87E-10 1.61E-10 1.48E-10
 1.39E-10 1.26E-10 1.12E-10 9.34E-11 7.69E-11 6.81E-11
 2.40E-14 7.91E-13 1.19E-11 7.86E-11 1.72E-10 1.86E-10 1.61E-10 1.47E-10
 1.38E-10 1.26E-10 1.11E-10 9.30E-11 7.66E-11 6.79E-11
 2.40E-14 7.91E-13 1.19E-11 7.86E-11 1.71E-10 1.83E-10 1.55E-10 1.41E-10
 1.32E-10 1.20E-10 1.06E-10 8.94E-11 7.41E-11 6.59E-11
 2.40E-14 7.91E-13 1.19E-11 7.86E-11 1.69E-10 1.58E-10 1.23E-10 1.09E-10
 1.01E-10 9.19E-11 8.19E-11 7.02E-11 5.97E-11 5.40E-11
 2.40E-14 7.91E-13 1.19E-11 7.84E-11 1.59E-10 1.16E-10 8.59E-11 7.60E-11
 7.04E-11 6.39E-11 5.69E-11 4.88E-11 4.15E-11 3.76E-11
 2.40E-14 7.91E-13 1.19E-11 7.83E-11 1.53E-10 1.03E-10 7.68E-11 6.83E-11
 6.34E-11 5.76E-11 5.13E-11 4.38E-11 3.70E-11 3.33E-11
  34.2569    7  14 /pl=01:ss=56:pb= 1:sz=56/type=excit/ispb = t/isel =   37
 1.00E+10 1.00E+11 1.00E+12 1.00E+13 1.00E+14 1.00E+15 1.00E+16
 5.60E+01 8.40E+01 1.40E+02 2.80E+02 5.60E+02 1.40E+03 2.80E+03 4.20E+03
 5.60E+03 8.40E+03 1.40E+04 2.80E+04 5.60E+04 8.40E+04
 3.57E-12 2.53E-11 1.11E-10 2.97E-10 4.14E-10 3.48E-10 2.75E-10 2.43E-10
 2.24E-10 1.99E-10 1.72E-10 1.40E-10 1.13E-10 9.91E-11
 3.57E-12 2.53E-11 1.11E-10 2.97E-10 4.14E-10 3.47E-10 2.74E-10 2.42E-10
 2.24E-10 1.99E-10 1.72E-10 1.40E-10 1.13E-10 9.89E-11
 3.57E-12 2.53E-11 1.11E-10 2.97E-10 4.14E-10 3.47E-10 2.73E-10 2.41E-10
 2.22E-10 1.98E-10 1.71E-10 1.39E-10 1.12E-10 9.86E-11
 3.57E-12 2.53E-11 1.11E-10 2.97E-10 4.13E-10 3.40E-10 2.64E-10 2.31E-10
 2.13E-10 1.89E-10 1.63E-10 1.34E-10 1.09E-10 9.58E-11
 3.57E-12 2.53E-11 1.11E-10 2.97E-10 4.07E-10 2.95E-10 2.10E-10 1.79E-10
 1.64E-10 1.45E-10 1.26E-10 1.05E-10 8.77E-11 7.85E-11
 3.57E-12 2.53E-11 1.11E-10 2.96E-10 3.84E-10 2.16E-10 1.46E-10 1.25E-10
 1.14E-10 1.01E-10 8.76E-11 7.31E-11 6.11E-11 5.48E-11
 3.57E-12 2.53E-11 1.11E-10 2.96E-10 3.70E-10 1.91E-10 1.31E-10 1.12E-10
 1.02E-10 9.09E-11 7.90E-11 6.57E-11 5.44E-11 4.86E-11
  35.1480    7  14 /pl=01:ss=56:pb= 1:sz=56/type=excit/ispb = t/isel =   38
 1.00E+10 1.00E+11 1.00E+12 1.00E+13 1.00E+14 1.00E+15 1.00E+16
 5.60E+01 8.40E+01 1.40E+02 2.80E+02 5.60E+02 1.40E+03 2.80E+03 4.20E+03
 5.60E+03 8.40E+03 1.40E+04 2.80E+04 5.60E+04 8.40E+04
 1.14E-25 9.96E-24 2.54E-21 6.81E-17 1.05E-14 1.50E-13 3.02E-13 3.62E-13
 3.87E-13 4.03E-13 3.93E-13 3.51E-13 2.94E-13 2.61E-13
 1.16E-25 1.01E-23 2.55E-21 6.81E-17 1.05E-14 1.50E-13 3.02E-13 3.62E-13
 3.87E-13 4.03E-13 3.93E-13 3.51E-13 2.94E-13 2.60E-13
 1.24E-25 1.08E-23 2.58E-21 6.81E-17 1.05E-14 1.50E-13 3.00E-13 3.60E-13
 3.85E-13 4.01E-13 3.91E-13 3.49E-13 2.93E-13 2.59E-13
 2.04E-25 1.83E-23 2.94E-21 6.81E-17 1.05E-14 1.47E-13 2.90E-13 3.45E-13
 3.68E-13 3.83E-13 3.74E-13 3.36E-13 2.83E-13 2.52E-13
 9.51E-25 8.69E-23 6.16E-21 6.81E-17 1.04E-14 1.28E-13 2.31E-13 2.68E-13
 2.84E-13 2.94E-13 2.89E-13 2.64E-13 2.29E-13 2.07E-13
 5.65E-24 4.54E-22 2.11E-20 6.83E-17 9.81E-15 9.37E-14 1.61E-13 1.87E-13
 1.98E-13 2.05E-13 2.01E-13 1.84E-13 1.60E-13 1.44E-13
 2.35E-23 1.32E-21 4.26E-20 6.85E-17 9.45E-15 8.31E-14 1.44E-13 1.68E-13
 1.78E-13 1.85E-13 1.82E-13 1.66E-13 1.42E-13 1.28E-13
  36.3501    7  14 /pl=01:ss=56:pb= 1:sz=56/type=excit/ispb = t/isel =   39
 1.00E+10 1.00E+11 1.00E+12 1.00E+13 1.00E+14 1.00E+15 1.00E+16
 5.60E+01 8.40E+01 1.40E+02 2.80E+02 5.60E+02 1.40E+03 2.80E+03 4.20E+03
 5.60E+03 8.40E+03 1.40E+04 2.80E+04 5.60E+04 8.40E+04
 2.00E-23 6.59E-22 1.09E-20 5.53E-17 1.22E-14 2.16E-13 4.59E-13 5.57E-13
 5.96E-13 6.19E-13 6.01E-13 5.34E-13 4.51E-13 4.00E-13
 2.00E-23 6.60E-22 1.09E-20 5.53E-17 1.22E-14 2.16E-13 4.58E-13 5.56E-13
 5.96E-13 6.18E-13 6.00E-13 5.34E-13 4.50E-13 4.00E-13
 2.00E-23 6.61E-22 1.09E-20 5.53E-17 1.22E-14 2.15E-13 4.57E-13 5.54E-13
 5.93E-13 6.15E-13 5.97E-13 5.32E-13 4.48E-13 3.99E-13
 2.02E-23 6.72E-22 1.12E-20 5.53E-17 1.22E-14 2.11E-13 4.41E-13 5.31E-13
 5.67E-13 5.89E-13 5.72E-13 5.12E-13 4.34E-13 3.87E-13
 2.25E-23 7.77E-22 1.41E-20 5.53E-17 1.20E-14 1.84E-13 3.52E-13 4.14E-13
 4.38E-13 4.53E-13 4.43E-13 4.04E-13 3.51E-13 3.18E-13
 4.06E-23 1.48E-21 2.97E-20 5.54E-17 1.14E-14 1.35E-13 2.47E-13 2.90E-13
 3.07E-13 3.18E-13 3.11E-13 2.83E-13 2.47E-13 2.24E-13
 1.70E-22 5.45E-21 8.98E-20 5.57E-17 1.10E-14 1.20E-13 2.22E-13 2.62E-13
 2.78E-13 2.88E-13 2.81E-13 2.55E-13 2.20E-13 1.99E-13
  50.4621    7  14 /pl=01:ss=56:pb= 1:sz=56/type=excit/ispb = t/isel =   40
 1.00E+10 1.00E+11 1.00E+12 1.00E+13 1.00E+14 1.00E+15 1.00E+16
 5.60E+01 8.40E+01 1.40E+02 2.80E+02 5.60E+02 1.40E+03 2.80E+03 4.20E+03
 5.60E+03 8.40E+03 1.40E+04 2.80E+04 5.60E+04 8.40E+04
 8.98E-13 3.19E-12 8.13E-12 1.45E-11 1.68E-11 1.51E-11 1.44E-11 1.41E-11
 1.37E-11 1.30E-11 1.18E-11 9.93E-12 8.16E-12 7.17E-12
 8.98E-13 3.19E-12 8.13E-12 1.45E-11 1.68E-11 1.50E-11 1.44E-11 1.41E-11
 1.37E-11 1.29E-11 1.17E-11 9.92E-12 8.15E-12 7.16E-12
 8.98E-13 3.19E-12 8.13E-12 1.45E-11 1.68E-11 1.50E-11 1.44E-11 1.40E-11
 1.36E-11 1.29E-11 1.17E-11 9.88E-12 8.12E-12 7.14E-12
 8.98E-13 3.19E-12 8.13E-12 1.45E-11 1.68E-11 1.47E-11 1.38E-11 1.34E-11
 1.30E-11 1.23E-11 1.11E-11 9.48E-12 7.84E-12 6.92E-12
 8.98E-13 3.19E-12 8.13E-12 1.45E-11 1.65E-11 1.27E-11 1.09E-11 1.02E-11
 9.82E-12 9.24E-12 8.44E-12 7.32E-12 6.22E-12 5.59E-12
 8.98E-13 3.19E-12 8.13E-12 1.45E-11 1.56E-11 9.22E-12 7.43E-12 6.93E-12
 6.63E-12 6.23E-12 5.68E-12 4.92E-12 4.18E-12 3.76E-12
 8.98E-13 3.19E-12 8.13E-12 1.44E-11 1.50E-11 8.12E-12 6.57E-12 6.16E-12
 5.89E-12 5.54E-12 5.04E-12 4.35E-12 3.67E-12 3.28E-12
  51.0738    7  14 /pl=01:ss=56:pb= 1:sz=56/type=excit/ispb = t/isel =   41
 1.00E+10 1.00E+11 1.00E+12 1.00E+13 1.00E+14 1.00E+15 1.00E+16
 5.60E+01 8.40E+01 1.40E+02 2.80E+02 5.60E+02 1.40E+03 2.80E+03 4.20E+03
 5.60E+03 8.40E+03 1.40E+04 2.80E+04 5.60E+04 8.40E+04
 1.17E-37 3.87E-29 2.31E-22 2.38E-17 6.36E-15 1.17E-13 2.47E-13 3.00E-13
 3.22E-13 3.34E-13 3.28E-13 2.94E-13 2.47E-13 2.19E-13
 1.17E-37 3.87E-29 2.31E-22 2.38E-17 6.36E-15 1.17E-13 2.46E-13 3.00E-13
 3.21E-13 3.34E-13 3.28E-13 2.94E-13 2.47E-13 2.19E-13
 1.17E-37 3.87E-29 2.31E-22 2.38E-17 6.35E-15 1.17E-13 2.45E-13 2.98E-13
 3.20E-13 3.32E-13 3.26E-13 2.93E-13 2.46E-13 2.18E-13
 1.17E-37 3.87E-29 2.31E-22 2.38E-17 6.34E-15 1.14E-13 2.37E-13 2.86E-13
 3.06E-13 3.17E-13 3.12E-13 2.82E-13 2.38E-13 2.11E-13
 1.17E-37 3.87E-29 2.31E-22 2.38E-17 6.25E-15 9.91E-14 1.88E-13 2.22E-13
 2.35E-13 2.43E-13 2.41E-13 2.21E-13 1.92E-13 1.73E-13
 1.17E-37 3.87E-29 2.31E-22 2.37E-17 5.90E-15 7.26E-14 1.31E-13 1.54E-13
 1.63E-13 1.69E-13 1.67E-13 1.54E-13 1.34E-13 1.21E-13
 1.17E-37 3.87E-29 2.31E-22 2.37E-17 5.68E-15 6.43E-14 1.17E-13 1.38E-13
 1.47E-13 1.52E-13 1.51E-13 1.38E-13 1.19E-13 1.07E-13
  51.4509    7  14 /pl=01:ss=56:pb= 1:sz=56/type=excit/ispb = t/isel =   42
 1.00E+10 1.00E+11 1.00E+12 1.00E+13 1.00E+14 1.00E+15 1.00E+16
 5.60E+01 8.40E+01 1.40E+02 2.80E+02 5.60E+02 1.40E+03 2.80E+03 4.20E+03
 5.60E+03 8.40E+03 1.40E+04 2.80E+04 5.60E+04 8.40E+04
 4.42E-37 9.65E-30 9.90E-24 1.50E-18 4.10E-15 3.37E-13 9.51E-13 1.21E-12
 1.32E-12 1.36E-12 1.29E-12 1.09E-12 8.59E-13 7.35E-13
 4.45E-37 9.71E-30 9.95E-24 1.51E-18 4.11E-15 3.37E-13 9.52E-13 1.22E-12
 1.32E-12 1.36E-12 1.29E-12 1.09E-12 8.60E-13 7.36E-13
 4.51E-37 9.86E-30 1.01E-23 1.51E-18 4.12E-15 3.38E-13 9.54E-13 1.22E-12
 1.32E-12 1.36E-12 1.30E-12 1.09E-12 8.62E-13 7.37E-13
 5.10E-37 1.14E-29 1.16E-23 1.57E-18 4.23E-15 3.45E-13 9.69E-13 1.24E-12
 1.34E-12 1.38E-12 1.31E-12 1.11E-12 8.73E-13 7.46E-13
 1.06E-36 2.49E-29 2.51E-23 2.12E-18 5.17E-15 3.94E-13 1.06E-12 1.33E-12
 1.44E-12 1.47E-12 1.40E-12 1.18E-12 9.35E-13 8.01E-13
 4.15E-36 9.28E-29 8.60E-23 4.38E-18 8.52E-15 4.78E-13 1.16E-12 1.43E-12
 1.53E-12 1.56E-12 1.48E-12 1.26E-12 1.01E-12 8.75E-13
 9.97E-36 1.80E-28 1.43E-22 6.10E-18 1.05E-14 4.98E-13 1.17E-12 1.43E-12
 1.53E-12 1.56E-12 1.48E-12 1.27E-12 1.02E-12 8.86E-13
  53.4717    7  14 /pl=01:ss=56:pb= 1:sz=56/type=excit/ispb = t/isel =   43
 1.00E+10 1.00E+11 1.00E+12 1.00E+13 1.00E+14 1.00E+15 1.00E+16
 5.60E+01 8.40E+01 1.40E+02 2.80E+02 5.60E+02 1.40E+03 2.80E+03 4.20E+03
 5.60E+03 8.40E+03 1.40E+04 2.80E+04 5.60E+04 8.40E+04
 1.41E-32 9.08E-26 2.33E-20 2.27E-16 1.85E-14 1.65E-13 2.69E-13 2.99E-13
 3.04E-13 2.98E-13 2.75E-13 2.30E-13 1.86E-13 1.60E-13
 1.41E-32 9.08E-26 2.33E-20 2.27E-16 1.85E-14 1.65E-13 2.69E-13 2.99E-13
 3.04E-13 2.98E-13 2.75E-13 2.30E-13 1.85E-13 1.60E-13
 1.41E-32 9.08E-26 2.33E-20 2.27E-16 1.85E-14 1.64E-13 2.68E-13 2.97E-13
 3.03E-13 2.96E-13 2.74E-13 2.29E-13 1.85E-13 1.60E-13
 1.41E-32 9.08E-26 2.33E-20 2.27E-16 1.84E-14 1.61E-13 2.58E-13 2.85E-13
 2.89E-13 2.83E-13 2.62E-13 2.20E-13 1.79E-13 1.55E-13
 1.41E-32 9.08E-26 2.33E-20 2.27E-16 1.81E-14 1.40E-13 2.05E-13 2.21E-13
 2.22E-13 2.17E-13 2.02E-13 1.73E-13 1.44E-13 1.27E-13
 1.41E-32 9.08E-26 2.33E-20 2.26E-16 1.71E-14 1.02E-13 1.43E-13 1.53E-13
 1.54E-13 1.51E-13 1.40E-13 1.20E-13 1.00E-13 8.84E-14
 1.41E-32 9.08E-26 2.33E-20 2.26E-16 1.65E-14 9.07E-14 1.28E-13 1.38E-13
 1.39E-13 1.36E-13 1.26E-13 1.08E-13 8.92E-14 7.84E-14
  88.9470    7  14 /pl=01:ss=56:pb= 1:sz=56/type=excit/ispb = t/isel =   44
 1.00E+10 1.00E+11 1.00E+12 1.00E+13 1.00E+14 1.00E+15 1.00E+16
 5.60E+01 8.40E+01 1.40E+02 2.80E+02 5.60E+02 1.40E+03 2.80E+03 4.20E+03
 5.60E+03 8.40E+03 1.40E+04 2.80E+04 5.60E+04 8.40E+04
 6.35E-38 2.51E-29 1.73E-22 2.00E-17 5.61E-15 1.06E-13 2.24E-13 2.73E-13
 2.93E-13 3.04E-13 2.97E-13 2.64E-13 2.21E-13 1.95E-13
 6.35E-38 2.51E-29 1.73E-22 2.00E-17 5.61E-15 1.06E-13 2.24E-13 2.72E-13
 2.93E-13 3.04E-13 2.97E-13 2.64E-13 2.21E-13 1.94E-13
 6.35E-38 2.51E-29 1.73E-22 2.00E-17 5.61E-15 1.06E-13 2.23E-13 2.71E-13
 2.91E-13 3.03E-13 2.96E-13 2.63E-13 2.20E-13 1.94E-13
 6.35E-38 2.51E-29 1.73E-22 2.00E-17 5.59E-15 1.04E-13 2.15E-13 2.60E-13
 2.78E-13 2.89E-13 2.83E-13 2.53E-13 2.13E-13 1.88E-13
 6.35E-38 2.51E-29 1.73E-22 2.00E-17 5.51E-15 8.99E-14 1.71E-13 2.01E-13
 2.14E-13 2.21E-13 2.18E-13 1.99E-13 1.71E-13 1.54E-13
 6.35E-38 2.51E-29 1.73E-22 1.99E-17 5.20E-15 6.59E-14 1.19E-13 1.40E-13
 1.49E-13 1.54E-13 1.51E-13 1.38E-13 1.19E-13 1.07E-13
 6.35E-38 2.51E-29 1.73E-22 1.99E-17 5.01E-15 5.84E-14 1.07E-13 1.26E-13
 1.34E-13 1.39E-13 1.36E-13 1.24E-13 1.06E-13 9.52E-14
  152.220    7  14 /pl=01:ss=56:pb= 1:sz=56/type=excit/ispb = t/isel =   45
 1.00E+10 1.00E+11 1.00E+12 1.00E+13 1.00E+14 1.00E+15 1.00E+16
 5.60E+01 8.40E+01 1.40E+02 2.80E+02 5.60E+02 1.40E+03 2.80E+03 4.20E+03
 5.60E+03 8.40E+03 1.40E+04 2.80E+04 5.60E+04 8.40E+04
 6.92E-20 8.62E-19 8.26E-18 4.97E-16 4.14E-14 4.37E-13 7.90E-13 9.16E-13
 9.61E-13 9.77E-13 9.33E-13 8.18E-13 6.79E-13 5.98E-13
 6.98E-20 8.68E-19 8.31E-18 4.98E-16 4.14E-14 4.37E-13 7.90E-13 9.16E-13
 9.60E-13 9.76E-13 9.33E-13 8.17E-13 6.79E-13 5.98E-13
 7.13E-20 8.90E-19 8.54E-18 5.00E-16 4.15E-14 4.38E-13 7.90E-13 9.15E-13
 9.59E-13 9.75E-13 9.32E-13 8.17E-13 6.78E-13 5.97E-13
 8.56E-20 1.10E-18 1.08E-17 5.20E-16 4.20E-14 4.39E-13 7.84E-13 9.06E-13
 9.49E-13 9.64E-13 9.22E-13 8.10E-13 6.75E-13 5.95E-13
 2.18E-19 2.96E-18 3.11E-17 6.98E-16 4.68E-14 4.45E-13 7.55E-13 8.60E-13
 8.96E-13 9.09E-13 8.74E-13 7.77E-13 6.56E-13 5.83E-13
 9.82E-19 1.24E-17 1.23E-16 1.43E-15 6.39E-14 4.57E-13 7.20E-13 8.10E-13
 8.42E-13 8.54E-13 8.24E-13 7.39E-13 6.32E-13 5.66E-13
 2.69E-18 2.61E-17 2.15E-16 2.01E-15 7.45E-14 4.59E-13 7.08E-13 7.94E-13
 8.25E-13 8.37E-13 8.08E-13 7.26E-13 6.22E-13 5.59E-13
  157.813    7  14 /pl=01:ss=56:pb= 1:sz=56/type=excit/ispb = t/isel =   46
 1.00E+10 1.00E+11 1.00E+12 1.00E+13 1.00E+14 1.00E+15 1.00E+16
 5.60E+01 8.40E+01 1.40E+02 2.80E+02 5.60E+02 1.40E+03 2.80E+03 4.20E+03
 5.60E+03 8.40E+03 1.40E+04 2.80E+04 5.60E+04 8.40E+04
 4.95E-20 4.53E-19 3.28E-18 4.66E-16 5.50E-14 6.81E-13 1.28E-12 1.49E-12
 1.57E-12 1.58E-12 1.50E-12 1.30E-12 1.07E-12 9.34E-13
 4.98E-20 4.56E-19 3.31E-18 4.66E-16 5.50E-14 6.81E-13 1.28E-12 1.49E-12
 1.56E-12 1.58E-12 1.50E-12 1.30E-12 1.06E-12 9.33E-13
 5.13E-20 4.76E-19 3.53E-18 4.68E-16 5.51E-14 6.80E-13 1.28E-12 1.49E-12
 1.56E-12 1.57E-12 1.49E-12 1.29E-12 1.06E-12 9.31E-13
 6.60E-20 6.78E-19 5.68E-18 4.87E-16 5.55E-14 6.74E-13 1.25E-12 1.44E-12
 1.51E-12 1.52E-12 1.44E-12 1.25E-12 1.04E-12 9.11E-13
 2.02E-19 2.50E-18 2.48E-17 6.51E-16 5.95E-14 6.30E-13 1.07E-12 1.20E-12
 1.25E-12 1.25E-12 1.19E-12 1.05E-12 8.87E-13 7.91E-13
 9.67E-19 1.17E-17 1.11E-16 1.33E-15 7.36E-14 5.51E-13 8.57E-13 9.52E-13
 9.82E-13 9.83E-13 9.36E-13 8.27E-13 6.99E-13 6.24E-13
 2.35E-18 2.31E-17 1.91E-16 1.82E-15 8.09E-14 5.13E-13 7.79E-13 8.63E-13
 8.90E-13 8.90E-13 8.48E-13 7.50E-13 6.34E-13 5.67E-13
  173.599    7  14 /pl=01:ss=56:pb= 1:sz=56/type=excit/ispb = t/isel =   47
 1.00E+10 1.00E+11 1.00E+12 1.00E+13 1.00E+14 1.00E+15 1.00E+16
 5.60E+01 8.40E+01 1.40E+02 2.80E+02 5.60E+02 1.40E+03 2.80E+03 4.20E+03
 5.60E+03 8.40E+03 1.40E+04 2.80E+04 5.60E+04 8.40E+04
 2.37E-20 2.17E-19 1.57E-18 2.23E-16 2.63E-14 3.26E-13 6.14E-13 7.14E-13
 7.49E-13 7.56E-13 7.18E-13 6.20E-13 5.10E-13 4.47E-13
 2.38E-20 2.18E-19 1.58E-18 2.23E-16 2.63E-14 3.26E-13 6.13E-13 7.14E-13
 7.48E-13 7.56E-13 7.17E-13 6.20E-13 5.09E-13 4.46E-13
 2.45E-20 2.28E-19 1.69E-18 2.24E-16 2.63E-14 3.26E-13 6.12E-13 7.11E-13
 7.46E-13 7.53E-13 7.14E-13 6.18E-13 5.08E-13 4.45E-13
 3.16E-20 3.24E-19 2.72E-18 2.33E-16 2.66E-14 3.22E-13 5.96E-13 6.89E-13
 7.21E-13 7.27E-13 6.91E-13 6.00E-13 4.95E-13 4.36E-13
 9.66E-20 1.20E-18 1.19E-17 3.12E-16 2.85E-14 3.01E-13 5.11E-13 5.76E-13
 5.97E-13 5.99E-13 5.71E-13 5.04E-13 4.25E-13 3.78E-13
 4.63E-19 5.58E-18 5.31E-17 6.35E-16 3.52E-14 2.64E-13 4.10E-13 4.55E-13
 4.70E-13 4.70E-13 4.48E-13 3.95E-13 3.34E-13 2.99E-13
 1.13E-18 1.11E-17 9.12E-17 8.72E-16 3.87E-14 2.46E-13 3.73E-13 4.13E-13
 4.26E-13 4.26E-13 4.06E-13 3.59E-13 3.04E-13 2.71E-13
  176.752    7  14 /pl=01:ss=56:pb= 1:sz=56/type=excit/ispb = t/isel =   48
 1.00E+10 1.00E+11 1.00E+12 1.00E+13 1.00E+14 1.00E+15 1.00E+16
 5.60E+01 8.40E+01 1.40E+02 2.80E+02 5.60E+02 1.40E+03 2.80E+03 4.20E+03
 5.60E+03 8.40E+03 1.40E+04 2.80E+04 5.60E+04 8.40E+04
 2.11E-19 2.46E-18 2.24E-17 6.07E-16 4.72E-14 5.28E-13 9.80E-13 1.15E-12
 1.21E-12 1.25E-12 1.21E-12 1.07E-12 9.05E-13 8.05E-13
 2.13E-19 2.48E-18 2.26E-17 6.09E-16 4.74E-14 5.29E-13 9.81E-13 1.15E-12
 1.21E-12 1.25E-12 1.21E-12 1.08E-12 9.06E-13 8.05E-13
 2.17E-19 2.53E-18 2.32E-17 6.15E-16 4.75E-14 5.30E-13 9.82E-13 1.15E-12
 1.22E-12 1.25E-12 1.21E-12 1.08E-12 9.06E-13 8.05E-13
 2.59E-19 3.11E-18 2.93E-17 6.69E-16 4.91E-14 5.41E-13 9.92E-13 1.16E-12
 1.22E-12 1.25E-12 1.21E-12 1.08E-12 9.07E-13 8.07E-13
 6.47E-19 8.31E-18 8.38E-17 1.14E-15 6.24E-14 6.13E-13 1.05E-12 1.19E-12
 1.24E-12 1.26E-12 1.21E-12 1.08E-12 9.13E-13 8.14E-13
 2.83E-18 3.44E-17 3.30E-16 3.07E-15 1.10E-13 7.38E-13 1.11E-12 1.22E-12
 1.26E-12 1.27E-12 1.21E-12 1.08E-12 9.19E-13 8.24E-13
 6.70E-18 6.64E-17 5.52E-16 4.49E-15 1.37E-13 7.61E-13 1.09E-12 1.20E-12
 1.23E-12 1.23E-12 1.18E-12 1.06E-12 9.03E-13 8.12E-13
  1735.45    7  14 /pl=01:ss=56:pb= 1:sz=56/type=excit/ispb = t/isel =   49
 1.00E+10 1.00E+11 1.00E+12 1.00E+13 1.00E+14 1.00E+15 1.00E+16
 5.60E+01 8.40E+01 1.40E+02 2.80E+02 5.60E+02 1.40E+03 2.80E+03 4.20E+03
 5.60E+03 8.40E+03 1.40E+04 2.80E+04 5.60E+04 8.40E+04
 7.99E-18 8.26E-17 7.16E-16 5.45E-15 1.59E-13 1.79E-12 3.41E-12 4.02E-12
 4.25E-12 4.35E-12 4.20E-12 3.71E-12 3.10E-12 2.75E-12
 7.99E-18 8.26E-17 7.16E-16 5.45E-15 1.59E-13 1.79E-12 3.41E-12 4.02E-12
 4.25E-12 4.35E-12 4.19E-12 3.70E-12 3.10E-12 2.75E-12
 7.99E-18 8.26E-17 7.16E-16 5.44E-15 1.59E-13 1.78E-12 3.39E-12 3.99E-12
 4.21E-12 4.31E-12 4.16E-12 3.68E-12 3.08E-12 2.73E-12
 7.93E-18 8.18E-17 7.08E-16 5.37E-15 1.56E-13 1.71E-12 3.16E-12 3.68E-12
 3.87E-12 3.96E-12 3.82E-12 3.41E-12 2.89E-12 2.57E-12
 7.38E-18 7.49E-17 6.37E-16 4.75E-15 1.34E-13 1.19E-12 1.88E-12 2.07E-12
 2.14E-12 2.17E-12 2.12E-12 1.97E-12 1.77E-12 1.64E-12
 4.42E-18 4.09E-17 3.19E-16 2.21E-15 5.59E-14 2.98E-13 3.71E-13 3.86E-13
 3.91E-13 3.92E-13 3.89E-13 3.78E-13 3.64E-13 3.54E-13
 1.06E-18 8.09E-18 5.52E-17 3.53E-16 8.18E-15 3.48E-14 4.07E-14 4.18E-14
 4.21E-14 4.22E-14 4.19E-14 4.12E-14 4.03E-14 3.97E-14
  4074.43    7  14 /pl=01:ss=56:pb= 1:sz=56/type=excit/ispb = t/isel =   50
 1.00E+10 1.00E+11 1.00E+12 1.00E+13 1.00E+14 1.00E+15 1.00E+16
 5.60E+01 8.40E+01 1.40E+02 2.80E+02 5.60E+02 1.40E+03 2.80E+03 4.20E+03
 5.60E+03 8.40E+03 1.40E+04 2.80E+04 5.60E+04 8.40E+04
 5.97E-19 6.17E-18 5.35E-17 4.07E-16 1.19E-14 1.34E-13 2.55E-13 3.00E-13
 3.18E-13 3.25E-13 3.13E-13 2.77E-13 2.32E-13 2.05E-13
 5.97E-19 6.17E-18 5.35E-17 4.07E-16 1.19E-14 1.34E-13 2.55E-13 3.00E-13
 3.17E-13 3.25E-13 3.13E-13 2.77E-13 2.32E-13 2.05E-13
 5.97E-19 6.17E-18 5.35E-17 4.06E-16 1.19E-14 1.33E-13 2.53E-13 2.98E-13
 3.15E-13 3.22E-13 3.10E-13 2.75E-13 2.30E-13 2.04E-13
 5.92E-19 6.11E-18 5.29E-17 4.01E-16 1.17E-14 1.28E-13 2.36E-13 2.75E-13
 2.89E-13 2.96E-13 2.86E-13 2.55E-13 2.16E-13 1.92E-13
 5.51E-19 5.60E-18 4.76E-17 3.55E-16 1.00E-14 8.92E-14 1.40E-13 1.55E-13
 1.60E-13 1.62E-13 1.58E-13 1.47E-13 1.32E-13 1.22E-13
 3.30E-19 3.05E-18 2.38E-17 1.65E-16 4.18E-15 2.23E-14 2.77E-14 2.88E-14
 2.92E-14 2.93E-14 2.90E-14 2.83E-14 2.72E-14 2.64E-14
 7.94E-20 6.04E-19 4.12E-18 2.64E-17 6.11E-16 2.60E-15 3.04E-15 3.12E-15
 3.14E-15 3.15E-15 3.13E-15 3.08E-15 3.01E-15 2.97E-15
c-------------------------------------------------------------------------------
 
C  root partition information
C  ==========================
C
C  nuclear charge : 74
C  ion charge+1   : 57
C
C  population calculation information
C  ----------------------------------
C
C  population processing code: adas810
C
C  adf04 source file    : adf04_copmm#74_ic_40#w56.dat
C  adf18/a17_p208 file  : NULL
C
C  meta. ion. coeff. selector  : 
 
C  options  : lnorm =T  lpsel =F  lzsel =T  liosel=F
C           : lhsel =F  lrsel =F  lisel =F  lnsel =F
 
C  energy levels
C  -------------
C
C   lv      configuration    (2S+1)L(w-1/2)      energy (cm^-1)
C  ---   ------------------- --------------      --------------
c    1   24565                  (1)0(  0.0)             0.0
c    2   24555516               (3)1(  0.0)       1895012.5
c    3   24555516               (3)1(  1.0)       1981685.2
c    4   24555516               (3)3(  3.0)       2014763.8
c    5   24555516               (3)2(  2.0)       2039307.1
c    6   24555516               (3)3(  4.0)       2580528.9
c    7   24555516               (1)2(  2.0)       2615348.4
c    8   24555516               (3)2(  3.0)       2696251.7
c    9   24555516               (1)1(  1.0)       2919122.7
c   10   24555516               (3)3(  2.0)       4765788.2
c   11   24555516               (3)2(  1.0)       5008455.4
c   12   24555516               (3)1(  2.0)       5387574.2
c   13   24555516               (1)3(  3.0)       5425637.0
c   14   24555517               (3)1(  2.0)      19620169.9
c   15   24555517               (1)1(  1.0)      19647145.3
c   16   24555518               (3)0(  1.0)      20297656.4
c   17   24555518               (3)2(  2.0)      20308573.5
c   18   24555518               (3)2(  3.0)      21352278.1
c   19   24555518               (1)1(  1.0)      21353259.5
c   20   24555518               (3)1(  2.0)      21393295.2
c   21   24555518               (1)0(  0.0)      21517293.1
c   22   24555519               (3)1(  0.0)      22206035.4
c   23   24555519               (3)1(  1.0)      22242364.0
c   24   24555519               (3)3(  3.0)      22252173.3
c   25   24555519               (3)2(  2.0)      22275653.7
c   26   24555517               (3)1(  0.0)      22427604.5
c   27   24555517               (3)1(  1.0)      22436298.2
c   28   24555519               (3)3(  4.0)      22485003.2
c   29   24555519               (1)2(  2.0)      22500440.8
c   30   24555519               (1)1(  1.0)      22511658.6
c   31   24555519               (3)2(  3.0)      22526994.7
c   32   24555518               (3)2(  1.0)      23103733.6
c   33   24555518               (3)1(  0.0)      23209210.3
c   34   2455551A               (3)2(  1.0)      23220411.6
c   35   2455551A               (3)2(  2.0)      23267612.5
c   36   2455551A               (3)4(  4.0)      23271068.5
c   37   2455551A               (3)3(  3.0)      23302898.0
c   38   2455551A               (3)4(  5.0)      23340701.4
c   39   2455551A               (1)3(  3.0)      23373935.5
c   40   2455551A               (3)3(  4.0)      23408281.7
c   41   2455551A               (1)2(  2.0)      23438950.6
c   42   24555518               (3)1(  1.0)      24167099.1
c   43   24555518               (1)2(  2.0)      24175737.8
c   44   14565518               (3)1(  1.0)      24889068.2
c   45   14565518               (3)1(  0.0)      24889075.4
c   46   24555519               (3)3(  2.0)      25054190.5
c   47   24555519               (3)2(  1.0)      25087283.8
c   48   24555519               (3)1(  2.0)      25294670.5
c   49   24555519               (1)3(  3.0)      25304909.8
c   50   14565518               (3)1(  2.0)      25951307.9
c   51   14565518               (1)1(  1.0)      25971142.1
c   52   2455551A               (3)4(  3.0)      26069891.2
c   53   2455551A               (3)3(  2.0)      26128061.6
c   54   2455551A               (3)2(  3.0)      26162032.7
c   55   2455551A               (1)4(  4.0)      26179164.0
c   56   14565519               (3)2(  1.0)      26838478.1
c   57   14565519               (3)2(  2.0)      26847019.8
c   58   14565519               (3)2(  3.0)      27083263.9
c   59   14565519               (1)2(  2.0)      27095407.5
c   60   2455551B               (3)1(  2.0)      29800367.4
c   61   2455551B               (1)1(  1.0)      29810034.0
c   62   2455551C               (3)0(  1.0)      30136162.0
c   63   2455551C               (3)2(  2.0)      30140417.2
c   64   2455551C               (3)2(  3.0)      30656732.7
c   65   2455551C               (1)1(  1.0)      30657148.6
c   66   2455551C               (3)1(  2.0)      30674523.3
c   67   2455551C               (1)0(  0.0)      30712799.4
c   68   2455551D               (3)1(  0.0)      31070447.0
c   69   2455551D               (3)1(  1.0)      31085838.1
c   70   2455551D               (3)3(  3.0)      31088864.0
c   71   2455551D               (3)2(  2.0)      31099807.3
c   72   2455551D               (3)3(  4.0)      31206181.2
c   73   2455551D               (1)2(  2.0)      31213436.6
c   74   2455551D               (1)1(  1.0)      31215908.8
c   75   2455551D               (3)2(  3.0)      31225076.4
c   76   2455551E               (3)2(  1.0)      31551976.6
c   77   2455551E               (3)4(  4.0)      31571609.8
c   78   2455551E               (3)2(  2.0)      31572779.3
c   79   2455551E               (3)3(  3.0)      31585900.2
c   80   2455551E               (3)4(  5.0)      31611534.1
c   81   2455551E               (1)3(  3.0)      31625218.9
c   82   2455551E               (3)3(  4.0)      31638252.2
c   83   2455551E               (1)2(  2.0)      31641511.4
c   84   2455551B               (3)1(  0.0)      32609125.6
c   85   2455551B               (3)1(  1.0)      32614072.2
c   86   2455551C               (3)2(  1.0)      32945985.6
c   87   2455551C               (3)1(  0.0)      32981430.7
c   88   2455551C               (3)1(  1.0)      33469840.9
c   89   2455551C               (1)2(  2.0)      33473263.6
c   90   2455551D               (3)3(  2.0)      33897000.9
c   91   2455551D               (3)2(  1.0)      33906315.1
c   92   2455551D               (3)1(  2.0)      34018661.5
c   93   2455551D               (1)3(  3.0)      34022034.0
c   94   2455551E               (3)4(  3.0)      34379678.2
c   95   2455551E               (3)3(  2.0)      34398617.7
c   96   2455551E               (3)2(  3.0)      34427742.1
c   97   2455551E               (1)4(  4.0)      34433566.1
c   98   1456551C               (3)1(  0.0)      34723356.0
c   99   1456551C               (3)1(  1.0)      34727627.5
c  100   2455551G               (3)1(  2.0)      35071765.6
c  101   2455551G               (1)1(  1.0)      35077726.7
c  102   1456551C               (3)1(  2.0)      35247566.4
c  103   1456551C               (1)1(  1.0)      35254660.6
c  104   2455551H               (3)0(  1.0)      35262555.6
c  105   2455551H               (3)2(  2.0)      35264371.2
c  106   2455551H               (3)2(  3.0)      35556032.2
c  107   2455551H               (1)1(  1.0)      35556961.6
c  108   2455551H               (3)1(  2.0)      35565967.0
c  109   2455551H               (1)0(  0.0)      35583621.1
c  110   1456551D               (3)2(  1.0)      35674959.2
c  111   1456551D               (3)2(  2.0)      35678965.6
c  112   2455551I               (3)1(  0.0)      35789206.5
c  113   2455551I               (3)1(  1.0)      35797363.9
c  114   1456551D               (3)2(  3.0)      35797882.4
c  115   2455551I               (3)3(  3.0)      35798694.9
c  116   1456551D               (1)2(  2.0)      35803047.5
c  117   2455551I               (3)2(  2.0)      35804604.9
c  118   2455551I               (3)3(  4.0)      35865916.9
c  119   2455551I               (1)2(  2.0)      35869974.7
c  120   2455551I               (1)1(  1.0)      35871322.5
c  121   2455551I               (3)2(  3.0)      35875993.6
c  122   2455551J               (3)2(  1.0)      36058383.1
c  123   2455551J               (3)4(  4.0)      36068167.3
c  124   2455551J               (3)2(  2.0)      36069356.6
c  125   2455551J               (3)3(  3.0)      36075838.0
c  126   2455551J               (3)4(  5.0)      36092201.8
c  127   2455551J               (1)3(  3.0)      36099304.8
c  128   2455551J               (1)2(  2.0)      36105395.6
c  129   2455551J               (3)3(  4.0)      36105812.8
c  130   2455551G               (3)1(  0.0)      37883374.8
c  131   2455551G               (3)1(  1.0)      37885777.7
c  132   2455551H               (3)2(  1.0)      38073719.1
c  133   2455551H               (3)1(  0.0)      38090801.0
c  134   2455551M               (3)1(  2.0)      38155152.1
c  135   2455551M               (1)1(  1.0)      38157895.3
c  136   2455551N               (3)0(  1.0)      38272242.3
c  137   2455551N               (3)2(  2.0)      38273576.1
c  138   2455551H               (3)1(  1.0)      38369730.0
c  139   2455551H               (1)2(  2.0)      38371527.0
c  140   2455551N               (3)2(  3.0)      38454648.9
c  141   2455551N               (1)1(  1.0)      38454938.1
c  142   2455551N               (3)1(  2.0)      38460205.8
c  143   2455551N               (1)0(  0.0)      38469885.2
c  144   2455551O               (3)1(  0.0)      38597986.1
c  145   2455551O               (3)1(  1.0)      38602355.0
c  146   2455551O               (3)3(  3.0)      38603745.0
c  147   2455551O               (3)2(  2.0)      38606367.0
c  148   2455551I               (3)3(  2.0)      38609763.3
c  149   2455551I               (3)2(  1.0)      38614685.7
c  150   2455551O               (3)3(  4.0)      38645819.8
c  151   2455551O               (1)2(  2.0)      38647874.8
c  152   2455551O               (1)1(  1.0)      38649013.5
c  153   2455551O               (3)2(  3.0)      38651767.7
c  154   2455551I               (3)1(  2.0)      38679100.7
c  155   2455551I               (1)3(  3.0)      38680384.1
c  156   2455551P               (3)2(  1.0)      38764169.2
c  157   2455551P               (3)4(  4.0)      38769787.4
c  158   2455551P               (3)2(  2.0)      38770608.5
c  159   2455551P               (3)3(  3.0)      38774329.6
c  160   2455551P               (3)4(  5.0)      38785244.6
c  161   2455551P               (1)3(  3.0)      38789255.2
c  162   2455551P               (1)2(  2.0)      38792195.6
c  163   2455551P               (3)3(  4.0)      38793171.8
c  164   2455551J               (3)4(  3.0)      38878775.9
c  165   2455551J               (3)3(  2.0)      38887631.9
c  166   2455551J               (3)2(  3.0)      38906872.7
c  167   2455551J               (1)4(  4.0)      38909491.9
c  168   1456551H               (3)1(  0.0)      39849008.0
c  169   1456551H               (3)1(  1.0)      39851090.9
c  170   1456551H               (3)1(  2.0)      40144674.8
c  171   1456551H               (1)1(  1.0)      40148736.6
c  172   1456551I               (3)2(  1.0)      40384364.1
c  173   1456551I               (3)2(  2.0)      40386472.6
c  174   1456551I               (3)2(  3.0)      40454301.0
c  175   1456551I               (1)2(  2.0)      40457454.3
c  176   2455551M               (3)1(  0.0)      40966787.1
c  177   2455551M               (3)1(  1.0)      40968160.3
c  178   2455551N               (3)2(  1.0)      41084235.1
c  179   2455551N               (3)1(  0.0)      41093942.9
c  180   2455551N               (3)1(  1.0)      41267460.3
c  181   2455551N               (1)2(  2.0)      41268588.7
c  182   2455551O               (3)3(  2.0)      41415042.9
c  183   2455551O               (3)2(  1.0)      41418236.1
c  184   2455551O               (3)1(  2.0)      41458647.6
c  185   2455551O               (1)3(  3.0)      41459540.3
c  186   2455551P               (3)4(  3.0)      41581317.1
c  187   2455551P               (3)3(  2.0)      41586169.3
c  188   2455551P               (3)2(  3.0)      41599027.2
c  189   2455551P               (1)4(  4.0)      41600541.0
c  190   1456551N               (3)1(  0.0)      42858385.6
c  191   1456551N               (3)1(  1.0)      42859565.8
c  192   1456551N               (3)1(  2.0)      43041501.4
c  193   1456551N               (1)1(  1.0)      43043885.2
c  194   1456551O               (3)2(  1.0)      43189411.9
c  195   1456551O               (3)2(  2.0)      43190625.8
c  196   1456551O               (3)2(  3.0)      43233007.9
c  197   1456551O               (1)2(  2.0)      43234990.6
 
 
 
c-------------------------------------------------------------------------------
 
C  superstage partition information
C  ================================
C
C  element symbol   : W
C  parent template  : 
C  partition level  :  1
C  superstage label : 56
C
C  tabulation       : photon emissivity coefft (te,ne)
C  units            : ph. emis coef(cm^3 s^-1); te (ev); ne (cm^-3)
C
C  photon emissivity atomic transitions
C  ------------------------------------
C  
C   isel  wvlen(A)            transition                type  ispb nspb
C                                                             ispp nspp sz    tg pr wr
C  ----- ---------- ----------------------------------- ----- ---- ---- --    -- -- --
C      1   2.58739  152(1)1(  1.0)-  1(1)0(  0.0)       excit   1    1  56    55 39  1
C      2   2.78774  120(1)1(  1.0)-  1(1)0(  0.0)       excit   1    1  56    43 27  2
C      3   2.83650  103(1)1(  1.0)-  1(1)0(  0.0)       excit   1    1  56    36 46  3
C      4   2.94930   91(3)2(  1.0)-  1(1)0(  0.0)       excit   1    1  56    32 25  4
C      5   3.20349   74(1)1(  1.0)-  1(1)0(  0.0)       excit   1    1  56    26 15  5
C      6   3.38331   77(3)4(  4.0)-  4(3)3(  3.0)       excit   1    1  56   328 30  6
C      7   3.40250   95(3)3(  2.0)- 11(3)2(  1.0)       excit   1    1  56  1332 36  7
C      8   3.48160   83(1)2(  2.0)-  9(1)1(  1.0)       excit   1    1  56  1029 24  8
C      9   3.69066   59(1)2(  2.0)-  1(1)0(  0.0)       excit   1    1  56    20 22  9
C     10   3.85043   51(1)1(  1.0)-  1(1)0(  0.0)       excit   1    1  56    17 16 10
C     11   3.98608   47(3)2(  1.0)-  1(1)0(  0.0)       excit   1    1  56    16  9 11
C     12   4.01783   44(3)1(  1.0)-  1(1)0(  0.0)       excit   1    1  56    15 14 12
C     13   4.44214   30(1)1(  1.0)-  1(1)0(  0.0)       excit   1    1  56    10  4 13
C     14   4.45706   27(3)1(  1.0)-  1(1)0(  0.0)       excit   1    1  56     9 13 14
C     15   4.49592   23(3)1(  1.0)-  1(1)0(  0.0)       excit   1    1  56     8 40 15
C     16   4.67298   41(1)2(  2.0)-  5(3)2(  2.0)       excit   1    1  56   448 35 16
C     17   4.68115   53(3)3(  2.0)- 10(3)3(  2.0)       excit   1    1  56  1147 32 17
C     18   4.70287   37(3)3(  3.0)-  5(3)2(  2.0)       excit   1    1  56   446 28 18
C     19   4.70449   36(3)4(  4.0)-  4(3)3(  3.0)       excit   1    1  56   296  7 19
C     20   4.73494   53(3)3(  2.0)- 11(3)2(  1.0)       excit   1    1  56  1303  8 20
C     21   4.80224   41(1)2(  2.0)-  7(1)2(  2.0)       excit   1    1  56   699 19 21
C     22   4.82149   53(3)3(  2.0)- 12(3)1(  2.0)       excit   1    1  56  1438 43 22
C     23   4.83313   36(3)4(  4.0)-  6(3)3(  4.0)       excit   1    1  56   598 42 23
C     24   4.87334   41(1)2(  2.0)-  9(1)1(  1.0)       excit   1    1  56  1000  5 24
C     25   5.08980   15(1)1(  1.0)-  1(1)0(  0.0)       excit   1    1  56     4 12 25
C     26   5.33330   43(1)2(  2.0)- 13(1)3(  3.0)       excit   1    1  56  1583 34 26
C     27   5.34844   20(3)1(  2.0)-  8(3)2(  3.0)       excit   1    1  56   846 33 27
C     28   5.37687   21(1)0(  0.0)-  9(1)1(  1.0)       excit   1    1  56   988  6 28
C     29   5.46633   17(3)2(  2.0)-  4(3)3(  3.0)       excit   1    1  56   284 17 29
C     30   5.47367   17(3)2(  2.0)-  5(3)2(  2.0)       excit   1    1  56   429 29 30
C     31   5.49428   33(3)1(  0.0)- 11(3)2(  1.0)       excit   1    1  56  1290 11 31
C     32   9.03697   67(1)0(  0.0)- 15(1)1(  1.0)       excit   1    1  56  1895 37 32
C     33   10.1710  116(1)2(  2.0)- 51(1)1(  1.0)       excit   1    1  56  5960 45 33
C     34   10.9531   83(1)2(  2.0)- 30(1)1(  1.0)       excit   1    1  56  3656 41 34
C     35   12.1934   67(1)0(  0.0)- 30(1)1(  1.0)       excit   1    1  56  3647 48 35
C     36   19.9662   11(3)2(  1.0)-  1(1)0(  0.0)       excit   1    1  56     3  2 36
C     37   34.2569    9(1)1(  1.0)-  1(1)0(  0.0)       excit   1    1  56     2  1 37
C     38   35.1480   13(1)3(  3.0)-  6(3)3(  4.0)       excit   1    1  56   590 38 38
C     39   36.3501   10(3)3(  2.0)-  4(3)3(  3.0)       excit   1    1  56   278 31 39
C     40   50.4621    3(3)1(  1.0)-  1(1)0(  0.0)       excit   1    1  56     1  3 40
C     41   51.0738   57(3)2(  2.0)- 44(3)1(  1.0)       excit   1    1  56  5164 44 41
C     42   51.4509   24(3)3(  3.0)- 17(3)2(  2.0)       excit   1    1  56  2131 20 42
C     43   53.4717   21(1)0(  0.0)- 15(1)1(  1.0)       excit   1    1  56  1863 50 43
C     44   88.9470   59(1)2(  2.0)- 51(1)1(  1.0)       excit   1    1  56  5919 49 44
C     45   152.220    8(3)2(  3.0)-  5(3)2(  2.0)       excit   1    1  56   420 23 45
C     46   157.813    7(1)2(  2.0)-  3(3)1(  1.0)       excit   1    1  56   138 18 46
C     47   173.599    7(1)2(  2.0)-  5(3)2(  2.0)       excit   1    1  56   419 26 47
C     48   176.752    6(3)3(  4.0)-  4(3)3(  3.0)       excit   1    1  56   274 21 48
C     49   1735.45    5(3)2(  2.0)-  3(3)1(  1.0)       excit   1    1  56   137 10 49
C     50   4074.43    5(3)2(  2.0)-  4(3)3(  3.0)       excit   1    1  56   273 47 50
c-------------------------------------------------------------------------------
                                                                                
C  code     : adas810
C  producer : Adam Foster
C  date     : 15/05/09
                                                                                
c-------------------------------------------------------------------------------

C-----------------------------------------------------------------------
C                               OPEN-ADAS
C                               +++++++++
C
C This file has been downloaded from OPEN-ADAS (http://open.adas.ac.uk)
C on 26-Mar-2025.
C
C TERMS AND CONDITIONS
C --------------------
C
C The user of the OPEN-ADAS system and data (hereinafter "the User")
C accepts the following terms and conditions:
C
C   1. The University of Strathclyde uses all reasonable endeavours to
C      ensure the accuracy of the data provided and any information
C      given, but the University makes no warranty, expressed or implied
C      as to its accuracy, integrity, fitness for purpose and shall not
C      be responsible for the use to which the data is put by the User
C      and/or any consequences arising out of any inaccuracies or
C      omissions.
C
C   2. Any downloaded OPEN-ADAS file is made available for the
C      personal use of the User only.  It must not be used for any
C      commercial application, incorporated into any web site or in
C      any form re-distributed without express prior written permission
C      from the ADAS Project. In particular, but not by way of
C      limitation, it must not be:
C        *  inserted into a managed database structure,
C        *  redistributed along with a modelling or analysis code,
C        *  made available on a public website.
C
C Permission for OPEN-ADAS data incorporation in non-commercial
C code/system development for scientific advance will not be
C unreasonably withheld, but will be subject to written agreement
C on a case by case basis.
C
C The User will indemnify the University of Strathclyde and keep it
C fully and effectively indemnified against each and every claim made
C against the University as a result of the User's use of the data.
C
C-----------------------------------------------------------------------
