   50    /W : 1 photon emissivity coefficients/
--------------------------------------------------------------------------------
    1    1    1    1    1    1    1    1    1    1    1    1    1    1
    1    1    1    1    1    1    1    1    1    1    1    1    1    1
    1    1    1    1    1    1    1    1    1    1    1    1    1    1
    1    1    1    1    1    1    1    1    1    1    1    1    1    1
    1    1    1    1    1    1    1    1    1    1    1    1    1    1
    1    1    1    1    1
--------------------------------------------------------------------------------
//#01/p00/ 00/p01/ 01/p02/ 02/p03/ 03/p04/ 04/p05/ 05/p06/ 06/p07/ 07/p08/ 08/  
      p09/ 09/p10/ 10/p11/ 11/p12/ 12/p13/ 13/p14/ 14/p15/ 15/p16/ 16/p17/ 17/  
      p18/ 18/p19/ 19/p20/ 20/p21/ 21/p22/ 22/p23/ 23/p24/ 24/p25/ 25/p26/ 26/  
      p27/ 27/p28/ 28/p29/ 29/p30/ 30/p31/ 31/p32/ 32/p33/ 33/p34/ 34/p35/ 35/  
      p36/ 36/p37/ 37/p38/ 38/p39/ 39/p40/ 40/p41/ 41/p42/ 42/p43/ 43/p44/ 44/  
      p45/ 45/p46/ 46/p47/ 47/p48/ 48/p49/ 49/p50/ 50/p51/ 51/p52/ 52/p53/ 53/  
      p54/ 54/p55/ 55/p56/ 56/p57/ 57/p58/ 58/p59/ 59/p60/ 60/p61/ 61/p62/ 62/  
      p63/ 63/p64/ 64/p65/ 65/p66/ 66/p67/ 67/p68/ 68/p69/ 69/p70/ 70/p71/ 71/  
      p72/ 72/p73/ 73/p74/ 74/                                                  
--------------------------------------------------------------------------------
  141.512    7  14 /pl=01:ss= 1:pb= 1:sz= 1/type=excit/ispb = t/isel =    1
 1.00E+10 1.00E+11 1.00E+12 1.00E+13 1.00E+14 1.00E+15 1.00E+16
 6.89E-02 1.03E-01 1.72E-01 3.45E-01 6.89E-01 1.72E+00 3.45E+00 5.17E+00
 6.89E+00 1.03E+01 1.72E+01 3.45E+01 6.89E+01 1.03E+02
 1.00E-74 1.00E-74 1.00E-74 1.00E-74 1.00E-74 3.42E-33 1.08E-22 3.14E-19
 1.65E-17 8.29E-16 1.76E-14 1.52E-13 3.82E-13 4.81E-13
 1.00E-74 1.00E-74 1.00E-74 1.00E-74 1.00E-74 3.42E-33 1.08E-22 3.14E-19
 1.65E-17 8.29E-16 1.76E-14 1.52E-13 3.82E-13 4.81E-13
 1.00E-74 1.00E-74 1.00E-74 1.00E-74 1.00E-74 3.42E-33 1.08E-22 3.14E-19
 1.65E-17 8.29E-16 1.76E-14 1.51E-13 3.82E-13 4.81E-13
 1.00E-74 1.00E-74 1.00E-74 1.00E-74 1.00E-74 3.43E-33 1.08E-22 3.13E-19
 1.64E-17 8.22E-16 1.74E-14 1.50E-13 3.78E-13 4.77E-13
 1.00E-74 1.00E-74 1.00E-74 1.00E-74 1.00E-74 3.44E-33 1.06E-22 3.00E-19
 1.54E-17 7.54E-16 1.57E-14 1.33E-13 3.39E-13 4.31E-13
 1.00E-74 1.00E-74 1.00E-74 1.00E-74 1.00E-74 3.67E-33 9.24E-23 2.08E-19
 9.02E-18 3.64E-16 6.42E-15 5.00E-14 1.28E-13 1.70E-13
 1.00E-74 1.00E-74 1.00E-74 1.00E-74 1.00E-74 5.42E-33 9.81E-23 1.51E-19
 5.12E-18 1.57E-16 2.14E-15 1.31E-14 2.88E-14 3.57E-14
  152.531    7  14 /pl=01:ss= 1:pb= 1:sz= 1/type=excit/ispb = t/isel =    2
 1.00E+10 1.00E+11 1.00E+12 1.00E+13 1.00E+14 1.00E+15 1.00E+16
 6.89E-02 1.03E-01 1.72E-01 3.45E-01 6.89E-01 1.72E+00 3.45E+00 5.17E+00
 6.89E+00 1.03E+01 1.72E+01 3.45E+01 6.89E+01 1.03E+02
 1.00E-74 1.00E-74 1.00E-74 1.00E-74 1.00E-74 1.43E-32 1.71E-22 3.60E-19
 1.58E-17 6.58E-16 1.18E-14 8.92E-14 2.10E-13 2.59E-13
 1.00E-74 1.00E-74 1.00E-74 1.00E-74 1.00E-74 1.43E-32 1.71E-22 3.60E-19
 1.58E-17 6.58E-16 1.18E-14 8.91E-14 2.10E-13 2.59E-13
 1.00E-74 1.00E-74 1.00E-74 1.00E-74 1.00E-74 1.42E-32 1.71E-22 3.59E-19
 1.58E-17 6.58E-16 1.18E-14 8.91E-14 2.10E-13 2.59E-13
 1.00E-74 1.00E-74 1.00E-74 1.00E-74 1.00E-74 1.42E-32 1.70E-22 3.57E-19
 1.57E-17 6.51E-16 1.17E-14 8.82E-14 2.08E-13 2.56E-13
 1.00E-74 1.00E-74 1.00E-74 1.00E-74 1.00E-74 1.40E-32 1.62E-22 3.32E-19
 1.43E-17 5.87E-16 1.04E-14 7.85E-14 1.87E-13 2.32E-13
 1.00E-74 1.00E-74 1.00E-74 1.00E-74 1.00E-74 1.31E-32 1.17E-22 1.92E-19
 7.16E-18 2.49E-16 3.93E-15 2.80E-14 6.89E-14 8.95E-14
 1.00E-74 1.00E-74 1.00E-74 1.00E-74 1.00E-74 1.32E-32 7.36E-23 8.28E-20
 2.47E-18 6.74E-17 8.58E-16 5.09E-15 1.11E-14 1.37E-14
  222.228    7  14 /pl=01:ss= 1:pb= 1:sz= 1/type=excit/ispb = t/isel =    3
 1.00E+10 1.00E+11 1.00E+12 1.00E+13 1.00E+14 1.00E+15 1.00E+16
 6.89E-02 1.03E-01 1.72E-01 3.45E-01 6.89E-01 1.72E+00 3.45E+00 5.17E+00
 6.89E+00 1.03E+01 1.72E+01 3.45E+01 6.89E+01 1.03E+02
 1.00E-74 1.00E-74 1.00E-74 1.00E-74 1.00E-45 7.19E-25 5.44E-18 9.81E-16
 1.27E-14 1.55E-13 1.06E-12 4.00E-12 6.91E-12 7.87E-12
 1.00E-74 1.00E-74 1.00E-74 1.00E-74 1.00E-45 7.19E-25 5.44E-18 9.82E-16
 1.27E-14 1.55E-13 1.06E-12 4.00E-12 6.91E-12 7.87E-12
 1.00E-74 1.00E-74 1.00E-74 1.00E-74 1.01E-45 7.21E-25 5.46E-18 9.83E-16
 1.27E-14 1.55E-13 1.06E-12 4.00E-12 6.91E-12 7.87E-12
 1.00E-74 1.00E-74 1.00E-74 1.00E-74 1.06E-45 7.44E-25 5.56E-18 9.97E-16
 1.28E-14 1.56E-13 1.07E-12 4.02E-12 6.94E-12 7.89E-12
 1.00E-74 1.00E-74 1.00E-74 1.00E-74 1.85E-45 1.03E-24 6.76E-18 1.14E-15
 1.41E-14 1.66E-13 1.10E-12 4.04E-12 6.96E-12 7.92E-12
 1.00E-74 1.00E-74 1.00E-74 1.00E-74 1.64E-44 5.99E-24 2.21E-17 2.55E-15
 2.47E-14 2.20E-13 1.16E-12 3.69E-12 6.16E-12 7.08E-12
 1.00E-74 1.00E-74 1.00E-74 1.00E-74 4.72E-44 2.01E-23 5.18E-17 4.36E-15
 3.54E-14 2.63E-13 1.20E-12 3.47E-12 5.66E-12 6.59E-12
  232.342    7  14 /pl=01:ss= 1:pb= 1:sz= 1/type=excit/ispb = t/isel =    4
 1.00E+10 1.00E+11 1.00E+12 1.00E+13 1.00E+14 1.00E+15 1.00E+16
 6.89E-02 1.03E-01 1.72E-01 3.45E-01 6.89E-01 1.72E+00 3.45E+00 5.17E+00
 6.89E+00 1.03E+01 1.72E+01 3.45E+01 6.89E+01 1.03E+02
 1.00E-74 1.00E-74 1.00E-74 1.00E-74 1.14E-42 9.83E-23 3.66E-16 5.26E-14
 6.01E-13 6.55E-12 4.09E-11 1.44E-10 2.41E-10 2.73E-10
 1.00E-74 1.00E-74 1.00E-74 1.00E-74 1.14E-42 9.83E-23 3.66E-16 5.26E-14
 6.01E-13 6.55E-12 4.09E-11 1.44E-10 2.41E-10 2.73E-10
 1.00E-74 1.00E-74 1.00E-74 1.00E-74 1.15E-42 9.85E-23 3.67E-16 5.26E-14
 6.01E-13 6.54E-12 4.09E-11 1.44E-10 2.41E-10 2.73E-10
 1.00E-74 1.00E-74 1.00E-74 1.00E-74 1.21E-42 1.00E-22 3.68E-16 5.25E-14
 5.99E-13 6.51E-12 4.07E-11 1.43E-10 2.41E-10 2.73E-10
 1.00E-74 1.00E-74 1.00E-74 1.00E-74 1.68E-42 1.15E-22 3.74E-16 5.06E-14
 5.61E-13 5.94E-12 3.67E-11 1.30E-10 2.24E-10 2.56E-10
 1.00E-74 1.00E-74 1.00E-74 1.00E-74 3.41E-42 1.66E-22 3.20E-16 3.01E-14
 2.67E-13 2.22E-12 1.14E-11 3.77E-11 6.82E-11 8.32E-11
 1.00E-74 1.00E-74 1.00E-74 1.00E-74 4.63E-42 2.45E-22 3.07E-16 2.01E-14
 1.44E-13 9.47E-13 3.94E-12 1.07E-11 1.69E-11 1.95E-11
  259.317    7  14 /pl=01:ss= 1:pb= 1:sz= 1/type=excit/ispb = t/isel =    5
 1.00E+10 1.00E+11 1.00E+12 1.00E+13 1.00E+14 1.00E+15 1.00E+16
 6.89E-02 1.03E-01 1.72E-01 3.45E-01 6.89E-01 1.72E+00 3.45E+00 5.17E+00
 6.89E+00 1.03E+01 1.72E+01 3.45E+01 6.89E+01 1.03E+02
 1.00E-74 1.00E-74 1.00E-74 1.00E-74 9.09E-42 6.36E-24 5.02E-18 4.41E-16
 4.00E-15 3.49E-14 1.84E-13 5.75E-13 9.07E-13 9.94E-13
 1.00E-74 1.00E-74 1.00E-74 1.00E-74 9.09E-42 6.36E-24 5.02E-18 4.41E-16
 4.00E-15 3.49E-14 1.84E-13 5.75E-13 9.07E-13 9.94E-13
 1.00E-74 1.00E-74 1.00E-74 1.00E-74 9.09E-42 6.36E-24 5.02E-18 4.40E-16
 3.99E-15 3.48E-14 1.83E-13 5.74E-13 9.05E-13 9.92E-13
 1.00E-74 1.00E-74 1.00E-74 1.00E-74 9.03E-42 6.32E-24 4.96E-18 4.33E-16
 3.92E-15 3.41E-14 1.79E-13 5.61E-13 8.88E-13 9.74E-13
 1.00E-74 1.00E-74 1.00E-74 1.00E-74 8.51E-42 5.93E-24 4.41E-18 3.69E-16
 3.24E-15 2.74E-14 1.41E-13 4.43E-13 7.15E-13 7.98E-13
 1.00E-74 1.00E-74 1.00E-74 1.00E-74 5.76E-42 3.87E-24 1.96E-18 1.19E-16
 8.44E-16 5.65E-15 2.44E-14 7.13E-14 1.22E-13 1.46E-13
 1.00E-74 1.00E-74 1.00E-74 1.00E-74 2.78E-42 1.66E-24 4.82E-19 1.89E-17
 1.04E-16 5.29E-16 1.80E-15 4.27E-15 6.42E-15 7.38E-15
  281.568    7  14 /pl=01:ss= 1:pb= 1:sz= 1/type=excit/ispb = t/isel =    6
 1.00E+10 1.00E+11 1.00E+12 1.00E+13 1.00E+14 1.00E+15 1.00E+16
 6.89E-02 1.03E-01 1.72E-01 3.45E-01 6.89E-01 1.72E+00 3.45E+00 5.17E+00
 6.89E+00 1.03E+01 1.72E+01 3.45E+01 6.89E+01 1.03E+02
 1.00E-74 1.00E-74 1.00E-74 1.00E-74 5.74E-46 1.08E-24 1.26E-17 2.61E-15
 3.62E-14 4.75E-13 3.42E-12 1.32E-11 2.28E-11 2.57E-11
 1.00E-74 1.00E-74 1.00E-74 1.00E-74 4.02E-46 1.09E-24 1.26E-17 2.62E-15
 3.63E-14 4.75E-13 3.43E-12 1.32E-11 2.28E-11 2.57E-11
 1.00E-74 1.00E-74 1.00E-74 1.00E-74 4.36E-46 1.11E-24 1.28E-17 2.65E-15
 3.67E-14 4.80E-13 3.46E-12 1.33E-11 2.29E-11 2.59E-11
 1.00E-74 1.00E-74 1.00E-74 1.00E-74 6.15E-46 1.38E-24 1.50E-17 3.02E-15
 4.11E-14 5.28E-13 3.73E-12 1.41E-11 2.41E-11 2.71E-11
 1.00E-74 1.00E-74 1.00E-74 1.00E-74 4.36E-45 5.99E-24 4.65E-17 7.98E-15
 9.82E-14 1.12E-12 7.02E-12 2.37E-11 3.75E-11 4.09E-11
 1.00E-74 1.00E-74 1.00E-74 1.00E-74 9.47E-44 1.21E-22 6.63E-16 8.54E-14
 8.67E-13 7.94E-12 4.15E-11 1.25E-10 1.94E-10 2.16E-10
 1.00E-74 1.00E-74 1.00E-74 1.00E-74 3.61E-43 5.52E-22 2.21E-15 2.17E-13
 1.90E-12 1.52E-11 7.34E-11 2.18E-10 3.57E-10 4.16E-10
  281.899    7  14 /pl=01:ss= 1:pb= 1:sz= 1/type=excit/ispb = t/isel =    7
 1.00E+10 1.00E+11 1.00E+12 1.00E+13 1.00E+14 1.00E+15 1.00E+16
 6.89E-02 1.03E-01 1.72E-01 3.45E-01 6.89E-01 1.72E+00 3.45E+00 5.17E+00
 6.89E+00 1.03E+01 1.72E+01 3.45E+01 6.89E+01 1.03E+02
 1.00E-74 1.00E-74 1.00E-74 1.00E-74 1.54E-44 6.59E-24 4.21E-17 7.19E-15
 9.02E-14 1.07E-12 7.12E-12 2.59E-11 4.37E-11 4.89E-11
 1.00E-74 1.00E-74 1.00E-74 1.00E-74 1.55E-44 6.64E-24 4.24E-17 7.23E-15
 9.06E-14 1.08E-12 7.15E-12 2.60E-11 4.38E-11 4.90E-11
 1.00E-74 1.00E-74 1.00E-74 1.00E-74 1.71E-44 7.13E-24 4.48E-17 7.60E-15
 9.50E-14 1.12E-12 7.43E-12 2.69E-11 4.51E-11 5.04E-11
 1.00E-74 1.00E-74 1.00E-74 1.00E-74 3.46E-44 1.21E-23 6.95E-17 1.13E-14
 1.38E-13 1.59E-12 1.02E-11 3.56E-11 5.78E-11 6.35E-11
 1.00E-74 1.00E-74 1.00E-74 1.00E-74 2.79E-43 7.06E-23 3.24E-16 4.75E-14
 5.41E-13 5.77E-12 3.45E-11 1.13E-10 1.73E-10 1.83E-10
 1.00E-74 1.00E-74 1.00E-74 1.00E-74 3.25E-42 6.97E-22 2.11E-15 2.26E-13
 2.11E-12 1.80E-11 9.11E-11 2.79E-10 4.52E-10 5.11E-10
 1.00E-74 1.00E-74 1.00E-74 1.00E-74 8.00E-42 2.07E-21 4.48E-15 3.55E-13
 2.79E-12 2.01E-11 8.99E-11 2.54E-10 4.09E-10 4.74E-10
  282.048    7  14 /pl=01:ss= 1:pb= 1:sz= 1/type=excit/ispb = t/isel =    8
 1.00E+10 1.00E+11 1.00E+12 1.00E+13 1.00E+14 1.00E+15 1.00E+16
 6.89E-02 1.03E-01 1.72E-01 3.45E-01 6.89E-01 1.72E+00 3.45E+00 5.17E+00
 6.89E+00 1.03E+01 1.72E+01 3.45E+01 6.89E+01 1.03E+02
 1.00E-74 1.00E-74 1.00E-74 1.00E-74 5.07E-44 3.63E-23 2.74E-16 4.95E-14
 6.38E-13 7.80E-12 5.34E-11 2.02E-10 3.48E-10 3.97E-10
 1.00E-74 1.00E-74 1.00E-74 1.00E-74 5.06E-44 3.63E-23 2.75E-16 4.95E-14
 6.38E-13 7.80E-12 5.34E-11 2.02E-10 3.48E-10 3.97E-10
 1.00E-74 1.00E-74 1.00E-74 1.00E-74 5.08E-44 3.64E-23 2.75E-16 4.96E-14
 6.39E-13 7.81E-12 5.35E-11 2.02E-10 3.49E-10 3.97E-10
 1.00E-74 1.00E-74 1.00E-74 1.00E-74 5.34E-44 3.75E-23 2.80E-16 5.03E-14
 6.46E-13 7.88E-12 5.38E-11 2.02E-10 3.50E-10 3.98E-10
 1.00E-74 1.00E-74 1.00E-74 1.00E-74 9.33E-44 5.20E-23 3.41E-16 5.74E-14
 7.12E-13 8.35E-12 5.52E-11 2.04E-10 3.51E-10 3.99E-10
 1.00E-74 1.00E-74 1.00E-74 1.00E-74 8.26E-43 3.02E-22 1.12E-15 1.28E-13
 1.25E-12 1.11E-11 5.83E-11 1.86E-10 3.10E-10 3.57E-10
 1.00E-74 1.00E-74 1.00E-74 1.00E-74 2.38E-42 1.01E-21 2.61E-15 2.20E-13
 1.78E-12 1.33E-11 6.07E-11 1.75E-10 2.85E-10 3.32E-10
  282.941    7  14 /pl=01:ss= 1:pb= 1:sz= 1/type=excit/ispb = t/isel =    9
 1.00E+10 1.00E+11 1.00E+12 1.00E+13 1.00E+14 1.00E+15 1.00E+16
 6.89E-02 1.03E-01 1.72E-01 3.45E-01 6.89E-01 1.72E+00 3.45E+00 5.17E+00
 6.89E+00 1.03E+01 1.72E+01 3.45E+01 6.89E+01 1.03E+02
 1.00E-74 1.00E-74 1.00E-74 1.00E-74 7.60E-43 1.13E-22 5.07E-16 7.68E-14
 9.08E-13 1.02E-11 6.47E-11 2.29E-10 3.77E-10 4.17E-10
 1.00E-74 1.00E-74 1.00E-74 1.00E-74 7.62E-43 1.13E-22 5.07E-16 7.69E-14
 9.08E-13 1.02E-11 6.47E-11 2.29E-10 3.77E-10 4.17E-10
 1.00E-74 1.00E-74 1.00E-74 1.00E-74 7.72E-43 1.14E-22 5.11E-16 7.73E-14
 9.13E-13 1.02E-11 6.50E-11 2.30E-10 3.78E-10 4.18E-10
 1.00E-74 1.00E-74 1.00E-74 1.00E-74 8.72E-43 1.24E-22 5.42E-16 8.13E-14
 9.54E-13 1.06E-11 6.70E-11 2.36E-10 3.87E-10 4.26E-10
 1.00E-74 1.00E-74 1.00E-74 1.00E-74 2.02E-42 2.19E-22 8.15E-16 1.13E-13
 1.27E-12 1.34E-11 8.08E-11 2.74E-10 4.43E-10 4.85E-10
 1.00E-74 1.00E-74 1.00E-74 1.00E-74 1.16E-41 9.10E-22 2.02E-15 1.97E-13
 1.76E-12 1.46E-11 7.28E-11 2.25E-10 3.73E-10 4.29E-10
 1.00E-74 1.00E-74 1.00E-74 1.00E-74 2.14E-41 1.93E-21 2.92E-15 2.04E-13
 1.51E-12 1.02E-11 4.37E-11 1.20E-10 1.92E-10 2.22E-10
  295.703    7  14 /pl=01:ss= 1:pb= 1:sz= 1/type=excit/ispb = t/isel =   10
 1.00E+10 1.00E+11 1.00E+12 1.00E+13 1.00E+14 1.00E+15 1.00E+16
 6.89E-02 1.03E-01 1.72E-01 3.45E-01 6.89E-01 1.72E+00 3.45E+00 5.17E+00
 6.89E+00 1.03E+01 1.72E+01 3.45E+01 6.89E+01 1.03E+02
 1.00E-74 1.00E-74 1.00E-74 1.00E-74 1.66E-33 6.78E-18 9.27E-13 4.44E-11
 2.97E-10 1.90E-09 7.83E-09 2.06E-08 3.08E-08 3.41E-08
 1.00E-74 1.00E-74 1.00E-74 1.00E-74 1.66E-33 6.78E-18 9.27E-13 4.44E-11
 2.97E-10 1.90E-09 7.83E-09 2.06E-08 3.08E-08 3.41E-08
 1.00E-74 1.00E-74 1.00E-74 1.00E-74 1.66E-33 6.78E-18 9.27E-13 4.43E-11
 2.97E-10 1.90E-09 7.82E-09 2.06E-08 3.08E-08 3.41E-08
 1.00E-74 1.00E-74 1.00E-74 1.00E-74 1.66E-33 6.77E-18 9.22E-13 4.40E-11
 2.95E-10 1.88E-09 7.73E-09 2.04E-08 3.05E-08 3.37E-08
 1.00E-74 1.00E-74 1.00E-74 1.00E-74 1.66E-33 6.65E-18 8.75E-13 4.07E-11
 2.68E-10 1.68E-09 6.81E-09 1.79E-08 2.71E-08 3.03E-08
 1.00E-74 1.00E-74 1.00E-74 1.00E-74 1.65E-33 6.10E-18 6.14E-13 2.27E-11
 1.28E-10 6.76E-10 2.40E-09 5.95E-09 9.30E-09 1.09E-08
 1.00E-74 1.00E-74 1.00E-74 1.00E-74 1.62E-33 5.53E-18 3.55E-13 9.10E-12
 4.12E-11 1.71E-10 4.95E-10 1.02E-09 1.42E-09 1.57E-09
  301.335    7  14 /pl=01:ss= 1:pb= 1:sz= 1/type=excit/ispb = t/isel =   11
 1.00E+10 1.00E+11 1.00E+12 1.00E+13 1.00E+14 1.00E+15 1.00E+16
 6.89E-02 1.03E-01 1.72E-01 3.45E-01 6.89E-01 1.72E+00 3.45E+00 5.17E+00
 6.89E+00 1.03E+01 1.72E+01 3.45E+01 6.89E+01 1.03E+02
 1.00E-74 1.00E-74 1.00E-74 1.00E-74 1.45E-34 5.94E-19 8.13E-14 3.89E-12
 2.61E-11 1.66E-10 6.86E-10 1.81E-09 2.70E-09 2.99E-09
 1.00E-74 1.00E-74 1.00E-74 1.00E-74 1.45E-34 5.94E-19 8.13E-14 3.89E-12
 2.61E-11 1.66E-10 6.86E-10 1.81E-09 2.70E-09 2.99E-09
 1.00E-74 1.00E-74 1.00E-74 1.00E-74 1.45E-34 5.94E-19 8.12E-14 3.89E-12
 2.60E-11 1.66E-10 6.85E-10 1.80E-09 2.70E-09 2.98E-09
 1.00E-74 1.00E-74 1.00E-74 1.00E-74 1.45E-34 5.93E-19 8.08E-14 3.86E-12
 2.58E-11 1.64E-10 6.77E-10 1.78E-09 2.67E-09 2.96E-09
 1.00E-74 1.00E-74 1.00E-74 1.00E-74 1.45E-34 5.83E-19 7.67E-14 3.57E-12
 2.35E-11 1.47E-10 5.97E-10 1.57E-09 2.37E-09 2.65E-09
 1.00E-74 1.00E-74 1.00E-74 1.00E-74 1.45E-34 5.35E-19 5.38E-14 1.99E-12
 1.12E-11 5.92E-11 2.11E-10 5.21E-10 8.15E-10 9.53E-10
 1.00E-74 1.00E-74 1.00E-74 1.00E-74 1.42E-34 4.84E-19 3.11E-14 7.97E-13
 3.61E-12 1.50E-11 4.34E-11 8.94E-11 1.24E-10 1.38E-10
  311.491    7  14 /pl=01:ss= 1:pb= 1:sz= 1/type=excit/ispb = t/isel =   12
 1.00E+10 1.00E+11 1.00E+12 1.00E+13 1.00E+14 1.00E+15 1.00E+16
 6.89E-02 1.03E-01 1.72E-01 3.45E-01 6.89E-01 1.72E+00 3.45E+00 5.17E+00
 6.89E+00 1.03E+01 1.72E+01 3.45E+01 6.89E+01 1.03E+02
 1.00E-74 1.00E-74 1.00E-74 1.00E-74 1.00E-74 2.44E-33 6.74E-22 4.19E-18
 3.21E-16 2.33E-14 6.54E-13 6.80E-12 1.85E-11 2.35E-11
 1.00E-74 1.00E-74 1.00E-74 1.00E-74 1.00E-74 2.44E-33 6.75E-22 4.20E-18
 3.21E-16 2.33E-14 6.54E-13 6.81E-12 1.85E-11 2.35E-11
 1.00E-74 1.00E-74 1.00E-74 1.00E-74 1.00E-74 2.47E-33 6.82E-22 4.24E-18
 3.24E-16 2.35E-14 6.59E-13 6.85E-12 1.86E-11 2.37E-11
 1.00E-74 1.00E-74 1.00E-74 1.00E-74 1.00E-74 2.74E-33 7.48E-22 4.61E-18
 3.50E-16 2.52E-14 7.00E-13 7.22E-12 1.94E-11 2.47E-11
 1.00E-74 1.00E-74 1.00E-74 1.00E-74 1.00E-74 4.65E-33 1.16E-21 6.77E-18
 4.95E-16 3.41E-14 9.14E-13 9.14E-12 2.43E-11 3.07E-11
 1.00E-74 1.00E-74 1.00E-74 1.00E-74 1.00E-74 1.41E-32 2.86E-21 1.30E-17
 7.93E-16 4.40E-14 9.84E-13 8.78E-12 2.29E-11 2.96E-11
 1.00E-74 1.00E-74 1.00E-74 1.00E-74 1.00E-74 4.24E-32 6.27E-21 2.08E-17
 1.06E-15 4.85E-14 9.29E-13 7.38E-12 1.82E-11 2.32E-11
  311.502    7  14 /pl=01:ss= 1:pb= 1:sz= 1/type=excit/ispb = t/isel =   13
 1.00E+10 1.00E+11 1.00E+12 1.00E+13 1.00E+14 1.00E+15 1.00E+16
 6.89E-02 1.03E-01 1.72E-01 3.45E-01 6.89E-01 1.72E+00 3.45E+00 5.17E+00
 6.89E+00 1.03E+01 1.72E+01 3.45E+01 6.89E+01 1.03E+02
 1.00E-74 1.00E-74 1.00E-74 1.00E-74 1.00E-74 1.93E-30 6.08E-20 1.77E-16
 9.30E-15 4.68E-13 9.94E-12 8.55E-11 2.16E-10 2.72E-10
 1.00E-74 1.00E-74 1.00E-74 1.00E-74 1.00E-74 1.93E-30 6.08E-20 1.77E-16
 9.30E-15 4.68E-13 9.94E-12 8.55E-11 2.16E-10 2.72E-10
 1.00E-74 1.00E-74 1.00E-74 1.00E-74 1.00E-74 1.93E-30 6.08E-20 1.77E-16
 9.29E-15 4.68E-13 9.94E-12 8.55E-11 2.15E-10 2.72E-10
 1.00E-74 1.00E-74 1.00E-74 1.00E-74 1.00E-74 1.93E-30 6.07E-20 1.76E-16
 9.24E-15 4.64E-13 9.83E-12 8.45E-11 2.13E-10 2.69E-10
 1.00E-74 1.00E-74 1.00E-74 1.00E-74 1.00E-74 1.94E-30 5.97E-20 1.69E-16
 8.69E-15 4.26E-13 8.84E-12 7.53E-11 1.91E-10 2.43E-10
 1.00E-74 1.00E-74 1.00E-74 1.00E-74 1.00E-74 2.07E-30 5.22E-20 1.17E-16
 5.09E-15 2.05E-13 3.62E-12 2.82E-11 7.25E-11 9.58E-11
 1.00E-74 1.00E-74 1.00E-74 1.00E-74 1.00E-74 3.06E-30 5.53E-20 8.51E-17
 2.89E-15 8.84E-14 1.21E-12 7.41E-12 1.63E-11 2.02E-11
  311.523    7  14 /pl=01:ss= 1:pb= 1:sz= 1/type=excit/ispb = t/isel =   14
 1.00E+10 1.00E+11 1.00E+12 1.00E+13 1.00E+14 1.00E+15 1.00E+16
 6.89E-02 1.03E-01 1.72E-01 3.45E-01 6.89E-01 1.72E+00 3.45E+00 5.17E+00
 6.89E+00 1.03E+01 1.72E+01 3.45E+01 6.89E+01 1.03E+02
 1.00E-74 1.00E-74 1.00E-74 1.00E-74 1.00E-74 6.36E-34 3.65E-22 2.89E-18
 2.47E-16 2.01E-14 6.18E-13 6.93E-12 1.97E-11 2.56E-11
 1.00E-74 1.00E-74 1.00E-74 1.00E-74 1.00E-74 6.36E-34 3.65E-22 2.89E-18
 2.47E-16 2.01E-14 6.18E-13 6.93E-12 1.97E-11 2.56E-11
 1.00E-74 1.00E-74 1.00E-74 1.00E-74 1.00E-74 6.37E-34 3.66E-22 2.89E-18
 2.47E-16 2.01E-14 6.18E-13 6.93E-12 1.97E-11 2.56E-11
 1.00E-74 1.00E-74 1.00E-74 1.00E-74 1.00E-74 6.44E-34 3.68E-22 2.89E-18
 2.47E-16 2.00E-14 6.15E-13 6.89E-12 1.96E-11 2.55E-11
 1.00E-74 1.00E-74 1.00E-74 1.00E-74 1.00E-74 7.86E-34 4.14E-22 3.09E-18
 2.55E-16 1.99E-14 5.93E-13 6.53E-12 1.85E-11 2.42E-11
 1.00E-74 1.00E-74 1.00E-74 1.00E-74 1.00E-74 4.76E-33 1.80E-21 9.70E-18
 6.39E-16 3.79E-14 8.80E-13 7.86E-12 2.00E-11 2.52E-11
 1.00E-74 1.00E-74 1.00E-74 1.00E-74 1.00E-74 2.39E-32 6.44E-21 2.58E-17
 1.44E-15 7.21E-14 1.47E-12 1.20E-11 2.97E-11 3.75E-11
  311.651    7  14 /pl=01:ss= 1:pb= 1:sz= 1/type=excit/ispb = t/isel =   15
 1.00E+10 1.00E+11 1.00E+12 1.00E+13 1.00E+14 1.00E+15 1.00E+16
 6.89E-02 1.03E-01 1.72E-01 3.45E-01 6.89E-01 1.72E+00 3.45E+00 5.17E+00
 6.89E+00 1.03E+01 1.72E+01 3.45E+01 6.89E+01 1.03E+02
 1.00E-74 1.00E-74 1.00E-74 1.00E-74 1.00E-74 8.14E-33 2.07E-21 1.25E-17
 9.40E-16 6.74E-14 1.87E-12 1.94E-11 5.28E-11 6.84E-11
 1.00E-74 1.00E-74 1.00E-74 1.00E-74 1.00E-74 8.15E-33 2.07E-21 1.25E-17
 9.40E-16 6.74E-14 1.87E-12 1.94E-11 5.28E-11 6.84E-11
 1.00E-74 1.00E-74 1.00E-74 1.00E-74 1.00E-74 8.16E-33 2.07E-21 1.25E-17
 9.40E-16 6.74E-14 1.87E-12 1.94E-11 5.28E-11 6.83E-11
 1.00E-74 1.00E-74 1.00E-74 1.00E-74 1.00E-74 8.25E-33 2.08E-21 1.25E-17
 9.38E-16 6.71E-14 1.86E-12 1.93E-11 5.24E-11 6.79E-11
 1.00E-74 1.00E-74 1.00E-74 1.00E-74 1.00E-74 8.90E-33 2.11E-21 1.22E-17
 8.98E-16 6.26E-14 1.70E-12 1.75E-11 4.79E-11 6.24E-11
 1.00E-74 1.00E-74 1.00E-74 1.00E-74 1.00E-74 1.32E-32 2.14E-21 9.23E-18
 5.59E-16 3.15E-14 7.24E-13 6.82E-12 1.89E-11 2.56E-11
 1.00E-74 1.00E-74 1.00E-74 1.00E-74 1.00E-74 7.07E-32 7.10E-21 1.96E-17
 8.94E-16 3.62E-14 6.07E-13 4.20E-12 9.38E-12 1.14E-11
  315.034    7  14 /pl=01:ss= 1:pb= 1:sz= 1/type=excit/ispb = t/isel =   16
 1.00E+10 1.00E+11 1.00E+12 1.00E+13 1.00E+14 1.00E+15 1.00E+16
 6.89E-02 1.03E-01 1.72E-01 3.45E-01 6.89E-01 1.72E+00 3.45E+00 5.17E+00
 6.89E+00 1.03E+01 1.72E+01 3.45E+01 6.89E+01 1.03E+02
 1.00E-74 1.00E-74 1.00E-74 1.00E-74 1.00E-74 7.40E-29 8.90E-19 1.87E-15
 8.21E-14 3.42E-12 6.16E-11 4.63E-10 1.09E-09 1.34E-09
 1.00E-74 1.00E-74 1.00E-74 1.00E-74 1.00E-74 7.40E-29 8.90E-19 1.87E-15
 8.21E-14 3.42E-12 6.16E-11 4.63E-10 1.09E-09 1.34E-09
 1.00E-74 1.00E-74 1.00E-74 1.00E-74 1.00E-74 7.40E-29 8.90E-19 1.87E-15
 8.21E-14 3.42E-12 6.15E-11 4.63E-10 1.09E-09 1.34E-09
 1.00E-74 1.00E-74 1.00E-74 1.00E-74 1.00E-74 7.39E-29 8.85E-19 1.85E-15
 8.14E-14 3.38E-12 6.09E-11 4.58E-10 1.08E-09 1.33E-09
 1.00E-74 1.00E-74 1.00E-74 1.00E-74 1.00E-74 7.29E-29 8.44E-19 1.73E-15
 7.46E-14 3.05E-12 5.42E-11 4.08E-10 9.71E-10 1.21E-09
 1.00E-74 1.00E-74 1.00E-74 1.00E-74 1.00E-74 6.81E-29 6.07E-19 9.96E-16
 3.72E-14 1.30E-12 2.04E-11 1.46E-10 3.58E-10 4.65E-10
 1.00E-74 1.00E-74 1.00E-74 1.00E-74 1.00E-74 6.87E-29 3.83E-19 4.30E-16
 1.28E-14 3.50E-13 4.46E-12 2.65E-11 5.78E-11 7.14E-11
  808.076    7  14 /pl=01:ss= 1:pb= 1:sz= 1/type=excit/ispb = t/isel =   17
 1.00E+10 1.00E+11 1.00E+12 1.00E+13 1.00E+14 1.00E+15 1.00E+16
 6.89E-02 1.03E-01 1.72E-01 3.45E-01 6.89E-01 1.72E+00 3.45E+00 5.17E+00
 6.89E+00 1.03E+01 1.72E+01 3.45E+01 6.89E+01 1.03E+02
 1.00E-74 1.00E-74 1.00E-74 1.00E-74 1.50E-47 2.83E-26 3.29E-19 6.82E-17
 9.45E-16 1.24E-14 8.93E-14 3.44E-13 5.93E-13 6.70E-13
 1.00E-74 1.00E-74 1.00E-74 1.00E-74 1.05E-47 2.84E-26 3.29E-19 6.83E-17
 9.46E-16 1.24E-14 8.94E-14 3.45E-13 5.94E-13 6.71E-13
 1.00E-74 1.00E-74 1.00E-74 1.00E-74 1.14E-47 2.90E-26 3.35E-19 6.92E-17
 9.57E-16 1.25E-14 9.02E-14 3.47E-13 5.97E-13 6.74E-13
 1.00E-74 1.00E-74 1.00E-74 1.00E-74 1.60E-47 3.61E-26 3.91E-19 7.88E-17
 1.07E-15 1.38E-14 9.74E-14 3.69E-13 6.28E-13 7.06E-13
 1.00E-74 1.00E-74 1.00E-74 1.00E-74 1.14E-46 1.56E-25 1.21E-18 2.08E-16
 2.56E-15 2.92E-14 1.83E-13 6.18E-13 9.77E-13 1.07E-12
 1.00E-74 1.00E-74 1.00E-74 1.00E-74 2.47E-45 3.16E-24 1.73E-17 2.23E-15
 2.26E-14 2.07E-13 1.08E-12 3.25E-12 5.06E-12 5.63E-12
 1.00E-74 1.00E-74 1.00E-74 1.00E-74 9.41E-45 1.44E-23 5.77E-17 5.65E-15
 4.95E-14 3.97E-13 1.91E-12 5.68E-12 9.31E-12 1.09E-11
  847.612    7  14 /pl=01:ss= 1:pb= 1:sz= 1/type=excit/ispb = t/isel =   18
 1.00E+10 1.00E+11 1.00E+12 1.00E+13 1.00E+14 1.00E+15 1.00E+16
 6.89E-02 1.03E-01 1.72E-01 3.45E-01 6.89E-01 1.72E+00 3.45E+00 5.17E+00
 6.89E+00 1.03E+01 1.72E+01 3.45E+01 6.89E+01 1.03E+02
 1.00E-74 1.00E-74 1.00E-74 1.00E-74 1.51E-45 2.10E-24 1.98E-17 3.84E-15
 5.15E-14 6.52E-13 4.56E-12 1.72E-11 2.95E-11 3.32E-11
 1.00E-74 1.00E-74 1.00E-74 1.00E-74 1.51E-45 2.10E-24 1.98E-17 3.84E-15
 5.14E-14 6.51E-13 4.55E-12 1.72E-11 2.95E-11 3.32E-11
 1.00E-74 1.00E-74 1.00E-74 1.00E-74 1.51E-45 2.09E-24 1.97E-17 3.82E-15
 5.12E-14 6.48E-13 4.53E-12 1.72E-11 2.94E-11 3.31E-11
 1.00E-74 1.00E-74 1.00E-74 1.00E-74 1.55E-45 2.07E-24 1.91E-17 3.69E-15
 4.92E-14 6.23E-13 4.36E-12 1.66E-11 2.85E-11 3.23E-11
 1.00E-74 1.00E-74 1.00E-74 1.00E-74 2.29E-45 2.39E-24 1.91E-17 3.46E-15
 4.44E-14 5.40E-13 3.68E-12 1.39E-11 2.42E-11 2.77E-11
 1.00E-74 1.00E-74 1.00E-74 1.00E-74 1.53E-44 1.07E-23 4.87E-17 6.01E-15
 6.04E-14 5.56E-13 3.01E-12 9.81E-12 1.66E-11 1.92E-11
 1.00E-74 1.00E-74 1.00E-74 1.00E-74 4.27E-44 3.53E-23 1.13E-16 1.03E-14
 8.64E-14 6.66E-13 3.14E-12 9.24E-12 1.52E-11 1.78E-11
  933.293    7  14 /pl=01:ss= 1:pb= 1:sz= 1/type=excit/ispb = t/isel =   19
 1.00E+10 1.00E+11 1.00E+12 1.00E+13 1.00E+14 1.00E+15 1.00E+16
 6.89E-02 1.03E-01 1.72E-01 3.45E-01 6.89E-01 1.72E+00 3.45E+00 5.17E+00
 6.89E+00 1.03E+01 1.72E+01 3.45E+01 6.89E+01 1.03E+02
 1.00E-74 1.00E-74 1.00E-74 1.00E-74 7.95E-46 3.41E-25 2.18E-18 3.71E-16
 4.66E-15 5.53E-14 3.68E-13 1.34E-12 2.26E-12 2.53E-12
 1.00E-74 1.00E-74 1.00E-74 1.00E-74 7.98E-46 3.43E-25 2.19E-18 3.73E-16
 4.68E-15 5.55E-14 3.69E-13 1.34E-12 2.26E-12 2.53E-12
 1.00E-74 1.00E-74 1.00E-74 1.00E-74 8.83E-46 3.68E-25 2.32E-18 3.93E-16
 4.90E-15 5.80E-14 3.84E-13 1.39E-12 2.33E-12 2.60E-12
 1.00E-74 1.00E-74 1.00E-74 1.00E-74 1.79E-45 6.26E-25 3.59E-18 5.86E-16
 7.14E-15 8.20E-14 5.27E-13 1.84E-12 2.99E-12 3.28E-12
 1.00E-74 1.00E-74 1.00E-74 1.00E-74 1.44E-44 3.64E-24 1.67E-17 2.45E-15
 2.79E-14 2.98E-13 1.78E-12 5.82E-12 8.93E-12 9.47E-12
 1.00E-74 1.00E-74 1.00E-74 1.00E-74 1.68E-43 3.60E-23 1.09E-16 1.17E-14
 1.09E-13 9.29E-13 4.71E-12 1.44E-11 2.33E-11 2.64E-11
 1.00E-74 1.00E-74 1.00E-74 1.00E-74 4.13E-43 1.07E-22 2.31E-16 1.83E-14
 1.44E-13 1.04E-12 4.64E-12 1.31E-11 2.11E-11 2.45E-11
  995.485    7  14 /pl=01:ss= 1:pb= 1:sz= 1/type=excit/ispb = t/isel =   20
 1.00E+10 1.00E+11 1.00E+12 1.00E+13 1.00E+14 1.00E+15 1.00E+16
 6.89E-02 1.03E-01 1.72E-01 3.45E-01 6.89E-01 1.72E+00 3.45E+00 5.17E+00
 6.89E+00 1.03E+01 1.72E+01 3.45E+01 6.89E+01 1.03E+02
 1.00E-74 1.00E-74 2.24E-41 7.27E-25 9.93E-17 4.68E-12 1.28E-10 3.62E-10
 5.96E-10 9.46E-10 1.34E-09 1.73E-09 1.91E-09 1.96E-09
 1.00E-74 1.00E-74 2.03E-41 6.62E-25 9.13E-17 4.36E-12 1.21E-10 3.43E-10
 5.68E-10 9.06E-10 1.30E-09 1.68E-09 1.87E-09 1.92E-09
 1.00E-74 1.00E-74 1.76E-41 5.53E-25 7.49E-17 3.55E-12 9.88E-11 2.82E-10
 4.68E-10 7.52E-10 1.09E-09 1.43E-09 1.62E-09 1.68E-09
 1.00E-74 1.00E-74 2.64E-41 7.49E-25 9.33E-17 4.16E-12 1.12E-10 3.10E-10
 5.03E-10 7.83E-10 1.08E-09 1.34E-09 1.44E-09 1.46E-09
 1.00E-74 1.00E-74 1.14E-40 2.93E-24 3.17E-16 1.25E-11 3.13E-10 8.24E-10
 1.28E-09 1.89E-09 2.41E-09 2.63E-09 2.48E-09 2.30E-09
 1.00E-74 1.00E-74 1.47E-40 5.41E-24 7.98E-16 4.04E-11 9.14E-10 2.06E-09
 2.87E-09 3.78E-09 4.47E-09 4.78E-09 4.65E-09 4.44E-09
 1.00E-74 1.00E-74 2.54E-41 1.12E-24 2.09E-16 1.45E-11 2.89E-10 5.32E-10
 6.61E-10 7.83E-10 8.71E-10 9.26E-10 9.46E-10 9.48E-10
  1028.40    7  14 /pl=01:ss= 1:pb= 1:sz= 1/type=excit/ispb = t/isel =   21
 1.00E+10 1.00E+11 1.00E+12 1.00E+13 1.00E+14 1.00E+15 1.00E+16
 6.89E-02 1.03E-01 1.72E-01 3.45E-01 6.89E-01 1.72E+00 3.45E+00 5.17E+00
 6.89E+00 1.03E+01 1.72E+01 3.45E+01 6.89E+01 1.03E+02
 1.00E-74 1.00E-74 1.00E-74 1.00E-74 1.21E-44 1.81E-24 8.10E-18 1.23E-15
 1.45E-14 1.63E-13 1.03E-12 3.66E-12 6.03E-12 6.65E-12
 1.00E-74 1.00E-74 1.00E-74 1.00E-74 1.22E-44 1.81E-24 8.10E-18 1.23E-15
 1.45E-14 1.63E-13 1.03E-12 3.66E-12 6.03E-12 6.65E-12
 1.00E-74 1.00E-74 1.00E-74 1.00E-74 1.23E-44 1.83E-24 8.16E-18 1.23E-15
 1.46E-14 1.63E-13 1.04E-12 3.67E-12 6.04E-12 6.67E-12
 1.00E-74 1.00E-74 1.00E-74 1.00E-74 1.39E-44 1.98E-24 8.66E-18 1.30E-15
 1.52E-14 1.70E-13 1.07E-12 3.77E-12 6.18E-12 6.81E-12
 1.00E-74 1.00E-74 1.00E-74 1.00E-74 3.22E-44 3.50E-24 1.30E-17 1.81E-15
 2.03E-14 2.14E-13 1.29E-12 4.38E-12 7.07E-12 7.75E-12
 1.00E-74 1.00E-74 1.00E-74 1.00E-74 1.85E-43 1.45E-23 3.22E-17 3.15E-15
 2.82E-14 2.33E-13 1.16E-12 3.60E-12 5.96E-12 6.85E-12
 1.00E-74 1.00E-74 1.00E-74 1.00E-74 3.42E-43 3.09E-23 4.66E-17 3.26E-15
 2.41E-14 1.64E-13 6.97E-13 1.92E-12 3.06E-12 3.54E-12
  1054.95    7  14 /pl=01:ss= 1:pb= 1:sz= 1/type=excit/ispb = t/isel =   22
 1.00E+10 1.00E+11 1.00E+12 1.00E+13 1.00E+14 1.00E+15 1.00E+16
 6.89E-02 1.03E-01 1.72E-01 3.45E-01 6.89E-01 1.72E+00 3.45E+00 5.17E+00
 6.89E+00 1.03E+01 1.72E+01 3.45E+01 6.89E+01 1.03E+02
 1.00E-74 1.00E-74 1.97E-39 8.28E-24 4.11E-16 1.05E-11 2.36E-10 6.27E-10
 9.90E-10 1.53E-09 2.13E-09 2.67E-09 2.94E-09 2.98E-09
 1.00E-74 1.00E-74 1.98E-39 8.32E-24 4.15E-16 1.07E-11 2.39E-10 6.34E-10
 1.00E-09 1.55E-09 2.15E-09 2.69E-09 2.95E-09 3.00E-09
 1.00E-74 1.00E-74 2.05E-39 8.58E-24 4.28E-16 1.11E-11 2.51E-10 6.65E-10
 1.05E-09 1.62E-09 2.23E-09 2.78E-09 3.03E-09 3.06E-09
 1.00E-74 1.00E-74 2.88E-39 1.10E-23 5.09E-16 1.29E-11 2.91E-10 7.66E-10
 1.20E-09 1.83E-09 2.47E-09 2.97E-09 3.14E-09 3.13E-09
 1.00E-74 1.00E-74 1.04E-38 3.55E-23 1.40E-15 3.05E-11 6.32E-10 1.57E-09
 2.37E-09 3.41E-09 4.28E-09 4.65E-09 4.39E-09 4.10E-09
 1.00E-74 1.00E-74 1.30E-38 6.24E-23 3.33E-15 9.16E-11 1.69E-09 3.57E-09
 4.82E-09 6.14E-09 7.07E-09 7.44E-09 7.19E-09 6.87E-09
 1.00E-74 1.00E-74 2.23E-39 1.29E-23 8.67E-16 3.27E-11 5.31E-10 9.12E-10
 1.10E-09 1.26E-09 1.36E-09 1.42E-09 1.43E-09 1.43E-09
  1186.70    7  14 /pl=01:ss= 1:pb= 1:sz= 1/type=excit/ispb = t/isel =   23
 1.00E+10 1.00E+11 1.00E+12 1.00E+13 1.00E+14 1.00E+15 1.00E+16
 6.89E-02 1.03E-01 1.72E-01 3.45E-01 6.89E-01 1.72E+00 3.45E+00 5.17E+00
 6.89E+00 1.03E+01 1.72E+01 3.45E+01 6.89E+01 1.03E+02
 1.00E-74 1.00E-74 5.24E-36 4.99E-22 3.74E-15 3.09E-11 4.82E-10 1.13E-09
 1.69E-09 2.48E-09 3.32E-09 4.08E-09 4.46E-09 4.51E-09
 1.00E-74 1.00E-74 5.27E-36 5.01E-22 3.76E-15 3.11E-11 4.86E-10 1.14E-09
 1.71E-09 2.51E-09 3.34E-09 4.11E-09 4.48E-09 4.53E-09
 1.00E-74 1.00E-74 5.62E-36 5.26E-22 3.90E-15 3.25E-11 5.10E-10 1.20E-09
 1.79E-09 2.63E-09 3.49E-09 4.26E-09 4.61E-09 4.65E-09
 1.00E-74 1.00E-74 8.56E-36 7.35E-22 5.10E-15 4.14E-11 6.44E-10 1.49E-09
 2.21E-09 3.17E-09 4.09E-09 4.80E-09 5.03E-09 4.99E-09
 1.00E-74 1.00E-74 3.01E-35 2.39E-21 1.48E-14 1.08E-10 1.56E-09 3.44E-09
 4.90E-09 6.66E-09 8.00E-09 8.40E-09 7.81E-09 7.24E-09
 1.00E-74 1.00E-74 3.46E-35 3.80E-21 3.09E-14 2.77E-10 3.54E-09 6.62E-09
 8.43E-09 1.01E-08 1.12E-08 1.15E-08 1.11E-08 1.06E-08
 1.00E-74 1.00E-74 5.90E-36 7.72E-22 7.84E-15 9.52E-11 1.06E-09 1.61E-09
 1.81E-09 1.95E-09 2.01E-09 2.02E-09 2.01E-09 2.00E-09
  1219.74    7  14 /pl=01:ss= 1:pb= 1:sz= 1/type=excit/ispb = t/isel =   24
 1.00E+10 1.00E+11 1.00E+12 1.00E+13 1.00E+14 1.00E+15 1.00E+16
 6.89E-02 1.03E-01 1.72E-01 3.45E-01 6.89E-01 1.72E+00 3.45E+00 5.17E+00
 6.89E+00 1.03E+01 1.72E+01 3.45E+01 6.89E+01 1.03E+02
 1.00E-74 1.00E-74 1.39E-33 6.02E-21 9.72E-15 3.79E-11 4.99E-10 1.10E-09
 1.57E-09 2.14E-09 2.58E-09 2.67E-09 2.42E-09 2.21E-09
 1.00E-74 1.00E-74 1.38E-33 5.99E-21 9.68E-15 3.77E-11 4.98E-10 1.09E-09
 1.56E-09 2.14E-09 2.57E-09 2.67E-09 2.42E-09 2.21E-09
 1.00E-74 1.00E-74 1.30E-33 5.70E-21 9.30E-15 3.65E-11 4.84E-10 1.06E-09
 1.52E-09 2.09E-09 2.52E-09 2.62E-09 2.39E-09 2.18E-09
 1.00E-74 1.18E-50 9.80E-34 4.40E-21 7.34E-15 2.94E-11 3.94E-10 8.74E-10
 1.26E-09 1.74E-09 2.13E-09 2.27E-09 2.11E-09 1.95E-09
 1.00E-74 1.57E-50 1.36E-33 5.33E-21 7.66E-15 2.56E-11 3.03E-10 6.34E-10
 8.89E-10 1.19E-09 1.43E-09 1.52E-09 1.44E-09 1.34E-09
 1.00E-74 1.11E-50 1.17E-33 5.92E-21 1.04E-14 3.78E-11 3.63E-10 6.20E-10
 7.55E-10 8.72E-10 9.38E-10 9.53E-10 9.26E-10 8.97E-10
 1.00E-74 1.64E-51 1.91E-34 1.14E-21 2.46E-15 1.18E-11 9.69E-11 1.33E-10
 1.42E-10 1.46E-10 1.44E-10 1.41E-10 1.39E-10 1.37E-10
  1294.78    7  14 /pl=01:ss= 1:pb= 1:sz= 1/type=excit/ispb = t/isel =   25
 1.00E+10 1.00E+11 1.00E+12 1.00E+13 1.00E+14 1.00E+15 1.00E+16
 6.89E-02 1.03E-01 1.72E-01 3.45E-01 6.89E-01 1.72E+00 3.45E+00 5.17E+00
 6.89E+00 1.03E+01 1.72E+01 3.45E+01 6.89E+01 1.03E+02
 1.00E-74 1.00E-74 3.87E-36 3.03E-24 2.09E-18 4.71E-15 5.07E-14 1.04E-13
 1.44E-13 1.91E-13 2.23E-13 2.25E-13 2.00E-13 1.79E-13
 1.00E-74 4.44E-52 3.88E-36 3.04E-24 2.09E-18 4.72E-15 5.08E-14 1.04E-13
 1.44E-13 1.91E-13 2.23E-13 2.26E-13 2.00E-13 1.80E-13
 1.00E-74 4.35E-52 4.02E-36 3.13E-24 2.15E-18 4.82E-15 5.18E-14 1.06E-13
 1.47E-13 1.94E-13 2.27E-13 2.29E-13 2.03E-13 1.83E-13
 1.00E-74 6.02E-52 5.30E-36 3.91E-24 2.59E-18 5.67E-15 6.00E-14 1.22E-13
 1.68E-13 2.21E-13 2.56E-13 2.57E-13 2.27E-13 2.03E-13
 1.00E-74 1.55E-51 1.33E-35 9.18E-24 5.51E-18 1.06E-14 1.02E-13 1.98E-13
 2.66E-13 3.41E-13 3.91E-13 3.94E-13 3.52E-13 3.18E-13
 1.00E-74 1.21E-51 1.31E-35 1.19E-23 8.93E-18 1.95E-14 1.58E-13 2.55E-13
 3.02E-13 3.39E-13 3.56E-13 3.56E-13 3.43E-13 3.31E-13
 1.00E-74 1.83E-52 2.19E-36 2.35E-24 2.17E-18 6.24E-15 4.31E-14 5.57E-14
 5.82E-14 5.79E-14 5.60E-14 5.39E-14 5.25E-14 5.20E-14
  1321.64    7  14 /pl=01:ss= 1:pb= 1:sz= 1/type=excit/ispb = t/isel =   26
 1.00E+10 1.00E+11 1.00E+12 1.00E+13 1.00E+14 1.00E+15 1.00E+16
 6.89E-02 1.03E-01 1.72E-01 3.45E-01 6.89E-01 1.72E+00 3.45E+00 5.17E+00
 6.89E+00 1.03E+01 1.72E+01 3.45E+01 6.89E+01 1.03E+02
 1.00E-74 1.00E-74 2.22E-33 9.58E-21 1.55E-14 6.02E-11 7.94E-10 1.74E-09
 2.49E-09 3.41E-09 4.10E-09 4.25E-09 3.86E-09 3.52E-09
 1.00E-74 1.00E-74 2.20E-33 9.53E-21 1.54E-14 6.00E-11 7.92E-10 1.74E-09
 2.49E-09 3.40E-09 4.09E-09 4.24E-09 3.85E-09 3.51E-09
 1.00E-74 1.00E-74 2.06E-33 9.07E-21 1.48E-14 5.81E-11 7.69E-10 1.69E-09
 2.43E-09 3.32E-09 4.00E-09 4.17E-09 3.80E-09 3.47E-09
 1.00E-74 1.88E-50 1.56E-33 7.00E-21 1.17E-14 4.68E-11 6.27E-10 1.39E-09
 2.01E-09 2.77E-09 3.39E-09 3.60E-09 3.36E-09 3.10E-09
 1.00E-74 2.50E-50 2.17E-33 8.47E-21 1.22E-14 4.06E-11 4.81E-10 1.01E-09
 1.41E-09 1.90E-09 2.28E-09 2.42E-09 2.29E-09 2.14E-09
 1.00E-74 1.76E-50 1.86E-33 9.41E-21 1.65E-14 6.02E-11 5.78E-10 9.86E-10
 1.20E-09 1.39E-09 1.49E-09 1.52E-09 1.47E-09 1.43E-09
 1.00E-74 2.60E-51 3.04E-34 1.81E-21 3.91E-15 1.88E-11 1.54E-10 2.11E-10
 2.26E-10 2.32E-10 2.29E-10 2.24E-10 2.20E-10 2.19E-10
  1553.74    7  14 /pl=01:ss= 1:pb= 1:sz= 1/type=excit/ispb = t/isel =   27
 1.00E+10 1.00E+11 1.00E+12 1.00E+13 1.00E+14 1.00E+15 1.00E+16
 6.89E-02 1.03E-01 1.72E-01 3.45E-01 6.89E-01 1.72E+00 3.45E+00 5.17E+00
 6.89E+00 1.03E+01 1.72E+01 3.45E+01 6.89E+01 1.03E+02
 1.00E-74 1.00E-74 1.00E-74 1.00E-74 2.65E-45 1.90E-24 1.44E-17 2.59E-15
 3.34E-14 4.09E-13 2.80E-12 1.06E-11 1.82E-11 2.08E-11
 1.00E-74 1.00E-74 1.00E-74 1.00E-74 2.65E-45 1.90E-24 1.44E-17 2.59E-15
 3.34E-14 4.09E-13 2.80E-12 1.06E-11 1.83E-11 2.08E-11
 1.00E-74 1.00E-74 1.00E-74 1.00E-74 2.66E-45 1.91E-24 1.44E-17 2.60E-15
 3.35E-14 4.09E-13 2.80E-12 1.06E-11 1.83E-11 2.08E-11
 1.00E-74 1.00E-74 1.00E-74 1.00E-74 2.80E-45 1.96E-24 1.47E-17 2.63E-15
 3.38E-14 4.13E-13 2.82E-12 1.06E-11 1.83E-11 2.08E-11
 1.00E-74 1.00E-74 1.00E-74 1.00E-74 4.89E-45 2.72E-24 1.78E-17 3.01E-15
 3.73E-14 4.37E-13 2.89E-12 1.07E-11 1.84E-11 2.09E-11
 1.00E-74 1.00E-74 1.00E-74 1.00E-74 4.32E-44 1.58E-23 5.85E-17 6.73E-15
 6.53E-14 5.81E-13 3.05E-12 9.73E-12 1.63E-11 1.87E-11
 1.00E-74 1.00E-74 1.00E-74 1.00E-74 1.25E-43 5.31E-23 1.37E-16 1.15E-14
 9.35E-14 6.95E-13 3.18E-12 9.18E-12 1.50E-11 1.74E-11
  1554.27    7  14 /pl=01:ss= 1:pb= 1:sz= 1/type=excit/ispb = t/isel =   28
 1.00E+10 1.00E+11 1.00E+12 1.00E+13 1.00E+14 1.00E+15 1.00E+16
 6.89E-02 1.03E-01 1.72E-01 3.45E-01 6.89E-01 1.72E+00 3.45E+00 5.17E+00
 6.89E+00 1.03E+01 1.72E+01 3.45E+01 6.89E+01 1.03E+02
 1.00E-74 1.00E-74 1.00E-74 1.00E-74 1.00E-74 1.90E-36 1.09E-24 8.62E-21
 7.39E-19 5.99E-17 1.85E-15 2.07E-14 5.87E-14 7.65E-14
 1.00E-74 1.00E-74 1.00E-74 1.00E-74 1.00E-74 1.90E-36 1.09E-24 8.62E-21
 7.39E-19 5.99E-17 1.85E-15 2.07E-14 5.87E-14 7.65E-14
 1.00E-74 1.00E-74 1.00E-74 1.00E-74 1.00E-74 1.90E-36 1.09E-24 8.62E-21
 7.39E-19 5.99E-17 1.84E-15 2.07E-14 5.87E-14 7.65E-14
 1.00E-74 1.00E-74 1.00E-74 1.00E-74 1.00E-74 1.92E-36 1.10E-24 8.64E-21
 7.38E-19 5.97E-17 1.84E-15 2.06E-14 5.84E-14 7.61E-14
 1.00E-74 1.00E-74 1.00E-74 1.00E-74 1.00E-74 2.35E-36 1.24E-24 9.22E-21
 7.62E-19 5.94E-17 1.77E-15 1.95E-14 5.52E-14 7.22E-14
 1.00E-74 1.00E-74 1.00E-74 1.00E-74 1.00E-74 1.42E-35 5.37E-24 2.90E-20
 1.91E-18 1.13E-16 2.63E-15 2.35E-14 5.96E-14 7.51E-14
 1.00E-74 1.00E-74 1.00E-74 1.00E-74 1.00E-74 7.14E-35 1.92E-23 7.71E-20
 4.29E-18 2.15E-16 4.38E-15 3.59E-14 8.88E-14 1.12E-13
  1791.72    7  14 /pl=01:ss= 1:pb= 1:sz= 1/type=excit/ispb = t/isel =   29
 1.00E+10 1.00E+11 1.00E+12 1.00E+13 1.00E+14 1.00E+15 1.00E+16
 6.89E-02 1.03E-01 1.72E-01 3.45E-01 6.89E-01 1.72E+00 3.45E+00 5.17E+00
 6.89E+00 1.03E+01 1.72E+01 3.45E+01 6.89E+01 1.03E+02
 1.00E-74 1.00E-74 1.32E-37 7.30E-23 1.34E-15 2.11E-11 4.28E-10 1.08E-09
 1.65E-09 2.41E-09 3.08E-09 3.36E-09 3.14E-09 2.90E-09
 1.00E-74 1.00E-74 1.33E-37 7.33E-23 1.34E-15 2.11E-11 4.29E-10 1.08E-09
 1.66E-09 2.41E-09 3.08E-09 3.36E-09 3.15E-09 2.90E-09
 1.00E-74 1.00E-74 1.40E-37 7.59E-23 1.37E-15 2.15E-11 4.34E-10 1.09E-09
 1.68E-09 2.44E-09 3.12E-09 3.41E-09 3.19E-09 2.94E-09
 1.00E-74 1.00E-74 1.92E-37 9.63E-23 1.63E-15 2.39E-11 4.70E-10 1.17E-09
 1.80E-09 2.62E-09 3.35E-09 3.70E-09 3.50E-09 3.25E-09
 1.00E-74 1.00E-74 6.00E-37 2.69E-22 3.90E-15 4.73E-11 8.15E-10 1.91E-09
 2.81E-09 3.94E-09 4.86E-09 5.21E-09 4.86E-09 4.50E-09
 1.00E-74 1.00E-74 7.08E-37 4.44E-22 8.57E-15 1.28E-10 1.94E-09 3.83E-09
 5.00E-09 6.17E-09 6.94E-09 7.20E-09 6.93E-09 6.62E-09
 1.00E-74 1.00E-74 1.21E-37 9.09E-23 2.21E-15 4.52E-11 5.98E-10 9.60E-10
 1.12E-09 1.24E-09 1.30E-09 1.33E-09 1.33E-09 1.33E-09
  1958.87    7  14 /pl=01:ss= 1:pb= 1:sz= 1/type=excit/ispb = t/isel =   30
 1.00E+10 1.00E+11 1.00E+12 1.00E+13 1.00E+14 1.00E+15 1.00E+16
 6.89E-02 1.03E-01 1.72E-01 3.45E-01 6.89E-01 1.72E+00 3.45E+00 5.17E+00
 6.89E+00 1.03E+01 1.72E+01 3.45E+01 6.89E+01 1.03E+02
 1.00E-74 1.00E-74 1.00E-74 1.00E-74 1.00E-74 5.23E-33 1.65E-22 4.80E-19
 2.52E-17 1.27E-15 2.70E-14 2.32E-13 5.84E-13 7.37E-13
 1.00E-74 1.00E-74 1.00E-74 1.00E-74 1.00E-74 5.24E-33 1.65E-22 4.81E-19
 2.52E-17 1.27E-15 2.70E-14 2.32E-13 5.84E-13 7.37E-13
 1.00E-74 1.00E-74 1.00E-74 1.00E-74 1.00E-74 5.24E-33 1.65E-22 4.80E-19
 2.52E-17 1.27E-15 2.69E-14 2.32E-13 5.84E-13 7.36E-13
 1.00E-74 1.00E-74 1.00E-74 1.00E-74 1.00E-74 5.24E-33 1.65E-22 4.78E-19
 2.50E-17 1.26E-15 2.67E-14 2.29E-13 5.78E-13 7.30E-13
 1.00E-74 1.00E-74 1.00E-74 1.00E-74 1.00E-74 5.27E-33 1.62E-22 4.59E-19
 2.35E-17 1.15E-15 2.40E-14 2.04E-13 5.19E-13 6.60E-13
 1.00E-74 1.00E-74 1.00E-74 1.00E-74 1.00E-74 5.61E-33 1.41E-22 3.18E-19
 1.38E-17 5.57E-16 9.82E-15 7.65E-14 1.97E-13 2.60E-13
 1.00E-74 1.00E-74 1.00E-74 1.00E-74 1.00E-74 8.29E-33 1.50E-22 2.31E-19
 7.83E-18 2.40E-16 3.27E-15 2.01E-14 4.41E-14 5.46E-14
  1962.25    7  14 /pl=01:ss= 1:pb= 1:sz= 1/type=excit/ispb = t/isel =   31
 1.00E+10 1.00E+11 1.00E+12 1.00E+13 1.00E+14 1.00E+15 1.00E+16
 6.89E-02 1.03E-01 1.72E-01 3.45E-01 6.89E-01 1.72E+00 3.45E+00 5.17E+00
 6.89E+00 1.03E+01 1.72E+01 3.45E+01 6.89E+01 1.03E+02
 1.00E-74 1.00E-74 1.14E-40 1.09E-26 8.13E-20 6.72E-16 1.05E-14 2.46E-14
 3.68E-14 5.40E-14 7.22E-14 8.88E-14 9.70E-14 9.81E-14
 1.00E-74 1.00E-74 1.15E-40 1.09E-26 8.17E-20 6.77E-16 1.06E-14 2.48E-14
 3.72E-14 5.45E-14 7.27E-14 8.94E-14 9.75E-14 9.85E-14
 1.00E-74 1.00E-74 1.22E-40 1.14E-26 8.48E-20 7.07E-16 1.11E-14 2.61E-14
 3.91E-14 5.71E-14 7.59E-14 9.27E-14 1.00E-13 1.01E-13
 1.00E-74 1.00E-74 1.86E-40 1.60E-26 1.11E-19 9.00E-16 1.40E-14 3.25E-14
 4.81E-14 6.89E-14 8.90E-14 1.04E-13 1.09E-13 1.09E-13
 1.00E-74 1.00E-74 6.55E-40 5.20E-26 3.21E-19 2.34E-15 3.39E-14 7.47E-14
 1.07E-13 1.45E-13 1.74E-13 1.83E-13 1.70E-13 1.58E-13
 1.00E-74 1.00E-74 7.52E-40 8.28E-26 6.72E-19 6.03E-15 7.71E-14 1.44E-13
 1.83E-13 2.20E-13 2.43E-13 2.50E-13 2.41E-13 2.31E-13
 1.00E-74 1.00E-74 1.28E-40 1.68E-26 1.71E-19 2.07E-15 2.31E-14 3.49E-14
 3.94E-14 4.24E-14 4.37E-14 4.39E-14 4.37E-14 4.35E-14
  2107.46    7  14 /pl=01:ss= 1:pb= 1:sz= 1/type=excit/ispb = t/isel =   32
 1.00E+10 1.00E+11 1.00E+12 1.00E+13 1.00E+14 1.00E+15 1.00E+16
 6.89E-02 1.03E-01 1.72E-01 3.45E-01 6.89E-01 1.72E+00 3.45E+00 5.17E+00
 6.89E+00 1.03E+01 1.72E+01 3.45E+01 6.89E+01 1.03E+02
 1.00E-74 1.00E-74 1.00E-74 1.00E-74 3.12E-38 2.18E-20 1.73E-14 1.51E-12
 1.37E-11 1.20E-10 6.30E-10 1.97E-09 3.11E-09 3.41E-09
 1.00E-74 1.00E-74 1.00E-74 1.00E-74 3.12E-38 2.18E-20 1.72E-14 1.51E-12
 1.37E-11 1.20E-10 6.30E-10 1.97E-09 3.11E-09 3.41E-09
 1.00E-74 1.00E-74 1.00E-74 1.00E-74 3.12E-38 2.18E-20 1.72E-14 1.51E-12
 1.37E-11 1.20E-10 6.29E-10 1.97E-09 3.11E-09 3.41E-09
 1.00E-74 1.00E-74 1.00E-74 1.00E-74 3.10E-38 2.17E-20 1.70E-14 1.49E-12
 1.34E-11 1.17E-10 6.15E-10 1.93E-09 3.05E-09 3.35E-09
 1.00E-74 1.00E-74 1.00E-74 1.00E-74 2.92E-38 2.03E-20 1.51E-14 1.27E-12
 1.11E-11 9.41E-11 4.85E-10 1.52E-09 2.46E-09 2.74E-09
 1.00E-74 1.00E-74 1.00E-74 1.00E-74 1.98E-38 1.33E-20 6.74E-15 4.08E-13
 2.90E-12 1.94E-11 8.38E-11 2.45E-10 4.17E-10 5.01E-10
 1.00E-74 1.00E-74 1.00E-74 1.00E-74 9.56E-39 5.68E-21 1.66E-15 6.49E-14
 3.58E-13 1.82E-12 6.18E-12 1.46E-11 2.21E-11 2.53E-11
  2233.50    7  14 /pl=01:ss= 1:pb= 1:sz= 1/type=excit/ispb = t/isel =   33
 1.00E+10 1.00E+11 1.00E+12 1.00E+13 1.00E+14 1.00E+15 1.00E+16
 6.89E-02 1.03E-01 1.72E-01 3.45E-01 6.89E-01 1.72E+00 3.45E+00 5.17E+00
 6.89E+00 1.03E+01 1.72E+01 3.45E+01 6.89E+01 1.03E+02
 1.00E-74 1.00E-74 1.00E-74 1.00E-74 3.81E-42 3.28E-22 1.22E-15 1.75E-13
 2.00E-12 2.18E-11 1.37E-10 4.79E-10 8.05E-10 9.10E-10
 1.00E-74 1.00E-74 1.00E-74 1.00E-74 3.81E-42 3.28E-22 1.22E-15 1.75E-13
 2.00E-12 2.18E-11 1.37E-10 4.79E-10 8.05E-10 9.10E-10
 1.00E-74 1.00E-74 1.00E-74 1.00E-74 3.83E-42 3.28E-22 1.22E-15 1.75E-13
 2.00E-12 2.18E-11 1.36E-10 4.79E-10 8.05E-10 9.10E-10
 1.00E-74 1.00E-74 1.00E-74 1.00E-74 4.03E-42 3.35E-22 1.23E-15 1.75E-13
 2.00E-12 2.17E-11 1.36E-10 4.76E-10 8.03E-10 9.09E-10
 1.00E-74 1.00E-74 1.00E-74 1.00E-74 5.61E-42 3.84E-22 1.25E-15 1.69E-13
 1.87E-12 1.98E-11 1.22E-10 4.34E-10 7.46E-10 8.55E-10
 1.00E-74 1.00E-74 1.00E-74 1.00E-74 1.14E-41 5.54E-22 1.07E-15 1.00E-13
 8.91E-13 7.40E-12 3.81E-11 1.26E-10 2.27E-10 2.77E-10
 1.00E-74 1.00E-74 1.00E-74 1.00E-74 1.54E-41 8.18E-22 1.02E-15 6.70E-14
 4.81E-13 3.16E-12 1.31E-11 3.55E-11 5.63E-11 6.51E-11
  2241.19    7  14 /pl=01:ss= 1:pb= 1:sz= 1/type=excit/ispb = t/isel =   34
 1.00E+10 1.00E+11 1.00E+12 1.00E+13 1.00E+14 1.00E+15 1.00E+16
 6.89E-02 1.03E-01 1.72E-01 3.45E-01 6.89E-01 1.72E+00 3.45E+00 5.17E+00
 6.89E+00 1.03E+01 1.72E+01 3.45E+01 6.89E+01 1.03E+02
 1.00E-74 1.00E-74 1.00E-74 1.00E-74 1.00E-74 7.84E-35 1.99E-23 1.20E-19
 9.05E-18 6.49E-16 1.80E-14 1.87E-13 5.08E-13 6.58E-13
 1.00E-74 1.00E-74 1.00E-74 1.00E-74 1.00E-74 7.85E-35 1.99E-23 1.20E-19
 9.05E-18 6.49E-16 1.80E-14 1.87E-13 5.08E-13 6.58E-13
 1.00E-74 1.00E-74 1.00E-74 1.00E-74 1.00E-74 7.86E-35 2.00E-23 1.20E-19
 9.05E-18 6.49E-16 1.80E-14 1.87E-13 5.08E-13 6.58E-13
 1.00E-74 1.00E-74 1.00E-74 1.00E-74 1.00E-74 7.94E-35 2.00E-23 1.20E-19
 9.03E-18 6.46E-16 1.79E-14 1.86E-13 5.05E-13 6.54E-13
 1.00E-74 1.00E-74 1.00E-74 1.00E-74 1.00E-74 8.58E-35 2.03E-23 1.18E-19
 8.65E-18 6.03E-16 1.64E-14 1.69E-13 4.61E-13 6.01E-13
 1.00E-74 1.00E-74 1.00E-74 1.00E-74 1.00E-74 1.27E-34 2.06E-23 8.89E-20
 5.39E-18 3.04E-16 6.97E-15 6.57E-14 1.82E-13 2.46E-13
 1.00E-74 1.00E-74 1.00E-74 1.00E-74 1.00E-74 6.81E-34 6.83E-23 1.89E-19
 8.61E-18 3.48E-16 5.85E-15 4.05E-14 9.03E-14 1.10E-13
  2360.80    7  14 /pl=01:ss= 1:pb= 1:sz= 1/type=excit/ispb = t/isel =   35
 1.00E+10 1.00E+11 1.00E+12 1.00E+13 1.00E+14 1.00E+15 1.00E+16
 6.89E-02 1.03E-01 1.72E-01 3.45E-01 6.89E-01 1.72E+00 3.45E+00 5.17E+00
 6.89E+00 1.03E+01 1.72E+01 3.45E+01 6.89E+01 1.03E+02
 1.00E-74 1.00E-74 4.23E-38 1.83E-25 2.95E-19 1.15E-15 1.51E-14 3.32E-14
 4.75E-14 6.50E-14 7.81E-14 8.10E-14 7.35E-14 6.70E-14
 1.00E-74 1.00E-74 4.20E-38 1.82E-25 2.93E-19 1.14E-15 1.51E-14 3.31E-14
 4.74E-14 6.48E-14 7.79E-14 8.08E-14 7.34E-14 6.69E-14
 1.00E-74 1.00E-74 3.93E-38 1.73E-25 2.82E-19 1.11E-15 1.47E-14 3.23E-14
 4.62E-14 6.33E-14 7.63E-14 7.94E-14 7.24E-14 6.61E-14
 1.00E-74 3.58E-55 2.97E-38 1.33E-25 2.22E-19 8.93E-16 1.20E-14 2.65E-14
 3.82E-14 5.29E-14 6.46E-14 6.87E-14 6.40E-14 5.91E-14
 1.00E-74 4.77E-55 4.14E-38 1.62E-25 2.32E-19 7.75E-16 9.18E-15 1.92E-14
 2.69E-14 3.62E-14 4.35E-14 4.62E-14 4.36E-14 4.07E-14
 1.00E-74 3.35E-55 3.55E-38 1.79E-25 3.14E-19 1.15E-15 1.10E-14 1.88E-14
 2.29E-14 2.64E-14 2.84E-14 2.89E-14 2.81E-14 2.72E-14
 1.00E-74 4.97E-56 5.80E-39 3.44E-26 7.45E-20 3.59E-16 2.94E-15 4.02E-15
 4.31E-15 4.42E-15 4.37E-15 4.27E-15 4.20E-15 4.17E-15
  2523.59    7  14 /pl=01:ss= 1:pb= 1:sz= 1/type=excit/ispb = t/isel =   36
 1.00E+10 1.00E+11 1.00E+12 1.00E+13 1.00E+14 1.00E+15 1.00E+16
 6.89E-02 1.03E-01 1.72E-01 3.45E-01 6.89E-01 1.72E+00 3.45E+00 5.17E+00
 6.89E+00 1.03E+01 1.72E+01 3.45E+01 6.89E+01 1.03E+02
 7.86E-37 1.33E-26 1.84E-18 1.92E-12 1.52E-09 6.19E-08 1.87E-07 2.58E-07
 2.97E-07 3.33E-07 3.51E-07 3.40E-07 3.08E-07 2.85E-07
 7.86E-37 1.33E-26 1.84E-18 1.92E-12 1.52E-09 6.19E-08 1.87E-07 2.58E-07
 2.97E-07 3.33E-07 3.51E-07 3.40E-07 3.08E-07 2.85E-07
 7.82E-37 1.33E-26 1.84E-18 1.92E-12 1.51E-09 6.18E-08 1.87E-07 2.58E-07
 2.97E-07 3.33E-07 3.50E-07 3.39E-07 3.07E-07 2.85E-07
 7.47E-37 1.28E-26 1.78E-18 1.88E-12 1.49E-09 6.11E-08 1.85E-07 2.55E-07
 2.93E-07 3.28E-07 3.45E-07 3.35E-07 3.04E-07 2.82E-07
 5.14E-37 9.30E-27 1.38E-18 1.55E-12 1.30E-09 5.50E-08 1.64E-07 2.23E-07
 2.54E-07 2.81E-07 2.94E-07 2.87E-07 2.65E-07 2.49E-07
 1.25E-37 2.50E-27 4.23E-19 5.68E-13 5.62E-10 2.71E-08 6.96E-08 7.94E-08
 8.03E-08 7.83E-08 7.51E-08 7.25E-08 7.18E-08 7.20E-08
 1.46E-38 3.01E-28 5.33E-20 7.74E-14 8.43E-11 4.41E-09 8.31E-09 7.06E-09
 6.01E-09 4.91E-09 4.10E-09 3.58E-09 3.40E-09 3.39E-09
  2659.08    7  14 /pl=01:ss= 1:pb= 1:sz= 1/type=excit/ispb = t/isel =   37
 1.00E+10 1.00E+11 1.00E+12 1.00E+13 1.00E+14 1.00E+15 1.00E+16
 6.89E-02 1.03E-01 1.72E-01 3.45E-01 6.89E-01 1.72E+00 3.45E+00 5.17E+00
 6.89E+00 1.03E+01 1.72E+01 3.45E+01 6.89E+01 1.03E+02
 1.00E-74 1.00E-74 3.50E-31 2.75E-19 1.89E-13 4.26E-10 4.59E-09 9.41E-09
 1.30E-08 1.72E-08 2.02E-08 2.04E-08 1.81E-08 1.62E-08
 1.00E-74 4.02E-47 3.52E-31 2.75E-19 1.90E-13 4.27E-10 4.60E-09 9.43E-09
 1.31E-08 1.73E-08 2.02E-08 2.04E-08 1.81E-08 1.63E-08
 1.00E-74 3.94E-47 3.64E-31 2.83E-19 1.94E-13 4.37E-10 4.69E-09 9.62E-09
 1.33E-08 1.76E-08 2.06E-08 2.08E-08 1.84E-08 1.65E-08
 1.00E-74 5.45E-47 4.80E-31 3.54E-19 2.35E-13 5.13E-10 5.43E-09 1.10E-08
 1.52E-08 2.00E-08 2.32E-08 2.33E-08 2.05E-08 1.84E-08
 1.00E-74 1.40E-46 1.20E-30 8.31E-19 4.99E-13 9.59E-10 9.22E-09 1.79E-08
 2.40E-08 3.09E-08 3.54E-08 3.57E-08 3.19E-08 2.88E-08
 1.00E-74 1.10E-46 1.18E-30 1.08E-18 8.08E-13 1.77E-09 1.43E-08 2.31E-08
 2.73E-08 3.06E-08 3.22E-08 3.22E-08 3.10E-08 3.00E-08
 1.00E-74 1.66E-47 1.98E-31 2.13E-19 1.96E-13 5.65E-10 3.90E-09 5.05E-09
 5.27E-09 5.24E-09 5.07E-09 4.88E-09 4.75E-09 4.71E-09
  2674.69    7  14 /pl=01:ss= 1:pb= 1:sz= 1/type=excit/ispb = t/isel =   38
 1.00E+10 1.00E+11 1.00E+12 1.00E+13 1.00E+14 1.00E+15 1.00E+16
 6.89E-02 1.03E-01 1.72E-01 3.45E-01 6.89E-01 1.72E+00 3.45E+00 5.17E+00
 6.89E+00 1.03E+01 1.72E+01 3.45E+01 6.89E+01 1.03E+02
 1.00E-74 1.00E-74 1.00E-74 1.00E-74 1.00E-74 3.90E-33 1.23E-22 3.58E-19
 1.88E-17 9.46E-16 2.01E-14 1.73E-13 4.36E-13 5.49E-13
 1.00E-74 1.00E-74 1.00E-74 1.00E-74 1.00E-74 3.91E-33 1.23E-22 3.58E-19
 1.88E-17 9.46E-16 2.01E-14 1.73E-13 4.36E-13 5.49E-13
 1.00E-74 1.00E-74 1.00E-74 1.00E-74 1.00E-74 3.91E-33 1.23E-22 3.58E-19
 1.88E-17 9.46E-16 2.01E-14 1.73E-13 4.35E-13 5.49E-13
 1.00E-74 1.00E-74 1.00E-74 1.00E-74 1.00E-74 3.91E-33 1.23E-22 3.57E-19
 1.87E-17 9.38E-16 1.99E-14 1.71E-13 4.31E-13 5.44E-13
 1.00E-74 1.00E-74 1.00E-74 1.00E-74 1.00E-74 3.93E-33 1.21E-22 3.42E-19
 1.76E-17 8.60E-16 1.79E-14 1.52E-13 3.87E-13 4.92E-13
 1.00E-74 1.00E-74 1.00E-74 1.00E-74 1.00E-74 4.19E-33 1.05E-22 2.37E-19
 1.03E-17 4.15E-16 7.32E-15 5.70E-14 1.47E-13 1.94E-13
 1.00E-74 1.00E-74 1.00E-74 1.00E-74 1.00E-74 6.18E-33 1.12E-22 1.72E-19
 5.84E-18 1.79E-16 2.44E-15 1.50E-14 3.29E-14 4.07E-14
  2692.87    7  14 /pl=01:ss= 1:pb= 1:sz= 1/type=excit/ispb = t/isel =   39
 1.00E+10 1.00E+11 1.00E+12 1.00E+13 1.00E+14 1.00E+15 1.00E+16
 6.89E-02 1.03E-01 1.72E-01 3.45E-01 6.89E-01 1.72E+00 3.45E+00 5.17E+00
 6.89E+00 1.03E+01 1.72E+01 3.45E+01 6.89E+01 1.03E+02
 1.00E-74 1.00E-74 1.00E-74 1.00E-74 1.00E-74 8.43E-33 1.54E-21 8.34E-18
 5.95E-16 4.03E-14 1.08E-12 1.09E-11 2.99E-11 3.88E-11
 1.00E-74 1.00E-74 1.00E-74 1.00E-74 1.00E-74 8.43E-33 1.54E-21 8.33E-18
 5.95E-16 4.03E-14 1.08E-12 1.09E-11 2.99E-11 3.88E-11
 1.00E-74 1.00E-74 1.00E-74 1.00E-74 1.00E-74 8.39E-33 1.53E-21 8.28E-18
 5.91E-16 4.01E-14 1.07E-12 1.09E-11 2.98E-11 3.87E-11
 1.00E-74 1.00E-74 1.00E-74 1.00E-74 1.00E-74 8.03E-33 1.45E-21 7.82E-18
 5.58E-16 3.78E-14 1.01E-12 1.03E-11 2.85E-11 3.72E-11
 1.00E-74 1.00E-74 1.00E-74 1.00E-74 1.00E-74 5.57E-33 9.31E-22 4.88E-18
 3.43E-16 2.31E-14 6.23E-13 6.59E-12 1.91E-11 2.57E-11
 1.00E-74 1.00E-74 1.00E-74 1.00E-74 1.00E-74 1.37E-33 1.63E-22 6.72E-19
 4.07E-17 2.35E-15 5.72E-14 6.04E-13 1.94E-12 2.87E-12
 1.00E-74 1.00E-74 1.00E-74 1.00E-74 1.00E-74 4.01E-34 3.27E-23 9.19E-20
 4.35E-18 1.90E-16 3.56E-15 2.89E-14 7.60E-14 1.02E-13
  3002.53    7  14 /pl=01:ss= 1:pb= 1:sz= 1/type=excit/ispb = t/isel =   40
 1.00E+10 1.00E+11 1.00E+12 1.00E+13 1.00E+14 1.00E+15 1.00E+16
 6.89E-02 1.03E-01 1.72E-01 3.45E-01 6.89E-01 1.72E+00 3.45E+00 5.17E+00
 6.89E+00 1.03E+01 1.72E+01 3.45E+01 6.89E+01 1.03E+02
 1.55E-37 2.63E-27 3.64E-19 3.79E-13 3.00E-10 1.22E-08 3.69E-08 5.10E-08
 5.87E-08 6.58E-08 6.93E-08 6.71E-08 6.08E-08 5.63E-08
 1.55E-37 2.63E-27 3.64E-19 3.79E-13 3.00E-10 1.22E-08 3.69E-08 5.10E-08
 5.87E-08 6.58E-08 6.92E-08 6.71E-08 6.08E-08 5.63E-08
 1.54E-37 2.62E-27 3.63E-19 3.79E-13 2.99E-10 1.22E-08 3.69E-08 5.09E-08
 5.87E-08 6.57E-08 6.92E-08 6.70E-08 6.07E-08 5.63E-08
 1.47E-37 2.52E-27 3.52E-19 3.71E-13 2.95E-10 1.21E-08 3.64E-08 5.03E-08
 5.79E-08 6.48E-08 6.82E-08 6.61E-08 6.00E-08 5.57E-08
 1.01E-37 1.84E-27 2.72E-19 3.06E-13 2.56E-10 1.09E-08 3.24E-08 4.40E-08
 5.01E-08 5.55E-08 5.81E-08 5.67E-08 5.23E-08 4.91E-08
 2.46E-38 4.94E-28 8.35E-20 1.12E-13 1.11E-10 5.35E-09 1.38E-08 1.57E-08
 1.59E-08 1.55E-08 1.48E-08 1.43E-08 1.42E-08 1.42E-08
 2.88E-39 5.94E-29 1.05E-20 1.53E-14 1.66E-11 8.72E-10 1.64E-09 1.39E-09
 1.19E-09 9.70E-10 8.10E-10 7.07E-10 6.72E-10 6.69E-10
  3247.57    7  14 /pl=01:ss= 1:pb= 1:sz= 1/type=excit/ispb = t/isel =   41
 1.00E+10 1.00E+11 1.00E+12 1.00E+13 1.00E+14 1.00E+15 1.00E+16
 6.89E-02 1.03E-01 1.72E-01 3.45E-01 6.89E-01 1.72E+00 3.45E+00 5.17E+00
 6.89E+00 1.03E+01 1.72E+01 3.45E+01 6.89E+01 1.03E+02
 1.00E-74 3.59E-44 1.28E-29 8.72E-19 1.90E-13 2.67E-10 2.66E-09 5.35E-09
 7.35E-09 9.62E-09 1.11E-08 1.11E-08 9.65E-09 8.60E-09
 1.00E-74 3.60E-44 1.29E-29 8.74E-19 1.90E-13 2.67E-10 2.66E-09 5.35E-09
 7.35E-09 9.62E-09 1.11E-08 1.11E-08 9.65E-09 8.59E-09
 1.00E-74 3.72E-44 1.32E-29 8.89E-19 1.92E-13 2.66E-10 2.65E-09 5.32E-09
 7.31E-09 9.56E-09 1.11E-08 1.10E-08 9.62E-09 8.58E-09
 1.00E-74 4.80E-44 1.63E-29 1.04E-18 2.10E-13 2.69E-10 2.58E-09 5.13E-09
 7.01E-09 9.17E-09 1.06E-08 1.07E-08 9.41E-09 8.44E-09
 1.00E-74 9.65E-44 3.25E-29 1.95E-18 3.42E-13 3.36E-10 2.72E-09 5.05E-09
 6.67E-09 8.47E-09 9.73E-09 9.94E-09 9.08E-09 8.32E-09
 1.00E-74 5.77E-44 2.41E-29 1.90E-18 4.14E-13 4.38E-10 2.82E-09 4.23E-09
 4.85E-09 5.29E-09 5.46E-09 5.45E-09 5.31E-09 5.19E-09
 1.00E-74 8.16E-45 3.72E-30 3.45E-19 9.31E-14 1.29E-10 6.97E-10 8.32E-10
 8.34E-10 7.98E-10 7.49E-10 7.05E-10 6.82E-10 6.74E-10
  3882.70    7  14 /pl=01:ss= 1:pb= 1:sz= 1/type=excit/ispb = t/isel =   42
 1.00E+10 1.00E+11 1.00E+12 1.00E+13 1.00E+14 1.00E+15 1.00E+16
 6.89E-02 1.03E-01 1.72E-01 3.45E-01 6.89E-01 1.72E+00 3.45E+00 5.17E+00
 6.89E+00 1.03E+01 1.72E+01 3.45E+01 6.89E+01 1.03E+02
 1.00E-74 1.00E-74 1.00E-74 1.00E-74 5.16E-47 7.19E-26 6.78E-19 1.32E-16
 1.76E-15 2.23E-14 1.56E-13 5.91E-13 1.01E-12 1.14E-12
 1.00E-74 1.00E-74 1.00E-74 1.00E-74 5.18E-47 7.19E-26 6.78E-19 1.31E-16
 1.76E-15 2.23E-14 1.56E-13 5.91E-13 1.01E-12 1.14E-12
 1.00E-74 1.00E-74 1.00E-74 1.00E-74 5.19E-47 7.17E-26 6.75E-19 1.31E-16
 1.75E-15 2.22E-14 1.55E-13 5.88E-13 1.01E-12 1.13E-12
 1.00E-74 1.00E-74 1.00E-74 1.00E-74 5.32E-47 7.08E-26 6.55E-19 1.26E-16
 1.69E-15 2.13E-14 1.49E-13 5.68E-13 9.76E-13 1.10E-12
 1.00E-74 1.00E-74 1.00E-74 1.00E-74 7.84E-47 8.18E-26 6.55E-19 1.18E-16
 1.52E-15 1.85E-14 1.26E-13 4.76E-13 8.30E-13 9.49E-13
 1.00E-74 1.00E-74 1.00E-74 1.00E-74 5.23E-46 3.65E-25 1.67E-18 2.06E-16
 2.07E-15 1.91E-14 1.03E-13 3.36E-13 5.68E-13 6.57E-13
 1.00E-74 1.00E-74 1.00E-74 1.00E-74 1.46E-45 1.21E-24 3.88E-18 3.51E-16
 2.96E-15 2.28E-14 1.07E-13 3.17E-13 5.21E-13 6.08E-13
  4187.82    7  14 /pl=01:ss= 1:pb= 1:sz= 1/type=excit/ispb = t/isel =   43
 1.00E+10 1.00E+11 1.00E+12 1.00E+13 1.00E+14 1.00E+15 1.00E+16
 6.89E-02 1.03E-01 1.72E-01 3.45E-01 6.89E-01 1.72E+00 3.45E+00 5.17E+00
 6.89E+00 1.03E+01 1.72E+01 3.45E+01 6.89E+01 1.03E+02
 1.00E-74 1.00E-74 4.26E-41 1.79E-25 8.86E-18 2.27E-13 5.10E-12 1.35E-11
 2.14E-11 3.30E-11 4.59E-11 5.77E-11 6.33E-11 6.44E-11
 1.00E-74 1.00E-74 4.27E-41 1.80E-25 8.94E-18 2.30E-13 5.16E-12 1.37E-11
 2.16E-11 3.33E-11 4.63E-11 5.80E-11 6.36E-11 6.46E-11
 1.00E-74 1.00E-74 4.43E-41 1.85E-25 9.22E-18 2.40E-13 5.41E-12 1.43E-11
 2.27E-11 3.49E-11 4.82E-11 6.00E-11 6.53E-11 6.61E-11
 1.00E-74 1.00E-74 6.21E-41 2.37E-25 1.10E-17 2.78E-13 6.28E-12 1.65E-11
 2.59E-11 3.94E-11 5.33E-11 6.41E-11 6.77E-11 6.76E-11
 1.00E-74 1.00E-74 2.25E-40 7.65E-25 3.03E-17 6.59E-13 1.36E-11 3.38E-11
 5.11E-11 7.35E-11 9.24E-11 1.00E-10 9.47E-11 8.85E-11
 1.00E-74 1.00E-74 2.79E-40 1.35E-24 7.18E-17 1.98E-12 3.65E-11 7.70E-11
 1.04E-10 1.32E-10 1.53E-10 1.61E-10 1.55E-10 1.48E-10
 1.00E-74 1.00E-74 4.82E-41 2.78E-25 1.87E-17 7.05E-13 1.15E-11 1.97E-11
 2.36E-11 2.71E-11 2.93E-11 3.05E-11 3.09E-11 3.09E-11
  6062.99    7  14 /pl=01:ss= 1:pb= 1:sz= 1/type=excit/ispb = t/isel =   44
 1.00E+10 1.00E+11 1.00E+12 1.00E+13 1.00E+14 1.00E+15 1.00E+16
 6.89E-02 1.03E-01 1.72E-01 3.45E-01 6.89E-01 1.72E+00 3.45E+00 5.17E+00
 6.89E+00 1.03E+01 1.72E+01 3.45E+01 6.89E+01 1.03E+02
 1.00E-74 1.00E-74 6.72E-43 2.26E-26 3.08E-18 1.39E-13 3.68E-12 1.01E-11
 1.61E-11 2.47E-11 3.26E-11 3.67E-11 3.46E-11 3.19E-11
 1.00E-74 1.00E-74 2.08E-42 6.61E-26 8.46E-18 3.51E-13 8.60E-12 2.26E-11
 3.53E-11 5.18E-11 6.59E-11 7.13E-11 6.53E-11 5.94E-11
 1.00E-74 1.00E-74 4.78E-42 1.60E-25 2.17E-17 9.76E-13 2.54E-11 6.91E-11
 1.10E-10 1.67E-10 2.21E-10 2.53E-10 2.46E-10 2.30E-10
 1.00E-74 1.00E-74 8.80E-42 2.78E-25 3.64E-17 1.66E-12 4.47E-11 1.24E-10
 2.00E-10 3.10E-10 4.23E-10 5.10E-10 5.30E-10 5.22E-10
 1.00E-74 1.00E-74 3.83E-41 1.10E-24 1.26E-16 5.16E-12 1.30E-10 3.45E-10
 5.37E-10 7.93E-10 1.01E-09 1.11E-09 1.04E-09 9.69E-10
 1.00E-74 1.00E-74 4.94E-41 2.04E-24 3.18E-16 1.66E-11 3.80E-10 8.60E-10
 1.20E-09 1.58E-09 1.88E-09 2.01E-09 1.96E-09 1.87E-09
 1.00E-74 1.00E-74 8.56E-42 4.23E-25 8.33E-17 5.98E-12 1.20E-10 2.22E-10
 2.76E-10 3.28E-10 3.65E-10 3.89E-10 3.98E-10 3.99E-10
  6700.48    7  14 /pl=01:ss= 1:pb= 1:sz= 1/type=excit/ispb = t/isel =   45
 1.00E+10 1.00E+11 1.00E+12 1.00E+13 1.00E+14 1.00E+15 1.00E+16
 6.89E-02 1.03E-01 1.72E-01 3.45E-01 6.89E-01 1.72E+00 3.45E+00 5.17E+00
 6.89E+00 1.03E+01 1.72E+01 3.45E+01 6.89E+01 1.03E+02
 1.00E-74 1.00E-74 1.00E-74 1.00E-74 4.20E-46 1.80E-25 1.15E-18 1.96E-16
 2.46E-15 2.92E-14 1.94E-13 7.07E-13 1.19E-12 1.33E-12
 1.00E-74 1.00E-74 1.00E-74 1.00E-74 4.22E-46 1.81E-25 1.16E-18 1.97E-16
 2.47E-15 2.93E-14 1.95E-13 7.09E-13 1.19E-12 1.34E-12
 1.00E-74 1.00E-74 1.00E-74 1.00E-74 4.66E-46 1.94E-25 1.22E-18 2.07E-16
 2.59E-15 3.06E-14 2.03E-13 7.33E-13 1.23E-12 1.37E-12
 1.00E-74 1.00E-74 1.00E-74 1.00E-74 9.45E-46 3.31E-25 1.90E-18 3.09E-16
 3.77E-15 4.33E-14 2.78E-13 9.71E-13 1.58E-12 1.73E-12
 1.00E-74 1.00E-74 1.00E-74 1.00E-74 7.62E-45 1.92E-24 8.83E-18 1.29E-15
 1.48E-14 1.57E-13 9.42E-13 3.07E-12 4.72E-12 5.00E-12
 1.00E-74 1.00E-74 1.00E-74 1.00E-74 8.88E-44 1.90E-23 5.76E-17 6.16E-15
 5.75E-14 4.90E-13 2.49E-12 7.61E-12 1.23E-11 1.39E-11
 1.00E-74 1.00E-74 1.00E-74 1.00E-74 2.18E-43 5.65E-23 1.22E-16 9.67E-15
 7.62E-14 5.49E-13 2.45E-12 6.94E-12 1.12E-11 1.29E-11
  6861.96    7  14 /pl=01:ss= 1:pb= 1:sz= 1/type=excit/ispb = t/isel =   46
 1.00E+10 1.00E+11 1.00E+12 1.00E+13 1.00E+14 1.00E+15 1.00E+16
 6.89E-02 1.03E-01 1.72E-01 3.45E-01 6.89E-01 1.72E+00 3.45E+00 5.17E+00
 6.89E+00 1.03E+01 1.72E+01 3.45E+01 6.89E+01 1.03E+02
 1.00E-74 1.00E-74 1.00E-74 1.00E-74 9.00E-46 6.44E-25 4.88E-18 8.79E-16
 1.13E-14 1.39E-13 9.49E-13 3.58E-12 6.19E-12 7.04E-12
 1.00E-74 1.00E-74 1.00E-74 1.00E-74 8.99E-46 6.44E-25 4.88E-18 8.79E-16
 1.13E-14 1.39E-13 9.49E-13 3.58E-12 6.19E-12 7.04E-12
 1.00E-74 1.00E-74 1.00E-74 1.00E-74 9.03E-46 6.46E-25 4.89E-18 8.81E-16
 1.13E-14 1.39E-13 9.50E-13 3.58E-12 6.19E-12 7.05E-12
 1.00E-74 1.00E-74 1.00E-74 1.00E-74 9.48E-46 6.66E-25 4.98E-18 8.93E-16
 1.15E-14 1.40E-13 9.55E-13 3.60E-12 6.21E-12 7.07E-12
 1.00E-74 1.00E-74 1.00E-74 1.00E-74 1.66E-45 9.24E-25 6.05E-18 1.02E-15
 1.26E-14 1.48E-13 9.81E-13 3.62E-12 6.23E-12 7.09E-12
 1.00E-74 1.00E-74 1.00E-74 1.00E-74 1.47E-44 5.37E-24 1.98E-17 2.28E-15
 2.21E-14 1.97E-13 1.04E-12 3.30E-12 5.51E-12 6.34E-12
 1.00E-74 1.00E-74 1.00E-74 1.00E-74 4.22E-44 1.80E-23 4.64E-17 3.90E-15
 3.17E-14 2.36E-13 1.08E-12 3.11E-12 5.07E-12 5.90E-12
  7432.84    7  14 /pl=01:ss= 1:pb= 1:sz= 1/type=excit/ispb = t/isel =   47
 1.00E+10 1.00E+11 1.00E+12 1.00E+13 1.00E+14 1.00E+15 1.00E+16
 6.89E-02 1.03E-01 1.72E-01 3.45E-01 6.89E-01 1.72E+00 3.45E+00 5.17E+00
 6.89E+00 1.03E+01 1.72E+01 3.45E+01 6.89E+01 1.03E+02
 1.00E-74 1.00E-74 5.79E-38 3.19E-23 5.84E-16 9.21E-12 1.87E-10 4.71E-10
 7.23E-10 1.05E-09 1.34E-09 1.47E-09 1.37E-09 1.27E-09
 1.00E-74 1.00E-74 5.82E-38 3.20E-23 5.86E-16 9.23E-12 1.88E-10 4.72E-10
 7.24E-10 1.06E-09 1.35E-09 1.47E-09 1.38E-09 1.27E-09
 1.00E-74 1.00E-74 6.12E-38 3.32E-23 6.00E-16 9.38E-12 1.90E-10 4.77E-10
 7.32E-10 1.07E-09 1.36E-09 1.49E-09 1.39E-09 1.29E-09
 1.00E-74 1.00E-74 8.38E-38 4.21E-23 7.13E-16 1.05E-11 2.06E-10 5.13E-10
 7.85E-10 1.14E-09 1.47E-09 1.62E-09 1.53E-09 1.42E-09
 1.00E-74 1.00E-74 2.62E-37 1.18E-22 1.71E-15 2.07E-11 3.56E-10 8.35E-10
 1.23E-09 1.72E-09 2.13E-09 2.28E-09 2.13E-09 1.97E-09
 1.00E-74 1.00E-74 3.10E-37 1.94E-22 3.75E-15 5.61E-11 8.48E-10 1.67E-09
 2.19E-09 2.70E-09 3.04E-09 3.15E-09 3.03E-09 2.89E-09
 1.00E-74 1.00E-74 5.31E-38 3.98E-23 9.66E-16 1.97E-11 2.62E-10 4.20E-10
 4.88E-10 5.40E-10 5.69E-10 5.82E-10 5.83E-10 5.81E-10
  7487.83    7  14 /pl=01:ss= 1:pb= 1:sz= 1/type=excit/ispb = t/isel =   48
 1.00E+10 1.00E+11 1.00E+12 1.00E+13 1.00E+14 1.00E+15 1.00E+16
 6.89E-02 1.03E-01 1.72E-01 3.45E-01 6.89E-01 1.72E+00 3.45E+00 5.17E+00
 6.89E+00 1.03E+01 1.72E+01 3.45E+01 6.89E+01 1.03E+02
 1.00E-74 1.00E-74 2.99E-36 2.85E-22 2.14E-15 1.77E-11 2.75E-10 6.45E-10
 9.67E-10 1.42E-09 1.90E-09 2.33E-09 2.55E-09 2.58E-09
 1.00E-74 1.00E-74 3.01E-36 2.87E-22 2.15E-15 1.78E-11 2.78E-10 6.51E-10
 9.77E-10 1.43E-09 1.91E-09 2.35E-09 2.56E-09 2.59E-09
 1.00E-74 1.00E-74 3.21E-36 3.00E-22 2.23E-15 1.86E-11 2.91E-10 6.84E-10
 1.03E-09 1.50E-09 1.99E-09 2.43E-09 2.64E-09 2.66E-09
 1.00E-74 1.00E-74 4.89E-36 4.20E-22 2.92E-15 2.36E-11 3.68E-10 8.52E-10
 1.26E-09 1.81E-09 2.34E-09 2.74E-09 2.88E-09 2.85E-09
 1.00E-74 1.00E-74 1.72E-35 1.37E-21 8.44E-15 6.15E-11 8.90E-10 1.96E-09
 2.80E-09 3.80E-09 4.57E-09 4.80E-09 4.46E-09 4.14E-09
 1.00E-74 1.00E-74 1.97E-35 2.17E-21 1.77E-14 1.58E-10 2.03E-09 3.78E-09
 4.81E-09 5.79E-09 6.39E-09 6.57E-09 6.33E-09 6.07E-09
 1.00E-74 1.00E-74 3.37E-36 4.41E-22 4.48E-15 5.44E-11 6.05E-10 9.17E-10
 1.04E-09 1.11E-09 1.15E-09 1.15E-09 1.15E-09 1.14E-09
  8645.81    7  14 /pl=01:ss= 1:pb= 1:sz= 1/type=excit/ispb = t/isel =   49
 1.00E+10 1.00E+11 1.00E+12 1.00E+13 1.00E+14 1.00E+15 1.00E+16
 6.89E-02 1.03E-01 1.72E-01 3.45E-01 6.89E-01 1.72E+00 3.45E+00 5.17E+00
 6.89E+00 1.03E+01 1.72E+01 3.45E+01 6.89E+01 1.03E+02
 1.00E-74 1.00E-74 2.47E-33 1.07E-20 1.72E-14 6.71E-11 8.85E-10 1.94E-09
 2.78E-09 3.80E-09 4.56E-09 4.73E-09 4.30E-09 3.92E-09
 1.00E-74 1.00E-74 2.45E-33 1.06E-20 1.72E-14 6.69E-11 8.82E-10 1.94E-09
 2.77E-09 3.79E-09 4.55E-09 4.72E-09 4.29E-09 3.91E-09
 1.00E-74 1.00E-74 2.30E-33 1.01E-20 1.65E-14 6.48E-11 8.57E-10 1.89E-09
 2.70E-09 3.70E-09 4.46E-09 4.64E-09 4.23E-09 3.86E-09
 1.00E-74 2.09E-50 1.74E-33 7.79E-21 1.30E-14 5.22E-11 6.99E-10 1.55E-09
 2.23E-09 3.09E-09 3.78E-09 4.02E-09 3.74E-09 3.46E-09
 1.00E-74 2.79E-50 2.42E-33 9.44E-21 1.36E-14 4.53E-11 5.36E-10 1.12E-09
 1.58E-09 2.12E-09 2.54E-09 2.70E-09 2.55E-09 2.38E-09
 1.00E-74 1.96E-50 2.08E-33 1.05E-20 1.84E-14 6.70E-11 6.44E-10 1.10E-09
 1.34E-09 1.55E-09 1.66E-09 1.69E-09 1.64E-09 1.59E-09
 1.00E-74 2.90E-51 3.39E-34 2.01E-21 4.36E-15 2.10E-11 1.72E-10 2.35E-10
 2.52E-10 2.58E-10 2.56E-10 2.50E-10 2.45E-10 2.44E-10
  8821.53    7  14 /pl=01:ss= 1:pb= 1:sz= 1/type=excit/ispb = t/isel =   50
 1.00E+10 1.00E+11 1.00E+12 1.00E+13 1.00E+14 1.00E+15 1.00E+16
 6.89E-02 1.03E-01 1.72E-01 3.45E-01 6.89E-01 1.72E+00 3.45E+00 5.17E+00
 6.89E+00 1.03E+01 1.72E+01 3.45E+01 6.89E+01 1.03E+02
 1.00E-74 1.00E-74 5.90E-43 1.91E-26 2.62E-18 1.23E-13 3.37E-12 9.53E-12
 1.57E-11 2.49E-11 3.54E-11 4.55E-11 5.03E-11 5.15E-11
 1.00E-74 1.00E-74 5.35E-43 1.74E-26 2.40E-18 1.15E-13 3.18E-12 9.04E-12
 1.50E-11 2.39E-11 3.41E-11 4.42E-11 4.91E-11 5.04E-11
 1.00E-74 1.00E-74 4.63E-43 1.46E-26 1.97E-18 9.36E-14 2.60E-12 7.43E-12
 1.23E-11 1.98E-11 2.86E-11 3.76E-11 4.26E-11 4.42E-11
 1.00E-74 1.00E-74 6.94E-43 1.97E-26 2.46E-18 1.10E-13 2.94E-12 8.17E-12
 1.32E-11 2.06E-11 2.85E-11 3.53E-11 3.80E-11 3.83E-11
 1.00E-74 1.00E-74 2.99E-42 7.71E-26 8.36E-18 3.30E-13 8.24E-12 2.17E-11
 3.38E-11 4.98E-11 6.35E-11 6.93E-11 6.52E-11 6.07E-11
 1.00E-74 1.00E-74 3.86E-42 1.42E-25 2.10E-17 1.06E-12 2.41E-11 5.42E-11
 7.57E-11 9.96E-11 1.18E-10 1.26E-10 1.23E-10 1.17E-10
 1.00E-74 1.00E-74 6.69E-43 2.96E-26 5.51E-18 3.83E-13 7.62E-12 1.40E-11
 1.74E-11 2.06E-11 2.29E-11 2.44E-11 2.49E-11 2.50E-11
c-------------------------------------------------------------------------------
 
C  root partition information
C  ==========================
C
C  nuclear charge : 74
C  ion charge+1   :  2
C
C  population calculation information
C  ----------------------------------
C
C  population processing code: adas810
C
C  adf04 source file    : adf04_copmm#74_ca_40#w1_t3.dat
C  adf18/a17_p208 file  : NULL
C
C  meta. ion. coeff. selector  : 
 
C  options  : lnorm =T  lpsel =F  lzsel =T  liosel=F
C           : lhsel =F  lrsel =F  lisel =F  lnsel =F
 
C  energy levels
C  -------------
C
C   lv      configuration    (2S+1)L(w-1/2)      energy (cm^-1)
C  ---   ------------------- --------------      --------------
c    1   60964A52B56C54D51G   (0)0(  209.0)             0.0
c    2   60964A52B56C55D      (0)0(  124.5)          6320.9
c    3   60964A52B56C54D51H   (0)0(  629.5)         39626.1
c    4   60964A52B56C54D51M   (0)0(  209.0)         70418.4
c    5   60964A52B56C54D51I   (0)0( 1049.5)         77233.1
c    6   60964A52B56C54D51N   (0)0(  629.5)         81984.7
c    7   60964A52B56C54D51E   (0)0( 1469.5)         90588.1
c    8   60964A52B56C54D51O   (0)0( 1049.5)         95438.5
c    9   60964A52B56C54D51J   (0)0( 1469.5)        101111.9
c   10   60964A52B56C54D51P   (0)0( 1469.5)        106774.4
c   11   60964A52B56C54D51K   (0)0( 1889.5)        107081.6
c   12   60964A52B56C54D51L   (0)0( 2309.0)        107169.4
c   13   60964A52B55C55D51G   (0)0( 1511.0)        338177.3
c   14   64A52B55C54D51G51H   (0)0( 7559.5)        385627.7
c   15   64A52B55C54D51G51I   (0)0(12599.5)        430400.5
c   16   64A52B55C54D51G51N   (0)0( 7559.5)        435415.5
c   17   64A52B55C54D51E51G   (0)0(17639.5)        445324.8
c   18   64A52B55C54D51G51O   (0)0(12599.5)        449988.6
c   19   64A52B55C54D51G51J   (0)0(17639.5)        456155.8
c   20   64A52B55C54D51G51P   (0)0(17639.5)        461928.0
c   21   60964A51B56C55D51G   (0)0(  503.0)        655603.3
c   22   60964A51B56C54D52G   (0)0(  209.0)        669265.6
c   23   64A51B56C54D51G51H   (0)0( 2519.5)        706653.1
c   24   64A51B56C54D51G51M   (0)0(  839.0)        743788.2
c   25   64A51B56C54D51G51I   (0)0( 4199.5)        751272.3
c   26   64A51B56C54D51G51N   (0)0( 2519.5)        756451.9
c   27   64A51B56C54D51G51O   (0)0( 4199.5)        770992.0
 
 
 
c-------------------------------------------------------------------------------
 
C  superstage partition information
C  ================================
C
C  element symbol   : W
C  parent template  : 
C  partition level  :  1
C  superstage label :  1
C
C  tabulation       : photon emissivity coefft (te,ne)
C  units            : ph. emis coef(cm^3 s^-1); te (ev); ne (cm^-3)
C
C  photon emissivity atomic transitions
C  ------------------------------------
C  
C   isel  wvlen(A)            transition                type  ispb nspb
C                                                             ispp nspp sz    tg pr wr
C  ----- ---------- ----------------------------------- ----- ---- ---- --    -- -- --
C      1   141.512   23(0)0( 2519.5)-  1(0)0(  209.0)   excit   1    1   1     9 45  1
C      2   152.531   21(0)0(  503.0)-  1(0)0(  209.0)   excit   1    1   1     7 46  2
C      3   222.228   18(0)0(12599.5)-  1(0)0(  209.0)   excit   1    1   1    20 34  3
C      4   232.342   15(0)0(12599.5)-  1(0)0(  209.0)   excit   1    1   1    17 21  4
C      5   259.317   14(0)0( 7559.5)-  1(0)0(  209.0)   excit   1    1   1    16 40  5
C      6   281.568   20(0)0(17639.5)- 10(0)0( 1469.5)   excit   1    1   1    69 30  6
C      7   281.899   17(0)0(17639.5)-  7(0)0( 1469.5)   excit   1    1   1    36 26  7
C      8   282.048   18(0)0(12599.5)-  8(0)0( 1049.5)   excit   1    1   1    67 20  8
C      9   282.941   16(0)0( 7559.5)-  6(0)0(  629.5)   excit   1    1   1    63 19  9
C     10   295.703   13(0)0( 1511.0)-  1(0)0(  209.0)   excit   1    1   1    14  3 10
C     11   301.335   13(0)0( 1511.0)-  2(0)0(  124.5)   excit   1    1   1    31 11 11
C     12   311.491   26(0)0( 2519.5)- 16(0)0( 7559.5)   excit   1    1   1   118 32 12
C     13   311.502   23(0)0( 2519.5)- 14(0)0( 7559.5)   excit   1    1   1   104 22 13
C     14   311.523   27(0)0( 4199.5)- 18(0)0(12599.5)   excit   1    1   1   123 31 14
C     15   311.651   25(0)0( 4199.5)- 15(0)0(12599.5)   excit   1    1   1   111 23 15
C     16   315.034   21(0)0(  503.0)- 13(0)0( 1511.0)   excit   1    1   1    93 17 16
C     17   808.076   20(0)0(17639.5)- 13(0)0( 1511.0)   excit   1    1   1   100 42 17
C     18   847.612   19(0)0(17639.5)- 13(0)0( 1511.0)   excit   1    1   1    97 29 18
C     19   933.293   17(0)0(17639.5)- 13(0)0( 1511.0)   excit   1    1   1    94 37 19
C     20   995.485   10(0)0( 1469.5)-  2(0)0(  124.5)   excit   1    1   1    29 15 20
C     21   1028.40   16(0)0( 7559.5)- 13(0)0( 1511.0)   excit   1    1   1    98 36 21
C     22   1054.95    9(0)0( 1469.5)-  2(0)0(  124.5)   excit   1    1   1    25 12 22
C     23   1186.70    7(0)0( 1469.5)-  2(0)0(  124.5)   excit   1    1   1    22  7 23
C     24   1219.74    6(0)0(  629.5)-  1(0)0(  209.0)   excit   1    1   1     5 13 24
C     25   1294.78    5(0)0( 1049.5)-  1(0)0(  209.0)   excit   1    1   1     3 47 25
C     26   1321.64    6(0)0(  629.5)-  2(0)0(  124.5)   excit   1    1   1    27  8 26
C     27   1553.74   18(0)0(12599.5)- 14(0)0( 7559.5)   excit   1    1   1   109 33 27
C     28   1554.27   27(0)0( 4199.5)- 23(0)0( 2519.5)   excit   1    1   1    86 50 28
C     29   1791.72    8(0)0( 1049.5)-  3(0)0(  629.5)   excit   1    1   1    44 10 29
C     30   1958.87   23(0)0( 2519.5)- 21(0)0(  503.0)   excit   1    1   1    73 41 30
C     31   1962.25    7(0)0( 1469.5)-  3(0)0(  629.5)   excit   1    1   1    39 48 31
C     32   2107.46   14(0)0( 7559.5)- 13(0)0( 1511.0)   excit   1    1   1    95  9 32
C     33   2233.50   15(0)0(12599.5)- 14(0)0( 7559.5)   excit   1    1   1   106 18 33
C     34   2241.19   25(0)0( 4199.5)- 23(0)0( 2519.5)   excit   1    1   1    83 43 34
C     35   2360.80    6(0)0(  629.5)-  3(0)0(  629.5)   excit   1    1   1    43 49 35
C     36   2523.59    3(0)0(  629.5)-  1(0)0(  209.0)   excit   1    1   1     2  1 36
C     37   2659.08    5(0)0( 1049.5)-  3(0)0(  629.5)   excit   1    1   1    40  4 37
C     38   2674.69   23(0)0( 2519.5)- 22(0)0(  209.0)   excit   1    1   1    78 44 38
C     39   2692.87   24(0)0(  839.0)- 23(0)0( 2519.5)   excit   1    1   1    84 27 39
C     40   3002.53    3(0)0(  629.5)-  2(0)0(  124.5)   excit   1    1   1    23  2 40
C     41   3247.57    4(0)0(  209.0)-  3(0)0(  629.5)   excit   1    1   1    42  5 41
C     42   3882.70   19(0)0(17639.5)- 15(0)0(12599.5)   excit   1    1   1   113 39 42
C     43   4187.82    9(0)0( 1469.5)-  5(0)0( 1049.5)   excit   1    1   1    47 24 43
C     44   6062.99   11(0)0( 1889.5)-  7(0)0( 1469.5)   excit   1    1   1    37 28 44
C     45   6700.48   17(0)0(17639.5)- 15(0)0(12599.5)   excit   1    1   1   112 38 45
C     46   6861.96   18(0)0(12599.5)- 16(0)0( 7559.5)   excit   1    1   1   121 35 46
C     47   7432.84    8(0)0( 1049.5)-  6(0)0(  629.5)   excit   1    1   1    60 16 47
C     48   7487.83    7(0)0( 1469.5)-  5(0)0( 1049.5)   excit   1    1   1    46 14 48
C     49   8645.81    6(0)0(  629.5)-  4(0)0(  209.0)   excit   1    1   1    56  6 49
C     50   8821.53   10(0)0( 1469.5)-  8(0)0( 1049.5)   excit   1    1   1    65 25 50
c-------------------------------------------------------------------------------
                                                                                
C  code     : adas810
C  producer : Adam Foster
C  date     : 18/05/09
                                                                                
c-------------------------------------------------------------------------------

C-----------------------------------------------------------------------
C                               OPEN-ADAS
C                               +++++++++
C
C This file has been downloaded from OPEN-ADAS (http://open.adas.ac.uk)
C on 26-Mar-2025.
C
C TERMS AND CONDITIONS
C --------------------
C
C The user of the OPEN-ADAS system and data (hereinafter "the User")
C accepts the following terms and conditions:
C
C   1. The University of Strathclyde uses all reasonable endeavours to
C      ensure the accuracy of the data provided and any information
C      given, but the University makes no warranty, expressed or implied
C      as to its accuracy, integrity, fitness for purpose and shall not
C      be responsible for the use to which the data is put by the User
C      and/or any consequences arising out of any inaccuracies or
C      omissions.
C
C   2. Any downloaded OPEN-ADAS file is made available for the
C      personal use of the User only.  It must not be used for any
C      commercial application, incorporated into any web site or in
C      any form re-distributed without express prior written permission
C      from the ADAS Project. In particular, but not by way of
C      limitation, it must not be:
C        *  inserted into a managed database structure,
C        *  redistributed along with a modelling or analysis code,
C        *  made available on a public website.
C
C Permission for OPEN-ADAS data incorporation in non-commercial
C code/system development for scientific advance will not be
C unreasonably withheld, but will be subject to written agreement
C on a case by case basis.
C
C The User will indemnify the University of Strathclyde and keep it
C fully and effectively indemnified against each and every claim made
C against the University as a result of the User's use of the data.
C
C-----------------------------------------------------------------------
