   50    /W : 2 photon emissivity coefficients/
--------------------------------------------------------------------------------
    1    1    1    1    1    1    1    1    1    1    1    1    1    1
    1    1    1    1    1    1    1    1    1    1    1    1    1    1
    1    1    1    1    1    1    1    1    1    1    1    1    1    1
    1    1    1    1    1    1    1    1    1    1    1    1    1    1
    1    1    1    1    1    1    1    1    1    1    1    1    1    1
    1    1    1    1    1
--------------------------------------------------------------------------------
//#01/p00/ 00/p01/ 01/p02/ 02/p03/ 03/p04/ 04/p05/ 05/p06/ 06/p07/ 07/p08/ 08/  
      p09/ 09/p10/ 10/p11/ 11/p12/ 12/p13/ 13/p14/ 14/p15/ 15/p16/ 16/p17/ 17/  
      p18/ 18/p19/ 19/p20/ 20/p21/ 21/p22/ 22/p23/ 23/p24/ 24/p25/ 25/p26/ 26/  
      p27/ 27/p28/ 28/p29/ 29/p30/ 30/p31/ 31/p32/ 32/p33/ 33/p34/ 34/p35/ 35/  
      p36/ 36/p37/ 37/p38/ 38/p39/ 39/p40/ 40/p41/ 41/p42/ 42/p43/ 43/p44/ 44/  
      p45/ 45/p46/ 46/p47/ 47/p48/ 48/p49/ 49/p50/ 50/p51/ 51/p52/ 52/p53/ 53/  
      p54/ 54/p55/ 55/p56/ 56/p57/ 57/p58/ 58/p59/ 59/p60/ 60/p61/ 61/p62/ 62/  
      p63/ 63/p64/ 64/p65/ 65/p66/ 66/p67/ 67/p68/ 68/p69/ 69/p70/ 70/p71/ 71/  
      p72/ 72/p73/ 73/p74/ 74/                                                  
--------------------------------------------------------------------------------
  232.926    7  14 /pl=01:ss= 2:pb= 1:sz= 2/type=excit/ispb = t/isel =    1
 1.00E+10 1.00E+11 1.00E+12 1.00E+13 1.00E+14 1.00E+15 1.00E+16
 1.55E-01 2.33E-01 3.88E-01 7.75E-01 1.55E+00 3.88E+00 7.75E+00 1.16E+01
 1.55E+01 2.33E+01 3.88E+01 7.75E+01 1.55E+02 2.33E+02
 1.00E-74 1.00E-74 1.00E-74 1.17E-39 2.59E-24 2.72E-15 2.23E-12 1.94E-11
 5.52E-11 1.52E-10 3.21E-10 5.26E-10 6.42E-10 6.74E-10
 1.00E-74 1.00E-74 1.00E-74 1.88E-39 3.29E-24 2.85E-15 2.28E-12 1.97E-11
 5.58E-11 1.53E-10 3.23E-10 5.28E-10 6.45E-10 6.76E-10
 1.00E-74 1.00E-74 1.00E-74 1.99E-39 3.38E-24 2.87E-15 2.28E-12 1.97E-11
 5.58E-11 1.53E-10 3.23E-10 5.29E-10 6.45E-10 6.76E-10
 1.00E-74 1.00E-74 1.00E-74 2.00E-39 3.40E-24 2.87E-15 2.28E-12 1.97E-11
 5.58E-11 1.53E-10 3.23E-10 5.28E-10 6.43E-10 6.75E-10
 1.00E-74 1.00E-74 1.00E-74 2.00E-39 3.41E-24 2.88E-15 2.27E-12 1.95E-11
 5.50E-11 1.50E-10 3.17E-10 5.17E-10 6.32E-10 6.63E-10
 1.00E-74 1.00E-74 1.00E-74 2.01E-39 3.56E-24 2.90E-15 2.11E-12 1.74E-11
 4.82E-11 1.29E-10 2.68E-10 4.37E-10 5.38E-10 5.69E-10
 1.00E-74 1.00E-74 1.00E-74 2.02E-39 3.89E-24 2.61E-15 1.40E-12 1.00E-11
 2.57E-11 6.37E-11 1.26E-10 2.02E-10 2.52E-10 2.71E-10
  233.401    7  14 /pl=01:ss= 2:pb= 1:sz= 2/type=excit/ispb = t/isel =    2
 1.00E+10 1.00E+11 1.00E+12 1.00E+13 1.00E+14 1.00E+15 1.00E+16
 1.55E-01 2.33E-01 3.88E-01 7.75E-01 1.55E+00 3.88E+00 7.75E+00 1.16E+01
 1.55E+01 2.33E+01 3.88E+01 7.75E+01 1.55E+02 2.33E+02
 1.00E-74 1.00E-74 1.00E-74 8.65E-39 8.04E-24 5.04E-15 3.47E-12 2.82E-11
 7.75E-11 2.05E-10 4.18E-10 6.66E-10 7.98E-10 8.32E-10
 1.00E-74 1.00E-74 1.00E-74 1.26E-38 9.57E-24 5.17E-15 3.50E-12 2.83E-11
 7.79E-11 2.05E-10 4.19E-10 6.66E-10 7.98E-10 8.31E-10
 1.00E-74 1.00E-74 1.00E-74 1.32E-38 9.76E-24 5.19E-15 3.50E-12 2.83E-11
 7.79E-11 2.05E-10 4.19E-10 6.66E-10 7.98E-10 8.31E-10
 1.00E-74 1.00E-74 1.00E-74 1.33E-38 9.78E-24 5.19E-15 3.50E-12 2.83E-11
 7.77E-11 2.05E-10 4.18E-10 6.64E-10 7.96E-10 8.29E-10
 1.00E-74 1.00E-74 1.00E-74 1.33E-38 9.83E-24 5.18E-15 3.46E-12 2.79E-11
 7.64E-11 2.01E-10 4.09E-10 6.51E-10 7.81E-10 8.14E-10
 1.00E-74 1.00E-74 1.00E-74 1.33E-38 1.01E-23 5.10E-15 3.15E-12 2.45E-11
 6.58E-11 1.70E-10 3.42E-10 5.45E-10 6.61E-10 6.96E-10
 1.00E-74 1.00E-74 1.00E-74 1.34E-38 1.09E-23 4.45E-15 2.04E-12 1.39E-11
 3.48E-11 8.36E-11 1.61E-10 2.51E-10 3.09E-10 3.31E-10
  242.424    7  14 /pl=01:ss= 2:pb= 1:sz= 2/type=excit/ispb = t/isel =    3
 1.00E+10 1.00E+11 1.00E+12 1.00E+13 1.00E+14 1.00E+15 1.00E+16
 1.55E-01 2.33E-01 3.88E-01 7.75E-01 1.55E+00 3.88E+00 7.75E+00 1.16E+01
 1.55E+01 2.33E+01 3.88E+01 7.75E+01 1.55E+02 2.33E+02
 1.00E-74 1.00E-74 1.00E-74 1.68E-38 9.67E-24 4.59E-15 2.91E-12 2.32E-11
 6.36E-11 1.68E-10 3.44E-10 5.49E-10 6.62E-10 6.91E-10
 1.00E-74 1.00E-74 1.00E-74 2.73E-38 1.25E-23 4.82E-15 2.97E-12 2.35E-11
 6.43E-11 1.69E-10 3.46E-10 5.51E-10 6.64E-10 6.93E-10
 1.00E-74 1.00E-74 1.00E-74 2.89E-38 1.28E-23 4.85E-15 2.97E-12 2.36E-11
 6.44E-11 1.69E-10 3.46E-10 5.52E-10 6.64E-10 6.93E-10
 1.00E-74 1.00E-74 1.00E-74 2.91E-38 1.29E-23 4.85E-15 2.97E-12 2.36E-11
 6.43E-11 1.69E-10 3.46E-10 5.50E-10 6.63E-10 6.91E-10
 1.00E-74 1.00E-74 1.00E-74 2.91E-38 1.29E-23 4.87E-15 2.95E-12 2.33E-11
 6.34E-11 1.66E-10 3.39E-10 5.40E-10 6.50E-10 6.79E-10
 1.00E-74 1.00E-74 1.00E-74 2.92E-38 1.35E-23 4.92E-15 2.76E-12 2.09E-11
 5.57E-11 1.43E-10 2.87E-10 4.56E-10 5.54E-10 5.83E-10
 1.00E-74 1.00E-74 1.00E-74 2.92E-38 1.47E-23 4.42E-15 1.82E-12 1.20E-11
 2.95E-11 7.01E-11 1.34E-10 2.09E-10 2.58E-10 2.77E-10
  244.030    7  14 /pl=01:ss= 2:pb= 1:sz= 2/type=excit/ispb = t/isel =    4
 1.00E+10 1.00E+11 1.00E+12 1.00E+13 1.00E+14 1.00E+15 1.00E+16
 1.55E-01 2.33E-01 3.88E-01 7.75E-01 1.55E+00 3.88E+00 7.75E+00 1.16E+01
 1.55E+01 2.33E+01 3.88E+01 7.75E+01 1.55E+02 2.33E+02
 1.00E-74 1.00E-74 1.00E-74 1.90E-36 1.56E-22 2.13E-14 8.48E-12 5.64E-11
 1.38E-10 3.20E-10 5.83E-10 8.46E-10 9.63E-10 9.80E-10
 1.00E-74 1.00E-74 1.00E-74 1.96E-36 1.47E-22 2.06E-14 8.29E-12 5.53E-11
 1.36E-10 3.14E-10 5.73E-10 8.32E-10 9.47E-10 9.63E-10
 1.00E-74 1.00E-74 1.00E-74 1.97E-36 1.46E-22 2.05E-14 8.27E-12 5.52E-11
 1.36E-10 3.14E-10 5.72E-10 8.31E-10 9.45E-10 9.61E-10
 1.00E-74 1.00E-74 1.00E-74 1.97E-36 1.45E-22 2.05E-14 8.24E-12 5.50E-11
 1.35E-10 3.12E-10 5.70E-10 8.28E-10 9.42E-10 9.58E-10
 1.00E-74 1.00E-74 1.00E-74 1.97E-36 1.45E-22 2.01E-14 8.02E-12 5.34E-11
 1.31E-10 3.03E-10 5.54E-10 8.06E-10 9.21E-10 9.38E-10
 1.00E-74 1.00E-74 1.00E-74 1.97E-36 1.42E-22 1.79E-14 6.62E-12 4.29E-11
 1.05E-10 2.41E-10 4.43E-10 6.54E-10 7.61E-10 7.86E-10
 1.00E-74 1.00E-74 1.00E-74 1.97E-36 1.34E-22 1.26E-14 3.57E-12 2.08E-11
 4.79E-11 1.06E-10 1.90E-10 2.80E-10 3.35E-10 3.54E-10
  249.118    7  14 /pl=01:ss= 2:pb= 1:sz= 2/type=excit/ispb = t/isel =    5
 1.00E+10 1.00E+11 1.00E+12 1.00E+13 1.00E+14 1.00E+15 1.00E+16
 1.55E-01 2.33E-01 3.88E-01 7.75E-01 1.55E+00 3.88E+00 7.75E+00 1.16E+01
 1.55E+01 2.33E+01 3.88E+01 7.75E+01 1.55E+02 2.33E+02
 1.00E-74 1.00E-74 1.00E-74 5.01E-37 5.47E-23 1.04E-14 4.85E-12 3.43E-11
 8.79E-11 2.14E-10 4.08E-10 6.19E-10 7.21E-10 7.42E-10
 1.00E-74 1.00E-74 1.00E-74 7.17E-37 6.38E-23 1.06E-14 4.85E-12 3.42E-11
 8.77E-11 2.13E-10 4.07E-10 6.16E-10 7.17E-10 7.37E-10
 1.00E-74 1.00E-74 1.00E-74 7.49E-37 6.49E-23 1.06E-14 4.85E-12 3.42E-11
 8.77E-11 2.13E-10 4.07E-10 6.15E-10 7.16E-10 7.36E-10
 1.00E-74 1.00E-74 1.00E-74 7.53E-37 6.51E-23 1.06E-14 4.84E-12 3.42E-11
 8.75E-11 2.13E-10 4.06E-10 6.14E-10 7.15E-10 7.35E-10
 1.00E-74 1.00E-74 1.00E-74 7.53E-37 6.53E-23 1.05E-14 4.79E-12 3.36E-11
 8.59E-11 2.08E-10 3.97E-10 6.01E-10 7.01E-10 7.22E-10
 1.00E-74 1.00E-74 1.00E-74 7.55E-37 6.72E-23 1.02E-14 4.30E-12 2.92E-11
 7.32E-11 1.75E-10 3.30E-10 5.01E-10 5.91E-10 6.15E-10
 1.00E-74 1.00E-74 1.00E-74 7.56E-37 7.15E-23 8.38E-15 2.61E-12 1.56E-11
 3.66E-11 8.22E-11 1.49E-10 2.24E-10 2.69E-10 2.86E-10
  259.737    7  14 /pl=01:ss= 2:pb= 1:sz= 2/type=excit/ispb = t/isel =    6
 1.00E+10 1.00E+11 1.00E+12 1.00E+13 1.00E+14 1.00E+15 1.00E+16
 1.55E-01 2.33E-01 3.88E-01 7.75E-01 1.55E+00 3.88E+00 7.75E+00 1.16E+01
 1.55E+01 2.33E+01 3.88E+01 7.75E+01 1.55E+02 2.33E+02
 1.00E-74 1.00E-74 1.00E-74 3.02E-36 1.31E-22 1.26E-14 4.64E-12 3.08E-11
 7.65E-11 1.83E-10 3.46E-10 5.20E-10 6.06E-10 6.26E-10
 1.00E-74 1.00E-74 1.00E-74 4.35E-36 1.55E-22 1.29E-14 4.69E-12 3.10E-11
 7.69E-11 1.83E-10 3.47E-10 5.21E-10 6.07E-10 6.26E-10
 1.00E-74 1.00E-74 1.00E-74 4.55E-36 1.58E-22 1.30E-14 4.69E-12 3.10E-11
 7.69E-11 1.83E-10 3.47E-10 5.21E-10 6.07E-10 6.26E-10
 1.00E-74 1.00E-74 1.00E-74 4.57E-36 1.58E-22 1.30E-14 4.69E-12 3.10E-11
 7.68E-11 1.83E-10 3.46E-10 5.20E-10 6.05E-10 6.25E-10
 1.00E-74 1.00E-74 1.00E-74 4.57E-36 1.59E-22 1.30E-14 4.64E-12 3.05E-11
 7.55E-11 1.79E-10 3.39E-10 5.09E-10 5.94E-10 6.14E-10
 1.00E-74 1.00E-74 1.00E-74 4.59E-36 1.64E-22 1.28E-14 4.24E-12 2.68E-11
 6.51E-11 1.52E-10 2.83E-10 4.26E-10 5.02E-10 5.24E-10
 1.00E-74 1.00E-74 1.00E-74 4.60E-36 1.77E-22 1.13E-14 2.80E-12 1.55E-11
 3.50E-11 7.59E-11 1.35E-10 1.98E-10 2.37E-10 2.51E-10
  291.413    7  14 /pl=01:ss= 2:pb= 1:sz= 2/type=excit/ispb = t/isel =    7
 1.00E+10 1.00E+11 1.00E+12 1.00E+13 1.00E+14 1.00E+15 1.00E+16
 1.55E-01 2.33E-01 3.88E-01 7.75E-01 1.55E+00 3.88E+00 7.75E+00 1.16E+01
 1.55E+01 2.33E+01 3.88E+01 7.75E+01 1.55E+02 2.33E+02
 1.00E-74 1.00E-74 1.00E-74 5.38E-32 2.10E-20 1.20E-13 1.68E-11 7.92E-11
 1.64E-10 3.24E-10 5.20E-10 6.89E-10 7.49E-10 7.49E-10
 1.00E-74 1.00E-74 1.00E-74 6.10E-32 2.09E-20 1.17E-13 1.65E-11 7.80E-11
 1.62E-10 3.20E-10 5.13E-10 6.81E-10 7.39E-10 7.39E-10
 1.00E-74 1.00E-74 1.00E-74 6.21E-32 2.08E-20 1.17E-13 1.65E-11 7.79E-11
 1.62E-10 3.19E-10 5.12E-10 6.80E-10 7.38E-10 7.37E-10
 1.00E-74 1.00E-74 1.00E-74 6.22E-32 2.08E-20 1.17E-13 1.65E-11 7.76E-11
 1.61E-10 3.18E-10 5.11E-10 6.78E-10 7.36E-10 7.36E-10
 1.00E-74 1.00E-74 1.00E-74 6.23E-32 2.08E-20 1.15E-13 1.61E-11 7.56E-11
 1.57E-10 3.10E-10 4.97E-10 6.61E-10 7.20E-10 7.21E-10
 1.00E-74 1.00E-74 1.00E-74 6.23E-32 2.07E-20 1.05E-13 1.36E-11 6.22E-11
 1.28E-10 2.50E-10 4.02E-10 5.41E-10 5.99E-10 6.07E-10
 1.00E-74 1.00E-74 1.00E-74 6.19E-32 2.02E-20 7.77E-14 7.64E-12 3.11E-11
 6.03E-11 1.12E-10 1.76E-10 2.35E-10 2.67E-10 2.76E-10
  294.649    7  14 /pl=01:ss= 2:pb= 1:sz= 2/type=excit/ispb = t/isel =    8
 1.00E+10 1.00E+11 1.00E+12 1.00E+13 1.00E+14 1.00E+15 1.00E+16
 1.55E-01 2.33E-01 3.88E-01 7.75E-01 1.55E+00 3.88E+00 7.75E+00 1.16E+01
 1.55E+01 2.33E+01 3.88E+01 7.75E+01 1.55E+02 2.33E+02
 1.00E-74 1.00E-74 1.00E-74 1.01E-32 7.81E-21 7.47E-14 1.27E-11 6.48E-11
 1.41E-10 2.91E-10 4.88E-10 6.69E-10 7.43E-10 7.50E-10
 1.00E-74 1.00E-74 1.00E-74 1.43E-32 9.03E-21 7.55E-14 1.27E-11 6.47E-11
 1.40E-10 2.90E-10 4.86E-10 6.66E-10 7.39E-10 7.45E-10
 1.00E-74 1.00E-74 1.00E-74 1.49E-32 9.17E-21 7.56E-14 1.27E-11 6.47E-11
 1.40E-10 2.90E-10 4.86E-10 6.66E-10 7.38E-10 7.44E-10
 1.00E-74 1.00E-74 1.00E-74 1.50E-32 9.19E-21 7.56E-14 1.27E-11 6.46E-11
 1.40E-10 2.89E-10 4.85E-10 6.64E-10 7.37E-10 7.43E-10
 1.00E-74 1.00E-74 1.00E-74 1.50E-32 9.23E-21 7.54E-14 1.26E-11 6.35E-11
 1.37E-10 2.83E-10 4.74E-10 6.50E-10 7.22E-10 7.29E-10
 1.00E-74 1.00E-74 1.00E-74 1.51E-32 9.48E-21 7.29E-14 1.12E-11 5.50E-11
 1.17E-10 2.37E-10 3.94E-10 5.42E-10 6.09E-10 6.21E-10
 1.00E-74 1.00E-74 1.00E-74 1.50E-32 1.00E-20 5.99E-14 6.86E-12 2.95E-11
 5.87E-11 1.12E-10 1.79E-10 2.43E-10 2.78E-10 2.89E-10
  666.951    7  14 /pl=01:ss= 2:pb= 1:sz= 2/type=excit/ispb = t/isel =    9
 1.00E+10 1.00E+11 1.00E+12 1.00E+13 1.00E+14 1.00E+15 1.00E+16
 1.55E-01 2.33E-01 3.88E-01 7.75E-01 1.55E+00 3.88E+00 7.75E+00 1.16E+01
 1.55E+01 2.33E+01 3.88E+01 7.75E+01 1.55E+02 2.33E+02
 1.00E-74 9.67E-43 5.48E-29 8.27E-19 6.62E-14 3.64E-11 2.39E-10 4.13E-10
 5.26E-10 6.48E-10 7.47E-10 8.08E-10 8.19E-10 8.01E-10
 1.00E-74 1.02E-42 5.81E-29 8.22E-19 6.07E-14 3.50E-11 2.33E-10 4.04E-10
 5.15E-10 6.36E-10 7.33E-10 7.93E-10 8.04E-10 7.85E-10
 1.00E-74 1.03E-42 5.87E-29 8.22E-19 6.01E-14 3.48E-11 2.32E-10 4.03E-10
 5.14E-10 6.34E-10 7.31E-10 7.92E-10 8.02E-10 7.83E-10
 1.00E-74 1.04E-42 5.95E-29 8.29E-19 6.03E-14 3.49E-11 2.32E-10 4.02E-10
 5.13E-10 6.33E-10 7.30E-10 7.90E-10 8.00E-10 7.82E-10
 1.00E-74 1.20E-42 6.66E-29 9.01E-19 6.33E-14 3.53E-11 2.30E-10 3.98E-10
 5.06E-10 6.23E-10 7.17E-10 7.76E-10 7.86E-10 7.69E-10
 1.00E-74 2.12E-42 1.13E-28 1.42E-18 8.72E-14 3.93E-11 2.26E-10 3.72E-10
 4.62E-10 5.57E-10 6.31E-10 6.75E-10 6.83E-10 6.70E-10
 1.00E-74 2.14E-42 1.33E-28 2.00E-18 1.32E-13 4.59E-11 1.90E-10 2.69E-10
 3.10E-10 3.46E-10 3.67E-10 3.72E-10 3.66E-10 3.58E-10
  701.479    7  14 /pl=01:ss= 2:pb= 1:sz= 2/type=excit/ispb = t/isel =   10
 1.00E+10 1.00E+11 1.00E+12 1.00E+13 1.00E+14 1.00E+15 1.00E+16
 1.55E-01 2.33E-01 3.88E-01 7.75E-01 1.55E+00 3.88E+00 7.75E+00 1.16E+01
 1.55E+01 2.33E+01 3.88E+01 7.75E+01 1.55E+02 2.33E+02
 1.00E-74 7.85E-41 9.33E-28 4.39E-18 1.98E-13 7.67E-11 4.45E-10 7.38E-10
 9.17E-10 1.10E-09 1.23E-09 1.29E-09 1.28E-09 1.24E-09
 1.00E-74 7.98E-41 9.46E-28 4.12E-18 1.76E-13 7.33E-11 4.32E-10 7.19E-10
 8.95E-10 1.08E-09 1.20E-09 1.26E-09 1.25E-09 1.21E-09
 1.00E-74 8.01E-41 9.49E-28 4.08E-18 1.74E-13 7.30E-11 4.30E-10 7.17E-10
 8.93E-10 1.07E-09 1.20E-09 1.26E-09 1.24E-09 1.21E-09
 1.00E-74 8.09E-41 9.57E-28 4.10E-18 1.74E-13 7.29E-11 4.29E-10 7.15E-10
 8.90E-10 1.07E-09 1.20E-09 1.26E-09 1.24E-09 1.21E-09
 1.00E-74 8.89E-41 1.03E-27 4.33E-18 1.80E-13 7.31E-11 4.24E-10 7.02E-10
 8.72E-10 1.05E-09 1.17E-09 1.23E-09 1.22E-09 1.18E-09
 1.00E-74 1.32E-40 1.48E-27 5.90E-18 2.19E-13 7.45E-11 3.87E-10 6.15E-10
 7.51E-10 8.89E-10 9.87E-10 1.04E-09 1.03E-09 1.01E-09
 1.00E-74 1.25E-40 1.60E-27 7.35E-18 2.75E-13 7.00E-11 2.67E-10 3.71E-10
 4.23E-10 4.70E-10 4.98E-10 5.08E-10 5.04E-10 4.96E-10
  704.791    7  14 /pl=01:ss= 2:pb= 1:sz= 2/type=excit/ispb = t/isel =   11
 1.00E+10 1.00E+11 1.00E+12 1.00E+13 1.00E+14 1.00E+15 1.00E+16
 1.55E-01 2.33E-01 3.88E-01 7.75E-01 1.55E+00 3.88E+00 7.75E+00 1.16E+01
 1.55E+01 2.33E+01 3.88E+01 7.75E+01 1.55E+02 2.33E+02
 1.00E-74 8.22E-41 8.32E-28 3.45E-18 1.44E-13 5.37E-11 3.10E-10 5.15E-10
 6.43E-10 7.77E-10 8.77E-10 9.36E-10 9.31E-10 9.06E-10
 1.00E-74 8.75E-41 8.98E-28 3.50E-18 1.34E-13 5.17E-11 3.02E-10 5.04E-10
 6.30E-10 7.63E-10 8.62E-10 9.20E-10 9.14E-10 8.88E-10
 1.00E-74 8.83E-41 9.08E-28 3.51E-18 1.32E-13 5.16E-11 3.02E-10 5.03E-10
 6.29E-10 7.62E-10 8.60E-10 9.18E-10 9.12E-10 8.86E-10
 1.00E-74 9.00E-41 9.22E-28 3.54E-18 1.33E-13 5.16E-11 3.02E-10 5.02E-10
 6.28E-10 7.60E-10 8.59E-10 9.16E-10 9.10E-10 8.85E-10
 1.00E-74 1.04E-40 1.04E-27 3.87E-18 1.41E-13 5.27E-11 3.01E-10 4.99E-10
 6.21E-10 7.50E-10 8.45E-10 9.01E-10 8.95E-10 8.71E-10
 1.00E-74 1.78E-40 1.71E-27 6.00E-18 1.95E-13 5.96E-11 2.99E-10 4.70E-10
 5.72E-10 6.75E-10 7.48E-10 7.87E-10 7.80E-10 7.61E-10
 1.00E-74 1.56E-40 1.76E-27 7.46E-18 2.65E-13 6.43E-11 2.37E-10 3.23E-10
 3.64E-10 4.00E-10 4.18E-10 4.20E-10 4.09E-10 3.99E-10
  705.533    7  14 /pl=01:ss= 2:pb= 1:sz= 2/type=excit/ispb = t/isel =   12
 1.00E+10 1.00E+11 1.00E+12 1.00E+13 1.00E+14 1.00E+15 1.00E+16
 1.55E-01 2.33E-01 3.88E-01 7.75E-01 1.55E+00 3.88E+00 7.75E+00 1.16E+01
 1.55E+01 2.33E+01 3.88E+01 7.75E+01 1.55E+02 2.33E+02
 1.00E-74 6.35E-44 9.46E-30 2.77E-19 2.92E-14 2.14E-11 1.60E-10 2.95E-10
 3.91E-10 5.10E-10 6.11E-10 6.79E-10 6.86E-10 6.70E-10
 1.00E-74 7.93E-44 1.29E-29 3.94E-19 3.40E-14 2.17E-11 1.61E-10 2.95E-10
 3.91E-10 5.08E-10 6.09E-10 6.76E-10 6.83E-10 6.66E-10
 1.00E-74 8.14E-44 1.34E-29 4.12E-19 3.46E-14 2.17E-11 1.61E-10 2.95E-10
 3.91E-10 5.08E-10 6.09E-10 6.76E-10 6.82E-10 6.66E-10
 1.00E-74 8.29E-44 1.37E-29 4.18E-19 3.49E-14 2.18E-11 1.61E-10 2.95E-10
 3.91E-10 5.08E-10 6.08E-10 6.75E-10 6.82E-10 6.65E-10
 1.00E-74 9.51E-44 1.52E-29 4.53E-19 3.73E-14 2.26E-11 1.64E-10 2.98E-10
 3.92E-10 5.07E-10 6.04E-10 6.68E-10 6.73E-10 6.56E-10
 1.00E-74 1.61E-43 2.50E-29 7.00E-19 5.54E-14 2.87E-11 1.80E-10 3.08E-10
 3.91E-10 4.87E-10 5.61E-10 6.05E-10 6.03E-10 5.87E-10
 1.00E-74 1.36E-43 2.51E-29 8.63E-19 8.45E-14 3.73E-11 1.68E-10 2.45E-10
 2.86E-10 3.25E-10 3.49E-10 3.54E-10 3.43E-10 3.33E-10
  715.305    7  14 /pl=01:ss= 2:pb= 1:sz= 2/type=excit/ispb = t/isel =   13
 1.00E+10 1.00E+11 1.00E+12 1.00E+13 1.00E+14 1.00E+15 1.00E+16
 1.55E-01 2.33E-01 3.88E-01 7.75E-01 1.55E+00 3.88E+00 7.75E+00 1.16E+01
 1.55E+01 2.33E+01 3.88E+01 7.75E+01 1.55E+02 2.33E+02
 1.00E-74 9.50E-46 1.09E-30 1.13E-19 2.23E-14 2.24E-11 1.89E-10 3.70E-10
 5.08E-10 6.96E-10 8.83E-10 1.04E-09 1.09E-09 1.09E-09
 1.00E-74 2.00E-45 1.75E-30 1.90E-19 2.95E-14 2.37E-11 1.94E-10 3.76E-10
 5.16E-10 7.03E-10 8.90E-10 1.04E-09 1.10E-09 1.09E-09
 1.00E-74 2.05E-45 1.85E-30 2.03E-19 3.04E-14 2.39E-11 1.95E-10 3.77E-10
 5.16E-10 7.04E-10 8.91E-10 1.04E-09 1.10E-09 1.09E-09
 1.00E-74 2.07E-45 1.86E-30 2.04E-19 3.06E-14 2.39E-11 1.95E-10 3.77E-10
 5.16E-10 7.03E-10 8.90E-10 1.04E-09 1.10E-09 1.09E-09
 1.00E-74 2.14E-45 1.92E-30 2.09E-19 3.13E-14 2.43E-11 1.96E-10 3.76E-10
 5.12E-10 6.95E-10 8.77E-10 1.02E-09 1.08E-09 1.08E-09
 1.00E-74 2.60E-45 2.28E-30 2.41E-19 3.66E-14 2.69E-11 1.96E-10 3.58E-10
 4.75E-10 6.24E-10 7.68E-10 8.86E-10 9.35E-10 9.35E-10
 1.00E-74 2.50E-45 2.39E-30 2.77E-19 4.87E-14 3.02E-11 1.56E-10 2.42E-10
 2.93E-10 3.50E-10 4.01E-10 4.41E-10 4.62E-10 4.67E-10
  719.027    7  14 /pl=01:ss= 2:pb= 1:sz= 2/type=excit/ispb = t/isel =   14
 1.00E+10 1.00E+11 1.00E+12 1.00E+13 1.00E+14 1.00E+15 1.00E+16
 1.55E-01 2.33E-01 3.88E-01 7.75E-01 1.55E+00 3.88E+00 7.75E+00 1.16E+01
 1.55E+01 2.33E+01 3.88E+01 7.75E+01 1.55E+02 2.33E+02
 1.00E-74 2.21E-43 1.86E-29 3.56E-19 3.05E-14 2.00E-11 1.45E-10 2.64E-10
 3.48E-10 4.50E-10 5.42E-10 6.10E-10 6.26E-10 6.15E-10
 1.00E-74 2.76E-43 2.56E-29 5.09E-19 3.57E-14 2.03E-11 1.45E-10 2.63E-10
 3.48E-10 4.49E-10 5.40E-10 6.07E-10 6.23E-10 6.12E-10
 1.00E-74 2.84E-43 2.66E-29 5.33E-19 3.63E-14 2.03E-11 1.45E-10 2.63E-10
 3.48E-10 4.49E-10 5.40E-10 6.07E-10 6.22E-10 6.11E-10
 1.00E-74 2.91E-43 2.72E-29 5.42E-19 3.67E-14 2.05E-11 1.45E-10 2.64E-10
 3.48E-10 4.50E-10 5.40E-10 6.06E-10 6.22E-10 6.11E-10
 1.00E-74 3.47E-43 3.13E-29 6.02E-19 3.99E-14 2.15E-11 1.49E-10 2.68E-10
 3.52E-10 4.51E-10 5.38E-10 6.01E-10 6.15E-10 6.04E-10
 1.00E-74 6.48E-43 5.64E-29 1.02E-18 6.48E-14 2.93E-11 1.74E-10 2.91E-10
 3.66E-10 4.50E-10 5.15E-10 5.56E-10 5.59E-10 5.46E-10
 1.00E-74 5.67E-43 5.91E-29 1.32E-18 1.05E-13 4.06E-11 1.73E-10 2.45E-10
 2.83E-10 3.16E-10 3.35E-10 3.38E-10 3.28E-10 3.18E-10
  774.673    7  14 /pl=01:ss= 2:pb= 1:sz= 2/type=excit/ispb = t/isel =   15
 1.00E+10 1.00E+11 1.00E+12 1.00E+13 1.00E+14 1.00E+15 1.00E+16
 1.55E-01 2.33E-01 3.88E-01 7.75E-01 1.55E+00 3.88E+00 7.75E+00 1.16E+01
 1.55E+01 2.33E+01 3.88E+01 7.75E+01 1.55E+02 2.33E+02
 1.00E-74 7.24E-41 7.33E-28 2.83E-18 1.10E-13 4.59E-11 2.83E-10 4.93E-10
 6.32E-10 7.94E-10 9.37E-10 1.03E-09 1.03E-09 1.01E-09
 1.00E-74 8.90E-41 9.86E-28 3.97E-18 1.26E-13 4.62E-11 2.83E-10 4.91E-10
 6.30E-10 7.91E-10 9.32E-10 1.02E-09 1.03E-09 1.00E-09
 1.00E-74 9.13E-41 1.02E-27 4.14E-18 1.28E-13 4.63E-11 2.83E-10 4.91E-10
 6.30E-10 7.90E-10 9.32E-10 1.02E-09 1.02E-09 1.00E-09
 1.00E-74 9.33E-41 1.04E-27 4.21E-18 1.30E-13 4.65E-11 2.84E-10 4.92E-10
 6.30E-10 7.91E-10 9.31E-10 1.02E-09 1.02E-09 9.98E-10
 1.00E-74 1.10E-40 1.19E-27 4.63E-18 1.40E-13 4.87E-11 2.91E-10 4.99E-10
 6.35E-10 7.91E-10 9.27E-10 1.01E-09 1.01E-09 9.86E-10
 1.00E-74 1.88E-40 1.97E-27 7.29E-18 2.15E-13 6.32E-11 3.24E-10 5.20E-10
 6.38E-10 7.63E-10 8.63E-10 9.13E-10 9.05E-10 8.81E-10
 1.00E-74 1.45E-40 1.81E-27 8.34E-18 3.04E-13 7.58E-11 2.83E-10 3.88E-10
 4.40E-10 4.83E-10 5.09E-10 5.11E-10 4.96E-10 4.81E-10
  1263.42    7  14 /pl=01:ss= 2:pb= 1:sz= 2/type=excit/ispb = t/isel =   16
 1.00E+10 1.00E+11 1.00E+12 1.00E+13 1.00E+14 1.00E+15 1.00E+16
 1.55E-01 2.33E-01 3.88E-01 7.75E-01 1.55E+00 3.88E+00 7.75E+00 1.16E+01
 1.55E+01 2.33E+01 3.88E+01 7.75E+01 1.55E+02 2.33E+02
 1.84E-35 2.05E-26 3.03E-19 5.07E-14 1.29E-11 2.37E-10 5.23E-10 6.44E-10
 6.99E-10 7.35E-10 7.36E-10 6.90E-10 6.14E-10 5.66E-10
 2.14E-35 2.50E-26 3.96E-19 6.69E-14 1.42E-11 2.38E-10 5.21E-10 6.42E-10
 6.96E-10 7.32E-10 7.33E-10 6.86E-10 6.11E-10 5.62E-10
 2.17E-35 2.56E-26 4.09E-19 6.93E-14 1.43E-11 2.38E-10 5.21E-10 6.41E-10
 6.95E-10 7.31E-10 7.32E-10 6.86E-10 6.10E-10 5.61E-10
 2.16E-35 2.55E-26 4.09E-19 6.94E-14 1.43E-11 2.37E-10 5.19E-10 6.39E-10
 6.93E-10 7.29E-10 7.29E-10 6.84E-10 6.08E-10 5.60E-10
 2.05E-35 2.44E-26 3.96E-19 6.78E-14 1.41E-11 2.33E-10 5.05E-10 6.19E-10
 6.70E-10 7.03E-10 7.04E-10 6.62E-10 5.91E-10 5.46E-10
 1.34E-35 1.70E-26 2.95E-19 5.46E-14 1.22E-11 1.96E-10 3.96E-10 4.69E-10
 5.01E-10 5.22E-10 5.25E-10 5.03E-10 4.62E-10 4.34E-10
 2.96E-36 4.13E-27 8.17E-20 1.81E-14 5.02E-12 7.46E-11 1.18E-10 1.24E-10
 1.26E-10 1.26E-10 1.26E-10 1.26E-10 1.27E-10 1.27E-10
  1317.99    7  14 /pl=01:ss= 2:pb= 1:sz= 2/type=excit/ispb = t/isel =   17
 1.00E+10 1.00E+11 1.00E+12 1.00E+13 1.00E+14 1.00E+15 1.00E+16
 1.55E-01 2.33E-01 3.88E-01 7.75E-01 1.55E+00 3.88E+00 7.75E+00 1.16E+01
 1.55E+01 2.33E+01 3.88E+01 7.75E+01 1.55E+02 2.33E+02
 2.54E-34 1.18E-25 8.77E-19 8.77E-14 1.74E-11 2.75E-10 5.76E-10 6.96E-10
 7.45E-10 7.75E-10 7.66E-10 7.10E-10 6.29E-10 5.77E-10
 2.90E-34 1.42E-25 1.12E-18 1.12E-13 1.87E-11 2.74E-10 5.73E-10 6.91E-10
 7.41E-10 7.70E-10 7.61E-10 7.05E-10 6.24E-10 5.73E-10
 2.94E-34 1.45E-25 1.15E-18 1.16E-13 1.88E-11 2.74E-10 5.72E-10 6.91E-10
 7.40E-10 7.69E-10 7.60E-10 7.04E-10 6.23E-10 5.72E-10
 2.93E-34 1.44E-25 1.15E-18 1.16E-13 1.88E-11 2.73E-10 5.70E-10 6.88E-10
 7.36E-10 7.66E-10 7.57E-10 7.01E-10 6.21E-10 5.70E-10
 2.78E-34 1.38E-25 1.11E-18 1.13E-13 1.85E-11 2.68E-10 5.51E-10 6.60E-10
 7.06E-10 7.33E-10 7.25E-10 6.74E-10 6.00E-10 5.53E-10
 1.80E-34 9.50E-26 8.20E-19 9.00E-14 1.59E-11 2.19E-10 4.08E-10 4.70E-10
 4.93E-10 5.07E-10 5.05E-10 4.83E-10 4.48E-10 4.23E-10
 3.86E-35 2.25E-26 2.21E-19 2.91E-14 6.27E-12 7.78E-11 1.10E-10 1.10E-10
 1.09E-10 1.06E-10 1.04E-10 1.03E-10 1.05E-10 1.06E-10
  1357.84    7  14 /pl=01:ss= 2:pb= 1:sz= 2/type=excit/ispb = t/isel =   18
 1.00E+10 1.00E+11 1.00E+12 1.00E+13 1.00E+14 1.00E+15 1.00E+16
 1.55E-01 2.33E-01 3.88E-01 7.75E-01 1.55E+00 3.88E+00 7.75E+00 1.16E+01
 1.55E+01 2.33E+01 3.88E+01 7.75E+01 1.55E+02 2.33E+02
 3.04E-39 6.99E-29 1.15E-20 1.15E-14 6.94E-12 2.05E-10 5.30E-10 6.98E-10
 7.92E-10 8.83E-10 9.34E-10 9.18E-10 8.44E-10 7.86E-10
 3.81E-39 9.43E-29 1.71E-20 1.80E-14 8.73E-12 2.15E-10 5.42E-10 7.10E-10
 8.03E-10 8.93E-10 9.43E-10 9.24E-10 8.49E-10 7.91E-10
 3.90E-39 9.75E-29 1.80E-20 1.90E-14 8.95E-12 2.16E-10 5.43E-10 7.11E-10
 8.04E-10 8.94E-10 9.43E-10 9.25E-10 8.50E-10 7.91E-10
 3.89E-39 9.74E-29 1.80E-20 1.90E-14 8.96E-12 2.16E-10 5.43E-10 7.10E-10
 8.02E-10 8.91E-10 9.41E-10 9.22E-10 8.47E-10 7.90E-10
 3.71E-39 9.36E-29 1.75E-20 1.86E-14 8.87E-12 2.14E-10 5.34E-10 6.95E-10
 7.82E-10 8.67E-10 9.14E-10 8.97E-10 8.26E-10 7.71E-10
 2.49E-39 6.67E-29 1.33E-20 1.53E-14 7.97E-12 1.95E-10 4.51E-10 5.66E-10
 6.24E-10 6.79E-10 7.11E-10 7.04E-10 6.62E-10 6.27E-10
 5.65E-40 1.67E-29 3.80E-21 5.26E-15 3.55E-12 8.65E-11 1.57E-10 1.74E-10
 1.80E-10 1.85E-10 1.90E-10 1.94E-10 1.97E-10 1.98E-10
  1371.91    7  14 /pl=01:ss= 2:pb= 1:sz= 2/type=excit/ispb = t/isel =   19
 1.00E+10 1.00E+11 1.00E+12 1.00E+13 1.00E+14 1.00E+15 1.00E+16
 1.55E-01 2.33E-01 3.88E-01 7.75E-01 1.55E+00 3.88E+00 7.75E+00 1.16E+01
 1.55E+01 2.33E+01 3.88E+01 7.75E+01 1.55E+02 2.33E+02
 8.65E-33 1.88E-24 7.79E-18 5.22E-13 8.79E-11 1.22E-09 2.39E-09 2.78E-09
 2.89E-09 2.90E-09 2.77E-09 2.50E-09 2.18E-09 1.99E-09
 9.10E-33 2.01E-24 8.46E-18 5.35E-13 8.20E-11 1.18E-09 2.33E-09 2.72E-09
 2.84E-09 2.85E-09 2.72E-09 2.45E-09 2.14E-09 1.96E-09
 9.15E-33 2.03E-24 8.56E-18 5.37E-13 8.13E-11 1.17E-09 2.33E-09 2.71E-09
 2.83E-09 2.84E-09 2.71E-09 2.45E-09 2.14E-09 1.95E-09
 9.12E-33 2.03E-24 8.55E-18 5.36E-13 8.11E-11 1.17E-09 2.32E-09 2.70E-09
 2.82E-09 2.83E-09 2.70E-09 2.44E-09 2.13E-09 1.94E-09
 8.78E-33 1.97E-24 8.36E-18 5.28E-13 7.99E-11 1.14E-09 2.23E-09 2.59E-09
 2.71E-09 2.72E-09 2.60E-09 2.36E-09 2.07E-09 1.89E-09
 6.26E-33 1.48E-24 6.69E-18 4.51E-13 6.95E-11 9.15E-10 1.67E-09 1.90E-09
 1.96E-09 1.97E-09 1.91E-09 1.78E-09 1.61E-09 1.50E-09
 1.55E-33 4.06E-25 2.10E-18 1.70E-13 2.93E-11 3.32E-10 4.76E-10 4.86E-10
 4.82E-10 4.71E-10 4.60E-10 4.53E-10 4.49E-10 4.47E-10
  1375.31    7  14 /pl=01:ss= 2:pb= 1:sz= 2/type=excit/ispb = t/isel =   20
 1.00E+10 1.00E+11 1.00E+12 1.00E+13 1.00E+14 1.00E+15 1.00E+16
 1.55E-01 2.33E-01 3.88E-01 7.75E-01 1.55E+00 3.88E+00 7.75E+00 1.16E+01
 1.55E+01 2.33E+01 3.88E+01 7.75E+01 1.55E+02 2.33E+02
 2.86E-33 5.68E-25 2.11E-18 1.24E-13 1.89E-11 2.68E-10 5.46E-10 6.54E-10
 6.98E-10 7.25E-10 7.13E-10 6.57E-10 5.80E-10 5.30E-10
 3.30E-33 6.93E-25 2.78E-18 1.68E-13 2.10E-11 2.69E-10 5.45E-10 6.52E-10
 6.95E-10 7.21E-10 7.09E-10 6.53E-10 5.76E-10 5.26E-10
 3.35E-33 7.09E-25 2.88E-18 1.74E-13 2.13E-11 2.69E-10 5.44E-10 6.51E-10
 6.95E-10 7.21E-10 7.08E-10 6.53E-10 5.76E-10 5.26E-10
 3.33E-33 7.06E-25 2.87E-18 1.74E-13 2.13E-11 2.69E-10 5.42E-10 6.49E-10
 6.92E-10 7.17E-10 7.05E-10 6.50E-10 5.74E-10 5.24E-10
 3.10E-33 6.66E-25 2.74E-18 1.68E-13 2.08E-11 2.62E-10 5.24E-10 6.23E-10
 6.64E-10 6.87E-10 6.77E-10 6.26E-10 5.55E-10 5.09E-10
 1.81E-33 4.18E-25 1.86E-18 1.25E-13 1.70E-11 2.08E-10 3.83E-10 4.40E-10
 4.62E-10 4.75E-10 4.72E-10 4.49E-10 4.14E-10 3.89E-10
 3.48E-34 8.80E-26 4.44E-19 3.55E-14 5.96E-12 6.62E-11 9.37E-11 9.55E-11
 9.46E-11 9.31E-11 9.19E-11 9.23E-11 9.37E-11 9.45E-11
  1383.77    7  14 /pl=01:ss= 2:pb= 1:sz= 2/type=excit/ispb = t/isel =   21
 1.00E+10 1.00E+11 1.00E+12 1.00E+13 1.00E+14 1.00E+15 1.00E+16
 1.55E-01 2.33E-01 3.88E-01 7.75E-01 1.55E+00 3.88E+00 7.75E+00 1.16E+01
 1.55E+01 2.33E+01 3.88E+01 7.75E+01 1.55E+02 2.33E+02
 2.41E-39 5.55E-29 9.12E-21 9.15E-15 5.51E-12 1.62E-10 4.20E-10 5.54E-10
 6.28E-10 7.00E-10 7.41E-10 7.28E-10 6.69E-10 6.23E-10
 3.02E-39 7.48E-29 1.36E-20 1.43E-14 6.92E-12 1.71E-10 4.30E-10 5.63E-10
 6.37E-10 7.08E-10 7.48E-10 7.33E-10 6.74E-10 6.27E-10
 3.09E-39 7.73E-29 1.42E-20 1.50E-14 7.10E-12 1.71E-10 4.31E-10 5.64E-10
 6.37E-10 7.09E-10 7.48E-10 7.34E-10 6.74E-10 6.28E-10
 3.09E-39 7.72E-29 1.43E-20 1.51E-14 7.11E-12 1.71E-10 4.30E-10 5.63E-10
 6.36E-10 7.07E-10 7.46E-10 7.32E-10 6.72E-10 6.26E-10
 2.94E-39 7.43E-29 1.38E-20 1.48E-14 7.04E-12 1.70E-10 4.23E-10 5.51E-10
 6.21E-10 6.88E-10 7.25E-10 7.12E-10 6.55E-10 6.12E-10
 1.97E-39 5.29E-29 1.05E-20 1.21E-14 6.32E-12 1.54E-10 3.58E-10 4.49E-10
 4.95E-10 5.39E-10 5.64E-10 5.58E-10 5.25E-10 4.97E-10
 4.48E-40 1.33E-29 3.02E-21 4.17E-15 2.82E-12 6.86E-11 1.24E-10 1.38E-10
 1.43E-10 1.47E-10 1.51E-10 1.54E-10 1.56E-10 1.57E-10
  1388.32    7  14 /pl=01:ss= 2:pb= 1:sz= 2/type=excit/ispb = t/isel =   22
 1.00E+10 1.00E+11 1.00E+12 1.00E+13 1.00E+14 1.00E+15 1.00E+16
 1.55E-01 2.33E-01 3.88E-01 7.75E-01 1.55E+00 3.88E+00 7.75E+00 1.16E+01
 1.55E+01 2.33E+01 3.88E+01 7.75E+01 1.55E+02 2.33E+02
 3.37E-39 7.34E-29 1.16E-20 1.12E-14 6.58E-12 1.86E-10 4.72E-10 6.19E-10
 6.98E-10 7.73E-10 8.14E-10 7.95E-10 7.29E-10 6.78E-10
 4.04E-39 9.40E-29 1.63E-20 1.64E-14 7.91E-12 1.93E-10 4.80E-10 6.27E-10
 7.05E-10 7.79E-10 8.19E-10 7.99E-10 7.33E-10 6.81E-10
 4.12E-39 9.66E-29 1.70E-20 1.72E-14 8.07E-12 1.94E-10 4.81E-10 6.27E-10
 7.06E-10 7.80E-10 8.20E-10 8.00E-10 7.33E-10 6.81E-10
 4.11E-39 9.66E-29 1.70E-20 1.73E-14 8.08E-12 1.93E-10 4.80E-10 6.26E-10
 7.04E-10 7.77E-10 8.17E-10 7.97E-10 7.31E-10 6.79E-10
 3.94E-39 9.32E-29 1.65E-20 1.70E-14 8.01E-12 1.92E-10 4.71E-10 6.10E-10
 6.83E-10 7.53E-10 7.91E-10 7.73E-10 7.11E-10 6.62E-10
 2.71E-39 6.80E-29 1.28E-20 1.41E-14 7.28E-12 1.72E-10 3.88E-10 4.81E-10
 5.28E-10 5.71E-10 5.96E-10 5.91E-10 5.58E-10 5.29E-10
 6.31E-40 1.75E-29 3.78E-21 5.03E-15 3.33E-12 7.73E-11 1.33E-10 1.43E-10
 1.46E-10 1.48E-10 1.50E-10 1.53E-10 1.56E-10 1.57E-10
  1389.10    7  14 /pl=01:ss= 2:pb= 1:sz= 2/type=excit/ispb = t/isel =   23
 1.00E+10 1.00E+11 1.00E+12 1.00E+13 1.00E+14 1.00E+15 1.00E+16
 1.55E-01 2.33E-01 3.88E-01 7.75E-01 1.55E+00 3.88E+00 7.75E+00 1.16E+01
 1.55E+01 2.33E+01 3.88E+01 7.75E+01 1.55E+02 2.33E+02
 1.68E-37 9.09E-28 4.71E-20 1.97E-14 7.78E-12 1.92E-10 4.71E-10 6.06E-10
 6.75E-10 7.33E-10 7.56E-10 7.26E-10 6.56E-10 6.08E-10
 2.01E-37 1.17E-27 6.66E-20 2.92E-14 9.40E-12 1.98E-10 4.77E-10 6.10E-10
 6.78E-10 7.36E-10 7.58E-10 7.27E-10 6.57E-10 6.08E-10
 2.05E-37 1.20E-27 6.94E-20 3.06E-14 9.59E-12 1.98E-10 4.77E-10 6.10E-10
 6.78E-10 7.36E-10 7.58E-10 7.26E-10 6.57E-10 6.07E-10
 2.05E-37 1.20E-27 6.94E-20 3.07E-14 9.60E-12 1.98E-10 4.76E-10 6.09E-10
 6.76E-10 7.34E-10 7.55E-10 7.24E-10 6.55E-10 6.06E-10
 1.94E-37 1.15E-27 6.72E-20 3.00E-14 9.48E-12 1.95E-10 4.64E-10 5.91E-10
 6.55E-10 7.09E-10 7.29E-10 7.01E-10 6.36E-10 5.90E-10
 1.27E-37 8.00E-28 5.01E-20 2.42E-14 8.35E-12 1.69E-10 3.69E-10 4.50E-10
 4.89E-10 5.22E-10 5.37E-10 5.25E-10 4.91E-10 4.65E-10
 2.81E-38 1.95E-28 1.39E-20 8.07E-15 3.56E-12 6.77E-11 1.12E-10 1.20E-10
 1.22E-10 1.22E-10 1.23E-10 1.25E-10 1.28E-10 1.29E-10
  1395.93    7  14 /pl=01:ss= 2:pb= 1:sz= 2/type=excit/ispb = t/isel =   24
 1.00E+10 1.00E+11 1.00E+12 1.00E+13 1.00E+14 1.00E+15 1.00E+16
 1.55E-01 2.33E-01 3.88E-01 7.75E-01 1.55E+00 3.88E+00 7.75E+00 1.16E+01
 1.55E+01 2.33E+01 3.88E+01 7.75E+01 1.55E+02 2.33E+02
 3.28E-37 1.63E-27 7.86E-20 3.12E-14 1.19E-11 2.73E-10 6.52E-10 8.33E-10
 9.28E-10 1.01E-09 1.04E-09 1.00E-09 9.10E-10 8.40E-10
 3.93E-37 2.07E-27 1.10E-19 4.55E-14 1.42E-11 2.81E-10 6.61E-10 8.40E-10
 9.34E-10 1.01E-09 1.05E-09 1.01E-09 9.11E-10 8.41E-10
 4.00E-37 2.13E-27 1.14E-19 4.76E-14 1.45E-11 2.82E-10 6.61E-10 8.41E-10
 9.34E-10 1.01E-09 1.05E-09 1.01E-09 9.11E-10 8.41E-10
 3.99E-37 2.12E-27 1.14E-19 4.77E-14 1.45E-11 2.82E-10 6.60E-10 8.39E-10
 9.32E-10 1.01E-09 1.04E-09 1.00E-09 9.09E-10 8.39E-10
 3.79E-37 2.04E-27 1.11E-19 4.67E-14 1.43E-11 2.78E-10 6.46E-10 8.17E-10
 9.05E-10 9.80E-10 1.01E-09 9.72E-10 8.84E-10 8.19E-10
 2.49E-37 1.43E-27 8.29E-20 3.78E-14 1.27E-11 2.45E-10 5.27E-10 6.42E-10
 6.99E-10 7.46E-10 7.66E-10 7.48E-10 6.98E-10 6.57E-10
 5.51E-38 3.49E-28 2.31E-20 1.26E-14 5.41E-12 1.02E-10 1.71E-10 1.84E-10
 1.88E-10 1.91E-10 1.93E-10 1.95E-10 1.98E-10 1.97E-10
  1422.33    7  14 /pl=01:ss= 2:pb= 1:sz= 2/type=excit/ispb = t/isel =   25
 1.00E+10 1.00E+11 1.00E+12 1.00E+13 1.00E+14 1.00E+15 1.00E+16
 1.55E-01 2.33E-01 3.88E-01 7.75E-01 1.55E+00 3.88E+00 7.75E+00 1.16E+01
 1.55E+01 2.33E+01 3.88E+01 7.75E+01 1.55E+02 2.33E+02
 2.03E-45 5.88E-33 4.64E-23 8.37E-16 2.06E-12 1.20E-10 3.60E-10 4.97E-10
 5.81E-10 6.75E-10 7.48E-10 7.69E-10 7.30E-10 6.89E-10
 2.46E-45 7.56E-33 6.54E-23 1.24E-15 2.51E-12 1.27E-10 3.72E-10 5.12E-10
 5.97E-10 6.91E-10 7.64E-10 7.85E-10 7.45E-10 7.04E-10
 2.51E-45 7.78E-33 6.81E-23 1.30E-15 2.57E-12 1.28E-10 3.74E-10 5.14E-10
 5.99E-10 6.92E-10 7.65E-10 7.86E-10 7.47E-10 7.06E-10
 2.51E-45 7.78E-33 6.83E-23 1.30E-15 2.57E-12 1.28E-10 3.73E-10 5.13E-10
 5.98E-10 6.91E-10 7.64E-10 7.84E-10 7.45E-10 7.04E-10
 2.42E-45 7.57E-33 6.69E-23 1.28E-15 2.56E-12 1.27E-10 3.69E-10 5.04E-10
 5.85E-10 6.74E-10 7.44E-10 7.64E-10 7.27E-10 6.89E-10
 1.80E-45 5.90E-33 5.49E-23 1.11E-15 2.40E-12 1.20E-10 3.24E-10 4.26E-10
 4.83E-10 5.44E-10 5.93E-10 6.11E-10 5.92E-10 5.68E-10
 4.80E-46 1.75E-33 1.86E-23 4.56E-16 1.27E-12 6.55E-11 1.41E-10 1.63E-10
 1.72E-10 1.80E-10 1.88E-10 1.95E-10 1.99E-10 2.00E-10
  1425.32    7  14 /pl=01:ss= 2:pb= 1:sz= 2/type=excit/ispb = t/isel =   26
 1.00E+10 1.00E+11 1.00E+12 1.00E+13 1.00E+14 1.00E+15 1.00E+16
 1.55E-01 2.33E-01 3.88E-01 7.75E-01 1.55E+00 3.88E+00 7.75E+00 1.16E+01
 1.55E+01 2.33E+01 3.88E+01 7.75E+01 1.55E+02 2.33E+02
 1.59E-36 5.31E-27 1.87E-19 5.88E-14 2.02E-11 4.55E-10 1.09E-09 1.39E-09
 1.54E-09 1.66E-09 1.70E-09 1.63E-09 1.47E-09 1.36E-09
 1.93E-36 6.87E-27 2.65E-19 8.70E-14 2.43E-11 4.68E-10 1.10E-09 1.40E-09
 1.54E-09 1.66E-09 1.71E-09 1.63E-09 1.47E-09 1.36E-09
 1.97E-36 7.07E-27 2.77E-19 9.12E-14 2.48E-11 4.69E-10 1.10E-09 1.40E-09
 1.54E-09 1.66E-09 1.71E-09 1.63E-09 1.47E-09 1.36E-09
 1.96E-36 7.06E-27 2.77E-19 9.15E-14 2.48E-11 4.69E-10 1.10E-09 1.39E-09
 1.54E-09 1.66E-09 1.70E-09 1.62E-09 1.47E-09 1.35E-09
 1.86E-36 6.75E-27 2.68E-19 8.93E-14 2.45E-11 4.63E-10 1.07E-09 1.36E-09
 1.49E-09 1.61E-09 1.65E-09 1.58E-09 1.43E-09 1.32E-09
 1.21E-36 4.68E-27 1.99E-19 7.16E-14 2.15E-11 4.04E-10 8.71E-10 1.06E-09
 1.15E-09 1.22E-09 1.25E-09 1.21E-09 1.12E-09 1.06E-09
 2.64E-37 1.13E-27 5.45E-20 2.36E-14 9.04E-12 1.62E-10 2.70E-10 2.92E-10
 2.98E-10 3.02E-10 3.05E-10 3.09E-10 3.12E-10 3.13E-10
  1453.93    7  14 /pl=01:ss= 2:pb= 1:sz= 2/type=excit/ispb = t/isel =   27
 1.00E+10 1.00E+11 1.00E+12 1.00E+13 1.00E+14 1.00E+15 1.00E+16
 1.55E-01 2.33E-01 3.88E-01 7.75E-01 1.55E+00 3.88E+00 7.75E+00 1.16E+01
 1.55E+01 2.33E+01 3.88E+01 7.75E+01 1.55E+02 2.33E+02
 1.09E-31 7.82E-24 1.31E-17 4.33E-13 4.96E-11 5.49E-10 1.02E-09 1.17E-09
 1.22E-09 1.24E-09 1.19E-09 1.08E-09 9.42E-10 8.58E-10
 1.23E-31 9.06E-24 1.58E-17 5.12E-13 5.06E-11 5.41E-10 1.00E-09 1.16E-09
 1.21E-09 1.22E-09 1.18E-09 1.07E-09 9.32E-10 8.48E-10
 1.24E-31 9.22E-24 1.62E-17 5.24E-13 5.07E-11 5.40E-10 1.00E-09 1.16E-09
 1.21E-09 1.22E-09 1.18E-09 1.07E-09 9.30E-10 8.46E-10
 1.23E-31 9.18E-24 1.62E-17 5.23E-13 5.06E-11 5.38E-10 9.97E-10 1.15E-09
 1.20E-09 1.22E-09 1.17E-09 1.06E-09 9.27E-10 8.44E-10
 1.16E-31 8.70E-24 1.55E-17 5.07E-13 4.95E-11 5.22E-10 9.56E-10 1.10E-09
 1.15E-09 1.16E-09 1.12E-09 1.02E-09 8.95E-10 8.17E-10
 6.85E-32 5.52E-24 1.06E-17 3.79E-13 3.95E-11 3.99E-10 6.74E-10 7.51E-10
 7.75E-10 7.83E-10 7.65E-10 7.21E-10 6.61E-10 6.20E-10
 1.32E-32 1.17E-24 2.54E-18 1.08E-13 1.34E-11 1.23E-10 1.61E-10 1.59E-10
 1.55E-10 1.50E-10 1.47E-10 1.46E-10 1.47E-10 1.48E-10
  1478.69    7  14 /pl=01:ss= 2:pb= 1:sz= 2/type=excit/ispb = t/isel =   28
 1.00E+10 1.00E+11 1.00E+12 1.00E+13 1.00E+14 1.00E+15 1.00E+16
 1.55E-01 2.33E-01 3.88E-01 7.75E-01 1.55E+00 3.88E+00 7.75E+00 1.16E+01
 1.55E+01 2.33E+01 3.88E+01 7.75E+01 1.55E+02 2.33E+02
 1.56E-40 1.06E-29 4.17E-21 7.95E-15 6.42E-12 2.06E-10 5.46E-10 7.33E-10
 8.42E-10 9.56E-10 1.03E-09 1.03E-09 9.61E-10 8.98E-10
 1.92E-40 1.41E-29 6.11E-21 1.23E-14 8.16E-12 2.21E-10 5.67E-10 7.55E-10
 8.64E-10 9.76E-10 1.05E-09 1.05E-09 9.76E-10 9.12E-10
 1.97E-40 1.45E-29 6.39E-21 1.30E-14 8.37E-12 2.22E-10 5.69E-10 7.57E-10
 8.66E-10 9.78E-10 1.05E-09 1.05E-09 9.77E-10 9.14E-10
 1.96E-40 1.45E-29 6.40E-21 1.30E-14 8.39E-12 2.22E-10 5.68E-10 7.56E-10
 8.64E-10 9.76E-10 1.05E-09 1.05E-09 9.75E-10 9.12E-10
 1.86E-40 1.39E-29 6.20E-21 1.27E-14 8.29E-12 2.21E-10 5.60E-10 7.40E-10
 8.44E-10 9.50E-10 1.02E-09 1.02E-09 9.51E-10 8.91E-10
 1.24E-40 9.86E-30 4.69E-21 1.04E-14 7.41E-12 2.02E-10 4.79E-10 6.10E-10
 6.81E-10 7.51E-10 8.00E-10 8.04E-10 7.64E-10 7.26E-10
 2.81E-41 2.47E-30 1.34E-21 3.56E-15 3.31E-12 9.46E-11 1.79E-10 2.02E-10
 2.11E-10 2.19E-10 2.27E-10 2.34E-10 2.37E-10 2.37E-10
  1480.55    7  14 /pl=01:ss= 2:pb= 1:sz= 2/type=excit/ispb = t/isel =   29
 1.00E+10 1.00E+11 1.00E+12 1.00E+13 1.00E+14 1.00E+15 1.00E+16
 1.55E-01 2.33E-01 3.88E-01 7.75E-01 1.55E+00 3.88E+00 7.75E+00 1.16E+01
 1.55E+01 2.33E+01 3.88E+01 7.75E+01 1.55E+02 2.33E+02
 7.55E-39 1.74E-28 2.86E-20 2.87E-14 1.73E-11 5.10E-10 1.32E-09 1.74E-09
 1.97E-09 2.20E-09 2.33E-09 2.28E-09 2.10E-09 1.96E-09
 9.48E-39 2.35E-28 4.26E-20 4.47E-14 2.17E-11 5.35E-10 1.35E-09 1.77E-09
 2.00E-09 2.22E-09 2.35E-09 2.30E-09 2.11E-09 1.97E-09
 9.71E-39 2.43E-28 4.47E-20 4.72E-14 2.23E-11 5.38E-10 1.35E-09 1.77E-09
 2.00E-09 2.22E-09 2.35E-09 2.30E-09 2.11E-09 1.97E-09
 9.68E-39 2.42E-28 4.48E-20 4.74E-14 2.23E-11 5.38E-10 1.35E-09 1.77E-09
 2.00E-09 2.22E-09 2.34E-09 2.30E-09 2.11E-09 1.97E-09
 9.23E-39 2.33E-28 4.34E-20 4.64E-14 2.21E-11 5.34E-10 1.33E-09 1.73E-09
 1.95E-09 2.16E-09 2.28E-09 2.23E-09 2.06E-09 1.92E-09
 6.19E-39 1.66E-28 3.30E-20 3.80E-14 1.98E-11 4.84E-10 1.12E-09 1.41E-09
 1.55E-09 1.69E-09 1.77E-09 1.75E-09 1.65E-09 1.56E-09
 1.41E-39 4.17E-29 9.47E-21 1.31E-14 8.84E-12 2.15E-10 3.90E-10 4.32E-10
 4.47E-10 4.61E-10 4.72E-10 4.84E-10 4.91E-10 4.92E-10
  1491.92    7  14 /pl=01:ss= 2:pb= 1:sz= 2/type=excit/ispb = t/isel =   30
 1.00E+10 1.00E+11 1.00E+12 1.00E+13 1.00E+14 1.00E+15 1.00E+16
 1.55E-01 2.33E-01 3.88E-01 7.75E-01 1.55E+00 3.88E+00 7.75E+00 1.16E+01
 1.55E+01 2.33E+01 3.88E+01 7.75E+01 1.55E+02 2.33E+02
 5.31E-39 1.05E-28 1.54E-20 1.42E-14 8.40E-12 2.62E-10 7.06E-10 9.41E-10
 1.07E-09 1.20E-09 1.27E-09 1.25E-09 1.15E-09 1.07E-09
 6.99E-39 1.51E-28 2.46E-20 2.37E-14 1.10E-11 2.77E-10 7.23E-10 9.56E-10
 1.08E-09 1.21E-09 1.28E-09 1.26E-09 1.16E-09 1.08E-09
 7.20E-39 1.57E-28 2.60E-20 2.52E-14 1.14E-11 2.79E-10 7.24E-10 9.57E-10
 1.09E-09 1.21E-09 1.28E-09 1.26E-09 1.16E-09 1.08E-09
 7.20E-39 1.57E-28 2.61E-20 2.54E-14 1.14E-11 2.79E-10 7.23E-10 9.55E-10
 1.08E-09 1.21E-09 1.28E-09 1.26E-09 1.15E-09 1.07E-09
 6.97E-39 1.53E-28 2.56E-20 2.50E-14 1.14E-11 2.78E-10 7.13E-10 9.35E-10
 1.06E-09 1.18E-09 1.24E-09 1.22E-09 1.12E-09 1.05E-09
 4.91E-39 1.14E-28 2.03E-20 2.13E-14 1.06E-11 2.58E-10 6.03E-10 7.57E-10
 8.35E-10 9.10E-10 9.49E-10 9.44E-10 8.90E-10 8.43E-10
 1.14E-39 2.94E-29 5.98E-21 7.60E-15 4.92E-12 1.17E-10 2.07E-10 2.27E-10
 2.33E-10 2.38E-10 2.42E-10 2.47E-10 2.52E-10 2.52E-10
  1499.97    7  14 /pl=01:ss= 2:pb= 1:sz= 2/type=excit/ispb = t/isel =   31
 1.00E+10 1.00E+11 1.00E+12 1.00E+13 1.00E+14 1.00E+15 1.00E+16
 1.55E-01 2.33E-01 3.88E-01 7.75E-01 1.55E+00 3.88E+00 7.75E+00 1.16E+01
 1.55E+01 2.33E+01 3.88E+01 7.75E+01 1.55E+02 2.33E+02
 4.76E-35 6.30E-26 1.06E-18 1.90E-13 4.98E-11 9.89E-10 2.27E-09 2.83E-09
 3.10E-09 3.29E-09 3.33E-09 3.14E-09 2.81E-09 2.59E-09
 5.60E-35 7.88E-26 1.44E-18 2.71E-13 5.80E-11 1.00E-09 2.27E-09 2.83E-09
 3.10E-09 3.29E-09 3.32E-09 3.13E-09 2.80E-09 2.58E-09
 5.69E-35 8.08E-26 1.50E-18 2.83E-13 5.90E-11 1.01E-09 2.28E-09 2.83E-09
 3.09E-09 3.29E-09 3.32E-09 3.13E-09 2.80E-09 2.57E-09
 5.67E-35 8.07E-26 1.50E-18 2.84E-13 5.91E-11 1.00E-09 2.27E-09 2.82E-09
 3.08E-09 3.28E-09 3.31E-09 3.12E-09 2.79E-09 2.57E-09
 5.38E-35 7.72E-26 1.45E-18 2.77E-13 5.83E-11 9.90E-10 2.21E-09 2.74E-09
 2.99E-09 3.17E-09 3.20E-09 3.02E-09 2.71E-09 2.50E-09
 3.50E-35 5.35E-26 1.08E-18 2.23E-13 5.11E-11 8.49E-10 1.76E-09 2.10E-09
 2.25E-09 2.36E-09 2.38E-09 2.29E-09 2.12E-09 1.99E-09
 7.66E-36 1.29E-26 2.96E-19 7.35E-14 2.13E-11 3.28E-10 5.20E-10 5.51E-10
 5.57E-10 5.57E-10 5.58E-10 5.62E-10 5.66E-10 5.67E-10
  1504.56    7  14 /pl=01:ss= 2:pb= 1:sz= 2/type=excit/ispb = t/isel =   32
 1.00E+10 1.00E+11 1.00E+12 1.00E+13 1.00E+14 1.00E+15 1.00E+16
 1.55E-01 2.33E-01 3.88E-01 7.75E-01 1.55E+00 3.88E+00 7.75E+00 1.16E+01
 1.55E+01 2.33E+01 3.88E+01 7.75E+01 1.55E+02 2.33E+02
 3.27E-37 1.62E-27 7.82E-20 3.11E-14 1.18E-11 2.71E-10 6.49E-10 8.29E-10
 9.23E-10 1.00E-09 1.04E-09 9.98E-10 9.05E-10 8.36E-10
 3.91E-37 2.06E-27 1.09E-19 4.53E-14 1.41E-11 2.80E-10 6.57E-10 8.36E-10
 9.30E-10 1.01E-09 1.04E-09 1.00E-09 9.07E-10 8.37E-10
 3.98E-37 2.12E-27 1.14E-19 4.74E-14 1.44E-11 2.80E-10 6.58E-10 8.37E-10
 9.30E-10 1.01E-09 1.04E-09 1.00E-09 9.07E-10 8.37E-10
 3.97E-37 2.11E-27 1.14E-19 4.75E-14 1.44E-11 2.80E-10 6.57E-10 8.35E-10
 9.27E-10 1.01E-09 1.04E-09 9.97E-10 9.04E-10 8.35E-10
 3.77E-37 2.03E-27 1.10E-19 4.64E-14 1.42E-11 2.77E-10 6.43E-10 8.13E-10
 9.01E-10 9.76E-10 1.01E-09 9.68E-10 8.80E-10 8.15E-10
 2.48E-37 1.42E-27 8.25E-20 3.76E-14 1.26E-11 2.43E-10 5.25E-10 6.39E-10
 6.95E-10 7.42E-10 7.62E-10 7.44E-10 6.94E-10 6.54E-10
 5.49E-38 3.47E-28 2.29E-20 1.26E-14 5.39E-12 1.01E-10 1.70E-10 1.83E-10
 1.87E-10 1.90E-10 1.92E-10 1.95E-10 1.97E-10 1.96E-10
  1506.76    7  14 /pl=01:ss= 2:pb= 1:sz= 2/type=excit/ispb = t/isel =   33
 1.00E+10 1.00E+11 1.00E+12 1.00E+13 1.00E+14 1.00E+15 1.00E+16
 1.55E-01 2.33E-01 3.88E-01 7.75E-01 1.55E+00 3.88E+00 7.75E+00 1.16E+01
 1.55E+01 2.33E+01 3.88E+01 7.75E+01 1.55E+02 2.33E+02
 7.11E-37 2.37E-27 8.34E-20 2.62E-14 9.01E-12 2.03E-10 4.85E-10 6.19E-10
 6.85E-10 7.40E-10 7.60E-10 7.26E-10 6.56E-10 6.06E-10
 8.59E-37 3.06E-27 1.18E-19 3.88E-14 1.08E-11 2.09E-10 4.90E-10 6.22E-10
 6.88E-10 7.42E-10 7.61E-10 7.27E-10 6.56E-10 6.06E-10
 8.77E-37 3.15E-27 1.23E-19 4.07E-14 1.10E-11 2.09E-10 4.90E-10 6.23E-10
 6.88E-10 7.42E-10 7.61E-10 7.26E-10 6.56E-10 6.06E-10
 8.74E-37 3.15E-27 1.24E-19 4.08E-14 1.10E-11 2.09E-10 4.89E-10 6.21E-10
 6.86E-10 7.40E-10 7.58E-10 7.24E-10 6.54E-10 6.04E-10
 8.28E-37 3.01E-27 1.19E-19 3.98E-14 1.09E-11 2.06E-10 4.78E-10 6.05E-10
 6.66E-10 7.17E-10 7.35E-10 7.03E-10 6.36E-10 5.89E-10
 5.39E-37 2.09E-27 8.86E-20 3.19E-14 9.58E-12 1.80E-10 3.88E-10 4.73E-10
 5.12E-10 5.44E-10 5.56E-10 5.40E-10 5.01E-10 4.72E-10
 1.18E-37 5.03E-28 2.43E-20 1.05E-14 4.03E-12 7.22E-11 1.21E-10 1.30E-10
 1.33E-10 1.35E-10 1.36E-10 1.38E-10 1.39E-10 1.39E-10
  1515.82    7  14 /pl=01:ss= 2:pb= 1:sz= 2/type=excit/ispb = t/isel =   34
 1.00E+10 1.00E+11 1.00E+12 1.00E+13 1.00E+14 1.00E+15 1.00E+16
 1.55E-01 2.33E-01 3.88E-01 7.75E-01 1.55E+00 3.88E+00 7.75E+00 1.16E+01
 1.55E+01 2.33E+01 3.88E+01 7.75E+01 1.55E+02 2.33E+02
 1.76E-35 1.95E-26 2.89E-19 4.83E-14 1.23E-11 2.26E-10 4.98E-10 6.14E-10
 6.66E-10 7.00E-10 7.01E-10 6.58E-10 5.86E-10 5.39E-10
 2.04E-35 2.38E-26 3.77E-19 6.37E-14 1.35E-11 2.26E-10 4.97E-10 6.11E-10
 6.63E-10 6.97E-10 6.98E-10 6.54E-10 5.82E-10 5.35E-10
 2.07E-35 2.43E-26 3.90E-19 6.60E-14 1.36E-11 2.26E-10 4.96E-10 6.11E-10
 6.63E-10 6.97E-10 6.97E-10 6.54E-10 5.81E-10 5.35E-10
 2.06E-35 2.43E-26 3.90E-19 6.61E-14 1.36E-11 2.26E-10 4.95E-10 6.09E-10
 6.60E-10 6.94E-10 6.95E-10 6.51E-10 5.80E-10 5.33E-10
 1.96E-35 2.33E-26 3.77E-19 6.46E-14 1.34E-11 2.22E-10 4.81E-10 5.90E-10
 6.38E-10 6.70E-10 6.71E-10 6.31E-10 5.64E-10 5.20E-10
 1.28E-35 1.62E-26 2.81E-19 5.20E-14 1.17E-11 1.87E-10 3.77E-10 4.47E-10
 4.78E-10 4.98E-10 5.00E-10 4.79E-10 4.40E-10 4.14E-10
 2.82E-36 3.94E-27 7.78E-20 1.73E-14 4.78E-12 7.11E-11 1.12E-10 1.19E-10
 1.20E-10 1.20E-10 1.20E-10 1.20E-10 1.21E-10 1.21E-10
  1523.39    7  14 /pl=01:ss= 2:pb= 1:sz= 2/type=excit/ispb = t/isel =   35
 1.00E+10 1.00E+11 1.00E+12 1.00E+13 1.00E+14 1.00E+15 1.00E+16
 1.55E-01 2.33E-01 3.88E-01 7.75E-01 1.55E+00 3.88E+00 7.75E+00 1.16E+01
 1.55E+01 2.33E+01 3.88E+01 7.75E+01 1.55E+02 2.33E+02
 3.67E-30 1.16E-22 1.04E-16 2.19E-12 2.09E-10 2.07E-09 3.61E-09 4.04E-09
 4.12E-09 4.05E-09 3.79E-09 3.35E-09 2.89E-09 2.62E-09
 3.83E-30 1.23E-22 1.11E-16 2.20E-12 1.92E-10 1.98E-09 3.51E-09 3.93E-09
 4.02E-09 3.95E-09 3.70E-09 3.26E-09 2.80E-09 2.54E-09
 3.85E-30 1.24E-22 1.12E-16 2.20E-12 1.90E-10 1.97E-09 3.49E-09 3.92E-09
 4.00E-09 3.93E-09 3.68E-09 3.24E-09 2.79E-09 2.52E-09
 3.83E-30 1.23E-22 1.11E-16 2.19E-12 1.89E-10 1.97E-09 3.47E-09 3.90E-09
 3.98E-09 3.91E-09 3.66E-09 3.23E-09 2.78E-09 2.51E-09
 3.62E-30 1.18E-22 1.08E-16 2.14E-12 1.85E-10 1.89E-09 3.30E-09 3.69E-09
 3.77E-09 3.70E-09 3.48E-09 3.09E-09 2.68E-09 2.43E-09
 2.25E-30 7.83E-23 7.68E-17 1.66E-12 1.47E-10 1.39E-09 2.22E-09 2.40E-09
 2.43E-09 2.40E-09 2.30E-09 2.13E-09 1.94E-09 1.81E-09
 4.51E-31 1.73E-23 1.93E-17 4.97E-13 4.91E-11 3.94E-10 4.89E-10 4.74E-10
 4.56E-10 4.35E-10 4.18E-10 4.09E-10 4.12E-10 4.14E-10
  1523.91    7  14 /pl=01:ss= 2:pb= 1:sz= 2/type=excit/ispb = t/isel =   36
 1.00E+10 1.00E+11 1.00E+12 1.00E+13 1.00E+14 1.00E+15 1.00E+16
 1.55E-01 2.33E-01 3.88E-01 7.75E-01 1.55E+00 3.88E+00 7.75E+00 1.16E+01
 1.55E+01 2.33E+01 3.88E+01 7.75E+01 1.55E+02 2.33E+02
 1.42E-36 5.62E-27 2.27E-19 7.90E-14 2.82E-11 6.24E-10 1.49E-09 1.89E-09
 2.11E-09 2.29E-09 2.36E-09 2.27E-09 2.06E-09 1.90E-09
 1.70E-36 7.15E-27 3.16E-19 1.15E-13 3.35E-11 6.42E-10 1.50E-09 1.91E-09
 2.12E-09 2.30E-09 2.37E-09 2.28E-09 2.06E-09 1.90E-09
 1.73E-36 7.35E-27 3.29E-19 1.20E-13 3.41E-11 6.44E-10 1.50E-09 1.91E-09
 2.12E-09 2.30E-09 2.37E-09 2.27E-09 2.06E-09 1.90E-09
 1.72E-36 7.34E-27 3.29E-19 1.20E-13 3.42E-11 6.43E-10 1.50E-09 1.90E-09
 2.11E-09 2.29E-09 2.36E-09 2.27E-09 2.05E-09 1.90E-09
 1.64E-36 7.04E-27 3.19E-19 1.18E-13 3.38E-11 6.36E-10 1.47E-09 1.85E-09
 2.05E-09 2.22E-09 2.29E-09 2.20E-09 2.00E-09 1.85E-09
 1.08E-36 4.94E-27 2.40E-19 9.54E-14 3.00E-11 5.60E-10 1.20E-09 1.45E-09
 1.58E-09 1.68E-09 1.73E-09 1.69E-09 1.57E-09 1.48E-09
 2.37E-37 1.20E-27 6.62E-20 3.18E-14 1.27E-11 2.31E-10 3.82E-10 4.10E-10
 4.18E-10 4.23E-10 4.27E-10 4.33E-10 4.37E-10 4.38E-10
  1529.80    7  14 /pl=01:ss= 2:pb= 1:sz= 2/type=excit/ispb = t/isel =   37
 1.00E+10 1.00E+11 1.00E+12 1.00E+13 1.00E+14 1.00E+15 1.00E+16
 1.55E-01 2.33E-01 3.88E-01 7.75E-01 1.55E+00 3.88E+00 7.75E+00 1.16E+01
 1.55E+01 2.33E+01 3.88E+01 7.75E+01 1.55E+02 2.33E+02
 9.20E-30 2.73E-22 2.32E-16 4.80E-12 4.55E-10 4.43E-09 7.65E-09 8.50E-09
 8.63E-09 8.40E-09 7.79E-09 6.86E-09 5.86E-09 5.31E-09
 9.34E-30 2.79E-22 2.37E-16 4.53E-12 4.06E-10 4.23E-09 7.43E-09 8.28E-09
 8.43E-09 8.22E-09 7.63E-09 6.71E-09 5.73E-09 5.18E-09
 9.35E-30 2.80E-22 2.38E-16 4.49E-12 4.00E-10 4.21E-09 7.40E-09 8.25E-09
 8.40E-09 8.19E-09 7.61E-09 6.69E-09 5.71E-09 5.17E-09
 9.31E-30 2.79E-22 2.37E-16 4.48E-12 3.98E-10 4.19E-09 7.37E-09 8.21E-09
 8.36E-09 8.15E-09 7.57E-09 6.66E-09 5.69E-09 5.15E-09
 8.89E-30 2.68E-22 2.30E-16 4.39E-12 3.90E-10 4.06E-09 7.06E-09 7.85E-09
 7.99E-09 7.80E-09 7.27E-09 6.42E-09 5.51E-09 5.01E-09
 5.81E-30 1.87E-22 1.71E-16 3.52E-12 3.18E-10 3.07E-09 5.01E-09 5.46E-09
 5.54E-09 5.44E-09 5.16E-09 4.72E-09 4.20E-09 3.91E-09
 1.23E-30 4.37E-23 4.58E-17 1.13E-12 1.10E-10 9.12E-10 1.20E-09 1.19E-09
 1.17E-09 1.13E-09 1.10E-09 1.08E-09 1.06E-09 1.06E-09
  1538.76    7  14 /pl=01:ss= 2:pb= 1:sz= 2/type=excit/ispb = t/isel =   38
 1.00E+10 1.00E+11 1.00E+12 1.00E+13 1.00E+14 1.00E+15 1.00E+16
 1.55E-01 2.33E-01 3.88E-01 7.75E-01 1.55E+00 3.88E+00 7.75E+00 1.16E+01
 1.55E+01 2.33E+01 3.88E+01 7.75E+01 1.55E+02 2.33E+02
 1.38E-36 4.61E-27 1.62E-19 5.10E-14 1.75E-11 3.95E-10 9.42E-10 1.20E-09
 1.33E-09 1.44E-09 1.48E-09 1.41E-09 1.28E-09 1.18E-09
 1.67E-36 5.95E-27 2.30E-19 7.54E-14 2.10E-11 4.06E-10 9.52E-10 1.21E-09
 1.34E-09 1.44E-09 1.48E-09 1.41E-09 1.27E-09 1.18E-09
 1.70E-36 6.13E-27 2.40E-19 7.91E-14 2.15E-11 4.07E-10 9.52E-10 1.21E-09
 1.34E-09 1.44E-09 1.48E-09 1.41E-09 1.27E-09 1.18E-09
 1.70E-36 6.12E-27 2.40E-19 7.93E-14 2.15E-11 4.06E-10 9.51E-10 1.21E-09
 1.33E-09 1.44E-09 1.47E-09 1.41E-09 1.27E-09 1.17E-09
 1.61E-36 5.85E-27 2.32E-19 7.74E-14 2.12E-11 4.01E-10 9.30E-10 1.18E-09
 1.29E-09 1.39E-09 1.43E-09 1.37E-09 1.24E-09 1.15E-09
 1.05E-36 4.06E-27 1.72E-19 6.21E-14 1.86E-11 3.50E-10 7.55E-10 9.20E-10
 9.96E-10 1.06E-09 1.08E-09 1.05E-09 9.75E-10 9.18E-10
 2.29E-37 9.79E-28 4.73E-20 2.05E-14 7.83E-12 1.40E-10 2.34E-10 2.53E-10
 2.58E-10 2.62E-10 2.64E-10 2.68E-10 2.71E-10 2.71E-10
  1547.15    7  14 /pl=01:ss= 2:pb= 1:sz= 2/type=excit/ispb = t/isel =   39
 1.00E+10 1.00E+11 1.00E+12 1.00E+13 1.00E+14 1.00E+15 1.00E+16
 1.55E-01 2.33E-01 3.88E-01 7.75E-01 1.55E+00 3.88E+00 7.75E+00 1.16E+01
 1.55E+01 2.33E+01 3.88E+01 7.75E+01 1.55E+02 2.33E+02
 2.75E-34 2.12E-25 2.32E-18 3.05E-13 6.95E-11 1.31E-09 2.92E-09 3.60E-09
 3.90E-09 4.10E-09 4.09E-09 3.82E-09 3.39E-09 3.11E-09
 3.16E-34 2.58E-25 3.07E-18 4.17E-13 7.83E-11 1.32E-09 2.92E-09 3.59E-09
 3.89E-09 4.08E-09 4.07E-09 3.79E-09 3.37E-09 3.09E-09
 3.20E-34 2.64E-25 3.18E-18 4.34E-13 7.94E-11 1.32E-09 2.91E-09 3.59E-09
 3.88E-09 4.08E-09 4.06E-09 3.79E-09 3.36E-09 3.08E-09
 3.19E-34 2.63E-25 3.18E-18 4.35E-13 7.94E-11 1.31E-09 2.91E-09 3.58E-09
 3.87E-09 4.06E-09 4.05E-09 3.77E-09 3.35E-09 3.07E-09
 3.05E-34 2.54E-25 3.09E-18 4.26E-13 7.86E-11 1.29E-09 2.83E-09 3.47E-09
 3.75E-09 3.93E-09 3.91E-09 3.66E-09 3.26E-09 3.00E-09
 2.05E-34 1.81E-25 2.36E-18 3.50E-13 6.99E-11 1.10E-09 2.22E-09 2.63E-09
 2.79E-09 2.89E-09 2.89E-09 2.75E-09 2.53E-09 2.37E-09
 4.55E-35 4.45E-26 6.61E-19 1.18E-13 2.94E-11 4.16E-10 6.41E-10 6.70E-10
 6.73E-10 6.68E-10 6.63E-10 6.63E-10 6.66E-10 6.66E-10
  1590.45    7  14 /pl=01:ss= 2:pb= 1:sz= 2/type=excit/ispb = t/isel =   40
 1.00E+10 1.00E+11 1.00E+12 1.00E+13 1.00E+14 1.00E+15 1.00E+16
 1.55E-01 2.33E-01 3.88E-01 7.75E-01 1.55E+00 3.88E+00 7.75E+00 1.16E+01
 1.55E+01 2.33E+01 3.88E+01 7.75E+01 1.55E+02 2.33E+02
 1.90E-35 2.51E-26 4.20E-19 7.58E-14 1.98E-11 3.94E-10 9.03E-10 1.13E-09
 1.23E-09 1.31E-09 1.33E-09 1.25E-09 1.12E-09 1.03E-09
 2.23E-35 3.14E-26 5.75E-19 1.08E-13 2.31E-11 4.00E-10 9.06E-10 1.13E-09
 1.23E-09 1.31E-09 1.32E-09 1.25E-09 1.11E-09 1.03E-09
 2.27E-35 3.22E-26 5.97E-19 1.13E-13 2.35E-11 4.01E-10 9.06E-10 1.13E-09
 1.23E-09 1.31E-09 1.32E-09 1.25E-09 1.11E-09 1.03E-09
 2.26E-35 3.21E-26 5.98E-19 1.13E-13 2.35E-11 4.00E-10 9.04E-10 1.12E-09
 1.23E-09 1.30E-09 1.32E-09 1.24E-09 1.11E-09 1.02E-09
 2.14E-35 3.08E-26 5.78E-19 1.10E-13 2.32E-11 3.94E-10 8.82E-10 1.09E-09
 1.19E-09 1.26E-09 1.27E-09 1.20E-09 1.08E-09 9.96E-10
 1.40E-35 2.13E-26 4.29E-19 8.87E-14 2.03E-11 3.38E-10 7.00E-10 8.37E-10
 8.97E-10 9.40E-10 9.49E-10 9.13E-10 8.42E-10 7.92E-10
 3.05E-36 5.14E-27 1.18E-19 2.93E-14 8.49E-12 1.30E-10 2.07E-10 2.19E-10
 2.22E-10 2.22E-10 2.22E-10 2.24E-10 2.25E-10 2.26E-10
  1594.34    7  14 /pl=01:ss= 2:pb= 1:sz= 2/type=excit/ispb = t/isel =   41
 1.00E+10 1.00E+11 1.00E+12 1.00E+13 1.00E+14 1.00E+15 1.00E+16
 1.55E-01 2.33E-01 3.88E-01 7.75E-01 1.55E+00 3.88E+00 7.75E+00 1.16E+01
 1.55E+01 2.33E+01 3.88E+01 7.75E+01 1.55E+02 2.33E+02
 1.12E-40 7.97E-30 3.26E-21 6.38E-15 5.12E-12 1.55E-10 3.94E-10 5.25E-10
 6.03E-10 6.88E-10 7.48E-10 7.51E-10 6.99E-10 6.53E-10
 1.37E-40 1.04E-29 4.68E-21 9.63E-15 6.38E-12 1.65E-10 4.09E-10 5.40E-10
 6.19E-10 7.02E-10 7.61E-10 7.64E-10 7.10E-10 6.64E-10
 1.40E-40 1.07E-29 4.89E-21 1.01E-14 6.53E-12 1.66E-10 4.10E-10 5.42E-10
 6.20E-10 7.04E-10 7.63E-10 7.65E-10 7.11E-10 6.65E-10
 1.39E-40 1.07E-29 4.89E-21 1.01E-14 6.53E-12 1.66E-10 4.10E-10 5.41E-10
 6.19E-10 7.02E-10 7.60E-10 7.62E-10 7.10E-10 6.64E-10
 1.30E-40 1.02E-29 4.69E-21 9.85E-15 6.43E-12 1.65E-10 4.02E-10 5.28E-10
 6.03E-10 6.82E-10 7.38E-10 7.41E-10 6.91E-10 6.48E-10
 8.04E-41 6.70E-30 3.33E-21 7.61E-15 5.52E-12 1.47E-10 3.39E-10 4.28E-10
 4.78E-10 5.30E-10 5.68E-10 5.75E-10 5.49E-10 5.22E-10
 1.67E-41 1.53E-30 8.61E-22 2.36E-15 2.23E-12 6.40E-11 1.20E-10 1.35E-10
 1.41E-10 1.47E-10 1.53E-10 1.58E-10 1.62E-10 1.62E-10
  1608.28    7  14 /pl=01:ss= 2:pb= 1:sz= 2/type=excit/ispb = t/isel =   42
 1.00E+10 1.00E+11 1.00E+12 1.00E+13 1.00E+14 1.00E+15 1.00E+16
 1.55E-01 2.33E-01 3.88E-01 7.75E-01 1.55E+00 3.88E+00 7.75E+00 1.16E+01
 1.55E+01 2.33E+01 3.88E+01 7.75E+01 1.55E+02 2.33E+02
 2.37E-35 2.63E-26 3.89E-19 6.50E-14 1.65E-11 3.04E-10 6.70E-10 8.26E-10
 8.96E-10 9.43E-10 9.44E-10 8.85E-10 7.88E-10 7.25E-10
 2.74E-35 3.20E-26 5.08E-19 8.58E-14 1.81E-11 3.05E-10 6.69E-10 8.23E-10
 8.92E-10 9.39E-10 9.39E-10 8.80E-10 7.83E-10 7.21E-10
 2.79E-35 3.28E-26 5.25E-19 8.89E-14 1.83E-11 3.05E-10 6.68E-10 8.22E-10
 8.92E-10 9.38E-10 9.39E-10 8.79E-10 7.82E-10 7.20E-10
 2.78E-35 3.27E-26 5.25E-19 8.90E-14 1.83E-11 3.04E-10 6.66E-10 8.19E-10
 8.88E-10 9.34E-10 9.35E-10 8.77E-10 7.80E-10 7.18E-10
 2.63E-35 3.13E-26 5.07E-19 8.69E-14 1.81E-11 2.98E-10 6.48E-10 7.93E-10
 8.59E-10 9.02E-10 9.03E-10 8.49E-10 7.58E-10 7.00E-10
 1.72E-35 2.18E-26 3.79E-19 7.00E-14 1.57E-11 2.51E-10 5.07E-10 6.02E-10
 6.43E-10 6.70E-10 6.73E-10 6.45E-10 5.93E-10 5.57E-10
 3.79E-36 5.30E-27 1.05E-19 2.32E-14 6.43E-12 9.57E-11 1.51E-10 1.60E-10
 1.61E-10 1.62E-10 1.61E-10 1.62E-10 1.63E-10 1.62E-10
  1629.17    7  14 /pl=01:ss= 2:pb= 1:sz= 2/type=excit/ispb = t/isel =   43
 1.00E+10 1.00E+11 1.00E+12 1.00E+13 1.00E+14 1.00E+15 1.00E+16
 1.55E-01 2.33E-01 3.88E-01 7.75E-01 1.55E+00 3.88E+00 7.75E+00 1.16E+01
 1.55E+01 2.33E+01 3.88E+01 7.75E+01 1.55E+02 2.33E+02
 1.08E-33 3.48E-25 1.90E-18 1.48E-13 2.57E-11 4.03E-10 8.46E-10 1.03E-09
 1.10E-09 1.15E-09 1.15E-09 1.06E-09 9.43E-10 8.64E-10
 1.25E-33 4.28E-25 2.55E-18 2.06E-13 2.94E-11 4.07E-10 8.47E-10 1.03E-09
 1.10E-09 1.15E-09 1.14E-09 1.06E-09 9.38E-10 8.59E-10
 1.27E-33 4.39E-25 2.64E-18 2.14E-13 2.98E-11 4.07E-10 8.47E-10 1.02E-09
 1.10E-09 1.15E-09 1.14E-09 1.06E-09 9.37E-10 8.58E-10
 1.26E-33 4.37E-25 2.64E-18 2.15E-13 2.98E-11 4.07E-10 8.44E-10 1.02E-09
 1.10E-09 1.15E-09 1.14E-09 1.06E-09 9.34E-10 8.56E-10
 1.18E-33 4.15E-25 2.53E-18 2.09E-13 2.93E-11 3.99E-10 8.20E-10 9.87E-10
 1.06E-09 1.10E-09 1.10E-09 1.02E-09 9.07E-10 8.33E-10
 7.27E-34 2.73E-25 1.79E-18 1.61E-13 2.47E-11 3.28E-10 6.26E-10 7.28E-10
 7.68E-10 7.95E-10 7.93E-10 7.55E-10 6.94E-10 6.51E-10
 1.47E-34 6.08E-26 4.53E-19 4.86E-14 9.35E-12 1.14E-10 1.67E-10 1.72E-10
 1.72E-10 1.70E-10 1.69E-10 1.69E-10 1.71E-10 1.71E-10
  1646.61    7  14 /pl=01:ss= 2:pb= 1:sz= 2/type=excit/ispb = t/isel =   44
 1.00E+10 1.00E+11 1.00E+12 1.00E+13 1.00E+14 1.00E+15 1.00E+16
 1.55E-01 2.33E-01 3.88E-01 7.75E-01 1.55E+00 3.88E+00 7.75E+00 1.16E+01
 1.55E+01 2.33E+01 3.88E+01 7.75E+01 1.55E+02 2.33E+02
 1.55E-33 4.21E-25 2.00E-18 1.40E-13 2.26E-11 3.14E-10 6.38E-10 7.70E-10
 8.30E-10 8.73E-10 8.75E-10 8.16E-10 7.23E-10 6.64E-10
 1.84E-33 5.31E-25 2.75E-18 2.00E-13 2.65E-11 3.21E-10 6.43E-10 7.74E-10
 8.32E-10 8.75E-10 8.75E-10 8.16E-10 7.22E-10 6.63E-10
 1.87E-33 5.45E-25 2.86E-18 2.09E-13 2.69E-11 3.22E-10 6.43E-10 7.74E-10
 8.32E-10 8.75E-10 8.75E-10 8.15E-10 7.22E-10 6.63E-10
 1.86E-33 5.42E-25 2.85E-18 2.09E-13 2.69E-11 3.21E-10 6.41E-10 7.70E-10
 8.28E-10 8.70E-10 8.71E-10 8.12E-10 7.19E-10 6.60E-10
 1.69E-33 5.00E-25 2.67E-18 1.99E-13 2.60E-11 3.12E-10 6.16E-10 7.36E-10
 7.90E-10 8.29E-10 8.30E-10 7.78E-10 6.93E-10 6.39E-10
 8.91E-34 2.85E-25 1.66E-18 1.37E-13 2.00E-11 2.40E-10 4.37E-10 5.03E-10
 5.30E-10 5.51E-10 5.56E-10 5.37E-10 5.01E-10 4.74E-10
 1.59E-34 5.53E-26 3.62E-19 3.52E-14 6.47E-12 7.39E-11 1.04E-10 1.05E-10
 1.04E-10 1.02E-10 1.01E-10 1.02E-10 1.04E-10 1.06E-10
  1659.38    7  14 /pl=01:ss= 2:pb= 1:sz= 2/type=excit/ispb = t/isel =   45
 1.00E+10 1.00E+11 1.00E+12 1.00E+13 1.00E+14 1.00E+15 1.00E+16
 1.55E-01 2.33E-01 3.88E-01 7.75E-01 1.55E+00 3.88E+00 7.75E+00 1.16E+01
 1.55E+01 2.33E+01 3.88E+01 7.75E+01 1.55E+02 2.33E+02
 1.09E-36 3.63E-27 1.28E-19 4.02E-14 1.38E-11 3.11E-10 7.43E-10 9.48E-10
 1.05E-09 1.13E-09 1.16E-09 1.11E-09 1.01E-09 9.29E-10
 1.32E-36 4.69E-27 1.81E-19 5.94E-14 1.66E-11 3.20E-10 7.50E-10 9.54E-10
 1.05E-09 1.14E-09 1.17E-09 1.11E-09 1.01E-09 9.29E-10
 1.34E-36 4.83E-27 1.89E-19 6.23E-14 1.69E-11 3.21E-10 7.51E-10 9.54E-10
 1.05E-09 1.14E-09 1.17E-09 1.11E-09 1.00E-09 9.28E-10
 1.34E-36 4.82E-27 1.89E-19 6.25E-14 1.69E-11 3.20E-10 7.49E-10 9.52E-10
 1.05E-09 1.13E-09 1.16E-09 1.11E-09 1.00E-09 9.26E-10
 1.27E-36 4.61E-27 1.83E-19 6.10E-14 1.67E-11 3.16E-10 7.33E-10 9.27E-10
 1.02E-09 1.10E-09 1.13E-09 1.08E-09 9.76E-10 9.03E-10
 8.26E-37 3.20E-27 1.36E-19 4.90E-14 1.47E-11 2.76E-10 5.95E-10 7.26E-10
 7.85E-10 8.34E-10 8.52E-10 8.27E-10 7.69E-10 7.24E-10
 1.81E-37 7.72E-28 3.73E-20 1.61E-14 6.17E-12 1.11E-10 1.85E-10 2.00E-10
 2.04E-10 2.06E-10 2.09E-10 2.11E-10 2.14E-10 2.14E-10
  1668.43    7  14 /pl=01:ss= 2:pb= 1:sz= 2/type=excit/ispb = t/isel =   46
 1.00E+10 1.00E+11 1.00E+12 1.00E+13 1.00E+14 1.00E+15 1.00E+16
 1.55E-01 2.33E-01 3.88E-01 7.75E-01 1.55E+00 3.88E+00 7.75E+00 1.16E+01
 1.55E+01 2.33E+01 3.88E+01 7.75E+01 1.55E+02 2.33E+02
 1.38E-36 3.86E-27 1.19E-19 3.37E-14 1.07E-11 2.06E-10 4.67E-10 5.87E-10
 6.50E-10 7.04E-10 7.25E-10 6.99E-10 6.32E-10 5.84E-10
 1.67E-36 4.93E-27 1.64E-19 4.82E-14 1.26E-11 2.12E-10 4.72E-10 5.92E-10
 6.54E-10 7.08E-10 7.28E-10 7.01E-10 6.34E-10 5.86E-10
 1.70E-36 5.06E-27 1.71E-19 5.03E-14 1.28E-11 2.13E-10 4.73E-10 5.93E-10
 6.55E-10 7.08E-10 7.28E-10 7.01E-10 6.34E-10 5.86E-10
 1.69E-36 5.05E-27 1.71E-19 5.04E-14 1.28E-11 2.13E-10 4.72E-10 5.91E-10
 6.53E-10 7.06E-10 7.26E-10 6.99E-10 6.32E-10 5.84E-10
 1.59E-36 4.80E-27 1.64E-19 4.90E-14 1.26E-11 2.10E-10 4.61E-10 5.74E-10
 6.33E-10 6.83E-10 7.02E-10 6.78E-10 6.15E-10 5.70E-10
 9.99E-37 3.22E-27 1.18E-19 3.84E-14 1.09E-11 1.82E-10 3.73E-10 4.49E-10
 4.85E-10 5.16E-10 5.30E-10 5.18E-10 4.83E-10 4.55E-10
 2.10E-37 7.47E-28 3.12E-20 1.21E-14 4.38E-12 7.38E-11 1.20E-10 1.28E-10
 1.30E-10 1.32E-10 1.33E-10 1.34E-10 1.35E-10 1.35E-10
  1668.52    7  14 /pl=01:ss= 2:pb= 1:sz= 2/type=excit/ispb = t/isel =   47
 1.00E+10 1.00E+11 1.00E+12 1.00E+13 1.00E+14 1.00E+15 1.00E+16
 1.55E-01 2.33E-01 3.88E-01 7.75E-01 1.55E+00 3.88E+00 7.75E+00 1.16E+01
 1.55E+01 2.33E+01 3.88E+01 7.75E+01 1.55E+02 2.33E+02
 1.56E-36 4.34E-27 1.32E-19 3.75E-14 1.19E-11 2.40E-10 5.54E-10 7.01E-10
 7.76E-10 8.42E-10 8.67E-10 8.33E-10 7.52E-10 6.96E-10
 1.88E-36 5.54E-27 1.84E-19 5.41E-14 1.41E-11 2.46E-10 5.60E-10 7.06E-10
 7.81E-10 8.46E-10 8.70E-10 8.34E-10 7.53E-10 6.97E-10
 1.91E-36 5.70E-27 1.92E-19 5.66E-14 1.44E-11 2.47E-10 5.61E-10 7.07E-10
 7.81E-10 8.46E-10 8.70E-10 8.34E-10 7.53E-10 6.97E-10
 1.91E-36 5.69E-27 1.92E-19 5.67E-14 1.44E-11 2.47E-10 5.59E-10 7.05E-10
 7.78E-10 8.43E-10 8.67E-10 8.32E-10 7.51E-10 6.95E-10
 1.80E-36 5.42E-27 1.85E-19 5.52E-14 1.42E-11 2.44E-10 5.47E-10 6.85E-10
 7.55E-10 8.16E-10 8.39E-10 8.06E-10 7.30E-10 6.78E-10
 1.15E-36 3.69E-27 1.35E-19 4.38E-14 1.24E-11 2.12E-10 4.42E-10 5.34E-10
 5.78E-10 6.15E-10 6.31E-10 6.15E-10 5.72E-10 5.41E-10
 2.46E-37 8.72E-28 3.63E-20 1.41E-14 5.09E-12 8.62E-11 1.40E-10 1.50E-10
 1.53E-10 1.54E-10 1.55E-10 1.58E-10 1.59E-10 1.59E-10
  1679.77    7  14 /pl=01:ss= 2:pb= 1:sz= 2/type=excit/ispb = t/isel =   48
 1.00E+10 1.00E+11 1.00E+12 1.00E+13 1.00E+14 1.00E+15 1.00E+16
 1.55E-01 2.33E-01 3.88E-01 7.75E-01 1.55E+00 3.88E+00 7.75E+00 1.16E+01
 1.55E+01 2.33E+01 3.88E+01 7.75E+01 1.55E+02 2.33E+02
 8.36E-33 1.66E-24 6.16E-18 3.64E-13 5.51E-11 7.83E-10 1.60E-09 1.91E-09
 2.04E-09 2.12E-09 2.08E-09 1.92E-09 1.70E-09 1.55E-09
 9.65E-33 2.03E-24 8.13E-18 4.90E-13 6.15E-11 7.87E-10 1.59E-09 1.91E-09
 2.03E-09 2.11E-09 2.07E-09 1.91E-09 1.69E-09 1.54E-09
 9.80E-33 2.07E-24 8.41E-18 5.09E-13 6.23E-11 7.87E-10 1.59E-09 1.90E-09
 2.03E-09 2.11E-09 2.07E-09 1.91E-09 1.68E-09 1.54E-09
 9.74E-33 2.06E-24 8.40E-18 5.09E-13 6.22E-11 7.85E-10 1.59E-09 1.90E-09
 2.02E-09 2.10E-09 2.06E-09 1.90E-09 1.68E-09 1.53E-09
 9.07E-33 1.95E-24 8.02E-18 4.92E-13 6.09E-11 7.66E-10 1.53E-09 1.82E-09
 1.94E-09 2.01E-09 1.98E-09 1.83E-09 1.62E-09 1.49E-09
 5.30E-33 1.22E-24 5.44E-18 3.65E-13 4.97E-11 6.08E-10 1.12E-09 1.29E-09
 1.35E-09 1.39E-09 1.38E-09 1.31E-09 1.21E-09 1.14E-09
 1.02E-33 2.57E-25 1.30E-18 1.04E-13 1.74E-11 1.94E-10 2.74E-10 2.79E-10
 2.77E-10 2.72E-10 2.69E-10 2.70E-10 2.74E-10 2.76E-10
  1686.20    7  14 /pl=01:ss= 2:pb= 1:sz= 2/type=excit/ispb = t/isel =   49
 1.00E+10 1.00E+11 1.00E+12 1.00E+13 1.00E+14 1.00E+15 1.00E+16
 1.55E-01 2.33E-01 3.88E-01 7.75E-01 1.55E+00 3.88E+00 7.75E+00 1.16E+01
 1.55E+01 2.33E+01 3.88E+01 7.75E+01 1.55E+02 2.33E+02
 1.17E-41 1.79E-30 1.34E-21 4.18E-15 4.25E-12 1.44E-10 3.63E-10 4.76E-10
 5.42E-10 6.14E-10 6.63E-10 6.64E-10 6.18E-10 5.77E-10
 1.41E-41 2.30E-30 1.90E-21 6.16E-15 5.18E-12 1.52E-10 3.76E-10 4.90E-10
 5.56E-10 6.28E-10 6.77E-10 6.77E-10 6.30E-10 5.89E-10
 1.44E-41 2.37E-30 1.98E-21 6.46E-15 5.29E-12 1.53E-10 3.77E-10 4.91E-10
 5.58E-10 6.29E-10 6.78E-10 6.78E-10 6.32E-10 5.90E-10
 1.43E-41 2.36E-30 1.97E-21 6.47E-15 5.29E-12 1.52E-10 3.76E-10 4.90E-10
 5.56E-10 6.28E-10 6.76E-10 6.76E-10 6.30E-10 5.89E-10
 1.33E-41 2.22E-30 1.88E-21 6.24E-15 5.18E-12 1.50E-10 3.69E-10 4.78E-10
 5.40E-10 6.08E-10 6.54E-10 6.56E-10 6.13E-10 5.74E-10
 7.86E-42 1.41E-30 1.29E-21 4.68E-15 4.32E-12 1.30E-10 3.03E-10 3.79E-10
 4.20E-10 4.63E-10 4.94E-10 5.01E-10 4.80E-10 4.58E-10
 1.61E-42 3.15E-31 3.25E-22 1.41E-15 1.68E-12 5.41E-11 1.02E-10 1.13E-10
 1.17E-10 1.21E-10 1.25E-10 1.29E-10 1.33E-10 1.34E-10
  1839.60    7  14 /pl=01:ss= 2:pb= 1:sz= 2/type=excit/ispb = t/isel =   50
 1.00E+10 1.00E+11 1.00E+12 1.00E+13 1.00E+14 1.00E+15 1.00E+16
 1.55E-01 2.33E-01 3.88E-01 7.75E-01 1.55E+00 3.88E+00 7.75E+00 1.16E+01
 1.55E+01 2.33E+01 3.88E+01 7.75E+01 1.55E+02 2.33E+02
 3.00E-33 5.95E-25 2.21E-18 1.30E-13 1.98E-11 2.81E-10 5.72E-10 6.85E-10
 7.32E-10 7.59E-10 7.47E-10 6.89E-10 6.08E-10 5.56E-10
 3.46E-33 7.26E-25 2.91E-18 1.76E-13 2.21E-11 2.82E-10 5.71E-10 6.83E-10
 7.29E-10 7.56E-10 7.43E-10 6.85E-10 6.04E-10 5.52E-10
 3.51E-33 7.43E-25 3.01E-18 1.82E-13 2.23E-11 2.82E-10 5.70E-10 6.82E-10
 7.28E-10 7.55E-10 7.42E-10 6.84E-10 6.03E-10 5.51E-10
 3.49E-33 7.40E-25 3.01E-18 1.83E-13 2.23E-11 2.81E-10 5.68E-10 6.80E-10
 7.25E-10 7.52E-10 7.39E-10 6.81E-10 6.01E-10 5.49E-10
 3.25E-33 6.98E-25 2.87E-18 1.76E-13 2.18E-11 2.75E-10 5.49E-10 6.53E-10
 6.95E-10 7.20E-10 7.09E-10 6.56E-10 5.82E-10 5.33E-10
 1.90E-33 4.38E-25 1.95E-18 1.31E-13 1.78E-11 2.18E-10 4.01E-10 4.61E-10
 4.84E-10 4.98E-10 4.94E-10 4.71E-10 4.34E-10 4.08E-10
 3.65E-34 9.22E-26 4.65E-19 3.72E-14 6.24E-12 6.94E-11 9.82E-11 1.00E-10
 9.92E-11 9.76E-11 9.63E-11 9.67E-11 9.82E-11 9.90E-11
c-------------------------------------------------------------------------------
 
C  root partition information
C  ==========================
C
C  nuclear charge : 74
C  ion charge+1   :  3
C
C  population calculation information
C  ----------------------------------
C
C  population processing code: adas810
C
C  adf04 source file    : adf04_copmm#74_ls_40#w2.dat
C  adf18/a17_p208 file  : NULL
C
C  meta. ion. coeff. selector  : 
 
C  options  : lnorm =T  lpsel =F  lzsel =T  liosel=F
C           : lhsel =F  lrsel =F  lisel =F  lnsel =F
 
C  energy levels
C  -------------
C
C   lv      configuration    (2S+1)L(w-1/2)      energy (cm^-1)
C  ---   ------------------- --------------      --------------
c    1   60964A52B56C54D        (5)2( 12.0)             0.0
c    2   60964A52B56C54D        (3)5( 16.0)         13179.2
c    3   60964A52B56C54D        (3)1(  4.0)         15957.1
c    4   60964A52B56C54D        (3)3( 10.0)         16971.6
c    5   60964A52B56C54D        (3)4( 13.0)         18351.5
c    6   60964A52B56C54D        (3)2(  7.0)         22703.5
c    7   60964A52B56C54D        (1)6(  6.0)         23075.5
c    8   60964A52B56C54D        (1)4(  4.0)         27071.5
c    9   60964A52B56C54D        (1)0(  0.0)         28586.2
c   10   60964A52B56C54D        (1)2(  2.0)         29840.8
c   11   60964A52B56C54D        (1)3(  3.0)         32114.0
c   12   60964A52B56C54D        (3)1(  4.0)         38387.0
c   13   60964A52B56C54D        (3)3( 10.0)         38410.0
c   14   60964A52B56C54D        (1)4(  4.0)         43494.0
c   15   60964A52B56C54D        (1)2(  2.0)         56938.0
c   16   60964A52B56C53D51H     (5)4( 22.0)         61562.0
c   17   60964A52B56C53D51H     (5)2( 12.0)         65368.0
c   18   60964A52B56C53D51H     (5)3( 17.0)         65643.0
c   19   60964A52B56C53D51H     (1)5(  5.0)         67293.0
c   20   60964A52B56C53D51H     (3)1(  4.0)         67936.0
c   21   60964A52B56C53D51H     (3)2(  7.0)         68779.0
c   22   60964A52B56C53D51H     (1)0(  0.0)         72666.0
c   23   60964A52B56C53D51H     (3)4( 13.0)         72711.0
c   24   60964A52B56C53D51H     (5)1(  7.0)         72891.0
c   25   60964A52B56C54D        (1)0(  0.0)         73744.0
c   26   60964A52B56C53D51H     (3)3( 10.0)         73910.0
c   27   60964A52B56C53D51H     (1)4(  4.0)         74560.0
c   28   60964A52B56C53D51H     (5)2( 12.0)         75873.0
c   29   60964A52B56C53D51H     (3)5( 16.0)         77814.0
c   30   60964A52B56C53D51H     (3)2(  7.0)         79150.0
c   31   60964A52B56C53D51H     (3)5( 16.0)         79847.0
c   32   60964A52B56C53D51H     (1)3(  3.0)         82072.0
c   33   60964A52B56C53D51H     (1)2(  2.0)         82491.0
c   34   60964A52B56C53D51H     (3)2(  7.0)         82637.0
c   35   60964A52B56C53D51H     (3)1(  4.0)         82640.0
c   36   60964A52B56C53D51H     (3)6( 19.0)         83084.0
c   37   60964A52B56C53D51H     (5)0(  2.0)         83246.0
c   38   60964A52B56C53D51H     (3)4( 13.0)         83339.0
c   39   60964A52B56C53D51H     (1)4(  4.0)         83558.0
c   40   60964A52B56C53D51H     (3)3( 10.0)         83972.0
c   41   60964A52B56C53D51H     (3)0(  1.0)         84396.0
c   42   60964A52B56C53D51H     (3)3( 10.0)         84816.0
c   43   60964A52B56C53D51H     (1)5(  5.0)         85168.0
c   44   60964A52B56C53D51H     (3)1(  4.0)         87834.0
c   45   60964A52B56C53D51H     (1)6(  6.0)         90103.0
c   46   60964A52B56C53D51H     (1)1(  1.0)         90121.0
c   47   60964A52B56C53D51H     (3)2(  7.0)         90317.0
c   48   60964A52B56C53D51H     (3)3( 10.0)         90381.0
c   49   60964A52B56C53D51H     (3)4( 13.0)         90618.0
c   50   60964A52B56C53D51H     (1)3(  3.0)         94699.0
c   51   60964A52B56C53D51H     (1)2(  2.0)         94836.0
c   52   60964A52B56C53D51H     (3)0(  1.0)         95638.0
c   53   60964A52B56C53D51H     (3)4( 13.0)         95767.0
c   54   60964A52B56C53D51H     (1)2(  2.0)         97045.0
c   55   60964A52B56C53D51H     (3)2(  7.0)         97692.0
c   56   60964A52B56C53D51H     (1)1(  1.0)         98825.0
c   57   60964A52B56C53D51H     (1)4(  4.0)        100894.0
c   58   60964A52B56C53D51H     (1)3(  3.0)        101940.0
c   59   60964A52B56C53D51H     (3)2(  7.0)        108717.0
c   60   60964A52B56C53D51H     (3)3( 10.0)        110222.0
c   61   60964A52B56C53D51H     (1)2(  2.0)        112924.0
c   62   60964A52B56C53D51H     (3)1(  4.0)        115065.0
c   63   60964A52B56C53D51H     (1)3(  3.0)        117009.0
c   64   60964A52B56C53D51H     (1)1(  1.0)        122106.0
c   65   60964A52B56C53D51N     (5)2( 12.0)        133946.0
c   66   60964A52B56C53D51N     (5)3( 17.0)        134356.0
c   67   60964A52B56C53D51N     (5)4( 22.0)        134416.0
c   68   60964A52B56C53D51E     (3)2(  7.0)        136456.0
c   69   60964A52B56C53D51N     (3)4( 13.0)        137266.0
c   70   60964A52B56C53D51N     (3)2(  7.0)        137876.0
c   71   60964A52B56C53D51N     (3)3( 10.0)        138006.0
c   72   60964A52B56C53D51E     (5)6( 32.0)        138466.0
c   73   60964A52B56C53D51E     (5)4( 22.0)        138906.0
c   74   60964A52B56C53D51E     (5)5( 27.0)        140336.0
c   75   60964A52B56C53D51E     (5)1(  7.0)        140796.0
c   76   60964A52B56C53D51E     (5)0(  2.0)        141476.0
c   77   60964A52B56C53D51E     (3)1(  4.0)        141626.0
c   78   60964A52B56C53D51E     (5)3( 17.0)        141886.0
c   79   60964A52B56C53D51E     (3)6( 19.0)        142266.0
c   80   60964A52B56C53D51E     (5)2( 12.0)        142556.0
c   81   60964A52B56C53D51E     (3)3( 10.0)        142606.0
c   82   60964A52B56C53D51E     (3)5( 16.0)        142646.0
c   83   60964A52B56C53D51N     (1)2(  2.0)        144226.0
c   84   60964A52B56C53D51N     (5)2( 12.0)        144396.0
c   85   60964A52B56C53D51N     (5)1(  7.0)        144436.0
c   86   60964A52B56C53D51E     (3)4( 13.0)        144686.0
c   87   60964A52B56C53D51E     (3)0(  1.0)        144956.0
c   88   60964A52B56C53D51E     (1)2(  2.0)        147336.0
c   89   60964A52B56C53D51N     (3)2(  7.0)        147936.0
c   90   60964A52B56C53D51N     (3)1(  4.0)        148016.0
c   91   60964A52B56C53D51N     (1)6(  6.0)        148126.0
c   92   60964A52B56C53D51N     (3)3( 10.0)        148166.0
c   93   60964A52B56C53D51N     (1)3(  3.0)        148896.0
c   94   60964A52B56C53D51E     (1)4(  4.0)        149656.0
c   95   60964A52B56C53D51N     (5)0(  2.0)        149856.0
c   96   60964A52B56C53D51E     (5)3( 17.0)        149936.0
c   97   60964A52B56C53D51N     (3)0(  1.0)        150166.0
c   98   60964A52B56C53D51N     (3)5( 16.0)        150276.0
c   99   60964A52B56C53D51N     (3)4( 13.0)        150306.0
c  100   60964A52B56C53D51N     (3)5( 16.0)        150396.0
c  101   60964A52B56C53D51E     (5)4( 22.0)        150446.0
c  102   60964A52B56C53D51N     (1)3(  3.0)        151496.0
c  103   60964A52B56C53D51E     (3)6( 19.0)        151666.0
c  104   60964A52B56C53D51E     (3)6( 19.0)        152256.0
c  105   60964A52B56C53D51E     (5)2( 12.0)        152346.0
c  106   60964A52B56C53D51E     (1)8(  8.0)        152356.0
c  107   60964A52B56C53D51N     (3)6( 19.0)        152456.0
c  108   60964A52B56C53D51N     (3)0(  1.0)        152646.0
c  109   60964A52B56C53D51E     (1)4(  4.0)        152706.0
c  110   60964A52B56C53D51E     (3)3( 10.0)        152836.0
c  111   60964A52B56C53D51E     (3)1(  4.0)        152856.0
c  112   60964A52B56C53D51E     (1)5(  5.0)        153286.0
c  113   60964A52B56C53D51E     (1)4(  4.0)        153316.0
c  114   60964A52B56C53D51E     (3)2(  7.0)        153566.0
c  115   60964A52B56C53D51N     (3)2(  7.0)        154026.0
c  116   60964A52B56C53D51E     (3)2(  7.0)        154146.0
c  117   60964A52B56C53D51N     (1)5(  5.0)        154456.0
c  118   60964A52B56C53D51N     (1)4(  4.0)        154506.0
c  119   60964A52B56C53D51N     (3)1(  4.0)        154536.0
c  120   60964A52B56C53D51N     (1)5(  5.0)        154606.0
c  121   60964A52B56C53D51E     (3)7( 22.0)        154826.0
c  122   60964A52B56C53D51E     (3)5( 16.0)        154916.0
c  123   60964A52B56C53D51E     (3)4( 13.0)        154926.0
c  124   60964A52B56C53D51E     (3)2(  7.0)        155026.0
c  125   60964A52B56C53D51N     (3)4( 13.0)        155136.0
c  126   60964A52B56C53D51N     (1)4(  4.0)        155276.0
c  127   60964A52B56C53D51E     (3)4( 13.0)        155646.0
c  128   60964A52B56C53D51N     (3)2(  7.0)        155896.0
c  129   60964A52B56C53D51N     (3)3( 10.0)        156056.0
c  130   60964A52B56C53D51E     (3)7( 22.0)        156336.0
c  131   60964A52B56C53D51N     (3)1(  4.0)        156586.0
c  132   60964A52B56C53D51N     (1)1(  1.0)        156906.0
c  133   60964A52B56C53D51E     (3)8( 25.0)        157336.0
c  134   60964A52B56C53D51E     (3)3( 10.0)        157346.0
c  135   60964A52B56C53D51E     (3)4( 13.0)        157946.0
c  136   60964A52B56C53D51E     (3)1(  4.0)        157986.0
c  137   60964A52B56C53D51N     (1)2(  2.0)        158116.0
c  138   60964A52B56C53D51E     (3)5( 16.0)        158276.0
c  139   60964A52B56C53D51E     (1)5(  5.0)        158406.0
c  140   60964A52B56C53D51E     (1)6(  6.0)        158546.0
c  141   60964A52B56C53D51E     (3)4( 13.0)        159806.0
c  142   60964A52B56C53D51N     (1)0(  0.0)        159816.0
c  143   60964A52B56C53D51E     (3)3( 10.0)        160306.0
c  144   60964A52B56C53D51E     (1)2(  2.0)        160386.0
c  145   60964A52B56C53D51E     (1)7(  7.0)        160426.0
c  146   60964A52B56C53D51E     (3)2(  7.0)        160496.0
c  147   60964A52B56C53D51E     (3)4( 13.0)        160626.0
c  148   60964A52B56C53D51N     (1)1(  1.0)        160986.0
c  149   60964A52B56C53D51E     (1)5(  5.0)        161236.0
c  150   60964A52B56C53D51E     (3)3( 10.0)        161446.0
c  151   60964A52B56C53D51E     (1)3(  3.0)        161666.0
c  152   60964A52B56C53D51E     (1)4(  4.0)        161726.0
c  153   60964A52B56C53D51E     (1)6(  6.0)        161726.0
c  154   60964A52B56C53D51E     (3)2(  7.0)        161746.0
c  155   60964A52B56C53D51E     (1)3(  3.0)        161866.0
c  156   60964A52B56C53D51E     (1)3(  3.0)        161946.0
c  157   60964A52B56C53D51U     (5)4( 22.0)        162136.0
c  158   60964A52B56C53D51U     (5)3( 17.0)        162166.0
c  159   60964A52B56C53D51E     (3)5( 16.0)        162216.0
c  160   60964A52B56C53D51N     (3)3( 10.0)        162386.0
c  161   60964A52B56C53D51E     (3)3( 10.0)        162496.0
c  162   60964A52B56C53D51E     (1)2(  2.0)        162626.0
c  163   60964A52B56C53D51E     (1)1(  1.0)        162786.0
c  164   60964A52B56C53D51E     (1)7(  7.0)        162876.0
c  165   60964A52B56C53D51N     (3)4( 13.0)        162886.0
c  166   60964A52B56C53D51U     (3)2(  7.0)        163456.0
c  167   60964A52B56C53D51U     (5)2( 12.0)        163506.0
c  168   60964A52B56C53D51N     (3)2(  7.0)        164226.0
c  169   60964A52B56C53D51E     (1)1(  1.0)        164236.0
c  170   60964A52B56C53D51U     (3)4( 13.0)        164346.0
c  171   60964A52B56C53D51N     (1)4(  4.0)        164556.0
c  172   60964A52B56C53D51N     (1)2(  2.0)        164576.0
c  173   60964A52B56C53D51U     (3)3( 10.0)        164946.0
c  174   60964A52B56C53D51E     (1)2(  2.0)        165036.0
c  175   60964A52B56C53D51N     (1)3(  3.0)        165986.0
c  176   60964A52B56C53D51E     (1)3(  3.0)        166966.0
c  177   60964A52B56C53D51E     (3)5( 16.0)        167746.0
c  178   60964A52B56C53D51E     (1)0(  0.0)        168196.0
c  179   60964A52B56C53D51E     (3)4( 13.0)        168246.0
c  180   60964A52B56C53D51E     (1)6(  6.0)        168306.0
c  181   60964A52B56C53D51E     (3)3( 10.0)        168356.0
c  182   60964A52B56C53D51E     (3)6( 19.0)        168536.0
c  183   60964A52B56C53D51E     (1)1(  1.0)        169286.0
c  184   60964A52B56C53D51E     (3)2(  7.0)        169486.0
c  185   60964A52B56C53D51E     (1)4(  4.0)        170336.0
c  186   60964A52B56C53D51E     (1)3(  3.0)        170436.0
c  187   60964A52B56C53D51E     (3)1(  4.0)        170556.0
c  188   60964A52B56C53D51U     (5)0(  2.0)        170746.0
c  189   60964A52B56C53D51E     (1)5(  5.0)        171226.0
c  190   60964A52B56C53D51E     (1)2(  2.0)        171466.0
c  191   60964A52B56C53D51U     (5)2( 12.0)        172026.0
c  192   60964A52B56C53D51E     (3)0(  1.0)        172066.0
c  193   60964A52B56C53D51U     (3)2(  7.0)        173696.0
c  194   60964A52B56C53D51U     (5)1(  7.0)        173746.0
c  195   60964A52B56C53D51U     (3)1(  4.0)        174336.0
c  196   60964A52B56C53D51U     (1)5(  5.0)        175136.0
c  197   60964A52B56C53D51U     (1)4(  4.0)        175436.0
c  198   60964A52B56C53D51U     (3)6( 19.0)        177276.0
c  199   60964A52B56C53D51U     (3)5( 16.0)        177796.0
c  200   60964A52B56C53D51U     (3)4( 13.0)        177856.0
c  201   60964A52B56C53D51N     (1)2(  2.0)        178546.0
c  202   60964A52B56C53D51U     (3)5( 16.0)        178646.0
c  203   60964A52B56C53D51U     (3)3( 10.0)        178656.0
c  204   60964A52B56C53D51U     (1)3(  3.0)        178836.0
c  205   60964A52B56C53D51N     (3)2(  7.0)        179026.0
c  206   60964A52B56C53D51U     (1)0(  0.0)        179086.0
c  207   60964A52B56C53D51U     (3)0(  1.0)        179436.0
c  208   60964A52B56C53D51N     (3)3( 10.0)        179816.0
c  209   60964A52B56C53D51U     (3)4( 13.0)        180286.0
c  210   60964A52B56C53D51U     (3)2(  7.0)        181156.0
c  211   60964A52B56C53D51U     (1)6(  6.0)        181346.0
c  212   60964A52B56C53D51N     (3)1(  4.0)        181526.0
c  213   60964A52B56C53D51U     (3)1(  4.0)        181666.0
c  214   60964A52B56C53D51N     (1)3(  3.0)        181846.0
c  215   60964A52B56C53D51U     (3)3( 10.0)        181956.0
c  216   60964A52B56C53D51U     (1)5(  5.0)        182556.0
c  217   60964A52B56C53D51U     (1)4(  4.0)        182566.0
c  218   60964A52B56C53D51N     (1)1(  1.0)        182676.0
c  219   60964A52B56C53D51U     (3)2(  7.0)        183236.0
c  220   60964A52B56C53D51U     (1)3(  3.0)        183856.0
c  221   60964A52B56C53D51E     (1)4(  4.0)        183866.0
c  222   60964A52B56C53D51U     (3)1(  4.0)        183986.0
c  223   60964A52B56C53D51U     (1)2(  2.0)        184096.0
c  224   60964A52B56C53D51U     (1)1(  1.0)        184176.0
c  225   60964A52B56C53D51E     (3)3( 10.0)        184206.0
c  226   60964A52B56C53D51E     (3)4( 13.0)        185106.0
c  227   60964A52B56C53D51E     (3)5( 16.0)        185576.0
c  228   60964A52B56C53D51E     (3)2(  7.0)        186036.0
c  229   60964A52B56C53D51U     (3)0(  1.0)        186216.0
c  230   60964A52B56C53D51U     (1)2(  2.0)        186456.0
c  231   60964A52B56C53D51E     (1)2(  2.0)        186956.0
c  232   60964A52B56C53D51E     (3)1(  4.0)        187226.0
c  233   60964A52B56C53D51E     (1)5(  5.0)        187226.0
c  234   60964A52B56C53D51E     (1)3(  3.0)        187536.0
c  235   60964A52B56C53D51U     (1)1(  1.0)        187906.0
c  236   60964A52B56C53D51U     (3)3( 10.0)        190206.0
c  237   60964A52B56C53D51U     (3)4( 13.0)        190516.0
c  238   60964A52B56C53D51U     (3)2(  7.0)        190776.0
c  239   60964A52B56C53D51U     (1)4(  4.0)        191256.0
c  240   60964A52B56C53D51U     (1)3(  3.0)        191666.0
c  241   60964A52B56C53D51U     (1)2(  2.0)        191706.0
c  242   60964A52B56C53D51E     (1)1(  1.0)        192036.0
c  243   60964A52B56C53D51U     (1)2(  2.0)        206766.0
c  244   60964A52B56C53D51U     (3)2(  7.0)        207056.0
c  245   60964A52B56C53D51U     (3)3( 10.0)        207426.0
c  246   60964A52B56C53D51U     (3)1(  4.0)        208256.0
c  247   60964A52B56C53D51U     (1)3(  3.0)        208466.0
c  248   60964A52B56C53D51U     (1)1(  1.0)        209326.0
c  249   60964A52B55C55D        (7)1( 10.0)        285956.0
c  250   60964A52B55C55D        (5)4( 22.0)        294916.0
c  251   60964A52B55C55D        (5)0(  2.0)        300286.0
c  252   60964A52B55C55D        (5)2( 12.0)        306096.0
c  253   60964A52B55C55D        (5)1(  7.0)        306656.0
c  254   60964A52B55C55D        (5)3( 17.0)        311726.0
c  255   60964A52B55C55D        (3)2(  7.0)        316026.0
c  256   60964A52B55C55D        (5)5( 27.0)        317306.0
c  257   60964A52B55C55D        (3)3( 10.0)        317876.0
c  258   60964A52B55C55D        (5)3( 17.0)        320336.0
c  259   60964A52B55C55D        (1)2(  2.0)        321566.0
c  260   60964A52B55C55D        (1)7(  7.0)        325756.0
c  261   60964A52B55C55D        (3)7( 22.0)        326256.0
c  262   60964A52B55C55D        (1)4(  4.0)        327216.0
c  263   60964A52B55C55D        (3)3( 10.0)        328296.0
c  264   60964A52B55C55D        (1)3(  3.0)        331016.0
c  265   60964A52B55C55D        (5)4( 22.0)        331766.0
c  266   60964A52B55C55D        (5)2( 12.0)        332796.0
c  267   60964A52B55C55D        (3)4( 13.0)        335866.0
c  268   60964A52B55C55D        (3)5( 16.0)        337476.0
c  269   60964A52B55C55D        (3)5( 16.0)        337636.0
c  270   60964A52B55C55D        (3)3( 10.0)        338616.0
c  271   60964A52B55C55D        (1)3(  3.0)        339686.0
c  272   60964A52B55C55D        (1)4(  4.0)        340546.0
c  273   60964A52B55C55D        (1)4(  4.0)        342286.0
c  274   60964A52B55C55D        (5)3( 17.0)        343156.0
c  275   60964A52B55C55D        (1)0(  0.0)        349506.0
c  276   60964A52B55C55D        (3)6( 19.0)        349776.0
c  277   60964A52B55C55D        (3)4( 13.0)        350196.0
c  278   60964A52B55C55D        (3)1(  4.0)        350506.0
c  279   60964A52B55C55D        (3)6( 19.0)        352566.0
c  280   60964A52B55C55D        (5)1(  7.0)        354766.0
c  281   60964A52B55C55D        (3)3( 10.0)        356806.0
c  282   60964A52B55C55D        (1)3(  3.0)        357056.0
c  283   60964A52B55C55D        (3)4( 13.0)        358716.0
c  284   60964A52B55C55D        (3)2(  7.0)        361216.0
c  285   60964A52B55C55D        (3)1(  4.0)        362176.0
c  286   60964A52B55C55D        (5)2( 12.0)        362296.0
c  287   60964A52B55C55D        (3)1(  4.0)        362906.0
c  288   60964A52B55C55D        (1)1(  1.0)        364256.0
c  289   60964A52B55C55D        (3)4( 13.0)        367236.0
c  290   60964A52B55C55D        (3)5( 16.0)        367416.0
c  291   60964A52B55C55D        (1)2(  2.0)        368086.0
c  292   60964A52B55C55D        (3)5( 16.0)        370466.0
c  293   60964A52B55C55D        (3)2(  7.0)        371856.0
c  294   60964A52B55C55D        (3)5( 16.0)        372236.0
c  295   60964A52B55C55D        (3)1(  4.0)        374126.0
c  296   60964A52B55C55D        (3)2(  7.0)        376036.0
c  297   60964A52B55C55D        (3)1(  4.0)        376256.0
c  298   60964A52B55C55D        (3)4( 13.0)        377046.0
c  299   60964A52B55C55D        (1)2(  2.0)        378526.0
c  300   60964A52B55C55D        (1)4(  4.0)        379666.0
c  301   60964A52B55C55D        (3)3( 10.0)        382706.0
c  302   60964A52B55C55D        (3)2(  7.0)        386606.0
c  303   60964A52B55C55D        (3)0(  1.0)        391036.0
c  304   60964A52B55C55D        (1)2(  2.0)        397716.0
c  305   60964A52B55C55D        (3)2(  7.0)        398956.0
c  306   60964A52B55C55D        (1)5(  5.0)        401576.0
c  307   60964A52B55C55D        (3)1(  4.0)        403166.0
c  308   60964A52B55C55D        (3)3( 10.0)        403356.0
c  309   60964A52B55C55D        (3)4( 13.0)        404246.0
c  310   60964A52B55C55D        (3)3( 10.0)        407906.0
c  311   60964A52B55C55D        (3)3( 10.0)        408486.0
c  312   60964A52B55C55D        (5)1(  7.0)        409786.0
c  313   60964A52B55C55D        (1)3(  3.0)        414396.0
c  314   60964A52B55C55D        (1)6(  6.0)        414596.0
c  315   60964A52B55C55D        (1)1(  1.0)        416676.0
c  316   60964A52B55C55D        (3)3( 10.0)        417106.0
c  317   60964A52B55C55D        (3)2(  7.0)        419616.0
c  318   60964A52B55C55D        (3)2(  7.0)        424056.0
c  319   60964A52B55C55D        (1)5(  5.0)        426846.0
c  320   60964A52B55C55D        (3)3( 10.0)        433736.0
c  321   60964A52B55C55D        (1)5(  5.0)        434866.0
c  322   60964A52B55C55D        (1)6(  6.0)        435576.0
c  323   60964A52B55C55D        (3)1(  4.0)        439596.0
c  324   60964A52B55C55D        (3)4( 13.0)        441626.0
c  325   60964A52B55C55D        (3)0(  1.0)        442416.0
c  326   60964A52B55C55D        (1)2(  2.0)        444446.0
c  327   60964A52B55C55D        (1)3(  3.0)        449116.0
c  328   60964A52B55C55D        (1)1(  1.0)        450816.0
c  329   60964A52B55C55D        (1)5(  5.0)        452396.0
c  330   60964A52B55C55D        (1)4(  4.0)        452446.0
c  331   60964A52B55C55D        (1)2(  2.0)        452616.0
c  332   60964A52B55C55D        (3)2(  7.0)        456906.0
c  333   60964A52B55C55D        (1)3(  3.0)        458626.0
c  334   60964A52B55C55D        (1)3(  3.0)        470046.0
c  335   60964A52B55C55D        (1)1(  1.0)        472076.0
c  336   60964A52B55C55D        (1)1(  1.0)        487016.0
 
 
 
c-------------------------------------------------------------------------------
 
C  superstage partition information
C  ================================
C
C  element symbol   : W
C  parent template  : 
C  partition level  :  1
C  superstage label :  2
C
C  tabulation       : photon emissivity coefft (te,ne)
C  units            : ph. emis coef(cm^3 s^-1); te (ev); ne (cm^-3)
C
C  photon emissivity atomic transitions
C  ------------------------------------
C  
C   isel  wvlen(A)            transition                type  ispb nspb
C                                                             ispp nspp sz    tg pr wr
C  ----- ---------- ----------------------------------- ----- ---- ---- --    -- -- --
C      1   232.926  329(1)5(  5.0)-  7(1)6(  6.0)       excit   1    1   2  1807 40  1
C      2   233.401  324(3)4( 13.0)-  2(3)5( 16.0)       excit   1    1   2   557 25  2
C      3   242.424  322(1)6(  6.0)-  7(1)6(  6.0)       excit   1    1   2  1805 36  3
C      4   244.030  312(5)1(  7.0)-  1(5)2( 12.0)       excit   1    1   2   296 19  4
C      5   249.118  314(1)6(  6.0)-  2(3)5( 16.0)       excit   1    1   2   549 33  5
C      6   259.737  308(3)3( 10.0)-  5(3)4( 13.0)       excit   1    1   2  1393 46  6
C      7   291.413  274(5)3( 17.0)-  1(5)2( 12.0)       excit   1    1   2   258 31  7
C      8   294.649  279(3)6( 19.0)-  2(3)5( 16.0)       excit   1    1   2   524 30  8
C      9   666.951   96(5)3( 17.0)-  1(5)2( 12.0)       excit   1    1   2    93 27  9
C     10   701.479   80(5)2( 12.0)-  1(5)2( 12.0)       excit   1    1   2    78 11 10
C     11   704.791   78(5)3( 17.0)-  1(5)2( 12.0)       excit   1    1   2    76 23 11
C     12   705.533  122(3)5( 16.0)-  2(3)5( 16.0)       excit   1    1   2   409 41 12
C     13   715.305  164(1)7(  7.0)-  7(1)6(  6.0)       excit   1    1   2  1760 14 13
C     14   719.027  104(3)6( 19.0)-  2(3)5( 16.0)       excit   1    1   2   395 48 14
C     15   774.673   79(3)6( 19.0)-  2(3)5( 16.0)       excit   1    1   2   376 17 15
C     16   1263.42   30(3)2(  7.0)-  1(5)2( 12.0)       excit   1    1   2    29 44 16
C     17   1317.99   28(5)2( 12.0)-  1(5)2( 12.0)       excit   1    1   2    27 42 17
C     18   1357.84   49(3)4( 13.0)-  4(3)3( 10.0)       excit   1    1   2   859 24 18
C     19   1371.91   24(5)1(  7.0)-  1(5)2( 12.0)       excit   1    1   2    23  5 19
C     20   1375.31   23(3)4( 13.0)-  1(5)2( 12.0)       excit   1    1   2    22 50 20
C     21   1383.77   49(3)4( 13.0)-  5(3)4( 13.0)       excit   1    1   2  1165 37 21
C     22   1388.32   48(3)3( 10.0)-  5(3)4( 13.0)       excit   1    1   2  1164 32 22
C     23   1389.10   43(1)5(  5.0)-  2(3)5( 16.0)       excit   1    1   2   351 39 23
C     24   1395.93   42(3)3( 10.0)-  2(3)5( 16.0)       excit   1    1   2   350 21 24
C     25   1422.33   59(3)2(  7.0)- 13(3)3( 10.0)       excit   1    1   2  2928 34 25
C     26   1425.32   38(3)4( 13.0)-  2(3)5( 16.0)       excit   1    1   2   347  9 26
C     27   1453.93   21(3)2(  7.0)-  1(5)2( 12.0)       excit   1    1   2    20 16 27
C     28   1478.69   50(1)3(  3.0)-  8(1)4(  4.0)       excit   1    1   2  1838 20 28
C     29   1480.55   49(3)4( 13.0)-  7(1)6(  6.0)       excit   1    1   2  1718  6 29
C     30   1491.92   45(1)6(  6.0)-  7(1)6(  6.0)       excit   1    1   2  1717 12 30
C     31   1499.97   31(3)5( 16.0)-  2(3)5( 16.0)       excit   1    1   2   343  4 31
C     32   1504.56   42(3)3( 10.0)-  5(3)4( 13.0)       excit   1    1   2  1159 22 32
C     33   1506.76   38(3)4( 13.0)-  4(3)3( 10.0)       excit   1    1   2   849 38 33
C     34   1515.82   30(3)2(  7.0)-  2(3)5( 16.0)       excit   1    1   2   342 49 34
C     35   1523.39   18(5)3( 17.0)-  1(5)2( 12.0)       excit   1    1   2    17  3 35
C     36   1523.91   40(3)3( 10.0)-  5(3)4( 13.0)       excit   1    1   2  1158  7 36
C     37   1529.80   17(5)2( 12.0)-  1(5)2( 12.0)       excit   1    1   2    16  1 37
C     38   1538.76   38(3)4( 13.0)-  5(3)4( 13.0)       excit   1    1   2  1156 10 38
C     39   1547.15   29(3)5( 16.0)-  2(3)5( 16.0)       excit   1    1   2   341  2 39
C     40   1590.45   31(3)5( 16.0)-  4(3)3( 10.0)       excit   1    1   2   842 13 40
C     41   1594.34   51(1)2(  2.0)- 11(1)3(  3.0)       excit   1    1   2  2421 35 41
C     42   1608.28   30(3)2(  7.0)-  4(3)3( 10.0)       excit   1    1   2   841 26 42
C     43   1629.17   27(1)4(  4.0)-  2(3)5( 16.0)       excit   1    1   2   339 18 43
C     44   1646.61   26(3)3( 10.0)-  2(3)5( 16.0)       excit   1    1   2   338 29 44
C     45   1659.38   38(3)4( 13.0)-  7(1)6(  6.0)       excit   1    1   2  1715 15 45
C     46   1668.43   35(3)1(  4.0)-  6(3)2(  7.0)       excit   1    1   2  1443 43 46
C     47   1668.52   34(3)2(  7.0)-  6(3)2(  7.0)       excit   1    1   2  1442 28 47
C     48   1679.77   23(3)4( 13.0)-  2(3)5( 16.0)       excit   1    1   2   336  8 48
C     49   1686.20   55(3)2(  7.0)- 12(3)1(  4.0)       excit   1    1   2  2674 47 49
C     50   1839.60   23(3)4( 13.0)-  5(3)4( 13.0)       excit   1    1   2  1142 45 50
c-------------------------------------------------------------------------------
                                                                                
C  code     : adas810
C  producer : Adam Foster
C  date     : 15/05/09
                                                                                
c-------------------------------------------------------------------------------

C-----------------------------------------------------------------------
C                               OPEN-ADAS
C                               +++++++++
C
C This file has been downloaded from OPEN-ADAS (http://open.adas.ac.uk)
C on 18-Dec-2024.
C
C TERMS AND CONDITIONS
C --------------------
C
C The user of the OPEN-ADAS system and data (hereinafter "the User")
C accepts the following terms and conditions:
C
C   1. The University of Strathclyde uses all reasonable endeavours to
C      ensure the accuracy of the data provided and any information
C      given, but the University makes no warranty, expressed or implied
C      as to its accuracy, integrity, fitness for purpose and shall not
C      be responsible for the use to which the data is put by the User
C      and/or any consequences arising out of any inaccuracies or
C      omissions.
C
C   2. Any downloaded OPEN-ADAS file is made available for the
C      personal use of the User only.  It must not be used for any
C      commercial application, incorporated into any web site or in
C      any form re-distributed without express prior written permission
C      from the ADAS Project. In particular, but not by way of
C      limitation, it must not be:
C        *  inserted into a managed database structure,
C        *  redistributed along with a modelling or analysis code,
C        *  made available on a public website.
C
C Permission for OPEN-ADAS data incorporation in non-commercial
C code/system development for scientific advance will not be
C unreasonably withheld, but will be subject to written agreement
C on a case by case basis.
C
C The User will indemnify the University of Strathclyde and keep it
C fully and effectively indemnified against each and every claim made
C against the University as a result of the User's use of the data.
C
C-----------------------------------------------------------------------
