   50    /W :38 photon emissivity coefficients/
--------------------------------------------------------------------------------
    1    1    1    1    1    1    1    1    1    1    1    1    1    1
    1    1    1    1    1    1    1    1    1    1    1    1    1    1
    1    1    1    1    1    1    1    1    1    1    1    1    1    1
    1    1    1    1    1    1    1    1    1    1    1    1    1    1
    1    1    1    1    1    1    1    1    1    1    1    1    1    1
    1    1    1    1    1
--------------------------------------------------------------------------------
//#01/p00/ 00/p01/ 01/p02/ 02/p03/ 03/p04/ 04/p05/ 05/p06/ 06/p07/ 07/p08/ 08/  
      p09/ 09/p10/ 10/p11/ 11/p12/ 12/p13/ 13/p14/ 14/p15/ 15/p16/ 16/p17/ 17/  
      p18/ 18/p19/ 19/p20/ 20/p21/ 21/p22/ 22/p23/ 23/p24/ 24/p25/ 25/p26/ 26/  
      p27/ 27/p28/ 28/p29/ 29/p30/ 30/p31/ 31/p32/ 32/p33/ 33/p34/ 34/p35/ 35/  
      p36/ 36/p37/ 37/p38/ 38/p39/ 39/p40/ 40/p41/ 41/p42/ 42/p43/ 43/p44/ 44/  
      p45/ 45/p46/ 46/p47/ 47/p48/ 48/p49/ 49/p50/ 50/p51/ 51/p52/ 52/p53/ 53/  
      p54/ 54/p55/ 55/p56/ 56/p57/ 57/p58/ 58/p59/ 59/p60/ 60/p61/ 61/p62/ 62/  
      p63/ 63/p64/ 64/p65/ 65/p66/ 66/p67/ 67/p68/ 68/p69/ 69/p70/ 70/p71/ 71/  
      p72/ 72/p73/ 73/p74/ 74/                                                  
--------------------------------------------------------------------------------
  4.07449    7  14 /pl=01:ss=38:pb= 1:sz=38/type=excit/ispb = t/isel =    1
 1.00E+10 1.00E+11 1.00E+12 1.00E+13 1.00E+14 1.00E+15 1.00E+16
 2.62E+01 3.93E+01 6.55E+01 1.31E+02 2.62E+02 6.55E+02 1.31E+03 1.97E+03
 2.62E+03 3.93E+03 6.55E+03 1.31E+04 2.62E+04 3.93E+04
 1.00E-74 1.00E-74 5.01E-32 4.34E-22 3.44E-17 2.41E-14 1.86E-13 3.53E-13
 4.80E-13 6.50E-13 8.26E-13 9.91E-13 1.07E-12 1.08E-12
 1.00E-74 1.00E-74 5.01E-32 4.34E-22 3.44E-17 2.41E-14 1.86E-13 3.53E-13
 4.80E-13 6.50E-13 8.26E-13 9.91E-13 1.07E-12 1.08E-12
 1.00E-74 1.00E-74 5.01E-32 4.34E-22 3.44E-17 2.41E-14 1.86E-13 3.53E-13
 4.80E-13 6.50E-13 8.26E-13 9.91E-13 1.07E-12 1.08E-12
 1.00E-74 2.38E-45 5.01E-32 4.34E-22 3.44E-17 2.41E-14 1.86E-13 3.53E-13
 4.80E-13 6.50E-13 8.26E-13 9.91E-13 1.07E-12 1.08E-12
 1.00E-74 2.33E-45 5.01E-32 4.34E-22 3.44E-17 2.40E-14 1.86E-13 3.53E-13
 4.80E-13 6.50E-13 8.26E-13 9.91E-13 1.07E-12 1.08E-12
 1.00E-74 2.32E-45 5.01E-32 4.34E-22 3.43E-17 2.40E-14 1.86E-13 3.52E-13
 4.79E-13 6.48E-13 8.24E-13 9.89E-13 1.06E-12 1.07E-12
 1.00E-74 2.31E-45 5.01E-32 4.32E-22 3.38E-17 2.33E-14 1.80E-13 3.42E-13
 4.66E-13 6.32E-13 8.06E-13 9.71E-13 1.05E-12 1.06E-12
  4.78437    7  14 /pl=01:ss=38:pb= 1:sz=38/type=excit/ispb = t/isel =    2
 1.00E+10 1.00E+11 1.00E+12 1.00E+13 1.00E+14 1.00E+15 1.00E+16
 2.62E+01 3.93E+01 6.55E+01 1.31E+02 2.62E+02 6.55E+02 1.31E+03 1.97E+03
 2.62E+03 3.93E+03 6.55E+03 1.31E+04 2.62E+04 3.93E+04
 1.00E-74 2.74E-39 5.98E-28 1.64E-19 2.31E-15 5.77E-13 3.13E-12 5.20E-12
 6.54E-12 8.05E-12 9.16E-12 9.59E-12 9.20E-12 8.75E-12
 1.00E-74 2.74E-39 5.98E-28 1.64E-19 2.31E-15 5.77E-13 3.13E-12 5.20E-12
 6.54E-12 8.05E-12 9.16E-12 9.59E-12 9.20E-12 8.75E-12
 1.00E-74 2.74E-39 5.98E-28 1.64E-19 2.31E-15 5.77E-13 3.13E-12 5.20E-12
 6.54E-12 8.05E-12 9.16E-12 9.59E-12 9.20E-12 8.75E-12
 1.00E-74 2.74E-39 5.98E-28 1.64E-19 2.31E-15 5.77E-13 3.13E-12 5.20E-12
 6.54E-12 8.04E-12 9.16E-12 9.59E-12 9.20E-12 8.75E-12
 1.00E-74 2.74E-39 5.98E-28 1.64E-19 2.31E-15 5.77E-13 3.13E-12 5.20E-12
 6.54E-12 8.04E-12 9.16E-12 9.59E-12 9.20E-12 8.74E-12
 1.00E-74 2.74E-39 5.98E-28 1.64E-19 2.31E-15 5.75E-13 3.12E-12 5.18E-12
 6.52E-12 8.02E-12 9.13E-12 9.57E-12 9.19E-12 8.73E-12
 1.00E-74 2.75E-39 5.98E-28 1.63E-19 2.27E-15 5.60E-13 3.03E-12 5.04E-12
 6.34E-12 7.82E-12 8.93E-12 9.39E-12 9.05E-12 8.62E-12
  5.25510    7  14 /pl=01:ss=38:pb= 1:sz=38/type=excit/ispb = t/isel =    3
 1.00E+10 1.00E+11 1.00E+12 1.00E+13 1.00E+14 1.00E+15 1.00E+16
 2.62E+01 3.93E+01 6.55E+01 1.31E+02 2.62E+02 6.55E+02 1.31E+03 1.97E+03
 2.62E+03 3.93E+03 6.55E+03 1.31E+04 2.62E+04 3.93E+04
 1.00E-74 4.43E-37 9.23E-27 4.63E-19 3.12E-15 5.86E-13 3.11E-12 5.21E-12
 6.66E-12 8.34E-12 9.83E-12 1.08E-11 1.08E-11 1.05E-11
 1.00E-74 4.43E-37 9.23E-27 4.63E-19 3.12E-15 5.86E-13 3.11E-12 5.21E-12
 6.66E-12 8.34E-12 9.83E-12 1.08E-11 1.08E-11 1.05E-11
 1.00E-74 4.43E-37 9.23E-27 4.63E-19 3.12E-15 5.86E-13 3.11E-12 5.21E-12
 6.66E-12 8.34E-12 9.83E-12 1.08E-11 1.08E-11 1.05E-11
 1.00E-74 4.43E-37 9.23E-27 4.63E-19 3.12E-15 5.86E-13 3.11E-12 5.21E-12
 6.66E-12 8.34E-12 9.83E-12 1.08E-11 1.08E-11 1.05E-11
 1.00E-74 4.43E-37 9.23E-27 4.64E-19 3.12E-15 5.86E-13 3.11E-12 5.21E-12
 6.65E-12 8.34E-12 9.82E-12 1.08E-11 1.08E-11 1.05E-11
 1.00E-74 4.44E-37 9.25E-27 4.64E-19 3.12E-15 5.85E-13 3.10E-12 5.19E-12
 6.64E-12 8.32E-12 9.81E-12 1.08E-11 1.08E-11 1.05E-11
 1.00E-74 4.57E-37 9.45E-27 4.69E-19 3.10E-15 5.74E-13 3.03E-12 5.08E-12
 6.50E-12 8.15E-12 9.62E-12 1.06E-11 1.06E-11 1.04E-11
  6.12747    7  14 /pl=01:ss=38:pb= 1:sz=38/type=excit/ispb = t/isel =    4
 1.00E+10 1.00E+11 1.00E+12 1.00E+13 1.00E+14 1.00E+15 1.00E+16
 2.62E+01 3.93E+01 6.55E+01 1.31E+02 2.62E+02 6.55E+02 1.31E+03 1.97E+03
 2.62E+03 3.93E+03 6.55E+03 1.31E+04 2.62E+04 3.93E+04
 1.29E-42 8.32E-32 5.60E-23 2.03E-16 3.33E-13 2.41E-11 8.92E-11 1.32E-10
 1.57E-10 1.85E-10 2.05E-10 2.11E-10 2.01E-10 1.91E-10
 6.45E-43 8.32E-32 5.60E-23 2.03E-16 3.33E-13 2.41E-11 8.92E-11 1.32E-10
 1.57E-10 1.85E-10 2.05E-10 2.11E-10 2.01E-10 1.91E-10
 6.83E-43 8.32E-32 5.60E-23 2.03E-16 3.33E-13 2.41E-11 8.92E-11 1.32E-10
 1.57E-10 1.85E-10 2.05E-10 2.11E-10 2.01E-10 1.91E-10
 6.82E-43 8.32E-32 5.60E-23 2.03E-16 3.33E-13 2.41E-11 8.92E-11 1.32E-10
 1.57E-10 1.85E-10 2.05E-10 2.11E-10 2.01E-10 1.91E-10
 6.82E-43 8.32E-32 5.60E-23 2.03E-16 3.33E-13 2.41E-11 8.92E-11 1.32E-10
 1.57E-10 1.85E-10 2.05E-10 2.11E-10 2.01E-10 1.91E-10
 6.82E-43 8.32E-32 5.60E-23 2.03E-16 3.33E-13 2.40E-11 8.89E-11 1.32E-10
 1.57E-10 1.84E-10 2.04E-10 2.10E-10 2.01E-10 1.91E-10
 6.83E-43 8.33E-32 5.61E-23 2.02E-16 3.28E-13 2.34E-11 8.65E-11 1.28E-10
 1.53E-10 1.80E-10 2.00E-10 2.06E-10 1.98E-10 1.88E-10
  6.21570    7  14 /pl=01:ss=38:pb= 1:sz=38/type=excit/ispb = t/isel =    5
 1.00E+10 1.00E+11 1.00E+12 1.00E+13 1.00E+14 1.00E+15 1.00E+16
 2.62E+01 3.93E+01 6.55E+01 1.31E+02 2.62E+02 6.55E+02 1.31E+03 1.97E+03
 2.62E+03 3.93E+03 6.55E+03 1.31E+04 2.62E+04 3.93E+04
 1.00E-74 1.00E-74 1.29E-30 5.41E-21 2.97E-16 1.64E-13 1.13E-12 1.99E-12
 2.56E-12 3.13E-12 3.41E-12 3.24E-12 2.76E-12 2.44E-12
 1.00E-74 1.56E-43 1.29E-30 5.41E-21 2.97E-16 1.64E-13 1.13E-12 1.99E-12
 2.56E-12 3.13E-12 3.41E-12 3.24E-12 2.76E-12 2.44E-12
 1.00E-74 1.56E-43 1.29E-30 5.41E-21 2.97E-16 1.64E-13 1.13E-12 1.99E-12
 2.56E-12 3.13E-12 3.41E-12 3.24E-12 2.76E-12 2.44E-12
 1.00E-74 1.54E-43 1.29E-30 5.41E-21 2.97E-16 1.64E-13 1.13E-12 1.99E-12
 2.56E-12 3.13E-12 3.41E-12 3.24E-12 2.76E-12 2.44E-12
 1.00E-74 1.55E-43 1.29E-30 5.41E-21 2.97E-16 1.64E-13 1.13E-12 1.99E-12
 2.56E-12 3.12E-12 3.41E-12 3.24E-12 2.76E-12 2.43E-12
 1.00E-74 1.55E-43 1.29E-30 5.40E-21 2.96E-16 1.64E-13 1.13E-12 1.99E-12
 2.55E-12 3.12E-12 3.41E-12 3.23E-12 2.75E-12 2.43E-12
 1.00E-74 1.55E-43 1.28E-30 5.38E-21 2.92E-16 1.60E-13 1.10E-12 1.93E-12
 2.48E-12 3.04E-12 3.33E-12 3.18E-12 2.71E-12 2.40E-12
  6.21606    7  14 /pl=01:ss=38:pb= 1:sz=38/type=excit/ispb = t/isel =    6
 1.00E+10 1.00E+11 1.00E+12 1.00E+13 1.00E+14 1.00E+15 1.00E+16
 2.62E+01 3.93E+01 6.55E+01 1.31E+02 2.62E+02 6.55E+02 1.31E+03 1.97E+03
 2.62E+03 3.93E+03 6.55E+03 1.31E+04 2.62E+04 3.93E+04
 1.00E-74 1.00E-74 1.64E-31 1.42E-21 1.12E-16 7.85E-14 6.08E-13 1.15E-12
 1.57E-12 2.12E-12 2.70E-12 3.24E-12 3.48E-12 3.51E-12
 1.00E-74 1.00E-74 1.64E-31 1.42E-21 1.12E-16 7.85E-14 6.08E-13 1.15E-12
 1.57E-12 2.12E-12 2.70E-12 3.24E-12 3.48E-12 3.51E-12
 1.00E-74 1.00E-74 1.64E-31 1.42E-21 1.12E-16 7.85E-14 6.08E-13 1.15E-12
 1.57E-12 2.12E-12 2.70E-12 3.24E-12 3.48E-12 3.51E-12
 1.00E-74 7.78E-45 1.64E-31 1.42E-21 1.12E-16 7.85E-14 6.08E-13 1.15E-12
 1.57E-12 2.12E-12 2.70E-12 3.24E-12 3.48E-12 3.51E-12
 1.00E-74 7.62E-45 1.64E-31 1.42E-21 1.12E-16 7.85E-14 6.08E-13 1.15E-12
 1.57E-12 2.12E-12 2.70E-12 3.24E-12 3.48E-12 3.51E-12
 1.00E-74 7.56E-45 1.64E-31 1.42E-21 1.12E-16 7.83E-14 6.06E-13 1.15E-12
 1.56E-12 2.12E-12 2.69E-12 3.23E-12 3.48E-12 3.51E-12
 1.00E-74 7.55E-45 1.64E-31 1.41E-21 1.10E-16 7.62E-14 5.89E-13 1.12E-12
 1.52E-12 2.06E-12 2.63E-12 3.17E-12 3.42E-12 3.46E-12
  6.24539    7  14 /pl=01:ss=38:pb= 1:sz=38/type=excit/ispb = t/isel =    7
 1.00E+10 1.00E+11 1.00E+12 1.00E+13 1.00E+14 1.00E+15 1.00E+16
 2.62E+01 3.93E+01 6.55E+01 1.31E+02 2.62E+02 6.55E+02 1.31E+03 1.97E+03
 2.62E+03 3.93E+03 6.55E+03 1.31E+04 2.62E+04 3.93E+04
 1.00E-74 7.21E-37 1.50E-26 7.55E-19 5.08E-15 9.55E-13 5.06E-12 8.49E-12
 1.08E-11 1.36E-11 1.60E-11 1.76E-11 1.76E-11 1.71E-11
 1.00E-74 7.21E-37 1.50E-26 7.55E-19 5.08E-15 9.55E-13 5.06E-12 8.49E-12
 1.08E-11 1.36E-11 1.60E-11 1.76E-11 1.76E-11 1.71E-11
 1.00E-74 7.21E-37 1.50E-26 7.55E-19 5.08E-15 9.55E-13 5.06E-12 8.49E-12
 1.08E-11 1.36E-11 1.60E-11 1.76E-11 1.76E-11 1.71E-11
 1.00E-74 7.21E-37 1.50E-26 7.55E-19 5.08E-15 9.55E-13 5.06E-12 8.49E-12
 1.08E-11 1.36E-11 1.60E-11 1.76E-11 1.76E-11 1.71E-11
 1.00E-74 7.21E-37 1.50E-26 7.55E-19 5.08E-15 9.55E-13 5.06E-12 8.48E-12
 1.08E-11 1.36E-11 1.60E-11 1.76E-11 1.76E-11 1.71E-11
 1.00E-74 7.24E-37 1.51E-26 7.56E-19 5.08E-15 9.53E-13 5.05E-12 8.47E-12
 1.08E-11 1.36E-11 1.60E-11 1.76E-11 1.76E-11 1.71E-11
 1.00E-74 7.45E-37 1.54E-26 7.64E-19 5.05E-15 9.36E-13 4.94E-12 8.28E-12
 1.06E-11 1.33E-11 1.57E-11 1.73E-11 1.73E-11 1.69E-11
  6.80242    7  14 /pl=01:ss=38:pb= 1:sz=38/type=excit/ispb = t/isel =    8
 1.00E+10 1.00E+11 1.00E+12 1.00E+13 1.00E+14 1.00E+15 1.00E+16
 2.62E+01 3.93E+01 6.55E+01 1.31E+02 2.62E+02 6.55E+02 1.31E+03 1.97E+03
 2.62E+03 3.93E+03 6.55E+03 1.31E+04 2.62E+04 3.93E+04
 1.69E-40 1.60E-30 1.41E-22 1.13E-16 8.92E-14 4.34E-12 1.43E-11 2.01E-11
 2.32E-11 2.60E-11 2.69E-11 2.53E-11 2.22E-11 2.02E-11
 1.69E-40 1.60E-30 1.41E-22 1.13E-16 8.92E-14 4.34E-12 1.43E-11 2.01E-11
 2.32E-11 2.60E-11 2.69E-11 2.53E-11 2.22E-11 2.02E-11
 1.69E-40 1.60E-30 1.41E-22 1.13E-16 8.92E-14 4.34E-12 1.43E-11 2.01E-11
 2.32E-11 2.60E-11 2.69E-11 2.53E-11 2.22E-11 2.02E-11
 1.69E-40 1.60E-30 1.41E-22 1.13E-16 8.92E-14 4.34E-12 1.43E-11 2.01E-11
 2.32E-11 2.60E-11 2.69E-11 2.53E-11 2.22E-11 2.02E-11
 1.69E-40 1.60E-30 1.41E-22 1.13E-16 8.92E-14 4.34E-12 1.43E-11 2.01E-11
 2.32E-11 2.60E-11 2.69E-11 2.53E-11 2.22E-11 2.02E-11
 1.69E-40 1.60E-30 1.41E-22 1.13E-16 8.91E-14 4.32E-12 1.42E-11 2.00E-11
 2.32E-11 2.59E-11 2.68E-11 2.52E-11 2.22E-11 2.01E-11
 1.70E-40 1.61E-30 1.42E-22 1.12E-16 8.77E-14 4.21E-12 1.38E-11 1.95E-11
 2.25E-11 2.52E-11 2.62E-11 2.48E-11 2.18E-11 1.99E-11
  7.58527    7  14 /pl=01:ss=38:pb= 1:sz=38/type=excit/ispb = t/isel =    9
 1.00E+10 1.00E+11 1.00E+12 1.00E+13 1.00E+14 1.00E+15 1.00E+16
 2.62E+01 3.93E+01 6.55E+01 1.31E+02 2.62E+02 6.55E+02 1.31E+03 1.97E+03
 2.62E+03 3.93E+03 6.55E+03 1.31E+04 2.62E+04 3.93E+04
 1.00E-74 3.23E-39 7.04E-28 1.93E-19 2.72E-15 6.79E-13 3.68E-12 6.12E-12
 7.70E-12 9.47E-12 1.08E-11 1.13E-11 1.08E-11 1.03E-11
 1.00E-74 3.23E-39 7.04E-28 1.93E-19 2.72E-15 6.79E-13 3.68E-12 6.12E-12
 7.70E-12 9.47E-12 1.08E-11 1.13E-11 1.08E-11 1.03E-11
 1.00E-74 3.23E-39 7.04E-28 1.93E-19 2.72E-15 6.79E-13 3.68E-12 6.12E-12
 7.70E-12 9.47E-12 1.08E-11 1.13E-11 1.08E-11 1.03E-11
 1.00E-74 3.23E-39 7.04E-28 1.93E-19 2.72E-15 6.79E-13 3.68E-12 6.12E-12
 7.70E-12 9.47E-12 1.08E-11 1.13E-11 1.08E-11 1.03E-11
 1.00E-74 3.23E-39 7.04E-28 1.93E-19 2.72E-15 6.79E-13 3.68E-12 6.12E-12
 7.70E-12 9.47E-12 1.08E-11 1.13E-11 1.08E-11 1.03E-11
 1.00E-74 3.23E-39 7.04E-28 1.93E-19 2.72E-15 6.77E-13 3.67E-12 6.10E-12
 7.67E-12 9.44E-12 1.08E-11 1.13E-11 1.08E-11 1.03E-11
 1.00E-74 3.23E-39 7.04E-28 1.92E-19 2.67E-15 6.60E-13 3.57E-12 5.93E-12
 7.47E-12 9.20E-12 1.05E-11 1.11E-11 1.06E-11 1.01E-11
  7.58547    7  14 /pl=01:ss=38:pb= 1:sz=38/type=excit/ispb = t/isel =   10
 1.00E+10 1.00E+11 1.00E+12 1.00E+13 1.00E+14 1.00E+15 1.00E+16
 2.62E+01 3.93E+01 6.55E+01 1.31E+02 2.62E+02 6.55E+02 1.31E+03 1.97E+03
 2.62E+03 3.93E+03 6.55E+03 1.31E+04 2.62E+04 3.93E+04
 1.00E-74 2.26E-38 2.09E-27 3.02E-19 3.09E-15 6.31E-13 3.14E-12 4.97E-12
 6.03E-12 7.01E-12 7.32E-12 6.77E-12 5.70E-12 5.06E-12
 1.00E-74 2.26E-38 2.09E-27 3.02E-19 3.09E-15 6.31E-13 3.14E-12 4.97E-12
 6.03E-12 7.01E-12 7.32E-12 6.77E-12 5.70E-12 5.06E-12
 1.00E-74 2.26E-38 2.09E-27 3.02E-19 3.09E-15 6.31E-13 3.14E-12 4.97E-12
 6.03E-12 7.01E-12 7.32E-12 6.77E-12 5.70E-12 5.06E-12
 1.00E-74 2.26E-38 2.09E-27 3.02E-19 3.09E-15 6.31E-13 3.14E-12 4.97E-12
 6.03E-12 7.01E-12 7.32E-12 6.77E-12 5.70E-12 5.06E-12
 1.00E-74 2.26E-38 2.09E-27 3.02E-19 3.09E-15 6.31E-13 3.14E-12 4.97E-12
 6.03E-12 7.01E-12 7.32E-12 6.77E-12 5.70E-12 5.06E-12
 1.00E-74 2.26E-38 2.09E-27 3.02E-19 3.09E-15 6.29E-13 3.13E-12 4.95E-12
 6.01E-12 6.99E-12 7.30E-12 6.76E-12 5.69E-12 5.05E-12
 1.00E-74 2.26E-38 2.09E-27 3.00E-19 3.04E-15 6.13E-13 3.04E-12 4.81E-12
 5.85E-12 6.82E-12 7.14E-12 6.63E-12 5.61E-12 4.99E-12
  8.55920    7  14 /pl=01:ss=38:pb= 1:sz=38/type=excit/ispb = t/isel =   11
 1.00E+10 1.00E+11 1.00E+12 1.00E+13 1.00E+14 1.00E+15 1.00E+16
 2.62E+01 3.93E+01 6.55E+01 1.31E+02 2.62E+02 6.55E+02 1.31E+03 1.97E+03
 2.62E+03 3.93E+03 6.55E+03 1.31E+04 2.62E+04 3.93E+04
 3.06E-40 2.91E-30 2.56E-22 2.04E-16 1.62E-13 7.86E-12 2.58E-11 3.64E-11
 4.21E-11 4.71E-11 4.87E-11 4.59E-11 4.02E-11 3.66E-11
 3.06E-40 2.91E-30 2.56E-22 2.04E-16 1.62E-13 7.86E-12 2.58E-11 3.64E-11
 4.21E-11 4.71E-11 4.87E-11 4.59E-11 4.02E-11 3.66E-11
 3.06E-40 2.91E-30 2.56E-22 2.04E-16 1.62E-13 7.86E-12 2.58E-11 3.64E-11
 4.21E-11 4.71E-11 4.87E-11 4.59E-11 4.02E-11 3.66E-11
 3.06E-40 2.91E-30 2.56E-22 2.04E-16 1.62E-13 7.86E-12 2.58E-11 3.64E-11
 4.21E-11 4.71E-11 4.87E-11 4.59E-11 4.02E-11 3.66E-11
 3.06E-40 2.91E-30 2.56E-22 2.04E-16 1.62E-13 7.86E-12 2.58E-11 3.64E-11
 4.21E-11 4.71E-11 4.87E-11 4.58E-11 4.02E-11 3.66E-11
 3.06E-40 2.91E-30 2.56E-22 2.04E-16 1.61E-13 7.84E-12 2.58E-11 3.63E-11
 4.20E-11 4.69E-11 4.86E-11 4.58E-11 4.02E-11 3.65E-11
 3.08E-40 2.92E-30 2.57E-22 2.03E-16 1.59E-13 7.63E-12 2.50E-11 3.53E-11
 4.08E-11 4.57E-11 4.75E-11 4.49E-11 3.96E-11 3.60E-11
  10.3518    7  14 /pl=01:ss=38:pb= 1:sz=38/type=excit/ispb = t/isel =   12
 1.00E+10 1.00E+11 1.00E+12 1.00E+13 1.00E+14 1.00E+15 1.00E+16
 2.62E+01 3.93E+01 6.55E+01 1.31E+02 2.62E+02 6.55E+02 1.31E+03 1.97E+03
 2.62E+03 3.93E+03 6.55E+03 1.31E+04 2.62E+04 3.93E+04
 2.67E-31 9.00E-25 1.38E-19 9.21E-16 6.50E-14 7.10E-13 1.51E-12 1.96E-12
 2.27E-12 2.66E-12 3.06E-12 3.41E-12 3.49E-12 3.42E-12
 2.67E-31 9.00E-25 1.38E-19 9.21E-16 6.50E-14 7.10E-13 1.51E-12 1.96E-12
 2.27E-12 2.66E-12 3.06E-12 3.41E-12 3.49E-12 3.42E-12
 2.67E-31 9.00E-25 1.38E-19 9.21E-16 6.50E-14 7.10E-13 1.51E-12 1.96E-12
 2.27E-12 2.66E-12 3.06E-12 3.41E-12 3.49E-12 3.42E-12
 2.67E-31 9.00E-25 1.38E-19 9.21E-16 6.50E-14 7.10E-13 1.51E-12 1.96E-12
 2.26E-12 2.65E-12 3.06E-12 3.41E-12 3.49E-12 3.42E-12
 2.67E-31 9.00E-25 1.38E-19 9.21E-16 6.49E-14 7.10E-13 1.51E-12 1.96E-12
 2.26E-12 2.65E-12 3.06E-12 3.41E-12 3.49E-12 3.42E-12
 2.67E-31 9.01E-25 1.38E-19 9.20E-16 6.48E-14 7.08E-13 1.50E-12 1.96E-12
 2.26E-12 2.65E-12 3.05E-12 3.40E-12 3.48E-12 3.41E-12
 2.67E-31 9.02E-25 1.38E-19 9.16E-16 6.39E-14 6.90E-13 1.46E-12 1.90E-12
 2.20E-12 2.58E-12 2.98E-12 3.34E-12 3.43E-12 3.37E-12
  11.1966    7  14 /pl=01:ss=38:pb= 1:sz=38/type=excit/ispb = t/isel =   13
 1.00E+10 1.00E+11 1.00E+12 1.00E+13 1.00E+14 1.00E+15 1.00E+16
 2.62E+01 3.93E+01 6.55E+01 1.31E+02 2.62E+02 6.55E+02 1.31E+03 1.97E+03
 2.62E+03 3.93E+03 6.55E+03 1.31E+04 2.62E+04 3.93E+04
 4.37E-30 4.72E-24 2.90E-19 9.81E-16 4.91E-14 4.32E-13 8.35E-13 1.03E-12
 1.15E-12 1.28E-12 1.39E-12 1.44E-12 1.39E-12 1.33E-12
 4.37E-30 4.72E-24 2.90E-19 9.81E-16 4.91E-14 4.32E-13 8.35E-13 1.03E-12
 1.15E-12 1.28E-12 1.39E-12 1.44E-12 1.39E-12 1.33E-12
 4.37E-30 4.72E-24 2.90E-19 9.81E-16 4.91E-14 4.32E-13 8.35E-13 1.03E-12
 1.15E-12 1.28E-12 1.39E-12 1.44E-12 1.39E-12 1.33E-12
 4.37E-30 4.72E-24 2.90E-19 9.81E-16 4.91E-14 4.32E-13 8.35E-13 1.03E-12
 1.15E-12 1.28E-12 1.39E-12 1.44E-12 1.39E-12 1.33E-12
 4.37E-30 4.72E-24 2.90E-19 9.81E-16 4.91E-14 4.32E-13 8.34E-13 1.03E-12
 1.15E-12 1.28E-12 1.39E-12 1.44E-12 1.39E-12 1.33E-12
 4.37E-30 4.72E-24 2.90E-19 9.80E-16 4.90E-14 4.31E-13 8.32E-13 1.03E-12
 1.14E-12 1.27E-12 1.38E-12 1.44E-12 1.39E-12 1.33E-12
 4.38E-30 4.72E-24 2.90E-19 9.75E-16 4.82E-14 4.20E-13 8.08E-13 9.97E-13
 1.11E-12 1.24E-12 1.35E-12 1.41E-12 1.37E-12 1.31E-12
  11.8783    7  14 /pl=01:ss=38:pb= 1:sz=38/type=excit/ispb = t/isel =   14
 1.00E+10 1.00E+11 1.00E+12 1.00E+13 1.00E+14 1.00E+15 1.00E+16
 2.62E+01 3.93E+01 6.55E+01 1.31E+02 2.62E+02 6.55E+02 1.31E+03 1.97E+03
 2.62E+03 3.93E+03 6.55E+03 1.31E+04 2.62E+04 3.93E+04
 4.20E-31 2.52E-24 6.05E-19 5.66E-15 4.62E-13 5.25E-12 1.01E-11 1.19E-11
 1.25E-11 1.26E-11 1.18E-11 9.86E-12 7.76E-12 6.62E-12
 4.20E-31 2.52E-24 6.05E-19 5.66E-15 4.62E-13 5.25E-12 1.01E-11 1.19E-11
 1.25E-11 1.26E-11 1.18E-11 9.86E-12 7.76E-12 6.62E-12
 4.20E-31 2.52E-24 6.05E-19 5.66E-15 4.62E-13 5.25E-12 1.01E-11 1.19E-11
 1.25E-11 1.26E-11 1.18E-11 9.86E-12 7.76E-12 6.62E-12
 4.20E-31 2.52E-24 6.05E-19 5.66E-15 4.62E-13 5.25E-12 1.01E-11 1.19E-11
 1.25E-11 1.26E-11 1.18E-11 9.86E-12 7.76E-12 6.62E-12
 4.20E-31 2.52E-24 6.05E-19 5.66E-15 4.62E-13 5.25E-12 1.01E-11 1.19E-11
 1.25E-11 1.26E-11 1.18E-11 9.86E-12 7.76E-12 6.62E-12
 4.20E-31 2.52E-24 6.05E-19 5.66E-15 4.61E-13 5.23E-12 1.01E-11 1.18E-11
 1.25E-11 1.26E-11 1.18E-11 9.84E-12 7.75E-12 6.61E-12
 4.20E-31 2.52E-24 6.05E-19 5.63E-15 4.54E-13 5.09E-12 9.80E-12 1.15E-11
 1.21E-11 1.23E-11 1.15E-11 9.66E-12 7.63E-12 6.52E-12
  12.9888    7  14 /pl=01:ss=38:pb= 1:sz=38/type=excit/ispb = t/isel =   15
 1.00E+10 1.00E+11 1.00E+12 1.00E+13 1.00E+14 1.00E+15 1.00E+16
 2.62E+01 3.93E+01 6.55E+01 1.31E+02 2.62E+02 6.55E+02 1.31E+03 1.97E+03
 2.62E+03 3.93E+03 6.55E+03 1.31E+04 2.62E+04 3.93E+04
 5.71E-27 8.79E-22 1.14E-17 1.22E-14 3.42E-13 2.12E-12 3.79E-12 4.62E-12
 5.12E-12 5.68E-12 6.12E-12 6.31E-12 6.12E-12 5.87E-12
 5.71E-27 8.79E-22 1.14E-17 1.22E-14 3.42E-13 2.12E-12 3.79E-12 4.62E-12
 5.12E-12 5.68E-12 6.12E-12 6.31E-12 6.12E-12 5.87E-12
 5.71E-27 8.79E-22 1.14E-17 1.22E-14 3.42E-13 2.12E-12 3.79E-12 4.62E-12
 5.12E-12 5.68E-12 6.12E-12 6.31E-12 6.12E-12 5.87E-12
 5.71E-27 8.79E-22 1.15E-17 1.22E-14 3.42E-13 2.12E-12 3.79E-12 4.62E-12
 5.12E-12 5.68E-12 6.12E-12 6.31E-12 6.12E-12 5.87E-12
 5.73E-27 8.82E-22 1.15E-17 1.22E-14 3.42E-13 2.12E-12 3.79E-12 4.62E-12
 5.13E-12 5.68E-12 6.12E-12 6.31E-12 6.12E-12 5.87E-12
 5.90E-27 9.04E-22 1.17E-17 1.24E-14 3.46E-13 2.14E-12 3.80E-12 4.64E-12
 5.14E-12 5.69E-12 6.12E-12 6.32E-12 6.12E-12 5.87E-12
 7.63E-27 1.13E-21 1.40E-17 1.42E-14 3.83E-13 2.28E-12 3.96E-12 4.78E-12
 5.26E-12 5.79E-12 6.19E-12 6.34E-12 6.13E-12 5.87E-12
  13.0755    7  14 /pl=01:ss=38:pb= 1:sz=38/type=excit/ispb = t/isel =   16
 1.00E+10 1.00E+11 1.00E+12 1.00E+13 1.00E+14 1.00E+15 1.00E+16
 2.62E+01 3.93E+01 6.55E+01 1.31E+02 2.62E+02 6.55E+02 1.31E+03 1.97E+03
 2.62E+03 3.93E+03 6.55E+03 1.31E+04 2.62E+04 3.93E+04
 1.34E-29 2.38E-23 2.16E-18 9.74E-15 5.55E-13 5.00E-12 8.90E-12 1.01E-11
 1.04E-11 1.02E-11 9.34E-12 7.67E-12 5.96E-12 5.08E-12
 1.34E-29 2.38E-23 2.16E-18 9.74E-15 5.55E-13 5.00E-12 8.90E-12 1.01E-11
 1.04E-11 1.02E-11 9.34E-12 7.67E-12 5.96E-12 5.08E-12
 1.34E-29 2.38E-23 2.16E-18 9.74E-15 5.55E-13 5.00E-12 8.90E-12 1.01E-11
 1.04E-11 1.02E-11 9.34E-12 7.67E-12 5.96E-12 5.08E-12
 1.34E-29 2.38E-23 2.16E-18 9.74E-15 5.54E-13 5.00E-12 8.90E-12 1.01E-11
 1.04E-11 1.02E-11 9.34E-12 7.67E-12 5.96E-12 5.08E-12
 1.34E-29 2.38E-23 2.16E-18 9.74E-15 5.54E-13 5.00E-12 8.90E-12 1.01E-11
 1.04E-11 1.02E-11 9.33E-12 7.67E-12 5.96E-12 5.08E-12
 1.34E-29 2.38E-23 2.16E-18 9.74E-15 5.53E-13 4.98E-12 8.88E-12 1.00E-11
 1.03E-11 1.02E-11 9.31E-12 7.65E-12 5.95E-12 5.07E-12
 1.34E-29 2.38E-23 2.16E-18 9.68E-15 5.45E-13 4.85E-12 8.62E-12 9.75E-12
 1.01E-11 9.92E-12 9.10E-12 7.51E-12 5.86E-12 5.00E-12
  14.2145    7  14 /pl=01:ss=38:pb= 1:sz=38/type=excit/ispb = t/isel =   17
 1.00E+10 1.00E+11 1.00E+12 1.00E+13 1.00E+14 1.00E+15 1.00E+16
 2.62E+01 3.93E+01 6.55E+01 1.31E+02 2.62E+02 6.55E+02 1.31E+03 1.97E+03
 2.62E+03 3.93E+03 6.55E+03 1.31E+04 2.62E+04 3.93E+04
 3.55E-25 1.92E-20 1.10E-16 6.92E-14 1.68E-12 1.07E-11 1.97E-11 2.43E-11
 2.69E-11 2.98E-11 3.20E-11 3.26E-11 3.11E-11 2.97E-11
 3.55E-25 1.92E-20 1.10E-16 6.92E-14 1.68E-12 1.07E-11 1.97E-11 2.43E-11
 2.69E-11 2.98E-11 3.20E-11 3.26E-11 3.11E-11 2.97E-11
 3.55E-25 1.92E-20 1.10E-16 6.92E-14 1.68E-12 1.07E-11 1.97E-11 2.43E-11
 2.69E-11 2.98E-11 3.20E-11 3.26E-11 3.11E-11 2.97E-11
 3.55E-25 1.92E-20 1.10E-16 6.92E-14 1.68E-12 1.07E-11 1.97E-11 2.43E-11
 2.69E-11 2.98E-11 3.20E-11 3.26E-11 3.11E-11 2.97E-11
 3.55E-25 1.92E-20 1.10E-16 6.93E-14 1.68E-12 1.07E-11 1.97E-11 2.43E-11
 2.69E-11 2.98E-11 3.20E-11 3.26E-11 3.11E-11 2.97E-11
 3.56E-25 1.92E-20 1.10E-16 6.94E-14 1.68E-12 1.07E-11 1.97E-11 2.42E-11
 2.69E-11 2.97E-11 3.19E-11 3.26E-11 3.11E-11 2.97E-11
 3.57E-25 1.93E-20 1.11E-16 7.04E-14 1.70E-12 1.06E-11 1.94E-11 2.38E-11
 2.64E-11 2.92E-11 3.14E-11 3.21E-11 3.07E-11 2.93E-11
  15.5234    7  14 /pl=01:ss=38:pb= 1:sz=38/type=excit/ispb = t/isel =   18
 1.00E+10 1.00E+11 1.00E+12 1.00E+13 1.00E+14 1.00E+15 1.00E+16
 2.62E+01 3.93E+01 6.55E+01 1.31E+02 2.62E+02 6.55E+02 1.31E+03 1.97E+03
 2.62E+03 3.93E+03 6.55E+03 1.31E+04 2.62E+04 3.93E+04
 1.55E-31 5.22E-25 7.98E-20 5.34E-16 3.77E-14 4.12E-13 8.75E-13 1.14E-12
 1.31E-12 1.54E-12 1.77E-12 1.98E-12 2.02E-12 1.98E-12
 1.55E-31 5.22E-25 7.98E-20 5.34E-16 3.77E-14 4.12E-13 8.75E-13 1.14E-12
 1.31E-12 1.54E-12 1.77E-12 1.98E-12 2.02E-12 1.98E-12
 1.55E-31 5.22E-25 7.98E-20 5.34E-16 3.77E-14 4.12E-13 8.75E-13 1.14E-12
 1.31E-12 1.54E-12 1.77E-12 1.98E-12 2.02E-12 1.98E-12
 1.55E-31 5.22E-25 7.98E-20 5.34E-16 3.77E-14 4.12E-13 8.75E-13 1.14E-12
 1.31E-12 1.54E-12 1.77E-12 1.98E-12 2.02E-12 1.98E-12
 1.55E-31 5.22E-25 7.98E-20 5.34E-16 3.77E-14 4.12E-13 8.75E-13 1.14E-12
 1.31E-12 1.54E-12 1.77E-12 1.98E-12 2.02E-12 1.98E-12
 1.55E-31 5.22E-25 7.98E-20 5.34E-16 3.76E-14 4.11E-13 8.72E-13 1.13E-12
 1.31E-12 1.54E-12 1.77E-12 1.97E-12 2.02E-12 1.98E-12
 1.55E-31 5.23E-25 7.99E-20 5.31E-16 3.70E-14 4.00E-13 8.48E-13 1.10E-12
 1.27E-12 1.50E-12 1.73E-12 1.94E-12 1.99E-12 1.95E-12
  16.1271    7  14 /pl=01:ss=38:pb= 1:sz=38/type=excit/ispb = t/isel =   19
 1.00E+10 1.00E+11 1.00E+12 1.00E+13 1.00E+14 1.00E+15 1.00E+16
 2.62E+01 3.93E+01 6.55E+01 1.31E+02 2.62E+02 6.55E+02 1.31E+03 1.97E+03
 2.62E+03 3.93E+03 6.55E+03 1.31E+04 2.62E+04 3.93E+04
 1.00E-74 5.64E-39 1.23E-27 3.38E-19 4.76E-15 1.19E-12 6.43E-12 1.07E-11
 1.34E-11 1.65E-11 1.88E-11 1.97E-11 1.89E-11 1.80E-11
 1.00E-74 5.64E-39 1.23E-27 3.38E-19 4.76E-15 1.19E-12 6.43E-12 1.07E-11
 1.34E-11 1.65E-11 1.88E-11 1.97E-11 1.89E-11 1.80E-11
 1.00E-74 5.64E-39 1.23E-27 3.38E-19 4.76E-15 1.19E-12 6.43E-12 1.07E-11
 1.34E-11 1.65E-11 1.88E-11 1.97E-11 1.89E-11 1.80E-11
 1.00E-74 5.64E-39 1.23E-27 3.38E-19 4.76E-15 1.19E-12 6.43E-12 1.07E-11
 1.34E-11 1.65E-11 1.88E-11 1.97E-11 1.89E-11 1.80E-11
 1.00E-74 5.64E-39 1.23E-27 3.38E-19 4.76E-15 1.19E-12 6.43E-12 1.07E-11
 1.34E-11 1.65E-11 1.88E-11 1.97E-11 1.89E-11 1.80E-11
 1.00E-74 5.64E-39 1.23E-27 3.38E-19 4.75E-15 1.18E-12 6.41E-12 1.07E-11
 1.34E-11 1.65E-11 1.88E-11 1.97E-11 1.89E-11 1.80E-11
 1.00E-74 5.65E-39 1.23E-27 3.36E-19 4.67E-15 1.15E-12 6.23E-12 1.04E-11
 1.30E-11 1.61E-11 1.84E-11 1.93E-11 1.86E-11 1.77E-11
  16.1403    7  14 /pl=01:ss=38:pb= 1:sz=38/type=excit/ispb = t/isel =   20
 1.00E+10 1.00E+11 1.00E+12 1.00E+13 1.00E+14 1.00E+15 1.00E+16
 2.62E+01 3.93E+01 6.55E+01 1.31E+02 2.62E+02 6.55E+02 1.31E+03 1.97E+03
 2.62E+03 3.93E+03 6.55E+03 1.31E+04 2.62E+04 3.93E+04
 1.00E-74 1.00E-74 1.09E-31 1.77E-21 1.91E-16 1.56E-13 1.21E-12 2.22E-12
 2.89E-12 3.57E-12 3.90E-12 3.64E-12 3.00E-12 2.60E-12
 1.00E-74 1.00E-74 1.09E-31 1.77E-21 1.91E-16 1.56E-13 1.21E-12 2.22E-12
 2.89E-12 3.57E-12 3.90E-12 3.64E-12 3.00E-12 2.60E-12
 1.00E-74 1.00E-74 1.09E-31 1.77E-21 1.91E-16 1.56E-13 1.21E-12 2.22E-12
 2.89E-12 3.57E-12 3.90E-12 3.64E-12 3.00E-12 2.60E-12
 1.00E-74 2.05E-45 1.09E-31 1.77E-21 1.91E-16 1.56E-13 1.21E-12 2.22E-12
 2.89E-12 3.57E-12 3.90E-12 3.64E-12 3.00E-12 2.60E-12
 1.00E-74 2.15E-45 1.09E-31 1.77E-21 1.91E-16 1.56E-13 1.21E-12 2.22E-12
 2.89E-12 3.57E-12 3.90E-12 3.64E-12 3.00E-12 2.60E-12
 1.00E-74 2.13E-45 1.09E-31 1.77E-21 1.90E-16 1.56E-13 1.21E-12 2.21E-12
 2.88E-12 3.56E-12 3.89E-12 3.63E-12 3.00E-12 2.60E-12
 1.00E-74 2.14E-45 1.09E-31 1.76E-21 1.87E-16 1.51E-13 1.17E-12 2.15E-12
 2.80E-12 3.47E-12 3.80E-12 3.56E-12 2.95E-12 2.56E-12
  16.3603    7  14 /pl=01:ss=38:pb= 1:sz=38/type=excit/ispb = t/isel =   21
 1.00E+10 1.00E+11 1.00E+12 1.00E+13 1.00E+14 1.00E+15 1.00E+16
 2.62E+01 3.93E+01 6.55E+01 1.31E+02 2.62E+02 6.55E+02 1.31E+03 1.97E+03
 2.62E+03 3.93E+03 6.55E+03 1.31E+04 2.62E+04 3.93E+04
 6.55E-26 1.03E-20 1.36E-16 1.44E-13 4.05E-12 2.55E-11 4.41E-11 5.14E-11
 5.46E-11 5.62E-11 5.48E-11 4.88E-11 4.12E-11 3.67E-11
 6.55E-26 1.03E-20 1.36E-16 1.44E-13 4.05E-12 2.55E-11 4.41E-11 5.14E-11
 5.46E-11 5.62E-11 5.48E-11 4.88E-11 4.12E-11 3.67E-11
 6.55E-26 1.03E-20 1.36E-16 1.44E-13 4.05E-12 2.55E-11 4.41E-11 5.14E-11
 5.46E-11 5.62E-11 5.48E-11 4.88E-11 4.12E-11 3.67E-11
 6.55E-26 1.03E-20 1.36E-16 1.44E-13 4.05E-12 2.55E-11 4.41E-11 5.14E-11
 5.46E-11 5.62E-11 5.48E-11 4.88E-11 4.12E-11 3.67E-11
 6.55E-26 1.03E-20 1.36E-16 1.44E-13 4.05E-12 2.55E-11 4.41E-11 5.14E-11
 5.45E-11 5.62E-11 5.48E-11 4.88E-11 4.12E-11 3.67E-11
 6.55E-26 1.03E-20 1.36E-16 1.44E-13 4.05E-12 2.54E-11 4.39E-11 5.13E-11
 5.44E-11 5.60E-11 5.47E-11 4.87E-11 4.12E-11 3.66E-11
 6.56E-26 1.03E-20 1.36E-16 1.43E-13 3.98E-12 2.48E-11 4.27E-11 4.99E-11
 5.29E-11 5.46E-11 5.34E-11 4.78E-11 4.05E-11 3.62E-11
  17.6108    7  14 /pl=01:ss=38:pb= 1:sz=38/type=excit/ispb = t/isel =   22
 1.00E+10 1.00E+11 1.00E+12 1.00E+13 1.00E+14 1.00E+15 1.00E+16
 2.62E+01 3.93E+01 6.55E+01 1.31E+02 2.62E+02 6.55E+02 1.31E+03 1.97E+03
 2.62E+03 3.93E+03 6.55E+03 1.31E+04 2.62E+04 3.93E+04
 5.17E-22 3.33E-18 3.45E-15 5.64E-13 6.57E-12 2.66E-11 4.22E-11 4.95E-11
 5.38E-11 5.87E-11 6.24E-11 6.34E-11 6.03E-11 5.74E-11
 5.17E-22 3.33E-18 3.45E-15 5.64E-13 6.57E-12 2.66E-11 4.22E-11 4.95E-11
 5.38E-11 5.87E-11 6.24E-11 6.34E-11 6.03E-11 5.74E-11
 5.17E-22 3.33E-18 3.45E-15 5.64E-13 6.57E-12 2.66E-11 4.22E-11 4.95E-11
 5.38E-11 5.87E-11 6.24E-11 6.34E-11 6.03E-11 5.74E-11
 5.17E-22 3.33E-18 3.45E-15 5.64E-13 6.57E-12 2.66E-11 4.22E-11 4.95E-11
 5.38E-11 5.87E-11 6.24E-11 6.34E-11 6.03E-11 5.74E-11
 5.17E-22 3.33E-18 3.45E-15 5.64E-13 6.57E-12 2.66E-11 4.22E-11 4.95E-11
 5.38E-11 5.86E-11 6.24E-11 6.34E-11 6.03E-11 5.74E-11
 5.17E-22 3.33E-18 3.45E-15 5.64E-13 6.56E-12 2.65E-11 4.20E-11 4.94E-11
 5.36E-11 5.85E-11 6.23E-11 6.32E-11 6.02E-11 5.73E-11
 5.17E-22 3.33E-18 3.45E-15 5.61E-13 6.46E-12 2.58E-11 4.08E-11 4.80E-11
 5.22E-11 5.70E-11 6.09E-11 6.20E-11 5.93E-11 5.65E-11
  19.7758    7  14 /pl=01:ss=38:pb= 1:sz=38/type=excit/ispb = t/isel =   23
 1.00E+10 1.00E+11 1.00E+12 1.00E+13 1.00E+14 1.00E+15 1.00E+16
 2.62E+01 3.93E+01 6.55E+01 1.31E+02 2.62E+02 6.55E+02 1.31E+03 1.97E+03
 2.62E+03 3.93E+03 6.55E+03 1.31E+04 2.62E+04 3.93E+04
 1.00E-74 3.17E-40 1.26E-28 5.41E-20 9.47E-16 2.63E-13 1.45E-12 2.40E-12
 2.99E-12 3.59E-12 3.91E-12 3.73E-12 3.18E-12 2.80E-12
 1.00E-74 3.18E-40 1.26E-28 5.41E-20 9.47E-16 2.63E-13 1.45E-12 2.40E-12
 2.99E-12 3.59E-12 3.91E-12 3.73E-12 3.18E-12 2.80E-12
 1.00E-74 3.18E-40 1.26E-28 5.41E-20 9.47E-16 2.63E-13 1.45E-12 2.40E-12
 2.99E-12 3.59E-12 3.91E-12 3.73E-12 3.18E-12 2.80E-12
 1.00E-74 3.18E-40 1.26E-28 5.41E-20 9.47E-16 2.63E-13 1.45E-12 2.40E-12
 2.99E-12 3.59E-12 3.91E-12 3.73E-12 3.18E-12 2.80E-12
 1.00E-74 3.18E-40 1.26E-28 5.41E-20 9.47E-16 2.63E-13 1.45E-12 2.40E-12
 2.99E-12 3.59E-12 3.91E-12 3.73E-12 3.18E-12 2.80E-12
 1.00E-74 3.18E-40 1.26E-28 5.41E-20 9.46E-16 2.62E-13 1.45E-12 2.39E-12
 2.98E-12 3.58E-12 3.90E-12 3.72E-12 3.17E-12 2.80E-12
 1.00E-74 3.20E-40 1.27E-28 5.40E-20 9.33E-16 2.56E-13 1.41E-12 2.33E-12
 2.91E-12 3.49E-12 3.81E-12 3.65E-12 3.13E-12 2.76E-12
  21.3600    7  14 /pl=01:ss=38:pb= 1:sz=38/type=excit/ispb = t/isel =   24
 1.00E+10 1.00E+11 1.00E+12 1.00E+13 1.00E+14 1.00E+15 1.00E+16
 2.62E+01 3.93E+01 6.55E+01 1.31E+02 2.62E+02 6.55E+02 1.31E+03 1.97E+03
 2.62E+03 3.93E+03 6.55E+03 1.31E+04 2.62E+04 3.93E+04
 1.24E-26 1.91E-21 2.49E-17 2.66E-14 7.43E-13 4.62E-12 8.24E-12 1.01E-11
 1.11E-11 1.24E-11 1.33E-11 1.37E-11 1.33E-11 1.28E-11
 1.24E-26 1.91E-21 2.49E-17 2.66E-14 7.43E-13 4.62E-12 8.24E-12 1.01E-11
 1.11E-11 1.24E-11 1.33E-11 1.37E-11 1.33E-11 1.28E-11
 1.24E-26 1.91E-21 2.49E-17 2.66E-14 7.43E-13 4.62E-12 8.24E-12 1.01E-11
 1.11E-11 1.24E-11 1.33E-11 1.37E-11 1.33E-11 1.28E-11
 1.24E-26 1.91E-21 2.49E-17 2.66E-14 7.43E-13 4.62E-12 8.24E-12 1.01E-11
 1.11E-11 1.24E-11 1.33E-11 1.37E-11 1.33E-11 1.28E-11
 1.25E-26 1.92E-21 2.50E-17 2.66E-14 7.44E-13 4.62E-12 8.24E-12 1.01E-11
 1.11E-11 1.24E-11 1.33E-11 1.37E-11 1.33E-11 1.28E-11
 1.28E-26 1.97E-21 2.55E-17 2.70E-14 7.53E-13 4.65E-12 8.28E-12 1.01E-11
 1.12E-11 1.24E-11 1.33E-11 1.37E-11 1.33E-11 1.28E-11
 1.66E-26 2.45E-21 3.05E-17 3.10E-14 8.32E-13 4.96E-12 8.62E-12 1.04E-11
 1.14E-11 1.26E-11 1.35E-11 1.38E-11 1.33E-11 1.28E-11
  21.3962    7  14 /pl=01:ss=38:pb= 1:sz=38/type=excit/ispb = t/isel =   25
 1.00E+10 1.00E+11 1.00E+12 1.00E+13 1.00E+14 1.00E+15 1.00E+16
 2.62E+01 3.93E+01 6.55E+01 1.31E+02 2.62E+02 6.55E+02 1.31E+03 1.97E+03
 2.62E+03 3.93E+03 6.55E+03 1.31E+04 2.62E+04 3.93E+04
 1.81E-22 2.95E-18 6.33E-15 1.73E-12 2.47E-11 1.00E-10 1.41E-10 1.49E-10
 1.49E-10 1.44E-10 1.31E-10 1.10E-10 8.81E-11 7.65E-11
 1.81E-22 2.95E-18 6.33E-15 1.73E-12 2.47E-11 1.00E-10 1.41E-10 1.49E-10
 1.49E-10 1.44E-10 1.31E-10 1.10E-10 8.81E-11 7.65E-11
 1.81E-22 2.95E-18 6.33E-15 1.73E-12 2.47E-11 1.00E-10 1.41E-10 1.49E-10
 1.49E-10 1.44E-10 1.31E-10 1.10E-10 8.81E-11 7.65E-11
 1.81E-22 2.95E-18 6.33E-15 1.73E-12 2.47E-11 1.00E-10 1.41E-10 1.49E-10
 1.49E-10 1.44E-10 1.31E-10 1.10E-10 8.81E-11 7.65E-11
 1.81E-22 2.95E-18 6.33E-15 1.73E-12 2.47E-11 1.00E-10 1.41E-10 1.49E-10
 1.49E-10 1.44E-10 1.31E-10 1.10E-10 8.81E-11 7.65E-11
 1.81E-22 2.95E-18 6.33E-15 1.73E-12 2.47E-11 1.00E-10 1.40E-10 1.48E-10
 1.49E-10 1.44E-10 1.31E-10 1.09E-10 8.80E-11 7.64E-11
 1.81E-22 2.95E-18 6.32E-15 1.72E-12 2.43E-11 9.76E-11 1.36E-10 1.44E-10
 1.45E-10 1.40E-10 1.28E-10 1.07E-10 8.66E-11 7.54E-11
  23.1028    7  14 /pl=01:ss=38:pb= 1:sz=38/type=excit/ispb = t/isel =   26
 1.00E+10 1.00E+11 1.00E+12 1.00E+13 1.00E+14 1.00E+15 1.00E+16
 2.62E+01 3.93E+01 6.55E+01 1.31E+02 2.62E+02 6.55E+02 1.31E+03 1.97E+03
 2.62E+03 3.93E+03 6.55E+03 1.31E+04 2.62E+04 3.93E+04
 1.00E-74 2.23E-37 4.65E-27 2.33E-19 1.57E-15 2.95E-13 1.56E-12 2.62E-12
 3.35E-12 4.20E-12 4.95E-12 5.44E-12 5.44E-12 5.28E-12
 1.00E-74 2.23E-37 4.65E-27 2.33E-19 1.57E-15 2.95E-13 1.56E-12 2.62E-12
 3.35E-12 4.20E-12 4.95E-12 5.44E-12 5.44E-12 5.28E-12
 1.00E-74 2.23E-37 4.65E-27 2.33E-19 1.57E-15 2.95E-13 1.56E-12 2.62E-12
 3.35E-12 4.20E-12 4.95E-12 5.44E-12 5.44E-12 5.28E-12
 1.00E-74 2.23E-37 4.65E-27 2.33E-19 1.57E-15 2.95E-13 1.56E-12 2.62E-12
 3.35E-12 4.20E-12 4.95E-12 5.44E-12 5.44E-12 5.28E-12
 1.00E-74 2.23E-37 4.65E-27 2.33E-19 1.57E-15 2.95E-13 1.56E-12 2.62E-12
 3.35E-12 4.20E-12 4.95E-12 5.44E-12 5.44E-12 5.28E-12
 1.00E-74 2.24E-37 4.66E-27 2.34E-19 1.57E-15 2.94E-13 1.56E-12 2.62E-12
 3.34E-12 4.19E-12 4.94E-12 5.43E-12 5.43E-12 5.27E-12
 1.00E-74 2.30E-37 4.76E-27 2.36E-19 1.56E-15 2.89E-13 1.53E-12 2.56E-12
 3.27E-12 4.11E-12 4.85E-12 5.34E-12 5.36E-12 5.21E-12
  23.1209    7  14 /pl=01:ss=38:pb= 1:sz=38/type=excit/ispb = t/isel =   27
 1.00E+10 1.00E+11 1.00E+12 1.00E+13 1.00E+14 1.00E+15 1.00E+16
 2.62E+01 3.93E+01 6.55E+01 1.31E+02 2.62E+02 6.55E+02 1.31E+03 1.97E+03
 2.62E+03 3.93E+03 6.55E+03 1.31E+04 2.62E+04 3.93E+04
 1.00E-74 2.15E-38 3.40E-27 7.28E-19 9.00E-15 2.02E-12 1.03E-11 1.64E-11
 2.00E-11 2.33E-11 2.44E-11 2.23E-11 1.84E-11 1.59E-11
 1.00E-74 2.15E-38 3.40E-27 7.28E-19 9.00E-15 2.02E-12 1.03E-11 1.64E-11
 2.00E-11 2.33E-11 2.44E-11 2.23E-11 1.84E-11 1.59E-11
 1.00E-74 2.15E-38 3.40E-27 7.28E-19 9.00E-15 2.02E-12 1.03E-11 1.64E-11
 2.00E-11 2.33E-11 2.44E-11 2.23E-11 1.84E-11 1.59E-11
 1.00E-74 2.15E-38 3.40E-27 7.28E-19 9.00E-15 2.02E-12 1.03E-11 1.64E-11
 2.00E-11 2.33E-11 2.44E-11 2.23E-11 1.84E-11 1.59E-11
 1.00E-74 2.15E-38 3.40E-27 7.28E-19 8.99E-15 2.02E-12 1.03E-11 1.64E-11
 2.00E-11 2.33E-11 2.44E-11 2.23E-11 1.84E-11 1.59E-11
 1.00E-74 2.15E-38 3.40E-27 7.28E-19 8.98E-15 2.01E-12 1.02E-11 1.64E-11
 2.00E-11 2.32E-11 2.44E-11 2.23E-11 1.83E-11 1.59E-11
 1.00E-74 2.15E-38 3.40E-27 7.24E-19 8.83E-15 1.96E-12 9.96E-12 1.59E-11
 1.94E-11 2.26E-11 2.38E-11 2.19E-11 1.80E-11 1.57E-11
  23.1226    7  14 /pl=01:ss=38:pb= 1:sz=38/type=excit/ispb = t/isel =   28
 1.00E+10 1.00E+11 1.00E+12 1.00E+13 1.00E+14 1.00E+15 1.00E+16
 2.62E+01 3.93E+01 6.55E+01 1.31E+02 2.62E+02 6.55E+02 1.31E+03 1.97E+03
 2.62E+03 3.93E+03 6.55E+03 1.31E+04 2.62E+04 3.93E+04
 1.00E-74 1.00E-74 4.98E-32 4.32E-22 3.42E-17 2.39E-14 1.85E-13 3.51E-13
 4.77E-13 6.46E-13 8.21E-13 9.85E-13 1.06E-12 1.07E-12
 1.00E-74 1.00E-74 4.98E-32 4.32E-22 3.42E-17 2.39E-14 1.85E-13 3.51E-13
 4.77E-13 6.46E-13 8.21E-13 9.85E-13 1.06E-12 1.07E-12
 1.00E-74 1.00E-74 4.98E-32 4.32E-22 3.42E-17 2.39E-14 1.85E-13 3.51E-13
 4.77E-13 6.46E-13 8.21E-13 9.85E-13 1.06E-12 1.07E-12
 1.00E-74 2.37E-45 4.98E-32 4.32E-22 3.42E-17 2.39E-14 1.85E-13 3.51E-13
 4.77E-13 6.46E-13 8.21E-13 9.85E-13 1.06E-12 1.07E-12
 1.00E-74 2.32E-45 4.98E-32 4.32E-22 3.42E-17 2.39E-14 1.85E-13 3.51E-13
 4.77E-13 6.46E-13 8.21E-13 9.85E-13 1.06E-12 1.07E-12
 1.00E-74 2.30E-45 4.98E-32 4.31E-22 3.41E-17 2.38E-14 1.85E-13 3.50E-13
 4.76E-13 6.44E-13 8.19E-13 9.83E-13 1.06E-12 1.07E-12
 1.00E-74 2.30E-45 4.98E-32 4.29E-22 3.36E-17 2.32E-14 1.79E-13 3.40E-13
 4.63E-13 6.28E-13 8.01E-13 9.65E-13 1.04E-12 1.05E-12
  23.1298    7  14 /pl=01:ss=38:pb= 1:sz=38/type=excit/ispb = t/isel =   29
 1.00E+10 1.00E+11 1.00E+12 1.00E+13 1.00E+14 1.00E+15 1.00E+16
 2.62E+01 3.93E+01 6.55E+01 1.31E+02 2.62E+02 6.55E+02 1.31E+03 1.97E+03
 2.62E+03 3.93E+03 6.55E+03 1.31E+04 2.62E+04 3.93E+04
 1.00E-74 1.00E-74 5.01E-32 8.19E-22 8.80E-17 7.20E-14 5.60E-13 1.02E-12
 1.33E-12 1.65E-12 1.80E-12 1.68E-12 1.39E-12 1.20E-12
 1.00E-74 1.00E-74 5.01E-32 8.19E-22 8.80E-17 7.20E-14 5.60E-13 1.02E-12
 1.33E-12 1.65E-12 1.80E-12 1.68E-12 1.39E-12 1.20E-12
 1.00E-74 1.00E-74 5.01E-32 8.19E-22 8.80E-17 7.20E-14 5.60E-13 1.02E-12
 1.33E-12 1.65E-12 1.80E-12 1.68E-12 1.39E-12 1.20E-12
 1.00E-74 9.47E-46 5.01E-32 8.19E-22 8.80E-17 7.20E-14 5.60E-13 1.02E-12
 1.33E-12 1.65E-12 1.80E-12 1.68E-12 1.39E-12 1.20E-12
 1.00E-74 9.95E-46 5.01E-32 8.19E-22 8.80E-17 7.20E-14 5.60E-13 1.02E-12
 1.33E-12 1.65E-12 1.80E-12 1.68E-12 1.39E-12 1.20E-12
 1.00E-74 9.85E-46 5.01E-32 8.18E-22 8.79E-17 7.18E-14 5.58E-13 1.02E-12
 1.33E-12 1.64E-12 1.80E-12 1.68E-12 1.38E-12 1.20E-12
 1.00E-74 9.86E-46 5.01E-32 8.14E-22 8.65E-17 6.99E-14 5.42E-13 9.92E-13
 1.29E-12 1.60E-12 1.76E-12 1.65E-12 1.36E-12 1.18E-12
  24.0250    7  14 /pl=01:ss=38:pb= 1:sz=38/type=excit/ispb = t/isel =   30
 1.00E+10 1.00E+11 1.00E+12 1.00E+13 1.00E+14 1.00E+15 1.00E+16
 2.62E+01 3.93E+01 6.55E+01 1.31E+02 2.62E+02 6.55E+02 1.31E+03 1.97E+03
 2.62E+03 3.93E+03 6.55E+03 1.31E+04 2.62E+04 3.93E+04
 1.00E-74 1.00E-74 1.18E-33 8.76E-23 2.01E-17 2.59E-14 2.35E-13 4.54E-13
 6.09E-13 7.76E-13 8.74E-13 8.41E-13 7.07E-13 6.18E-13
 1.00E-74 1.00E-74 1.18E-33 8.76E-23 2.01E-17 2.59E-14 2.35E-13 4.54E-13
 6.09E-13 7.76E-13 8.74E-13 8.41E-13 7.07E-13 6.18E-13
 1.00E-74 3.63E-48 1.18E-33 8.76E-23 2.01E-17 2.59E-14 2.35E-13 4.54E-13
 6.09E-13 7.76E-13 8.74E-13 8.41E-13 7.07E-13 6.18E-13
 1.00E-74 3.27E-48 1.18E-33 8.76E-23 2.01E-17 2.59E-14 2.35E-13 4.54E-13
 6.09E-13 7.76E-13 8.74E-13 8.41E-13 7.07E-13 6.18E-13
 1.00E-74 3.08E-48 1.18E-33 8.76E-23 2.01E-17 2.59E-14 2.35E-13 4.54E-13
 6.09E-13 7.76E-13 8.73E-13 8.41E-13 7.07E-13 6.18E-13
 1.00E-74 3.08E-48 1.18E-33 8.74E-23 2.00E-17 2.58E-14 2.34E-13 4.52E-13
 6.06E-13 7.73E-13 8.70E-13 8.38E-13 7.06E-13 6.17E-13
 1.00E-74 3.06E-48 1.16E-33 8.52E-23 1.92E-17 2.46E-14 2.23E-13 4.32E-13
 5.81E-13 7.43E-13 8.41E-13 8.15E-13 6.90E-13 6.05E-13
  24.4577    7  14 /pl=01:ss=38:pb= 1:sz=38/type=excit/ispb = t/isel =   31
 1.00E+10 1.00E+11 1.00E+12 1.00E+13 1.00E+14 1.00E+15 1.00E+16
 2.62E+01 3.93E+01 6.55E+01 1.31E+02 2.62E+02 6.55E+02 1.31E+03 1.97E+03
 2.62E+03 3.93E+03 6.55E+03 1.31E+04 2.62E+04 3.93E+04
 8.92E-25 5.34E-20 3.25E-16 1.92E-13 3.99E-12 1.99E-11 2.94E-11 3.14E-11
 3.15E-11 3.02E-11 2.71E-11 2.18E-11 1.69E-11 1.43E-11
 8.92E-25 5.34E-20 3.25E-16 1.92E-13 3.99E-12 1.99E-11 2.94E-11 3.14E-11
 3.15E-11 3.02E-11 2.71E-11 2.18E-11 1.69E-11 1.43E-11
 8.92E-25 5.34E-20 3.25E-16 1.92E-13 3.99E-12 1.99E-11 2.94E-11 3.14E-11
 3.15E-11 3.02E-11 2.71E-11 2.18E-11 1.69E-11 1.43E-11
 8.92E-25 5.34E-20 3.25E-16 1.92E-13 3.99E-12 1.99E-11 2.94E-11 3.14E-11
 3.15E-11 3.02E-11 2.71E-11 2.18E-11 1.69E-11 1.43E-11
 8.92E-25 5.34E-20 3.25E-16 1.92E-13 3.99E-12 1.99E-11 2.94E-11 3.14E-11
 3.15E-11 3.02E-11 2.71E-11 2.18E-11 1.69E-11 1.43E-11
 8.93E-25 5.35E-20 3.25E-16 1.92E-13 3.97E-12 1.98E-11 2.92E-11 3.13E-11
 3.14E-11 3.00E-11 2.70E-11 2.18E-11 1.68E-11 1.43E-11
 9.07E-25 5.38E-20 3.24E-16 1.88E-13 3.84E-12 1.89E-11 2.80E-11 3.00E-11
 3.01E-11 2.89E-11 2.61E-11 2.12E-11 1.65E-11 1.40E-11
  25.6529    7  14 /pl=01:ss=38:pb= 1:sz=38/type=excit/ispb = t/isel =   32
 1.00E+10 1.00E+11 1.00E+12 1.00E+13 1.00E+14 1.00E+15 1.00E+16
 2.62E+01 3.93E+01 6.55E+01 1.31E+02 2.62E+02 6.55E+02 1.31E+03 1.97E+03
 2.62E+03 3.93E+03 6.55E+03 1.31E+04 2.62E+04 3.93E+04
 1.00E-74 3.31E-39 3.06E-28 4.43E-20 4.54E-16 9.26E-14 4.61E-13 7.29E-13
 8.85E-13 1.03E-12 1.07E-12 9.94E-13 8.37E-13 7.43E-13
 1.00E-74 3.31E-39 3.06E-28 4.43E-20 4.54E-16 9.26E-14 4.61E-13 7.29E-13
 8.85E-13 1.03E-12 1.07E-12 9.94E-13 8.37E-13 7.43E-13
 1.00E-74 3.31E-39 3.06E-28 4.43E-20 4.54E-16 9.26E-14 4.61E-13 7.29E-13
 8.85E-13 1.03E-12 1.07E-12 9.94E-13 8.37E-13 7.43E-13
 1.00E-74 3.31E-39 3.06E-28 4.43E-20 4.54E-16 9.26E-14 4.61E-13 7.29E-13
 8.85E-13 1.03E-12 1.07E-12 9.94E-13 8.37E-13 7.43E-13
 1.00E-74 3.31E-39 3.06E-28 4.43E-20 4.54E-16 9.26E-14 4.61E-13 7.29E-13
 8.85E-13 1.03E-12 1.07E-12 9.94E-13 8.37E-13 7.42E-13
 1.00E-74 3.31E-39 3.06E-28 4.43E-20 4.53E-16 9.23E-14 4.60E-13 7.27E-13
 8.83E-13 1.03E-12 1.07E-12 9.92E-13 8.35E-13 7.41E-13
 1.00E-74 3.32E-39 3.07E-28 4.41E-20 4.46E-16 8.99E-14 4.47E-13 7.07E-13
 8.59E-13 1.00E-12 1.05E-12 9.74E-13 8.23E-13 7.32E-13
  26.2000    7  14 /pl=01:ss=38:pb= 1:sz=38/type=excit/ispb = t/isel =   33
 1.00E+10 1.00E+11 1.00E+12 1.00E+13 1.00E+14 1.00E+15 1.00E+16
 2.62E+01 3.93E+01 6.55E+01 1.31E+02 2.62E+02 6.55E+02 1.31E+03 1.97E+03
 2.62E+03 3.93E+03 6.55E+03 1.31E+04 2.62E+04 3.93E+04
 3.78E-25 2.04E-20 1.17E-16 7.37E-14 1.79E-12 1.14E-11 2.10E-11 2.58E-11
 2.87E-11 3.17E-11 3.40E-11 3.47E-11 3.31E-11 3.17E-11
 3.78E-25 2.04E-20 1.17E-16 7.37E-14 1.79E-12 1.14E-11 2.10E-11 2.58E-11
 2.87E-11 3.17E-11 3.40E-11 3.47E-11 3.31E-11 3.17E-11
 3.78E-25 2.04E-20 1.17E-16 7.37E-14 1.79E-12 1.14E-11 2.10E-11 2.58E-11
 2.87E-11 3.17E-11 3.40E-11 3.47E-11 3.31E-11 3.17E-11
 3.78E-25 2.04E-20 1.17E-16 7.37E-14 1.79E-12 1.14E-11 2.10E-11 2.58E-11
 2.87E-11 3.17E-11 3.40E-11 3.47E-11 3.31E-11 3.17E-11
 3.78E-25 2.04E-20 1.17E-16 7.37E-14 1.79E-12 1.14E-11 2.10E-11 2.58E-11
 2.87E-11 3.17E-11 3.40E-11 3.47E-11 3.31E-11 3.16E-11
 3.79E-25 2.04E-20 1.17E-16 7.38E-14 1.79E-12 1.14E-11 2.10E-11 2.58E-11
 2.86E-11 3.17E-11 3.40E-11 3.47E-11 3.31E-11 3.16E-11
 3.80E-25 2.05E-20 1.19E-16 7.50E-14 1.81E-12 1.13E-11 2.07E-11 2.53E-11
 2.81E-11 3.11E-11 3.34E-11 3.41E-11 3.27E-11 3.12E-11
  27.5233    7  14 /pl=01:ss=38:pb= 1:sz=38/type=excit/ispb = t/isel =   34
 1.00E+10 1.00E+11 1.00E+12 1.00E+13 1.00E+14 1.00E+15 1.00E+16
 2.62E+01 3.93E+01 6.55E+01 1.31E+02 2.62E+02 6.55E+02 1.31E+03 1.97E+03
 2.62E+03 3.93E+03 6.55E+03 1.31E+04 2.62E+04 3.93E+04
 1.00E-74 4.74E-42 9.72E-30 1.42E-20 4.73E-16 2.09E-13 1.38E-12 2.43E-12
 3.14E-12 3.88E-12 4.32E-12 4.21E-12 3.65E-12 3.25E-12
 1.00E-74 4.85E-42 9.72E-30 1.42E-20 4.73E-16 2.09E-13 1.38E-12 2.43E-12
 3.14E-12 3.88E-12 4.32E-12 4.21E-12 3.65E-12 3.25E-12
 1.00E-74 4.84E-42 9.72E-30 1.42E-20 4.73E-16 2.09E-13 1.38E-12 2.43E-12
 3.14E-12 3.88E-12 4.32E-12 4.21E-12 3.65E-12 3.25E-12
 1.00E-74 4.84E-42 9.72E-30 1.42E-20 4.73E-16 2.09E-13 1.38E-12 2.43E-12
 3.14E-12 3.88E-12 4.32E-12 4.21E-12 3.65E-12 3.25E-12
 1.00E-74 4.85E-42 9.73E-30 1.42E-20 4.73E-16 2.09E-13 1.38E-12 2.43E-12
 3.14E-12 3.88E-12 4.32E-12 4.21E-12 3.65E-12 3.25E-12
 1.00E-74 4.91E-42 9.82E-30 1.43E-20 4.75E-16 2.09E-13 1.38E-12 2.43E-12
 3.13E-12 3.87E-12 4.32E-12 4.21E-12 3.65E-12 3.25E-12
 1.00E-74 5.53E-42 1.08E-29 1.52E-20 4.90E-16 2.09E-13 1.37E-12 2.41E-12
 3.10E-12 3.83E-12 4.27E-12 4.17E-12 3.61E-12 3.22E-12
  27.9709    7  14 /pl=01:ss=38:pb= 1:sz=38/type=excit/ispb = t/isel =   35
 1.00E+10 1.00E+11 1.00E+12 1.00E+13 1.00E+14 1.00E+15 1.00E+16
 2.62E+01 3.93E+01 6.55E+01 1.31E+02 2.62E+02 6.55E+02 1.31E+03 1.97E+03
 2.62E+03 3.93E+03 6.55E+03 1.31E+04 2.62E+04 3.93E+04
 5.38E-30 9.53E-24 8.66E-19 3.91E-15 2.22E-13 2.00E-12 3.57E-12 4.03E-12
 4.16E-12 4.09E-12 3.74E-12 3.07E-12 2.39E-12 2.04E-12
 5.38E-30 9.53E-24 8.66E-19 3.91E-15 2.22E-13 2.00E-12 3.57E-12 4.03E-12
 4.16E-12 4.09E-12 3.74E-12 3.07E-12 2.39E-12 2.04E-12
 5.38E-30 9.53E-24 8.66E-19 3.91E-15 2.22E-13 2.00E-12 3.57E-12 4.03E-12
 4.16E-12 4.09E-12 3.74E-12 3.07E-12 2.39E-12 2.04E-12
 5.38E-30 9.53E-24 8.66E-19 3.91E-15 2.22E-13 2.00E-12 3.57E-12 4.03E-12
 4.16E-12 4.09E-12 3.74E-12 3.07E-12 2.39E-12 2.04E-12
 5.38E-30 9.53E-24 8.66E-19 3.91E-15 2.22E-13 2.00E-12 3.57E-12 4.03E-12
 4.16E-12 4.09E-12 3.74E-12 3.07E-12 2.39E-12 2.04E-12
 5.38E-30 9.53E-24 8.66E-19 3.90E-15 2.22E-13 2.00E-12 3.56E-12 4.02E-12
 4.14E-12 4.08E-12 3.73E-12 3.07E-12 2.39E-12 2.03E-12
 5.38E-30 9.53E-24 8.66E-19 3.88E-15 2.18E-13 1.95E-12 3.46E-12 3.91E-12
 4.03E-12 3.98E-12 3.65E-12 3.01E-12 2.35E-12 2.01E-12
  29.5783    7  14 /pl=01:ss=38:pb= 1:sz=38/type=excit/ispb = t/isel =   36
 1.00E+10 1.00E+11 1.00E+12 1.00E+13 1.00E+14 1.00E+15 1.00E+16
 2.62E+01 3.93E+01 6.55E+01 1.31E+02 2.62E+02 6.55E+02 1.31E+03 1.97E+03
 2.62E+03 3.93E+03 6.55E+03 1.31E+04 2.62E+04 3.93E+04
 3.96E-31 1.34E-24 2.04E-19 1.37E-15 9.65E-14 1.06E-12 2.24E-12 2.91E-12
 3.36E-12 3.94E-12 4.54E-12 5.07E-12 5.18E-12 5.08E-12
 3.96E-31 1.34E-24 2.04E-19 1.37E-15 9.65E-14 1.06E-12 2.24E-12 2.91E-12
 3.36E-12 3.94E-12 4.54E-12 5.07E-12 5.18E-12 5.08E-12
 3.96E-31 1.34E-24 2.04E-19 1.37E-15 9.65E-14 1.06E-12 2.24E-12 2.91E-12
 3.36E-12 3.94E-12 4.54E-12 5.07E-12 5.18E-12 5.08E-12
 3.96E-31 1.34E-24 2.04E-19 1.37E-15 9.65E-14 1.06E-12 2.24E-12 2.91E-12
 3.36E-12 3.94E-12 4.54E-12 5.07E-12 5.18E-12 5.08E-12
 3.96E-31 1.34E-24 2.04E-19 1.37E-15 9.65E-14 1.05E-12 2.24E-12 2.91E-12
 3.36E-12 3.94E-12 4.54E-12 5.07E-12 5.18E-12 5.08E-12
 3.96E-31 1.34E-24 2.04E-19 1.37E-15 9.63E-14 1.05E-12 2.23E-12 2.90E-12
 3.35E-12 3.93E-12 4.53E-12 5.06E-12 5.18E-12 5.07E-12
 3.97E-31 1.34E-24 2.05E-19 1.36E-15 9.49E-14 1.02E-12 2.17E-12 2.82E-12
 3.26E-12 3.83E-12 4.43E-12 4.96E-12 5.10E-12 5.01E-12
  33.1419    7  14 /pl=01:ss=38:pb= 1:sz=38/type=excit/ispb = t/isel =   37
 1.00E+10 1.00E+11 1.00E+12 1.00E+13 1.00E+14 1.00E+15 1.00E+16
 2.62E+01 3.93E+01 6.55E+01 1.31E+02 2.62E+02 6.55E+02 1.31E+03 1.97E+03
 2.62E+03 3.93E+03 6.55E+03 1.31E+04 2.62E+04 3.93E+04
 1.41E-15 1.34E-13 4.69E-12 5.78E-11 1.77E-10 2.95E-10 3.20E-10 3.15E-10
 3.05E-10 2.83E-10 2.52E-10 2.07E-10 1.67E-10 1.45E-10
 1.41E-15 1.34E-13 4.69E-12 5.78E-11 1.77E-10 2.95E-10 3.20E-10 3.15E-10
 3.05E-10 2.83E-10 2.52E-10 2.07E-10 1.67E-10 1.45E-10
 1.41E-15 1.34E-13 4.69E-12 5.78E-11 1.77E-10 2.95E-10 3.20E-10 3.15E-10
 3.05E-10 2.83E-10 2.52E-10 2.07E-10 1.67E-10 1.45E-10
 1.41E-15 1.34E-13 4.69E-12 5.78E-11 1.77E-10 2.95E-10 3.20E-10 3.15E-10
 3.05E-10 2.83E-10 2.52E-10 2.07E-10 1.67E-10 1.45E-10
 1.41E-15 1.34E-13 4.69E-12 5.78E-11 1.77E-10 2.95E-10 3.20E-10 3.15E-10
 3.04E-10 2.83E-10 2.52E-10 2.07E-10 1.67E-10 1.45E-10
 1.41E-15 1.34E-13 4.69E-12 5.78E-11 1.77E-10 2.94E-10 3.18E-10 3.14E-10
 3.03E-10 2.82E-10 2.51E-10 2.07E-10 1.66E-10 1.45E-10
 1.39E-15 1.33E-13 4.66E-12 5.72E-11 1.73E-10 2.85E-10 3.08E-10 3.04E-10
 2.94E-10 2.74E-10 2.45E-10 2.02E-10 1.63E-10 1.43E-10
  33.4530    7  14 /pl=01:ss=38:pb= 1:sz=38/type=excit/ispb = t/isel =   38
 1.00E+10 1.00E+11 1.00E+12 1.00E+13 1.00E+14 1.00E+15 1.00E+16
 2.62E+01 3.93E+01 6.55E+01 1.31E+02 2.62E+02 6.55E+02 1.31E+03 1.97E+03
 2.62E+03 3.93E+03 6.55E+03 1.31E+04 2.62E+04 3.93E+04
 1.09E-31 6.53E-25 1.57E-19 1.47E-15 1.20E-13 1.36E-12 2.62E-12 3.07E-12
 3.24E-12 3.26E-12 3.05E-12 2.55E-12 2.01E-12 1.71E-12
 1.09E-31 6.53E-25 1.57E-19 1.47E-15 1.20E-13 1.36E-12 2.62E-12 3.07E-12
 3.24E-12 3.26E-12 3.05E-12 2.55E-12 2.01E-12 1.71E-12
 1.09E-31 6.53E-25 1.57E-19 1.47E-15 1.20E-13 1.36E-12 2.62E-12 3.07E-12
 3.24E-12 3.26E-12 3.05E-12 2.55E-12 2.01E-12 1.71E-12
 1.09E-31 6.53E-25 1.57E-19 1.47E-15 1.20E-13 1.36E-12 2.62E-12 3.07E-12
 3.23E-12 3.26E-12 3.05E-12 2.55E-12 2.01E-12 1.71E-12
 1.09E-31 6.53E-25 1.57E-19 1.47E-15 1.20E-13 1.36E-12 2.62E-12 3.07E-12
 3.23E-12 3.26E-12 3.05E-12 2.55E-12 2.01E-12 1.71E-12
 1.09E-31 6.53E-25 1.57E-19 1.47E-15 1.19E-13 1.36E-12 2.61E-12 3.06E-12
 3.23E-12 3.26E-12 3.05E-12 2.55E-12 2.01E-12 1.71E-12
 1.09E-31 6.54E-25 1.57E-19 1.46E-15 1.18E-13 1.32E-12 2.54E-12 2.98E-12
 3.14E-12 3.17E-12 2.98E-12 2.50E-12 1.98E-12 1.69E-12
  37.7076    7  14 /pl=01:ss=38:pb= 1:sz=38/type=excit/ispb = t/isel =   39
 1.00E+10 1.00E+11 1.00E+12 1.00E+13 1.00E+14 1.00E+15 1.00E+16
 2.62E+01 3.93E+01 6.55E+01 1.31E+02 2.62E+02 6.55E+02 1.31E+03 1.97E+03
 2.62E+03 3.93E+03 6.55E+03 1.31E+04 2.62E+04 3.93E+04
 1.71E-29 1.84E-23 1.13E-18 3.83E-15 1.92E-13 1.69E-12 3.26E-12 4.02E-12
 4.48E-12 4.99E-12 5.42E-12 5.62E-12 5.43E-12 5.19E-12
 1.71E-29 1.84E-23 1.13E-18 3.83E-15 1.92E-13 1.69E-12 3.26E-12 4.02E-12
 4.48E-12 4.99E-12 5.42E-12 5.62E-12 5.43E-12 5.19E-12
 1.71E-29 1.84E-23 1.13E-18 3.83E-15 1.92E-13 1.69E-12 3.26E-12 4.02E-12
 4.48E-12 4.99E-12 5.42E-12 5.62E-12 5.43E-12 5.19E-12
 1.71E-29 1.84E-23 1.13E-18 3.83E-15 1.92E-13 1.69E-12 3.26E-12 4.02E-12
 4.48E-12 4.99E-12 5.42E-12 5.62E-12 5.43E-12 5.19E-12
 1.71E-29 1.84E-23 1.13E-18 3.83E-15 1.92E-13 1.69E-12 3.26E-12 4.02E-12
 4.48E-12 4.99E-12 5.42E-12 5.62E-12 5.43E-12 5.19E-12
 1.71E-29 1.84E-23 1.13E-18 3.83E-15 1.92E-13 1.68E-12 3.25E-12 4.01E-12
 4.47E-12 4.97E-12 5.40E-12 5.61E-12 5.43E-12 5.18E-12
 1.71E-29 1.84E-23 1.13E-18 3.81E-15 1.89E-13 1.64E-12 3.16E-12 3.89E-12
 4.34E-12 4.85E-12 5.28E-12 5.50E-12 5.34E-12 5.11E-12
  45.0774    7  14 /pl=01:ss=38:pb= 1:sz=38/type=excit/ispb = t/isel =   40
 1.00E+10 1.00E+11 1.00E+12 1.00E+13 1.00E+14 1.00E+15 1.00E+16
 2.62E+01 3.93E+01 6.55E+01 1.31E+02 2.62E+02 6.55E+02 1.31E+03 1.97E+03
 2.62E+03 3.93E+03 6.55E+03 1.31E+04 2.62E+04 3.93E+04
 1.17E-29 2.07E-23 1.88E-18 8.47E-15 4.82E-13 4.34E-12 7.74E-12 8.75E-12
 9.01E-12 8.87E-12 8.11E-12 6.67E-12 5.18E-12 4.41E-12
 1.17E-29 2.07E-23 1.88E-18 8.47E-15 4.82E-13 4.34E-12 7.74E-12 8.75E-12
 9.01E-12 8.87E-12 8.11E-12 6.67E-12 5.18E-12 4.41E-12
 1.17E-29 2.07E-23 1.88E-18 8.47E-15 4.82E-13 4.34E-12 7.74E-12 8.75E-12
 9.01E-12 8.87E-12 8.11E-12 6.67E-12 5.18E-12 4.41E-12
 1.17E-29 2.07E-23 1.88E-18 8.47E-15 4.82E-13 4.34E-12 7.74E-12 8.75E-12
 9.01E-12 8.87E-12 8.11E-12 6.67E-12 5.18E-12 4.41E-12
 1.17E-29 2.07E-23 1.88E-18 8.47E-15 4.82E-13 4.34E-12 7.74E-12 8.74E-12
 9.01E-12 8.87E-12 8.11E-12 6.66E-12 5.18E-12 4.41E-12
 1.17E-29 2.07E-23 1.88E-18 8.46E-15 4.81E-13 4.33E-12 7.71E-12 8.72E-12
 8.98E-12 8.84E-12 8.09E-12 6.65E-12 5.17E-12 4.41E-12
 1.17E-29 2.07E-23 1.88E-18 8.42E-15 4.73E-13 4.22E-12 7.49E-12 8.47E-12
 8.74E-12 8.62E-12 7.91E-12 6.53E-12 5.09E-12 4.35E-12
  51.4869    7  14 /pl=01:ss=38:pb= 1:sz=38/type=excit/ispb = t/isel =   41
 1.00E+10 1.00E+11 1.00E+12 1.00E+13 1.00E+14 1.00E+15 1.00E+16
 2.62E+01 3.93E+01 6.55E+01 1.31E+02 2.62E+02 6.55E+02 1.31E+03 1.97E+03
 2.62E+03 3.93E+03 6.55E+03 1.31E+04 2.62E+04 3.93E+04
 2.50E-31 8.44E-25 1.29E-19 8.62E-16 6.09E-14 6.66E-13 1.41E-12 1.84E-12
 2.12E-12 2.49E-12 2.86E-12 3.20E-12 3.27E-12 3.20E-12
 2.50E-31 8.44E-25 1.29E-19 8.62E-16 6.09E-14 6.66E-13 1.41E-12 1.84E-12
 2.12E-12 2.49E-12 2.86E-12 3.20E-12 3.27E-12 3.20E-12
 2.50E-31 8.44E-25 1.29E-19 8.62E-16 6.09E-14 6.66E-13 1.41E-12 1.84E-12
 2.12E-12 2.49E-12 2.86E-12 3.20E-12 3.27E-12 3.20E-12
 2.50E-31 8.44E-25 1.29E-19 8.62E-16 6.09E-14 6.65E-13 1.41E-12 1.84E-12
 2.12E-12 2.49E-12 2.86E-12 3.20E-12 3.27E-12 3.20E-12
 2.50E-31 8.44E-25 1.29E-19 8.62E-16 6.08E-14 6.65E-13 1.41E-12 1.84E-12
 2.12E-12 2.49E-12 2.86E-12 3.20E-12 3.27E-12 3.20E-12
 2.50E-31 8.44E-25 1.29E-19 8.62E-16 6.08E-14 6.64E-13 1.41E-12 1.83E-12
 2.12E-12 2.48E-12 2.86E-12 3.19E-12 3.26E-12 3.20E-12
 2.50E-31 8.45E-25 1.29E-19 8.58E-16 5.98E-14 6.46E-13 1.37E-12 1.78E-12
 2.06E-12 2.42E-12 2.79E-12 3.13E-12 3.21E-12 3.16E-12
  61.7549    7  14 /pl=01:ss=38:pb= 1:sz=38/type=excit/ispb = t/isel =   42
 1.00E+10 1.00E+11 1.00E+12 1.00E+13 1.00E+14 1.00E+15 1.00E+16
 2.62E+01 3.93E+01 6.55E+01 1.31E+02 2.62E+02 6.55E+02 1.31E+03 1.97E+03
 2.62E+03 3.93E+03 6.55E+03 1.31E+04 2.62E+04 3.93E+04
 6.82E-44 4.40E-33 2.97E-24 1.07E-17 1.77E-14 1.27E-12 4.72E-12 6.99E-12
 8.33E-12 9.77E-12 1.08E-11 1.12E-11 1.07E-11 1.01E-11
 3.41E-44 4.40E-33 2.97E-24 1.07E-17 1.77E-14 1.27E-12 4.72E-12 6.99E-12
 8.33E-12 9.77E-12 1.08E-11 1.12E-11 1.07E-11 1.01E-11
 3.62E-44 4.40E-33 2.97E-24 1.07E-17 1.77E-14 1.27E-12 4.72E-12 6.99E-12
 8.33E-12 9.77E-12 1.08E-11 1.12E-11 1.07E-11 1.01E-11
 3.61E-44 4.40E-33 2.97E-24 1.07E-17 1.77E-14 1.27E-12 4.72E-12 6.99E-12
 8.33E-12 9.77E-12 1.08E-11 1.12E-11 1.07E-11 1.01E-11
 3.61E-44 4.40E-33 2.97E-24 1.07E-17 1.76E-14 1.27E-12 4.72E-12 6.98E-12
 8.33E-12 9.77E-12 1.08E-11 1.12E-11 1.07E-11 1.01E-11
 3.61E-44 4.40E-33 2.97E-24 1.07E-17 1.76E-14 1.27E-12 4.71E-12 6.96E-12
 8.30E-12 9.75E-12 1.08E-11 1.11E-11 1.06E-11 1.01E-11
 3.61E-44 4.41E-33 2.97E-24 1.07E-17 1.73E-14 1.24E-12 4.58E-12 6.77E-12
 8.08E-12 9.50E-12 1.06E-11 1.09E-11 1.05E-11 9.98E-12
  61.8841    7  14 /pl=01:ss=38:pb= 1:sz=38/type=excit/ispb = t/isel =   43
 1.00E+10 1.00E+11 1.00E+12 1.00E+13 1.00E+14 1.00E+15 1.00E+16
 2.62E+01 3.93E+01 6.55E+01 1.31E+02 2.62E+02 6.55E+02 1.31E+03 1.97E+03
 2.62E+03 3.93E+03 6.55E+03 1.31E+04 2.62E+04 3.93E+04
 1.00E-74 3.07E-39 4.85E-28 1.04E-19 1.28E-15 2.88E-13 1.47E-12 2.34E-12
 2.86E-12 3.33E-12 3.49E-12 3.19E-12 2.62E-12 2.27E-12
 1.00E-74 3.07E-39 4.85E-28 1.04E-19 1.28E-15 2.88E-13 1.47E-12 2.34E-12
 2.86E-12 3.33E-12 3.49E-12 3.19E-12 2.62E-12 2.27E-12
 1.00E-74 3.07E-39 4.85E-28 1.04E-19 1.28E-15 2.88E-13 1.47E-12 2.34E-12
 2.86E-12 3.33E-12 3.49E-12 3.19E-12 2.62E-12 2.27E-12
 1.00E-74 3.07E-39 4.85E-28 1.04E-19 1.28E-15 2.88E-13 1.47E-12 2.34E-12
 2.86E-12 3.33E-12 3.49E-12 3.19E-12 2.62E-12 2.27E-12
 1.00E-74 3.07E-39 4.85E-28 1.04E-19 1.28E-15 2.88E-13 1.47E-12 2.34E-12
 2.86E-12 3.33E-12 3.49E-12 3.19E-12 2.62E-12 2.27E-12
 1.00E-74 3.07E-39 4.85E-28 1.04E-19 1.28E-15 2.87E-13 1.46E-12 2.33E-12
 2.85E-12 3.32E-12 3.48E-12 3.18E-12 2.62E-12 2.27E-12
 1.00E-74 3.07E-39 4.85E-28 1.03E-19 1.26E-15 2.80E-13 1.42E-12 2.27E-12
 2.77E-12 3.23E-12 3.40E-12 3.12E-12 2.58E-12 2.24E-12
  62.0087    7  14 /pl=01:ss=38:pb= 1:sz=38/type=excit/ispb = t/isel =   44
 1.00E+10 1.00E+11 1.00E+12 1.00E+13 1.00E+14 1.00E+15 1.00E+16
 2.62E+01 3.93E+01 6.55E+01 1.31E+02 2.62E+02 6.55E+02 1.31E+03 1.97E+03
 2.62E+03 3.93E+03 6.55E+03 1.31E+04 2.62E+04 3.93E+04
 7.82E-16 1.02E-13 4.60E-12 6.87E-11 2.26E-10 3.74E-10 3.78E-10 3.53E-10
 3.28E-10 2.93E-10 2.48E-10 1.93E-10 1.49E-10 1.28E-10
 7.82E-16 1.02E-13 4.60E-12 6.87E-11 2.26E-10 3.74E-10 3.78E-10 3.53E-10
 3.28E-10 2.93E-10 2.48E-10 1.93E-10 1.49E-10 1.28E-10
 7.82E-16 1.02E-13 4.60E-12 6.87E-11 2.26E-10 3.74E-10 3.78E-10 3.53E-10
 3.28E-10 2.93E-10 2.48E-10 1.93E-10 1.49E-10 1.28E-10
 7.82E-16 1.02E-13 4.60E-12 6.87E-11 2.26E-10 3.74E-10 3.78E-10 3.53E-10
 3.28E-10 2.93E-10 2.48E-10 1.93E-10 1.49E-10 1.28E-10
 7.82E-16 1.02E-13 4.60E-12 6.87E-11 2.26E-10 3.74E-10 3.77E-10 3.53E-10
 3.28E-10 2.93E-10 2.48E-10 1.93E-10 1.49E-10 1.28E-10
 7.82E-16 1.02E-13 4.60E-12 6.87E-11 2.26E-10 3.73E-10 3.76E-10 3.52E-10
 3.27E-10 2.92E-10 2.47E-10 1.93E-10 1.49E-10 1.27E-10
 7.84E-16 1.02E-13 4.61E-12 6.84E-11 2.23E-10 3.64E-10 3.66E-10 3.42E-10
 3.19E-10 2.85E-10 2.42E-10 1.90E-10 1.47E-10 1.26E-10
  62.2825    7  14 /pl=01:ss=38:pb= 1:sz=38/type=excit/ispb = t/isel =   45
 1.00E+10 1.00E+11 1.00E+12 1.00E+13 1.00E+14 1.00E+15 1.00E+16
 2.62E+01 3.93E+01 6.55E+01 1.31E+02 2.62E+02 6.55E+02 1.31E+03 1.97E+03
 2.62E+03 3.93E+03 6.55E+03 1.31E+04 2.62E+04 3.93E+04
 1.36E-11 1.41E-10 8.44E-10 2.89E-09 4.82E-09 5.80E-09 5.62E-09 5.31E-09
 5.04E-09 4.63E-09 4.09E-09 3.38E-09 2.73E-09 2.39E-09
 1.36E-11 1.41E-10 8.44E-10 2.89E-09 4.82E-09 5.80E-09 5.62E-09 5.31E-09
 5.04E-09 4.63E-09 4.09E-09 3.38E-09 2.73E-09 2.39E-09
 1.36E-11 1.41E-10 8.44E-10 2.89E-09 4.82E-09 5.80E-09 5.62E-09 5.31E-09
 5.04E-09 4.63E-09 4.09E-09 3.38E-09 2.73E-09 2.39E-09
 1.36E-11 1.41E-10 8.44E-10 2.89E-09 4.82E-09 5.80E-09 5.62E-09 5.31E-09
 5.04E-09 4.63E-09 4.09E-09 3.38E-09 2.73E-09 2.39E-09
 1.36E-11 1.41E-10 8.44E-10 2.89E-09 4.82E-09 5.80E-09 5.62E-09 5.31E-09
 5.04E-09 4.63E-09 4.09E-09 3.38E-09 2.73E-09 2.39E-09
 1.36E-11 1.41E-10 8.44E-10 2.89E-09 4.81E-09 5.78E-09 5.60E-09 5.29E-09
 5.02E-09 4.62E-09 4.08E-09 3.37E-09 2.73E-09 2.39E-09
 1.36E-11 1.41E-10 8.44E-10 2.87E-09 4.73E-09 5.63E-09 5.44E-09 5.15E-09
 4.88E-09 4.50E-09 3.99E-09 3.31E-09 2.69E-09 2.36E-09
  70.3970    7  14 /pl=01:ss=38:pb= 1:sz=38/type=excit/ispb = t/isel =   46
 1.00E+10 1.00E+11 1.00E+12 1.00E+13 1.00E+14 1.00E+15 1.00E+16
 2.62E+01 3.93E+01 6.55E+01 1.31E+02 2.62E+02 6.55E+02 1.31E+03 1.97E+03
 2.62E+03 3.93E+03 6.55E+03 1.31E+04 2.62E+04 3.93E+04
 3.39E-28 1.71E-22 5.69E-18 1.21E-14 4.76E-13 3.60E-12 6.61E-12 7.94E-12
 8.60E-12 9.14E-12 9.24E-12 8.65E-12 7.69E-12 7.05E-12
 3.39E-28 1.71E-22 5.69E-18 1.21E-14 4.76E-13 3.60E-12 6.61E-12 7.94E-12
 8.60E-12 9.14E-12 9.24E-12 8.65E-12 7.69E-12 7.05E-12
 3.39E-28 1.71E-22 5.69E-18 1.21E-14 4.76E-13 3.60E-12 6.61E-12 7.94E-12
 8.60E-12 9.14E-12 9.24E-12 8.65E-12 7.69E-12 7.05E-12
 3.39E-28 1.71E-22 5.69E-18 1.21E-14 4.76E-13 3.60E-12 6.61E-12 7.94E-12
 8.61E-12 9.14E-12 9.24E-12 8.65E-12 7.69E-12 7.05E-12
 3.42E-28 1.72E-22 5.71E-18 1.21E-14 4.77E-13 3.60E-12 6.61E-12 7.95E-12
 8.61E-12 9.14E-12 9.24E-12 8.65E-12 7.69E-12 7.05E-12
 3.62E-28 1.80E-22 5.93E-18 1.24E-14 4.85E-13 3.64E-12 6.66E-12 7.99E-12
 8.65E-12 9.17E-12 9.26E-12 8.66E-12 7.69E-12 7.05E-12
 5.66E-28 2.64E-22 8.11E-18 1.56E-14 5.71E-13 4.02E-12 7.11E-12 8.41E-12
 9.01E-12 9.45E-12 9.45E-12 8.76E-12 7.73E-12 7.07E-12
  132.169    7  14 /pl=01:ss=38:pb= 1:sz=38/type=excit/ispb = t/isel =   47
 1.00E+10 1.00E+11 1.00E+12 1.00E+13 1.00E+14 1.00E+15 1.00E+16
 2.62E+01 3.93E+01 6.55E+01 1.31E+02 2.62E+02 6.55E+02 1.31E+03 1.97E+03
 2.62E+03 3.93E+03 6.55E+03 1.31E+04 2.62E+04 3.93E+04
 6.43E-29 3.24E-23 1.08E-18 2.29E-15 9.02E-14 6.82E-13 1.25E-12 1.51E-12
 1.63E-12 1.73E-12 1.75E-12 1.64E-12 1.46E-12 1.34E-12
 6.43E-29 3.24E-23 1.08E-18 2.29E-15 9.02E-14 6.82E-13 1.25E-12 1.51E-12
 1.63E-12 1.73E-12 1.75E-12 1.64E-12 1.46E-12 1.34E-12
 6.44E-29 3.24E-23 1.08E-18 2.29E-15 9.02E-14 6.82E-13 1.25E-12 1.51E-12
 1.63E-12 1.73E-12 1.75E-12 1.64E-12 1.46E-12 1.34E-12
 6.44E-29 3.24E-23 1.08E-18 2.29E-15 9.02E-14 6.82E-13 1.25E-12 1.51E-12
 1.63E-12 1.73E-12 1.75E-12 1.64E-12 1.46E-12 1.34E-12
 6.48E-29 3.26E-23 1.08E-18 2.30E-15 9.04E-14 6.83E-13 1.25E-12 1.51E-12
 1.63E-12 1.73E-12 1.75E-12 1.64E-12 1.46E-12 1.34E-12
 6.87E-29 3.42E-23 1.13E-18 2.36E-15 9.21E-14 6.91E-13 1.26E-12 1.52E-12
 1.64E-12 1.74E-12 1.76E-12 1.64E-12 1.46E-12 1.34E-12
 1.07E-28 5.01E-23 1.54E-18 2.97E-15 1.08E-13 7.63E-13 1.35E-12 1.59E-12
 1.71E-12 1.79E-12 1.79E-12 1.66E-12 1.47E-12 1.34E-12
  132.319    7  14 /pl=01:ss=38:pb= 1:sz=38/type=excit/ispb = t/isel =   48
 1.00E+10 1.00E+11 1.00E+12 1.00E+13 1.00E+14 1.00E+15 1.00E+16
 2.62E+01 3.93E+01 6.55E+01 1.31E+02 2.62E+02 6.55E+02 1.31E+03 1.97E+03
 2.62E+03 3.93E+03 6.55E+03 1.31E+04 2.62E+04 3.93E+04
 1.14E-25 6.16E-21 3.54E-17 2.22E-14 5.40E-13 3.44E-12 6.34E-12 7.79E-12
 8.65E-12 9.57E-12 1.03E-11 1.05E-11 9.99E-12 9.55E-12
 1.14E-25 6.16E-21 3.54E-17 2.22E-14 5.40E-13 3.44E-12 6.34E-12 7.79E-12
 8.65E-12 9.57E-12 1.03E-11 1.05E-11 9.99E-12 9.55E-12
 1.14E-25 6.16E-21 3.54E-17 2.22E-14 5.40E-13 3.44E-12 6.34E-12 7.79E-12
 8.65E-12 9.57E-12 1.03E-11 1.05E-11 9.99E-12 9.55E-12
 1.14E-25 6.16E-21 3.54E-17 2.22E-14 5.40E-13 3.44E-12 6.34E-12 7.79E-12
 8.65E-12 9.57E-12 1.03E-11 1.05E-11 9.99E-12 9.55E-12
 1.14E-25 6.16E-21 3.54E-17 2.22E-14 5.40E-13 3.44E-12 6.33E-12 7.79E-12
 8.65E-12 9.57E-12 1.03E-11 1.05E-11 9.99E-12 9.55E-12
 1.14E-25 6.16E-21 3.54E-17 2.23E-14 5.41E-13 3.44E-12 6.32E-12 7.77E-12
 8.63E-12 9.55E-12 1.02E-11 1.05E-11 9.98E-12 9.53E-12
 1.15E-25 6.19E-21 3.57E-17 2.26E-14 5.45E-13 3.41E-12 6.23E-12 7.64E-12
 8.48E-12 9.38E-12 1.01E-11 1.03E-11 9.85E-12 9.42E-12
  146.440    7  14 /pl=01:ss=38:pb= 1:sz=38/type=excit/ispb = t/isel =   49
 1.00E+10 1.00E+11 1.00E+12 1.00E+13 1.00E+14 1.00E+15 1.00E+16
 2.62E+01 3.93E+01 6.55E+01 1.31E+02 2.62E+02 6.55E+02 1.31E+03 1.97E+03
 2.62E+03 3.93E+03 6.55E+03 1.31E+04 2.62E+04 3.93E+04
 1.32E-27 2.08E-22 2.74E-18 2.91E-15 8.18E-14 5.15E-13 8.89E-13 1.04E-12
 1.10E-12 1.13E-12 1.11E-12 9.85E-13 8.32E-13 7.40E-13
 1.32E-27 2.08E-22 2.74E-18 2.91E-15 8.18E-14 5.15E-13 8.89E-13 1.04E-12
 1.10E-12 1.13E-12 1.11E-12 9.85E-13 8.32E-13 7.40E-13
 1.32E-27 2.08E-22 2.74E-18 2.91E-15 8.18E-14 5.15E-13 8.89E-13 1.04E-12
 1.10E-12 1.13E-12 1.11E-12 9.85E-13 8.32E-13 7.40E-13
 1.32E-27 2.08E-22 2.74E-18 2.91E-15 8.18E-14 5.15E-13 8.89E-13 1.04E-12
 1.10E-12 1.13E-12 1.11E-12 9.85E-13 8.32E-13 7.40E-13
 1.32E-27 2.08E-22 2.74E-18 2.91E-15 8.18E-14 5.15E-13 8.89E-13 1.04E-12
 1.10E-12 1.13E-12 1.10E-12 9.85E-13 8.32E-13 7.40E-13
 1.32E-27 2.08E-22 2.74E-18 2.91E-15 8.16E-14 5.13E-13 8.86E-13 1.03E-12
 1.10E-12 1.13E-12 1.10E-12 9.83E-13 8.30E-13 7.39E-13
 1.32E-27 2.09E-22 2.74E-18 2.89E-15 8.04E-14 5.00E-13 8.61E-13 1.01E-12
 1.07E-12 1.10E-12 1.08E-12 9.65E-13 8.18E-13 7.30E-13
  166.393    7  14 /pl=01:ss=38:pb= 1:sz=38/type=excit/ispb = t/isel =   50
 1.00E+10 1.00E+11 1.00E+12 1.00E+13 1.00E+14 1.00E+15 1.00E+16
 2.62E+01 3.93E+01 6.55E+01 1.31E+02 2.62E+02 6.55E+02 1.31E+03 1.97E+03
 2.62E+03 3.93E+03 6.55E+03 1.31E+04 2.62E+04 3.93E+04
 5.33E-24 8.69E-20 1.86E-16 5.10E-14 7.28E-13 2.96E-12 4.15E-12 4.39E-12
 4.40E-12 4.25E-12 3.87E-12 3.23E-12 2.60E-12 2.26E-12
 5.33E-24 8.69E-20 1.86E-16 5.10E-14 7.28E-13 2.96E-12 4.15E-12 4.39E-12
 4.40E-12 4.25E-12 3.87E-12 3.23E-12 2.60E-12 2.26E-12
 5.33E-24 8.69E-20 1.86E-16 5.10E-14 7.28E-13 2.96E-12 4.15E-12 4.39E-12
 4.40E-12 4.25E-12 3.87E-12 3.23E-12 2.60E-12 2.26E-12
 5.33E-24 8.69E-20 1.86E-16 5.10E-14 7.28E-13 2.96E-12 4.15E-12 4.39E-12
 4.40E-12 4.25E-12 3.87E-12 3.23E-12 2.60E-12 2.26E-12
 5.33E-24 8.69E-20 1.86E-16 5.10E-14 7.28E-13 2.96E-12 4.15E-12 4.39E-12
 4.40E-12 4.25E-12 3.87E-12 3.23E-12 2.60E-12 2.26E-12
 5.33E-24 8.69E-20 1.86E-16 5.10E-14 7.27E-13 2.95E-12 4.14E-12 4.37E-12
 4.38E-12 4.24E-12 3.86E-12 3.22E-12 2.59E-12 2.25E-12
 5.33E-24 8.69E-20 1.86E-16 5.07E-14 7.16E-13 2.88E-12 4.02E-12 4.25E-12
 4.27E-12 4.13E-12 3.78E-12 3.16E-12 2.55E-12 2.22E-12
c-------------------------------------------------------------------------------
 
C  root partition information
C  ==========================
C
C  nuclear charge : 74
C  ion charge+1   : 39
C
C  population calculation information
C  ----------------------------------
C
C  population processing code: adas810
C
C  adf04 source file    : adf04_copmm#74_ca_40#w38_t3.dat
C  adf18/a17_p208 file  : NULL
C
C  meta. ion. coeff. selector  : 
 
C  options  : lnorm =T  lpsel =F  lzsel =T  liosel=F
C           : lhsel =F  lrsel =F  lisel =F  lnsel =F
 
C  energy levels
C  -------------
C
C   lv      configuration    (2S+1)L(w-1/2)      energy (cm^-1)
C  ---   ------------------- --------------      --------------
c    1   606527568              (0)0(  0.0)             0.0
c    2   606527558519           (0)0( 29.5)       1605587.8
c    3   606517568519           (0)0(  9.5)       3017324.7
c    4   60652755851A           (0)0( 41.5)       3218264.6
c    5   60652755851B           (0)0(  5.5)       5678321.6
c    6   60652755851C           (0)0( 17.5)       6279308.7
c    7   60652755851D           (0)0( 29.5)       7035058.2
c    8   60651756851B           (0)0(  1.5)       7106014.3
c    9   60651756851C           (0)0(  5.5)       7698968.6
c   10   60652755851E           (0)0( 41.5)       7717931.2
c   11   60651756851D           (0)0(  9.5)       8455574.1
c   12   60652755851G           (0)0(  5.5)       8931296.1
c   13   60652755851H           (0)0( 17.5)       9253462.8
c   14   60652755851I           (0)0( 29.5)       9660171.0
c   15   60652755851J           (0)0( 41.5)      10024323.1
c   16   96527568519            (0)0( 49.0)      14700655.7
c   17   9652756851A            (0)0( 69.5)      16319960.7
c   18   24555606527568519      (0)0( 29.5)      19029132.2
c   19   9652756851D            (0)0( 49.0)      20218157.4
c   20   2455560652756851A      (0)0( 41.5)      20645057.3
c   21   9652756851E            (0)0( 69.5)      20901381.6
c   22   9652756851F            (0)0( 89.5)      21376653.6
c   23   14565606527568519      (0)0(  9.5)      22662412.2
c   24   2455560652756851C      (0)0( 17.5)      23787274.0
c   25   2455560652756851D      (0)0( 29.5)      24542935.7
c   26   2455560652756851E      (0)0( 41.5)      25224799.2
c   27   1456560652756851B      (0)0(  1.5)      26824746.5
c   28   1456560652756851C      (0)0(  5.5)      27420608.8
c   29   1456560652756851D      (0)0(  9.5)      28177060.7
 
 
 
c-------------------------------------------------------------------------------
 
C  superstage partition information
C  ================================
C
C  element symbol   : W
C  parent template  : 
C  partition level  :  1
C  superstage label : 38
C
C  tabulation       : photon emissivity coefft (te,ne)
C  units            : ph. emis coef(cm^3 s^-1); te (ev); ne (cm^-3)
C
C  photon emissivity atomic transitions
C  ------------------------------------
C  
C   isel  wvlen(A)            transition                type  ispb nspb
C                                                             ispp nspp sz    tg pr wr
C  ----- ---------- ----------------------------------- ----- ---- ---- --    -- -- --
C      1   4.07449   25(0)0( 29.5)-  1(0)0(  0.0)       excit   1    1  38    22 47  1
C      2   4.78437   21(0)0( 69.5)-  1(0)0(  0.0)       excit   1    1  38    27 23  2
C      3   5.25510   18(0)0( 29.5)-  1(0)0(  0.0)       excit   1    1  38    19 20  3
C      4   6.12747   17(0)0( 69.5)-  1(0)0(  0.0)       excit   1    1  38    25  4  4
C      5   6.21570   24(0)0( 17.5)-  9(0)0(  5.5)       excit   1    1  38    85 39  5
C      6   6.21606   25(0)0( 29.5)- 11(0)0(  9.5)       excit   1    1  38    87 36  6
C      7   6.24539   18(0)0( 29.5)-  3(0)0(  9.5)       excit   1    1  38    78 15  7
C      8   6.80242   16(0)0( 49.0)-  1(0)0(  0.0)       excit   1    1  38    24 12  8
C      9   7.58527   21(0)0( 69.5)- 10(0)0( 41.5)       excit   1    1  38    68 18  9
C     10   7.58547   19(0)0( 49.0)-  7(0)0( 29.5)       excit   1    1  38    63 26 10
C     11   8.55920   16(0)0( 49.0)-  3(0)0(  9.5)       excit   1    1  38    79  8 11
C     12   10.3518   14(0)0( 29.5)-  1(0)0(  0.0)       excit   1    1  38     9 37 12
C     13   11.1966   12(0)0(  5.5)-  1(0)0(  0.0)       excit   1    1  38     7 45 13
C     14   11.8783   15(0)0( 41.5)-  2(0)0( 29.5)       excit   1    1  38    37 17 14
C     15   12.9888    9(0)0(  5.5)-  1(0)0(  0.0)       excit   1    1  38    13 27 15
C     16   13.0755   13(0)0( 17.5)-  2(0)0( 29.5)       excit   1    1  38    35 22 16
C     17   14.2145    7(0)0( 29.5)-  1(0)0(  0.0)       excit   1    1  38     5 10 17
C     18   15.5234   14(0)0( 29.5)-  4(0)0( 41.5)       excit   1    1  38    42 42 18
C     19   16.1271   21(0)0( 69.5)- 16(0)0( 49.0)       excit   1    1  38   112 14 19
C     20   16.1403   26(0)0( 41.5)- 18(0)0( 29.5)       excit   1    1  38    99 35 20
C     21   16.3603   10(0)0( 41.5)-  2(0)0( 29.5)       excit   1    1  38    33  7 21
C     22   17.6108    5(0)0(  5.5)-  1(0)0(  0.0)       excit   1    1  38     3  6 22
C     23   19.7758   22(0)0( 89.5)- 17(0)0( 69.5)       excit   1    1  38   117 34 23
C     24   21.3600    9(0)0(  5.5)-  3(0)0(  9.5)       excit   1    1  38    75 16 24
C     25   21.3962    6(0)0( 17.5)-  2(0)0( 29.5)       excit   1    1  38    31  5 25
C     26   23.1028   18(0)0( 29.5)- 16(0)0( 49.0)       excit   1    1  38   109 29 26
C     27   23.1209   20(0)0( 41.5)- 17(0)0( 69.5)       excit   1    1  38   114 13 27
C     28   23.1226   25(0)0( 29.5)- 19(0)0( 49.0)       excit   1    1  38   119 49 28
C     29   23.1298   26(0)0( 41.5)- 21(0)0( 69.5)       excit   1    1  38   122 43 29
C     30   24.0250   27(0)0(  1.5)- 23(0)0(  9.5)       excit   1    1  38    89 50 30
C     31   24.4577    8(0)0(  1.5)-  3(0)0(  9.5)       excit   1    1  38    74 11 31
C     32   25.6529   19(0)0( 49.0)- 17(0)0( 69.5)       excit   1    1  38   115 48 32
C     33   26.2000    7(0)0( 29.5)-  4(0)0( 41.5)       excit   1    1  38    39  9 33
C     34   27.5233   23(0)0(  9.5)- 18(0)0( 29.5)       excit   1    1  38    95 32 34
C     35   27.9709   13(0)0( 17.5)-  5(0)0(  5.5)       excit   1    1  38    47 33 35
C     36   29.5783   14(0)0( 29.5)-  6(0)0( 17.5)       excit   1    1  38    53 30 36
C     37   33.1419    3(0)0(  9.5)-  1(0)0(  0.0)       excit   1    1  38    11  3 37
C     38   33.4530   15(0)0( 41.5)-  7(0)0( 29.5)       excit   1    1  38    59 41 38
C     39   37.7076   12(0)0(  5.5)-  6(0)0( 17.5)       excit   1    1  38    51 28 39
C     40   45.0774   13(0)0( 17.5)-  7(0)0( 29.5)       excit   1    1  38    57 25 40
C     41   51.4869   14(0)0( 29.5)- 10(0)0( 41.5)       excit   1    1  38    65 40 41
C     42   61.7549   17(0)0( 69.5)- 16(0)0( 49.0)       excit   1    1  38   110 19 42
C     43   61.8841   20(0)0( 41.5)- 18(0)0( 29.5)       excit   1    1  38    96 38 43
C     44   62.0087    4(0)0( 41.5)-  2(0)0( 29.5)       excit   1    1  38    29  2 44
C     45   62.2825    2(0)0( 29.5)-  1(0)0(  0.0)       excit   1    1  38     1  1 45
C     46   70.3970   11(0)0(  9.5)-  7(0)0( 29.5)       excit   1    1  38    60 24 46
C     47   132.169   11(0)0(  9.5)-  9(0)0(  5.5)       excit   1    1  38    83 44 47
C     48   132.319    7(0)0( 29.5)-  6(0)0( 17.5)       excit   1    1  38    49 21 48
C     49   146.440   10(0)0( 41.5)-  7(0)0( 29.5)       excit   1    1  38    55 46 49
C     50   166.393    6(0)0( 17.5)-  5(0)0(  5.5)       excit   1    1  38    44 31 50
c-------------------------------------------------------------------------------
                                                                                
C  code     : adas810
C  producer : Adam Foster
C  date     : 18/05/09
                                                                                
c-------------------------------------------------------------------------------

C-----------------------------------------------------------------------
C                               OPEN-ADAS
C                               +++++++++
C
C This file has been downloaded from OPEN-ADAS (http://open.adas.ac.uk)
C on 26-Mar-2025.
C
C TERMS AND CONDITIONS
C --------------------
C
C The user of the OPEN-ADAS system and data (hereinafter "the User")
C accepts the following terms and conditions:
C
C   1. The University of Strathclyde uses all reasonable endeavours to
C      ensure the accuracy of the data provided and any information
C      given, but the University makes no warranty, expressed or implied
C      as to its accuracy, integrity, fitness for purpose and shall not
C      be responsible for the use to which the data is put by the User
C      and/or any consequences arising out of any inaccuracies or
C      omissions.
C
C   2. Any downloaded OPEN-ADAS file is made available for the
C      personal use of the User only.  It must not be used for any
C      commercial application, incorporated into any web site or in
C      any form re-distributed without express prior written permission
C      from the ADAS Project. In particular, but not by way of
C      limitation, it must not be:
C        *  inserted into a managed database structure,
C        *  redistributed along with a modelling or analysis code,
C        *  made available on a public website.
C
C Permission for OPEN-ADAS data incorporation in non-commercial
C code/system development for scientific advance will not be
C unreasonably withheld, but will be subject to written agreement
C on a case by case basis.
C
C The User will indemnify the University of Strathclyde and keep it
C fully and effectively indemnified against each and every claim made
C against the University as a result of the User's use of the data.
C
C-----------------------------------------------------------------------
