   50    /W :66 photon emissivity coefficients/
--------------------------------------------------------------------------------
    1    1    1    1    1    1    1    1    1    1    1    1    1    1
    1    1    1    1    1    1    1    1    1    1    1    1    1    1
    1    1    1    1    1    1    1    1    1    1    1    1    1    1
    1    1    1    1    1    1    1    1    1    1    1    1    1    1
    1    1    1    1    1    1    1    1    1    1    1    1    1    1
    1    1    1    1    1
--------------------------------------------------------------------------------
//#01/p00/ 00/p01/ 01/p02/ 02/p03/ 03/p04/ 04/p05/ 05/p06/ 06/p07/ 07/p08/ 08/  
      p09/ 09/p10/ 10/p11/ 11/p12/ 12/p13/ 13/p14/ 14/p15/ 15/p16/ 16/p17/ 17/  
      p18/ 18/p19/ 19/p20/ 20/p21/ 21/p22/ 22/p23/ 23/p24/ 24/p25/ 25/p26/ 26/  
      p27/ 27/p28/ 28/p29/ 29/p30/ 30/p31/ 31/p32/ 32/p33/ 33/p34/ 34/p35/ 35/  
      p36/ 36/p37/ 37/p38/ 38/p39/ 39/p40/ 40/p41/ 41/p42/ 42/p43/ 43/p44/ 44/  
      p45/ 45/p46/ 46/p47/ 47/p48/ 48/p49/ 49/p50/ 50/p51/ 51/p52/ 52/p53/ 53/  
      p54/ 54/p55/ 55/p56/ 56/p57/ 57/p58/ 58/p59/ 59/p60/ 60/p61/ 61/p62/ 62/  
      p63/ 63/p64/ 64/p65/ 65/p66/ 66/p67/ 67/p68/ 68/p69/ 69/p70/ 70/p71/ 71/  
      p72/ 72/p73/ 73/p74/ 74/                                                  
--------------------------------------------------------------------------------
  1.11186    7  14 /pl=01:ss=66:pb= 1:sz=66/type=excit/ispb = t/isel =    1
 1.00E+10 1.00E+11 1.00E+12 1.00E+13 1.00E+14 1.00E+15 1.00E+16
 7.74E+01 1.16E+02 1.93E+02 3.87E+02 7.74E+02 1.93E+03 3.87E+03 5.80E+03
 7.74E+03 1.16E+04 1.93E+04 3.87E+04 7.74E+04 1.16E+05
 1.00E-74 1.00E-74 1.69E-38 3.96E-26 5.11E-20 1.86E-16 2.38E-15 5.13E-15
 7.26E-15 9.78E-15 1.15E-14 1.13E-14 9.70E-15 8.52E-15
 1.00E-74 1.00E-74 1.69E-38 3.96E-26 5.11E-20 1.86E-16 2.38E-15 5.13E-15
 7.26E-15 9.78E-15 1.15E-14 1.13E-14 9.70E-15 8.52E-15
 1.00E-74 1.00E-74 1.69E-38 3.96E-26 5.11E-20 1.86E-16 2.38E-15 5.13E-15
 7.26E-15 9.78E-15 1.15E-14 1.13E-14 9.70E-15 8.52E-15
 1.00E-74 1.00E-74 1.69E-38 3.96E-26 5.11E-20 1.86E-16 2.38E-15 5.13E-15
 7.26E-15 9.78E-15 1.15E-14 1.13E-14 9.70E-15 8.52E-15
 1.00E-74 1.00E-74 1.69E-38 3.96E-26 5.11E-20 1.86E-16 2.38E-15 5.13E-15
 7.26E-15 9.78E-15 1.15E-14 1.13E-14 9.70E-15 8.52E-15
 1.00E-74 1.00E-74 1.69E-38 3.96E-26 5.11E-20 1.86E-16 2.38E-15 5.13E-15
 7.26E-15 9.78E-15 1.15E-14 1.13E-14 9.70E-15 8.52E-15
 1.00E-74 1.00E-74 1.69E-38 3.96E-26 5.11E-20 1.86E-16 2.38E-15 5.13E-15
 7.26E-15 9.78E-15 1.15E-14 1.13E-14 9.70E-15 8.52E-15
  1.14399    7  14 /pl=01:ss=66:pb= 1:sz=66/type=excit/ispb = t/isel =    2
 1.00E+10 1.00E+11 1.00E+12 1.00E+13 1.00E+14 1.00E+15 1.00E+16
 7.74E+01 1.16E+02 1.93E+02 3.87E+02 7.74E+02 1.93E+03 3.87E+03 5.80E+03
 7.74E+03 1.16E+04 1.93E+04 3.87E+04 7.74E+04 1.16E+05
 1.00E-74 1.00E-74 3.65E-36 3.81E-24 3.31E-18 9.99E-15 1.30E-13 2.94E-13
 4.34E-13 6.30E-13 8.36E-13 1.02E-12 1.10E-12 1.11E-12
 1.00E-74 1.00E-74 3.65E-36 3.81E-24 3.31E-18 9.99E-15 1.30E-13 2.94E-13
 4.34E-13 6.30E-13 8.36E-13 1.02E-12 1.10E-12 1.11E-12
 1.00E-74 1.00E-74 3.65E-36 3.81E-24 3.31E-18 9.99E-15 1.30E-13 2.94E-13
 4.34E-13 6.30E-13 8.36E-13 1.02E-12 1.10E-12 1.11E-12
 1.00E-74 1.00E-74 3.65E-36 3.81E-24 3.31E-18 9.99E-15 1.30E-13 2.94E-13
 4.34E-13 6.30E-13 8.36E-13 1.02E-12 1.10E-12 1.11E-12
 1.00E-74 1.00E-74 3.65E-36 3.81E-24 3.31E-18 9.99E-15 1.30E-13 2.94E-13
 4.34E-13 6.30E-13 8.36E-13 1.02E-12 1.10E-12 1.11E-12
 1.00E-74 1.00E-74 3.65E-36 3.81E-24 3.31E-18 9.99E-15 1.30E-13 2.94E-13
 4.34E-13 6.30E-13 8.36E-13 1.02E-12 1.10E-12 1.11E-12
 1.00E-74 1.00E-74 3.65E-36 3.81E-24 3.31E-18 9.99E-15 1.30E-13 2.94E-13
 4.34E-13 6.30E-13 8.36E-13 1.02E-12 1.10E-12 1.11E-12
  1.26389    7  14 /pl=01:ss=66:pb= 1:sz=66/type=excit/ispb = t/isel =    3
 1.00E+10 1.00E+11 1.00E+12 1.00E+13 1.00E+14 1.00E+15 1.00E+16
 7.74E+01 1.16E+02 1.93E+02 3.87E+02 7.74E+02 1.93E+03 3.87E+03 5.80E+03
 7.74E+03 1.16E+04 1.93E+04 3.87E+04 7.74E+04 1.16E+05
 1.00E-74 1.00E-74 7.18E-33 5.26E-22 1.20E-16 1.57E-13 1.48E-12 2.96E-12
 4.07E-12 5.46E-12 6.66E-12 7.37E-12 7.34E-12 7.08E-12
 1.00E-74 1.00E-74 7.18E-33 5.26E-22 1.20E-16 1.57E-13 1.48E-12 2.96E-12
 4.07E-12 5.46E-12 6.66E-12 7.37E-12 7.34E-12 7.08E-12
 1.00E-74 1.00E-74 7.18E-33 5.26E-22 1.20E-16 1.57E-13 1.48E-12 2.96E-12
 4.07E-12 5.46E-12 6.66E-12 7.37E-12 7.34E-12 7.08E-12
 1.00E-74 1.00E-74 7.18E-33 5.26E-22 1.20E-16 1.57E-13 1.48E-12 2.96E-12
 4.07E-12 5.46E-12 6.66E-12 7.37E-12 7.34E-12 7.08E-12
 1.00E-74 1.00E-74 7.18E-33 5.26E-22 1.20E-16 1.57E-13 1.48E-12 2.96E-12
 4.07E-12 5.46E-12 6.66E-12 7.37E-12 7.34E-12 7.08E-12
 1.00E-74 1.00E-74 7.18E-33 5.26E-22 1.20E-16 1.57E-13 1.48E-12 2.96E-12
 4.07E-12 5.46E-12 6.66E-12 7.37E-12 7.34E-12 7.08E-12
 1.00E-74 1.00E-74 7.18E-33 5.26E-22 1.20E-16 1.57E-13 1.48E-12 2.96E-12
 4.07E-12 5.46E-12 6.66E-12 7.37E-12 7.34E-12 7.08E-12
  1.26935    7  14 /pl=01:ss=66:pb= 1:sz=66/type=excit/ispb = t/isel =    4
 1.00E+10 1.00E+11 1.00E+12 1.00E+13 1.00E+14 1.00E+15 1.00E+16
 7.74E+01 1.16E+02 1.93E+02 3.87E+02 7.74E+02 1.93E+03 3.87E+03 5.80E+03
 7.74E+03 1.16E+04 1.93E+04 3.87E+04 7.74E+04 1.16E+05
 1.00E-74 1.00E-74 1.87E-36 4.37E-24 5.63E-18 2.05E-14 2.62E-13 5.65E-13
 8.00E-13 1.08E-12 1.26E-12 1.25E-12 1.07E-12 9.39E-13
 1.00E-74 1.00E-74 1.87E-36 4.37E-24 5.63E-18 2.05E-14 2.62E-13 5.65E-13
 8.00E-13 1.08E-12 1.26E-12 1.25E-12 1.07E-12 9.39E-13
 1.00E-74 1.00E-74 1.87E-36 4.37E-24 5.63E-18 2.05E-14 2.62E-13 5.65E-13
 8.00E-13 1.08E-12 1.26E-12 1.25E-12 1.07E-12 9.39E-13
 1.00E-74 1.00E-74 1.87E-36 4.37E-24 5.63E-18 2.05E-14 2.62E-13 5.65E-13
 8.00E-13 1.08E-12 1.26E-12 1.25E-12 1.07E-12 9.39E-13
 1.00E-74 1.00E-74 1.87E-36 4.37E-24 5.63E-18 2.05E-14 2.62E-13 5.65E-13
 8.00E-13 1.08E-12 1.26E-12 1.25E-12 1.07E-12 9.39E-13
 1.00E-74 1.00E-74 1.87E-36 4.37E-24 5.63E-18 2.05E-14 2.62E-13 5.65E-13
 8.00E-13 1.08E-12 1.26E-12 1.25E-12 1.07E-12 9.39E-13
 1.00E-74 1.00E-74 1.87E-36 4.37E-24 5.63E-18 2.05E-14 2.62E-13 5.65E-13
 8.00E-13 1.08E-12 1.26E-12 1.25E-12 1.07E-12 9.39E-13
  1.30565    7  14 /pl=01:ss=66:pb= 1:sz=66/type=excit/ispb = t/isel =    5
 1.00E+10 1.00E+11 1.00E+12 1.00E+13 1.00E+14 1.00E+15 1.00E+16
 7.74E+01 1.16E+02 1.93E+02 3.87E+02 7.74E+02 1.93E+03 3.87E+03 5.80E+03
 7.74E+03 1.16E+04 1.93E+04 3.87E+04 7.74E+04 1.16E+05
 1.00E-74 1.00E-74 6.86E-33 2.22E-22 3.39E-17 3.63E-14 3.35E-13 6.67E-13
 9.16E-13 1.20E-12 1.40E-12 1.41E-12 1.26E-12 1.13E-12
 1.00E-74 1.00E-74 6.86E-33 2.22E-22 3.39E-17 3.63E-14 3.35E-13 6.67E-13
 9.16E-13 1.20E-12 1.40E-12 1.41E-12 1.26E-12 1.13E-12
 1.00E-74 1.00E-74 6.86E-33 2.22E-22 3.39E-17 3.63E-14 3.35E-13 6.67E-13
 9.16E-13 1.20E-12 1.40E-12 1.41E-12 1.26E-12 1.13E-12
 1.00E-74 1.00E-74 6.86E-33 2.22E-22 3.39E-17 3.63E-14 3.35E-13 6.67E-13
 9.16E-13 1.20E-12 1.40E-12 1.41E-12 1.26E-12 1.13E-12
 1.00E-74 6.14E-47 6.86E-33 2.22E-22 3.39E-17 3.63E-14 3.35E-13 6.67E-13
 9.16E-13 1.20E-12 1.40E-12 1.41E-12 1.26E-12 1.13E-12
 1.00E-74 5.32E-47 6.86E-33 2.22E-22 3.39E-17 3.63E-14 3.35E-13 6.67E-13
 9.16E-13 1.20E-12 1.40E-12 1.41E-12 1.26E-12 1.13E-12
 1.00E-74 5.40E-47 6.86E-33 2.22E-22 3.39E-17 3.63E-14 3.35E-13 6.67E-13
 9.16E-13 1.20E-12 1.40E-12 1.41E-12 1.26E-12 1.13E-12
  1.31139    7  14 /pl=01:ss=66:pb= 1:sz=66/type=excit/ispb = t/isel =    6
 1.00E+10 1.00E+11 1.00E+12 1.00E+13 1.00E+14 1.00E+15 1.00E+16
 7.74E+01 1.16E+02 1.93E+02 3.87E+02 7.74E+02 1.93E+03 3.87E+03 5.80E+03
 7.74E+03 1.16E+04 1.93E+04 3.87E+04 7.74E+04 1.16E+05
 1.00E-74 1.00E-74 1.34E-38 1.40E-26 1.21E-20 3.66E-17 4.76E-16 1.08E-15
 1.59E-15 2.31E-15 3.07E-15 3.74E-15 4.05E-15 4.07E-15
 1.00E-74 1.00E-74 1.34E-38 1.40E-26 1.21E-20 3.66E-17 4.76E-16 1.08E-15
 1.59E-15 2.31E-15 3.07E-15 3.74E-15 4.05E-15 4.07E-15
 1.00E-74 1.00E-74 1.34E-38 1.40E-26 1.21E-20 3.66E-17 4.76E-16 1.08E-15
 1.59E-15 2.31E-15 3.07E-15 3.74E-15 4.05E-15 4.07E-15
 1.00E-74 1.00E-74 1.34E-38 1.40E-26 1.21E-20 3.66E-17 4.76E-16 1.08E-15
 1.59E-15 2.31E-15 3.07E-15 3.74E-15 4.05E-15 4.07E-15
 1.00E-74 1.00E-74 1.34E-38 1.40E-26 1.21E-20 3.66E-17 4.76E-16 1.08E-15
 1.59E-15 2.31E-15 3.07E-15 3.74E-15 4.05E-15 4.07E-15
 1.00E-74 1.00E-74 1.34E-38 1.40E-26 1.21E-20 3.66E-17 4.76E-16 1.08E-15
 1.59E-15 2.31E-15 3.07E-15 3.74E-15 4.05E-15 4.07E-15
 1.00E-74 1.00E-74 1.34E-38 1.40E-26 1.21E-20 3.66E-17 4.76E-16 1.08E-15
 1.59E-15 2.31E-15 3.07E-15 3.74E-15 4.05E-15 4.07E-15
  1.36265    7  14 /pl=01:ss=66:pb= 1:sz=66/type=excit/ispb = t/isel =    7
 1.00E+10 1.00E+11 1.00E+12 1.00E+13 1.00E+14 1.00E+15 1.00E+16
 7.74E+01 1.16E+02 1.93E+02 3.87E+02 7.74E+02 1.93E+03 3.87E+03 5.80E+03
 7.74E+03 1.16E+04 1.93E+04 3.87E+04 7.74E+04 1.16E+05
 1.00E-74 1.00E-74 1.12E-32 1.97E-22 2.45E-17 2.54E-14 2.51E-13 5.23E-13
 7.38E-13 1.00E-12 1.21E-12 1.27E-12 1.17E-12 1.08E-12
 1.00E-74 1.00E-74 1.12E-32 1.97E-22 2.45E-17 2.54E-14 2.51E-13 5.23E-13
 7.38E-13 1.00E-12 1.21E-12 1.27E-12 1.17E-12 1.08E-12
 1.00E-74 1.00E-74 1.12E-32 1.97E-22 2.45E-17 2.54E-14 2.51E-13 5.23E-13
 7.38E-13 1.00E-12 1.21E-12 1.27E-12 1.17E-12 1.08E-12
 1.00E-74 1.00E-74 1.12E-32 1.97E-22 2.45E-17 2.54E-14 2.51E-13 5.23E-13
 7.38E-13 1.00E-12 1.21E-12 1.27E-12 1.17E-12 1.08E-12
 1.00E-74 1.00E-74 1.12E-32 1.97E-22 2.45E-17 2.54E-14 2.51E-13 5.23E-13
 7.38E-13 1.00E-12 1.21E-12 1.27E-12 1.17E-12 1.08E-12
 1.00E-74 2.20E-46 1.12E-32 1.97E-22 2.45E-17 2.54E-14 2.51E-13 5.23E-13
 7.38E-13 1.00E-12 1.21E-12 1.27E-12 1.17E-12 1.08E-12
 1.00E-74 2.64E-46 1.12E-32 1.97E-22 2.45E-17 2.54E-14 2.51E-13 5.23E-13
 7.38E-13 1.00E-12 1.21E-12 1.27E-12 1.17E-12 1.08E-12
  1.94776    7  14 /pl=01:ss=66:pb= 1:sz=66/type=excit/ispb = t/isel =    8
 1.00E+10 1.00E+11 1.00E+12 1.00E+13 1.00E+14 1.00E+15 1.00E+16
 7.74E+01 1.16E+02 1.93E+02 3.87E+02 7.74E+02 1.93E+03 3.87E+03 5.80E+03
 7.74E+03 1.16E+04 1.93E+04 3.87E+04 7.74E+04 1.16E+05
 1.00E-74 1.00E-74 1.00E-74 6.30E-31 2.14E-22 2.19E-17 8.49E-16 2.63E-15
 4.47E-15 7.15E-15 9.52E-15 1.03E-14 9.06E-15 8.03E-15
 1.00E-74 1.00E-74 1.00E-74 6.30E-31 2.14E-22 2.19E-17 8.49E-16 2.63E-15
 4.47E-15 7.15E-15 9.52E-15 1.03E-14 9.06E-15 8.03E-15
 1.00E-74 1.00E-74 1.00E-74 6.30E-31 2.14E-22 2.19E-17 8.49E-16 2.63E-15
 4.47E-15 7.15E-15 9.52E-15 1.03E-14 9.06E-15 8.03E-15
 1.00E-74 1.00E-74 1.00E-74 6.30E-31 2.14E-22 2.19E-17 8.49E-16 2.63E-15
 4.47E-15 7.15E-15 9.52E-15 1.03E-14 9.06E-15 8.03E-15
 1.00E-74 1.00E-74 1.00E-74 6.30E-31 2.14E-22 2.19E-17 8.49E-16 2.63E-15
 4.47E-15 7.15E-15 9.52E-15 1.03E-14 9.06E-15 8.03E-15
 1.00E-74 1.00E-74 1.00E-74 6.30E-31 2.14E-22 2.19E-17 8.49E-16 2.63E-15
 4.47E-15 7.15E-15 9.52E-15 1.03E-14 9.06E-15 8.03E-15
 1.00E-74 1.00E-74 3.42E-48 6.30E-31 2.14E-22 2.19E-17 8.49E-16 2.63E-15
 4.47E-15 7.15E-15 9.52E-15 1.03E-14 9.06E-15 8.03E-15
  2.06948    7  14 /pl=01:ss=66:pb= 1:sz=66/type=excit/ispb = t/isel =    9
 1.00E+10 1.00E+11 1.00E+12 1.00E+13 1.00E+14 1.00E+15 1.00E+16
 7.74E+01 1.16E+02 1.93E+02 3.87E+02 7.74E+02 1.93E+03 3.87E+03 5.80E+03
 7.74E+03 1.16E+04 1.93E+04 3.87E+04 7.74E+04 1.16E+05
 1.00E-74 1.00E-74 1.00E-74 1.56E-30 5.46E-22 5.73E-17 2.25E-15 7.10E-15
 1.22E-14 2.00E-14 2.82E-14 3.34E-14 3.34E-14 3.21E-14
 1.00E-74 1.00E-74 1.00E-74 1.56E-30 5.46E-22 5.73E-17 2.25E-15 7.10E-15
 1.22E-14 2.00E-14 2.82E-14 3.34E-14 3.34E-14 3.21E-14
 1.00E-74 1.00E-74 1.00E-74 1.56E-30 5.46E-22 5.73E-17 2.25E-15 7.10E-15
 1.22E-14 2.00E-14 2.82E-14 3.34E-14 3.34E-14 3.21E-14
 1.00E-74 1.00E-74 1.00E-74 1.56E-30 5.46E-22 5.73E-17 2.25E-15 7.10E-15
 1.22E-14 2.00E-14 2.82E-14 3.34E-14 3.34E-14 3.21E-14
 1.00E-74 1.00E-74 1.00E-74 1.56E-30 5.46E-22 5.73E-17 2.25E-15 7.10E-15
 1.22E-14 2.00E-14 2.82E-14 3.34E-14 3.34E-14 3.21E-14
 1.00E-74 1.00E-74 1.00E-74 1.56E-30 5.46E-22 5.73E-17 2.25E-15 7.10E-15
 1.22E-14 2.00E-14 2.82E-14 3.34E-14 3.34E-14 3.21E-14
 1.00E-74 1.00E-74 1.08E-47 1.56E-30 5.46E-22 5.73E-17 2.25E-15 7.10E-15
 1.22E-14 2.00E-14 2.82E-14 3.34E-14 3.34E-14 3.21E-14
  2.10431    7  14 /pl=01:ss=66:pb= 1:sz=66/type=excit/ispb = t/isel =   10
 1.00E+10 1.00E+11 1.00E+12 1.00E+13 1.00E+14 1.00E+15 1.00E+16
 7.74E+01 1.16E+02 1.93E+02 3.87E+02 7.74E+02 1.93E+03 3.87E+03 5.80E+03
 7.74E+03 1.16E+04 1.93E+04 3.87E+04 7.74E+04 1.16E+05
 1.00E-74 1.00E-74 1.00E-74 4.23E-30 7.93E-22 5.72E-17 1.98E-15 5.92E-15
 9.85E-15 1.55E-14 2.06E-14 2.21E-14 1.96E-14 1.75E-14
 1.00E-74 1.00E-74 1.00E-74 4.23E-30 7.93E-22 5.72E-17 1.98E-15 5.92E-15
 9.85E-15 1.55E-14 2.06E-14 2.21E-14 1.96E-14 1.75E-14
 1.00E-74 1.00E-74 1.00E-74 4.23E-30 7.93E-22 5.72E-17 1.98E-15 5.92E-15
 9.85E-15 1.55E-14 2.06E-14 2.21E-14 1.96E-14 1.75E-14
 1.00E-74 1.00E-74 1.00E-74 4.23E-30 7.93E-22 5.72E-17 1.98E-15 5.92E-15
 9.85E-15 1.55E-14 2.06E-14 2.21E-14 1.96E-14 1.75E-14
 1.00E-74 1.00E-74 1.00E-74 4.23E-30 7.93E-22 5.72E-17 1.98E-15 5.92E-15
 9.85E-15 1.55E-14 2.06E-14 2.21E-14 1.96E-14 1.75E-14
 1.00E-74 1.00E-74 8.11E-47 4.23E-30 7.93E-22 5.72E-17 1.98E-15 5.92E-15
 9.85E-15 1.55E-14 2.06E-14 2.21E-14 1.96E-14 1.75E-14
 1.00E-74 1.00E-74 8.65E-47 4.23E-30 7.93E-22 5.72E-17 1.98E-15 5.92E-15
 9.85E-15 1.55E-14 2.06E-14 2.21E-14 1.96E-14 1.75E-14
  2.18004    7  14 /pl=01:ss=66:pb= 1:sz=66/type=excit/ispb = t/isel =   11
 1.00E+10 1.00E+11 1.00E+12 1.00E+13 1.00E+14 1.00E+15 1.00E+16
 7.74E+01 1.16E+02 1.93E+02 3.87E+02 7.74E+02 1.93E+03 3.87E+03 5.80E+03
 7.74E+03 1.16E+04 1.93E+04 3.87E+04 7.74E+04 1.16E+05
 1.00E-74 1.00E-74 1.00E-74 7.45E-31 2.65E-22 2.78E-17 1.10E-15 3.44E-15
 5.85E-15 9.56E-15 1.30E-14 1.47E-14 1.35E-14 1.22E-14
 1.00E-74 1.00E-74 1.00E-74 7.45E-31 2.65E-22 2.78E-17 1.10E-15 3.44E-15
 5.85E-15 9.56E-15 1.30E-14 1.47E-14 1.35E-14 1.22E-14
 1.00E-74 1.00E-74 1.00E-74 7.45E-31 2.65E-22 2.78E-17 1.10E-15 3.44E-15
 5.85E-15 9.56E-15 1.30E-14 1.47E-14 1.35E-14 1.22E-14
 1.00E-74 1.00E-74 1.00E-74 7.45E-31 2.65E-22 2.78E-17 1.10E-15 3.44E-15
 5.85E-15 9.56E-15 1.30E-14 1.47E-14 1.35E-14 1.22E-14
 1.00E-74 1.00E-74 1.00E-74 7.45E-31 2.65E-22 2.78E-17 1.10E-15 3.44E-15
 5.85E-15 9.56E-15 1.30E-14 1.47E-14 1.35E-14 1.22E-14
 1.00E-74 1.00E-74 1.00E-74 7.45E-31 2.65E-22 2.78E-17 1.10E-15 3.44E-15
 5.85E-15 9.56E-15 1.30E-14 1.47E-14 1.35E-14 1.22E-14
 1.00E-74 1.00E-74 3.66E-48 7.45E-31 2.65E-22 2.78E-17 1.10E-15 3.44E-15
 5.85E-15 9.56E-15 1.30E-14 1.47E-14 1.35E-14 1.22E-14
  2.24153    7  14 /pl=01:ss=66:pb= 1:sz=66/type=excit/ispb = t/isel =   12
 1.00E+10 1.00E+11 1.00E+12 1.00E+13 1.00E+14 1.00E+15 1.00E+16
 7.74E+01 1.16E+02 1.93E+02 3.87E+02 7.74E+02 1.93E+03 3.87E+03 5.80E+03
 7.74E+03 1.16E+04 1.93E+04 3.87E+04 7.74E+04 1.16E+05
 1.00E-74 1.00E-74 1.00E-74 9.33E-30 1.82E-21 1.34E-16 4.70E-15 1.43E-14
 2.40E-14 3.88E-14 5.38E-14 6.33E-14 6.33E-14 6.04E-14
 1.00E-74 1.00E-74 1.00E-74 9.33E-30 1.82E-21 1.34E-16 4.70E-15 1.43E-14
 2.40E-14 3.88E-14 5.38E-14 6.33E-14 6.33E-14 6.04E-14
 1.00E-74 1.00E-74 1.00E-74 9.33E-30 1.82E-21 1.34E-16 4.70E-15 1.43E-14
 2.40E-14 3.88E-14 5.38E-14 6.33E-14 6.33E-14 6.04E-14
 1.00E-74 1.00E-74 1.00E-74 9.33E-30 1.82E-21 1.34E-16 4.70E-15 1.43E-14
 2.40E-14 3.88E-14 5.38E-14 6.33E-14 6.33E-14 6.04E-14
 1.00E-74 1.00E-74 1.00E-74 9.33E-30 1.82E-21 1.34E-16 4.70E-15 1.43E-14
 2.40E-14 3.88E-14 5.38E-14 6.33E-14 6.33E-14 6.04E-14
 1.00E-74 1.00E-74 1.75E-46 9.33E-30 1.82E-21 1.34E-16 4.70E-15 1.43E-14
 2.40E-14 3.88E-14 5.38E-14 6.33E-14 6.33E-14 6.04E-14
 1.00E-74 1.00E-74 1.75E-46 9.33E-30 1.82E-21 1.34E-16 4.70E-15 1.43E-14
 2.40E-14 3.88E-14 5.38E-14 6.33E-14 6.33E-14 6.04E-14
  2.36914    7  14 /pl=01:ss=66:pb= 1:sz=66/type=excit/ispb = t/isel =   13
 1.00E+10 1.00E+11 1.00E+12 1.00E+13 1.00E+14 1.00E+15 1.00E+16
 7.74E+01 1.16E+02 1.93E+02 3.87E+02 7.74E+02 1.93E+03 3.87E+03 5.80E+03
 7.74E+03 1.16E+04 1.93E+04 3.87E+04 7.74E+04 1.16E+05
 1.00E-74 1.00E-74 1.00E-74 4.39E-30 8.71E-22 6.48E-17 2.27E-15 6.86E-15
 1.15E-14 1.83E-14 2.48E-14 2.75E-14 2.53E-14 2.29E-14
 1.00E-74 1.00E-74 1.00E-74 4.39E-30 8.71E-22 6.48E-17 2.27E-15 6.86E-15
 1.15E-14 1.83E-14 2.48E-14 2.75E-14 2.53E-14 2.29E-14
 1.00E-74 1.00E-74 1.00E-74 4.39E-30 8.71E-22 6.48E-17 2.27E-15 6.86E-15
 1.15E-14 1.83E-14 2.48E-14 2.75E-14 2.53E-14 2.29E-14
 1.00E-74 1.00E-74 1.00E-74 4.39E-30 8.71E-22 6.48E-17 2.27E-15 6.86E-15
 1.15E-14 1.83E-14 2.48E-14 2.75E-14 2.53E-14 2.29E-14
 1.00E-74 1.00E-74 1.00E-74 4.39E-30 8.71E-22 6.48E-17 2.27E-15 6.86E-15
 1.15E-14 1.83E-14 2.48E-14 2.75E-14 2.53E-14 2.29E-14
 1.00E-74 1.00E-74 6.50E-47 4.39E-30 8.71E-22 6.48E-17 2.27E-15 6.86E-15
 1.15E-14 1.83E-14 2.48E-14 2.75E-14 2.53E-14 2.29E-14
 1.00E-74 1.00E-74 7.80E-47 4.39E-30 8.71E-22 6.48E-17 2.27E-15 6.86E-15
 1.15E-14 1.83E-14 2.48E-14 2.75E-14 2.53E-14 2.29E-14
  2.43087    7  14 /pl=01:ss=66:pb= 1:sz=66/type=excit/ispb = t/isel =   14
 1.00E+10 1.00E+11 1.00E+12 1.00E+13 1.00E+14 1.00E+15 1.00E+16
 7.74E+01 1.16E+02 1.93E+02 3.87E+02 7.74E+02 1.93E+03 3.87E+03 5.80E+03
 7.74E+03 1.16E+04 1.93E+04 3.87E+04 7.74E+04 1.16E+05
 1.00E-74 1.00E-74 1.00E-74 7.75E-29 5.33E-21 2.17E-16 6.25E-15 1.77E-14
 2.86E-14 4.39E-14 5.71E-14 6.10E-14 5.47E-14 4.90E-14
 1.00E-74 1.00E-74 1.00E-74 7.75E-29 5.33E-21 2.17E-16 6.25E-15 1.77E-14
 2.86E-14 4.39E-14 5.71E-14 6.10E-14 5.47E-14 4.90E-14
 1.00E-74 1.00E-74 1.00E-74 7.75E-29 5.33E-21 2.17E-16 6.25E-15 1.77E-14
 2.86E-14 4.39E-14 5.71E-14 6.10E-14 5.47E-14 4.90E-14
 1.00E-74 1.00E-74 1.37E-44 7.75E-29 5.33E-21 2.17E-16 6.25E-15 1.77E-14
 2.86E-14 4.39E-14 5.71E-14 6.10E-14 5.47E-14 4.90E-14
 1.00E-74 1.00E-74 1.23E-44 7.75E-29 5.33E-21 2.17E-16 6.25E-15 1.77E-14
 2.86E-14 4.39E-14 5.71E-14 6.10E-14 5.47E-14 4.90E-14
 1.00E-74 1.00E-74 1.23E-44 7.75E-29 5.33E-21 2.17E-16 6.25E-15 1.77E-14
 2.86E-14 4.39E-14 5.71E-14 6.10E-14 5.47E-14 4.90E-14
 1.00E-74 1.00E-74 1.23E-44 7.75E-29 5.33E-21 2.17E-16 6.25E-15 1.77E-14
 2.86E-14 4.39E-14 5.71E-14 6.10E-14 5.47E-14 4.90E-14
  2.60085    7  14 /pl=01:ss=66:pb= 1:sz=66/type=excit/ispb = t/isel =   15
 1.00E+10 1.00E+11 1.00E+12 1.00E+13 1.00E+14 1.00E+15 1.00E+16
 7.74E+01 1.16E+02 1.93E+02 3.87E+02 7.74E+02 1.93E+03 3.87E+03 5.80E+03
 7.74E+03 1.16E+04 1.93E+04 3.87E+04 7.74E+04 1.16E+05
 1.00E-74 1.00E-74 1.00E-74 1.43E-28 1.05E-20 4.32E-16 1.26E-14 3.58E-14
 5.88E-14 9.20E-14 1.25E-13 1.45E-13 1.44E-13 1.38E-13
 1.00E-74 1.00E-74 1.00E-74 1.43E-28 1.05E-20 4.32E-16 1.26E-14 3.58E-14
 5.88E-14 9.20E-14 1.25E-13 1.45E-13 1.44E-13 1.38E-13
 1.00E-74 1.00E-74 1.00E-74 1.43E-28 1.05E-20 4.32E-16 1.26E-14 3.58E-14
 5.88E-14 9.20E-14 1.25E-13 1.45E-13 1.44E-13 1.38E-13
 1.00E-74 1.00E-74 2.07E-44 1.43E-28 1.05E-20 4.32E-16 1.26E-14 3.58E-14
 5.88E-14 9.20E-14 1.25E-13 1.45E-13 1.44E-13 1.38E-13
 1.00E-74 1.00E-74 1.97E-44 1.43E-28 1.05E-20 4.32E-16 1.26E-14 3.58E-14
 5.88E-14 9.20E-14 1.25E-13 1.45E-13 1.44E-13 1.38E-13
 1.00E-74 1.00E-74 1.95E-44 1.43E-28 1.05E-20 4.32E-16 1.26E-14 3.58E-14
 5.88E-14 9.20E-14 1.25E-13 1.45E-13 1.44E-13 1.38E-13
 1.00E-74 1.00E-74 1.95E-44 1.43E-28 1.05E-20 4.32E-16 1.26E-14 3.58E-14
 5.88E-14 9.20E-14 1.25E-13 1.45E-13 1.44E-13 1.38E-13
  2.60224    7  14 /pl=01:ss=66:pb= 1:sz=66/type=excit/ispb = t/isel =   16
 1.00E+10 1.00E+11 1.00E+12 1.00E+13 1.00E+14 1.00E+15 1.00E+16
 7.74E+01 1.16E+02 1.93E+02 3.87E+02 7.74E+02 1.93E+03 3.87E+03 5.80E+03
 7.74E+03 1.16E+04 1.93E+04 3.87E+04 7.74E+04 1.16E+05
 1.00E-74 1.00E-74 1.00E-74 1.23E-30 4.97E-22 5.66E-17 2.26E-15 7.11E-15
 1.21E-14 1.94E-14 2.61E-14 2.79E-14 2.45E-14 2.16E-14
 1.00E-74 1.00E-74 1.00E-74 1.23E-30 4.97E-22 5.66E-17 2.26E-15 7.11E-15
 1.21E-14 1.94E-14 2.61E-14 2.79E-14 2.45E-14 2.16E-14
 1.00E-74 1.00E-74 1.00E-74 1.23E-30 4.97E-22 5.66E-17 2.26E-15 7.11E-15
 1.21E-14 1.94E-14 2.61E-14 2.79E-14 2.45E-14 2.16E-14
 1.00E-74 1.00E-74 1.00E-74 1.23E-30 4.97E-22 5.66E-17 2.26E-15 7.11E-15
 1.21E-14 1.94E-14 2.61E-14 2.79E-14 2.45E-14 2.16E-14
 1.00E-74 1.00E-74 1.00E-74 1.23E-30 4.97E-22 5.66E-17 2.26E-15 7.11E-15
 1.21E-14 1.94E-14 2.61E-14 2.79E-14 2.45E-14 2.16E-14
 1.00E-74 1.00E-74 1.00E-74 1.23E-30 4.97E-22 5.66E-17 2.26E-15 7.11E-15
 1.21E-14 1.94E-14 2.61E-14 2.79E-14 2.45E-14 2.16E-14
 1.00E-74 1.00E-74 1.04E-47 1.23E-30 4.97E-22 5.66E-17 2.26E-15 7.11E-15
 1.21E-14 1.94E-14 2.61E-14 2.79E-14 2.45E-14 2.16E-14
  2.68313    7  14 /pl=01:ss=66:pb= 1:sz=66/type=excit/ispb = t/isel =   17
 1.00E+10 1.00E+11 1.00E+12 1.00E+13 1.00E+14 1.00E+15 1.00E+16
 7.74E+01 1.16E+02 1.93E+02 3.87E+02 7.74E+02 1.93E+03 3.87E+03 5.80E+03
 7.74E+03 1.16E+04 1.93E+04 3.87E+04 7.74E+04 1.16E+05
 1.00E-74 1.00E-74 1.00E-74 7.89E-30 5.28E-22 2.26E-17 6.80E-16 1.97E-15
 3.23E-15 5.10E-15 6.92E-15 8.01E-15 7.97E-15 7.62E-15
 1.00E-74 1.00E-74 1.00E-74 7.89E-30 5.28E-22 2.26E-17 6.80E-16 1.97E-15
 3.23E-15 5.10E-15 6.92E-15 8.01E-15 7.97E-15 7.62E-15
 1.00E-74 1.00E-74 1.00E-74 7.89E-30 5.28E-22 2.26E-17 6.80E-16 1.97E-15
 3.23E-15 5.10E-15 6.92E-15 8.01E-15 7.97E-15 7.62E-15
 1.00E-74 1.00E-74 1.00E-74 7.89E-30 5.28E-22 2.26E-17 6.80E-16 1.97E-15
 3.23E-15 5.10E-15 6.92E-15 8.01E-15 7.97E-15 7.62E-15
 1.00E-74 1.00E-74 1.47E-45 7.89E-30 5.28E-22 2.26E-17 6.80E-16 1.97E-15
 3.23E-15 5.10E-15 6.92E-15 8.01E-15 7.97E-15 7.62E-15
 1.00E-74 1.00E-74 1.52E-45 7.89E-30 5.28E-22 2.26E-17 6.80E-16 1.97E-15
 3.23E-15 5.10E-15 6.92E-15 8.01E-15 7.97E-15 7.62E-15
 1.00E-74 1.00E-74 1.51E-45 7.89E-30 5.28E-22 2.26E-17 6.80E-16 1.97E-15
 3.23E-15 5.10E-15 6.92E-15 8.01E-15 7.97E-15 7.62E-15
  2.76697    7  14 /pl=01:ss=66:pb= 1:sz=66/type=excit/ispb = t/isel =   18
 1.00E+10 1.00E+11 1.00E+12 1.00E+13 1.00E+14 1.00E+15 1.00E+16
 7.74E+01 1.16E+02 1.93E+02 3.87E+02 7.74E+02 1.93E+03 3.87E+03 5.80E+03
 7.74E+03 1.16E+04 1.93E+04 3.87E+04 7.74E+04 1.16E+05
 1.00E-74 1.00E-74 1.00E-74 6.58E-29 4.94E-21 2.06E-16 5.95E-15 1.69E-14
 2.74E-14 4.25E-14 5.62E-14 6.16E-14 5.63E-14 5.08E-14
 1.00E-74 1.00E-74 1.00E-74 6.58E-29 4.94E-21 2.06E-16 5.95E-15 1.69E-14
 2.74E-14 4.25E-14 5.62E-14 6.16E-14 5.63E-14 5.08E-14
 1.00E-74 1.00E-74 1.00E-74 6.58E-29 4.94E-21 2.06E-16 5.95E-15 1.69E-14
 2.74E-14 4.25E-14 5.62E-14 6.16E-14 5.63E-14 5.08E-14
 1.00E-74 1.00E-74 1.37E-44 6.58E-29 4.94E-21 2.06E-16 5.95E-15 1.69E-14
 2.74E-14 4.25E-14 5.62E-14 6.16E-14 5.63E-14 5.08E-14
 1.00E-74 1.00E-74 8.23E-45 6.58E-29 4.94E-21 2.06E-16 5.95E-15 1.69E-14
 2.74E-14 4.25E-14 5.62E-14 6.16E-14 5.63E-14 5.08E-14
 1.00E-74 1.00E-74 8.37E-45 6.58E-29 4.94E-21 2.06E-16 5.95E-15 1.69E-14
 2.74E-14 4.25E-14 5.62E-14 6.16E-14 5.63E-14 5.08E-14
 1.00E-74 1.00E-74 8.38E-45 6.58E-29 4.94E-21 2.06E-16 5.95E-15 1.69E-14
 2.74E-14 4.25E-14 5.62E-14 6.16E-14 5.63E-14 5.08E-14
  2.82461    7  14 /pl=01:ss=66:pb= 1:sz=66/type=excit/ispb = t/isel =   19
 1.00E+10 1.00E+11 1.00E+12 1.00E+13 1.00E+14 1.00E+15 1.00E+16
 7.74E+01 1.16E+02 1.93E+02 3.87E+02 7.74E+02 1.93E+03 3.87E+03 5.80E+03
 7.74E+03 1.16E+04 1.93E+04 3.87E+04 7.74E+04 1.16E+05
 1.00E-74 1.00E-74 1.00E-74 1.39E-29 9.58E-22 3.90E-17 1.12E-15 3.17E-15
 5.13E-15 7.88E-15 1.03E-14 1.10E-14 9.84E-15 8.81E-15
 1.00E-74 1.00E-74 1.00E-74 1.39E-29 9.58E-22 3.90E-17 1.12E-15 3.17E-15
 5.13E-15 7.88E-15 1.03E-14 1.10E-14 9.84E-15 8.81E-15
 1.00E-74 1.00E-74 1.00E-74 1.39E-29 9.58E-22 3.90E-17 1.12E-15 3.17E-15
 5.13E-15 7.88E-15 1.03E-14 1.10E-14 9.84E-15 8.81E-15
 1.00E-74 1.00E-74 2.46E-45 1.39E-29 9.58E-22 3.90E-17 1.12E-15 3.17E-15
 5.13E-15 7.88E-15 1.03E-14 1.10E-14 9.84E-15 8.81E-15
 1.00E-74 1.00E-74 2.22E-45 1.39E-29 9.58E-22 3.90E-17 1.12E-15 3.17E-15
 5.13E-15 7.88E-15 1.03E-14 1.10E-14 9.84E-15 8.81E-15
 1.00E-74 1.00E-74 2.22E-45 1.39E-29 9.58E-22 3.90E-17 1.12E-15 3.17E-15
 5.13E-15 7.88E-15 1.03E-14 1.10E-14 9.84E-15 8.81E-15
 1.00E-74 1.00E-74 2.22E-45 1.39E-29 9.58E-22 3.90E-17 1.12E-15 3.17E-15
 5.13E-15 7.88E-15 1.03E-14 1.10E-14 9.84E-15 8.81E-15
  2.82582    7  14 /pl=01:ss=66:pb= 1:sz=66/type=excit/ispb = t/isel =   20
 1.00E+10 1.00E+11 1.00E+12 1.00E+13 1.00E+14 1.00E+15 1.00E+16
 7.74E+01 1.16E+02 1.93E+02 3.87E+02 7.74E+02 1.93E+03 3.87E+03 5.80E+03
 7.74E+03 1.16E+04 1.93E+04 3.87E+04 7.74E+04 1.16E+05
 1.00E-74 1.00E-74 1.00E-74 1.94E-31 7.29E-23 8.03E-18 3.24E-16 1.04E-15
 1.81E-15 3.08E-15 4.55E-15 5.93E-15 6.61E-15 6.71E-15
 1.00E-74 1.00E-74 1.00E-74 1.94E-31 7.29E-23 8.03E-18 3.24E-16 1.04E-15
 1.81E-15 3.08E-15 4.55E-15 5.93E-15 6.61E-15 6.71E-15
 1.00E-74 1.00E-74 1.00E-74 1.94E-31 7.29E-23 8.03E-18 3.24E-16 1.04E-15
 1.81E-15 3.08E-15 4.55E-15 5.93E-15 6.61E-15 6.71E-15
 1.00E-74 1.00E-74 1.00E-74 1.94E-31 7.29E-23 8.03E-18 3.24E-16 1.04E-15
 1.81E-15 3.08E-15 4.55E-15 5.93E-15 6.61E-15 6.71E-15
 1.00E-74 1.00E-74 1.00E-74 1.94E-31 7.29E-23 8.03E-18 3.24E-16 1.04E-15
 1.81E-15 3.08E-15 4.55E-15 5.93E-15 6.61E-15 6.71E-15
 1.00E-74 1.00E-74 1.00E-74 1.94E-31 7.29E-23 8.03E-18 3.24E-16 1.04E-15
 1.81E-15 3.08E-15 4.55E-15 5.93E-15 6.61E-15 6.71E-15
 1.00E-74 1.00E-74 8.18E-49 1.94E-31 7.29E-23 8.03E-18 3.24E-16 1.04E-15
 1.81E-15 3.08E-15 4.55E-15 5.93E-15 6.61E-15 6.71E-15
  3.41761    7  14 /pl=01:ss=66:pb= 1:sz=66/type=excit/ispb = t/isel =   21
 1.00E+10 1.00E+11 1.00E+12 1.00E+13 1.00E+14 1.00E+15 1.00E+16
 7.74E+01 1.16E+02 1.93E+02 3.87E+02 7.74E+02 1.93E+03 3.87E+03 5.80E+03
 7.74E+03 1.16E+04 1.93E+04 3.87E+04 7.74E+04 1.16E+05
 1.00E-74 1.00E-74 8.85E-41 1.27E-26 1.29E-19 1.73E-15 3.58E-14 9.13E-14
 1.40E-13 2.05E-13 2.60E-13 2.73E-13 2.45E-13 2.21E-13
 1.00E-74 1.00E-74 9.17E-41 1.27E-26 1.29E-19 1.73E-15 3.58E-14 9.13E-14
 1.40E-13 2.05E-13 2.60E-13 2.73E-13 2.45E-13 2.21E-13
 1.00E-74 1.00E-74 9.20E-41 1.27E-26 1.29E-19 1.73E-15 3.58E-14 9.13E-14
 1.40E-13 2.05E-13 2.60E-13 2.73E-13 2.45E-13 2.21E-13
 1.00E-74 1.00E-74 9.20E-41 1.27E-26 1.29E-19 1.73E-15 3.58E-14 9.13E-14
 1.40E-13 2.05E-13 2.60E-13 2.73E-13 2.45E-13 2.21E-13
 1.00E-74 1.00E-74 9.20E-41 1.27E-26 1.29E-19 1.73E-15 3.58E-14 9.13E-14
 1.40E-13 2.05E-13 2.60E-13 2.73E-13 2.45E-13 2.21E-13
 1.00E-74 1.00E-74 9.20E-41 1.27E-26 1.29E-19 1.73E-15 3.58E-14 9.13E-14
 1.40E-13 2.05E-13 2.60E-13 2.73E-13 2.45E-13 2.21E-13
 1.00E-74 1.00E-74 9.20E-41 1.27E-26 1.29E-19 1.73E-15 3.58E-14 9.13E-14
 1.40E-13 2.05E-13 2.60E-13 2.73E-13 2.45E-13 2.21E-13
  3.69253    7  14 /pl=01:ss=66:pb= 1:sz=66/type=excit/ispb = t/isel =   22
 1.00E+10 1.00E+11 1.00E+12 1.00E+13 1.00E+14 1.00E+15 1.00E+16
 7.74E+01 1.16E+02 1.93E+02 3.87E+02 7.74E+02 1.93E+03 3.87E+03 5.80E+03
 7.74E+03 1.16E+04 1.93E+04 3.87E+04 7.74E+04 1.16E+05
 1.00E-74 1.00E-74 8.13E-41 1.52E-26 1.79E-19 2.50E-15 5.10E-14 1.30E-13
 2.01E-13 3.00E-13 3.93E-13 4.47E-13 4.43E-13 4.25E-13
 1.00E-74 1.00E-74 7.92E-41 1.52E-26 1.79E-19 2.50E-15 5.10E-14 1.30E-13
 2.01E-13 3.00E-13 3.93E-13 4.47E-13 4.43E-13 4.25E-13
 1.00E-74 1.00E-74 7.96E-41 1.52E-26 1.79E-19 2.50E-15 5.10E-14 1.30E-13
 2.01E-13 3.00E-13 3.93E-13 4.47E-13 4.43E-13 4.25E-13
 1.00E-74 1.00E-74 7.96E-41 1.52E-26 1.79E-19 2.50E-15 5.10E-14 1.30E-13
 2.01E-13 3.00E-13 3.93E-13 4.47E-13 4.43E-13 4.25E-13
 1.00E-74 1.00E-74 7.96E-41 1.52E-26 1.79E-19 2.50E-15 5.10E-14 1.30E-13
 2.01E-13 3.00E-13 3.93E-13 4.47E-13 4.43E-13 4.25E-13
 1.00E-74 1.00E-74 7.96E-41 1.52E-26 1.79E-19 2.50E-15 5.10E-14 1.30E-13
 2.01E-13 3.00E-13 3.93E-13 4.47E-13 4.43E-13 4.25E-13
 1.00E-74 1.00E-74 7.96E-41 1.52E-26 1.79E-19 2.50E-15 5.10E-14 1.30E-13
 2.01E-13 3.00E-13 3.93E-13 4.47E-13 4.43E-13 4.25E-13
  3.69474    7  14 /pl=01:ss=66:pb= 1:sz=66/type=excit/ispb = t/isel =   23
 1.00E+10 1.00E+11 1.00E+12 1.00E+13 1.00E+14 1.00E+15 1.00E+16
 7.74E+01 1.16E+02 1.93E+02 3.87E+02 7.74E+02 1.93E+03 3.87E+03 5.80E+03
 7.74E+03 1.16E+04 1.93E+04 3.87E+04 7.74E+04 1.16E+05
 1.00E-74 1.00E-74 1.00E-74 1.48E-28 9.75E-21 3.79E-16 1.06E-14 2.94E-14
 4.74E-14 7.22E-14 9.24E-14 9.67E-14 8.45E-14 7.51E-14
 1.00E-74 1.00E-74 1.00E-74 1.48E-28 9.75E-21 3.79E-16 1.06E-14 2.94E-14
 4.74E-14 7.22E-14 9.24E-14 9.67E-14 8.45E-14 7.51E-14
 1.00E-74 1.00E-74 1.00E-74 1.48E-28 9.75E-21 3.79E-16 1.06E-14 2.94E-14
 4.74E-14 7.22E-14 9.24E-14 9.67E-14 8.45E-14 7.51E-14
 1.00E-74 1.00E-74 2.03E-44 1.48E-28 9.75E-21 3.79E-16 1.06E-14 2.94E-14
 4.74E-14 7.22E-14 9.24E-14 9.67E-14 8.45E-14 7.51E-14
 1.00E-74 1.00E-74 2.44E-44 1.48E-28 9.75E-21 3.79E-16 1.06E-14 2.94E-14
 4.74E-14 7.22E-14 9.24E-14 9.67E-14 8.45E-14 7.51E-14
 1.00E-74 1.00E-74 2.42E-44 1.48E-28 9.75E-21 3.79E-16 1.06E-14 2.94E-14
 4.74E-14 7.22E-14 9.24E-14 9.67E-14 8.45E-14 7.51E-14
 1.00E-74 1.00E-74 2.43E-44 1.48E-28 9.75E-21 3.79E-16 1.06E-14 2.94E-14
 4.74E-14 7.22E-14 9.24E-14 9.67E-14 8.45E-14 7.51E-14
  4.00140    7  14 /pl=01:ss=66:pb= 1:sz=66/type=excit/ispb = t/isel =   24
 1.00E+10 1.00E+11 1.00E+12 1.00E+13 1.00E+14 1.00E+15 1.00E+16
 7.74E+01 1.16E+02 1.93E+02 3.87E+02 7.74E+02 1.93E+03 3.87E+03 5.80E+03
 7.74E+03 1.16E+04 1.93E+04 3.87E+04 7.74E+04 1.16E+05
 1.00E-74 1.00E-74 4.09E-41 6.68E-27 8.37E-20 1.20E-15 2.43E-14 6.14E-14
 9.42E-14 1.38E-13 1.75E-13 1.87E-13 1.69E-13 1.52E-13
 1.00E-74 1.00E-74 2.86E-41 6.68E-27 8.37E-20 1.20E-15 2.43E-14 6.14E-14
 9.42E-14 1.38E-13 1.75E-13 1.87E-13 1.69E-13 1.52E-13
 1.00E-74 1.00E-74 3.03E-41 6.68E-27 8.37E-20 1.20E-15 2.43E-14 6.14E-14
 9.42E-14 1.38E-13 1.75E-13 1.87E-13 1.69E-13 1.52E-13
 1.00E-74 1.00E-74 3.04E-41 6.68E-27 8.37E-20 1.20E-15 2.43E-14 6.14E-14
 9.42E-14 1.38E-13 1.75E-13 1.87E-13 1.69E-13 1.52E-13
 1.00E-74 1.00E-74 3.03E-41 6.68E-27 8.37E-20 1.20E-15 2.43E-14 6.14E-14
 9.42E-14 1.38E-13 1.75E-13 1.87E-13 1.69E-13 1.52E-13
 1.00E-74 1.00E-74 3.03E-41 6.68E-27 8.37E-20 1.20E-15 2.43E-14 6.14E-14
 9.42E-14 1.38E-13 1.75E-13 1.87E-13 1.69E-13 1.52E-13
 1.00E-74 1.00E-74 3.03E-41 6.68E-27 8.37E-20 1.20E-15 2.43E-14 6.14E-14
 9.42E-14 1.38E-13 1.75E-13 1.87E-13 1.69E-13 1.52E-13
  4.04258    7  14 /pl=01:ss=66:pb= 1:sz=66/type=excit/ispb = t/isel =   25
 1.00E+10 1.00E+11 1.00E+12 1.00E+13 1.00E+14 1.00E+15 1.00E+16
 7.74E+01 1.16E+02 1.93E+02 3.87E+02 7.74E+02 1.93E+03 3.87E+03 5.80E+03
 7.74E+03 1.16E+04 1.93E+04 3.87E+04 7.74E+04 1.16E+05
 1.00E-74 1.00E-74 2.12E-41 1.52E-27 1.34E-20 1.97E-16 4.47E-15 1.19E-14
 1.89E-14 2.87E-14 3.77E-14 4.24E-14 4.13E-14 3.91E-14
 1.00E-74 1.00E-74 1.70E-41 1.52E-27 1.34E-20 1.97E-16 4.47E-15 1.19E-14
 1.89E-14 2.87E-14 3.77E-14 4.24E-14 4.13E-14 3.91E-14
 1.00E-74 1.00E-74 1.66E-41 1.52E-27 1.34E-20 1.97E-16 4.47E-15 1.19E-14
 1.89E-14 2.87E-14 3.77E-14 4.24E-14 4.13E-14 3.91E-14
 1.00E-74 1.00E-74 1.66E-41 1.52E-27 1.34E-20 1.97E-16 4.47E-15 1.19E-14
 1.89E-14 2.87E-14 3.77E-14 4.24E-14 4.13E-14 3.91E-14
 1.00E-74 1.00E-74 1.66E-41 1.52E-27 1.34E-20 1.97E-16 4.47E-15 1.19E-14
 1.89E-14 2.87E-14 3.77E-14 4.24E-14 4.13E-14 3.91E-14
 1.00E-74 1.00E-74 1.66E-41 1.52E-27 1.34E-20 1.97E-16 4.47E-15 1.19E-14
 1.89E-14 2.87E-14 3.77E-14 4.24E-14 4.13E-14 3.91E-14
 1.00E-74 1.00E-74 1.66E-41 1.52E-27 1.34E-20 1.97E-16 4.47E-15 1.19E-14
 1.89E-14 2.87E-14 3.77E-14 4.24E-14 4.13E-14 3.91E-14
  4.25066    7  14 /pl=01:ss=66:pb= 1:sz=66/type=excit/ispb = t/isel =   26
 1.00E+10 1.00E+11 1.00E+12 1.00E+13 1.00E+14 1.00E+15 1.00E+16
 7.74E+01 1.16E+02 1.93E+02 3.87E+02 7.74E+02 1.93E+03 3.87E+03 5.80E+03
 7.74E+03 1.16E+04 1.93E+04 3.87E+04 7.74E+04 1.16E+05
 1.00E-74 1.00E-74 2.16E-41 3.09E-27 3.14E-20 4.23E-16 8.73E-15 2.23E-14
 3.42E-14 5.00E-14 6.33E-14 6.65E-14 5.97E-14 5.39E-14
 1.00E-74 1.00E-74 2.24E-41 3.09E-27 3.14E-20 4.23E-16 8.73E-15 2.23E-14
 3.42E-14 5.00E-14 6.33E-14 6.65E-14 5.97E-14 5.39E-14
 1.00E-74 1.00E-74 2.24E-41 3.09E-27 3.14E-20 4.23E-16 8.73E-15 2.23E-14
 3.42E-14 5.00E-14 6.33E-14 6.65E-14 5.97E-14 5.39E-14
 1.00E-74 1.00E-74 2.24E-41 3.09E-27 3.14E-20 4.23E-16 8.73E-15 2.23E-14
 3.42E-14 5.00E-14 6.33E-14 6.65E-14 5.97E-14 5.39E-14
 1.00E-74 1.00E-74 2.24E-41 3.09E-27 3.14E-20 4.23E-16 8.73E-15 2.23E-14
 3.42E-14 5.00E-14 6.33E-14 6.65E-14 5.97E-14 5.39E-14
 1.00E-74 1.00E-74 2.24E-41 3.09E-27 3.14E-20 4.23E-16 8.73E-15 2.23E-14
 3.42E-14 5.00E-14 6.33E-14 6.65E-14 5.97E-14 5.39E-14
 1.00E-74 1.00E-74 2.24E-41 3.09E-27 3.14E-20 4.23E-16 8.73E-15 2.23E-14
 3.42E-14 5.00E-14 6.33E-14 6.65E-14 5.97E-14 5.39E-14
  4.25241    7  14 /pl=01:ss=66:pb= 1:sz=66/type=excit/ispb = t/isel =   27
 1.00E+10 1.00E+11 1.00E+12 1.00E+13 1.00E+14 1.00E+15 1.00E+16
 7.74E+01 1.16E+02 1.93E+02 3.87E+02 7.74E+02 1.93E+03 3.87E+03 5.80E+03
 7.74E+03 1.16E+04 1.93E+04 3.87E+04 7.74E+04 1.16E+05
 1.00E-74 1.00E-74 1.00E-74 2.73E-29 1.54E-21 5.59E-17 1.58E-15 4.52E-15
 7.46E-15 1.20E-14 1.70E-14 2.15E-14 2.37E-14 2.40E-14
 1.00E-74 1.00E-74 1.00E-74 2.73E-29 1.54E-21 5.59E-17 1.58E-15 4.52E-15
 7.46E-15 1.20E-14 1.70E-14 2.15E-14 2.37E-14 2.40E-14
 1.00E-74 1.00E-74 1.00E-74 2.73E-29 1.54E-21 5.59E-17 1.58E-15 4.52E-15
 7.46E-15 1.20E-14 1.70E-14 2.15E-14 2.37E-14 2.40E-14
 1.00E-74 1.00E-74 5.89E-45 2.73E-29 1.54E-21 5.59E-17 1.58E-15 4.52E-15
 7.46E-15 1.20E-14 1.70E-14 2.15E-14 2.37E-14 2.40E-14
 1.00E-74 1.00E-74 6.28E-45 2.73E-29 1.54E-21 5.59E-17 1.58E-15 4.52E-15
 7.46E-15 1.20E-14 1.70E-14 2.15E-14 2.37E-14 2.40E-14
 1.00E-74 1.00E-74 6.18E-45 2.73E-29 1.54E-21 5.59E-17 1.58E-15 4.52E-15
 7.46E-15 1.20E-14 1.70E-14 2.15E-14 2.37E-14 2.40E-14
 1.00E-74 1.00E-74 6.19E-45 2.73E-29 1.54E-21 5.59E-17 1.58E-15 4.52E-15
 7.46E-15 1.20E-14 1.70E-14 2.15E-14 2.37E-14 2.40E-14
  4.27344    7  14 /pl=01:ss=66:pb= 1:sz=66/type=excit/ispb = t/isel =   28
 1.00E+10 1.00E+11 1.00E+12 1.00E+13 1.00E+14 1.00E+15 1.00E+16
 7.74E+01 1.16E+02 1.93E+02 3.87E+02 7.74E+02 1.93E+03 3.87E+03 5.80E+03
 7.74E+03 1.16E+04 1.93E+04 3.87E+04 7.74E+04 1.16E+05
 1.00E-74 1.00E-74 1.00E-74 2.70E-31 9.17E-23 9.37E-18 3.64E-16 1.13E-15
 1.91E-15 3.07E-15 4.08E-15 4.40E-15 3.89E-15 3.44E-15
 1.00E-74 1.00E-74 1.00E-74 2.70E-31 9.17E-23 9.37E-18 3.64E-16 1.13E-15
 1.91E-15 3.07E-15 4.08E-15 4.40E-15 3.89E-15 3.44E-15
 1.00E-74 1.00E-74 1.00E-74 2.70E-31 9.17E-23 9.37E-18 3.64E-16 1.13E-15
 1.91E-15 3.07E-15 4.08E-15 4.40E-15 3.89E-15 3.44E-15
 1.00E-74 1.00E-74 1.00E-74 2.70E-31 9.17E-23 9.37E-18 3.64E-16 1.13E-15
 1.91E-15 3.07E-15 4.08E-15 4.40E-15 3.89E-15 3.44E-15
 1.00E-74 1.00E-74 1.00E-74 2.70E-31 9.17E-23 9.37E-18 3.64E-16 1.13E-15
 1.91E-15 3.07E-15 4.08E-15 4.40E-15 3.89E-15 3.44E-15
 1.00E-74 1.00E-74 1.00E-74 2.70E-31 9.17E-23 9.37E-18 3.64E-16 1.13E-15
 1.91E-15 3.07E-15 4.08E-15 4.40E-15 3.89E-15 3.44E-15
 1.00E-74 1.00E-74 1.47E-48 2.70E-31 9.17E-23 9.37E-18 3.64E-16 1.13E-15
 1.91E-15 3.07E-15 4.08E-15 4.40E-15 3.89E-15 3.44E-15
  4.49133    7  14 /pl=01:ss=66:pb= 1:sz=66/type=excit/ispb = t/isel =   29
 1.00E+10 1.00E+11 1.00E+12 1.00E+13 1.00E+14 1.00E+15 1.00E+16
 7.74E+01 1.16E+02 1.93E+02 3.87E+02 7.74E+02 1.93E+03 3.87E+03 5.80E+03
 7.74E+03 1.16E+04 1.93E+04 3.87E+04 7.74E+04 1.16E+05
 1.00E-74 1.00E-74 1.00E-74 6.67E-31 2.34E-22 2.45E-17 9.64E-16 3.04E-15
 5.21E-15 8.58E-15 1.20E-14 1.43E-14 1.43E-14 1.37E-14
 1.00E-74 1.00E-74 1.00E-74 6.67E-31 2.34E-22 2.45E-17 9.64E-16 3.04E-15
 5.21E-15 8.58E-15 1.20E-14 1.43E-14 1.43E-14 1.37E-14
 1.00E-74 1.00E-74 1.00E-74 6.67E-31 2.34E-22 2.45E-17 9.64E-16 3.04E-15
 5.21E-15 8.58E-15 1.20E-14 1.43E-14 1.43E-14 1.37E-14
 1.00E-74 1.00E-74 1.00E-74 6.67E-31 2.34E-22 2.45E-17 9.64E-16 3.04E-15
 5.21E-15 8.58E-15 1.20E-14 1.43E-14 1.43E-14 1.37E-14
 1.00E-74 1.00E-74 1.00E-74 6.67E-31 2.34E-22 2.45E-17 9.64E-16 3.04E-15
 5.21E-15 8.58E-15 1.20E-14 1.43E-14 1.43E-14 1.37E-14
 1.00E-74 1.00E-74 1.00E-74 6.67E-31 2.34E-22 2.45E-17 9.64E-16 3.04E-15
 5.21E-15 8.58E-15 1.20E-14 1.43E-14 1.43E-14 1.37E-14
 1.00E-74 1.00E-74 4.62E-48 6.67E-31 2.34E-22 2.45E-17 9.64E-16 3.04E-15
 5.21E-15 8.58E-15 1.20E-14 1.43E-14 1.43E-14 1.37E-14
  4.69056    7  14 /pl=01:ss=66:pb= 1:sz=66/type=excit/ispb = t/isel =   30
 1.00E+10 1.00E+11 1.00E+12 1.00E+13 1.00E+14 1.00E+15 1.00E+16
 7.74E+01 1.16E+02 1.93E+02 3.87E+02 7.74E+02 1.93E+03 3.87E+03 5.80E+03
 7.74E+03 1.16E+04 1.93E+04 3.87E+04 7.74E+04 1.16E+05
 1.00E-74 1.00E-74 1.00E-74 4.45E-31 1.59E-22 1.66E-17 6.55E-16 2.06E-15
 3.50E-15 5.71E-15 7.79E-15 8.77E-15 8.06E-15 7.29E-15
 1.00E-74 1.00E-74 1.00E-74 4.45E-31 1.59E-22 1.66E-17 6.55E-16 2.06E-15
 3.50E-15 5.71E-15 7.79E-15 8.77E-15 8.06E-15 7.29E-15
 1.00E-74 1.00E-74 1.00E-74 4.45E-31 1.59E-22 1.66E-17 6.55E-16 2.06E-15
 3.50E-15 5.71E-15 7.79E-15 8.77E-15 8.06E-15 7.29E-15
 1.00E-74 1.00E-74 1.00E-74 4.45E-31 1.59E-22 1.66E-17 6.55E-16 2.06E-15
 3.50E-15 5.71E-15 7.79E-15 8.77E-15 8.06E-15 7.29E-15
 1.00E-74 1.00E-74 1.00E-74 4.45E-31 1.59E-22 1.66E-17 6.55E-16 2.06E-15
 3.50E-15 5.71E-15 7.79E-15 8.77E-15 8.06E-15 7.29E-15
 1.00E-74 1.00E-74 1.00E-74 4.45E-31 1.59E-22 1.66E-17 6.55E-16 2.06E-15
 3.50E-15 5.71E-15 7.79E-15 8.77E-15 8.06E-15 7.29E-15
 1.00E-74 1.00E-74 2.19E-48 4.45E-31 1.59E-22 1.66E-17 6.55E-16 2.06E-15
 3.50E-15 5.71E-15 7.79E-15 8.77E-15 8.06E-15 7.29E-15
  5.10705    7  14 /pl=01:ss=66:pb= 1:sz=66/type=excit/ispb = t/isel =   31
 1.00E+10 1.00E+11 1.00E+12 1.00E+13 1.00E+14 1.00E+15 1.00E+16
 7.74E+01 1.16E+02 1.93E+02 3.87E+02 7.74E+02 1.93E+03 3.87E+03 5.80E+03
 7.74E+03 1.16E+04 1.93E+04 3.87E+04 7.74E+04 1.16E+05
 1.00E-74 1.00E-74 1.00E-74 1.76E-30 3.31E-22 2.39E-17 8.24E-16 2.47E-15
 4.11E-15 6.48E-15 8.57E-15 9.21E-15 8.18E-15 7.28E-15
 1.00E-74 1.00E-74 1.00E-74 1.76E-30 3.31E-22 2.39E-17 8.24E-16 2.47E-15
 4.11E-15 6.48E-15 8.57E-15 9.21E-15 8.18E-15 7.28E-15
 1.00E-74 1.00E-74 1.00E-74 1.76E-30 3.31E-22 2.39E-17 8.24E-16 2.47E-15
 4.11E-15 6.48E-15 8.57E-15 9.21E-15 8.18E-15 7.28E-15
 1.00E-74 1.00E-74 1.00E-74 1.76E-30 3.31E-22 2.39E-17 8.24E-16 2.47E-15
 4.11E-15 6.48E-15 8.57E-15 9.21E-15 8.18E-15 7.28E-15
 1.00E-74 1.00E-74 1.00E-74 1.76E-30 3.31E-22 2.39E-17 8.24E-16 2.47E-15
 4.11E-15 6.48E-15 8.57E-15 9.21E-15 8.18E-15 7.28E-15
 1.00E-74 1.00E-74 3.38E-47 1.76E-30 3.31E-22 2.39E-17 8.24E-16 2.47E-15
 4.11E-15 6.48E-15 8.57E-15 9.21E-15 8.18E-15 7.28E-15
 1.00E-74 1.00E-74 3.61E-47 1.76E-30 3.31E-22 2.39E-17 8.24E-16 2.47E-15
 4.11E-15 6.48E-15 8.57E-15 9.21E-15 8.18E-15 7.28E-15
  5.38903    7  14 /pl=01:ss=66:pb= 1:sz=66/type=excit/ispb = t/isel =   32
 1.00E+10 1.00E+11 1.00E+12 1.00E+13 1.00E+14 1.00E+15 1.00E+16
 7.74E+01 1.16E+02 1.93E+02 3.87E+02 7.74E+02 1.93E+03 3.87E+03 5.80E+03
 7.74E+03 1.16E+04 1.93E+04 3.87E+04 7.74E+04 1.16E+05
 1.00E-74 1.00E-74 1.00E-74 3.87E-30 7.53E-22 5.56E-17 1.95E-15 5.92E-15
 9.97E-15 1.61E-14 2.23E-14 2.62E-14 2.63E-14 2.50E-14
 1.00E-74 1.00E-74 1.00E-74 3.87E-30 7.53E-22 5.56E-17 1.95E-15 5.92E-15
 9.97E-15 1.61E-14 2.23E-14 2.62E-14 2.63E-14 2.50E-14
 1.00E-74 1.00E-74 1.00E-74 3.87E-30 7.53E-22 5.56E-17 1.95E-15 5.92E-15
 9.97E-15 1.61E-14 2.23E-14 2.62E-14 2.63E-14 2.50E-14
 1.00E-74 1.00E-74 1.00E-74 3.87E-30 7.53E-22 5.56E-17 1.95E-15 5.92E-15
 9.97E-15 1.61E-14 2.23E-14 2.62E-14 2.63E-14 2.50E-14
 1.00E-74 1.00E-74 1.00E-74 3.87E-30 7.53E-22 5.56E-17 1.95E-15 5.92E-15
 9.97E-15 1.61E-14 2.23E-14 2.62E-14 2.63E-14 2.50E-14
 1.00E-74 1.00E-74 7.27E-47 3.87E-30 7.53E-22 5.56E-17 1.95E-15 5.92E-15
 9.97E-15 1.61E-14 2.23E-14 2.62E-14 2.63E-14 2.50E-14
 1.00E-74 1.00E-74 7.27E-47 3.87E-30 7.53E-22 5.56E-17 1.95E-15 5.92E-15
 9.97E-15 1.61E-14 2.23E-14 2.62E-14 2.63E-14 2.50E-14
  5.66312    7  14 /pl=01:ss=66:pb= 1:sz=66/type=excit/ispb = t/isel =   33
 1.00E+10 1.00E+11 1.00E+12 1.00E+13 1.00E+14 1.00E+15 1.00E+16
 7.74E+01 1.16E+02 1.93E+02 3.87E+02 7.74E+02 1.93E+03 3.87E+03 5.80E+03
 7.74E+03 1.16E+04 1.93E+04 3.87E+04 7.74E+04 1.16E+05
 1.00E-74 1.00E-74 1.00E-74 2.57E-30 5.09E-22 3.78E-17 1.32E-15 4.01E-15
 6.71E-15 1.07E-14 1.45E-14 1.61E-14 1.48E-14 1.34E-14
 1.00E-74 1.00E-74 1.00E-74 2.57E-30 5.09E-22 3.78E-17 1.32E-15 4.01E-15
 6.71E-15 1.07E-14 1.45E-14 1.61E-14 1.48E-14 1.34E-14
 1.00E-74 1.00E-74 1.00E-74 2.57E-30 5.09E-22 3.78E-17 1.32E-15 4.01E-15
 6.71E-15 1.07E-14 1.45E-14 1.61E-14 1.48E-14 1.34E-14
 1.00E-74 1.00E-74 1.00E-74 2.57E-30 5.09E-22 3.78E-17 1.32E-15 4.01E-15
 6.71E-15 1.07E-14 1.45E-14 1.61E-14 1.48E-14 1.34E-14
 1.00E-74 1.00E-74 1.00E-74 2.57E-30 5.09E-22 3.78E-17 1.32E-15 4.01E-15
 6.71E-15 1.07E-14 1.45E-14 1.61E-14 1.48E-14 1.34E-14
 1.00E-74 1.00E-74 3.80E-47 2.57E-30 5.09E-22 3.78E-17 1.32E-15 4.01E-15
 6.71E-15 1.07E-14 1.45E-14 1.61E-14 1.48E-14 1.34E-14
 1.00E-74 1.00E-74 4.56E-47 2.57E-30 5.09E-22 3.78E-17 1.32E-15 4.01E-15
 6.71E-15 1.07E-14 1.45E-14 1.61E-14 1.48E-14 1.34E-14
  5.80188    7  14 /pl=01:ss=66:pb= 1:sz=66/type=excit/ispb = t/isel =   34
 1.00E+10 1.00E+11 1.00E+12 1.00E+13 1.00E+14 1.00E+15 1.00E+16
 7.74E+01 1.16E+02 1.93E+02 3.87E+02 7.74E+02 1.93E+03 3.87E+03 5.80E+03
 7.74E+03 1.16E+04 1.93E+04 3.87E+04 7.74E+04 1.16E+05
 1.00E-74 1.00E-74 1.00E-74 7.36E-31 1.38E-22 9.97E-18 3.44E-16 1.03E-15
 1.72E-15 2.70E-15 3.58E-15 3.84E-15 3.41E-15 3.04E-15
 1.00E-74 1.00E-74 1.00E-74 7.36E-31 1.38E-22 9.97E-18 3.44E-16 1.03E-15
 1.72E-15 2.70E-15 3.58E-15 3.84E-15 3.41E-15 3.04E-15
 1.00E-74 1.00E-74 1.00E-74 7.36E-31 1.38E-22 9.97E-18 3.44E-16 1.03E-15
 1.72E-15 2.70E-15 3.58E-15 3.84E-15 3.41E-15 3.04E-15
 1.00E-74 1.00E-74 1.00E-74 7.36E-31 1.38E-22 9.97E-18 3.44E-16 1.03E-15
 1.72E-15 2.70E-15 3.58E-15 3.84E-15 3.41E-15 3.04E-15
 1.00E-74 1.00E-74 1.00E-74 7.36E-31 1.38E-22 9.97E-18 3.44E-16 1.03E-15
 1.72E-15 2.70E-15 3.58E-15 3.84E-15 3.41E-15 3.04E-15
 1.00E-74 1.00E-74 1.41E-47 7.36E-31 1.38E-22 9.97E-18 3.44E-16 1.03E-15
 1.72E-15 2.70E-15 3.58E-15 3.84E-15 3.41E-15 3.04E-15
 1.00E-74 1.00E-74 1.51E-47 7.36E-31 1.38E-22 9.97E-18 3.44E-16 1.03E-15
 1.72E-15 2.70E-15 3.58E-15 3.84E-15 3.41E-15 3.04E-15
  7.57758    7  14 /pl=01:ss=66:pb= 1:sz=66/type=excit/ispb = t/isel =   35
 1.00E+10 1.00E+11 1.00E+12 1.00E+13 1.00E+14 1.00E+15 1.00E+16
 7.74E+01 1.16E+02 1.93E+02 3.87E+02 7.74E+02 1.93E+03 3.87E+03 5.80E+03
 7.74E+03 1.16E+04 1.93E+04 3.87E+04 7.74E+04 1.16E+05
 1.00E-74 1.00E-74 1.00E-74 2.95E-29 2.03E-21 8.25E-17 2.38E-15 6.72E-15
 1.09E-14 1.67E-14 2.17E-14 2.32E-14 2.08E-14 1.86E-14
 1.00E-74 1.00E-74 1.00E-74 2.95E-29 2.03E-21 8.25E-17 2.38E-15 6.72E-15
 1.09E-14 1.67E-14 2.17E-14 2.32E-14 2.08E-14 1.86E-14
 1.00E-74 1.00E-74 1.00E-74 2.95E-29 2.03E-21 8.25E-17 2.38E-15 6.72E-15
 1.09E-14 1.67E-14 2.17E-14 2.32E-14 2.08E-14 1.86E-14
 1.00E-74 1.00E-74 5.21E-45 2.95E-29 2.03E-21 8.25E-17 2.38E-15 6.72E-15
 1.09E-14 1.67E-14 2.17E-14 2.32E-14 2.08E-14 1.86E-14
 1.00E-74 1.00E-74 4.69E-45 2.95E-29 2.03E-21 8.25E-17 2.38E-15 6.72E-15
 1.09E-14 1.67E-14 2.17E-14 2.32E-14 2.08E-14 1.86E-14
 1.00E-74 1.00E-74 4.69E-45 2.95E-29 2.03E-21 8.25E-17 2.38E-15 6.72E-15
 1.09E-14 1.67E-14 2.17E-14 2.32E-14 2.08E-14 1.86E-14
 1.00E-74 1.00E-74 4.69E-45 2.95E-29 2.03E-21 8.25E-17 2.38E-15 6.72E-15
 1.09E-14 1.67E-14 2.17E-14 2.32E-14 2.08E-14 1.86E-14
  8.06921    7  14 /pl=01:ss=66:pb= 1:sz=66/type=excit/ispb = t/isel =   36
 1.00E+10 1.00E+11 1.00E+12 1.00E+13 1.00E+14 1.00E+15 1.00E+16
 7.74E+01 1.16E+02 1.93E+02 3.87E+02 7.74E+02 1.93E+03 3.87E+03 5.80E+03
 7.74E+03 1.16E+04 1.93E+04 3.87E+04 7.74E+04 1.16E+05
 1.00E-74 1.00E-74 1.00E-74 5.39E-29 3.94E-21 1.63E-16 4.74E-15 1.35E-14
 2.22E-14 3.47E-14 4.71E-14 5.47E-14 5.44E-14 5.20E-14
 1.00E-74 1.00E-74 1.00E-74 5.39E-29 3.94E-21 1.63E-16 4.74E-15 1.35E-14
 2.22E-14 3.47E-14 4.71E-14 5.47E-14 5.44E-14 5.20E-14
 1.00E-74 1.00E-74 1.00E-74 5.39E-29 3.94E-21 1.63E-16 4.74E-15 1.35E-14
 2.22E-14 3.47E-14 4.71E-14 5.47E-14 5.44E-14 5.20E-14
 1.00E-74 1.00E-74 7.82E-45 5.39E-29 3.94E-21 1.63E-16 4.74E-15 1.35E-14
 2.22E-14 3.47E-14 4.71E-14 5.47E-14 5.44E-14 5.20E-14
 1.00E-74 1.00E-74 7.43E-45 5.39E-29 3.94E-21 1.63E-16 4.74E-15 1.35E-14
 2.22E-14 3.47E-14 4.71E-14 5.47E-14 5.44E-14 5.20E-14
 1.00E-74 1.00E-74 7.35E-45 5.39E-29 3.94E-21 1.63E-16 4.74E-15 1.35E-14
 2.22E-14 3.47E-14 4.71E-14 5.47E-14 5.44E-14 5.20E-14
 1.00E-74 1.00E-74 7.35E-45 5.39E-29 3.94E-21 1.63E-16 4.74E-15 1.35E-14
 2.22E-14 3.47E-14 4.71E-14 5.47E-14 5.44E-14 5.20E-14
  8.07338    7  14 /pl=01:ss=66:pb= 1:sz=66/type=excit/ispb = t/isel =   37
 1.00E+10 1.00E+11 1.00E+12 1.00E+13 1.00E+14 1.00E+15 1.00E+16
 7.74E+01 1.16E+02 1.93E+02 3.87E+02 7.74E+02 1.93E+03 3.87E+03 5.80E+03
 7.74E+03 1.16E+04 1.93E+04 3.87E+04 7.74E+04 1.16E+05
 1.00E-74 1.00E-74 1.00E-74 4.63E-31 1.88E-22 2.14E-17 8.55E-16 2.68E-15
 4.57E-15 7.34E-15 9.84E-15 1.05E-14 9.26E-15 8.15E-15
 1.00E-74 1.00E-74 1.00E-74 4.63E-31 1.88E-22 2.14E-17 8.55E-16 2.68E-15
 4.57E-15 7.34E-15 9.84E-15 1.05E-14 9.26E-15 8.15E-15
 1.00E-74 1.00E-74 1.00E-74 4.63E-31 1.88E-22 2.14E-17 8.55E-16 2.68E-15
 4.57E-15 7.34E-15 9.84E-15 1.05E-14 9.26E-15 8.15E-15
 1.00E-74 1.00E-74 1.00E-74 4.63E-31 1.88E-22 2.14E-17 8.55E-16 2.68E-15
 4.57E-15 7.34E-15 9.84E-15 1.05E-14 9.26E-15 8.15E-15
 1.00E-74 1.00E-74 1.00E-74 4.63E-31 1.88E-22 2.14E-17 8.55E-16 2.68E-15
 4.57E-15 7.34E-15 9.84E-15 1.05E-14 9.26E-15 8.15E-15
 1.00E-74 1.00E-74 1.00E-74 4.63E-31 1.88E-22 2.14E-17 8.55E-16 2.68E-15
 4.57E-15 7.34E-15 9.84E-15 1.05E-14 9.26E-15 8.15E-15
 1.00E-74 1.00E-74 3.91E-48 4.63E-31 1.88E-22 2.14E-17 8.55E-16 2.68E-15
 4.57E-15 7.34E-15 9.84E-15 1.05E-14 9.26E-15 8.15E-15
  8.62859    7  14 /pl=01:ss=66:pb= 1:sz=66/type=excit/ispb = t/isel =   38
 1.00E+10 1.00E+11 1.00E+12 1.00E+13 1.00E+14 1.00E+15 1.00E+16
 7.74E+01 1.16E+02 1.93E+02 3.87E+02 7.74E+02 1.93E+03 3.87E+03 5.80E+03
 7.74E+03 1.16E+04 1.93E+04 3.87E+04 7.74E+04 1.16E+05
 1.00E-74 1.00E-74 1.00E-74 3.56E-29 2.67E-21 1.12E-16 3.22E-15 9.15E-15
 1.48E-14 2.30E-14 3.04E-14 3.33E-14 3.05E-14 2.75E-14
 1.00E-74 1.00E-74 1.00E-74 3.56E-29 2.67E-21 1.12E-16 3.22E-15 9.15E-15
 1.48E-14 2.30E-14 3.04E-14 3.33E-14 3.05E-14 2.75E-14
 1.00E-74 1.00E-74 1.00E-74 3.56E-29 2.67E-21 1.12E-16 3.22E-15 9.15E-15
 1.48E-14 2.30E-14 3.04E-14 3.33E-14 3.05E-14 2.75E-14
 1.00E-74 1.00E-74 7.43E-45 3.56E-29 2.67E-21 1.12E-16 3.22E-15 9.15E-15
 1.48E-14 2.30E-14 3.04E-14 3.33E-14 3.05E-14 2.75E-14
 1.00E-74 1.00E-74 4.46E-45 3.56E-29 2.67E-21 1.12E-16 3.22E-15 9.15E-15
 1.48E-14 2.30E-14 3.04E-14 3.33E-14 3.05E-14 2.75E-14
 1.00E-74 1.00E-74 4.53E-45 3.56E-29 2.67E-21 1.12E-16 3.22E-15 9.15E-15
 1.48E-14 2.30E-14 3.04E-14 3.33E-14 3.05E-14 2.75E-14
 1.00E-74 1.00E-74 4.54E-45 3.56E-29 2.67E-21 1.12E-16 3.22E-15 9.15E-15
 1.48E-14 2.30E-14 3.04E-14 3.33E-14 3.05E-14 2.75E-14
  8.91761    7  14 /pl=01:ss=66:pb= 1:sz=66/type=excit/ispb = t/isel =   39
 1.00E+10 1.00E+11 1.00E+12 1.00E+13 1.00E+14 1.00E+15 1.00E+16
 7.74E+01 1.16E+02 1.93E+02 3.87E+02 7.74E+02 1.93E+03 3.87E+03 5.80E+03
 7.74E+03 1.16E+04 1.93E+04 3.87E+04 7.74E+04 1.16E+05
 1.00E-74 1.00E-74 1.00E-74 5.57E-30 3.73E-22 1.60E-17 4.80E-16 1.39E-15
 2.28E-15 3.60E-15 4.88E-15 5.66E-15 5.62E-15 5.38E-15
 1.00E-74 1.00E-74 1.00E-74 5.57E-30 3.73E-22 1.60E-17 4.80E-16 1.39E-15
 2.28E-15 3.60E-15 4.88E-15 5.66E-15 5.62E-15 5.38E-15
 1.00E-74 1.00E-74 1.00E-74 5.57E-30 3.73E-22 1.60E-17 4.80E-16 1.39E-15
 2.28E-15 3.60E-15 4.88E-15 5.66E-15 5.62E-15 5.38E-15
 1.00E-74 1.00E-74 1.00E-74 5.57E-30 3.73E-22 1.60E-17 4.80E-16 1.39E-15
 2.28E-15 3.60E-15 4.88E-15 5.66E-15 5.62E-15 5.38E-15
 1.00E-74 1.00E-74 1.04E-45 5.57E-30 3.73E-22 1.60E-17 4.80E-16 1.39E-15
 2.28E-15 3.60E-15 4.88E-15 5.66E-15 5.62E-15 5.38E-15
 1.00E-74 1.00E-74 1.07E-45 5.57E-30 3.73E-22 1.60E-17 4.80E-16 1.39E-15
 2.28E-15 3.60E-15 4.88E-15 5.66E-15 5.62E-15 5.38E-15
 1.00E-74 1.00E-74 1.06E-45 5.57E-30 3.73E-22 1.60E-17 4.80E-16 1.39E-15
 2.28E-15 3.60E-15 4.88E-15 5.66E-15 5.62E-15 5.38E-15
  8.96143    7  14 /pl=01:ss=66:pb= 1:sz=66/type=excit/ispb = t/isel =   40
 1.00E+10 1.00E+11 1.00E+12 1.00E+13 1.00E+14 1.00E+15 1.00E+16
 7.74E+01 1.16E+02 1.93E+02 3.87E+02 7.74E+02 1.93E+03 3.87E+03 5.80E+03
 7.74E+03 1.16E+04 1.93E+04 3.87E+04 7.74E+04 1.16E+05
 2.11E-18 6.72E-16 6.13E-14 1.57E-12 6.81E-12 1.35E-11 1.50E-11 1.50E-11
 1.46E-11 1.39E-11 1.27E-11 1.06E-11 8.65E-12 7.56E-12
 2.11E-18 6.72E-16 6.13E-14 1.57E-12 6.81E-12 1.35E-11 1.50E-11 1.50E-11
 1.46E-11 1.39E-11 1.27E-11 1.06E-11 8.65E-12 7.56E-12
 2.11E-18 6.72E-16 6.13E-14 1.57E-12 6.81E-12 1.35E-11 1.50E-11 1.50E-11
 1.46E-11 1.39E-11 1.27E-11 1.06E-11 8.65E-12 7.56E-12
 2.11E-18 6.72E-16 6.13E-14 1.57E-12 6.81E-12 1.35E-11 1.50E-11 1.50E-11
 1.46E-11 1.39E-11 1.27E-11 1.06E-11 8.65E-12 7.56E-12
 2.11E-18 6.72E-16 6.13E-14 1.57E-12 6.81E-12 1.35E-11 1.50E-11 1.50E-11
 1.46E-11 1.39E-11 1.27E-11 1.06E-11 8.65E-12 7.56E-12
 2.11E-18 6.72E-16 6.13E-14 1.57E-12 6.81E-12 1.35E-11 1.50E-11 1.50E-11
 1.46E-11 1.39E-11 1.27E-11 1.06E-11 8.65E-12 7.56E-12
 2.11E-18 6.72E-16 6.13E-14 1.57E-12 6.81E-12 1.35E-11 1.50E-11 1.50E-11
 1.46E-11 1.39E-11 1.27E-11 1.06E-11 8.65E-12 7.56E-12
  9.21503    7  14 /pl=01:ss=66:pb= 1:sz=66/type=excit/ispb = t/isel =   41
 1.00E+10 1.00E+11 1.00E+12 1.00E+13 1.00E+14 1.00E+15 1.00E+16
 7.74E+01 1.16E+02 1.93E+02 3.87E+02 7.74E+02 1.93E+03 3.87E+03 5.80E+03
 7.74E+03 1.16E+04 1.93E+04 3.87E+04 7.74E+04 1.16E+05
 1.00E-74 1.00E-74 1.00E-74 1.65E-29 1.13E-21 4.60E-17 1.33E-15 3.75E-15
 6.06E-15 9.31E-15 1.21E-14 1.30E-14 1.16E-14 1.04E-14
 1.00E-74 1.00E-74 1.00E-74 1.65E-29 1.13E-21 4.60E-17 1.33E-15 3.75E-15
 6.06E-15 9.31E-15 1.21E-14 1.30E-14 1.16E-14 1.04E-14
 1.00E-74 1.00E-74 1.00E-74 1.65E-29 1.13E-21 4.60E-17 1.33E-15 3.75E-15
 6.06E-15 9.31E-15 1.21E-14 1.30E-14 1.16E-14 1.04E-14
 1.00E-74 1.00E-74 2.91E-45 1.65E-29 1.13E-21 4.60E-17 1.33E-15 3.75E-15
 6.06E-15 9.31E-15 1.21E-14 1.30E-14 1.16E-14 1.04E-14
 1.00E-74 1.00E-74 2.62E-45 1.65E-29 1.13E-21 4.60E-17 1.33E-15 3.75E-15
 6.06E-15 9.31E-15 1.21E-14 1.30E-14 1.16E-14 1.04E-14
 1.00E-74 1.00E-74 2.62E-45 1.65E-29 1.13E-21 4.60E-17 1.33E-15 3.75E-15
 6.06E-15 9.31E-15 1.21E-14 1.30E-14 1.16E-14 1.04E-14
 1.00E-74 1.00E-74 2.62E-45 1.65E-29 1.13E-21 4.60E-17 1.33E-15 3.75E-15
 6.06E-15 9.31E-15 1.21E-14 1.30E-14 1.16E-14 1.04E-14
  9.21791    7  14 /pl=01:ss=66:pb= 1:sz=66/type=excit/ispb = t/isel =   42
 1.00E+10 1.00E+11 1.00E+12 1.00E+13 1.00E+14 1.00E+15 1.00E+16
 7.74E+01 1.16E+02 1.93E+02 3.87E+02 7.74E+02 1.93E+03 3.87E+03 5.80E+03
 7.74E+03 1.16E+04 1.93E+04 3.87E+04 7.74E+04 1.16E+05
 1.00E-74 1.00E-74 1.00E-74 2.30E-31 8.63E-23 9.50E-18 3.83E-16 1.23E-15
 2.14E-15 3.64E-15 5.39E-15 7.02E-15 7.82E-15 7.94E-15
 1.00E-74 1.00E-74 1.00E-74 2.30E-31 8.63E-23 9.50E-18 3.83E-16 1.23E-15
 2.14E-15 3.64E-15 5.39E-15 7.02E-15 7.82E-15 7.94E-15
 1.00E-74 1.00E-74 1.00E-74 2.30E-31 8.63E-23 9.50E-18 3.83E-16 1.23E-15
 2.14E-15 3.64E-15 5.39E-15 7.02E-15 7.82E-15 7.94E-15
 1.00E-74 1.00E-74 1.00E-74 2.30E-31 8.63E-23 9.50E-18 3.83E-16 1.23E-15
 2.14E-15 3.64E-15 5.39E-15 7.02E-15 7.82E-15 7.94E-15
 1.00E-74 1.00E-74 1.00E-74 2.30E-31 8.63E-23 9.50E-18 3.83E-16 1.23E-15
 2.14E-15 3.64E-15 5.39E-15 7.02E-15 7.82E-15 7.94E-15
 1.00E-74 1.00E-74 1.00E-74 2.30E-31 8.63E-23 9.50E-18 3.83E-16 1.23E-15
 2.14E-15 3.64E-15 5.39E-15 7.02E-15 7.82E-15 7.94E-15
 1.00E-74 1.00E-74 9.68E-49 2.30E-31 8.63E-23 9.50E-18 3.83E-16 1.23E-15
 2.14E-15 3.64E-15 5.39E-15 7.02E-15 7.82E-15 7.94E-15
  9.62665    7  14 /pl=01:ss=66:pb= 1:sz=66/type=excit/ispb = t/isel =   43
 1.00E+10 1.00E+11 1.00E+12 1.00E+13 1.00E+14 1.00E+15 1.00E+16
 7.74E+01 1.16E+02 1.93E+02 3.87E+02 7.74E+02 1.93E+03 3.87E+03 5.80E+03
 7.74E+03 1.16E+04 1.93E+04 3.87E+04 7.74E+04 1.16E+05
 1.00E-74 1.00E-74 1.00E-74 3.35E-31 1.17E-22 1.23E-17 4.84E-16 1.52E-15
 2.62E-15 4.31E-15 6.05E-15 7.17E-15 7.18E-15 6.89E-15
 1.00E-74 1.00E-74 1.00E-74 3.35E-31 1.17E-22 1.23E-17 4.84E-16 1.52E-15
 2.62E-15 4.31E-15 6.05E-15 7.17E-15 7.18E-15 6.89E-15
 1.00E-74 1.00E-74 1.00E-74 3.35E-31 1.17E-22 1.23E-17 4.84E-16 1.52E-15
 2.62E-15 4.31E-15 6.05E-15 7.17E-15 7.18E-15 6.89E-15
 1.00E-74 1.00E-74 1.00E-74 3.35E-31 1.17E-22 1.23E-17 4.84E-16 1.52E-15
 2.62E-15 4.31E-15 6.05E-15 7.17E-15 7.18E-15 6.89E-15
 1.00E-74 1.00E-74 1.00E-74 3.35E-31 1.17E-22 1.23E-17 4.84E-16 1.52E-15
 2.62E-15 4.31E-15 6.05E-15 7.17E-15 7.18E-15 6.89E-15
 1.00E-74 1.00E-74 1.00E-74 3.35E-31 1.17E-22 1.23E-17 4.84E-16 1.52E-15
 2.62E-15 4.31E-15 6.05E-15 7.17E-15 7.18E-15 6.89E-15
 1.00E-74 1.00E-74 2.32E-48 3.35E-31 1.17E-22 1.23E-17 4.84E-16 1.52E-15
 2.62E-15 4.31E-15 6.05E-15 7.17E-15 7.18E-15 6.89E-15
  10.0481    7  14 /pl=01:ss=66:pb= 1:sz=66/type=excit/ispb = t/isel =   44
 1.00E+10 1.00E+11 1.00E+12 1.00E+13 1.00E+14 1.00E+15 1.00E+16
 7.74E+01 1.16E+02 1.93E+02 3.87E+02 7.74E+02 1.93E+03 3.87E+03 5.80E+03
 7.74E+03 1.16E+04 1.93E+04 3.87E+04 7.74E+04 1.16E+05
 1.00E-74 1.00E-74 1.00E-74 2.54E-31 9.06E-23 9.50E-18 3.74E-16 1.18E-15
 2.00E-15 3.26E-15 4.45E-15 5.01E-15 4.60E-15 4.17E-15
 1.00E-74 1.00E-74 1.00E-74 2.54E-31 9.06E-23 9.50E-18 3.74E-16 1.18E-15
 2.00E-15 3.26E-15 4.45E-15 5.01E-15 4.60E-15 4.17E-15
 1.00E-74 1.00E-74 1.00E-74 2.54E-31 9.06E-23 9.50E-18 3.74E-16 1.18E-15
 2.00E-15 3.26E-15 4.45E-15 5.01E-15 4.60E-15 4.17E-15
 1.00E-74 1.00E-74 1.00E-74 2.54E-31 9.06E-23 9.50E-18 3.74E-16 1.18E-15
 2.00E-15 3.26E-15 4.45E-15 5.01E-15 4.60E-15 4.17E-15
 1.00E-74 1.00E-74 1.00E-74 2.54E-31 9.06E-23 9.50E-18 3.74E-16 1.18E-15
 2.00E-15 3.26E-15 4.45E-15 5.01E-15 4.60E-15 4.17E-15
 1.00E-74 1.00E-74 1.00E-74 2.54E-31 9.06E-23 9.50E-18 3.74E-16 1.18E-15
 2.00E-15 3.26E-15 4.45E-15 5.01E-15 4.60E-15 4.17E-15
 1.00E-74 1.00E-74 1.25E-48 2.54E-31 9.06E-23 9.50E-18 3.74E-16 1.18E-15
 2.00E-15 3.26E-15 4.45E-15 5.01E-15 4.60E-15 4.17E-15
  14.1894    7  14 /pl=01:ss=66:pb= 1:sz=66/type=excit/ispb = t/isel =   45
 1.00E+10 1.00E+11 1.00E+12 1.00E+13 1.00E+14 1.00E+15 1.00E+16
 7.74E+01 1.16E+02 1.93E+02 3.87E+02 7.74E+02 1.93E+03 3.87E+03 5.80E+03
 7.74E+03 1.16E+04 1.93E+04 3.87E+04 7.74E+04 1.16E+05
 1.00E-74 1.00E-74 1.00E-74 8.31E-31 1.56E-22 1.12E-17 3.88E-16 1.16E-15
 1.93E-15 3.05E-15 4.04E-15 4.34E-15 3.85E-15 3.43E-15
 1.00E-74 1.00E-74 1.00E-74 8.31E-31 1.56E-22 1.12E-17 3.88E-16 1.16E-15
 1.93E-15 3.05E-15 4.04E-15 4.34E-15 3.85E-15 3.43E-15
 1.00E-74 1.00E-74 1.00E-74 8.31E-31 1.56E-22 1.12E-17 3.88E-16 1.16E-15
 1.93E-15 3.05E-15 4.04E-15 4.34E-15 3.85E-15 3.43E-15
 1.00E-74 1.00E-74 1.00E-74 8.31E-31 1.56E-22 1.12E-17 3.88E-16 1.16E-15
 1.93E-15 3.05E-15 4.04E-15 4.34E-15 3.85E-15 3.43E-15
 1.00E-74 1.00E-74 1.00E-74 8.31E-31 1.56E-22 1.12E-17 3.88E-16 1.16E-15
 1.93E-15 3.05E-15 4.04E-15 4.34E-15 3.85E-15 3.43E-15
 1.00E-74 1.00E-74 1.59E-47 8.31E-31 1.56E-22 1.12E-17 3.88E-16 1.16E-15
 1.93E-15 3.05E-15 4.04E-15 4.34E-15 3.85E-15 3.43E-15
 1.00E-74 1.00E-74 1.70E-47 8.31E-31 1.56E-22 1.12E-17 3.88E-16 1.16E-15
 1.93E-15 3.05E-15 4.04E-15 4.34E-15 3.85E-15 3.43E-15
  14.9725    7  14 /pl=01:ss=66:pb= 1:sz=66/type=excit/ispb = t/isel =   46
 1.00E+10 1.00E+11 1.00E+12 1.00E+13 1.00E+14 1.00E+15 1.00E+16
 7.74E+01 1.16E+02 1.93E+02 3.87E+02 7.74E+02 1.93E+03 3.87E+03 5.80E+03
 7.74E+03 1.16E+04 1.93E+04 3.87E+04 7.74E+04 1.16E+05
 1.00E-74 1.00E-74 1.00E-74 1.77E-30 3.45E-22 2.55E-17 8.94E-16 2.71E-15
 4.57E-15 7.38E-15 1.02E-14 1.20E-14 1.20E-14 1.15E-14
 1.00E-74 1.00E-74 1.00E-74 1.77E-30 3.45E-22 2.55E-17 8.94E-16 2.71E-15
 4.57E-15 7.38E-15 1.02E-14 1.20E-14 1.20E-14 1.15E-14
 1.00E-74 1.00E-74 1.00E-74 1.77E-30 3.45E-22 2.55E-17 8.94E-16 2.71E-15
 4.57E-15 7.38E-15 1.02E-14 1.20E-14 1.20E-14 1.15E-14
 1.00E-74 1.00E-74 1.00E-74 1.77E-30 3.45E-22 2.55E-17 8.94E-16 2.71E-15
 4.57E-15 7.38E-15 1.02E-14 1.20E-14 1.20E-14 1.15E-14
 1.00E-74 1.00E-74 1.00E-74 1.77E-30 3.45E-22 2.55E-17 8.94E-16 2.71E-15
 4.57E-15 7.38E-15 1.02E-14 1.20E-14 1.20E-14 1.15E-14
 1.00E-74 1.00E-74 3.33E-47 1.77E-30 3.45E-22 2.55E-17 8.94E-16 2.71E-15
 4.57E-15 7.38E-15 1.02E-14 1.20E-14 1.20E-14 1.15E-14
 1.00E-74 1.00E-74 3.33E-47 1.77E-30 3.45E-22 2.55E-17 8.94E-16 2.71E-15
 4.57E-15 7.38E-15 1.02E-14 1.20E-14 1.20E-14 1.15E-14
  15.8963    7  14 /pl=01:ss=66:pb= 1:sz=66/type=excit/ispb = t/isel =   47
 1.00E+10 1.00E+11 1.00E+12 1.00E+13 1.00E+14 1.00E+15 1.00E+16
 7.74E+01 1.16E+02 1.93E+02 3.87E+02 7.74E+02 1.93E+03 3.87E+03 5.80E+03
 7.74E+03 1.16E+04 1.93E+04 3.87E+04 7.74E+04 1.16E+05
 1.00E-74 1.00E-74 1.00E-74 1.36E-30 2.70E-22 2.01E-17 7.04E-16 2.13E-15
 3.57E-15 5.68E-15 7.69E-15 8.54E-15 7.87E-15 7.11E-15
 1.00E-74 1.00E-74 1.00E-74 1.36E-30 2.70E-22 2.01E-17 7.04E-16 2.13E-15
 3.57E-15 5.68E-15 7.69E-15 8.54E-15 7.87E-15 7.11E-15
 1.00E-74 1.00E-74 1.00E-74 1.36E-30 2.70E-22 2.01E-17 7.04E-16 2.13E-15
 3.57E-15 5.68E-15 7.69E-15 8.54E-15 7.87E-15 7.11E-15
 1.00E-74 1.00E-74 1.00E-74 1.36E-30 2.70E-22 2.01E-17 7.04E-16 2.13E-15
 3.57E-15 5.68E-15 7.69E-15 8.54E-15 7.87E-15 7.11E-15
 1.00E-74 1.00E-74 1.00E-74 1.36E-30 2.70E-22 2.01E-17 7.04E-16 2.13E-15
 3.57E-15 5.68E-15 7.69E-15 8.54E-15 7.87E-15 7.11E-15
 1.00E-74 1.00E-74 2.02E-47 1.36E-30 2.70E-22 2.01E-17 7.04E-16 2.13E-15
 3.57E-15 5.68E-15 7.69E-15 8.54E-15 7.87E-15 7.11E-15
 1.00E-74 1.00E-74 2.42E-47 1.36E-30 2.70E-22 2.01E-17 7.04E-16 2.13E-15
 3.57E-15 5.68E-15 7.69E-15 8.54E-15 7.87E-15 7.11E-15
  17.0402    7  14 /pl=01:ss=66:pb= 1:sz=66/type=excit/ispb = t/isel =   48
 1.00E+10 1.00E+11 1.00E+12 1.00E+13 1.00E+14 1.00E+15 1.00E+16
 7.74E+01 1.16E+02 1.93E+02 3.87E+02 7.74E+02 1.93E+03 3.87E+03 5.80E+03
 7.74E+03 1.16E+04 1.93E+04 3.87E+04 7.74E+04 1.16E+05
 1.00E-74 1.00E-74 1.00E-74 7.30E-31 1.37E-22 9.88E-18 3.41E-16 1.02E-15
 1.70E-15 2.68E-15 3.55E-15 3.81E-15 3.38E-15 3.01E-15
 1.00E-74 1.00E-74 1.00E-74 7.30E-31 1.37E-22 9.88E-18 3.41E-16 1.02E-15
 1.70E-15 2.68E-15 3.55E-15 3.81E-15 3.38E-15 3.01E-15
 1.00E-74 1.00E-74 1.00E-74 7.30E-31 1.37E-22 9.88E-18 3.41E-16 1.02E-15
 1.70E-15 2.68E-15 3.55E-15 3.81E-15 3.38E-15 3.01E-15
 1.00E-74 1.00E-74 1.00E-74 7.30E-31 1.37E-22 9.88E-18 3.41E-16 1.02E-15
 1.70E-15 2.68E-15 3.55E-15 3.81E-15 3.38E-15 3.01E-15
 1.00E-74 1.00E-74 1.00E-74 7.30E-31 1.37E-22 9.88E-18 3.41E-16 1.02E-15
 1.70E-15 2.68E-15 3.55E-15 3.81E-15 3.38E-15 3.01E-15
 1.00E-74 1.00E-74 1.40E-47 7.30E-31 1.37E-22 9.88E-18 3.41E-16 1.02E-15
 1.70E-15 2.68E-15 3.55E-15 3.81E-15 3.38E-15 3.01E-15
 1.00E-74 1.00E-74 1.49E-47 7.30E-31 1.37E-22 9.88E-18 3.41E-16 1.02E-15
 1.70E-15 2.68E-15 3.55E-15 3.81E-15 3.38E-15 3.01E-15
  24.9757    7  14 /pl=01:ss=66:pb= 1:sz=66/type=excit/ispb = t/isel =   49
 1.00E+10 1.00E+11 1.00E+12 1.00E+13 1.00E+14 1.00E+15 1.00E+16
 7.74E+01 1.16E+02 1.93E+02 3.87E+02 7.74E+02 1.93E+03 3.87E+03 5.80E+03
 7.74E+03 1.16E+04 1.93E+04 3.87E+04 7.74E+04 1.16E+05
 1.00E-74 1.00E-74 1.00E-74 1.75E-31 6.11E-23 6.42E-18 2.52E-16 7.96E-16
 1.36E-15 2.25E-15 3.15E-15 3.74E-15 3.75E-15 3.59E-15
 1.00E-74 1.00E-74 1.00E-74 1.75E-31 6.11E-23 6.42E-18 2.52E-16 7.96E-16
 1.36E-15 2.25E-15 3.15E-15 3.74E-15 3.75E-15 3.59E-15
 1.00E-74 1.00E-74 1.00E-74 1.75E-31 6.11E-23 6.42E-18 2.52E-16 7.96E-16
 1.36E-15 2.25E-15 3.15E-15 3.74E-15 3.75E-15 3.59E-15
 1.00E-74 1.00E-74 1.00E-74 1.75E-31 6.11E-23 6.42E-18 2.52E-16 7.96E-16
 1.36E-15 2.25E-15 3.15E-15 3.74E-15 3.75E-15 3.59E-15
 1.00E-74 1.00E-74 1.00E-74 1.75E-31 6.11E-23 6.42E-18 2.52E-16 7.96E-16
 1.36E-15 2.25E-15 3.15E-15 3.74E-15 3.75E-15 3.59E-15
 1.00E-74 1.00E-74 1.00E-74 1.75E-31 6.11E-23 6.42E-18 2.52E-16 7.96E-16
 1.36E-15 2.25E-15 3.15E-15 3.74E-15 3.75E-15 3.59E-15
 1.00E-74 1.00E-74 1.21E-48 1.75E-31 6.11E-23 6.42E-18 2.52E-16 7.96E-16
 1.36E-15 2.25E-15 3.15E-15 3.74E-15 3.75E-15 3.59E-15
  31.2112    7  14 /pl=01:ss=66:pb= 1:sz=66/type=excit/ispb = t/isel =   50
 1.00E+10 1.00E+11 1.00E+12 1.00E+13 1.00E+14 1.00E+15 1.00E+16
 7.74E+01 1.16E+02 1.93E+02 3.87E+02 7.74E+02 1.93E+03 3.87E+03 5.80E+03
 7.74E+03 1.16E+04 1.93E+04 3.87E+04 7.74E+04 1.16E+05
 1.00E-74 1.00E-74 3.21E-33 1.04E-22 1.59E-17 1.70E-14 1.57E-13 3.12E-13
 4.28E-13 5.63E-13 6.57E-13 6.62E-13 5.88E-13 5.31E-13
 1.00E-74 1.00E-74 3.21E-33 1.04E-22 1.59E-17 1.70E-14 1.57E-13 3.12E-13
 4.28E-13 5.63E-13 6.57E-13 6.62E-13 5.88E-13 5.31E-13
 1.00E-74 1.00E-74 3.21E-33 1.04E-22 1.59E-17 1.70E-14 1.57E-13 3.12E-13
 4.28E-13 5.63E-13 6.57E-13 6.62E-13 5.88E-13 5.31E-13
 1.00E-74 1.00E-74 3.21E-33 1.04E-22 1.59E-17 1.70E-14 1.57E-13 3.12E-13
 4.28E-13 5.63E-13 6.57E-13 6.62E-13 5.88E-13 5.31E-13
 1.00E-74 2.87E-47 3.21E-33 1.04E-22 1.59E-17 1.70E-14 1.57E-13 3.12E-13
 4.28E-13 5.63E-13 6.57E-13 6.62E-13 5.88E-13 5.31E-13
 1.00E-74 2.49E-47 3.21E-33 1.04E-22 1.59E-17 1.70E-14 1.57E-13 3.12E-13
 4.28E-13 5.63E-13 6.57E-13 6.62E-13 5.88E-13 5.31E-13
 1.00E-74 2.53E-47 3.21E-33 1.04E-22 1.59E-17 1.70E-14 1.57E-13 3.12E-13
 4.28E-13 5.63E-13 6.57E-13 6.62E-13 5.88E-13 5.31E-13
c-------------------------------------------------------------------------------
 
C  root partition information
C  ==========================
C
C  nuclear charge : 74
C  ion charge+1   : 67
C
C  population calculation information
C  ----------------------------------
C
C  population processing code: adas810
C
C  adf04 source file    : adf04_copmm#74_ca_40#w66_t3.dat
C  adf18/a17_p208 file  : NULL
C
C  meta. ion. coeff. selector  : 
 
C  options  : lnorm =T  lpsel =F  lzsel =T  liosel=F
C           : lhsel =F  lrsel =F  lisel =F  lnsel =F
 
C  energy levels
C  -------------
C
C   lv      configuration    (2S+1)L(w-1/2)      energy (cm^-1)
C  ---   ------------------- --------------      --------------
c    1   22543                  (0)0(  7.0)             0.0
c    2   12553                  (0)0(  5.5)      11158929.6
c    3   63                     (0)0(  0.0)      22801295.7
c    4   22533514               (0)0( 19.5)      73386243.9
c    5   22533515               (0)0( 59.5)      76590220.8
c    6   22533516               (0)0( 98.5)      79120641.3
c    7   12543515               (0)0( 89.5)      87413617.7
c    8   12543516               (0)0(149.5)      89939604.8
c    9   22533517               (0)0( 19.5)     101326908.6
c   10   22533518               (0)0( 59.5)     102646422.3
c   11   22533519               (0)0( 98.5)     103671895.1
c   12   2253351A               (0)0(139.5)     104111886.6
c   13   12543518               (0)0( 89.5)     113455663.2
c   14   2253351B               (0)0( 19.5)     113860187.6
c   15   12543519               (0)0(149.5)     114479138.7
c   16   2253351C               (0)0( 59.5)     114523735.9
c   17   2253351D               (0)0( 98.5)     115039215.7
c   18   2253351E               (0)0(139.5)     115261269.1
c   19   2253351G               (0)0( 19.5)     120528558.8
c   20   2253351H               (0)0( 59.5)     120907679.1
c   21   2253351I               (0)0( 98.5)     121202652.8
c   22   2253351J               (0)0(139.5)     121329991.9
c   23   2253351M               (0)0( 19.5)     124490721.3
c   24   2253351N               (0)0( 59.5)     124727238.0
c   25   2253351O               (0)0( 98.5)     124911563.7
c   26   2253351P               (0)0(139.5)     124991298.8
c   27   1254351C               (0)0( 89.5)     125327588.6
c   28   1254351D               (0)0(149.5)     125842047.9
 
 
 
c-------------------------------------------------------------------------------
 
C  superstage partition information
C  ================================
C
C  element symbol   : W
C  parent template  : 
C  partition level  :  1
C  superstage label : 66
C
C  tabulation       : photon emissivity coefft (te,ne)
C  units            : ph. emis coef(cm^3 s^-1); te (ev); ne (cm^-3)
C
C  photon emissivity atomic transitions
C  ------------------------------------
C  
C   isel  wvlen(A)            transition                type  ispb nspb
C                                                             ispp nspp sz    tg pr wr
C  ----- ---------- ----------------------------------- ----- ---- ---- --    -- -- --
C      1   1.11186    8(0)0(149.5)-  1(0)0(  7.0)       excit   1    1  66    22 32  1
C      2   1.14399    7(0)0( 89.5)-  1(0)0(  7.0)       excit   1    1  66    21  6  2
C      3   1.26389    6(0)0( 98.5)-  1(0)0(  7.0)       excit   1    1  66     3  2  3
C      4   1.26935    8(0)0(149.5)-  2(0)0(  5.5)       excit   1    1  66   180  5  4
C      5   1.30565    5(0)0( 59.5)-  1(0)0(  7.0)       excit   1    1  66     2  3  5
C      6   1.31139    7(0)0( 89.5)-  2(0)0(  5.5)       excit   1    1  66   179 47  6
C      7   1.36265    4(0)0( 19.5)-  1(0)0(  7.0)       excit   1    1  66     1  4  7
C      8   1.94776   24(0)0( 59.5)-  4(0)0( 19.5)       excit   1    1  66    39 35  8
C      9   2.06948   25(0)0( 98.5)-  5(0)0( 59.5)       excit   1    1  66    56 19  9
C     10   2.10431   20(0)0( 59.5)-  4(0)0( 19.5)       excit   1    1  66    36 26 10
C     11   2.18004   26(0)0(139.5)-  6(0)0( 98.5)       excit   1    1  66    73 28 11
C     12   2.24153   21(0)0( 98.5)-  5(0)0( 59.5)       excit   1    1  66    52 14 12
C     13   2.36914   22(0)0(139.5)-  6(0)0( 98.5)       excit   1    1  66    69 22 13
C     14   2.43087   16(0)0( 59.5)-  4(0)0( 19.5)       excit   1    1  66    33 16 14
C     15   2.60085   17(0)0( 98.5)-  5(0)0( 59.5)       excit   1    1  66    48 11 15
C     16   2.60224   28(0)0(149.5)-  7(0)0( 89.5)       excit   1    1  66   190 21 16
C     17   2.68313   14(0)0( 19.5)-  5(0)0( 59.5)       excit   1    1  66    46 39 17
C     18   2.76697   18(0)0(139.5)-  6(0)0( 98.5)       excit   1    1  66    65 15 18
C     19   2.82461   16(0)0( 59.5)-  6(0)0( 98.5)       excit   1    1  66    63 33 19
C     20   2.82582   27(0)0( 89.5)-  8(0)0(149.5)       excit   1    1  66   193 42 20
C     21   3.41761   10(0)0( 59.5)-  4(0)0( 19.5)       excit   1    1  66    30  9 21
C     22   3.69253   11(0)0( 98.5)-  5(0)0( 59.5)       excit   1    1  66    44  8 22
C     23   3.69474   15(0)0(149.5)-  7(0)0( 89.5)       excit   1    1  66   188 12 23
C     24   4.00140   12(0)0(139.5)-  6(0)0( 98.5)       excit   1    1  66    61 10 24
C     25   4.04258    9(0)0( 19.5)-  5(0)0( 59.5)       excit   1    1  66    42 18 25
C     26   4.25066   10(0)0( 59.5)-  6(0)0( 98.5)       excit   1    1  66    59 13 26
C     27   4.25241   13(0)0( 89.5)-  8(0)0(149.5)       excit   1    1  66   191 24 27
C     28   4.27344   24(0)0( 59.5)-  9(0)0( 19.5)       excit   1    1  66    83 45 28
C     29   4.49133   25(0)0( 98.5)- 10(0)0( 59.5)       excit   1    1  66    97 29 29
C     30   4.69056   26(0)0(139.5)- 11(0)0( 98.5)       excit   1    1  66   111 37 30
C     31   5.10705   20(0)0( 59.5)-  9(0)0( 19.5)       excit   1    1  66    80 36 31
C     32   5.38903   21(0)0( 98.5)- 10(0)0( 59.5)       excit   1    1  66    93 23 32
C     33   5.66312   22(0)0(139.5)- 11(0)0( 98.5)       excit   1    1  66   107 27 33
C     34   5.80188   20(0)0( 59.5)- 11(0)0( 98.5)       excit   1    1  66   105 48 34
C     35   7.57758   16(0)0( 59.5)-  9(0)0( 19.5)       excit   1    1  66    77 25 35
C     36   8.06921   17(0)0( 98.5)- 10(0)0( 59.5)       excit   1    1  66    89 17 36
C     37   8.07338   28(0)0(149.5)- 13(0)0( 89.5)       excit   1    1  66   197 34 37
C     38   8.62859   18(0)0(139.5)- 11(0)0( 98.5)       excit   1    1  66   103 20 38
C     39   8.91761   14(0)0( 19.5)- 10(0)0( 59.5)       excit   1    1  66    87 43 39
C     40   8.96143    2(0)0(  5.5)-  1(0)0(  7.0)       excit   1    1  66    20  1 40
C     41   9.21503   16(0)0( 59.5)- 11(0)0( 98.5)       excit   1    1  66   101 30 41
C     42   9.21791   27(0)0( 89.5)- 15(0)0(149.5)       excit   1    1  66   198 40 42
C     43   9.62665   25(0)0( 98.5)- 16(0)0( 59.5)       excit   1    1  66   137 41 43
C     44   10.0481   26(0)0(139.5)- 17(0)0( 98.5)       excit   1    1  66   147 44 44
C     45   14.1894   20(0)0( 59.5)- 14(0)0( 19.5)       excit   1    1  66   124 46 45
C     46   14.9725   21(0)0( 98.5)- 16(0)0( 59.5)       excit   1    1  66   133 31 46
C     47   15.8963   22(0)0(139.5)- 17(0)0( 98.5)       excit   1    1  66   143 38 47
C     48   17.0402   20(0)0( 59.5)- 17(0)0( 98.5)       excit   1    1  66   141 49 48
C     49   24.9757   25(0)0( 98.5)- 20(0)0( 59.5)       excit   1    1  66   164 50 49
C     50   31.2112    5(0)0( 59.5)-  4(0)0( 19.5)       excit   1    1  66    27  7 50
c-------------------------------------------------------------------------------
                                                                                
C  code     : adas810
C  producer : Adam Foster
C  date     : 15/05/09
                                                                                
c-------------------------------------------------------------------------------

C-----------------------------------------------------------------------
C                               OPEN-ADAS
C                               +++++++++
C
C This file has been downloaded from OPEN-ADAS (http://open.adas.ac.uk)
C on 26-Mar-2025.
C
C TERMS AND CONDITIONS
C --------------------
C
C The user of the OPEN-ADAS system and data (hereinafter "the User")
C accepts the following terms and conditions:
C
C   1. The University of Strathclyde uses all reasonable endeavours to
C      ensure the accuracy of the data provided and any information
C      given, but the University makes no warranty, expressed or implied
C      as to its accuracy, integrity, fitness for purpose and shall not
C      be responsible for the use to which the data is put by the User
C      and/or any consequences arising out of any inaccuracies or
C      omissions.
C
C   2. Any downloaded OPEN-ADAS file is made available for the
C      personal use of the User only.  It must not be used for any
C      commercial application, incorporated into any web site or in
C      any form re-distributed without express prior written permission
C      from the ADAS Project. In particular, but not by way of
C      limitation, it must not be:
C        *  inserted into a managed database structure,
C        *  redistributed along with a modelling or analysis code,
C        *  made available on a public website.
C
C Permission for OPEN-ADAS data incorporation in non-commercial
C code/system development for scientific advance will not be
C unreasonably withheld, but will be subject to written agreement
C on a case by case basis.
C
C The User will indemnify the University of Strathclyde and keep it
C fully and effectively indemnified against each and every claim made
C against the University as a result of the User's use of the data.
C
C-----------------------------------------------------------------------
