   50    /W :32 photon emissivity coefficients/
--------------------------------------------------------------------------------
    1    1    1    1    1    1    1    1    1    1    1    1    1    1
    1    1    1    1    1    1    1    1    1    1    1    1    1    1
    1    1    1    1    1    1    1    1    1    1    1    1    1    1
    1    1    1    1    1    1    1    1    1    1    1    1    1    1
    1    1    1    1    1    1    1    1    1    1    1    1    1    1
    1    1    1    1    1
--------------------------------------------------------------------------------
//#01/p00/ 00/p01/ 01/p02/ 02/p03/ 03/p04/ 04/p05/ 05/p06/ 06/p07/ 07/p08/ 08/  
      p09/ 09/p10/ 10/p11/ 11/p12/ 12/p13/ 13/p14/ 14/p15/ 15/p16/ 16/p17/ 17/  
      p18/ 18/p19/ 19/p20/ 20/p21/ 21/p22/ 22/p23/ 23/p24/ 24/p25/ 25/p26/ 26/  
      p27/ 27/p28/ 28/p29/ 29/p30/ 30/p31/ 31/p32/ 32/p33/ 33/p34/ 34/p35/ 35/  
      p36/ 36/p37/ 37/p38/ 38/p39/ 39/p40/ 40/p41/ 41/p42/ 42/p43/ 43/p44/ 44/  
      p45/ 45/p46/ 46/p47/ 47/p48/ 48/p49/ 49/p50/ 50/p51/ 51/p52/ 52/p53/ 53/  
      p54/ 54/p55/ 55/p56/ 56/p57/ 57/p58/ 58/p59/ 59/p60/ 60/p61/ 61/p62/ 62/  
      p63/ 63/p64/ 64/p65/ 65/p66/ 66/p67/ 67/p68/ 68/p69/ 69/p70/ 70/p71/ 71/  
      p72/ 72/p73/ 73/p74/ 74/                                                  
--------------------------------------------------------------------------------
  49.0018    7  14 /pl=01:ss=32:pb= 1:sz=32/type=excit/ispb = t/isel =    1
 1.00E+10 1.00E+11 1.00E+12 1.00E+13 1.00E+14 1.00E+15 1.00E+16
 1.88E+01 2.82E+01 4.69E+01 9.38E+01 1.88E+02 4.69E+02 9.38E+02 1.41E+03
 1.88E+03 2.82E+03 4.69E+03 9.38E+03 1.88E+04 2.82E+04
 9.63E-16 7.06E-14 2.00E-12 2.08E-11 5.59E-11 8.38E-11 8.74E-11 8.56E-11
 8.32E-11 7.91E-11 7.29E-11 6.36E-11 5.41E-11 4.88E-11
 9.63E-16 7.06E-14 1.99E-12 2.07E-11 5.50E-11 8.08E-11 8.28E-11 8.02E-11
 7.73E-11 7.26E-11 6.59E-11 5.63E-11 4.71E-11 4.21E-11
 9.63E-16 7.05E-14 1.99E-12 2.05E-11 5.39E-11 7.90E-11 8.10E-11 7.84E-11
 7.56E-11 7.09E-11 6.42E-11 5.46E-11 4.53E-11 4.03E-11
 9.66E-16 7.03E-14 1.96E-12 1.89E-11 4.63E-11 6.61E-11 6.81E-11 6.65E-11
 6.45E-11 6.11E-11 5.61E-11 4.87E-11 4.12E-11 3.70E-11
 9.63E-16 6.65E-14 1.68E-12 1.35E-11 3.24E-11 4.74E-11 4.92E-11 4.80E-11
 4.65E-11 4.39E-11 4.01E-11 3.46E-11 2.93E-11 2.63E-11
 8.58E-16 5.31E-14 1.26E-12 1.12E-11 2.89E-11 4.33E-11 4.50E-11 4.38E-11
 4.23E-11 3.98E-11 3.61E-11 3.07E-11 2.55E-11 2.27E-11
 8.08E-16 4.84E-14 1.16E-12 1.09E-11 2.84E-11 4.26E-11 4.41E-11 4.29E-11
 4.14E-11 3.89E-11 3.52E-11 2.99E-11 2.48E-11 2.20E-11
  49.8338    7  14 /pl=01:ss=32:pb= 1:sz=32/type=excit/ispb = t/isel =    2
 1.00E+10 1.00E+11 1.00E+12 1.00E+13 1.00E+14 1.00E+15 1.00E+16
 1.88E+01 2.82E+01 4.69E+01 9.38E+01 1.88E+02 4.69E+02 9.38E+02 1.41E+03
 1.88E+03 2.82E+03 4.69E+03 9.38E+03 1.88E+04 2.82E+04
 2.88E-16 2.11E-14 5.97E-13 6.22E-12 1.67E-11 2.50E-11 2.61E-11 2.56E-11
 2.49E-11 2.36E-11 2.18E-11 1.90E-11 1.62E-11 1.46E-11
 2.88E-16 2.11E-14 5.96E-13 6.19E-12 1.65E-11 2.42E-11 2.48E-11 2.40E-11
 2.31E-11 2.17E-11 1.97E-11 1.68E-11 1.41E-11 1.26E-11
 2.88E-16 2.11E-14 5.95E-13 6.13E-12 1.61E-11 2.36E-11 2.42E-11 2.34E-11
 2.26E-11 2.12E-11 1.92E-11 1.63E-11 1.35E-11 1.21E-11
 2.89E-16 2.10E-14 5.86E-13 5.65E-12 1.38E-11 1.98E-11 2.04E-11 1.99E-11
 1.93E-11 1.83E-11 1.68E-11 1.46E-11 1.23E-11 1.11E-11
 2.88E-16 1.99E-14 5.03E-13 4.05E-12 9.69E-12 1.42E-11 1.47E-11 1.44E-11
 1.39E-11 1.31E-11 1.20E-11 1.04E-11 8.75E-12 7.87E-12
 2.57E-16 1.59E-14 3.75E-13 3.34E-12 8.63E-12 1.29E-11 1.34E-11 1.31E-11
 1.26E-11 1.19E-11 1.08E-11 9.18E-12 7.62E-12 6.77E-12
 2.42E-16 1.45E-14 3.47E-13 3.25E-12 8.49E-12 1.27E-11 1.32E-11 1.28E-11
 1.24E-11 1.16E-11 1.05E-11 8.94E-12 7.41E-12 6.57E-12
  49.9099    7  14 /pl=01:ss=32:pb= 1:sz=32/type=excit/ispb = t/isel =    3
 1.00E+10 1.00E+11 1.00E+12 1.00E+13 1.00E+14 1.00E+15 1.00E+16
 1.88E+01 2.82E+01 4.69E+01 9.38E+01 1.88E+02 4.69E+02 9.38E+02 1.41E+03
 1.88E+03 2.82E+03 4.69E+03 9.38E+03 1.88E+04 2.82E+04
 5.91E-16 4.37E-14 1.25E-12 1.31E-11 3.53E-11 5.33E-11 5.59E-11 5.49E-11
 5.31E-11 5.06E-11 4.66E-11 4.06E-11 3.46E-11 3.12E-11
 5.92E-16 4.37E-14 1.25E-12 1.31E-11 3.52E-11 5.23E-11 5.39E-11 5.23E-11
 5.02E-11 4.72E-11 4.28E-11 3.64E-11 3.05E-11 2.72E-11
 5.95E-16 4.40E-14 1.26E-12 1.36E-11 3.79E-11 5.83E-11 6.03E-11 5.84E-11
 5.59E-11 5.22E-11 4.68E-11 3.91E-11 3.20E-11 2.82E-11
 6.30E-16 4.65E-14 1.37E-12 1.62E-11 4.58E-11 6.96E-11 7.25E-11 7.07E-11
 6.82E-11 6.42E-11 5.81E-11 4.93E-11 4.05E-11 3.58E-11
 8.33E-16 5.90E-14 1.66E-12 1.55E-11 3.84E-11 5.67E-11 5.90E-11 5.76E-11
 5.57E-11 5.26E-11 4.80E-11 4.13E-11 3.47E-11 3.12E-11
 9.64E-16 6.06E-14 1.47E-12 1.34E-11 3.49E-11 5.25E-11 5.47E-11 5.33E-11
 5.14E-11 4.83E-11 4.38E-11 3.72E-11 3.08E-11 2.75E-11
 9.49E-16 5.76E-14 1.39E-12 1.31E-11 3.44E-11 5.17E-11 5.37E-11 5.22E-11
 5.04E-11 4.73E-11 4.28E-11 3.63E-11 3.00E-11 2.67E-11
  49.9790    7  14 /pl=01:ss=32:pb= 1:sz=32/type=excit/ispb = t/isel =    4
 1.00E+10 1.00E+11 1.00E+12 1.00E+13 1.00E+14 1.00E+15 1.00E+16
 1.88E+01 2.82E+01 4.69E+01 9.38E+01 1.88E+02 4.69E+02 9.38E+02 1.41E+03
 1.88E+03 2.82E+03 4.69E+03 9.38E+03 1.88E+04 2.82E+04
 7.08E-16 4.76E-14 1.26E-12 1.24E-11 3.24E-11 4.79E-11 4.97E-11 4.87E-11
 4.71E-11 4.48E-11 4.13E-11 3.60E-11 3.06E-11 2.77E-11
 7.08E-16 4.76E-14 1.25E-12 1.23E-11 3.17E-11 4.58E-11 4.66E-11 4.52E-11
 4.33E-11 4.08E-11 3.70E-11 3.17E-11 2.65E-11 2.38E-11
 7.06E-16 4.74E-14 1.24E-12 1.19E-11 2.93E-11 4.12E-11 4.18E-11 4.06E-11
 3.90E-11 3.68E-11 3.36E-11 2.88E-11 2.42E-11 2.17E-11
 6.84E-16 4.56E-14 1.15E-12 9.05E-12 1.86E-11 2.42E-11 2.46E-11 2.41E-11
 2.34E-11 2.24E-11 2.09E-11 1.87E-11 1.64E-11 1.51E-11
 5.46E-16 3.43E-14 7.31E-13 4.41E-12 9.58E-12 1.35E-11 1.40E-11 1.36E-11
 1.32E-11 1.25E-11 1.14E-11 9.93E-12 8.48E-12 7.70E-12
 3.33E-16 1.89E-14 4.00E-13 3.22E-12 8.03E-12 1.19E-11 1.23E-11 1.19E-11
 1.15E-11 1.08E-11 9.80E-12 8.34E-12 6.93E-12 6.17E-12
 2.81E-16 1.54E-14 3.47E-13 3.08E-12 7.85E-12 1.16E-11 1.20E-11 1.16E-11
 1.12E-11 1.05E-11 9.51E-12 8.07E-12 6.68E-12 5.94E-12
  50.0398    7  14 /pl=01:ss=32:pb= 1:sz=32/type=excit/ispb = t/isel =    5
 1.00E+10 1.00E+11 1.00E+12 1.00E+13 1.00E+14 1.00E+15 1.00E+16
 1.88E+01 2.82E+01 4.69E+01 9.38E+01 1.88E+02 4.69E+02 9.38E+02 1.41E+03
 1.88E+03 2.82E+03 4.69E+03 9.38E+03 1.88E+04 2.82E+04
 1.04E-15 7.61E-14 2.15E-12 2.24E-11 6.03E-11 9.03E-11 9.42E-11 9.23E-11
 8.98E-11 8.53E-11 7.86E-11 6.85E-11 5.83E-11 5.26E-11
 1.04E-15 7.61E-14 2.15E-12 2.23E-11 5.93E-11 8.72E-11 8.93E-11 8.65E-11
 8.34E-11 7.83E-11 7.10E-11 6.07E-11 5.07E-11 4.54E-11
 1.04E-15 7.61E-14 2.15E-12 2.21E-11 5.82E-11 8.52E-11 8.73E-11 8.46E-11
 8.15E-11 7.64E-11 6.92E-11 5.89E-11 4.89E-11 4.35E-11
 1.04E-15 7.58E-14 2.11E-12 2.04E-11 4.99E-11 7.13E-11 7.35E-11 7.17E-11
 6.96E-11 6.59E-11 6.05E-11 5.25E-11 4.44E-11 3.99E-11
 1.04E-15 7.18E-14 1.81E-12 1.46E-11 3.49E-11 5.11E-11 5.30E-11 5.18E-11
 5.01E-11 4.73E-11 4.33E-11 3.73E-11 3.16E-11 2.84E-11
 9.25E-16 5.73E-14 1.35E-12 1.21E-11 3.11E-11 4.67E-11 4.85E-11 4.72E-11
 4.56E-11 4.29E-11 3.89E-11 3.31E-11 2.75E-11 2.44E-11
 8.72E-16 5.22E-14 1.25E-12 1.17E-11 3.06E-11 4.59E-11 4.76E-11 4.63E-11
 4.46E-11 4.19E-11 3.80E-11 3.22E-11 2.67E-11 2.37E-11
  50.5807    7  14 /pl=01:ss=32:pb= 1:sz=32/type=excit/ispb = t/isel =    6
 1.00E+10 1.00E+11 1.00E+12 1.00E+13 1.00E+14 1.00E+15 1.00E+16
 1.88E+01 2.82E+01 4.69E+01 9.38E+01 1.88E+02 4.69E+02 9.38E+02 1.41E+03
 1.88E+03 2.82E+03 4.69E+03 9.38E+03 1.88E+04 2.82E+04
 5.12E-16 3.27E-14 8.27E-13 7.92E-12 2.05E-11 3.02E-11 3.13E-11 3.07E-11
 2.98E-11 2.83E-11 2.60E-11 2.26E-11 1.92E-11 1.73E-11
 5.12E-16 3.27E-14 8.27E-13 7.91E-12 2.03E-11 2.94E-11 2.99E-11 2.90E-11
 2.79E-11 2.62E-11 2.36E-11 2.01E-11 1.68E-11 1.50E-11
 5.15E-16 3.29E-14 8.32E-13 8.01E-12 2.08E-11 3.04E-11 3.10E-11 3.00E-11
 2.89E-11 2.70E-11 2.42E-11 2.04E-11 1.68E-11 1.49E-11
 5.39E-16 3.43E-14 8.68E-13 8.23E-12 2.00E-11 2.81E-11 2.87E-11 2.80E-11
 2.71E-11 2.56E-11 2.34E-11 2.02E-11 1.70E-11 1.52E-11
 6.27E-16 3.74E-14 8.46E-13 6.42E-12 1.51E-11 2.17E-11 2.23E-11 2.17E-11
 2.10E-11 1.97E-11 1.79E-11 1.54E-11 1.29E-11 1.16E-11
 6.04E-16 3.22E-14 6.85E-13 5.73E-12 1.42E-11 2.07E-11 2.13E-11 2.07E-11
 1.99E-11 1.87E-11 1.69E-11 1.44E-11 1.19E-11 1.06E-11
 5.97E-16 3.11E-14 6.63E-13 5.67E-12 1.41E-11 2.05E-11 2.10E-11 2.04E-11
 1.96E-11 1.84E-11 1.66E-11 1.41E-11 1.17E-11 1.04E-11
  50.9336    7  14 /pl=01:ss=32:pb= 1:sz=32/type=excit/ispb = t/isel =    7
 1.00E+10 1.00E+11 1.00E+12 1.00E+13 1.00E+14 1.00E+15 1.00E+16
 1.88E+01 2.82E+01 4.69E+01 9.38E+01 1.88E+02 4.69E+02 9.38E+02 1.41E+03
 1.88E+03 2.82E+03 4.69E+03 9.38E+03 1.88E+04 2.82E+04
 1.24E-15 7.63E-14 1.89E-12 1.77E-11 4.54E-11 6.63E-11 6.86E-11 6.71E-11
 6.53E-11 6.19E-11 5.69E-11 4.96E-11 4.21E-11 3.79E-11
 1.24E-15 7.62E-14 1.88E-12 1.76E-11 4.44E-11 6.34E-11 6.44E-11 6.23E-11
 6.00E-11 5.63E-11 5.10E-11 4.36E-11 3.64E-11 3.26E-11
 1.23E-15 7.59E-14 1.87E-12 1.69E-11 4.09E-11 5.66E-11 5.73E-11 5.55E-11
 5.36E-11 5.04E-11 4.59E-11 3.95E-11 3.31E-11 2.96E-11
 1.19E-15 7.29E-14 1.72E-12 1.27E-11 2.50E-11 3.19E-11 3.23E-11 3.16E-11
 3.08E-11 2.95E-11 2.75E-11 2.47E-11 2.16E-11 1.99E-11
 9.36E-16 5.37E-14 1.06E-12 6.10E-12 1.32E-11 1.87E-11 1.93E-11 1.88E-11
 1.82E-11 1.71E-11 1.56E-11 1.35E-11 1.14E-11 1.03E-11
 5.86E-16 3.03E-14 6.10E-13 4.81E-12 1.18E-11 1.72E-11 1.78E-11 1.73E-11
 1.67E-11 1.56E-11 1.41E-11 1.20E-11 9.93E-12 8.82E-12
 5.33E-16 2.68E-14 5.60E-13 4.70E-12 1.16E-11 1.70E-11 1.75E-11 1.70E-11
 1.64E-11 1.53E-11 1.38E-11 1.17E-11 9.69E-12 8.59E-12
  51.4676    7  14 /pl=01:ss=32:pb= 1:sz=32/type=excit/ispb = t/isel =    8
 1.00E+10 1.00E+11 1.00E+12 1.00E+13 1.00E+14 1.00E+15 1.00E+16
 1.88E+01 2.82E+01 4.69E+01 9.38E+01 1.88E+02 4.69E+02 9.38E+02 1.41E+03
 1.88E+03 2.82E+03 4.69E+03 9.38E+03 1.88E+04 2.82E+04
 1.00E-15 6.41E-14 1.62E-12 1.55E-11 4.01E-11 5.91E-11 6.12E-11 6.01E-11
 5.83E-11 5.54E-11 5.09E-11 4.42E-11 3.75E-11 3.38E-11
 1.00E-15 6.41E-14 1.62E-12 1.55E-11 3.97E-11 5.75E-11 5.85E-11 5.67E-11
 5.46E-11 5.12E-11 4.63E-11 3.94E-11 3.28E-11 2.93E-11
 1.01E-15 6.44E-14 1.63E-12 1.57E-11 4.07E-11 5.95E-11 6.07E-11 5.88E-11
 5.65E-11 5.28E-11 4.75E-11 4.00E-11 3.29E-11 2.91E-11
 1.06E-15 6.70E-14 1.70E-12 1.61E-11 3.91E-11 5.49E-11 5.62E-11 5.47E-11
 5.30E-11 5.00E-11 4.57E-11 3.95E-11 3.32E-11 2.97E-11
 1.23E-15 7.31E-14 1.66E-12 1.26E-11 2.96E-11 4.25E-11 4.37E-11 4.25E-11
 4.11E-11 3.86E-11 3.51E-11 3.01E-11 2.52E-11 2.26E-11
 1.18E-15 6.30E-14 1.34E-12 1.12E-11 2.78E-11 4.06E-11 4.17E-11 4.05E-11
 3.90E-11 3.66E-11 3.31E-11 2.81E-11 2.33E-11 2.07E-11
 1.17E-15 6.08E-14 1.30E-12 1.11E-11 2.76E-11 4.01E-11 4.11E-11 3.98E-11
 3.84E-11 3.60E-11 3.25E-11 2.76E-11 2.29E-11 2.03E-11
  51.5451    7  14 /pl=01:ss=32:pb= 1:sz=32/type=excit/ispb = t/isel =    9
 1.00E+10 1.00E+11 1.00E+12 1.00E+13 1.00E+14 1.00E+15 1.00E+16
 1.88E+01 2.82E+01 4.69E+01 9.38E+01 1.88E+02 4.69E+02 9.38E+02 1.41E+03
 1.88E+03 2.82E+03 4.69E+03 9.38E+03 1.88E+04 2.82E+04
 3.22E-16 2.36E-14 6.67E-13 6.95E-12 1.87E-11 2.80E-11 2.92E-11 2.86E-11
 2.78E-11 2.64E-11 2.44E-11 2.12E-11 1.81E-11 1.63E-11
 3.22E-16 2.36E-14 6.67E-13 6.92E-12 1.84E-11 2.70E-11 2.77E-11 2.68E-11
 2.59E-11 2.43E-11 2.20E-11 1.88E-11 1.57E-11 1.41E-11
 3.22E-16 2.36E-14 6.66E-13 6.85E-12 1.80E-11 2.64E-11 2.71E-11 2.62E-11
 2.53E-11 2.37E-11 2.15E-11 1.83E-11 1.51E-11 1.35E-11
 3.23E-16 2.35E-14 6.55E-13 6.31E-12 1.55E-11 2.21E-11 2.28E-11 2.22E-11
 2.16E-11 2.04E-11 1.88E-11 1.63E-11 1.38E-11 1.24E-11
 3.22E-16 2.22E-14 5.63E-13 4.53E-12 1.08E-11 1.58E-11 1.64E-11 1.60E-11
 1.55E-11 1.47E-11 1.34E-11 1.16E-11 9.78E-12 8.80E-12
 2.87E-16 1.78E-14 4.20E-13 3.74E-12 9.65E-12 1.45E-11 1.50E-11 1.46E-11
 1.41E-11 1.33E-11 1.21E-11 1.03E-11 8.52E-12 7.57E-12
 2.70E-16 1.62E-14 3.88E-13 3.64E-12 9.49E-12 1.42E-11 1.47E-11 1.43E-11
 1.38E-11 1.30E-11 1.18E-11 9.99E-12 8.28E-12 7.35E-12
  51.5826    7  14 /pl=01:ss=32:pb= 1:sz=32/type=excit/ispb = t/isel =   10
 1.00E+10 1.00E+11 1.00E+12 1.00E+13 1.00E+14 1.00E+15 1.00E+16
 1.88E+01 2.82E+01 4.69E+01 9.38E+01 1.88E+02 4.69E+02 9.38E+02 1.41E+03
 1.88E+03 2.82E+03 4.69E+03 9.38E+03 1.88E+04 2.82E+04
 1.47E-15 8.62E-14 2.04E-12 1.85E-11 4.66E-11 6.72E-11 6.90E-11 6.73E-11
 6.55E-11 6.20E-11 5.70E-11 4.96E-11 4.23E-11 3.81E-11
 1.47E-15 8.61E-14 2.04E-12 1.84E-11 4.57E-11 6.46E-11 6.50E-11 6.28E-11
 6.05E-11 5.66E-11 5.13E-11 4.38E-11 3.67E-11 3.28E-11
 1.47E-15 8.60E-14 2.03E-12 1.80E-11 4.37E-11 6.07E-11 6.11E-11 5.90E-11
 5.70E-11 5.33E-11 4.83E-11 4.12E-11 3.44E-11 3.07E-11
 1.45E-15 8.42E-14 1.94E-12 1.55E-11 3.47E-11 4.75E-11 4.83E-11 4.69E-11
 4.54E-11 4.29E-11 3.92E-11 3.39E-11 2.87E-11 2.59E-11
 1.37E-15 7.48E-14 1.57E-12 1.14E-11 2.66E-11 3.78E-11 3.88E-11 3.77E-11
 3.64E-11 3.42E-11 3.11E-11 2.66E-11 2.23E-11 2.00E-11
 1.31E-15 6.48E-14 1.29E-12 1.02E-11 2.47E-11 3.57E-11 3.66E-11 3.55E-11
 3.42E-11 3.21E-11 2.90E-11 2.46E-11 2.04E-11 1.82E-11
 1.31E-15 6.25E-14 1.24E-12 1.00E-11 2.44E-11 3.52E-11 3.60E-11 3.49E-11
 3.36E-11 3.15E-11 2.84E-11 2.41E-11 2.00E-11 1.77E-11
  52.2818    7  14 /pl=01:ss=32:pb= 1:sz=32/type=excit/ispb = t/isel =   11
 1.00E+10 1.00E+11 1.00E+12 1.00E+13 1.00E+14 1.00E+15 1.00E+16
 1.88E+01 2.82E+01 4.69E+01 9.38E+01 1.88E+02 4.69E+02 9.38E+02 1.41E+03
 1.88E+03 2.82E+03 4.69E+03 9.38E+03 1.88E+04 2.82E+04
 8.80E-16 5.32E-14 1.30E-12 1.20E-11 3.08E-11 4.51E-11 4.64E-11 4.56E-11
 4.42E-11 4.19E-11 3.84E-11 3.33E-11 2.83E-11 2.55E-11
 8.80E-16 5.32E-14 1.30E-12 1.20E-11 3.04E-11 4.37E-11 4.42E-11 4.29E-11
 4.12E-11 3.86E-11 3.48E-11 2.96E-11 2.46E-11 2.20E-11
 8.81E-16 5.33E-14 1.30E-12 1.20E-11 3.05E-11 4.41E-11 4.46E-11 4.33E-11
 4.15E-11 3.88E-11 3.48E-11 2.94E-11 2.42E-11 2.15E-11
 8.94E-16 5.38E-14 1.31E-12 1.19E-11 2.92E-11 4.17E-11 4.26E-11 4.15E-11
 4.01E-11 3.77E-11 3.43E-11 2.94E-11 2.45E-11 2.18E-11
 9.71E-16 5.59E-14 1.27E-12 9.67E-12 2.23E-11 3.17E-11 3.26E-11 3.17E-11
 3.06E-11 2.89E-11 2.63E-11 2.26E-11 1.90E-11 1.71E-11
 9.66E-16 4.97E-14 1.02E-12 8.11E-12 1.99E-11 2.90E-11 2.98E-11 2.90E-11
 2.79E-11 2.61E-11 2.36E-11 2.01E-11 1.66E-11 1.48E-11
 9.20E-16 4.57E-14 9.42E-13 7.88E-12 1.95E-11 2.85E-11 2.92E-11 2.84E-11
 2.73E-11 2.55E-11 2.30E-11 1.95E-11 1.61E-11 1.43E-11
  52.6028    7  14 /pl=01:ss=32:pb= 1:sz=32/type=excit/ispb = t/isel =   12
 1.00E+10 1.00E+11 1.00E+12 1.00E+13 1.00E+14 1.00E+15 1.00E+16
 1.88E+01 2.82E+01 4.69E+01 9.38E+01 1.88E+02 4.69E+02 9.38E+02 1.41E+03
 1.88E+03 2.82E+03 4.69E+03 9.38E+03 1.88E+04 2.82E+04
 2.75E-15 1.48E-13 3.27E-12 2.83E-11 6.93E-11 9.87E-11 1.01E-10 9.84E-11
 9.56E-11 9.02E-11 8.30E-11 7.22E-11 6.15E-11 5.55E-11
 2.75E-15 1.48E-13 3.27E-12 2.80E-11 6.78E-11 9.42E-11 9.47E-11 9.11E-11
 8.78E-11 8.20E-11 7.43E-11 6.35E-11 5.32E-11 4.76E-11
 2.74E-15 1.47E-13 3.24E-12 2.69E-11 6.21E-11 8.35E-11 8.36E-11 8.06E-11
 7.79E-11 7.30E-11 6.65E-11 5.72E-11 4.81E-11 4.31E-11
 2.64E-15 1.41E-13 2.97E-12 1.97E-11 3.66E-11 4.52E-11 4.54E-11 4.42E-11
 4.32E-11 4.12E-11 3.86E-11 3.46E-11 3.06E-11 2.83E-11
 2.01E-15 1.00E-13 1.75E-12 8.72E-12 1.77E-11 2.45E-11 2.51E-11 2.45E-11
 2.37E-11 2.23E-11 2.04E-11 1.77E-11 1.50E-11 1.36E-11
 1.13E-15 5.10E-14 9.02E-13 6.33E-12 1.49E-11 2.16E-11 2.23E-11 2.17E-11
 2.09E-11 1.96E-11 1.77E-11 1.50E-11 1.24E-11 1.10E-11
 9.52E-16 4.19E-14 7.85E-13 6.07E-12 1.46E-11 2.12E-11 2.18E-11 2.11E-11
 2.04E-11 1.90E-11 1.72E-11 1.45E-11 1.20E-11 1.06E-11
  52.9538    7  14 /pl=01:ss=32:pb= 1:sz=32/type=excit/ispb = t/isel =   13
 1.00E+10 1.00E+11 1.00E+12 1.00E+13 1.00E+14 1.00E+15 1.00E+16
 1.88E+01 2.82E+01 4.69E+01 9.38E+01 1.88E+02 4.69E+02 9.38E+02 1.41E+03
 1.88E+03 2.82E+03 4.69E+03 9.38E+03 1.88E+04 2.82E+04
 7.42E-16 3.90E-14 8.43E-13 7.17E-12 1.75E-11 2.52E-11 2.59E-11 2.53E-11
 2.46E-11 2.32E-11 2.13E-11 1.85E-11 1.58E-11 1.42E-11
 7.42E-16 3.89E-14 8.42E-13 7.12E-12 1.72E-11 2.41E-11 2.43E-11 2.35E-11
 2.26E-11 2.11E-11 1.91E-11 1.63E-11 1.36E-11 1.22E-11
 7.39E-16 3.88E-14 8.35E-13 6.86E-12 1.59E-11 2.17E-11 2.19E-11 2.12E-11
 2.04E-11 1.91E-11 1.74E-11 1.49E-11 1.25E-11 1.11E-11
 7.17E-16 3.73E-14 7.73E-13 5.19E-12 9.96E-12 1.29E-11 1.32E-11 1.29E-11
 1.26E-11 1.20E-11 1.11E-11 9.83E-12 8.55E-12 7.82E-12
 5.69E-16 2.78E-14 4.84E-13 2.55E-12 5.37E-12 7.80E-12 8.21E-12 8.04E-12
 7.79E-12 7.34E-12 6.67E-12 5.72E-12 4.81E-12 4.31E-12
 3.56E-16 1.57E-14 2.76E-13 1.95E-12 4.66E-12 7.06E-12 7.46E-12 7.29E-12
 7.05E-12 6.60E-12 5.95E-12 5.01E-12 4.12E-12 3.64E-12
 3.14E-16 1.35E-14 2.46E-13 1.88E-12 4.58E-12 6.94E-12 7.31E-12 7.14E-12
 6.89E-12 6.45E-12 5.81E-12 4.88E-12 4.00E-12 3.53E-12
  53.2470    7  14 /pl=01:ss=32:pb= 1:sz=32/type=excit/ispb = t/isel =   14
 1.00E+10 1.00E+11 1.00E+12 1.00E+13 1.00E+14 1.00E+15 1.00E+16
 1.88E+01 2.82E+01 4.69E+01 9.38E+01 1.88E+02 4.69E+02 9.38E+02 1.41E+03
 1.88E+03 2.82E+03 4.69E+03 9.38E+03 1.88E+04 2.82E+04
 1.52E-14 7.78E-13 1.66E-11 1.39E-10 3.34E-10 4.71E-10 4.80E-10 4.67E-10
 4.53E-10 4.28E-10 3.95E-10 3.43E-10 2.91E-10 2.62E-10
 1.52E-14 7.78E-13 1.65E-11 1.38E-10 3.27E-10 4.50E-10 4.50E-10 4.33E-10
 4.16E-10 3.89E-10 3.54E-10 3.01E-10 2.51E-10 2.25E-10
 1.51E-14 7.74E-13 1.64E-11 1.32E-10 2.99E-10 3.98E-10 3.96E-10 3.82E-10
 3.68E-10 3.45E-10 3.16E-10 2.71E-10 2.27E-10 2.03E-10
 1.46E-14 7.40E-13 1.50E-11 9.63E-11 1.73E-10 2.09E-10 2.08E-10 2.03E-10
 1.97E-10 1.89E-10 1.78E-10 1.60E-10 1.42E-10 1.31E-10
 1.10E-14 5.24E-13 8.68E-12 4.01E-11 7.69E-11 1.02E-10 1.04E-10 1.01E-10
 9.74E-11 9.20E-11 8.47E-11 7.37E-11 6.31E-11 5.74E-11
 5.65E-15 2.44E-13 4.08E-12 2.71E-11 6.20E-11 8.73E-11 8.88E-11 8.60E-11
 8.28E-11 7.75E-11 7.03E-11 5.97E-11 4.94E-11 4.40E-11
 4.45E-15 1.87E-13 3.40E-12 2.57E-11 6.03E-11 8.51E-11 8.65E-11 8.35E-11
 8.03E-11 7.51E-11 6.80E-11 5.75E-11 4.74E-11 4.20E-11
  53.3607    7  14 /pl=01:ss=32:pb= 1:sz=32/type=excit/ispb = t/isel =   15
 1.00E+10 1.00E+11 1.00E+12 1.00E+13 1.00E+14 1.00E+15 1.00E+16
 1.88E+01 2.82E+01 4.69E+01 9.38E+01 1.88E+02 4.69E+02 9.38E+02 1.41E+03
 1.88E+03 2.82E+03 4.69E+03 9.38E+03 1.88E+04 2.82E+04
 8.23E-15 4.18E-13 8.85E-12 7.36E-11 1.77E-10 2.48E-10 2.53E-10 2.47E-10
 2.39E-10 2.27E-10 2.08E-10 1.81E-10 1.54E-10 1.39E-10
 8.23E-15 4.18E-13 8.84E-12 7.30E-11 1.73E-10 2.37E-10 2.37E-10 2.29E-10
 2.20E-10 2.06E-10 1.86E-10 1.59E-10 1.33E-10 1.19E-10
 8.19E-15 4.16E-13 8.75E-12 7.00E-11 1.58E-10 2.09E-10 2.08E-10 2.01E-10
 1.94E-10 1.82E-10 1.66E-10 1.43E-10 1.20E-10 1.08E-10
 7.88E-15 3.96E-13 7.99E-12 5.06E-11 9.01E-11 1.07E-10 1.07E-10 1.04E-10
 1.01E-10 9.75E-11 9.15E-11 8.27E-11 7.37E-11 6.83E-11
 5.85E-15 2.77E-13 4.53E-12 2.03E-11 3.85E-11 5.07E-11 5.14E-11 5.00E-11
 4.83E-11 4.58E-11 4.20E-11 3.67E-11 3.16E-11 2.88E-11
 2.89E-15 1.24E-13 2.05E-12 1.35E-11 3.07E-11 4.29E-11 4.37E-11 4.23E-11
 4.07E-11 3.82E-11 3.45E-11 2.94E-11 2.44E-11 2.18E-11
 2.24E-15 9.33E-14 1.69E-12 1.27E-11 2.98E-11 4.18E-11 4.25E-11 4.10E-11
 3.95E-11 3.70E-11 3.33E-11 2.82E-11 2.34E-11 2.08E-11
  53.8752    7  14 /pl=01:ss=32:pb= 1:sz=32/type=excit/ispb = t/isel =   16
 1.00E+10 1.00E+11 1.00E+12 1.00E+13 1.00E+14 1.00E+15 1.00E+16
 1.88E+01 2.82E+01 4.69E+01 9.38E+01 1.88E+02 4.69E+02 9.38E+02 1.41E+03
 1.88E+03 2.82E+03 4.69E+03 9.38E+03 1.88E+04 2.82E+04
 1.44E-15 7.08E-14 1.45E-12 1.17E-11 2.78E-11 3.89E-11 3.96E-11 3.84E-11
 3.74E-11 3.52E-11 3.25E-11 2.84E-11 2.42E-11 2.18E-11
 1.44E-15 7.08E-14 1.45E-12 1.16E-11 2.73E-11 3.72E-11 3.72E-11 3.57E-11
 3.44E-11 3.21E-11 2.92E-11 2.50E-11 2.10E-11 1.87E-11
 1.44E-15 7.06E-14 1.44E-12 1.13E-11 2.54E-11 3.38E-11 3.37E-11 3.24E-11
 3.13E-11 2.93E-11 2.67E-11 2.29E-11 1.93E-11 1.72E-11
 1.40E-15 6.82E-14 1.34E-12 8.97E-12 1.78E-11 2.30E-11 2.31E-11 2.23E-11
 2.17E-11 2.05E-11 1.89E-11 1.65E-11 1.42E-11 1.29E-11
 1.21E-15 5.53E-14 9.65E-13 5.90E-12 1.29E-11 1.77E-11 1.80E-11 1.74E-11
 1.68E-11 1.58E-11 1.44E-11 1.23E-11 1.04E-11 9.28E-12
 1.06E-15 4.39E-14 7.53E-13 5.26E-12 1.20E-11 1.68E-11 1.70E-11 1.64E-11
 1.59E-11 1.48E-11 1.35E-11 1.15E-11 9.54E-12 8.48E-12
 1.06E-15 4.22E-14 7.22E-13 5.17E-12 1.19E-11 1.66E-11 1.67E-11 1.62E-11
 1.56E-11 1.46E-11 1.32E-11 1.12E-11 9.33E-12 8.28E-12
  54.0792    7  14 /pl=01:ss=32:pb= 1:sz=32/type=excit/ispb = t/isel =   17
 1.00E+10 1.00E+11 1.00E+12 1.00E+13 1.00E+14 1.00E+15 1.00E+16
 1.88E+01 2.82E+01 4.69E+01 9.38E+01 1.88E+02 4.69E+02 9.38E+02 1.41E+03
 1.88E+03 2.82E+03 4.69E+03 9.38E+03 1.88E+04 2.82E+04
 5.20E-15 2.51E-13 5.06E-12 4.10E-11 9.70E-11 1.35E-10 1.37E-10 1.33E-10
 1.29E-10 1.22E-10 1.12E-10 9.71E-11 8.25E-11 7.44E-11
 5.20E-15 2.51E-13 5.06E-12 4.06E-11 9.49E-11 1.29E-10 1.28E-10 1.23E-10
 1.18E-10 1.11E-10 1.00E-10 8.53E-11 7.13E-11 6.38E-11
 5.18E-15 2.50E-13 5.01E-12 3.90E-11 8.66E-11 1.13E-10 1.12E-10 1.08E-10
 1.04E-10 9.79E-11 8.91E-11 7.65E-11 6.43E-11 5.76E-11
 4.98E-15 2.38E-13 4.57E-12 2.82E-11 4.94E-11 5.83E-11 5.77E-11 5.63E-11
 5.47E-11 5.25E-11 4.93E-11 4.45E-11 3.95E-11 3.66E-11
 3.70E-15 1.66E-13 2.60E-12 1.13E-11 2.11E-11 2.76E-11 2.79E-11 2.71E-11
 2.61E-11 2.47E-11 2.26E-11 1.97E-11 1.70E-11 1.55E-11
 1.83E-15 7.43E-14 1.17E-12 7.49E-12 1.68E-11 2.33E-11 2.36E-11 2.29E-11
 2.20E-11 2.06E-11 1.86E-11 1.58E-11 1.31E-11 1.17E-11
 1.41E-15 5.59E-14 9.67E-13 7.06E-12 1.63E-11 2.27E-11 2.30E-11 2.22E-11
 2.13E-11 1.99E-11 1.80E-11 1.52E-11 1.26E-11 1.11E-11
  54.4084    7  14 /pl=01:ss=32:pb= 1:sz=32/type=excit/ispb = t/isel =   18
 1.00E+10 1.00E+11 1.00E+12 1.00E+13 1.00E+14 1.00E+15 1.00E+16
 1.88E+01 2.82E+01 4.69E+01 9.38E+01 1.88E+02 4.69E+02 9.38E+02 1.41E+03
 1.88E+03 2.82E+03 4.69E+03 9.38E+03 1.88E+04 2.82E+04
 1.29E-15 7.56E-14 1.79E-12 1.62E-11 4.08E-11 5.89E-11 6.05E-11 5.91E-11
 5.74E-11 5.44E-11 5.00E-11 4.35E-11 3.71E-11 3.34E-11
 1.29E-15 7.55E-14 1.79E-12 1.61E-11 4.01E-11 5.66E-11 5.70E-11 5.51E-11
 5.31E-11 4.97E-11 4.50E-11 3.84E-11 3.22E-11 2.87E-11
 1.29E-15 7.54E-14 1.78E-12 1.58E-11 3.83E-11 5.33E-11 5.36E-11 5.18E-11
 4.99E-11 4.68E-11 4.24E-11 3.62E-11 3.02E-11 2.69E-11
 1.27E-15 7.39E-14 1.70E-12 1.36E-11 3.04E-11 4.17E-11 4.24E-11 4.12E-11
 3.99E-11 3.76E-11 3.44E-11 2.97E-11 2.52E-11 2.27E-11
 1.20E-15 6.56E-14 1.37E-12 1.00E-11 2.33E-11 3.32E-11 3.40E-11 3.30E-11
 3.19E-11 3.00E-11 2.73E-11 2.33E-11 1.96E-11 1.75E-11
 1.15E-15 5.68E-14 1.13E-12 8.93E-12 2.17E-11 3.13E-11 3.21E-11 3.11E-11
 3.00E-11 2.81E-11 2.54E-11 2.16E-11 1.79E-11 1.59E-11
 1.15E-15 5.48E-14 1.09E-12 8.78E-12 2.14E-11 3.09E-11 3.16E-11 3.06E-11
 2.95E-11 2.76E-11 2.49E-11 2.11E-11 1.75E-11 1.55E-11
  54.6838    7  14 /pl=01:ss=32:pb= 1:sz=32/type=excit/ispb = t/isel =   19
 1.00E+10 1.00E+11 1.00E+12 1.00E+13 1.00E+14 1.00E+15 1.00E+16
 1.88E+01 2.82E+01 4.69E+01 9.38E+01 1.88E+02 4.69E+02 9.38E+02 1.41E+03
 1.88E+03 2.82E+03 4.69E+03 9.38E+03 1.88E+04 2.82E+04
 6.89E-16 4.24E-14 1.05E-12 9.80E-12 2.50E-11 3.67E-11 3.82E-11 3.72E-11
 3.62E-11 3.42E-11 3.15E-11 2.75E-11 2.33E-11 2.10E-11
 6.89E-16 4.24E-14 1.05E-12 9.74E-12 2.45E-11 3.52E-11 3.59E-11 3.47E-11
 3.35E-11 3.13E-11 2.83E-11 2.42E-11 2.02E-11 1.81E-11
 6.88E-16 4.23E-14 1.04E-12 9.51E-12 2.33E-11 3.30E-11 3.36E-11 3.24E-11
 3.13E-11 2.93E-11 2.65E-11 2.27E-11 1.89E-11 1.68E-11
 6.80E-16 4.16E-14 9.97E-13 8.21E-12 1.87E-11 2.63E-11 2.70E-11 2.62E-11
 2.54E-11 2.39E-11 2.18E-11 1.88E-11 1.58E-11 1.42E-11
 6.61E-16 3.83E-14 8.43E-13 6.52E-12 1.56E-11 2.27E-11 2.35E-11 2.28E-11
 2.21E-11 2.07E-11 1.88E-11 1.60E-11 1.34E-11 1.19E-11
 6.83E-16 3.56E-14 7.42E-13 6.05E-12 1.49E-11 2.18E-11 2.25E-11 2.18E-11
 2.11E-11 1.98E-11 1.78E-11 1.52E-11 1.26E-11 1.12E-11
 6.94E-16 3.50E-14 7.21E-13 5.98E-12 1.48E-11 2.16E-11 2.22E-11 2.15E-11
 2.08E-11 1.94E-11 1.75E-11 1.49E-11 1.23E-11 1.09E-11
  54.6941    7  14 /pl=01:ss=32:pb= 1:sz=32/type=excit/ispb = t/isel =   20
 1.00E+10 1.00E+11 1.00E+12 1.00E+13 1.00E+14 1.00E+15 1.00E+16
 1.88E+01 2.82E+01 4.69E+01 9.38E+01 1.88E+02 4.69E+02 9.38E+02 1.41E+03
 1.88E+03 2.82E+03 4.69E+03 9.38E+03 1.88E+04 2.82E+04
 3.62E-16 2.65E-14 7.49E-13 7.80E-12 2.10E-11 3.15E-11 3.28E-11 3.21E-11
 3.13E-11 2.97E-11 2.74E-11 2.39E-11 2.03E-11 1.83E-11
 3.62E-16 2.65E-14 7.49E-13 7.77E-12 2.07E-11 3.04E-11 3.11E-11 3.01E-11
 2.90E-11 2.73E-11 2.47E-11 2.11E-11 1.77E-11 1.58E-11
 3.62E-16 2.65E-14 7.47E-13 7.69E-12 2.03E-11 2.97E-11 3.04E-11 2.94E-11
 2.84E-11 2.66E-11 2.41E-11 2.05E-11 1.70E-11 1.51E-11
 3.63E-16 2.64E-14 7.35E-13 7.09E-12 1.74E-11 2.48E-11 2.56E-11 2.50E-11
 2.42E-11 2.30E-11 2.11E-11 1.83E-11 1.55E-11 1.39E-11
 3.62E-16 2.50E-14 6.32E-13 5.08E-12 1.22E-11 1.78E-11 1.85E-11 1.80E-11
 1.74E-11 1.65E-11 1.51E-11 1.30E-11 1.10E-11 9.88E-12
 3.22E-16 1.99E-14 4.71E-13 4.20E-12 1.08E-11 1.63E-11 1.69E-11 1.64E-11
 1.59E-11 1.49E-11 1.35E-11 1.15E-11 9.57E-12 8.51E-12
 3.03E-16 1.82E-14 4.36E-13 4.08E-12 1.07E-11 1.60E-11 1.66E-11 1.61E-11
 1.55E-11 1.46E-11 1.32E-11 1.12E-11 9.30E-12 8.25E-12
  54.7963    7  14 /pl=01:ss=32:pb= 1:sz=32/type=excit/ispb = t/isel =   21
 1.00E+10 1.00E+11 1.00E+12 1.00E+13 1.00E+14 1.00E+15 1.00E+16
 1.88E+01 2.82E+01 4.69E+01 9.38E+01 1.88E+02 4.69E+02 9.38E+02 1.41E+03
 1.88E+03 2.82E+03 4.69E+03 9.38E+03 1.88E+04 2.82E+04
 1.00E-14 4.57E-13 8.86E-12 6.91E-11 1.61E-10 2.22E-10 2.25E-10 2.18E-10
 2.12E-10 2.00E-10 1.83E-10 1.60E-10 1.36E-10 1.22E-10
 1.00E-14 4.57E-13 8.85E-12 6.86E-11 1.57E-10 2.12E-10 2.11E-10 2.02E-10
 1.95E-10 1.82E-10 1.64E-10 1.40E-10 1.17E-10 1.05E-10
 9.99E-15 4.55E-13 8.77E-12 6.59E-11 1.44E-10 1.88E-10 1.87E-10 1.79E-10
 1.73E-10 1.62E-10 1.47E-10 1.27E-10 1.06E-10 9.52E-11
 9.63E-15 4.35E-13 8.05E-12 4.88E-11 8.70E-11 1.05E-10 1.04E-10 1.01E-10
 9.85E-11 9.38E-11 8.74E-11 7.82E-11 6.87E-11 6.33E-11
 7.41E-15 3.15E-13 4.86E-12 2.31E-11 4.54E-11 6.06E-11 6.13E-11 5.93E-11
 5.73E-11 5.39E-11 4.91E-11 4.24E-11 3.59E-11 3.25E-11
 4.52E-15 1.74E-13 2.72E-12 1.75E-11 3.90E-11 5.42E-11 5.50E-11 5.31E-11
 5.11E-11 4.77E-11 4.30E-11 3.65E-11 3.02E-11 2.69E-11
 3.96E-15 1.47E-13 2.41E-12 1.68E-11 3.83E-11 5.32E-11 5.38E-11 5.19E-11
 4.99E-11 4.65E-11 4.19E-11 3.54E-11 2.93E-11 2.59E-11
  55.5420    7  14 /pl=01:ss=32:pb= 1:sz=32/type=excit/ispb = t/isel =   22
 1.00E+10 1.00E+11 1.00E+12 1.00E+13 1.00E+14 1.00E+15 1.00E+16
 1.88E+01 2.82E+01 4.69E+01 9.38E+01 1.88E+02 4.69E+02 9.38E+02 1.41E+03
 1.88E+03 2.82E+03 4.69E+03 9.38E+03 1.88E+04 2.82E+04
 9.18E-15 3.95E-13 7.34E-12 5.54E-11 1.27E-10 1.73E-10 1.75E-10 1.70E-10
 1.65E-10 1.55E-10 1.42E-10 1.24E-10 1.05E-10 9.47E-11
 9.18E-15 3.95E-13 7.33E-12 5.49E-11 1.24E-10 1.65E-10 1.64E-10 1.57E-10
 1.51E-10 1.41E-10 1.27E-10 1.09E-10 9.09E-11 8.12E-11
 9.14E-15 3.93E-13 7.26E-12 5.27E-11 1.13E-10 1.46E-10 1.44E-10 1.39E-10
 1.34E-10 1.25E-10 1.14E-10 9.76E-11 8.21E-11 7.34E-11
 8.80E-15 3.75E-13 6.64E-12 3.82E-11 6.50E-11 7.55E-11 7.45E-11 7.23E-11
 7.06E-11 6.74E-11 6.32E-11 5.71E-11 5.07E-11 4.69E-11
 6.56E-15 2.63E-13 3.78E-12 1.54E-11 2.77E-11 3.56E-11 3.58E-11 3.46E-11
 3.36E-11 3.16E-11 2.90E-11 2.53E-11 2.18E-11 1.98E-11
 3.24E-15 1.17E-13 1.71E-12 1.01E-11 2.20E-11 3.00E-11 3.03E-11 2.92E-11
 2.82E-11 2.63E-11 2.38E-11 2.02E-11 1.68E-11 1.49E-11
 2.49E-15 8.78E-14 1.40E-12 9.55E-12 2.13E-11 2.92E-11 2.95E-11 2.84E-11
 2.73E-11 2.55E-11 2.29E-11 1.94E-11 1.60E-11 1.42E-11
  56.5868    7  14 /pl=01:ss=32:pb= 1:sz=32/type=excit/ispb = t/isel =   23
 1.00E+10 1.00E+11 1.00E+12 1.00E+13 1.00E+14 1.00E+15 1.00E+16
 1.88E+01 2.82E+01 4.69E+01 9.38E+01 1.88E+02 4.69E+02 9.38E+02 1.41E+03
 1.88E+03 2.82E+03 4.69E+03 9.38E+03 1.88E+04 2.82E+04
 1.07E-15 5.74E-14 1.27E-12 1.10E-11 2.69E-11 3.84E-11 3.94E-11 3.83E-11
 3.70E-11 3.52E-11 3.23E-11 2.81E-11 2.38E-11 2.15E-11
 1.07E-15 5.74E-14 1.27E-12 1.09E-11 2.65E-11 3.70E-11 3.73E-11 3.59E-11
 3.43E-11 3.23E-11 2.92E-11 2.49E-11 2.07E-11 1.86E-11
 1.07E-15 5.75E-14 1.27E-12 1.08E-11 2.61E-11 3.64E-11 3.67E-11 3.53E-11
 3.37E-11 3.17E-11 2.86E-11 2.42E-11 2.00E-11 1.78E-11
 1.09E-15 5.80E-14 1.27E-12 1.06E-11 2.54E-11 3.61E-11 3.67E-11 3.55E-11
 3.41E-11 3.19E-11 2.88E-11 2.43E-11 2.01E-11 1.78E-11
 1.27E-15 6.44E-14 1.34E-12 1.05E-11 2.46E-11 3.49E-11 3.56E-11 3.45E-11
 3.32E-11 3.12E-11 2.82E-11 2.40E-11 1.99E-11 1.77E-11
 1.57E-15 7.12E-14 1.34E-12 1.01E-11 2.38E-11 3.39E-11 3.45E-11 3.35E-11
 3.22E-11 3.01E-11 2.73E-11 2.31E-11 1.92E-11 1.70E-11
 1.62E-15 7.09E-14 1.31E-12 1.00E-11 2.37E-11 3.36E-11 3.41E-11 3.30E-11
 3.17E-11 2.97E-11 2.68E-11 2.27E-11 1.88E-11 1.67E-11
  56.7106    7  14 /pl=01:ss=32:pb= 1:sz=32/type=excit/ispb = t/isel =   24
 1.00E+10 1.00E+11 1.00E+12 1.00E+13 1.00E+14 1.00E+15 1.00E+16
 1.88E+01 2.82E+01 4.69E+01 9.38E+01 1.88E+02 4.69E+02 9.38E+02 1.41E+03
 1.88E+03 2.82E+03 4.69E+03 9.38E+03 1.88E+04 2.82E+04
 3.13E-15 1.25E-13 2.17E-12 1.56E-11 3.48E-11 4.71E-11 4.71E-11 4.56E-11
 4.42E-11 4.17E-11 3.82E-11 3.32E-11 2.83E-11 2.55E-11
 3.13E-15 1.25E-13 2.17E-12 1.55E-11 3.43E-11 4.53E-11 4.45E-11 4.27E-11
 4.10E-11 3.82E-11 3.45E-11 2.94E-11 2.46E-11 2.20E-11
 3.13E-15 1.25E-13 2.16E-12 1.53E-11 3.33E-11 4.37E-11 4.30E-11 4.12E-11
 3.96E-11 3.68E-11 3.32E-11 2.82E-11 2.35E-11 2.09E-11
 3.13E-15 1.24E-13 2.10E-12 1.38E-11 2.79E-11 3.57E-11 3.54E-11 3.41E-11
 3.30E-11 3.11E-11 2.84E-11 2.46E-11 2.09E-11 1.88E-11
 3.04E-15 1.14E-13 1.76E-12 9.80E-12 1.95E-11 2.55E-11 2.54E-11 2.45E-11
 2.37E-11 2.22E-11 2.03E-11 1.75E-11 1.48E-11 1.34E-11
 2.68E-15 9.05E-14 1.31E-12 8.03E-12 1.72E-11 2.31E-11 2.31E-11 2.23E-11
 2.14E-11 2.00E-11 1.81E-11 1.54E-11 1.28E-11 1.14E-11
 2.53E-15 8.24E-14 1.21E-12 7.79E-12 1.69E-11 2.27E-11 2.27E-11 2.18E-11
 2.09E-11 1.96E-11 1.77E-11 1.50E-11 1.25E-11 1.11E-11
  57.5185    7  14 /pl=01:ss=32:pb= 1:sz=32/type=excit/ispb = t/isel =   25
 1.00E+10 1.00E+11 1.00E+12 1.00E+13 1.00E+14 1.00E+15 1.00E+16
 1.88E+01 2.82E+01 4.69E+01 9.38E+01 1.88E+02 4.69E+02 9.38E+02 1.41E+03
 1.88E+03 2.82E+03 4.69E+03 9.38E+03 1.88E+04 2.82E+04
 1.28E-15 6.28E-14 1.28E-12 1.04E-11 2.47E-11 3.44E-11 3.51E-11 3.40E-11
 3.31E-11 3.12E-11 2.88E-11 2.52E-11 2.14E-11 1.93E-11
 1.28E-15 6.27E-14 1.28E-12 1.03E-11 2.41E-11 3.29E-11 3.30E-11 3.16E-11
 3.05E-11 2.84E-11 2.59E-11 2.22E-11 1.86E-11 1.66E-11
 1.28E-15 6.25E-14 1.27E-12 9.98E-12 2.25E-11 3.00E-11 2.99E-11 2.87E-11
 2.77E-11 2.59E-11 2.36E-11 2.03E-11 1.71E-11 1.52E-11
 1.24E-15 6.04E-14 1.19E-12 7.95E-12 1.58E-11 2.04E-11 2.04E-11 1.98E-11
 1.92E-11 1.81E-11 1.67E-11 1.47E-11 1.26E-11 1.15E-11
 1.07E-15 4.90E-14 8.55E-13 5.23E-12 1.14E-11 1.57E-11 1.59E-11 1.54E-11
 1.49E-11 1.40E-11 1.27E-11 1.09E-11 9.19E-12 8.22E-12
 9.40E-16 3.89E-14 6.67E-13 4.66E-12 1.07E-11 1.49E-11 1.51E-11 1.46E-11
 1.41E-11 1.32E-11 1.19E-11 1.02E-11 8.46E-12 7.51E-12
 9.36E-16 3.74E-14 6.39E-13 4.58E-12 1.05E-11 1.47E-11 1.48E-11 1.43E-11
 1.38E-11 1.29E-11 1.17E-11 9.94E-12 8.27E-12 7.34E-12
  57.9290    7  14 /pl=01:ss=32:pb= 1:sz=32/type=excit/ispb = t/isel =   26
 1.00E+10 1.00E+11 1.00E+12 1.00E+13 1.00E+14 1.00E+15 1.00E+16
 1.88E+01 2.82E+01 4.69E+01 9.38E+01 1.88E+02 4.69E+02 9.38E+02 1.41E+03
 1.88E+03 2.82E+03 4.69E+03 9.38E+03 1.88E+04 2.82E+04
 1.19E-15 6.94E-14 1.64E-12 1.49E-11 3.75E-11 5.42E-11 5.56E-11 5.43E-11
 5.28E-11 5.00E-11 4.59E-11 4.00E-11 3.41E-11 3.07E-11
 1.19E-15 6.94E-14 1.64E-12 1.48E-11 3.69E-11 5.20E-11 5.24E-11 5.06E-11
 4.88E-11 4.57E-11 4.13E-11 3.53E-11 2.96E-11 2.64E-11
 1.18E-15 6.93E-14 1.63E-12 1.45E-11 3.52E-11 4.90E-11 4.93E-11 4.76E-11
 4.59E-11 4.30E-11 3.89E-11 3.32E-11 2.77E-11 2.47E-11
 1.17E-15 6.79E-14 1.56E-12 1.25E-11 2.79E-11 3.83E-11 3.89E-11 3.78E-11
 3.66E-11 3.46E-11 3.16E-11 2.73E-11 2.32E-11 2.08E-11
 1.10E-15 6.03E-14 1.26E-12 9.22E-12 2.14E-11 3.05E-11 3.13E-11 3.04E-11
 2.93E-11 2.76E-11 2.50E-11 2.14E-11 1.80E-11 1.61E-11
 1.06E-15 5.22E-14 1.04E-12 8.21E-12 1.99E-11 2.88E-11 2.95E-11 2.86E-11
 2.76E-11 2.58E-11 2.34E-11 1.98E-11 1.65E-11 1.46E-11
 1.05E-15 5.04E-14 9.98E-13 8.07E-12 1.97E-11 2.84E-11 2.90E-11 2.81E-11
 2.71E-11 2.54E-11 2.29E-11 1.94E-11 1.61E-11 1.43E-11
  57.9697    7  14 /pl=01:ss=32:pb= 1:sz=32/type=excit/ispb = t/isel =   27
 1.00E+10 1.00E+11 1.00E+12 1.00E+13 1.00E+14 1.00E+15 1.00E+16
 1.88E+01 2.82E+01 4.69E+01 9.38E+01 1.88E+02 4.69E+02 9.38E+02 1.41E+03
 1.88E+03 2.82E+03 4.69E+03 9.38E+03 1.88E+04 2.82E+04
 1.24E-14 4.55E-13 7.39E-12 5.07E-11 1.10E-10 1.47E-10 1.47E-10 1.42E-10
 1.37E-10 1.29E-10 1.19E-10 1.03E-10 8.74E-11 7.88E-11
 1.24E-14 4.55E-13 7.38E-12 5.03E-11 1.08E-10 1.40E-10 1.38E-10 1.32E-10
 1.26E-10 1.18E-10 1.06E-10 9.05E-11 7.56E-11 6.76E-11
 1.24E-14 4.53E-13 7.32E-12 4.85E-11 9.99E-11 1.26E-10 1.23E-10 1.18E-10
 1.14E-10 1.06E-10 9.63E-11 8.24E-11 6.90E-11 6.17E-11
 1.20E-14 4.36E-13 6.79E-12 3.71E-11 6.40E-11 7.57E-11 7.44E-11 7.19E-11
 6.97E-11 6.60E-11 6.12E-11 5.41E-11 4.72E-11 4.32E-11
 9.68E-15 3.31E-13 4.38E-12 1.92E-11 3.58E-11 4.60E-11 4.59E-11 4.43E-11
 4.26E-11 3.99E-11 3.64E-11 3.13E-11 2.65E-11 2.39E-11
 6.40E-15 1.98E-13 2.61E-12 1.48E-11 3.09E-11 4.12E-11 4.12E-11 3.96E-11
 3.80E-11 3.54E-11 3.20E-11 2.70E-11 2.24E-11 1.99E-11
 5.65E-15 1.69E-13 2.33E-12 1.43E-11 3.03E-11 4.04E-11 4.03E-11 3.87E-11
 3.71E-11 3.45E-11 3.11E-11 2.62E-11 2.17E-11 1.92E-11
  58.1054    7  14 /pl=01:ss=32:pb= 1:sz=32/type=excit/ispb = t/isel =   28
 1.00E+10 1.00E+11 1.00E+12 1.00E+13 1.00E+14 1.00E+15 1.00E+16
 1.88E+01 2.82E+01 4.69E+01 9.38E+01 1.88E+02 4.69E+02 9.38E+02 1.41E+03
 1.88E+03 2.82E+03 4.69E+03 9.38E+03 1.88E+04 2.82E+04
 3.78E-15 1.51E-13 2.62E-12 1.89E-11 4.21E-11 5.68E-11 5.69E-11 5.51E-11
 5.34E-11 5.03E-11 4.61E-11 4.02E-11 3.41E-11 3.08E-11
 3.78E-15 1.51E-13 2.62E-12 1.88E-11 4.14E-11 5.48E-11 5.38E-11 5.16E-11
 4.95E-11 4.61E-11 4.17E-11 3.55E-11 2.97E-11 2.65E-11
 3.78E-15 1.51E-13 2.61E-12 1.85E-11 4.02E-11 5.28E-11 5.19E-11 4.97E-11
 4.78E-11 4.45E-11 4.01E-11 3.41E-11 2.83E-11 2.52E-11
 3.78E-15 1.49E-13 2.54E-12 1.67E-11 3.37E-11 4.31E-11 4.27E-11 4.12E-11
 3.99E-11 3.75E-11 3.43E-11 2.97E-11 2.52E-11 2.27E-11
 3.67E-15 1.38E-13 2.13E-12 1.18E-11 2.35E-11 3.07E-11 3.07E-11 2.96E-11
 2.86E-11 2.68E-11 2.45E-11 2.11E-11 1.79E-11 1.61E-11
 3.24E-15 1.09E-13 1.58E-12 9.70E-12 2.08E-11 2.79E-11 2.79E-11 2.69E-11
 2.59E-11 2.42E-11 2.19E-11 1.86E-11 1.55E-11 1.38E-11
 3.06E-15 9.95E-14 1.46E-12 9.41E-12 2.04E-11 2.75E-11 2.74E-11 2.63E-11
 2.53E-11 2.36E-11 2.13E-11 1.81E-11 1.50E-11 1.34E-11
  58.5695    7  14 /pl=01:ss=32:pb= 1:sz=32/type=excit/ispb = t/isel =   29
 1.00E+10 1.00E+11 1.00E+12 1.00E+13 1.00E+14 1.00E+15 1.00E+16
 1.88E+01 2.82E+01 4.69E+01 9.38E+01 1.88E+02 4.69E+02 9.38E+02 1.41E+03
 1.88E+03 2.82E+03 4.69E+03 9.38E+03 1.88E+04 2.82E+04
 1.47E-15 6.71E-14 1.30E-12 1.02E-11 2.36E-11 3.26E-11 3.30E-11 3.20E-11
 3.11E-11 2.94E-11 2.69E-11 2.35E-11 1.99E-11 1.80E-11
 1.47E-15 6.71E-14 1.30E-12 1.01E-11 2.31E-11 3.11E-11 3.10E-11 2.97E-11
 2.86E-11 2.67E-11 2.41E-11 2.06E-11 1.72E-11 1.54E-11
 1.47E-15 6.68E-14 1.29E-12 9.68E-12 2.12E-11 2.76E-11 2.74E-11 2.63E-11
 2.54E-11 2.38E-11 2.16E-11 1.86E-11 1.56E-11 1.40E-11
 1.41E-15 6.38E-14 1.18E-12 7.16E-12 1.28E-11 1.54E-11 1.53E-11 1.49E-11
 1.45E-11 1.38E-11 1.28E-11 1.15E-11 1.01E-11 9.29E-12
 1.09E-15 4.63E-14 7.14E-13 3.39E-12 6.66E-12 8.90E-12 9.01E-12 8.71E-12
 8.42E-12 7.91E-12 7.20E-12 6.22E-12 5.28E-12 4.77E-12
 6.63E-16 2.55E-14 3.99E-13 2.57E-12 5.73E-12 7.96E-12 8.08E-12 7.79E-12
 7.50E-12 7.01E-12 6.32E-12 5.36E-12 4.44E-12 3.94E-12
 5.81E-16 2.17E-14 3.55E-13 2.47E-12 5.62E-12 7.81E-12 7.90E-12 7.62E-12
 7.32E-12 6.83E-12 6.15E-12 5.20E-12 4.30E-12 3.81E-12
  58.6521    7  14 /pl=01:ss=32:pb= 1:sz=32/type=excit/ispb = t/isel =   30
 1.00E+10 1.00E+11 1.00E+12 1.00E+13 1.00E+14 1.00E+15 1.00E+16
 1.88E+01 2.82E+01 4.69E+01 9.38E+01 1.88E+02 4.69E+02 9.38E+02 1.41E+03
 1.88E+03 2.82E+03 4.69E+03 9.38E+03 1.88E+04 2.82E+04
 2.85E-15 1.08E-13 1.79E-12 1.25E-11 2.78E-11 3.77E-11 3.78E-11 3.68E-11
 3.55E-11 3.35E-11 3.04E-11 2.63E-11 2.22E-11 2.00E-11
 2.85E-15 1.08E-13 1.79E-12 1.25E-11 2.74E-11 3.64E-11 3.59E-11 3.46E-11
 3.31E-11 3.08E-11 2.76E-11 2.33E-11 1.94E-11 1.73E-11
 2.86E-15 1.08E-13 1.79E-12 1.25E-11 2.73E-11 3.63E-11 3.59E-11 3.45E-11
 3.30E-11 3.07E-11 2.74E-11 2.30E-11 1.89E-11 1.68E-11
 2.92E-15 1.10E-13 1.81E-12 1.19E-11 2.36E-11 2.98E-11 2.96E-11 2.86E-11
 2.76E-11 2.60E-11 2.37E-11 2.05E-11 1.74E-11 1.56E-11
 3.05E-15 1.08E-13 1.56E-12 7.94E-12 1.53E-11 2.00E-11 2.01E-11 1.94E-11
 1.86E-11 1.75E-11 1.58E-11 1.36E-11 1.14E-11 1.03E-11
 2.47E-15 7.82E-14 1.07E-12 6.36E-12 1.35E-11 1.81E-11 1.82E-11 1.75E-11
 1.68E-11 1.57E-11 1.41E-11 1.19E-11 9.84E-12 8.73E-12
 2.24E-15 6.90E-14 9.78E-13 6.17E-12 1.32E-11 1.78E-11 1.79E-11 1.72E-11
 1.65E-11 1.53E-11 1.38E-11 1.16E-11 9.55E-12 8.45E-12
  60.1449    7  14 /pl=01:ss=32:pb= 1:sz=32/type=excit/ispb = t/isel =   31
 1.00E+10 1.00E+11 1.00E+12 1.00E+13 1.00E+14 1.00E+15 1.00E+16
 1.88E+01 2.82E+01 4.69E+01 9.38E+01 1.88E+02 4.69E+02 9.38E+02 1.41E+03
 1.88E+03 2.82E+03 4.69E+03 9.38E+03 1.88E+04 2.82E+04
 3.01E-15 1.20E-13 2.08E-12 1.50E-11 3.35E-11 4.53E-11 4.53E-11 4.39E-11
 4.25E-11 4.01E-11 3.67E-11 3.20E-11 2.72E-11 2.45E-11
 3.01E-15 1.20E-13 2.08E-12 1.49E-11 3.30E-11 4.36E-11 4.28E-11 4.11E-11
 3.95E-11 3.67E-11 3.32E-11 2.83E-11 2.36E-11 2.11E-11
 3.01E-15 1.20E-13 2.08E-12 1.47E-11 3.20E-11 4.20E-11 4.13E-11 3.96E-11
 3.81E-11 3.54E-11 3.20E-11 2.72E-11 2.26E-11 2.01E-11
 3.01E-15 1.19E-13 2.02E-12 1.33E-11 2.68E-11 3.43E-11 3.40E-11 3.28E-11
 3.17E-11 2.99E-11 2.73E-11 2.37E-11 2.01E-11 1.80E-11
 2.92E-15 1.10E-13 1.70E-12 9.42E-12 1.87E-11 2.45E-11 2.45E-11 2.36E-11
 2.28E-11 2.14E-11 1.95E-11 1.68E-11 1.43E-11 1.29E-11
 2.58E-15 8.71E-14 1.26E-12 7.72E-12 1.66E-11 2.22E-11 2.23E-11 2.14E-11
 2.06E-11 1.93E-11 1.74E-11 1.48E-11 1.23E-11 1.10E-11
 2.43E-15 7.92E-14 1.16E-12 7.50E-12 1.63E-11 2.19E-11 2.18E-11 2.10E-11
 2.02E-11 1.88E-11 1.70E-11 1.44E-11 1.20E-11 1.06E-11
  350.545    7  14 /pl=01:ss=32:pb= 1:sz=32/type=excit/ispb = t/isel =   32
 1.00E+10 1.00E+11 1.00E+12 1.00E+13 1.00E+14 1.00E+15 1.00E+16
 1.88E+01 2.82E+01 4.69E+01 9.38E+01 1.88E+02 4.69E+02 9.38E+02 1.41E+03
 1.88E+03 2.82E+03 4.69E+03 9.38E+03 1.88E+04 2.82E+04
 6.92E-13 1.21E-12 3.37E-12 1.68E-11 3.88E-11 5.56E-11 5.74E-11 5.62E-11
 5.46E-11 5.18E-11 4.77E-11 4.17E-11 3.55E-11 3.20E-11
 6.92E-13 1.21E-12 3.37E-12 1.68E-11 3.85E-11 5.40E-11 5.48E-11 5.31E-11
 5.11E-11 4.79E-11 4.34E-11 3.71E-11 3.11E-11 2.78E-11
 6.95E-13 1.22E-12 3.39E-12 1.70E-11 3.91E-11 5.53E-11 5.62E-11 5.43E-11
 5.23E-11 4.89E-11 4.41E-11 3.74E-11 3.09E-11 2.74E-11
 7.20E-13 1.26E-12 3.51E-12 1.68E-11 3.51E-11 4.65E-11 4.74E-11 4.63E-11
 4.51E-11 4.30E-11 3.98E-11 3.49E-11 2.98E-11 2.69E-11
 8.04E-13 1.36E-12 3.19E-12 8.73E-12 1.23E-11 1.37E-11 1.38E-11 1.37E-11
 1.36E-11 1.35E-11 1.31E-11 1.26E-11 1.19E-11 1.15E-11
 4.31E-13 6.65E-13 1.03E-12 1.49E-12 1.67E-12 1.72E-12 1.72E-12 1.72E-12
 1.72E-12 1.72E-12 1.71E-12 1.71E-12 1.70E-12 1.70E-12
 6.57E-14 9.95E-14 1.33E-13 1.61E-13 1.73E-13 1.76E-13 1.75E-13 1.75E-13
 1.75E-13 1.75E-13 1.75E-13 1.75E-13 1.76E-13 1.76E-13
  470.834    7  14 /pl=01:ss=32:pb= 1:sz=32/type=excit/ispb = t/isel =   33
 1.00E+10 1.00E+11 1.00E+12 1.00E+13 1.00E+14 1.00E+15 1.00E+16
 1.88E+01 2.82E+01 4.69E+01 9.38E+01 1.88E+02 4.69E+02 9.38E+02 1.41E+03
 1.88E+03 2.82E+03 4.69E+03 9.38E+03 1.88E+04 2.82E+04
 2.82E-13 4.50E-13 1.47E-12 9.19E-12 2.26E-11 3.29E-11 3.42E-11 3.35E-11
 3.26E-11 3.10E-11 2.87E-11 2.51E-11 2.15E-11 1.94E-11
 2.83E-13 4.51E-13 1.47E-12 9.14E-12 2.21E-11 3.16E-11 3.22E-11 3.12E-11
 3.01E-11 2.83E-11 2.58E-11 2.21E-11 1.86E-11 1.67E-11
 2.86E-13 4.55E-13 1.47E-12 8.88E-12 2.07E-11 2.88E-11 2.92E-11 2.84E-11
 2.74E-11 2.59E-11 2.36E-11 2.04E-11 1.72E-11 1.54E-11
 3.10E-13 4.91E-13 1.46E-12 6.81E-12 1.21E-11 1.45E-11 1.47E-11 1.45E-11
 1.42E-11 1.38E-11 1.32E-11 1.22E-11 1.10E-11 1.03E-11
 3.45E-13 5.12E-13 9.88E-13 1.89E-12 2.20E-12 2.28E-12 2.28E-12 2.27E-12
 2.26E-12 2.25E-12 2.24E-12 2.21E-12 2.18E-12 2.16E-12
 1.09E-13 1.45E-13 1.87E-13 2.26E-13 2.38E-13 2.39E-13 2.38E-13 2.37E-13
 2.37E-13 2.37E-13 2.37E-13 2.37E-13 2.37E-13 2.37E-13
 1.31E-14 1.70E-14 2.04E-14 2.30E-14 2.39E-14 2.39E-14 2.37E-14 2.36E-14
 2.36E-14 2.35E-14 2.35E-14 2.35E-14 2.36E-14 2.36E-14
  484.332    7  14 /pl=01:ss=32:pb= 1:sz=32/type=excit/ispb = t/isel =   34
 1.00E+10 1.00E+11 1.00E+12 1.00E+13 1.00E+14 1.00E+15 1.00E+16
 1.88E+01 2.82E+01 4.69E+01 9.38E+01 1.88E+02 4.69E+02 9.38E+02 1.41E+03
 1.88E+03 2.82E+03 4.69E+03 9.38E+03 1.88E+04 2.82E+04
 7.37E-13 1.12E-12 2.70E-12 1.28E-11 2.95E-11 4.24E-11 4.39E-11 4.30E-11
 4.18E-11 3.96E-11 3.65E-11 3.18E-11 2.71E-11 2.44E-11
 7.39E-13 1.12E-12 2.70E-12 1.28E-11 2.92E-11 4.12E-11 4.19E-11 4.05E-11
 3.90E-11 3.66E-11 3.31E-11 2.83E-11 2.36E-11 2.11E-11
 7.55E-13 1.15E-12 2.76E-12 1.30E-11 2.93E-11 4.10E-11 4.17E-11 4.03E-11
 3.88E-11 3.63E-11 3.29E-11 2.79E-11 2.31E-11 2.06E-11
 8.72E-13 1.33E-12 3.10E-12 1.23E-11 2.25E-11 2.78E-11 2.81E-11 2.76E-11
 2.70E-11 2.60E-11 2.45E-11 2.20E-11 1.93E-11 1.77E-11
 9.63E-13 1.41E-12 2.46E-12 4.29E-12 5.00E-12 5.20E-12 5.20E-12 5.18E-12
 5.16E-12 5.13E-12 5.08E-12 4.99E-12 4.87E-12 4.79E-12
 2.83E-13 3.74E-13 4.66E-13 5.34E-13 5.57E-13 5.60E-13 5.57E-13 5.57E-13
 5.56E-13 5.56E-13 5.55E-13 5.55E-13 5.54E-13 5.54E-13
 3.34E-14 4.28E-14 5.02E-14 5.47E-14 5.62E-14 5.60E-14 5.56E-14 5.55E-14
 5.55E-14 5.54E-14 5.54E-14 5.54E-14 5.56E-14 5.56E-14
  588.031    7  14 /pl=01:ss=32:pb= 1:sz=32/type=excit/ispb = t/isel =   35
 1.00E+10 1.00E+11 1.00E+12 1.00E+13 1.00E+14 1.00E+15 1.00E+16
 1.88E+01 2.82E+01 4.69E+01 9.38E+01 1.88E+02 4.69E+02 9.38E+02 1.41E+03
 1.88E+03 2.82E+03 4.69E+03 9.38E+03 1.88E+04 2.82E+04
 8.55E-13 1.36E-12 4.46E-12 2.78E-11 6.83E-11 9.98E-11 1.03E-10 1.01E-10
 9.88E-11 9.39E-11 8.68E-11 7.60E-11 6.50E-11 5.87E-11
 8.56E-13 1.36E-12 4.46E-12 2.77E-11 6.70E-11 9.57E-11 9.74E-11 9.44E-11
 9.12E-11 8.57E-11 7.80E-11 6.70E-11 5.64E-11 5.05E-11
 8.65E-13 1.38E-12 4.46E-12 2.69E-11 6.26E-11 8.70E-11 8.84E-11 8.59E-11
 8.31E-11 7.83E-11 7.16E-11 6.17E-11 5.20E-11 4.66E-11
 9.39E-13 1.49E-12 4.42E-12 2.06E-11 3.66E-11 4.39E-11 4.44E-11 4.38E-11
 4.31E-11 4.19E-11 4.00E-11 3.69E-11 3.34E-11 3.11E-11
 1.04E-12 1.55E-12 2.99E-12 5.71E-12 6.67E-12 6.90E-12 6.89E-12 6.87E-12
 6.85E-12 6.82E-12 6.78E-12 6.70E-12 6.61E-12 6.53E-12
 3.31E-13 4.40E-13 5.67E-13 6.83E-13 7.20E-13 7.23E-13 7.20E-13 7.18E-13
 7.17E-13 7.17E-13 7.17E-13 7.16E-13 7.17E-13 7.17E-13
 3.97E-14 5.16E-14 6.18E-14 6.97E-14 7.24E-14 7.22E-14 7.17E-14 7.14E-14
 7.13E-14 7.12E-14 7.12E-14 7.13E-14 7.15E-14 7.15E-14
  609.236    7  14 /pl=01:ss=32:pb= 1:sz=32/type=excit/ispb = t/isel =   36
 1.00E+10 1.00E+11 1.00E+12 1.00E+13 1.00E+14 1.00E+15 1.00E+16
 1.88E+01 2.82E+01 4.69E+01 9.38E+01 1.88E+02 4.69E+02 9.38E+02 1.41E+03
 1.88E+03 2.82E+03 4.69E+03 9.38E+03 1.88E+04 2.82E+04
 7.00E-13 1.06E-12 2.56E-12 1.22E-11 2.80E-11 4.03E-11 4.17E-11 4.08E-11
 3.97E-11 3.76E-11 3.46E-11 3.02E-11 2.57E-11 2.32E-11
 7.02E-13 1.06E-12 2.57E-12 1.22E-11 2.77E-11 3.91E-11 3.98E-11 3.85E-11
 3.71E-11 3.47E-11 3.15E-11 2.68E-11 2.24E-11 2.01E-11
 7.17E-13 1.09E-12 2.62E-12 1.23E-11 2.78E-11 3.90E-11 3.96E-11 3.83E-11
 3.69E-11 3.45E-11 3.12E-11 2.65E-11 2.20E-11 1.95E-11
 8.28E-13 1.26E-12 2.94E-12 1.17E-11 2.13E-11 2.64E-11 2.67E-11 2.62E-11
 2.57E-11 2.47E-11 2.32E-11 2.09E-11 1.83E-11 1.68E-11
 9.14E-13 1.34E-12 2.34E-12 4.08E-12 4.75E-12 4.94E-12 4.93E-12 4.92E-12
 4.90E-12 4.87E-12 4.82E-12 4.74E-12 4.63E-12 4.55E-12
 2.68E-13 3.55E-13 4.42E-13 5.07E-13 5.29E-13 5.31E-13 5.29E-13 5.29E-13
 5.28E-13 5.28E-13 5.27E-13 5.27E-13 5.26E-13 5.26E-13
 3.17E-14 4.07E-14 4.77E-14 5.19E-14 5.34E-14 5.32E-14 5.28E-14 5.27E-14
 5.27E-14 5.26E-14 5.26E-14 5.26E-14 5.28E-14 5.28E-14
  656.491    7  14 /pl=01:ss=32:pb= 1:sz=32/type=excit/ispb = t/isel =   37
 1.00E+10 1.00E+11 1.00E+12 1.00E+13 1.00E+14 1.00E+15 1.00E+16
 1.88E+01 2.82E+01 4.69E+01 9.38E+01 1.88E+02 4.69E+02 9.38E+02 1.41E+03
 1.88E+03 2.82E+03 4.69E+03 9.38E+03 1.88E+04 2.82E+04
 4.24E-13 7.41E-13 2.06E-12 1.03E-11 2.38E-11 3.40E-11 3.51E-11 3.44E-11
 3.34E-11 3.17E-11 2.92E-11 2.55E-11 2.17E-11 1.96E-11
 4.24E-13 7.41E-13 2.06E-12 1.03E-11 2.36E-11 3.31E-11 3.36E-11 3.25E-11
 3.13E-11 2.93E-11 2.66E-11 2.27E-11 1.90E-11 1.70E-11
 4.26E-13 7.45E-13 2.08E-12 1.04E-11 2.39E-11 3.39E-11 3.44E-11 3.33E-11
 3.20E-11 2.99E-11 2.70E-11 2.29E-11 1.89E-11 1.68E-11
 4.41E-13 7.72E-13 2.15E-12 1.03E-11 2.15E-11 2.85E-11 2.90E-11 2.84E-11
 2.76E-11 2.63E-11 2.43E-11 2.14E-11 1.83E-11 1.65E-11
 4.92E-13 8.32E-13 1.95E-12 5.34E-12 7.55E-12 8.41E-12 8.47E-12 8.42E-12
 8.35E-12 8.24E-12 8.05E-12 7.72E-12 7.31E-12 7.03E-12
 2.64E-13 4.07E-13 6.33E-13 9.14E-13 1.02E-12 1.05E-12 1.05E-12 1.05E-12
 1.05E-12 1.05E-12 1.05E-12 1.05E-12 1.04E-12 1.04E-12
 4.02E-14 6.09E-14 8.14E-14 9.87E-14 1.06E-13 1.08E-13 1.07E-13 1.07E-13
 1.07E-13 1.07E-13 1.07E-13 1.07E-13 1.08E-13 1.08E-13
  752.191    7  14 /pl=01:ss=32:pb= 1:sz=32/type=excit/ispb = t/isel =   38
 1.00E+10 1.00E+11 1.00E+12 1.00E+13 1.00E+14 1.00E+15 1.00E+16
 1.88E+01 2.82E+01 4.69E+01 9.38E+01 1.88E+02 4.69E+02 9.38E+02 1.41E+03
 1.88E+03 2.82E+03 4.69E+03 9.38E+03 1.88E+04 2.82E+04
 5.62E-12 7.64E-12 1.57E-11 6.65E-11 1.49E-10 2.11E-10 2.17E-10 2.13E-10
 2.06E-10 1.96E-10 1.81E-10 1.58E-10 1.35E-10 1.22E-10
 5.62E-12 7.64E-12 1.57E-11 6.60E-11 1.46E-10 2.02E-10 2.05E-10 1.98E-10
 1.91E-10 1.79E-10 1.63E-10 1.39E-10 1.17E-10 1.05E-10
 5.63E-12 7.65E-12 1.56E-11 6.44E-11 1.37E-10 1.86E-10 1.88E-10 1.82E-10
 1.75E-10 1.65E-10 1.50E-10 1.29E-10 1.09E-10 9.71E-11
 5.65E-12 7.65E-12 1.51E-11 4.99E-11 8.09E-11 9.32E-11 9.32E-11 9.18E-11
 9.04E-11 8.79E-11 8.40E-11 7.77E-11 7.04E-11 6.57E-11
 4.51E-12 5.81E-12 8.66E-12 1.24E-11 1.30E-11 1.29E-11 1.27E-11 1.27E-11
 1.27E-11 1.26E-11 1.26E-11 1.25E-11 1.25E-11 1.24E-11
 1.03E-12 1.17E-12 1.28E-12 1.32E-12 1.31E-12 1.28E-12 1.26E-12 1.25E-12
 1.25E-12 1.25E-12 1.25E-12 1.25E-12 1.25E-12 1.25E-12
 1.12E-13 1.23E-13 1.29E-13 1.32E-13 1.30E-13 1.26E-13 1.24E-13 1.24E-13
 1.23E-13 1.23E-13 1.23E-13 1.23E-13 1.23E-13 1.23E-13
  913.192    7  14 /pl=01:ss=32:pb= 1:sz=32/type=excit/ispb = t/isel =   39
 1.00E+10 1.00E+11 1.00E+12 1.00E+13 1.00E+14 1.00E+15 1.00E+16
 1.88E+01 2.82E+01 4.69E+01 9.38E+01 1.88E+02 4.69E+02 9.38E+02 1.41E+03
 1.88E+03 2.82E+03 4.69E+03 9.38E+03 1.88E+04 2.82E+04
 7.76E-13 1.12E-12 2.53E-12 1.21E-11 2.83E-11 4.12E-11 4.29E-11 4.21E-11
 4.10E-11 3.90E-11 3.60E-11 3.14E-11 2.68E-11 2.42E-11
 7.76E-13 1.12E-12 2.53E-12 1.21E-11 2.81E-11 4.02E-11 4.12E-11 3.99E-11
 3.85E-11 3.62E-11 3.28E-11 2.81E-11 2.35E-11 2.10E-11
 7.75E-13 1.12E-12 2.55E-12 1.24E-11 2.95E-11 4.30E-11 4.41E-11 4.27E-11
 4.11E-11 3.84E-11 3.46E-11 2.92E-11 2.40E-11 2.13E-11
 7.84E-13 1.14E-12 2.71E-12 1.36E-11 2.97E-11 3.98E-11 4.08E-11 4.00E-11
 3.90E-11 3.73E-11 3.46E-11 3.05E-11 2.60E-11 2.34E-11
 9.52E-13 1.40E-12 2.89E-12 6.84E-12 8.66E-12 9.22E-12 9.26E-12 9.23E-12
 9.20E-12 9.14E-12 9.02E-12 8.83E-12 8.55E-12 8.36E-12
 4.56E-13 6.08E-13 7.88E-13 9.53E-13 1.01E-12 1.02E-12 1.02E-12 1.02E-12
 1.02E-12 1.02E-12 1.02E-12 1.02E-12 1.02E-12 1.02E-12
 6.00E-14 7.74E-14 9.02E-14 9.87E-14 1.03E-13 1.03E-13 1.02E-13 1.02E-13
 1.02E-13 1.02E-13 1.02E-13 1.02E-13 1.03E-13 1.03E-13
  945.358    7  14 /pl=01:ss=32:pb= 1:sz=32/type=excit/ispb = t/isel =   40
 1.00E+10 1.00E+11 1.00E+12 1.00E+13 1.00E+14 1.00E+15 1.00E+16
 1.88E+01 2.82E+01 4.69E+01 9.38E+01 1.88E+02 4.69E+02 9.38E+02 1.41E+03
 1.88E+03 2.82E+03 4.69E+03 9.38E+03 1.88E+04 2.82E+04
 7.47E-13 1.13E-12 2.73E-12 1.30E-11 2.99E-11 4.30E-11 4.45E-11 4.35E-11
 4.23E-11 4.01E-11 3.69E-11 3.22E-11 2.74E-11 2.47E-11
 7.48E-13 1.13E-12 2.74E-12 1.30E-11 2.96E-11 4.17E-11 4.24E-11 4.10E-11
 3.95E-11 3.70E-11 3.36E-11 2.86E-11 2.39E-11 2.14E-11
 7.64E-13 1.16E-12 2.80E-12 1.32E-11 2.97E-11 4.16E-11 4.22E-11 4.08E-11
 3.93E-11 3.68E-11 3.33E-11 2.82E-11 2.34E-11 2.08E-11
 8.84E-13 1.35E-12 3.14E-12 1.24E-11 2.28E-11 2.81E-11 2.85E-11 2.80E-11
 2.74E-11 2.63E-11 2.48E-11 2.23E-11 1.95E-11 1.79E-11
 9.75E-13 1.43E-12 2.50E-12 4.35E-12 5.06E-12 5.26E-12 5.26E-12 5.24E-12
 5.23E-12 5.19E-12 5.14E-12 5.05E-12 4.94E-12 4.85E-12
 2.86E-13 3.79E-13 4.72E-13 5.41E-13 5.64E-13 5.67E-13 5.64E-13 5.64E-13
 5.63E-13 5.63E-13 5.62E-13 5.62E-13 5.61E-13 5.61E-13
 3.38E-14 4.34E-14 5.08E-14 5.54E-14 5.69E-14 5.67E-14 5.63E-14 5.62E-14
 5.62E-14 5.61E-14 5.61E-14 5.61E-14 5.63E-14 5.63E-14
  993.147    7  14 /pl=01:ss=32:pb= 1:sz=32/type=excit/ispb = t/isel =   41
 1.00E+10 1.00E+11 1.00E+12 1.00E+13 1.00E+14 1.00E+15 1.00E+16
 1.88E+01 2.82E+01 4.69E+01 9.38E+01 1.88E+02 4.69E+02 9.38E+02 1.41E+03
 1.88E+03 2.82E+03 4.69E+03 9.38E+03 1.88E+04 2.82E+04
 4.22E-12 5.10E-12 9.74E-12 4.13E-11 9.27E-11 1.32E-10 1.37E-10 1.35E-10
 1.31E-10 1.24E-10 1.15E-10 1.00E-10 8.55E-11 7.71E-11
 4.22E-12 5.10E-12 9.72E-12 4.10E-11 9.05E-11 1.26E-10 1.28E-10 1.24E-10
 1.20E-10 1.13E-10 1.03E-10 8.79E-11 7.38E-11 6.61E-11
 4.18E-12 5.05E-12 9.57E-12 3.89E-11 8.14E-11 1.09E-10 1.11E-10 1.07E-10
 1.04E-10 9.83E-11 9.00E-11 7.80E-11 6.60E-11 5.92E-11
 3.83E-12 4.60E-12 8.34E-12 2.58E-11 3.91E-11 4.35E-11 4.35E-11 4.30E-11
 4.25E-11 4.17E-11 4.04E-11 3.81E-11 3.53E-11 3.34E-11
 2.30E-12 2.67E-12 3.75E-12 5.14E-12 5.16E-12 5.01E-12 4.95E-12 4.93E-12
 4.93E-12 4.92E-12 4.93E-12 4.94E-12 4.95E-12 4.96E-12
 4.75E-13 4.99E-13 5.17E-13 5.13E-13 4.99E-13 4.83E-13 4.77E-13 4.74E-13
 4.74E-13 4.73E-13 4.72E-13 4.72E-13 4.73E-13 4.73E-13
 5.18E-14 5.27E-14 5.20E-14 5.08E-14 4.95E-14 4.78E-14 4.70E-14 4.67E-14
 4.66E-14 4.65E-14 4.64E-14 4.63E-14 4.63E-14 4.64E-14
  1011.38    7  14 /pl=01:ss=32:pb= 1:sz=32/type=excit/ispb = t/isel =   42
 1.00E+10 1.00E+11 1.00E+12 1.00E+13 1.00E+14 1.00E+15 1.00E+16
 1.88E+01 2.82E+01 4.69E+01 9.38E+01 1.88E+02 4.69E+02 9.38E+02 1.41E+03
 1.88E+03 2.82E+03 4.69E+03 9.38E+03 1.88E+04 2.82E+04
 1.66E-12 2.25E-12 4.62E-12 1.96E-11 4.39E-11 6.22E-11 6.41E-11 6.27E-11
 6.09E-11 5.79E-11 5.34E-11 4.66E-11 3.98E-11 3.60E-11
 1.66E-12 2.25E-12 4.62E-12 1.95E-11 4.31E-11 5.97E-11 6.04E-11 5.84E-11
 5.62E-11 5.28E-11 4.80E-11 4.11E-11 3.45E-11 3.09E-11
 1.66E-12 2.26E-12 4.61E-12 1.90E-11 4.06E-11 5.48E-11 5.54E-11 5.36E-11
 5.17E-11 4.87E-11 4.43E-11 3.81E-11 3.20E-11 2.87E-11
 1.67E-12 2.26E-12 4.46E-12 1.47E-11 2.39E-11 2.75E-11 2.75E-11 2.71E-11
 2.67E-11 2.59E-11 2.48E-11 2.29E-11 2.08E-11 1.94E-11
 1.33E-12 1.71E-12 2.56E-12 3.66E-12 3.84E-12 3.80E-12 3.76E-12 3.74E-12
 3.74E-12 3.72E-12 3.71E-12 3.70E-12 3.68E-12 3.66E-12
 3.04E-13 3.45E-13 3.78E-13 3.89E-13 3.86E-13 3.77E-13 3.72E-13 3.70E-13
 3.69E-13 3.68E-13 3.68E-13 3.68E-13 3.68E-13 3.69E-13
 3.31E-14 3.62E-14 3.81E-14 3.88E-14 3.84E-14 3.73E-14 3.67E-14 3.65E-14
 3.64E-14 3.63E-14 3.62E-14 3.62E-14 3.63E-14 3.63E-14
  1103.57    7  14 /pl=01:ss=32:pb= 1:sz=32/type=excit/ispb = t/isel =   43
 1.00E+10 1.00E+11 1.00E+12 1.00E+13 1.00E+14 1.00E+15 1.00E+16
 1.88E+01 2.82E+01 4.69E+01 9.38E+01 1.88E+02 4.69E+02 9.38E+02 1.41E+03
 1.88E+03 2.82E+03 4.69E+03 9.38E+03 1.88E+04 2.82E+04
 5.37E-12 7.30E-12 1.50E-11 6.35E-11 1.42E-10 2.02E-10 2.08E-10 2.03E-10
 1.97E-10 1.87E-10 1.73E-10 1.51E-10 1.29E-10 1.17E-10
 5.37E-12 7.30E-12 1.50E-11 6.31E-11 1.40E-10 1.93E-10 1.96E-10 1.89E-10
 1.82E-10 1.71E-10 1.55E-10 1.33E-10 1.12E-10 1.00E-10
 5.38E-12 7.31E-12 1.49E-11 6.15E-11 1.31E-10 1.78E-10 1.79E-10 1.74E-10
 1.68E-10 1.58E-10 1.44E-10 1.23E-10 1.04E-10 9.28E-11
 5.40E-12 7.32E-12 1.44E-11 4.77E-11 7.73E-11 8.91E-11 8.91E-11 8.78E-11
 8.64E-11 8.40E-11 8.03E-11 7.43E-11 6.73E-11 6.28E-11
 4.31E-12 5.55E-12 8.28E-12 1.19E-11 1.24E-11 1.23E-11 1.22E-11 1.21E-11
 1.21E-11 1.21E-11 1.20E-11 1.20E-11 1.19E-11 1.19E-11
 9.84E-13 1.12E-12 1.22E-12 1.26E-12 1.25E-12 1.22E-12 1.20E-12 1.20E-12
 1.20E-12 1.19E-12 1.19E-12 1.19E-12 1.19E-12 1.19E-12
 1.07E-13 1.17E-13 1.23E-13 1.26E-13 1.24E-13 1.21E-13 1.19E-13 1.18E-13
 1.18E-13 1.18E-13 1.17E-13 1.17E-13 1.17E-13 1.17E-13
  1329.12    7  14 /pl=01:ss=32:pb= 1:sz=32/type=excit/ispb = t/isel =   44
 1.00E+10 1.00E+11 1.00E+12 1.00E+13 1.00E+14 1.00E+15 1.00E+16
 1.88E+01 2.82E+01 4.69E+01 9.38E+01 1.88E+02 4.69E+02 9.38E+02 1.41E+03
 1.88E+03 2.82E+03 4.69E+03 9.38E+03 1.88E+04 2.82E+04
 1.65E-12 2.44E-12 9.15E-12 5.60E-11 1.32E-10 1.94E-10 2.03E-10 2.00E-10
 1.95E-10 1.85E-10 1.71E-10 1.50E-10 1.28E-10 1.15E-10
 1.66E-12 2.45E-12 9.16E-12 5.59E-11 1.31E-10 1.88E-10 1.94E-10 1.88E-10
 1.82E-10 1.71E-10 1.55E-10 1.33E-10 1.12E-10 9.98E-11
 1.73E-12 2.53E-12 9.31E-12 5.62E-11 1.31E-10 1.89E-10 1.95E-10 1.89E-10
 1.83E-10 1.71E-10 1.55E-10 1.32E-10 1.10E-10 9.73E-11
 2.32E-12 3.30E-12 1.05E-11 5.51E-11 1.10E-10 1.41E-10 1.44E-10 1.42E-10
 1.39E-10 1.33E-10 1.25E-10 1.12E-10 9.77E-11 8.90E-11
 4.63E-12 5.97E-12 1.13E-11 2.26E-11 2.59E-11 2.65E-11 2.64E-11 2.63E-11
 2.62E-11 2.61E-11 2.59E-11 2.56E-11 2.51E-11 2.48E-11
 2.14E-12 2.38E-12 2.63E-12 2.79E-12 2.78E-12 2.74E-12 2.72E-12 2.71E-12
 2.71E-12 2.71E-12 2.70E-12 2.70E-12 2.70E-12 2.70E-12
 2.68E-13 2.83E-13 2.85E-13 2.82E-13 2.78E-13 2.73E-13 2.70E-13 2.69E-13
 2.68E-13 2.68E-13 2.67E-13 2.67E-13 2.67E-13 2.68E-13
  1360.08    7  14 /pl=01:ss=32:pb= 1:sz=32/type=excit/ispb = t/isel =   45
 1.00E+10 1.00E+11 1.00E+12 1.00E+13 1.00E+14 1.00E+15 1.00E+16
 1.88E+01 2.82E+01 4.69E+01 9.38E+01 1.88E+02 4.69E+02 9.38E+02 1.41E+03
 1.88E+03 2.82E+03 4.69E+03 9.38E+03 1.88E+04 2.82E+04
 1.04E-12 1.58E-12 3.81E-12 1.81E-11 4.17E-11 6.00E-11 6.21E-11 6.08E-11
 5.90E-11 5.60E-11 5.16E-11 4.49E-11 3.82E-11 3.45E-11
 1.04E-12 1.58E-12 3.82E-12 1.81E-11 4.13E-11 5.82E-11 5.92E-11 5.73E-11
 5.52E-11 5.17E-11 4.68E-11 4.00E-11 3.34E-11 2.99E-11
 1.07E-12 1.62E-12 3.90E-12 1.84E-11 4.14E-11 5.80E-11 5.89E-11 5.70E-11
 5.49E-11 5.14E-11 4.64E-11 3.94E-11 3.27E-11 2.91E-11
 1.23E-12 1.88E-12 4.38E-12 1.74E-11 3.18E-11 3.93E-11 3.97E-11 3.90E-11
 3.82E-11 3.68E-11 3.46E-11 3.11E-11 2.73E-11 2.50E-11
 1.36E-12 2.00E-12 3.48E-12 6.07E-12 7.06E-12 7.35E-12 7.34E-12 7.32E-12
 7.30E-12 7.25E-12 7.18E-12 7.05E-12 6.89E-12 6.77E-12
 4.00E-13 5.28E-13 6.58E-13 7.55E-13 7.87E-13 7.91E-13 7.88E-13 7.87E-13
 7.86E-13 7.85E-13 7.85E-13 7.84E-13 7.84E-13 7.83E-13
 4.72E-14 6.05E-14 7.09E-14 7.73E-14 7.95E-14 7.92E-14 7.86E-14 7.85E-14
 7.84E-14 7.83E-14 7.83E-14 7.84E-14 7.85E-14 7.86E-14
  1468.36    7  14 /pl=01:ss=32:pb= 1:sz=32/type=excit/ispb = t/isel =   46
 1.00E+10 1.00E+11 1.00E+12 1.00E+13 1.00E+14 1.00E+15 1.00E+16
 1.88E+01 2.82E+01 4.69E+01 9.38E+01 1.88E+02 4.69E+02 9.38E+02 1.41E+03
 1.88E+03 2.82E+03 4.69E+03 9.38E+03 1.88E+04 2.82E+04
 3.28E-14 9.78E-14 1.18E-12 9.16E-12 2.22E-11 3.29E-11 3.47E-11 3.41E-11
 3.32E-11 3.15E-11 2.90E-11 2.52E-11 2.14E-11 1.92E-11
 3.40E-14 9.95E-14 1.19E-12 9.14E-12 2.19E-11 3.19E-11 3.30E-11 3.21E-11
 3.10E-11 2.91E-11 2.63E-11 2.24E-11 1.87E-11 1.66E-11
 4.61E-14 1.16E-13 1.21E-12 9.21E-12 2.22E-11 3.28E-11 3.41E-11 3.31E-11
 3.19E-11 2.98E-11 2.69E-11 2.26E-11 1.86E-11 1.64E-11
 1.63E-13 2.75E-13 1.49E-12 9.83E-12 2.28E-11 3.29E-11 3.45E-11 3.39E-11
 3.30E-11 3.14E-11 2.88E-11 2.48E-11 2.07E-11 1.84E-11
 7.77E-13 1.08E-12 2.33E-12 6.10E-12 8.21E-12 9.13E-12 9.31E-12 9.31E-12
 9.29E-12 9.21E-12 9.08E-12 8.81E-12 8.45E-12 8.19E-12
 5.04E-13 6.29E-13 7.81E-13 9.40E-13 1.00E-12 1.04E-12 1.05E-12 1.05E-12
 1.06E-12 1.06E-12 1.06E-12 1.05E-12 1.05E-12 1.04E-12
 7.06E-14 8.59E-14 9.43E-14 9.87E-14 1.02E-13 1.05E-13 1.06E-13 1.06E-13
 1.06E-13 1.06E-13 1.06E-13 1.06E-13 1.06E-13 1.06E-13
  1713.50    7  14 /pl=01:ss=32:pb= 1:sz=32/type=excit/ispb = t/isel =   47
 1.00E+10 1.00E+11 1.00E+12 1.00E+13 1.00E+14 1.00E+15 1.00E+16
 1.88E+01 2.82E+01 4.69E+01 9.38E+01 1.88E+02 4.69E+02 9.38E+02 1.41E+03
 1.88E+03 2.82E+03 4.69E+03 9.38E+03 1.88E+04 2.82E+04
 1.16E-11 1.40E-11 2.67E-11 1.13E-10 2.54E-10 3.63E-10 3.76E-10 3.69E-10
 3.59E-10 3.41E-10 3.14E-10 2.74E-10 2.34E-10 2.11E-10
 1.15E-11 1.40E-11 2.66E-11 1.12E-10 2.48E-10 3.46E-10 3.52E-10 3.41E-10
 3.29E-10 3.09E-10 2.81E-10 2.41E-10 2.02E-10 1.81E-10
 1.14E-11 1.38E-11 2.62E-11 1.07E-10 2.23E-10 2.99E-10 3.03E-10 2.94E-10
 2.85E-10 2.69E-10 2.47E-10 2.14E-10 1.81E-10 1.62E-10
 1.05E-11 1.26E-11 2.29E-11 7.08E-11 1.07E-10 1.19E-10 1.19E-10 1.18E-10
 1.17E-10 1.14E-10 1.11E-10 1.04E-10 9.67E-11 9.16E-11
 6.30E-12 7.30E-12 1.03E-11 1.41E-11 1.41E-11 1.37E-11 1.36E-11 1.35E-11
 1.35E-11 1.35E-11 1.35E-11 1.35E-11 1.36E-11 1.36E-11
 1.30E-12 1.37E-12 1.41E-12 1.40E-12 1.37E-12 1.32E-12 1.31E-12 1.30E-12
 1.30E-12 1.29E-12 1.29E-12 1.29E-12 1.29E-12 1.30E-12
 1.42E-13 1.44E-13 1.42E-13 1.39E-13 1.35E-13 1.31E-13 1.29E-13 1.28E-13
 1.28E-13 1.27E-13 1.27E-13 1.27E-13 1.27E-13 1.27E-13
  2362.39    7  14 /pl=01:ss=32:pb= 1:sz=32/type=excit/ispb = t/isel =   48
 1.00E+10 1.00E+11 1.00E+12 1.00E+13 1.00E+14 1.00E+15 1.00E+16
 1.88E+01 2.82E+01 4.69E+01 9.38E+01 1.88E+02 4.69E+02 9.38E+02 1.41E+03
 1.88E+03 2.82E+03 4.69E+03 9.38E+03 1.88E+04 2.82E+04
 2.98E-11 3.55E-11 7.02E-11 3.12E-10 7.09E-10 1.02E-09 1.05E-09 1.03E-09
 1.00E-09 9.53E-10 8.80E-10 7.70E-10 6.58E-10 5.94E-10
 2.98E-11 3.55E-11 7.01E-11 3.09E-10 6.91E-10 9.65E-10 9.82E-10 9.51E-10
 9.18E-10 8.63E-10 7.85E-10 6.75E-10 5.67E-10 5.09E-10
 2.96E-11 3.53E-11 6.93E-11 2.93E-10 6.17E-10 8.22E-10 8.30E-10 8.07E-10
 7.82E-10 7.39E-10 6.79E-10 5.90E-10 5.01E-10 4.51E-10
 2.84E-11 3.36E-11 6.22E-11 1.91E-10 2.71E-10 2.85E-10 2.82E-10 2.80E-10
 2.77E-10 2.73E-10 2.67E-10 2.56E-10 2.42E-10 2.32E-10
 1.90E-11 2.09E-11 2.73E-11 3.10E-11 2.81E-11 2.61E-11 2.55E-11 2.54E-11
 2.54E-11 2.54E-11 2.55E-11 2.58E-11 2.63E-11 2.66E-11
 3.42E-12 3.22E-12 2.99E-12 2.69E-12 2.51E-12 2.38E-12 2.33E-12 2.31E-12
 2.30E-12 2.30E-12 2.29E-12 2.29E-12 2.29E-12 2.30E-12
 3.42E-13 3.07E-13 2.80E-13 2.62E-13 2.47E-13 2.34E-13 2.28E-13 2.26E-13
 2.25E-13 2.24E-13 2.23E-13 2.23E-13 2.22E-13 2.22E-13
  2935.13    7  14 /pl=01:ss=32:pb= 1:sz=32/type=excit/ispb = t/isel =   49
 1.00E+10 1.00E+11 1.00E+12 1.00E+13 1.00E+14 1.00E+15 1.00E+16
 1.88E+01 2.82E+01 4.69E+01 9.38E+01 1.88E+02 4.69E+02 9.38E+02 1.41E+03
 1.88E+03 2.82E+03 4.69E+03 9.38E+03 1.88E+04 2.82E+04
 3.42E-11 3.89E-11 6.57E-11 2.48E-10 5.46E-10 7.71E-10 7.95E-10 7.78E-10
 7.56E-10 7.19E-10 6.63E-10 5.80E-10 4.95E-10 4.47E-10
 3.41E-11 3.88E-11 6.56E-11 2.46E-10 5.29E-10 7.27E-10 7.36E-10 7.12E-10
 6.87E-10 6.46E-10 5.87E-10 5.05E-10 4.25E-10 3.81E-10
 3.38E-11 3.84E-11 6.43E-11 2.28E-10 4.51E-10 5.78E-10 5.79E-10 5.63E-10
 5.46E-10 5.18E-10 4.78E-10 4.19E-10 3.59E-10 3.25E-10
 3.08E-11 3.43E-11 5.33E-11 1.25E-10 1.53E-10 1.50E-10 1.46E-10 1.45E-10
 1.44E-10 1.43E-10 1.42E-10 1.39E-10 1.35E-10 1.32E-10
 1.51E-11 1.52E-11 1.63E-11 1.53E-11 1.34E-11 1.23E-11 1.20E-11 1.19E-11
 1.19E-11 1.19E-11 1.19E-11 1.20E-11 1.22E-11 1.23E-11
 1.88E-12 1.67E-12 1.49E-12 1.34E-12 1.23E-12 1.15E-12 1.12E-12 1.11E-12
 1.10E-12 1.10E-12 1.09E-12 1.09E-12 1.09E-12 1.09E-12
 1.79E-13 1.58E-13 1.42E-13 1.31E-13 1.22E-13 1.13E-13 1.10E-13 1.09E-13
 1.08E-13 1.07E-13 1.07E-13 1.07E-13 1.07E-13 1.07E-13
  5924.87    7  14 /pl=01:ss=32:pb= 1:sz=32/type=excit/ispb = t/isel =   50
 1.00E+10 1.00E+11 1.00E+12 1.00E+13 1.00E+14 1.00E+15 1.00E+16
 1.88E+01 2.82E+01 4.69E+01 9.38E+01 1.88E+02 4.69E+02 9.38E+02 1.41E+03
 1.88E+03 2.82E+03 4.69E+03 9.38E+03 1.88E+04 2.82E+04
 7.63E-13 1.13E-12 4.22E-12 2.59E-11 6.11E-11 8.95E-11 9.38E-11 9.22E-11
 8.99E-11 8.55E-11 7.90E-11 6.91E-11 5.90E-11 5.32E-11
 7.66E-13 1.13E-12 4.23E-12 2.58E-11 6.04E-11 8.67E-11 8.93E-11 8.68E-11
 8.39E-11 7.88E-11 7.17E-11 6.14E-11 5.15E-11 4.60E-11
 7.96E-13 1.17E-12 4.30E-12 2.59E-11 6.06E-11 8.72E-11 8.98E-11 8.72E-11
 8.42E-11 7.90E-11 7.16E-11 6.09E-11 5.05E-11 4.49E-11
 1.07E-12 1.52E-12 4.86E-12 2.54E-11 5.07E-11 6.50E-11 6.64E-11 6.53E-11
 6.40E-11 6.15E-11 5.78E-11 5.17E-11 4.51E-11 4.11E-11
 2.14E-12 2.75E-12 5.19E-12 1.04E-11 1.20E-11 1.22E-11 1.22E-11 1.21E-11
 1.21E-11 1.21E-11 1.20E-11 1.18E-11 1.16E-11 1.14E-11
 9.89E-13 1.10E-12 1.21E-12 1.29E-12 1.28E-12 1.26E-12 1.25E-12 1.25E-12
 1.25E-12 1.25E-12 1.25E-12 1.25E-12 1.25E-12 1.25E-12
 1.24E-13 1.31E-13 1.31E-13 1.30E-13 1.28E-13 1.26E-13 1.24E-13 1.24E-13
 1.24E-13 1.24E-13 1.23E-13 1.23E-13 1.23E-13 1.23E-13
c-------------------------------------------------------------------------------
 
C  root partition information
C  ==========================
C
C  nuclear charge : 74
C  ion charge+1   : 33
C
C  population calculation information
C  ----------------------------------
C
C  population processing code: adas810
C
C  adf04 source file    : adf04_copmm#74_ls_40#w32.dat
C  adf18/a17_p208 file  : NULL
C
C  meta. ion. coeff. selector  : 
 
C  options  : lnorm =T  lpsel =F  lzsel =T  liosel=F
C           : lhsel =F  lrsel =F  lisel =F  lnsel =F
 
C  energy levels
C  -------------
C
C   lv      configuration    (2S+1)L(w-1/2)      energy (cm^-1)
C  ---   ------------------- --------------      --------------
c    1   69                     (5)2( 12.0)             0.0
c    2   69                     (3)1(  4.0)         34070.0
c    3   69                     (3)3( 10.0)         42330.0
c    4   69                     (3)4( 13.0)        100690.0
c    5   69                     (3)5( 16.0)        117568.0
c    6   69                     (3)2(  7.0)        132944.9
c    7   69                     (1)6(  6.0)        185671.0
c    8   69                     (3)3( 10.0)        206470.0
c    9   69                     (1)4(  4.0)        210196.0
c   10   69                     (1)2(  2.0)        212389.0
c   11   69                     (3)1(  4.0)        285270.0
c   12   69                     (1)2(  2.0)        315940.0
c   13   69                     (1)4(  4.0)        331340.0
c   14   69                     (1)3(  3.0)        352380.0
c   15   69                     (1)0(  0.0)        358880.0
c   16   69                     (1)0(  0.0)        467160.0
c   17   606527558579           (1)0(  0.0)       1319240.0
c   18   606527558579           (5)3( 17.0)       1411840.0
c   19   606527558579           (3)1(  4.0)       1435440.0
c   20   606527558579           (3)3( 10.0)       1461840.0
c   21   606527558579           (5)0(  2.0)       1474740.0
c   22   5951A                  (7)3( 24.0)       1490540.0
c   23   606527558579           (3)5( 16.0)       1491040.0
c   24   606527558579           (1)4(  4.0)       1518440.0
c   25   606527558579           (1)3(  3.0)       1532640.0
c   26   606527558579           (1)5(  5.0)       1537540.0
c   27   5951A                  (1)0(  0.0)       1557240.0
c   28   606527558579           (3)3( 10.0)       1560940.0
c   29   5951A                  (1)3(  3.0)       1581240.0
c   30   606527558579           (1)2(  2.0)       1588340.0
c   31   5951A                  (5)6( 32.0)       1589240.0
c   32   606527558579           (5)2( 12.0)       1594740.0
c   33   5951A                  (3)0(  1.0)       1597840.0
c   34   5951A                  (1)4(  4.0)       1598540.0
c   35   606527558579           (1)2(  2.0)       1618040.0
c   36   606527558579           (5)4( 22.0)       1619540.0
c   37   5951A                  (1)8(  8.0)       1620040.0
c   38   5951A                  (5)5( 27.0)       1626640.0
c   39   5951A                  (5)7( 37.0)       1631540.0
c   40   606527558579           (1)4(  4.0)       1635840.0
c   41   5951A                  (5)4( 22.0)       1636540.0
c   42   5951A                  (5)3( 17.0)       1647140.0
c   43   5951A                  (5)1(  7.0)       1656940.0
c   44   5951A                  (5)2( 12.0)       1660640.0
c   45   5951A                  (1)6(  6.0)       1665240.0
c   46   5951A                  (5)4( 22.0)       1667440.0
c   47   5951A                  (1)5(  5.0)       1670140.0
c   48   5951A                  (1)3(  3.0)       1670640.0
c   49   5951A                  (1)7(  7.0)       1674940.0
c   50   5951A                  (5)5( 27.0)       1681840.0
c   51   5951A                  (5)4( 22.0)       1682340.0
c   52   5951A                  (3)1(  4.0)       1687440.0
c   53   5951A                  (3)2(  7.0)       1688840.0
c   54   5951A                  (3)5( 16.0)       1697440.0
c   55   5951A                  (5)3( 17.0)       1700740.0
c   56   5951A                  (3)7( 22.0)       1702540.0
c   57   5951A                  (1)4(  4.0)       1702640.0
c   58   5951A                  (5)5( 27.0)       1703940.0
c   59   5951A                  (5)3( 17.0)       1703940.0
c   60   5951A                  (3)7( 22.0)       1707140.0
c   61   5951A                  (3)6( 19.0)       1718040.0
c   62   5951A                  (3)3( 10.0)       1718040.0
c   63   5951A                  (1)2(  2.0)       1718140.0
c   64   5951A                  (5)2( 12.0)       1721840.0
c   65   5951A                  (3)3( 10.0)       1722840.0
c   66   5951A                  (3)8( 25.0)       1724540.0
c   67   5951A                  (5)3( 17.0)       1725040.0
c   68   5951A                  (3)3( 10.0)       1730640.0
c   69   5951A                  (3)9( 28.0)       1732240.0
c   70   5951A                  (3)1(  4.0)       1735640.0
c   71   5951A                  (3)7( 22.0)       1737440.0
c   72   5951A                  (3)6( 19.0)       1738040.0
c   73   606527558579           (5)1(  7.0)       1738640.0
c   74   5951A                  (5)2( 12.0)       1739040.0
c   75   5951A                  (3)3( 10.0)       1740340.0
c   76   5951A                  (1)6(  6.0)       1742040.0
c   77   5951A                  (1)5(  5.0)       1742140.0
c   78   5951A                  (3)4( 13.0)       1744440.0
c   79   5951A                  (1)8(  8.0)       1745540.0
c   80   606527558579           (3)5( 16.0)       1749240.0
c   81   5951A                  (1)9(  9.0)       1749840.0
c   82   606527558579           (1)3(  3.0)       1750940.0
c   83   5951A                  (3)4( 13.0)       1762040.0
c   84   5951A                  (3)3( 10.0)       1762540.0
c   85   606527558579           (3)3( 10.0)       1762940.0
c   86   606527558579           (5)2( 12.0)       1763340.0
c   87   606527558579           (3)1(  4.0)       1769340.0
c   88   5951A                  (1)0(  0.0)       1770040.0
c   89   5951A                  (3)5( 16.0)       1777440.0
c   90   5951A                  (3)4( 13.0)       1779340.0
c   91   5951A                  (3)2(  7.0)       1779440.0
c   92   5951A                  (3)4( 13.0)       1782140.0
c   93   5951A                  (5)4( 22.0)       1782740.0
c   94   5951A                  (3)4( 13.0)       1784040.0
c   95   606527558579           (3)2(  7.0)       1784340.0
c   96   5951A                  (5)3( 17.0)       1791040.0
c   97   5951A                  (3)1(  4.0)       1791540.0
c   98   606527558579           (3)6( 19.0)       1793840.0
c   99   5951A                  (5)6( 32.0)       1794040.0
c  100   606527558579           (3)4( 13.0)       1794740.0
c  101   606527558579           (3)0(  1.0)       1797540.0
c  102   5951A                  (3)5( 16.0)       1797840.0
c  103   5951A                  (1)2(  2.0)       1798840.0
c  104   5951A                  (3)2(  7.0)       1800440.0
c  105   5951A                  (3)6( 19.0)       1800840.0
c  106   5951A                  (5)1(  7.0)       1801740.0
c  107   5951A                  (3)2(  7.0)       1802140.0
c  108   5951A                  (3)1(  4.0)       1803940.0
c  109   5951A                  (3)3( 10.0)       1813140.0
c  110   5951A                  (1)6(  6.0)       1818940.0
c  111   5951A                  (3)3( 10.0)       1820340.0
c  112   5951A                  (5)0(  2.0)       1820540.0
c  113   5951A                  (3)5( 16.0)       1821340.0
c  114   5951A                  (3)4( 13.0)       1824940.0
c  115   5951A                  (3)6( 19.0)       1826540.0
c  116   5951A                  (3)7( 22.0)       1833840.0
c  117   5951A                  (3)1(  4.0)       1837340.0
c  118   606527558579           (3)2(  7.0)       1842340.0
c  119   5951A                  (3)5( 16.0)       1847140.0
c  120   5951A                  (1)3(  3.0)       1849140.0
c  121   5951A                  (1)6(  6.0)       1850040.0
c  122   5951A                  (3)2(  7.0)       1851240.0
c  123   5951A                  (3)7( 22.0)       1852240.0
c  124   5951A                  (3)6( 19.0)       1854740.0
c  125   5951A                  (3)8( 25.0)       1855240.0
c  126   5951A                  (3)5( 16.0)       1855540.0
c  127   5951A                  (1)4(  4.0)       1856140.0
c  128   606527558579           (3)2(  7.0)       1856140.0
c  129   5951A                  (3)6( 19.0)       1857540.0
c  130   5951A                  (3)0(  1.0)       1862640.0
c  131   5951A                  (1)3(  3.0)       1865740.0
c  132   5951A                  (3)5( 16.0)       1865840.0
c  133   5951A                  (3)3( 10.0)       1873540.0
c  134   5951A                  (1)1(  1.0)       1873940.0
c  135   5951A                  (1)5(  5.0)       1874040.0
c  136   5951A                  (3)1(  4.0)       1878040.0
c  137   5951A                  (5)2( 12.0)       1878040.0
c  138   5951A                  (3)1(  4.0)       1878940.0
c  139   5951A                  (3)1(  4.0)       1881040.0
c  140   5951A                  (1)2(  2.0)       1882840.0
c  141   5951A                  (3)3( 10.0)       1886740.0
c  142   5951A                  (3)3( 10.0)       1888440.0
c  143   5951A                  (1)1(  1.0)       1889440.0
c  144   5951A                  (1)2(  2.0)       1889940.0
c  145   5951A                  (3)4( 13.0)       1890140.0
c  146   5951A                  (1)4(  4.0)       1894440.0
c  147   5951A                  (3)4( 13.0)       1895940.0
c  148   5951A                  (3)3( 10.0)       1900140.0
c  149   5951A                  (3)4( 13.0)       1901040.0
c  150   5951A                  (3)6( 19.0)       1904540.0
c  151   5951A                  (3)5( 16.0)       1916040.0
c  152   5951A                  (1)5(  5.0)       1918940.0
c  153   5951A                  (1)3(  3.0)       1924240.0
c  154   5951A                  (1)4(  4.0)       1933140.0
c  155   5951A                  (3)5( 16.0)       1935540.0
c  156   5951A                  (3)6( 19.0)       1935640.0
c  157   5951A                  (3)4( 13.0)       1938640.0
c  158   606527558579           (3)2(  7.0)       1945640.0
c  159   5951A                  (1)5(  5.0)       1945840.0
c  160   606527558579           (3)4( 13.0)       1947340.0
c  161   5951A                  (3)2(  7.0)       1949940.0
c  162   5951A                  (3)4( 13.0)       1951840.0
c  163   5951A                  (1)7(  7.0)       1953240.0
c  164   5951A                  (1)6(  6.0)       1953240.0
c  165   5951A                  (1)2(  2.0)       1954440.0
c  166   5951A                  (5)1(  7.0)       1955040.0
c  167   5951A                  (3)5( 16.0)       1956040.0
c  168   5951A                  (3)2(  7.0)       1961640.0
c  169   5951A                  (3)1(  4.0)       1963340.0
c  170   5951A                  (1)3(  3.0)       1968540.0
c  171   5951A                  (1)3(  3.0)       1974340.0
c  172   5951A                  (3)2(  7.0)       1977040.0
c  173   5951A                  (3)4( 13.0)       1979740.0
c  174   5951A                  (3)2(  7.0)       1981140.0
c  175   5951A                  (1)1(  1.0)       1982140.0
c  176   5951A                  (1)4(  4.0)       1982740.0
c  177   5951A                  (1)4(  4.0)       1985740.0
c  178   606527558579           (3)3( 10.0)       1994540.0
c  179   5951A                  (3)4( 13.0)       1995140.0
c  180   5951A                  (3)2(  7.0)       1995340.0
c  181   5951A                  (1)4(  4.0)       1998840.0
c  182   5951A                  (1)1(  1.0)       2000840.0
c  183   5951A                  (1)6(  6.0)       2002340.0
c  184   5951A                  (1)7(  7.0)       2003340.0
c  185   5951A                  (1)5(  5.0)       2008740.0
c  186   5951A                  (1)2(  2.0)       2009940.0
c  187   5951A                  (3)3( 10.0)       2010140.0
c  188   5951A                  (1)2(  2.0)       2013840.0
c  189   606527558579           (3)2(  7.0)       2020040.0
c  190   606527558579           (3)4( 13.0)       2022140.0
c  191   5951A                  (3)5( 16.0)       2022540.0
c  192   5951A                  (1)4(  4.0)       2029540.0
c  193   5951A                  (3)3( 10.0)       2029540.0
c  194   606527558579           (3)2(  7.0)       2038740.0
c  195   5951A                  (3)3( 10.0)       2040740.0
c  196   5951A                  (3)5( 16.0)       2043340.0
c  197   5951A                  (3)2(  7.0)       2043540.0
c  198   5951A                  (3)2(  7.0)       2045940.0
c  199   5951A                  (1)2(  2.0)       2046740.0
c  200   5951A                  (1)3(  3.0)       2048940.0
c  201   5951A                  (3)2(  7.0)       2054240.0
c  202   606527558579           (3)1(  4.0)       2059540.0
c  203   5951A                  (3)1(  4.0)       2059740.0
c  204   5951A                  (3)0(  1.0)       2062740.0
c  205   5951A                  (1)3(  3.0)       2063940.0
c  206   5951A                  (1)3(  3.0)       2066840.0
c  207   5951A                  (3)3( 10.0)       2072040.0
c  208   5951A                  (1)4(  4.0)       2074640.0
c  209   5951A                  (1)5(  5.0)       2078640.0
c  210   606527558579           (3)4( 13.0)       2132140.0
c  211   5951A                  (3)4( 13.0)       2147440.0
c  212   606527558579           (3)1(  4.0)       2161440.0
c  213   5951A                  (1)7(  7.0)       2163840.0
c  214   5951A                  (1)5(  5.0)       2183540.0
c  215   5951A                  (1)2(  2.0)       2186940.0
c  216   5951A                  (1)1(  1.0)       2191740.0
c  217   5951A                  (1)5(  5.0)       2212840.0
c  218   5951A                  (1)1(  1.0)       2217140.0
c  219   5951A                  (1)3(  3.0)       2254740.0
c  220   5951A                  (1)1(  1.0)       2284140.0
c  221   606527558579           (1)2(  2.0)       2286840.0
c  222   606527558579           (1)5(  5.0)       2303640.0
c  223   606527558579           (1)6(  6.0)       2319840.0
c  224   606527558579           (3)3( 10.0)       2382340.0
c  225   606527558579           (3)0(  1.0)       2430840.0
c  226   606527558579           (1)3(  3.0)       2463840.0
c  227   606527558579           (1)2(  2.0)       2472940.0
c  228   606527558579           (1)3(  3.0)       2499540.0
c  229   606527558579           (1)1(  1.0)       2526940.0
c  230   606527558579           (1)4(  4.0)       2539840.0
c  231   606527558579           (1)1(  1.0)       2542040.0
c  232   606527558579           (1)1(  1.0)       2626140.0
c  233   5951D                  (3)0(  1.0)       4440840.0
c  234   5951D                  (1)4(  4.0)       4503340.0
c  235   5951D                  (7)2( 17.0)       4557740.0
c  236   5951D                  (5)2( 12.0)       4572240.0
c  237   5951D                  (3)3( 10.0)       4594740.0
c  238   5951D                  (5)2( 12.0)       4623340.0
c  239   5951D                  (5)4( 22.0)       4624340.0
c  240   5951D                  (1)7(  7.0)       4627640.0
c  241   5951D                  (1)8(  8.0)       4630440.0
c  242   5951D                  (3)6( 19.0)       4634140.0
c  243   5951D                  (3)4( 13.0)       4638740.0
c  244   5951D                  (1)5(  5.0)       4640340.0
c  245   5951D                  (1)7(  7.0)       4651940.0
c  246   5951D                  (1)1(  1.0)       4652340.0
c  247   5951D                  (5)0(  2.0)       4655040.0
c  248   5951D                  (5)1(  7.0)       4661540.0
c  249   5951D                  (5)4( 22.0)       4662340.0
c  250   5951D                  (5)3( 17.0)       4669340.0
c  251   5951D                  (3)4( 13.0)       4672640.0
c  252   5951D                  (5)5( 27.0)       4673540.0
c  253   5951D                  (5)6( 32.0)       4677740.0
c  254   5951D                  (3)5( 16.0)       4678940.0
c  255   5951D                  (3)2(  7.0)       4696040.0
c  256   5951D                  (3)1(  4.0)       4697840.0
c  257   5951D                  (5)2( 12.0)       4701640.0
c  258   5951D                  (3)4( 13.0)       4703640.0
c  259   5951D                  (3)2(  7.0)       4704340.0
c  260   5951D                  (3)2(  7.0)       4708640.0
c  261   5951D                  (5)3( 17.0)       4709740.0
c  262   5951D                  (1)1(  1.0)       4710140.0
c  263   5951D                  (3)7( 22.0)       4717140.0
c  264   5951D                  (3)6( 19.0)       4719740.0
c  265   5951D                  (3)3( 10.0)       4722440.0
c  266   5951D                  (1)2(  2.0)       4723040.0
c  267   5951D                  (3)8( 25.0)       4727240.0
c  268   5951D                  (3)2(  7.0)       4727740.0
c  269   5951D                  (3)3( 10.0)       4732140.0
c  270   5951D                  (5)5( 27.0)       4734340.0
c  271   5951D                  (3)2(  7.0)       4735540.0
c  272   5951D                  (3)1(  4.0)       4735940.0
c  273   5951D                  (3)2(  7.0)       4737040.0
c  274   5951D                  (3)3( 10.0)       4740440.0
c  275   5951D                  (3)4( 13.0)       4740440.0
c  276   5951D                  (3)6( 19.0)       4744340.0
c  277   5951D                  (3)2(  7.0)       4744340.0
c  278   5951D                  (3)1(  4.0)       4745540.0
c  279   5951D                  (3)3( 10.0)       4746640.0
c  280   5951D                  (3)0(  1.0)       4748140.0
c  281   5951D                  (5)3( 17.0)       4748540.0
c  282   5951D                  (1)2(  2.0)       4751140.0
c  283   5951D                  (3)3( 10.0)       4753340.0
c  284   5951D                  (3)4( 13.0)       4754440.0
c  285   5951D                  (1)5(  5.0)       4760140.0
c  286   5951D                  (5)2( 12.0)       4761440.0
c  287   5951D                  (3)5( 16.0)       4762440.0
c  288   5951D                  (3)3( 10.0)       4765540.0
c  289   5951D                  (1)5(  5.0)       4768840.0
c  290   5951D                  (3)3( 10.0)       4774640.0
c  291   5951D                  (3)1(  4.0)       4775540.0
c  292   5951D                  (3)4( 13.0)       4778940.0
c  293   5951D                  (3)5( 16.0)       4779740.0
c  294   5951D                  (5)4( 22.0)       4783840.0
c  295   5951D                  (5)1(  7.0)       4784440.0
c  296   5951D                  (3)5( 16.0)       4798840.0
c  297   5951D                  (1)5(  5.0)       4798940.0
c  298   5951D                  (5)3( 17.0)       4802240.0
c  299   5951D                  (1)6(  6.0)       4802940.0
c  300   5951D                  (1)3(  3.0)       4818740.0
c  301   5951D                  (1)6(  6.0)       4821340.0
c  302   5951D                  (5)2( 12.0)       4823340.0
c  303   5951D                  (1)3(  3.0)       4825640.0
c  304   5951D                  (1)5(  5.0)       4829940.0
c  305   5951D                  (1)1(  1.0)       4835940.0
c  306   5951D                  (3)6( 19.0)       4838340.0
c  307   5951D                  (1)4(  4.0)       4839340.0
c  308   5951D                  (3)2(  7.0)       4839440.0
c  309   5951D                  (1)2(  2.0)       4839640.0
c  310   5951D                  (3)5( 16.0)       4840340.0
c  311   5951D                  (3)7( 22.0)       4843340.0
c  312   5951D                  (3)4( 13.0)       4845940.0
c  313   5951D                  (3)3( 10.0)       4847440.0
c  314   5951D                  (3)4( 13.0)       4853140.0
c  315   5951D                  (3)4( 13.0)       4855340.0
c  316   5951D                  (3)4( 13.0)       4855740.0
c  317   5951D                  (3)5( 16.0)       4856040.0
c  318   5951D                  (1)3(  3.0)       4857140.0
c  319   5951D                  (3)2(  7.0)       4868940.0
c  320   5951D                  (1)4(  4.0)       4869340.0
c  321   5951D                  (3)2(  7.0)       4869740.0
c  322   5951D                  (3)0(  1.0)       4870640.0
c  323   5951D                  (3)6( 19.0)       4870940.0
c  324   5951D                  (3)3( 10.0)       4873340.0
c  325   5951D                  (3)2(  7.0)       4874340.0
c  326   5951D                  (1)6(  6.0)       4879340.0
c  327   5951D                  (1)3(  3.0)       4881140.0
c  328   5951D                  (3)2(  7.0)       4881940.0
c  329   5951D                  (1)2(  2.0)       4883440.0
c  330   5951D                  (3)5( 16.0)       4891940.0
c  331   5951D                  (3)5( 16.0)       4893840.0
c  332   5951D                  (3)4( 13.0)       4901940.0
c  333   5951D                  (1)3(  3.0)       4906540.0
c  334   5951D                  (3)1(  4.0)       4909040.0
c  335   5951D                  (3)3( 10.0)       4909840.0
c  336   5951D                  (1)3(  3.0)       4912540.0
c  337   5951D                  (3)1(  4.0)       4912840.0
c  338   5951D                  (1)3(  3.0)       4914940.0
c  339   5951D                  (1)4(  4.0)       4916740.0
c  340   5951D                  (1)5(  5.0)       4916940.0
c  341   5951D                  (5)1(  7.0)       4922140.0
c  342   5951D                  (1)1(  1.0)       4925340.0
c  343   5951D                  (1)2(  2.0)       4927440.0
c  344   5951D                  (3)1(  4.0)       4928440.0
c  345   5951D                  (3)3( 10.0)       4930640.0
c  346   5951D                  (1)6(  6.0)       4939140.0
c  347   5951D                  (3)4( 13.0)       4946740.0
c  348   5951D                  (1)4(  4.0)       4946840.0
c  349   5951D                  (3)1(  4.0)       4950440.0
c  350   5951D                  (1)1(  1.0)       4951140.0
c  351   5951D                  (1)0(  0.0)       4957740.0
c  352   5951D                  (3)0(  1.0)       4960340.0
c  353   5951D                  (1)4(  4.0)       4960640.0
c  354   5951D                  (1)4(  4.0)       4962940.0
c  355   5951D                  (1)2(  2.0)       4965440.0
c  356   5951D                  (3)1(  4.0)       4985340.0
c  357   5951D                  (1)4(  4.0)       4985740.0
c  358   5951D                  (1)2(  2.0)       4987940.0
c  359   5951D                  (1)3(  3.0)       4998340.0
c  360   5951D                  (1)3(  3.0)       5026340.0
c  361   5951D                  (3)2(  7.0)       5048240.0
c  362   5951D                  (1)1(  1.0)       5050140.0
c  363   5951D                  (1)2(  2.0)       5051940.0
c  364   5951D                  (3)3( 10.0)       5064640.0
c  365   5951D                  (1)4(  4.0)       5070940.0
c  366   5951D                  (1)2(  2.0)       5074840.0
c  367   5951D                  (1)0(  0.0)       5089840.0
c  368   5951D                  (1)0(  0.0)       5178140.0
c  369   5951E                  (1)2(  2.0)       5195840.0
c  370   5951E                  (7)3( 24.0)       5271440.0
c  371   5951E                  (5)3( 17.0)       5285640.0
c  372   5951E                  (3)1(  4.0)       5299340.0
c  373   5951E                  (1)6(  6.0)       5320640.0
c  374   5951E                  (3)6( 19.0)       5320940.0
c  375   5951E                  (5)4( 22.0)       5321540.0
c  376   5951E                  (1)2(  2.0)       5324940.0
c  377   5951E                  (3)6( 19.0)       5329840.0
c  378   5951E                  (5)5( 27.0)       5334640.0
c  379   5951E                  (5)0(  2.0)       5335140.0
c  380   5951E                  (1)1(  1.0)       5335840.0
c  381   5951E                  (5)4( 22.0)       5340140.0
c  382   5951E                  (5)2( 12.0)       5341640.0
c  383   5951E                  (5)7( 37.0)       5346940.0
c  384   5951E                  (1)6(  6.0)       5357640.0
c  385   5951E                  (5)4( 22.0)       5364540.0
c  386   5951E                  (1)1(  1.0)       5369140.0
c  387   5951E                  (3)3( 10.0)       5376140.0
c  388   5951E                  (5)3( 17.0)       5376440.0
c  389   5951E                  (3)2(  7.0)       5378140.0
c  390   5951E                  (5)5( 27.0)       5378940.0
c  391   5951E                  (5)6( 32.0)       5381040.0
c  392   5951E                  (1)3(  3.0)       5381240.0
c  393   5951E                  (1)4(  4.0)       5381440.0
c  394   5951E                  (3)5( 16.0)       5381940.0
c  395   5951E                  (3)4( 13.0)       5385540.0
c  396   5951E                  (5)3( 17.0)       5387440.0
c  397   5951E                  (3)7( 22.0)       5388140.0
c  398   5951E                  (5)2( 12.0)       5388740.0
c  399   5951E                  (5)3( 17.0)       5392740.0
c  400   5951E                  (3)2(  7.0)       5398840.0
c  401   5951E                  (5)4( 22.0)       5400840.0
c  402   5951E                  (3)3( 10.0)       5403540.0
c  403   5951E                  (1)5(  5.0)       5410540.0
c  404   5951E                  (5)1(  7.0)       5410840.0
c  405   5951E                  (1)4(  4.0)       5414340.0
c  406   5951E                  (5)3( 17.0)       5417240.0
c  407   5951E                  (3)2(  7.0)       5418640.0
c  408   5951E                  (3)4( 13.0)       5421140.0
c  409   5951E                  (3)3( 10.0)       5425940.0
c  410   5951E                  (3)1(  4.0)       5429340.0
c  411   5951E                  (3)4( 13.0)       5431340.0
c  412   5951E                  (3)2(  7.0)       5439440.0
c  413   5951E                  (3)3( 10.0)       5439840.0
c  414   5951E                  (3)1(  4.0)       5443640.0
c  415   5951E                  (5)1(  7.0)       5443740.0
c  416   5951E                  (3)2(  7.0)       5444940.0
c  417   5951E                  (3)7( 22.0)       5445240.0
c  418   5951E                  (3)9( 28.0)       5446640.0
c  419   5951E                  (3)5( 16.0)       5446640.0
c  420   5951E                  (3)6( 19.0)       5447340.0
c  421   5951E                  (3)8( 25.0)       5449040.0
c  422   5951E                  (3)5( 16.0)       5449340.0
c  423   5951E                  (1)8(  8.0)       5450040.0
c  424   5951E                  (1)7(  7.0)       5450240.0
c  425   5951E                  (3)2(  7.0)       5450440.0
c  426   5951E                  (1)9(  9.0)       5450640.0
c  427   5951E                  (1)0(  0.0)       5452040.0
c  428   5951E                  (1)5(  5.0)       5452440.0
c  429   5951E                  (3)4( 13.0)       5452740.0
c  430   5951E                  (3)4( 13.0)       5454740.0
c  431   5951E                  (3)7( 22.0)       5463740.0
c  432   5951E                  (3)4( 13.0)       5464040.0
c  433   5951E                  (1)4(  4.0)       5466540.0
c  434   5951E                  (3)3( 10.0)       5466640.0
c  435   5951E                  (3)6( 19.0)       5466840.0
c  436   5951E                  (1)7(  7.0)       5470440.0
c  437   5951E                  (3)8( 25.0)       5471840.0
c  438   5951E                  (3)5( 16.0)       5473640.0
c  439   5951E                  (1)3(  3.0)       5473640.0
c  440   5951E                  (3)5( 16.0)       5474040.0
c  441   5951E                  (5)1(  7.0)       5474140.0
c  442   5951E                  (1)6(  6.0)       5476640.0
c  443   5951E                  (1)3(  3.0)       5478340.0
c  444   5951E                  (5)6( 32.0)       5478540.0
c  445   5951E                  (3)4( 13.0)       5479440.0
c  446   5951E                  (3)3( 10.0)       5481540.0
c  447   5951E                  (5)5( 27.0)       5483540.0
c  448   5951E                  (5)2( 12.0)       5483640.0
c  449   5951E                  (1)2(  2.0)       5486740.0
c  450   5951E                  (3)3( 10.0)       5493440.0
c  451   5951E                  (3)3( 10.0)       5497640.0
c  452   5951E                  (3)3( 10.0)       5501140.0
c  453   5951E                  (3)4( 13.0)       5502440.0
c  454   5951E                  (3)1(  4.0)       5514840.0
c  455   5951E                  (3)2(  7.0)       5522340.0
c  456   5951E                  (3)0(  1.0)       5523540.0
c  457   5951E                  (3)6( 19.0)       5525040.0
c  458   5951E                  (5)2( 12.0)       5526040.0
c  459   5951E                  (1)0(  0.0)       5530140.0
c  460   5951E                  (1)2(  2.0)       5532540.0
c  461   5951E                  (3)5( 16.0)       5533040.0
c  462   5951E                  (3)0(  1.0)       5533240.0
c  463   5951E                  (3)7( 22.0)       5536740.0
c  464   5951E                  (1)3(  3.0)       5537040.0
c  465   5951E                  (1)6(  6.0)       5546240.0
c  466   5951E                  (3)1(  4.0)       5548440.0
c  467   5951E                  (1)5(  5.0)       5549640.0
c  468   5951E                  (3)5( 16.0)       5551140.0
c  469   5951E                  (3)5( 16.0)       5552140.0
c  470   5951E                  (3)1(  4.0)       5554340.0
c  471   5951E                  (3)2(  7.0)       5554840.0
c  472   5951E                  (3)3( 10.0)       5555840.0
c  473   5951E                  (1)2(  2.0)       5558540.0
c  474   5951E                  (3)2(  7.0)       5559940.0
c  475   5951E                  (3)4( 13.0)       5560640.0
c  476   5951E                  (3)5( 16.0)       5561740.0
c  477   5951E                  (3)4( 13.0)       5562240.0
c  478   5951E                  (3)5( 16.0)       5565240.0
c  479   5951E                  (1)1(  1.0)       5568540.0
c  480   5951E                  (3)6( 19.0)       5568940.0
c  481   5951E                  (3)0(  1.0)       5569040.0
c  482   5951E                  (3)3( 10.0)       5571140.0
c  483   5951E                  (1)4(  4.0)       5573340.0
c  484   5951E                  (3)6( 19.0)       5575340.0
c  485   5951E                  (3)3( 10.0)       5586340.0
c  486   5951E                  (3)6( 19.0)       5587940.0
c  487   5951E                  (1)8(  8.0)       5593140.0
c  488   5951E                  (3)3( 10.0)       5593340.0
c  489   5951E                  (3)4( 13.0)       5595040.0
c  490   5951E                  (1)3(  3.0)       5596240.0
c  491   5951E                  (3)2(  7.0)       5597840.0
c  492   5951E                  (1)7(  7.0)       5598540.0
c  493   5951E                  (1)4(  4.0)       5600740.0
c  494   5951E                  (3)1(  4.0)       5601740.0
c  495   5951E                  (3)4( 13.0)       5602640.0
c  496   5951E                  (1)3(  3.0)       5604640.0
c  497   5951E                  (1)6(  6.0)       5605340.0
c  498   5951E                  (1)2(  2.0)       5609040.0
c  499   5951E                  (1)3(  3.0)       5611140.0
c  500   5951E                  (1)4(  4.0)       5611340.0
c  501   5951E                  (1)2(  2.0)       5611440.0
c  502   5951E                  (3)3( 10.0)       5612140.0
c  503   5951E                  (1)5(  5.0)       5612240.0
c  504   5951E                  (3)1(  4.0)       5612740.0
c  505   5951E                  (3)2(  7.0)       5615640.0
c  506   5951E                  (3)5( 16.0)       5619240.0
c  507   5951E                  (1)5(  5.0)       5619440.0
c  508   5951E                  (1)1(  1.0)       5623840.0
c  509   5951E                  (1)5(  5.0)       5624840.0
c  510   5951E                  (1)1(  1.0)       5627640.0
c  511   5951E                  (1)4(  4.0)       5629940.0
c  512   5951E                  (1)5(  5.0)       5631140.0
c  513   5951E                  (1)3(  3.0)       5631640.0
c  514   5951E                  (3)7( 22.0)       5632140.0
c  515   5951E                  (1)6(  6.0)       5632640.0
c  516   5951E                  (1)3(  3.0)       5637840.0
c  517   5951E                  (3)2(  7.0)       5638440.0
c  518   5951E                  (3)4( 13.0)       5642140.0
c  519   5951E                  (3)1(  4.0)       5643140.0
c  520   5951E                  (1)5(  5.0)       5644340.0
c  521   5951E                  (1)3(  3.0)       5651140.0
c  522   5951E                  (1)1(  1.0)       5655440.0
c  523   5951E                  (1)4(  4.0)       5655640.0
c  524   5951E                  (1)4(  4.0)       5657040.0
c  525   5951E                  (1)7(  7.0)       5669640.0
c  526   5951E                  (1)2(  2.0)       5677840.0
c  527   5951E                  (1)4(  4.0)       5720940.0
c  528   5951E                  (3)5( 16.0)       5743440.0
c  529   5951E                  (3)1(  4.0)       5743640.0
c  530   5951E                  (1)5(  5.0)       5748140.0
c  531   5951E                  (3)3( 10.0)       5749640.0
c  532   5951E                  (3)2(  7.0)       5754140.0
c  533   5951E                  (3)4( 13.0)       5758340.0
c  534   5951E                  (1)2(  2.0)       5758540.0
c  535   5951E                  (1)1(  1.0)       5765240.0
c  536   5951E                  (1)3(  3.0)       5773840.0
 
 
 
c-------------------------------------------------------------------------------
 
C  superstage partition information
C  ================================
C
C  element symbol   : W
C  parent template  : 
C  partition level  :  1
C  superstage label : 32
C
C  tabulation       : photon emissivity coefft (te,ne)
C  units            : ph. emis coef(cm^3 s^-1); te (ev); ne (cm^-3)
C
C  photon emissivity atomic transitions
C  ------------------------------------
C  
C   isel  wvlen(A)            transition                type  ispb nspb
C                                                             ispp nspp sz    tg pr wr
C  ----- ---------- ----------------------------------- ----- ---- ---- --    -- -- --
C      1   49.0018  195(3)3( 10.0)-  1(5)2( 12.0)       excit   1    1  32   173 18  1
C      2   49.8338  195(3)3( 10.0)-  2(3)1(  4.0)       excit   1    1  32   616 49  2
C      3   49.9099  198(3)2(  7.0)-  3(3)3( 10.0)       excit   1    1  32  1035 27  3
C      4   49.9790  182(1)1(  1.0)-  1(5)2( 12.0)       excit   1    1  32   162 29  4
C      5   50.0398  195(3)3( 10.0)-  3(3)3( 10.0)       excit   1    1  32  1032 16  5
C      6   50.5807  172(3)2(  7.0)-  1(5)2( 12.0)       excit   1    1  32   152 47  6
C      7   50.9336  169(3)1(  4.0)-  1(5)2( 12.0)       excit   1    1  32   149 20  7
C      8   51.4676  172(3)2(  7.0)-  2(3)1(  4.0)       excit   1    1  32   601 23  8
C      9   51.5451  195(3)3( 10.0)-  4(3)4( 13.0)       excit   1    1  32  1513 48  9
C     10   51.5826  157(3)4( 13.0)-  1(5)2( 12.0)       excit   1    1  32   139 19 10
C     11   52.2818  166(5)1(  7.0)-  3(3)3( 10.0)       excit   1    1  32  1005 31 11
C     12   52.6028  149(3)4( 13.0)-  1(5)2( 12.0)       excit   1    1  32   131 15 12
C     13   52.9538  142(3)3( 10.0)-  1(5)2( 12.0)       excit   1    1  32   124 50 13
C     14   53.2470  137(5)2( 12.0)-  1(5)2( 12.0)       excit   1    1  32   119  3 14
C     15   53.3607  135(1)5(  5.0)-  1(5)2( 12.0)       excit   1    1  32   117  5 15
C     16   53.8752  128(3)2(  7.0)-  1(5)2( 12.0)       excit   1    1  32   110 37 16
C     17   54.0792  120(1)3(  3.0)-  1(5)2( 12.0)       excit   1    1  32   105 13 17
C     18   54.4084  157(3)4( 13.0)-  4(3)4( 13.0)       excit   1    1  32  1479 24 18
C     19   54.6838  168(3)2(  7.0)-  6(3)2(  7.0)       excit   1    1  32  2373 39 19
C     20   54.6941  195(3)3( 10.0)- 10(1)2(  2.0)       excit   1    1  32  3908 46 20
C     21   54.7963  114(3)4( 13.0)-  1(5)2( 12.0)       excit   1    1  32   100  6 21
C     22   55.5420  104(3)2(  7.0)-  1(5)2( 12.0)       excit   1    1  32    91 10 22
C     23   56.5868  148(3)3( 10.0)-  6(3)2(  7.0)       excit   1    1  32  2359 38 23
C     24   56.7106   86(5)2( 12.0)-  1(5)2( 12.0)       excit   1    1  32    73 30 24
C     25   57.5185  128(3)2(  7.0)-  5(3)5( 16.0)       excit   1    1  32  1917 42 25
C     26   57.9290  157(3)4( 13.0)- 10(1)2(  2.0)       excit   1    1  32  3882 28 26
C     27   57.9697   67(5)3( 17.0)-  1(5)2( 12.0)       excit   1    1  32    59 11 27
C     28   58.1054   86(5)2( 12.0)-  3(3)3( 10.0)       excit   1    1  32   933 26 28
C     29   58.5695  114(3)4( 13.0)-  5(3)5( 16.0)       excit   1    1  32  1904 45 29
C     30   58.6521   74(5)2( 12.0)-  2(3)1(  4.0)       excit   1    1  32   538 40 30
C     31   60.1449   86(5)2( 12.0)-  4(3)4( 13.0)       excit   1    1  32  1414 32 31
C     32   350.545   11(3)1(  4.0)-  1(5)2( 12.0)       excit   1    1  32    10 25 32
C     33   470.834   10(1)2(  2.0)-  1(5)2( 12.0)       excit   1    1  32     9 44 33
C     34   484.332    8(3)3( 10.0)-  1(5)2( 12.0)       excit   1    1  32     7 34 34
C     35   588.031   10(1)2(  2.0)-  3(3)3( 10.0)       excit   1    1  32   871 14 35
C     36   609.236    8(3)3( 10.0)-  3(3)3( 10.0)       excit   1    1  32   869 36 36
C     37   656.491   11(3)1(  4.0)-  6(3)2(  7.0)       excit   1    1  32  2251 41 37
C     38   752.191    6(3)2(  7.0)-  1(5)2( 12.0)       excit   1    1  32     5  7 38
C     39   913.192    9(1)4(  4.0)-  4(3)4( 13.0)       excit   1    1  32  1349 35 39
C     40   945.358    8(3)3( 10.0)-  4(3)4( 13.0)       excit   1    1  32  1348 33 40
C     41   993.147    4(3)4( 13.0)-  1(5)2( 12.0)       excit   1    1  32     3 12 41
C     42   1011.38    6(3)2(  7.0)-  2(3)1(  4.0)       excit   1    1  32   491 21 42
C     43   1103.57    6(3)2(  7.0)-  3(3)3( 10.0)       excit   1    1  32   867  8 43
C     44   1329.12    5(3)5( 16.0)-  3(3)3( 10.0)       excit   1    1  32   866  9 44
C     45   1360.08    8(3)3( 10.0)-  6(3)2(  7.0)       excit   1    1  32  2248 22 45
C     46   1468.36    7(1)6(  6.0)-  5(3)5( 16.0)       excit   1    1  32  1821 43 46
C     47   1713.50    4(3)4( 13.0)-  3(3)3( 10.0)       excit   1    1  32   865  4 47
C     48   2362.39    3(3)3( 10.0)-  1(5)2( 12.0)       excit   1    1  32     2  1 48
C     49   2935.13    2(3)1(  4.0)-  1(5)2( 12.0)       excit   1    1  32     1  2 49
C     50   5924.87    5(3)5( 16.0)-  4(3)4( 13.0)       excit   1    1  32  1345 17 50
c-------------------------------------------------------------------------------
                                                                                
C  code     : adas810
C  producer : Adam Foster
C  date     : 26/05/09
                                                                                
c-------------------------------------------------------------------------------

C-----------------------------------------------------------------------
C                               OPEN-ADAS
C                               +++++++++
C
C This file has been downloaded from OPEN-ADAS (http://open.adas.ac.uk)
C on 26-Mar-2025.
C
C TERMS AND CONDITIONS
C --------------------
C
C The user of the OPEN-ADAS system and data (hereinafter "the User")
C accepts the following terms and conditions:
C
C   1. The University of Strathclyde uses all reasonable endeavours to
C      ensure the accuracy of the data provided and any information
C      given, but the University makes no warranty, expressed or implied
C      as to its accuracy, integrity, fitness for purpose and shall not
C      be responsible for the use to which the data is put by the User
C      and/or any consequences arising out of any inaccuracies or
C      omissions.
C
C   2. Any downloaded OPEN-ADAS file is made available for the
C      personal use of the User only.  It must not be used for any
C      commercial application, incorporated into any web site or in
C      any form re-distributed without express prior written permission
C      from the ADAS Project. In particular, but not by way of
C      limitation, it must not be:
C        *  inserted into a managed database structure,
C        *  redistributed along with a modelling or analysis code,
C        *  made available on a public website.
C
C Permission for OPEN-ADAS data incorporation in non-commercial
C code/system development for scientific advance will not be
C unreasonably withheld, but will be subject to written agreement
C on a case by case basis.
C
C The User will indemnify the University of Strathclyde and keep it
C fully and effectively indemnified against each and every claim made
C against the University as a result of the User's use of the data.
C
C-----------------------------------------------------------------------
