   50    /W :52 photon emissivity coefficients/
--------------------------------------------------------------------------------
    1    1    1    1    1    1    1    1    1    1    1    1    1    1
    1    1    1    1    1    1    1    1    1    1    1    1    1    1
    1    1    1    1    1    1    1    1    1    1    1    1    1    1
    1    1    1    1    1    1    1    1    1    1    1    1    1    1
    1    1    1    1    1    1    1    1    1    1    1    1    1    1
    1    1    1    1    1
--------------------------------------------------------------------------------
//#01/p00/ 00/p01/ 01/p02/ 02/p03/ 03/p04/ 04/p05/ 05/p06/ 06/p07/ 07/p08/ 08/  
      p09/ 09/p10/ 10/p11/ 11/p12/ 12/p13/ 13/p14/ 14/p15/ 15/p16/ 16/p17/ 17/  
      p18/ 18/p19/ 19/p20/ 20/p21/ 21/p22/ 22/p23/ 23/p24/ 24/p25/ 25/p26/ 26/  
      p27/ 27/p28/ 28/p29/ 29/p30/ 30/p31/ 31/p32/ 32/p33/ 33/p34/ 34/p35/ 35/  
      p36/ 36/p37/ 37/p38/ 38/p39/ 39/p40/ 40/p41/ 41/p42/ 42/p43/ 43/p44/ 44/  
      p45/ 45/p46/ 46/p47/ 47/p48/ 48/p49/ 49/p50/ 50/p51/ 51/p52/ 52/p53/ 53/  
      p54/ 54/p55/ 55/p56/ 56/p57/ 57/p58/ 58/p59/ 59/p60/ 60/p61/ 61/p62/ 62/  
      p63/ 63/p64/ 64/p65/ 65/p66/ 66/p67/ 67/p68/ 68/p69/ 69/p70/ 70/p71/ 71/  
      p72/ 72/p73/ 73/p74/ 74/                                                  
--------------------------------------------------------------------------------
  5.29723    7  14 /pl=01:ss=52:pb= 1:sz=52/type=excit/ispb = t/isel =    1
 1.00E+10 1.00E+11 1.00E+12 1.00E+13 1.00E+14 1.00E+15 1.00E+16
 4.84E+01 7.26E+01 1.21E+02 2.42E+02 4.84E+02 1.21E+03 2.42E+03 3.63E+03
 4.84E+03 7.26E+03 1.21E+04 2.42E+04 4.84E+04 7.26E+04
 5.07E-32 4.14E-25 1.28E-19 1.44E-15 1.31E-13 1.60E-12 3.29E-12 4.05E-12
 4.44E-12 4.83E-12 5.03E-12 4.99E-12 4.68E-12 4.41E-12
 5.07E-32 4.14E-25 1.28E-19 1.43E-15 1.29E-13 1.56E-12 3.22E-12 3.97E-12
 4.35E-12 4.74E-12 4.94E-12 4.91E-12 4.62E-12 4.36E-12
 5.05E-32 4.11E-25 1.25E-19 1.36E-15 1.20E-13 1.44E-12 2.95E-12 3.64E-12
 3.99E-12 4.35E-12 4.55E-12 4.54E-12 4.30E-12 4.07E-12
 4.90E-32 3.95E-25 1.18E-19 1.27E-15 1.11E-13 1.34E-12 2.73E-12 3.36E-12
 3.68E-12 4.01E-12 4.19E-12 4.16E-12 3.93E-12 3.71E-12
 4.61E-32 3.73E-25 1.13E-19 1.19E-15 1.01E-13 1.18E-12 2.40E-12 2.96E-12
 3.25E-12 3.56E-12 3.74E-12 3.76E-12 3.58E-12 3.40E-12
 4.40E-32 3.53E-25 1.02E-19 8.57E-16 5.90E-14 6.14E-13 1.23E-12 1.52E-12
 1.69E-12 1.89E-12 2.06E-12 2.18E-12 2.21E-12 2.17E-12
 3.47E-32 2.58E-25 5.50E-20 3.13E-16 2.02E-14 2.15E-13 4.35E-13 5.40E-13
 5.99E-13 6.66E-13 7.21E-13 7.59E-13 7.67E-13 7.58E-13
  18.0773    7  14 /pl=01:ss=52:pb= 1:sz=52/type=excit/ispb = t/isel =    2
 1.00E+10 1.00E+11 1.00E+12 1.00E+13 1.00E+14 1.00E+15 1.00E+16
 4.84E+01 7.26E+01 1.21E+02 2.42E+02 4.84E+02 1.21E+03 2.42E+03 3.63E+03
 4.84E+03 7.26E+03 1.21E+04 2.42E+04 4.84E+04 7.26E+04
 3.19E-17 2.94E-15 1.00E-13 1.23E-12 3.70E-12 6.00E-12 6.31E-12 6.12E-12
 5.87E-12 5.46E-12 4.87E-12 4.07E-12 3.32E-12 2.93E-12
 3.19E-17 2.94E-15 1.00E-13 1.22E-12 3.65E-12 5.88E-12 6.17E-12 5.99E-12
 5.75E-12 5.36E-12 4.79E-12 4.01E-12 3.27E-12 2.89E-12
 3.18E-17 2.92E-15 9.83E-14 1.16E-12 3.40E-12 5.41E-12 5.66E-12 5.49E-12
 5.28E-12 4.92E-12 4.41E-12 3.71E-12 3.05E-12 2.70E-12
 3.08E-17 2.81E-15 9.28E-14 1.08E-12 3.16E-12 5.01E-12 5.24E-12 5.08E-12
 4.87E-12 4.54E-12 4.06E-12 3.40E-12 2.79E-12 2.46E-12
 2.90E-17 2.65E-15 8.87E-14 1.02E-12 2.87E-12 4.42E-12 4.59E-12 4.46E-12
 4.29E-12 4.01E-12 3.61E-12 3.07E-12 2.54E-12 2.25E-12
 2.77E-17 2.51E-15 7.95E-14 7.22E-13 1.64E-12 2.24E-12 2.29E-12 2.23E-12
 2.17E-12 2.08E-12 1.94E-12 1.74E-12 1.53E-12 1.41E-12
 2.19E-17 1.83E-15 4.27E-14 2.69E-13 6.09E-13 8.79E-13 9.05E-13 8.81E-13
 8.52E-13 8.05E-13 7.37E-13 6.44E-13 5.55E-13 5.08E-13
  19.6939    7  14 /pl=01:ss=52:pb= 1:sz=52/type=excit/ispb = t/isel =    3
 1.00E+10 1.00E+11 1.00E+12 1.00E+13 1.00E+14 1.00E+15 1.00E+16
 4.84E+01 7.26E+01 1.21E+02 2.42E+02 4.84E+02 1.21E+03 2.42E+03 3.63E+03
 4.84E+03 7.26E+03 1.21E+04 2.42E+04 4.84E+04 7.26E+04
 3.02E-17 2.78E-15 9.46E-14 1.16E-12 3.50E-12 5.66E-12 5.95E-12 5.78E-12
 5.55E-12 5.16E-12 4.60E-12 3.85E-12 3.13E-12 2.76E-12
 3.01E-17 2.78E-15 9.44E-14 1.15E-12 3.44E-12 5.55E-12 5.83E-12 5.65E-12
 5.43E-12 5.06E-12 4.52E-12 3.79E-12 3.09E-12 2.73E-12
 3.00E-17 2.76E-15 9.29E-14 1.09E-12 3.21E-12 5.11E-12 5.35E-12 5.19E-12
 4.99E-12 4.65E-12 4.16E-12 3.51E-12 2.88E-12 2.55E-12
 2.91E-17 2.65E-15 8.76E-14 1.02E-12 2.99E-12 4.74E-12 4.95E-12 4.79E-12
 4.60E-12 4.28E-12 3.83E-12 3.21E-12 2.63E-12 2.33E-12
 2.74E-17 2.50E-15 8.38E-14 9.59E-13 2.71E-12 4.17E-12 4.34E-12 4.21E-12
 4.05E-12 3.79E-12 3.41E-12 2.89E-12 2.39E-12 2.13E-12
 2.62E-17 2.37E-15 7.51E-14 6.82E-13 1.55E-12 2.12E-12 2.16E-12 2.11E-12
 2.05E-12 1.96E-12 1.83E-12 1.64E-12 1.45E-12 1.34E-12
 2.07E-17 1.73E-15 4.03E-14 2.54E-13 5.75E-13 8.30E-13 8.55E-13 8.32E-13
 8.05E-13 7.60E-13 6.96E-13 6.08E-13 5.24E-13 4.79E-13
  22.6041    7  14 /pl=01:ss=52:pb= 1:sz=52/type=excit/ispb = t/isel =    4
 1.00E+10 1.00E+11 1.00E+12 1.00E+13 1.00E+14 1.00E+15 1.00E+16
 4.84E+01 7.26E+01 1.21E+02 2.42E+02 4.84E+02 1.21E+03 2.42E+03 3.63E+03
 4.84E+03 7.26E+03 1.21E+04 2.42E+04 4.84E+04 7.26E+04
 3.59E-16 1.30E-14 2.09E-13 1.46E-12 3.33E-12 4.58E-12 4.54E-12 4.31E-12
 4.11E-12 3.79E-12 3.34E-12 2.79E-12 2.27E-12 1.99E-12
 3.59E-16 1.30E-14 2.09E-13 1.45E-12 3.28E-12 4.49E-12 4.44E-12 4.22E-12
 4.02E-12 3.72E-12 3.28E-12 2.74E-12 2.24E-12 1.97E-12
 3.57E-16 1.29E-14 2.05E-13 1.38E-12 3.06E-12 4.14E-12 4.08E-12 3.88E-12
 3.69E-12 3.42E-12 3.03E-12 2.54E-12 2.09E-12 1.84E-12
 3.47E-16 1.24E-14 1.94E-13 1.29E-12 2.86E-12 3.86E-12 3.80E-12 3.60E-12
 3.43E-12 3.17E-12 2.80E-12 2.34E-12 1.91E-12 1.69E-12
 3.27E-16 1.17E-14 1.86E-13 1.24E-12 2.70E-12 3.59E-12 3.52E-12 3.34E-12
 3.18E-12 2.95E-12 2.61E-12 2.19E-12 1.80E-12 1.59E-12
 3.19E-16 1.14E-14 1.77E-13 1.05E-12 2.05E-12 2.58E-12 2.51E-12 2.39E-12
 2.29E-12 2.13E-12 1.92E-12 1.65E-12 1.39E-12 1.25E-12
 3.01E-16 1.02E-14 1.35E-13 6.73E-13 1.29E-12 1.65E-12 1.61E-12 1.53E-12
 1.46E-12 1.35E-12 1.22E-12 1.04E-12 8.69E-13 7.78E-13
  23.2078    7  14 /pl=01:ss=52:pb= 1:sz=52/type=excit/ispb = t/isel =    5
 1.00E+10 1.00E+11 1.00E+12 1.00E+13 1.00E+14 1.00E+15 1.00E+16
 4.84E+01 7.26E+01 1.21E+02 2.42E+02 4.84E+02 1.21E+03 2.42E+03 3.63E+03
 4.84E+03 7.26E+03 1.21E+04 2.42E+04 4.84E+04 7.26E+04
 5.81E-16 2.25E-14 3.84E-13 2.82E-12 6.64E-12 9.40E-12 9.38E-12 8.93E-12
 8.47E-12 7.74E-12 6.78E-12 5.54E-12 4.42E-12 3.87E-12
 5.81E-16 2.25E-14 3.83E-13 2.79E-12 6.54E-12 9.21E-12 9.19E-12 8.74E-12
 8.30E-12 7.59E-12 6.66E-12 5.45E-12 4.36E-12 3.82E-12
 5.78E-16 2.23E-14 3.77E-13 2.67E-12 6.10E-12 8.48E-12 8.43E-12 8.02E-12
 7.62E-12 6.98E-12 6.14E-12 5.05E-12 4.06E-12 3.58E-12
 5.61E-16 2.15E-14 3.56E-13 2.49E-12 5.70E-12 7.92E-12 7.86E-12 7.47E-12
 7.08E-12 6.47E-12 5.68E-12 4.65E-12 3.73E-12 3.27E-12
 5.30E-16 2.03E-14 3.43E-13 2.40E-12 5.45E-12 7.50E-12 7.43E-12 7.06E-12
 6.70E-12 6.13E-12 5.38E-12 4.42E-12 3.55E-12 3.12E-12
 5.20E-16 1.99E-14 3.33E-13 2.23E-12 4.95E-12 6.78E-12 6.71E-12 6.37E-12
 6.04E-12 5.52E-12 4.85E-12 3.98E-12 3.21E-12 2.81E-12
 5.28E-16 1.98E-14 3.26E-13 2.28E-12 5.05E-12 6.80E-12 6.72E-12 6.39E-12
 6.08E-12 5.59E-12 4.96E-12 4.10E-12 3.32E-12 2.91E-12
  23.3913    7  14 /pl=01:ss=52:pb= 1:sz=52/type=excit/ispb = t/isel =    6
 1.00E+10 1.00E+11 1.00E+12 1.00E+13 1.00E+14 1.00E+15 1.00E+16
 4.84E+01 7.26E+01 1.21E+02 2.42E+02 4.84E+02 1.21E+03 2.42E+03 3.63E+03
 4.84E+03 7.26E+03 1.21E+04 2.42E+04 4.84E+04 7.26E+04
 5.48E-16 1.73E-14 2.49E-13 1.60E-12 3.52E-12 4.73E-12 4.63E-12 4.42E-12
 4.17E-12 3.86E-12 3.40E-12 2.81E-12 2.28E-12 2.01E-12
 5.48E-16 1.73E-14 2.49E-13 1.59E-12 3.46E-12 4.63E-12 4.54E-12 4.33E-12
 4.09E-12 3.78E-12 3.34E-12 2.77E-12 2.26E-12 1.99E-12
 5.46E-16 1.71E-14 2.45E-13 1.52E-12 3.24E-12 4.28E-12 4.18E-12 3.98E-12
 3.76E-12 3.48E-12 3.09E-12 2.57E-12 2.10E-12 1.86E-12
 5.30E-16 1.65E-14 2.32E-13 1.43E-12 3.04E-12 4.01E-12 3.90E-12 3.72E-12
 3.51E-12 3.24E-12 2.87E-12 2.37E-12 1.94E-12 1.71E-12
 5.02E-16 1.57E-14 2.24E-13 1.36E-12 2.82E-12 3.63E-12 3.52E-12 3.36E-12
 3.18E-12 2.95E-12 2.62E-12 2.19E-12 1.80E-12 1.59E-12
 4.83E-16 1.50E-14 2.05E-13 1.04E-12 1.84E-12 2.18E-12 2.09E-12 2.00E-12
 1.90E-12 1.79E-12 1.63E-12 1.42E-12 1.22E-12 1.11E-12
 4.04E-16 1.17E-14 1.28E-13 5.10E-13 8.97E-13 1.10E-12 1.06E-12 1.01E-12
 9.60E-13 8.95E-13 8.06E-13 6.89E-13 5.84E-13 5.28E-13
  23.6613    7  14 /pl=01:ss=52:pb= 1:sz=52/type=excit/ispb = t/isel =    7
 1.00E+10 1.00E+11 1.00E+12 1.00E+13 1.00E+14 1.00E+15 1.00E+16
 4.84E+01 7.26E+01 1.21E+02 2.42E+02 4.84E+02 1.21E+03 2.42E+03 3.63E+03
 4.84E+03 7.26E+03 1.21E+04 2.42E+04 4.84E+04 7.26E+04
 8.13E-16 2.83E-14 4.43E-13 3.05E-12 6.97E-12 9.73E-12 9.65E-12 9.14E-12
 8.63E-12 7.90E-12 6.94E-12 5.64E-12 4.51E-12 3.93E-12
 8.12E-16 2.83E-14 4.42E-13 3.03E-12 6.86E-12 9.53E-12 9.44E-12 8.95E-12
 8.45E-12 7.75E-12 6.82E-12 5.55E-12 4.45E-12 3.88E-12
 8.09E-16 2.81E-14 4.35E-13 2.89E-12 6.40E-12 8.78E-12 8.68E-12 8.22E-12
 7.77E-12 7.13E-12 6.29E-12 5.14E-12 4.15E-12 3.63E-12
 7.85E-16 2.70E-14 4.11E-13 2.70E-12 6.00E-12 8.24E-12 8.12E-12 7.69E-12
 7.25E-12 6.64E-12 5.84E-12 4.75E-12 3.82E-12 3.33E-12
 7.42E-16 2.56E-14 3.98E-13 2.65E-12 5.91E-12 8.11E-12 7.99E-12 7.56E-12
 7.13E-12 6.53E-12 5.73E-12 4.66E-12 3.73E-12 3.25E-12
 7.39E-16 2.56E-14 4.02E-13 2.70E-12 6.00E-12 8.16E-12 8.03E-12 7.60E-12
 7.19E-12 6.57E-12 5.78E-12 4.71E-12 3.77E-12 3.28E-12
 8.15E-16 2.78E-14 4.32E-13 2.61E-12 5.24E-12 6.72E-12 6.56E-12 6.23E-12
 5.92E-12 5.47E-12 4.89E-12 4.10E-12 3.38E-12 2.99E-12
  23.8440    7  14 /pl=01:ss=52:pb= 1:sz=52/type=excit/ispb = t/isel =    8
 1.00E+10 1.00E+11 1.00E+12 1.00E+13 1.00E+14 1.00E+15 1.00E+16
 4.84E+01 7.26E+01 1.21E+02 2.42E+02 4.84E+02 1.21E+03 2.42E+03 3.63E+03
 4.84E+03 7.26E+03 1.21E+04 2.42E+04 4.84E+04 7.26E+04
 1.80E-16 7.83E-15 1.46E-13 1.15E-12 2.80E-12 4.05E-12 4.09E-12 3.89E-12
 3.68E-12 3.36E-12 2.96E-12 2.41E-12 1.93E-12 1.68E-12
 1.80E-16 7.83E-15 1.46E-13 1.14E-12 2.76E-12 3.97E-12 4.00E-12 3.81E-12
 3.61E-12 3.30E-12 2.90E-12 2.37E-12 1.90E-12 1.66E-12
 1.79E-16 7.78E-15 1.43E-13 1.08E-12 2.57E-12 3.66E-12 3.67E-12 3.49E-12
 3.31E-12 3.03E-12 2.68E-12 2.20E-12 1.77E-12 1.55E-12
 1.74E-16 7.48E-15 1.35E-13 1.01E-12 2.39E-12 3.39E-12 3.40E-12 3.23E-12
 3.06E-12 2.80E-12 2.46E-12 2.02E-12 1.62E-12 1.42E-12
 1.64E-16 7.06E-15 1.29E-13 9.53E-13 2.19E-12 3.03E-12 3.02E-12 2.87E-12
 2.72E-12 2.50E-12 2.22E-12 1.83E-12 1.48E-12 1.30E-12
 1.57E-16 6.71E-15 1.17E-13 7.10E-13 1.37E-12 1.72E-12 1.69E-12 1.61E-12
 1.54E-12 1.44E-12 1.31E-12 1.13E-12 9.65E-13 8.75E-13
 1.28E-16 5.10E-15 7.02E-14 3.55E-13 7.62E-13 1.05E-12 1.04E-12 9.85E-13
 9.33E-13 8.54E-13 7.50E-13 6.16E-13 4.99E-13 4.41E-13
  24.2726    7  14 /pl=01:ss=52:pb= 1:sz=52/type=excit/ispb = t/isel =    9
 1.00E+10 1.00E+11 1.00E+12 1.00E+13 1.00E+14 1.00E+15 1.00E+16
 4.84E+01 7.26E+01 1.21E+02 2.42E+02 4.84E+02 1.21E+03 2.42E+03 3.63E+03
 4.84E+03 7.26E+03 1.21E+04 2.42E+04 4.84E+04 7.26E+04
 1.11E-15 3.11E-14 4.08E-13 2.46E-12 5.24E-12 7.01E-12 6.83E-12 6.45E-12
 6.12E-12 5.55E-12 4.88E-12 3.97E-12 3.17E-12 2.77E-12
 1.11E-15 3.11E-14 4.08E-13 2.45E-12 5.17E-12 6.88E-12 6.70E-12 6.32E-12
 6.00E-12 5.45E-12 4.80E-12 3.91E-12 3.13E-12 2.74E-12
 1.10E-15 3.09E-14 4.02E-13 2.36E-12 4.89E-12 6.44E-12 6.25E-12 5.89E-12
 5.59E-12 5.08E-12 4.48E-12 3.66E-12 2.95E-12 2.58E-12
 1.08E-15 3.00E-14 3.89E-13 2.30E-12 4.81E-12 6.32E-12 6.11E-12 5.75E-12
 5.44E-12 4.93E-12 4.33E-12 3.52E-12 2.82E-12 2.46E-12
 1.05E-15 2.94E-14 3.91E-13 2.28E-12 4.63E-12 5.94E-12 5.71E-12 5.38E-12
 5.10E-12 4.65E-12 4.10E-12 3.37E-12 2.72E-12 2.39E-12
 1.04E-15 2.88E-14 3.68E-13 1.83E-12 3.24E-12 3.85E-12 3.67E-12 3.47E-12
 3.31E-12 3.06E-12 2.76E-12 2.35E-12 1.97E-12 1.77E-12
 8.95E-16 2.34E-14 2.47E-13 1.00E-12 1.76E-12 2.13E-12 2.04E-12 1.93E-12
 1.84E-12 1.69E-12 1.51E-12 1.27E-12 1.06E-12 9.45E-13
  24.4805    7  14 /pl=01:ss=52:pb= 1:sz=52/type=excit/ispb = t/isel =   10
 1.00E+10 1.00E+11 1.00E+12 1.00E+13 1.00E+14 1.00E+15 1.00E+16
 4.84E+01 7.26E+01 1.21E+02 2.42E+02 4.84E+02 1.21E+03 2.42E+03 3.63E+03
 4.84E+03 7.26E+03 1.21E+04 2.42E+04 4.84E+04 7.26E+04
 7.76E-16 2.48E-14 3.64E-13 2.39E-12 5.32E-12 7.25E-12 7.15E-12 6.76E-12
 6.42E-12 5.84E-12 5.10E-12 4.16E-12 3.32E-12 2.89E-12
 7.76E-16 2.48E-14 3.63E-13 2.37E-12 5.24E-12 7.10E-12 7.00E-12 6.62E-12
 6.29E-12 5.72E-12 5.00E-12 4.10E-12 3.28E-12 2.86E-12
 7.72E-16 2.46E-14 3.57E-13 2.26E-12 4.89E-12 6.54E-12 6.42E-12 6.08E-12
 5.77E-12 5.26E-12 4.61E-12 3.80E-12 3.05E-12 2.68E-12
 7.50E-16 2.37E-14 3.37E-13 2.11E-12 4.56E-12 6.09E-12 5.97E-12 5.64E-12
 5.35E-12 4.87E-12 4.26E-12 3.49E-12 2.80E-12 2.44E-12
 7.07E-16 2.24E-14 3.24E-13 2.01E-12 4.24E-12 5.55E-12 5.42E-12 5.12E-12
 4.87E-12 4.44E-12 3.91E-12 3.22E-12 2.60E-12 2.28E-12
 6.87E-16 2.17E-14 3.03E-13 1.63E-12 3.05E-12 3.78E-12 3.66E-12 3.47E-12
 3.30E-12 3.05E-12 2.72E-12 2.31E-12 1.92E-12 1.72E-12
 6.31E-16 1.89E-14 2.26E-13 1.12E-12 2.19E-12 2.78E-12 2.71E-12 2.57E-12
 2.45E-12 2.25E-12 2.00E-12 1.68E-12 1.37E-12 1.22E-12
  26.0646    7  14 /pl=01:ss=52:pb= 1:sz=52/type=excit/ispb = t/isel =   11
 1.00E+10 1.00E+11 1.00E+12 1.00E+13 1.00E+14 1.00E+15 1.00E+16
 4.84E+01 7.26E+01 1.21E+02 2.42E+02 4.84E+02 1.21E+03 2.42E+03 3.63E+03
 4.84E+03 7.26E+03 1.21E+04 2.42E+04 4.84E+04 7.26E+04
 5.82E-16 1.86E-14 2.73E-13 1.79E-12 3.99E-12 5.44E-12 5.36E-12 5.07E-12
 4.81E-12 4.38E-12 3.82E-12 3.12E-12 2.49E-12 2.17E-12
 5.82E-16 1.86E-14 2.72E-13 1.78E-12 3.93E-12 5.33E-12 5.25E-12 4.96E-12
 4.71E-12 4.29E-12 3.75E-12 3.07E-12 2.46E-12 2.15E-12
 5.79E-16 1.85E-14 2.68E-13 1.70E-12 3.67E-12 4.90E-12 4.82E-12 4.56E-12
 4.33E-12 3.95E-12 3.46E-12 2.85E-12 2.29E-12 2.01E-12
 5.62E-16 1.78E-14 2.53E-13 1.58E-12 3.42E-12 4.57E-12 4.47E-12 4.23E-12
 4.01E-12 3.65E-12 3.19E-12 2.62E-12 2.10E-12 1.83E-12
 5.30E-16 1.68E-14 2.43E-13 1.51E-12 3.18E-12 4.16E-12 4.06E-12 3.84E-12
 3.65E-12 3.33E-12 2.93E-12 2.42E-12 1.95E-12 1.71E-12
 5.15E-16 1.63E-14 2.27E-13 1.22E-12 2.29E-12 2.83E-12 2.74E-12 2.60E-12
 2.48E-12 2.29E-12 2.04E-12 1.73E-12 1.44E-12 1.29E-12
 4.74E-16 1.41E-14 1.69E-13 8.42E-13 1.64E-12 2.09E-12 2.03E-12 1.93E-12
 1.83E-12 1.69E-12 1.50E-12 1.26E-12 1.03E-12 9.12E-13
  26.2780    7  14 /pl=01:ss=52:pb= 1:sz=52/type=excit/ispb = t/isel =   12
 1.00E+10 1.00E+11 1.00E+12 1.00E+13 1.00E+14 1.00E+15 1.00E+16
 4.84E+01 7.26E+01 1.21E+02 2.42E+02 4.84E+02 1.21E+03 2.42E+03 3.63E+03
 4.84E+03 7.26E+03 1.21E+04 2.42E+04 4.84E+04 7.26E+04
 7.48E-15 1.60E-13 1.69E-12 8.67E-12 1.71E-11 2.17E-11 2.09E-11 1.96E-11
 1.85E-11 1.68E-11 1.47E-11 1.19E-11 9.54E-12 8.31E-12
 7.47E-15 1.60E-13 1.68E-12 8.60E-12 1.68E-11 2.13E-11 2.04E-11 1.92E-11
 1.81E-11 1.64E-11 1.44E-11 1.17E-11 9.41E-12 8.21E-12
 7.44E-15 1.59E-13 1.66E-12 8.20E-12 1.57E-11 1.96E-11 1.88E-11 1.76E-11
 1.66E-11 1.51E-11 1.33E-11 1.09E-11 8.77E-12 7.68E-12
 7.22E-15 1.53E-13 1.56E-12 7.66E-12 1.46E-11 1.83E-11 1.74E-11 1.63E-11
 1.54E-11 1.40E-11 1.23E-11 9.99E-12 8.03E-12 7.02E-12
 6.81E-15 1.44E-13 1.50E-12 7.31E-12 1.37E-11 1.68E-11 1.60E-11 1.50E-11
 1.41E-11 1.29E-11 1.13E-11 9.29E-12 7.51E-12 6.58E-12
 6.57E-15 1.39E-13 1.40E-12 5.95E-12 9.85E-12 1.13E-11 1.06E-11 9.99E-12
 9.50E-12 8.78E-12 7.89E-12 6.70E-12 5.61E-12 5.03E-12
 5.72E-15 1.15E-13 9.79E-13 3.40E-12 5.44E-12 6.21E-12 5.89E-12 5.55E-12
 5.28E-12 4.88E-12 4.39E-12 3.74E-12 3.15E-12 2.83E-12
  26.3071    7  14 /pl=01:ss=52:pb= 1:sz=52/type=excit/ispb = t/isel =   13
 1.00E+10 1.00E+11 1.00E+12 1.00E+13 1.00E+14 1.00E+15 1.00E+16
 4.84E+01 7.26E+01 1.21E+02 2.42E+02 4.84E+02 1.21E+03 2.42E+03 3.63E+03
 4.84E+03 7.26E+03 1.21E+04 2.42E+04 4.84E+04 7.26E+04
 8.22E-16 3.57E-14 6.66E-13 5.23E-12 1.28E-11 1.85E-11 1.87E-11 1.77E-11
 1.68E-11 1.54E-11 1.35E-11 1.10E-11 8.79E-12 7.67E-12
 8.22E-16 3.57E-14 6.65E-13 5.19E-12 1.26E-11 1.81E-11 1.83E-11 1.74E-11
 1.65E-11 1.51E-11 1.33E-11 1.08E-11 8.67E-12 7.58E-12
 8.18E-16 3.55E-14 6.54E-13 4.95E-12 1.17E-11 1.67E-11 1.68E-11 1.59E-11
 1.51E-11 1.38E-11 1.22E-11 1.00E-11 8.08E-12 7.09E-12
 7.94E-16 3.41E-14 6.17E-13 4.61E-12 1.09E-11 1.55E-11 1.55E-11 1.47E-11
 1.40E-11 1.28E-11 1.12E-11 9.20E-12 7.38E-12 6.46E-12
 7.48E-16 3.22E-14 5.90E-13 4.35E-12 9.99E-12 1.38E-11 1.38E-11 1.31E-11
 1.24E-11 1.14E-11 1.01E-11 8.36E-12 6.77E-12 5.95E-12
 7.15E-16 3.06E-14 5.35E-13 3.24E-12 6.23E-12 7.84E-12 7.70E-12 7.36E-12
 7.04E-12 6.58E-12 5.98E-12 5.17E-12 4.40E-12 3.99E-12
 5.84E-16 2.33E-14 3.21E-13 1.62E-12 3.48E-12 4.79E-12 4.75E-12 4.49E-12
 4.26E-12 3.90E-12 3.42E-12 2.81E-12 2.28E-12 2.01E-12
  26.7175    7  14 /pl=01:ss=52:pb= 1:sz=52/type=excit/ispb = t/isel =   14
 1.00E+10 1.00E+11 1.00E+12 1.00E+13 1.00E+14 1.00E+15 1.00E+16
 4.84E+01 7.26E+01 1.21E+02 2.42E+02 4.84E+02 1.21E+03 2.42E+03 3.63E+03
 4.84E+03 7.26E+03 1.21E+04 2.42E+04 4.84E+04 7.26E+04
 2.98E-16 1.26E-14 2.30E-13 1.77E-12 4.26E-12 6.07E-12 6.08E-12 5.79E-12
 5.51E-12 5.09E-12 4.49E-12 3.68E-12 2.97E-12 2.61E-12
 2.98E-16 1.26E-14 2.30E-13 1.75E-12 4.19E-12 5.95E-12 5.95E-12 5.67E-12
 5.40E-12 4.99E-12 4.41E-12 3.63E-12 2.93E-12 2.58E-12
 2.97E-16 1.25E-14 2.26E-13 1.67E-12 3.91E-12 5.48E-12 5.47E-12 5.21E-12
 4.96E-12 4.59E-12 4.06E-12 3.36E-12 2.73E-12 2.41E-12
 2.88E-16 1.20E-14 2.13E-13 1.56E-12 3.65E-12 5.11E-12 5.08E-12 4.84E-12
 4.60E-12 4.25E-12 3.75E-12 3.09E-12 2.50E-12 2.20E-12
 2.72E-16 1.14E-14 2.05E-13 1.50E-12 3.41E-12 4.69E-12 4.64E-12 4.42E-12
 4.21E-12 3.90E-12 3.46E-12 2.86E-12 2.33E-12 2.06E-12
 2.67E-16 1.11E-14 1.94E-13 1.23E-12 2.47E-12 3.18E-12 3.12E-12 2.97E-12
 2.84E-12 2.65E-12 2.38E-12 2.03E-12 1.71E-12 1.54E-12
 2.58E-16 1.01E-14 1.46E-13 8.01E-13 1.69E-12 2.27E-12 2.24E-12 2.13E-12
 2.02E-12 1.86E-12 1.64E-12 1.36E-12 1.10E-12 9.75E-13
  26.9157    7  14 /pl=01:ss=52:pb= 1:sz=52/type=excit/ispb = t/isel =   15
 1.00E+10 1.00E+11 1.00E+12 1.00E+13 1.00E+14 1.00E+15 1.00E+16
 4.84E+01 7.26E+01 1.21E+02 2.42E+02 4.84E+02 1.21E+03 2.42E+03 3.63E+03
 4.84E+03 7.26E+03 1.21E+04 2.42E+04 4.84E+04 7.26E+04
 2.82E-16 1.20E-14 2.22E-13 1.72E-12 4.19E-12 6.03E-12 6.08E-12 5.74E-12
 5.45E-12 4.99E-12 4.38E-12 3.56E-12 2.85E-12 2.49E-12
 2.82E-16 1.20E-14 2.22E-13 1.71E-12 4.13E-12 5.91E-12 5.95E-12 5.62E-12
 5.34E-12 4.90E-12 4.30E-12 3.51E-12 2.81E-12 2.46E-12
 2.81E-16 1.19E-14 2.18E-13 1.63E-12 3.85E-12 5.44E-12 5.46E-12 5.16E-12
 4.90E-12 4.50E-12 3.96E-12 3.25E-12 2.62E-12 2.30E-12
 2.72E-16 1.15E-14 2.06E-13 1.52E-12 3.59E-12 5.06E-12 5.07E-12 4.78E-12
 4.54E-12 4.16E-12 3.66E-12 2.98E-12 2.40E-12 2.10E-12
 2.57E-16 1.08E-14 1.97E-13 1.45E-12 3.34E-12 4.62E-12 4.61E-12 4.35E-12
 4.14E-12 3.81E-12 3.36E-12 2.76E-12 2.23E-12 1.96E-12
 2.48E-16 1.04E-14 1.83E-13 1.17E-12 2.37E-12 3.08E-12 3.04E-12 2.88E-12
 2.76E-12 2.56E-12 2.31E-12 1.95E-12 1.63E-12 1.46E-12
 2.18E-16 8.69E-15 1.29E-13 6.75E-13 1.34E-12 1.74E-12 1.72E-12 1.63E-12
 1.56E-12 1.45E-12 1.30E-12 1.10E-12 9.22E-13 8.27E-13
  27.6848    7  14 /pl=01:ss=52:pb= 1:sz=52/type=excit/ispb = t/isel =   16
 1.00E+10 1.00E+11 1.00E+12 1.00E+13 1.00E+14 1.00E+15 1.00E+16
 4.84E+01 7.26E+01 1.21E+02 2.42E+02 4.84E+02 1.21E+03 2.42E+03 3.63E+03
 4.84E+03 7.26E+03 1.21E+04 2.42E+04 4.84E+04 7.26E+04
 3.11E-15 6.64E-14 7.01E-13 3.60E-12 7.09E-12 9.03E-12 8.67E-12 8.13E-12
 7.66E-12 6.97E-12 6.09E-12 4.95E-12 3.96E-12 3.45E-12
 3.10E-15 6.63E-14 7.00E-13 3.57E-12 6.99E-12 8.85E-12 8.49E-12 7.96E-12
 7.51E-12 6.83E-12 5.98E-12 4.87E-12 3.91E-12 3.41E-12
 3.09E-15 6.59E-14 6.88E-13 3.41E-12 6.52E-12 8.15E-12 7.79E-12 7.30E-12
 6.89E-12 6.28E-12 5.51E-12 4.51E-12 3.64E-12 3.19E-12
 3.00E-15 6.34E-14 6.50E-13 3.18E-12 6.08E-12 7.59E-12 7.24E-12 6.78E-12
 6.39E-12 5.81E-12 5.09E-12 4.15E-12 3.34E-12 2.92E-12
 2.83E-15 5.99E-14 6.24E-13 3.04E-12 5.68E-12 6.97E-12 6.63E-12 6.21E-12
 5.86E-12 5.35E-12 4.71E-12 3.86E-12 3.12E-12 2.73E-12
 2.73E-15 5.76E-14 5.82E-13 2.47E-12 4.09E-12 4.68E-12 4.41E-12 4.15E-12
 3.95E-12 3.65E-12 3.28E-12 2.78E-12 2.33E-12 2.09E-12
 2.38E-15 4.77E-14 4.07E-13 1.41E-12 2.26E-12 2.58E-12 2.44E-12 2.30E-12
 2.19E-12 2.03E-12 1.83E-12 1.55E-12 1.31E-12 1.18E-12
  29.4490    7  14 /pl=01:ss=52:pb= 1:sz=52/type=excit/ispb = t/isel =   17
 1.00E+10 1.00E+11 1.00E+12 1.00E+13 1.00E+14 1.00E+15 1.00E+16
 4.84E+01 7.26E+01 1.21E+02 2.42E+02 4.84E+02 1.21E+03 2.42E+03 3.63E+03
 4.84E+03 7.26E+03 1.21E+04 2.42E+04 4.84E+04 7.26E+04
 8.91E-15 1.33E-13 1.06E-12 4.36E-12 7.72E-12 9.19E-12 8.64E-12 8.02E-12
 7.58E-12 6.86E-12 5.97E-12 4.84E-12 3.85E-12 3.37E-12
 8.90E-15 1.33E-13 1.05E-12 4.33E-12 7.61E-12 9.01E-12 8.46E-12 7.85E-12
 7.43E-12 6.72E-12 5.86E-12 4.77E-12 3.80E-12 3.33E-12
 8.87E-15 1.32E-13 1.04E-12 4.13E-12 7.10E-12 8.30E-12 7.77E-12 7.21E-12
 6.82E-12 6.18E-12 5.40E-12 4.41E-12 3.54E-12 3.12E-12
 8.61E-15 1.27E-13 9.78E-13 3.86E-12 6.62E-12 7.71E-12 7.21E-12 6.68E-12
 6.31E-12 5.71E-12 4.98E-12 4.05E-12 3.24E-12 2.84E-12
 8.11E-15 1.20E-13 9.37E-13 3.63E-12 5.99E-12 6.78E-12 6.30E-12 5.85E-12
 5.54E-12 5.04E-12 4.43E-12 3.65E-12 2.94E-12 2.60E-12
 7.73E-15 1.13E-13 8.35E-13 2.53E-12 3.30E-12 3.27E-12 2.98E-12 2.78E-12
 2.67E-12 2.49E-12 2.27E-12 2.00E-12 1.73E-12 1.59E-12
 5.94E-15 7.97E-14 4.20E-13 8.05E-13 1.00E-12 1.03E-12 9.50E-13 8.88E-13
 8.46E-13 7.82E-13 7.04E-13 6.07E-13 5.20E-13 4.78E-13
  29.9411    7  14 /pl=01:ss=52:pb= 1:sz=52/type=excit/ispb = t/isel =   18
 1.00E+10 1.00E+11 1.00E+12 1.00E+13 1.00E+14 1.00E+15 1.00E+16
 4.84E+01 7.26E+01 1.21E+02 2.42E+02 4.84E+02 1.21E+03 2.42E+03 3.63E+03
 4.84E+03 7.26E+03 1.21E+04 2.42E+04 4.84E+04 7.26E+04
 9.40E-16 2.64E-14 3.46E-13 2.09E-12 4.44E-12 5.95E-12 5.80E-12 5.47E-12
 5.19E-12 4.71E-12 4.14E-12 3.37E-12 2.69E-12 2.35E-12
 9.39E-16 2.63E-14 3.46E-13 2.07E-12 4.38E-12 5.84E-12 5.68E-12 5.36E-12
 5.09E-12 4.62E-12 4.07E-12 3.32E-12 2.66E-12 2.32E-12
 9.36E-16 2.62E-14 3.41E-13 2.00E-12 4.15E-12 5.46E-12 5.30E-12 5.00E-12
 4.74E-12 4.31E-12 3.80E-12 3.11E-12 2.50E-12 2.19E-12
 9.16E-16 2.55E-14 3.30E-13 1.95E-12 4.08E-12 5.36E-12 5.18E-12 4.87E-12
 4.62E-12 4.19E-12 3.67E-12 2.99E-12 2.39E-12 2.08E-12
 8.93E-16 2.49E-14 3.32E-13 1.94E-12 3.92E-12 5.04E-12 4.85E-12 4.56E-12
 4.33E-12 3.94E-12 3.48E-12 2.86E-12 2.31E-12 2.02E-12
 8.82E-16 2.44E-14 3.12E-13 1.56E-12 2.75E-12 3.27E-12 3.11E-12 2.94E-12
 2.81E-12 2.59E-12 2.34E-12 1.99E-12 1.68E-12 1.50E-12
 7.59E-16 1.99E-14 2.10E-13 8.49E-13 1.49E-12 1.81E-12 1.73E-12 1.64E-12
 1.56E-12 1.43E-12 1.28E-12 1.08E-12 8.96E-13 8.01E-13
  30.8270    7  14 /pl=01:ss=52:pb= 1:sz=52/type=excit/ispb = t/isel =   19
 1.00E+10 1.00E+11 1.00E+12 1.00E+13 1.00E+14 1.00E+15 1.00E+16
 4.84E+01 7.26E+01 1.21E+02 2.42E+02 4.84E+02 1.21E+03 2.42E+03 3.63E+03
 4.84E+03 7.26E+03 1.21E+04 2.42E+04 4.84E+04 7.26E+04
 4.14E-15 6.24E-14 5.00E-13 2.08E-12 3.69E-12 4.40E-12 4.15E-12 3.86E-12
 3.63E-12 3.29E-12 2.86E-12 2.32E-12 1.85E-12 1.61E-12
 4.14E-15 6.23E-14 4.99E-13 2.06E-12 3.63E-12 4.31E-12 4.06E-12 3.78E-12
 3.55E-12 3.22E-12 2.81E-12 2.28E-12 1.83E-12 1.59E-12
 4.13E-15 6.19E-14 4.91E-13 1.97E-12 3.39E-12 3.97E-12 3.73E-12 3.47E-12
 3.26E-12 2.96E-12 2.59E-12 2.12E-12 1.70E-12 1.49E-12
 4.00E-15 5.95E-14 4.63E-13 1.84E-12 3.17E-12 3.71E-12 3.48E-12 3.23E-12
 3.04E-12 2.76E-12 2.40E-12 1.95E-12 1.56E-12 1.37E-12
 3.78E-15 5.64E-14 4.47E-13 1.79E-12 3.06E-12 3.57E-12 3.34E-12 3.11E-12
 2.92E-12 2.65E-12 2.31E-12 1.88E-12 1.50E-12 1.31E-12
 3.71E-15 5.55E-14 4.38E-13 1.68E-12 2.76E-12 3.15E-12 2.94E-12 2.73E-12
 2.57E-12 2.34E-12 2.06E-12 1.69E-12 1.37E-12 1.20E-12
 3.75E-15 5.47E-14 4.06E-13 1.35E-12 2.03E-12 2.22E-12 2.06E-12 1.93E-12
 1.82E-12 1.67E-12 1.49E-12 1.25E-12 1.03E-12 9.20E-13
  30.9404    7  14 /pl=01:ss=52:pb= 1:sz=52/type=excit/ispb = t/isel =   20
 1.00E+10 1.00E+11 1.00E+12 1.00E+13 1.00E+14 1.00E+15 1.00E+16
 4.84E+01 7.26E+01 1.21E+02 2.42E+02 4.84E+02 1.21E+03 2.42E+03 3.63E+03
 4.84E+03 7.26E+03 1.21E+04 2.42E+04 4.84E+04 7.26E+04
 2.62E-15 4.98E-14 4.82E-13 2.29E-12 4.31E-12 5.28E-12 5.04E-12 4.72E-12
 4.47E-12 4.09E-12 3.62E-12 2.98E-12 2.42E-12 2.13E-12
 2.61E-15 4.98E-14 4.81E-13 2.27E-12 4.24E-12 5.18E-12 4.93E-12 4.62E-12
 4.38E-12 4.01E-12 3.56E-12 2.93E-12 2.39E-12 2.10E-12
 2.60E-15 4.95E-14 4.73E-13 2.16E-12 3.96E-12 4.77E-12 4.52E-12 4.24E-12
 4.02E-12 3.69E-12 3.28E-12 2.71E-12 2.23E-12 1.96E-12
 2.53E-15 4.76E-14 4.46E-13 2.02E-12 3.69E-12 4.43E-12 4.20E-12 3.93E-12
 3.72E-12 3.41E-12 3.02E-12 2.49E-12 2.04E-12 1.79E-12
 2.38E-15 4.50E-14 4.28E-13 1.92E-12 3.43E-12 4.06E-12 3.83E-12 3.59E-12
 3.40E-12 3.12E-12 2.78E-12 2.30E-12 1.89E-12 1.67E-12
 2.29E-15 4.32E-14 3.97E-13 1.54E-12 2.42E-12 2.67E-12 2.50E-12 2.35E-12
 2.24E-12 2.08E-12 1.88E-12 1.61E-12 1.37E-12 1.23E-12
 1.99E-15 3.54E-14 2.72E-13 8.95E-13 1.44E-12 1.64E-12 1.55E-12 1.45E-12
 1.38E-12 1.27E-12 1.13E-12 9.46E-13 7.86E-13 7.02E-13
  33.0740    7  14 /pl=01:ss=52:pb= 1:sz=52/type=excit/ispb = t/isel =   21
 1.00E+10 1.00E+11 1.00E+12 1.00E+13 1.00E+14 1.00E+15 1.00E+16
 4.84E+01 7.26E+01 1.21E+02 2.42E+02 4.84E+02 1.21E+03 2.42E+03 3.63E+03
 4.84E+03 7.26E+03 1.21E+04 2.42E+04 4.84E+04 7.26E+04
 6.67E-15 1.06E-13 8.95E-13 3.86E-12 6.97E-12 8.41E-12 7.96E-12 7.40E-12
 6.98E-12 6.35E-12 5.51E-12 4.48E-12 3.58E-12 3.11E-12
 6.67E-15 1.06E-13 8.94E-13 3.83E-12 6.87E-12 8.24E-12 7.79E-12 7.24E-12
 6.84E-12 6.23E-12 5.41E-12 4.41E-12 3.54E-12 3.08E-12
 6.64E-15 1.06E-13 8.78E-13 3.65E-12 6.40E-12 7.59E-12 7.15E-12 6.64E-12
 6.27E-12 5.72E-12 4.98E-12 4.08E-12 3.29E-12 2.88E-12
 6.44E-15 1.02E-13 8.29E-13 3.40E-12 5.96E-12 7.04E-12 6.62E-12 6.14E-12
 5.80E-12 5.28E-12 4.59E-12 3.74E-12 3.01E-12 2.62E-12
 6.07E-15 9.59E-14 7.93E-13 3.21E-12 5.45E-12 6.28E-12 5.88E-12 5.46E-12
 5.16E-12 4.72E-12 4.13E-12 3.40E-12 2.76E-12 2.41E-12
 5.81E-15 9.14E-14 7.20E-13 2.38E-12 3.37E-12 3.52E-12 3.25E-12 3.04E-12
 2.89E-12 2.69E-12 2.42E-12 2.08E-12 1.78E-12 1.61E-12
 4.77E-15 6.98E-14 4.29E-13 1.13E-12 1.68E-12 1.87E-12 1.74E-12 1.63E-12
 1.54E-12 1.40E-12 1.24E-12 1.03E-12 8.47E-13 7.52E-13
  33.9948    7  14 /pl=01:ss=52:pb= 1:sz=52/type=excit/ispb = t/isel =   22
 1.00E+10 1.00E+11 1.00E+12 1.00E+13 1.00E+14 1.00E+15 1.00E+16
 4.84E+01 7.26E+01 1.21E+02 2.42E+02 4.84E+02 1.21E+03 2.42E+03 3.63E+03
 4.84E+03 7.26E+03 1.21E+04 2.42E+04 4.84E+04 7.26E+04
 4.86E-15 7.24E-14 5.76E-13 2.38E-12 4.21E-12 5.02E-12 4.72E-12 4.38E-12
 4.14E-12 3.74E-12 3.26E-12 2.64E-12 2.10E-12 1.84E-12
 4.86E-15 7.23E-14 5.75E-13 2.36E-12 4.15E-12 4.91E-12 4.62E-12 4.29E-12
 4.05E-12 3.67E-12 3.20E-12 2.60E-12 2.07E-12 1.82E-12
 4.84E-15 7.19E-14 5.65E-13 2.25E-12 3.87E-12 4.53E-12 4.24E-12 3.94E-12
 3.72E-12 3.37E-12 2.95E-12 2.41E-12 1.93E-12 1.70E-12
 4.70E-15 6.91E-14 5.34E-13 2.10E-12 3.61E-12 4.21E-12 3.93E-12 3.65E-12
 3.44E-12 3.12E-12 2.72E-12 2.21E-12 1.77E-12 1.55E-12
 4.43E-15 6.53E-14 5.11E-13 1.98E-12 3.27E-12 3.70E-12 3.44E-12 3.19E-12
 3.02E-12 2.75E-12 2.42E-12 1.99E-12 1.61E-12 1.42E-12
 4.22E-15 6.17E-14 4.56E-13 1.38E-12 1.80E-12 1.78E-12 1.62E-12 1.52E-12
 1.46E-12 1.36E-12 1.24E-12 1.09E-12 9.42E-13 8.68E-13
 3.24E-15 4.35E-14 2.29E-13 4.39E-13 5.46E-13 5.62E-13 5.18E-13 4.84E-13
 4.62E-13 4.27E-13 3.84E-13 3.31E-13 2.84E-13 2.61E-13
  45.1957    7  14 /pl=01:ss=52:pb= 1:sz=52/type=excit/ispb = t/isel =   23
 1.00E+10 1.00E+11 1.00E+12 1.00E+13 1.00E+14 1.00E+15 1.00E+16
 4.84E+01 7.26E+01 1.21E+02 2.42E+02 4.84E+02 1.21E+03 2.42E+03 3.63E+03
 4.84E+03 7.26E+03 1.21E+04 2.42E+04 4.84E+04 7.26E+04
 1.00E-12 5.43E-12 1.93E-11 4.35E-11 5.69E-11 5.64E-11 4.99E-11 4.55E-11
 4.23E-11 3.79E-11 3.27E-11 2.64E-11 2.10E-11 1.83E-11
 1.00E-12 5.43E-12 1.93E-11 4.31E-11 5.60E-11 5.52E-11 4.89E-11 4.45E-11
 4.14E-11 3.72E-11 3.22E-11 2.60E-11 2.07E-11 1.81E-11
 9.97E-13 5.39E-12 1.89E-11 4.11E-11 5.22E-11 5.08E-11 4.48E-11 4.09E-11
 3.80E-11 3.42E-11 2.96E-11 2.40E-11 1.93E-11 1.69E-11
 9.67E-13 5.18E-12 1.79E-11 3.83E-11 4.85E-11 4.71E-11 4.14E-11 3.77E-11
 3.51E-11 3.14E-11 2.72E-11 2.20E-11 1.76E-11 1.54E-11
 9.10E-13 4.89E-12 1.71E-11 3.59E-11 4.37E-11 4.12E-11 3.60E-11 3.29E-11
 3.06E-11 2.76E-11 2.41E-11 1.97E-11 1.60E-11 1.40E-11
 8.64E-13 4.61E-12 1.51E-11 2.48E-11 2.36E-11 1.93E-11 1.66E-11 1.52E-11
 1.44E-11 1.33E-11 1.21E-11 1.06E-11 9.22E-12 8.46E-12
 6.56E-13 3.20E-12 7.37E-12 7.01E-12 5.88E-12 4.81E-12 4.16E-12 3.83E-12
 3.62E-12 3.35E-12 3.05E-12 2.68E-12 2.36E-12 2.20E-12
  92.2611    7  14 /pl=01:ss=52:pb= 1:sz=52/type=excit/ispb = t/isel =   24
 1.00E+10 1.00E+11 1.00E+12 1.00E+13 1.00E+14 1.00E+15 1.00E+16
 4.84E+01 7.26E+01 1.21E+02 2.42E+02 4.84E+02 1.21E+03 2.42E+03 3.63E+03
 4.84E+03 7.26E+03 1.21E+04 2.42E+04 4.84E+04 7.26E+04
 1.17E-15 2.63E-14 3.19E-13 1.93E-12 4.26E-12 6.01E-12 6.22E-12 6.06E-12
 5.85E-12 5.48E-12 4.93E-12 4.15E-12 3.41E-12 3.02E-12
 1.17E-15 2.63E-14 3.18E-13 1.92E-12 4.20E-12 5.90E-12 6.11E-12 5.95E-12
 5.74E-12 5.38E-12 4.85E-12 4.09E-12 3.37E-12 2.98E-12
 1.16E-15 2.61E-14 3.14E-13 1.84E-12 3.95E-12 5.49E-12 5.66E-12 5.51E-12
 5.32E-12 4.99E-12 4.51E-12 3.82E-12 3.16E-12 2.81E-12
 1.15E-15 2.53E-14 2.99E-13 1.74E-12 3.73E-12 5.19E-12 5.35E-12 5.20E-12
 5.02E-12 4.70E-12 4.23E-12 3.56E-12 2.93E-12 2.60E-12
 1.14E-15 2.43E-14 2.91E-13 1.71E-12 3.71E-12 5.17E-12 5.34E-12 5.19E-12
 5.00E-12 4.68E-12 4.20E-12 3.53E-12 2.90E-12 2.56E-12
 1.31E-15 2.48E-14 2.95E-13 1.79E-12 3.99E-12 5.69E-12 5.90E-12 5.74E-12
 5.52E-12 5.14E-12 4.59E-12 3.82E-12 3.11E-12 2.73E-12
 2.89E-15 3.11E-14 3.40E-13 1.96E-12 3.93E-12 5.27E-12 5.46E-12 5.36E-12
 5.22E-12 4.95E-12 4.55E-12 3.94E-12 3.33E-12 2.97E-12
  109.638    7  14 /pl=01:ss=52:pb= 1:sz=52/type=excit/ispb = t/isel =   25
 1.00E+10 1.00E+11 1.00E+12 1.00E+13 1.00E+14 1.00E+15 1.00E+16
 4.84E+01 7.26E+01 1.21E+02 2.42E+02 4.84E+02 1.21E+03 2.42E+03 3.63E+03
 4.84E+03 7.26E+03 1.21E+04 2.42E+04 4.84E+04 7.26E+04
 1.99E-14 5.62E-14 2.85E-13 1.43E-12 3.06E-12 4.44E-12 4.78E-12 4.75E-12
 4.64E-12 4.41E-12 4.05E-12 3.49E-12 2.93E-12 2.62E-12
 1.98E-14 5.62E-14 2.85E-13 1.42E-12 3.02E-12 4.36E-12 4.69E-12 4.65E-12
 4.55E-12 4.33E-12 3.98E-12 3.44E-12 2.90E-12 2.60E-12
 1.98E-14 5.58E-14 2.80E-13 1.36E-12 2.84E-12 4.04E-12 4.34E-12 4.30E-12
 4.20E-12 4.01E-12 3.69E-12 3.20E-12 2.71E-12 2.44E-12
 1.93E-14 5.41E-14 2.69E-13 1.30E-12 2.71E-12 3.86E-12 4.13E-12 4.09E-12
 3.99E-12 3.79E-12 3.48E-12 3.00E-12 2.53E-12 2.27E-12
 1.86E-14 5.27E-14 2.67E-13 1.30E-12 2.70E-12 3.82E-12 4.07E-12 4.02E-12
 3.92E-12 3.72E-12 3.41E-12 2.94E-12 2.47E-12 2.21E-12
 1.89E-14 5.34E-14 2.70E-13 1.29E-12 2.60E-12 3.57E-12 3.74E-12 3.67E-12
 3.57E-12 3.39E-12 3.11E-12 2.69E-12 2.27E-12 2.04E-12
 2.07E-14 5.71E-14 2.67E-13 1.04E-12 1.77E-12 2.21E-12 2.27E-12 2.25E-12
 2.21E-12 2.13E-12 2.01E-12 1.81E-12 1.59E-12 1.46E-12
  111.153    7  14 /pl=01:ss=52:pb= 1:sz=52/type=excit/ispb = t/isel =   26
 1.00E+10 1.00E+11 1.00E+12 1.00E+13 1.00E+14 1.00E+15 1.00E+16
 4.84E+01 7.26E+01 1.21E+02 2.42E+02 4.84E+02 1.21E+03 2.42E+03 3.63E+03
 4.84E+03 7.26E+03 1.21E+04 2.42E+04 4.84E+04 7.26E+04
 4.25E-14 1.20E-13 6.10E-13 3.06E-12 6.56E-12 9.52E-12 1.02E-11 1.02E-11
 9.93E-12 9.45E-12 8.67E-12 7.48E-12 6.28E-12 5.62E-12
 4.25E-14 1.20E-13 6.09E-13 3.04E-12 6.47E-12 9.34E-12 1.00E-11 9.96E-12
 9.74E-12 9.27E-12 8.53E-12 7.37E-12 6.21E-12 5.56E-12
 4.24E-14 1.20E-13 6.00E-13 2.92E-12 6.08E-12 8.66E-12 9.29E-12 9.21E-12
 9.01E-12 8.58E-12 7.91E-12 6.86E-12 5.81E-12 5.22E-12
 4.13E-14 1.16E-13 5.75E-13 2.78E-12 5.81E-12 8.27E-12 8.85E-12 8.76E-12
 8.55E-12 8.13E-12 7.46E-12 6.43E-12 5.41E-12 4.85E-12
 3.99E-14 1.13E-13 5.71E-13 2.77E-12 5.78E-12 8.19E-12 8.72E-12 8.61E-12
 8.40E-12 7.97E-12 7.31E-12 6.30E-12 5.30E-12 4.74E-12
 4.04E-14 1.14E-13 5.78E-13 2.75E-12 5.58E-12 7.65E-12 8.01E-12 7.87E-12
 7.66E-12 7.26E-12 6.66E-12 5.76E-12 4.87E-12 4.38E-12
 4.44E-14 1.22E-13 5.73E-13 2.22E-12 3.79E-12 4.73E-12 4.87E-12 4.82E-12
 4.73E-12 4.57E-12 4.30E-12 3.87E-12 3.40E-12 3.13E-12
  119.860    7  14 /pl=01:ss=52:pb= 1:sz=52/type=excit/ispb = t/isel =   27
 1.00E+10 1.00E+11 1.00E+12 1.00E+13 1.00E+14 1.00E+15 1.00E+16
 4.84E+01 7.26E+01 1.21E+02 2.42E+02 4.84E+02 1.21E+03 2.42E+03 3.63E+03
 4.84E+03 7.26E+03 1.21E+04 2.42E+04 4.84E+04 7.26E+04
 3.18E-14 6.80E-14 2.98E-13 1.74E-12 4.06E-12 5.89E-12 6.05E-12 5.82E-12
 5.55E-12 5.11E-12 4.53E-12 3.73E-12 3.00E-12 2.63E-12
 3.18E-14 6.80E-14 2.97E-13 1.72E-12 4.01E-12 5.79E-12 5.94E-12 5.71E-12
 5.45E-12 5.03E-12 4.46E-12 3.68E-12 2.97E-12 2.60E-12
 3.19E-14 6.81E-14 2.95E-13 1.66E-12 3.78E-12 5.39E-12 5.51E-12 5.30E-12
 5.06E-12 4.67E-12 4.16E-12 3.44E-12 2.79E-12 2.46E-12
 3.23E-14 6.86E-14 2.87E-13 1.57E-12 3.56E-12 5.07E-12 5.18E-12 4.98E-12
 4.75E-12 4.38E-12 3.89E-12 3.21E-12 2.59E-12 2.27E-12
 3.32E-14 6.91E-14 2.80E-13 1.51E-12 3.34E-12 4.68E-12 4.78E-12 4.60E-12
 4.40E-12 4.07E-12 3.63E-12 3.02E-12 2.45E-12 2.16E-12
 3.29E-14 6.78E-14 2.65E-13 1.26E-12 2.48E-12 3.30E-12 3.38E-12 3.29E-12
 3.18E-12 2.99E-12 2.72E-12 2.33E-12 1.95E-12 1.75E-12
 2.93E-14 5.89E-14 2.07E-13 8.28E-13 1.54E-12 2.01E-12 2.08E-12 2.04E-12
 1.99E-12 1.90E-12 1.76E-12 1.54E-12 1.32E-12 1.20E-12
  133.458    7  14 /pl=01:ss=52:pb= 1:sz=52/type=excit/ispb = t/isel =   28
 1.00E+10 1.00E+11 1.00E+12 1.00E+13 1.00E+14 1.00E+15 1.00E+16
 4.84E+01 7.26E+01 1.21E+02 2.42E+02 4.84E+02 1.21E+03 2.42E+03 3.63E+03
 4.84E+03 7.26E+03 1.21E+04 2.42E+04 4.84E+04 7.26E+04
 2.66E-14 7.54E-14 3.82E-13 1.92E-12 4.11E-12 5.96E-12 6.42E-12 6.37E-12
 6.22E-12 5.92E-12 5.43E-12 4.68E-12 3.94E-12 3.52E-12
 2.66E-14 7.54E-14 3.82E-13 1.91E-12 4.05E-12 5.85E-12 6.29E-12 6.24E-12
 6.10E-12 5.81E-12 5.34E-12 4.61E-12 3.89E-12 3.48E-12
 2.65E-14 7.49E-14 3.76E-13 1.83E-12 3.81E-12 5.43E-12 5.82E-12 5.77E-12
 5.64E-12 5.38E-12 4.95E-12 4.30E-12 3.64E-12 3.27E-12
 2.59E-14 7.26E-14 3.60E-13 1.74E-12 3.64E-12 5.18E-12 5.54E-12 5.49E-12
 5.35E-12 5.09E-12 4.67E-12 4.03E-12 3.39E-12 3.04E-12
 2.50E-14 7.07E-14 3.58E-13 1.74E-12 3.62E-12 5.13E-12 5.46E-12 5.40E-12
 5.26E-12 5.00E-12 4.58E-12 3.95E-12 3.32E-12 2.97E-12
 2.53E-14 7.16E-14 3.62E-13 1.73E-12 3.49E-12 4.79E-12 5.02E-12 4.93E-12
 4.80E-12 4.55E-12 4.17E-12 3.61E-12 3.05E-12 2.74E-12
 2.78E-14 7.66E-14 3.59E-13 1.39E-12 2.37E-12 2.96E-12 3.05E-12 3.02E-12
 2.97E-12 2.86E-12 2.69E-12 2.42E-12 2.13E-12 1.96E-12
  157.470    7  14 /pl=01:ss=52:pb= 1:sz=52/type=excit/ispb = t/isel =   29
 1.00E+10 1.00E+11 1.00E+12 1.00E+13 1.00E+14 1.00E+15 1.00E+16
 4.84E+01 7.26E+01 1.21E+02 2.42E+02 4.84E+02 1.21E+03 2.42E+03 3.63E+03
 4.84E+03 7.26E+03 1.21E+04 2.42E+04 4.84E+04 7.26E+04
 7.54E-16 1.70E-14 2.06E-13 1.25E-12 2.75E-12 3.88E-12 4.02E-12 3.92E-12
 3.78E-12 3.54E-12 3.19E-12 2.68E-12 2.20E-12 1.95E-12
 7.54E-16 1.70E-14 2.06E-13 1.24E-12 2.71E-12 3.81E-12 3.95E-12 3.84E-12
 3.71E-12 3.48E-12 3.13E-12 2.65E-12 2.18E-12 1.93E-12
 7.52E-16 1.69E-14 2.03E-13 1.19E-12 2.55E-12 3.55E-12 3.66E-12 3.56E-12
 3.44E-12 3.23E-12 2.91E-12 2.47E-12 2.04E-12 1.82E-12
 7.43E-16 1.64E-14 1.93E-13 1.12E-12 2.41E-12 3.35E-12 3.46E-12 3.36E-12
 3.24E-12 3.03E-12 2.73E-12 2.30E-12 1.90E-12 1.68E-12
 7.36E-16 1.57E-14 1.88E-13 1.11E-12 2.40E-12 3.34E-12 3.45E-12 3.36E-12
 3.23E-12 3.02E-12 2.72E-12 2.28E-12 1.87E-12 1.66E-12
 8.49E-16 1.60E-14 1.91E-13 1.16E-12 2.58E-12 3.68E-12 3.82E-12 3.71E-12
 3.57E-12 3.32E-12 2.97E-12 2.47E-12 2.01E-12 1.76E-12
 1.87E-15 2.01E-14 2.20E-13 1.26E-12 2.54E-12 3.40E-12 3.53E-12 3.47E-12
 3.37E-12 3.20E-12 2.94E-12 2.55E-12 2.15E-12 1.92E-12
  182.221    7  14 /pl=01:ss=52:pb= 1:sz=52/type=excit/ispb = t/isel =   30
 1.00E+10 1.00E+11 1.00E+12 1.00E+13 1.00E+14 1.00E+15 1.00E+16
 4.84E+01 7.26E+01 1.21E+02 2.42E+02 4.84E+02 1.21E+03 2.42E+03 3.63E+03
 4.84E+03 7.26E+03 1.21E+04 2.42E+04 4.84E+04 7.26E+04
 4.64E-14 9.94E-14 4.35E-13 2.54E-12 5.94E-12 8.62E-12 8.85E-12 8.50E-12
 8.11E-12 7.47E-12 6.62E-12 5.45E-12 4.39E-12 3.84E-12
 4.65E-14 9.94E-14 4.34E-13 2.52E-12 5.86E-12 8.46E-12 8.68E-12 8.35E-12
 7.97E-12 7.35E-12 6.52E-12 5.38E-12 4.34E-12 3.80E-12
 4.66E-14 9.95E-14 4.31E-13 2.43E-12 5.52E-12 7.88E-12 8.06E-12 7.75E-12
 7.40E-12 6.83E-12 6.08E-12 5.03E-12 4.08E-12 3.59E-12
 4.73E-14 1.00E-13 4.19E-13 2.30E-12 5.21E-12 7.41E-12 7.57E-12 7.28E-12
 6.94E-12 6.40E-12 5.68E-12 4.69E-12 3.79E-12 3.32E-12
 4.85E-14 1.01E-13 4.10E-13 2.21E-12 4.89E-12 6.84E-12 6.98E-12 6.72E-12
 6.43E-12 5.95E-12 5.31E-12 4.41E-12 3.58E-12 3.15E-12
 4.81E-14 9.91E-14 3.87E-13 1.83E-12 3.62E-12 4.82E-12 4.95E-12 4.81E-12
 4.65E-12 4.37E-12 3.97E-12 3.40E-12 2.85E-12 2.55E-12
 4.28E-14 8.62E-14 3.03E-13 1.21E-12 2.24E-12 2.93E-12 3.03E-12 2.98E-12
 2.91E-12 2.78E-12 2.57E-12 2.26E-12 1.94E-12 1.75E-12
  222.797    7  14 /pl=01:ss=52:pb= 1:sz=52/type=excit/ispb = t/isel =   31
 1.00E+10 1.00E+11 1.00E+12 1.00E+13 1.00E+14 1.00E+15 1.00E+16
 4.84E+01 7.26E+01 1.21E+02 2.42E+02 4.84E+02 1.21E+03 2.42E+03 3.63E+03
 4.84E+03 7.26E+03 1.21E+04 2.42E+04 4.84E+04 7.26E+04
 2.00E-13 3.88E-13 1.41E-12 6.43E-12 1.36E-11 2.02E-11 2.23E-11 2.25E-11
 2.22E-11 2.13E-11 1.98E-11 1.72E-11 1.46E-11 1.31E-11
 2.00E-13 3.88E-13 1.40E-12 6.39E-12 1.34E-11 1.98E-11 2.19E-11 2.21E-11
 2.18E-11 2.09E-11 1.94E-11 1.70E-11 1.44E-11 1.30E-11
 1.99E-13 3.86E-13 1.38E-12 6.14E-12 1.27E-11 1.85E-11 2.03E-11 2.05E-11
 2.02E-11 1.94E-11 1.81E-11 1.58E-11 1.35E-11 1.22E-11
 1.93E-13 3.72E-13 1.32E-12 5.85E-12 1.21E-11 1.77E-11 1.94E-11 1.95E-11
 1.92E-11 1.84E-11 1.70E-11 1.48E-11 1.26E-11 1.13E-11
 1.83E-13 3.54E-13 1.30E-12 5.87E-12 1.24E-11 1.81E-11 1.97E-11 1.97E-11
 1.93E-11 1.84E-11 1.70E-11 1.47E-11 1.25E-11 1.12E-11
 1.78E-13 3.49E-13 1.32E-12 6.35E-12 1.37E-11 1.96E-11 2.08E-11 2.05E-11
 2.00E-11 1.90E-11 1.73E-11 1.49E-11 1.25E-11 1.12E-11
 1.68E-13 3.40E-13 1.40E-12 5.89E-12 1.02E-11 1.26E-11 1.30E-11 1.29E-11
 1.27E-11 1.23E-11 1.16E-11 1.06E-11 9.38E-12 8.66E-12
  238.230    7  14 /pl=01:ss=52:pb= 1:sz=52/type=excit/ispb = t/isel =   32
 1.00E+10 1.00E+11 1.00E+12 1.00E+13 1.00E+14 1.00E+15 1.00E+16
 4.84E+01 7.26E+01 1.21E+02 2.42E+02 4.84E+02 1.21E+03 2.42E+03 3.63E+03
 4.84E+03 7.26E+03 1.21E+04 2.42E+04 4.84E+04 7.26E+04
 4.23E-14 9.48E-14 3.60E-13 1.71E-12 3.67E-12 5.21E-12 5.41E-12 5.25E-12
 5.06E-12 4.73E-12 4.23E-12 3.53E-12 2.88E-12 2.54E-12
 4.23E-14 9.47E-14 3.59E-13 1.69E-12 3.63E-12 5.12E-12 5.31E-12 5.16E-12
 4.97E-12 4.65E-12 4.17E-12 3.48E-12 2.85E-12 2.52E-12
 4.22E-14 9.45E-14 3.56E-13 1.64E-12 3.45E-12 4.82E-12 4.97E-12 4.83E-12
 4.66E-12 4.35E-12 3.91E-12 3.27E-12 2.69E-12 2.38E-12
 4.20E-14 9.40E-14 3.56E-13 1.64E-12 3.46E-12 4.81E-12 4.95E-12 4.79E-12
 4.61E-12 4.30E-12 3.84E-12 3.20E-12 2.60E-12 2.29E-12
 4.37E-14 9.95E-14 3.80E-13 1.69E-12 3.46E-12 4.75E-12 4.87E-12 4.72E-12
 4.54E-12 4.24E-12 3.81E-12 3.19E-12 2.61E-12 2.31E-12
 4.56E-14 1.03E-13 3.78E-13 1.54E-12 2.95E-12 3.88E-12 3.96E-12 3.85E-12
 3.72E-12 3.50E-12 3.18E-12 2.71E-12 2.27E-12 2.03E-12
 4.23E-14 9.26E-14 3.11E-13 1.03E-12 1.70E-12 2.09E-12 2.15E-12 2.12E-12
 2.08E-12 2.00E-12 1.88E-12 1.68E-12 1.48E-12 1.35E-12
  254.671    7  14 /pl=01:ss=52:pb= 1:sz=52/type=excit/ispb = t/isel =   33
 1.00E+10 1.00E+11 1.00E+12 1.00E+13 1.00E+14 1.00E+15 1.00E+16
 4.84E+01 7.26E+01 1.21E+02 2.42E+02 4.84E+02 1.21E+03 2.42E+03 3.63E+03
 4.84E+03 7.26E+03 1.21E+04 2.42E+04 4.84E+04 7.26E+04
 3.10E-14 6.63E-14 2.90E-13 1.69E-12 3.96E-12 5.74E-12 5.90E-12 5.67E-12
 5.41E-12 4.98E-12 4.42E-12 3.64E-12 2.93E-12 2.56E-12
 3.10E-14 6.63E-14 2.90E-13 1.68E-12 3.91E-12 5.64E-12 5.79E-12 5.57E-12
 5.31E-12 4.90E-12 4.35E-12 3.59E-12 2.89E-12 2.54E-12
 3.10E-14 6.64E-14 2.87E-13 1.62E-12 3.68E-12 5.25E-12 5.37E-12 5.17E-12
 4.93E-12 4.55E-12 4.05E-12 3.35E-12 2.72E-12 2.39E-12
 3.15E-14 6.69E-14 2.79E-13 1.53E-12 3.47E-12 4.94E-12 5.05E-12 4.85E-12
 4.63E-12 4.27E-12 3.79E-12 3.13E-12 2.52E-12 2.22E-12
 3.23E-14 6.73E-14 2.73E-13 1.47E-12 3.26E-12 4.56E-12 4.66E-12 4.48E-12
 4.28E-12 3.97E-12 3.54E-12 2.94E-12 2.39E-12 2.10E-12
 3.21E-14 6.61E-14 2.58E-13 1.22E-12 2.41E-12 3.22E-12 3.30E-12 3.21E-12
 3.10E-12 2.91E-12 2.65E-12 2.27E-12 1.90E-12 1.70E-12
 2.86E-14 5.74E-14 2.02E-13 8.07E-13 1.50E-12 1.96E-12 2.02E-12 1.99E-12
 1.94E-12 1.85E-12 1.72E-12 1.51E-12 1.29E-12 1.17E-12
  332.823    7  14 /pl=01:ss=52:pb= 1:sz=52/type=excit/ispb = t/isel =   34
 1.00E+10 1.00E+11 1.00E+12 1.00E+13 1.00E+14 1.00E+15 1.00E+16
 4.84E+01 7.26E+01 1.21E+02 2.42E+02 4.84E+02 1.21E+03 2.42E+03 3.63E+03
 4.84E+03 7.26E+03 1.21E+04 2.42E+04 4.84E+04 7.26E+04
 2.04E-14 5.79E-14 2.93E-13 1.47E-12 3.16E-12 4.58E-12 4.93E-12 4.89E-12
 4.77E-12 4.54E-12 4.17E-12 3.59E-12 3.02E-12 2.70E-12
 2.04E-14 5.78E-14 2.93E-13 1.46E-12 3.11E-12 4.49E-12 4.83E-12 4.79E-12
 4.68E-12 4.46E-12 4.10E-12 3.54E-12 2.98E-12 2.67E-12
 2.04E-14 5.75E-14 2.89E-13 1.40E-12 2.92E-12 4.16E-12 4.46E-12 4.43E-12
 4.33E-12 4.13E-12 3.80E-12 3.30E-12 2.79E-12 2.51E-12
 1.99E-14 5.57E-14 2.77E-13 1.34E-12 2.79E-12 3.98E-12 4.25E-12 4.21E-12
 4.11E-12 3.91E-12 3.58E-12 3.09E-12 2.60E-12 2.33E-12
 1.92E-14 5.42E-14 2.75E-13 1.33E-12 2.78E-12 3.94E-12 4.19E-12 4.14E-12
 4.04E-12 3.83E-12 3.51E-12 3.03E-12 2.55E-12 2.28E-12
 1.94E-14 5.50E-14 2.78E-13 1.32E-12 2.68E-12 3.68E-12 3.85E-12 3.78E-12
 3.68E-12 3.49E-12 3.20E-12 2.77E-12 2.34E-12 2.10E-12
 2.14E-14 5.88E-14 2.75E-13 1.07E-12 1.82E-12 2.27E-12 2.34E-12 2.32E-12
 2.28E-12 2.20E-12 2.07E-12 1.86E-12 1.64E-12 1.50E-12
  343.304    7  14 /pl=01:ss=52:pb= 1:sz=52/type=excit/ispb = t/isel =   35
 1.00E+10 1.00E+11 1.00E+12 1.00E+13 1.00E+14 1.00E+15 1.00E+16
 4.84E+01 7.26E+01 1.21E+02 2.42E+02 4.84E+02 1.21E+03 2.42E+03 3.63E+03
 4.84E+03 7.26E+03 1.21E+04 2.42E+04 4.84E+04 7.26E+04
 7.30E-14 1.29E-13 3.74E-13 1.42E-12 2.82E-12 3.87E-12 4.03E-12 3.93E-12
 3.80E-12 3.57E-12 3.23E-12 2.74E-12 2.27E-12 2.02E-12
 7.31E-14 1.29E-13 3.74E-13 1.42E-12 2.80E-12 3.84E-12 3.99E-12 3.90E-12
 3.77E-12 3.55E-12 3.21E-12 2.72E-12 2.26E-12 2.01E-12
 7.34E-14 1.29E-13 3.75E-13 1.40E-12 2.74E-12 3.73E-12 3.87E-12 3.78E-12
 3.66E-12 3.44E-12 3.12E-12 2.65E-12 2.20E-12 1.96E-12
 7.53E-14 1.32E-13 3.79E-13 1.39E-12 2.69E-12 3.64E-12 3.78E-12 3.68E-12
 3.57E-12 3.35E-12 3.03E-12 2.58E-12 2.14E-12 1.90E-12
 7.91E-14 1.36E-13 3.80E-13 1.36E-12 2.59E-12 3.46E-12 3.58E-12 3.50E-12
 3.39E-12 3.19E-12 2.90E-12 2.48E-12 2.06E-12 1.84E-12
 7.99E-14 1.36E-13 3.65E-13 1.17E-12 1.99E-12 2.51E-12 2.59E-12 2.54E-12
 2.48E-12 2.37E-12 2.20E-12 1.93E-12 1.66E-12 1.51E-12
 7.46E-14 1.20E-13 2.64E-13 5.74E-13 7.64E-13 8.53E-13 8.69E-13 8.65E-13
 8.58E-13 8.44E-13 8.19E-13 7.75E-13 7.21E-13 6.87E-13
  350.232    7  14 /pl=01:ss=52:pb= 1:sz=52/type=excit/ispb = t/isel =   36
 1.00E+10 1.00E+11 1.00E+12 1.00E+13 1.00E+14 1.00E+15 1.00E+16
 4.84E+01 7.26E+01 1.21E+02 2.42E+02 4.84E+02 1.21E+03 2.42E+03 3.63E+03
 4.84E+03 7.26E+03 1.21E+04 2.42E+04 4.84E+04 7.26E+04
 8.09E-14 1.49E-13 5.48E-13 2.52E-12 5.32E-12 7.57E-12 8.01E-12 7.87E-12
 7.62E-12 7.17E-12 6.49E-12 5.49E-12 4.53E-12 4.01E-12
 8.10E-14 1.49E-13 5.56E-13 2.64E-12 5.70E-12 8.19E-12 8.65E-12 8.48E-12
 8.20E-12 7.68E-12 6.91E-12 5.80E-12 4.75E-12 4.19E-12
 8.16E-14 1.54E-13 6.29E-13 3.33E-12 7.35E-12 1.05E-11 1.10E-11 1.08E-11
 1.04E-11 9.72E-12 8.71E-12 7.25E-12 5.86E-12 5.13E-12
 8.60E-14 1.83E-13 8.60E-13 4.20E-12 8.68E-12 1.20E-11 1.26E-11 1.23E-11
 1.19E-11 1.12E-11 1.01E-11 8.54E-12 7.02E-12 6.20E-12
 9.49E-14 2.23E-13 9.95E-13 4.57E-12 9.46E-12 1.32E-11 1.39E-11 1.35E-11
 1.31E-11 1.23E-11 1.10E-11 9.28E-12 7.60E-12 6.71E-12
 1.08E-13 2.52E-13 1.14E-12 5.71E-12 1.20E-11 1.64E-11 1.71E-11 1.67E-11
 1.62E-11 1.52E-11 1.37E-11 1.16E-11 9.45E-12 8.31E-12
 1.84E-13 3.83E-13 1.60E-12 5.86E-12 9.31E-12 1.10E-11 1.12E-11 1.10E-11
 1.08E-11 1.04E-11 9.83E-12 8.89E-12 7.87E-12 7.25E-12
  383.043    7  14 /pl=01:ss=52:pb= 1:sz=52/type=excit/ispb = t/isel =   37
 1.00E+10 1.00E+11 1.00E+12 1.00E+13 1.00E+14 1.00E+15 1.00E+16
 4.84E+01 7.26E+01 1.21E+02 2.42E+02 4.84E+02 1.21E+03 2.42E+03 3.63E+03
 4.84E+03 7.26E+03 1.21E+04 2.42E+04 4.84E+04 7.26E+04
 2.83E-13 4.97E-13 1.45E-12 5.49E-12 1.09E-11 1.50E-11 1.56E-11 1.52E-11
 1.47E-11 1.38E-11 1.25E-11 1.06E-11 8.78E-12 7.80E-12
 2.83E-13 4.98E-13 1.45E-12 5.48E-12 1.08E-11 1.49E-11 1.54E-11 1.51E-11
 1.46E-11 1.37E-11 1.24E-11 1.05E-11 8.74E-12 7.77E-12
 2.84E-13 5.00E-13 1.45E-12 5.44E-12 1.06E-11 1.44E-11 1.50E-11 1.46E-11
 1.42E-11 1.33E-11 1.21E-11 1.03E-11 8.52E-12 7.58E-12
 2.92E-13 5.12E-13 1.47E-12 5.37E-12 1.04E-11 1.41E-11 1.46E-11 1.43E-11
 1.38E-11 1.30E-11 1.17E-11 9.97E-12 8.27E-12 7.35E-12
 3.06E-13 5.28E-13 1.47E-12 5.27E-12 1.00E-11 1.34E-11 1.38E-11 1.35E-11
 1.31E-11 1.24E-11 1.12E-11 9.58E-12 7.99E-12 7.12E-12
 3.09E-13 5.26E-13 1.41E-12 4.52E-12 7.71E-12 9.72E-12 1.00E-11 9.84E-12
 9.61E-12 9.18E-12 8.50E-12 7.48E-12 6.44E-12 5.84E-12
 2.89E-13 4.64E-13 1.02E-12 2.22E-12 2.96E-12 3.30E-12 3.36E-12 3.35E-12
 3.32E-12 3.27E-12 3.17E-12 3.00E-12 2.79E-12 2.66E-12
  402.792    7  14 /pl=01:ss=52:pb= 1:sz=52/type=excit/ispb = t/isel =   38
 1.00E+10 1.00E+11 1.00E+12 1.00E+13 1.00E+14 1.00E+15 1.00E+16
 4.84E+01 7.26E+01 1.21E+02 2.42E+02 4.84E+02 1.21E+03 2.42E+03 3.63E+03
 4.84E+03 7.26E+03 1.21E+04 2.42E+04 4.84E+04 7.26E+04
 7.56E-13 1.33E-12 3.87E-12 1.47E-11 2.91E-11 4.00E-11 4.17E-11 4.07E-11
 3.94E-11 3.70E-11 3.34E-11 2.84E-11 2.35E-11 2.09E-11
 7.56E-13 1.33E-12 3.87E-12 1.47E-11 2.90E-11 3.97E-11 4.13E-11 4.03E-11
 3.91E-11 3.67E-11 3.32E-11 2.82E-11 2.34E-11 2.08E-11
 7.59E-13 1.34E-12 3.88E-12 1.45E-11 2.84E-11 3.86E-11 4.00E-11 3.91E-11
 3.79E-11 3.56E-11 3.22E-11 2.74E-11 2.28E-11 2.03E-11
 7.80E-13 1.37E-12 3.92E-12 1.44E-11 2.78E-11 3.77E-11 3.91E-11 3.81E-11
 3.69E-11 3.47E-11 3.14E-11 2.67E-11 2.21E-11 1.97E-11
 8.18E-13 1.41E-12 3.93E-12 1.41E-11 2.68E-11 3.58E-11 3.70E-11 3.62E-11
 3.51E-11 3.30E-11 3.00E-11 2.56E-11 2.14E-11 1.90E-11
 8.27E-13 1.41E-12 3.77E-12 1.21E-11 2.06E-11 2.60E-11 2.68E-11 2.63E-11
 2.57E-11 2.45E-11 2.27E-11 2.00E-11 1.72E-11 1.56E-11
 7.72E-13 1.24E-12 2.73E-12 5.94E-12 7.90E-12 8.83E-12 8.99E-12 8.95E-12
 8.88E-12 8.73E-12 8.47E-12 8.02E-12 7.46E-12 7.10E-12
  517.117    7  14 /pl=01:ss=52:pb= 1:sz=52/type=excit/ispb = t/isel =   39
 1.00E+10 1.00E+11 1.00E+12 1.00E+13 1.00E+14 1.00E+15 1.00E+16
 4.84E+01 7.26E+01 1.21E+02 2.42E+02 4.84E+02 1.21E+03 2.42E+03 3.63E+03
 4.84E+03 7.26E+03 1.21E+04 2.42E+04 4.84E+04 7.26E+04
 2.34E-13 3.61E-13 1.02E-12 4.01E-12 8.08E-12 1.13E-11 1.18E-11 1.16E-11
 1.12E-11 1.06E-11 9.59E-12 8.15E-12 6.75E-12 6.00E-12
 2.34E-13 3.61E-13 1.02E-12 4.01E-12 8.06E-12 1.12E-11 1.18E-11 1.15E-11
 1.12E-11 1.05E-11 9.55E-12 8.12E-12 6.73E-12 5.98E-12
 2.35E-13 3.63E-13 1.02E-12 4.01E-12 7.97E-12 1.10E-11 1.15E-11 1.13E-11
 1.09E-11 1.03E-11 9.35E-12 7.96E-12 6.60E-12 5.88E-12
 2.43E-13 3.75E-13 1.04E-12 4.00E-12 7.87E-12 1.08E-11 1.13E-11 1.11E-11
 1.07E-11 1.01E-11 9.15E-12 7.78E-12 6.45E-12 5.74E-12
 2.59E-13 3.91E-13 1.05E-12 3.96E-12 7.67E-12 1.04E-11 1.08E-11 1.06E-11
 1.03E-11 9.74E-12 8.86E-12 7.56E-12 6.29E-12 5.61E-12
 2.63E-13 3.92E-13 1.03E-12 3.53E-12 6.00E-12 7.45E-12 7.69E-12 7.61E-12
 7.46E-12 7.18E-12 6.71E-12 5.98E-12 5.18E-12 4.72E-12
 2.48E-13 3.50E-13 7.50E-13 1.37E-12 1.52E-12 1.56E-12 1.58E-12 1.58E-12
 1.59E-12 1.59E-12 1.59E-12 1.58E-12 1.55E-12 1.52E-12
  518.108    7  14 /pl=01:ss=52:pb= 1:sz=52/type=excit/ispb = t/isel =   40
 1.00E+10 1.00E+11 1.00E+12 1.00E+13 1.00E+14 1.00E+15 1.00E+16
 4.84E+01 7.26E+01 1.21E+02 2.42E+02 4.84E+02 1.21E+03 2.42E+03 3.63E+03
 4.84E+03 7.26E+03 1.21E+04 2.42E+04 4.84E+04 7.26E+04
 1.85E-12 2.36E-12 4.32E-12 1.20E-11 2.19E-11 2.91E-11 3.01E-11 2.93E-11
 2.83E-11 2.66E-11 2.40E-11 2.04E-11 1.69E-11 1.50E-11
 1.85E-12 2.36E-12 4.32E-12 1.20E-11 2.16E-11 2.86E-11 2.96E-11 2.88E-11
 2.79E-11 2.62E-11 2.37E-11 2.01E-11 1.67E-11 1.49E-11
 1.84E-12 2.35E-12 4.26E-12 1.16E-11 2.05E-11 2.69E-11 2.77E-11 2.70E-11
 2.61E-11 2.46E-11 2.23E-11 1.90E-11 1.58E-11 1.41E-11
 1.80E-12 2.28E-12 4.08E-12 1.09E-11 1.93E-11 2.52E-11 2.59E-11 2.52E-11
 2.44E-11 2.29E-11 2.08E-11 1.77E-11 1.47E-11 1.31E-11
 1.71E-12 2.17E-12 3.92E-12 1.04E-11 1.80E-11 2.31E-11 2.37E-11 2.32E-11
 2.24E-11 2.11E-11 1.92E-11 1.64E-11 1.37E-11 1.23E-11
 1.62E-12 2.05E-12 3.57E-12 8.41E-12 1.31E-11 1.59E-11 1.63E-11 1.60E-11
 1.56E-11 1.49E-11 1.39E-11 1.23E-11 1.06E-11 9.67E-12
 1.21E-12 1.44E-12 2.15E-12 3.89E-12 4.91E-12 5.33E-12 5.38E-12 5.35E-12
 5.31E-12 5.21E-12 5.06E-12 4.79E-12 4.46E-12 4.25E-12
  580.827    7  14 /pl=01:ss=52:pb= 1:sz=52/type=excit/ispb = t/isel =   41
 1.00E+10 1.00E+11 1.00E+12 1.00E+13 1.00E+14 1.00E+15 1.00E+16
 4.84E+01 7.26E+01 1.21E+02 2.42E+02 4.84E+02 1.21E+03 2.42E+03 3.63E+03
 4.84E+03 7.26E+03 1.21E+04 2.42E+04 4.84E+04 7.26E+04
 1.35E-12 1.90E-12 3.44E-12 9.14E-12 1.65E-11 2.19E-11 2.25E-11 2.18E-11
 2.11E-11 1.97E-11 1.77E-11 1.50E-11 1.24E-11 1.10E-11
 1.34E-12 1.90E-12 3.44E-12 9.07E-12 1.63E-11 2.15E-11 2.20E-11 2.14E-11
 2.07E-11 1.93E-11 1.74E-11 1.48E-11 1.22E-11 1.09E-11
 1.34E-12 1.89E-12 3.38E-12 8.69E-12 1.53E-11 1.99E-11 2.03E-11 1.97E-11
 1.91E-11 1.79E-11 1.62E-11 1.38E-11 1.15E-11 1.02E-11
 1.30E-12 1.82E-12 3.22E-12 8.12E-12 1.42E-11 1.84E-11 1.88E-11 1.82E-11
 1.76E-11 1.65E-11 1.49E-11 1.26E-11 1.05E-11 9.33E-12
 1.23E-12 1.73E-12 3.09E-12 7.66E-12 1.30E-11 1.64E-11 1.67E-11 1.62E-11
 1.57E-11 1.48E-11 1.34E-11 1.15E-11 9.64E-12 8.62E-12
 1.15E-12 1.60E-12 2.71E-12 5.42E-12 7.58E-12 8.64E-12 8.69E-12 8.55E-12
 8.38E-12 8.08E-12 7.63E-12 6.93E-12 6.18E-12 5.72E-12
 7.28E-13 9.29E-13 1.14E-12 1.42E-12 1.54E-12 1.58E-12 1.58E-12 1.58E-12
 1.58E-12 1.57E-12 1.55E-12 1.52E-12 1.48E-12 1.45E-12
  614.288    7  14 /pl=01:ss=52:pb= 1:sz=52/type=excit/ispb = t/isel =   42
 1.00E+10 1.00E+11 1.00E+12 1.00E+13 1.00E+14 1.00E+15 1.00E+16
 4.84E+01 7.26E+01 1.21E+02 2.42E+02 4.84E+02 1.21E+03 2.42E+03 3.63E+03
 4.84E+03 7.26E+03 1.21E+04 2.42E+04 4.84E+04 7.26E+04
 4.46E-13 6.34E-13 1.61E-12 5.99E-12 1.19E-11 1.67E-11 1.78E-11 1.76E-11
 1.71E-11 1.62E-11 1.49E-11 1.28E-11 1.07E-11 9.53E-12
 4.46E-13 6.33E-13 1.61E-12 5.98E-12 1.19E-11 1.66E-11 1.76E-11 1.74E-11
 1.70E-11 1.61E-11 1.47E-11 1.27E-11 1.06E-11 9.48E-12
 4.46E-13 6.32E-13 1.60E-12 5.91E-12 1.16E-11 1.60E-11 1.70E-11 1.68E-11
 1.63E-11 1.55E-11 1.42E-11 1.22E-11 1.03E-11 9.18E-12
 4.41E-13 6.26E-13 1.59E-12 5.79E-12 1.12E-11 1.54E-11 1.63E-11 1.61E-11
 1.57E-11 1.48E-11 1.36E-11 1.17E-11 9.79E-12 8.75E-12
 4.32E-13 6.14E-13 1.56E-12 5.52E-12 1.03E-11 1.38E-11 1.45E-11 1.43E-11
 1.40E-11 1.33E-11 1.23E-11 1.07E-11 9.03E-12 8.12E-12
 4.15E-13 5.86E-13 1.41E-12 3.95E-12 5.80E-12 6.65E-12 6.79E-12 6.76E-12
 6.69E-12 6.56E-12 6.32E-12 5.90E-12 5.39E-12 5.07E-12
 3.14E-13 4.09E-13 6.76E-13 8.28E-13 7.75E-13 7.33E-13 7.28E-13 7.33E-13
 7.38E-13 7.49E-13 7.64E-13 7.87E-13 8.10E-13 8.22E-13
  665.070    7  14 /pl=01:ss=52:pb= 1:sz=52/type=excit/ispb = t/isel =   43
 1.00E+10 1.00E+11 1.00E+12 1.00E+13 1.00E+14 1.00E+15 1.00E+16
 4.84E+01 7.26E+01 1.21E+02 2.42E+02 4.84E+02 1.21E+03 2.42E+03 3.63E+03
 4.84E+03 7.26E+03 1.21E+04 2.42E+04 4.84E+04 7.26E+04
 4.43E-12 6.28E-12 1.59E-11 5.94E-11 1.18E-10 1.66E-10 1.76E-10 1.74E-10
 1.70E-10 1.61E-10 1.47E-10 1.26E-10 1.06E-10 9.45E-11
 4.42E-12 6.28E-12 1.59E-11 5.93E-11 1.18E-10 1.64E-10 1.75E-10 1.73E-10
 1.68E-10 1.60E-10 1.46E-10 1.26E-10 1.05E-10 9.40E-11
 4.42E-12 6.27E-12 1.59E-11 5.86E-11 1.15E-10 1.59E-10 1.68E-10 1.66E-10
 1.62E-10 1.54E-10 1.41E-10 1.21E-10 1.02E-10 9.10E-11
 4.37E-12 6.20E-12 1.57E-11 5.74E-11 1.11E-10 1.53E-10 1.62E-10 1.59E-10
 1.55E-10 1.47E-10 1.35E-10 1.16E-10 9.70E-11 8.68E-11
 4.28E-12 6.09E-12 1.54E-11 5.47E-11 1.02E-10 1.37E-10 1.44E-10 1.42E-10
 1.38E-10 1.32E-10 1.21E-10 1.06E-10 8.95E-11 8.05E-11
 4.12E-12 5.81E-12 1.39E-11 3.92E-11 5.75E-11 6.60E-11 6.73E-11 6.70E-11
 6.63E-11 6.50E-11 6.26E-11 5.84E-11 5.34E-11 5.02E-11
 3.11E-12 4.06E-12 6.70E-12 8.21E-12 7.68E-12 7.26E-12 7.22E-12 7.27E-12
 7.32E-12 7.42E-12 7.57E-12 7.80E-12 8.03E-12 8.15E-12
  739.836    7  14 /pl=01:ss=52:pb= 1:sz=52/type=excit/ispb = t/isel =   44
 1.00E+10 1.00E+11 1.00E+12 1.00E+13 1.00E+14 1.00E+15 1.00E+16
 4.84E+01 7.26E+01 1.21E+02 2.42E+02 4.84E+02 1.21E+03 2.42E+03 3.63E+03
 4.84E+03 7.26E+03 1.21E+04 2.42E+04 4.84E+04 7.26E+04
 8.46E-14 1.55E-13 5.72E-13 2.63E-12 5.56E-12 7.91E-12 8.37E-12 8.22E-12
 7.97E-12 7.49E-12 6.79E-12 5.74E-12 4.73E-12 4.20E-12
 8.46E-14 1.56E-13 5.82E-13 2.76E-12 5.96E-12 8.56E-12 9.04E-12 8.86E-12
 8.57E-12 8.03E-12 7.23E-12 6.06E-12 4.96E-12 4.38E-12
 8.53E-14 1.61E-13 6.57E-13 3.48E-12 7.68E-12 1.10E-11 1.15E-11 1.13E-11
 1.09E-11 1.02E-11 9.10E-12 7.57E-12 6.12E-12 5.36E-12
 8.98E-14 1.91E-13 8.98E-13 4.39E-12 9.07E-12 1.26E-11 1.32E-11 1.29E-11
 1.25E-11 1.17E-11 1.06E-11 8.92E-12 7.34E-12 6.48E-12
 9.92E-14 2.33E-13 1.04E-12 4.77E-12 9.89E-12 1.38E-11 1.45E-11 1.42E-11
 1.37E-11 1.28E-11 1.15E-11 9.70E-12 7.95E-12 7.01E-12
 1.13E-13 2.63E-13 1.20E-12 5.97E-12 1.25E-11 1.72E-11 1.79E-11 1.75E-11
 1.69E-11 1.59E-11 1.43E-11 1.21E-11 9.87E-12 8.68E-12
 1.93E-13 4.00E-13 1.67E-12 6.13E-12 9.73E-12 1.15E-11 1.17E-11 1.15E-11
 1.13E-11 1.09E-11 1.03E-11 9.30E-12 8.22E-12 7.58E-12
  965.904    7  14 /pl=01:ss=52:pb= 1:sz=52/type=excit/ispb = t/isel =   45
 1.00E+10 1.00E+11 1.00E+12 1.00E+13 1.00E+14 1.00E+15 1.00E+16
 4.84E+01 7.26E+01 1.21E+02 2.42E+02 4.84E+02 1.21E+03 2.42E+03 3.63E+03
 4.84E+03 7.26E+03 1.21E+04 2.42E+04 4.84E+04 7.26E+04
 5.87E-13 9.08E-13 2.55E-12 1.01E-11 2.03E-11 2.83E-11 2.97E-11 2.91E-11
 2.83E-11 2.66E-11 2.41E-11 2.05E-11 1.70E-11 1.51E-11
 5.88E-13 9.08E-13 2.55E-12 1.01E-11 2.03E-11 2.81E-11 2.95E-11 2.90E-11
 2.81E-11 2.65E-11 2.40E-11 2.04E-11 1.69E-11 1.50E-11
 5.91E-13 9.13E-13 2.57E-12 1.01E-11 2.00E-11 2.76E-11 2.89E-11 2.84E-11
 2.75E-11 2.59E-11 2.35E-11 2.00E-11 1.66E-11 1.48E-11
 6.12E-13 9.44E-13 2.62E-12 1.01E-11 1.98E-11 2.71E-11 2.83E-11 2.78E-11
 2.69E-11 2.54E-11 2.30E-11 1.96E-11 1.62E-11 1.44E-11
 6.50E-13 9.83E-13 2.65E-12 9.95E-12 1.93E-11 2.61E-11 2.73E-11 2.67E-11
 2.60E-11 2.45E-11 2.23E-11 1.90E-11 1.58E-11 1.41E-11
 6.61E-13 9.85E-13 2.60E-12 8.86E-12 1.51E-11 1.87E-11 1.93E-11 1.91E-11
 1.88E-11 1.80E-11 1.69E-11 1.50E-11 1.30E-11 1.19E-11
 6.22E-13 8.80E-13 1.88E-12 3.43E-12 3.83E-12 3.92E-12 3.96E-12 3.98E-12
 3.99E-12 3.99E-12 3.99E-12 3.96E-12 3.89E-12 3.83E-12
  1085.25    7  14 /pl=01:ss=52:pb= 1:sz=52/type=excit/ispb = t/isel =   46
 1.00E+10 1.00E+11 1.00E+12 1.00E+13 1.00E+14 1.00E+15 1.00E+16
 4.84E+01 7.26E+01 1.21E+02 2.42E+02 4.84E+02 1.21E+03 2.42E+03 3.63E+03
 4.84E+03 7.26E+03 1.21E+04 2.42E+04 4.84E+04 7.26E+04
 4.03E-14 7.40E-14 2.73E-13 1.25E-12 2.65E-12 3.77E-12 3.99E-12 3.92E-12
 3.80E-12 3.57E-12 3.23E-12 2.73E-12 2.25E-12 2.00E-12
 4.03E-14 7.43E-14 2.77E-13 1.31E-12 2.84E-12 4.08E-12 4.31E-12 4.22E-12
 4.08E-12 3.82E-12 3.44E-12 2.89E-12 2.36E-12 2.08E-12
 4.06E-14 7.67E-14 3.13E-13 1.66E-12 3.66E-12 5.23E-12 5.49E-12 5.37E-12
 5.18E-12 4.84E-12 4.33E-12 3.61E-12 2.92E-12 2.55E-12
 4.28E-14 9.12E-14 4.28E-13 2.09E-12 4.32E-12 6.00E-12 6.28E-12 6.14E-12
 5.94E-12 5.58E-12 5.04E-12 4.25E-12 3.49E-12 3.09E-12
 4.72E-14 1.11E-13 4.95E-13 2.27E-12 4.71E-12 6.59E-12 6.90E-12 6.74E-12
 6.52E-12 6.11E-12 5.50E-12 4.62E-12 3.79E-12 3.34E-12
 5.36E-14 1.25E-13 5.69E-13 2.84E-12 5.96E-12 8.18E-12 8.52E-12 8.33E-12
 8.06E-12 7.57E-12 6.83E-12 5.75E-12 4.70E-12 4.14E-12
 9.17E-14 1.90E-13 7.98E-13 2.92E-12 4.64E-12 5.47E-12 5.55E-12 5.47E-12
 5.37E-12 5.18E-12 4.89E-12 4.43E-12 3.92E-12 3.61E-12
  1112.97    7  14 /pl=01:ss=52:pb= 1:sz=52/type=excit/ispb = t/isel =   47
 1.00E+10 1.00E+11 1.00E+12 1.00E+13 1.00E+14 1.00E+15 1.00E+16
 4.84E+01 7.26E+01 1.21E+02 2.42E+02 4.84E+02 1.21E+03 2.42E+03 3.63E+03
 4.84E+03 7.26E+03 1.21E+04 2.42E+04 4.84E+04 7.26E+04
 6.22E-13 9.80E-13 2.88E-12 1.16E-11 2.34E-11 3.25E-11 3.42E-11 3.35E-11
 3.25E-11 3.07E-11 2.78E-11 2.36E-11 1.96E-11 1.74E-11
 6.20E-13 9.73E-13 2.82E-12 1.09E-11 2.09E-11 2.82E-11 2.96E-11 2.92E-11
 2.84E-11 2.70E-11 2.48E-11 2.14E-11 1.80E-11 1.62E-11
 5.95E-13 9.13E-13 2.36E-12 6.67E-12 1.01E-11 1.22E-11 1.26E-11 1.26E-11
 1.25E-11 1.23E-11 1.18E-11 1.10E-11 1.01E-11 9.45E-12
 4.25E-13 5.66E-13 8.98E-13 1.37E-12 1.65E-12 1.82E-12 1.88E-12 1.90E-12
 1.90E-12 1.90E-12 1.90E-12 1.88E-12 1.85E-12 1.83E-12
 1.10E-13 1.18E-13 1.25E-13 1.56E-13 1.80E-13 1.97E-13 2.03E-13 2.04E-13
 2.06E-13 2.06E-13 2.06E-13 2.06E-13 2.05E-13 2.04E-13
 1.34E-14 1.35E-14 1.37E-14 1.74E-14 1.96E-14 2.06E-14 2.09E-14 2.10E-14
 2.11E-14 2.12E-14 2.13E-14 2.14E-14 2.15E-14 2.16E-14
 1.53E-15 1.50E-15 1.53E-15 1.60E-15 1.58E-15 1.54E-15 1.52E-15 1.51E-15
 1.51E-15 1.52E-15 1.54E-15 1.57E-15 1.62E-15 1.65E-15
  2324.50    7  14 /pl=01:ss=52:pb= 1:sz=52/type=excit/ispb = t/isel =   48
 1.00E+10 1.00E+11 1.00E+12 1.00E+13 1.00E+14 1.00E+15 1.00E+16
 4.84E+01 7.26E+01 1.21E+02 2.42E+02 4.84E+02 1.21E+03 2.42E+03 3.63E+03
 4.84E+03 7.26E+03 1.21E+04 2.42E+04 4.84E+04 7.26E+04
 1.01E-12 1.57E-12 4.41E-12 1.74E-11 3.51E-11 4.89E-11 5.13E-11 5.03E-11
 4.88E-11 4.60E-11 4.17E-11 3.54E-11 2.93E-11 2.60E-11
 1.02E-12 1.57E-12 4.41E-12 1.74E-11 3.50E-11 4.86E-11 5.10E-11 5.01E-11
 4.86E-11 4.57E-11 4.15E-11 3.52E-11 2.92E-11 2.60E-11
 1.02E-12 1.58E-12 4.44E-12 1.74E-11 3.46E-11 4.77E-11 5.00E-11 4.90E-11
 4.75E-11 4.48E-11 4.06E-11 3.45E-11 2.87E-11 2.55E-11
 1.06E-12 1.63E-12 4.54E-12 1.74E-11 3.42E-11 4.68E-11 4.90E-11 4.80E-11
 4.66E-11 4.38E-11 3.97E-11 3.38E-11 2.80E-11 2.49E-11
 1.12E-12 1.70E-12 4.58E-12 1.72E-11 3.33E-11 4.51E-11 4.71E-11 4.62E-11
 4.48E-11 4.23E-11 3.85E-11 3.28E-11 2.73E-11 2.43E-11
 1.14E-12 1.70E-12 4.48E-12 1.53E-11 2.61E-11 3.24E-11 3.34E-11 3.30E-11
 3.24E-11 3.12E-11 2.91E-11 2.59E-11 2.25E-11 2.05E-11
 1.08E-12 1.52E-12 3.25E-12 5.93E-12 6.61E-12 6.77E-12 6.84E-12 6.88E-12
 6.89E-12 6.90E-12 6.90E-12 6.84E-12 6.72E-12 6.62E-12
  3309.07    7  14 /pl=01:ss=52:pb= 1:sz=52/type=excit/ispb = t/isel =   49
 1.00E+10 1.00E+11 1.00E+12 1.00E+13 1.00E+14 1.00E+15 1.00E+16
 4.84E+01 7.26E+01 1.21E+02 2.42E+02 4.84E+02 1.21E+03 2.42E+03 3.63E+03
 4.84E+03 7.26E+03 1.21E+04 2.42E+04 4.84E+04 7.26E+04
 1.92E-12 2.45E-12 4.49E-12 1.25E-11 2.27E-11 3.02E-11 3.12E-11 3.04E-11
 2.94E-11 2.76E-11 2.50E-11 2.12E-11 1.75E-11 1.56E-11
 1.92E-12 2.45E-12 4.48E-12 1.24E-11 2.25E-11 2.98E-11 3.07E-11 2.99E-11
 2.90E-11 2.72E-11 2.46E-11 2.09E-11 1.74E-11 1.54E-11
 1.91E-12 2.44E-12 4.43E-12 1.20E-11 2.13E-11 2.79E-11 2.87E-11 2.80E-11
 2.71E-11 2.55E-11 2.31E-11 1.97E-11 1.64E-11 1.47E-11
 1.86E-12 2.36E-12 4.24E-12 1.13E-11 2.00E-11 2.62E-11 2.69E-11 2.62E-11
 2.53E-11 2.38E-11 2.16E-11 1.84E-11 1.53E-11 1.36E-11
 1.77E-12 2.25E-12 4.07E-12 1.08E-11 1.87E-11 2.40E-11 2.47E-11 2.40E-11
 2.33E-11 2.19E-11 1.99E-11 1.71E-11 1.43E-11 1.27E-11
 1.68E-12 2.13E-12 3.71E-12 8.74E-12 1.36E-11 1.65E-11 1.69E-11 1.66E-11
 1.62E-11 1.55E-11 1.44E-11 1.27E-11 1.10E-11 1.00E-11
 1.25E-12 1.49E-12 2.23E-12 4.04E-12 5.10E-12 5.53E-12 5.59E-12 5.56E-12
 5.51E-12 5.42E-12 5.25E-12 4.97E-12 4.63E-12 4.41E-12
  8045.05    7  14 /pl=01:ss=52:pb= 1:sz=52/type=excit/ispb = t/isel =   50
 1.00E+10 1.00E+11 1.00E+12 1.00E+13 1.00E+14 1.00E+15 1.00E+16
 4.84E+01 7.26E+01 1.21E+02 2.42E+02 4.84E+02 1.21E+03 2.42E+03 3.63E+03
 4.84E+03 7.26E+03 1.21E+04 2.42E+04 4.84E+04 7.26E+04
 7.26E-12 1.01E-11 2.71E-11 1.06E-10 2.12E-10 2.96E-10 3.12E-10 3.07E-10
 2.98E-10 2.81E-10 2.56E-10 2.19E-10 1.83E-10 1.63E-10
 7.26E-12 1.01E-11 2.71E-11 1.05E-10 2.09E-10 2.89E-10 3.05E-10 3.00E-10
 2.92E-10 2.76E-10 2.52E-10 2.15E-10 1.80E-10 1.61E-10
 7.22E-12 1.00E-11 2.66E-11 1.00E-10 1.94E-10 2.65E-10 2.78E-10 2.74E-10
 2.66E-10 2.52E-10 2.31E-10 1.99E-10 1.67E-10 1.50E-10
 6.99E-12 9.59E-12 2.50E-11 9.30E-11 1.80E-10 2.45E-10 2.57E-10 2.52E-10
 2.45E-10 2.32E-10 2.12E-10 1.81E-10 1.52E-10 1.36E-10
 6.54E-12 9.00E-12 2.38E-11 8.67E-11 1.61E-10 2.11E-10 2.20E-10 2.16E-10
 2.11E-10 2.01E-10 1.85E-10 1.61E-10 1.37E-10 1.23E-10
 6.18E-12 8.44E-12 2.08E-11 5.60E-11 7.63E-11 8.32E-11 8.39E-11 8.35E-11
 8.29E-11 8.17E-11 7.96E-11 7.56E-11 7.06E-11 6.71E-11
 4.49E-12 5.50E-12 8.49E-12 9.23E-12 8.25E-12 7.65E-12 7.55E-12 7.57E-12
 7.61E-12 7.70E-12 7.84E-12 8.07E-12 8.32E-12 8.47E-12
c-------------------------------------------------------------------------------
 
C  root partition information
C  ==========================
C
C  nuclear charge : 74
C  ion charge+1   : 53
C
C  population calculation information
C  ----------------------------------
C
C  population processing code: adas810
C
C  adf04 source file    : adf04_copmm#74_ls_40#w52.dat
C  adf18/a17_p208 file  : NULL
C
C  meta. ion. coeff. selector  : 
 
C  options  : lnorm =T  lpsel =F  lzsel =T  liosel=F
C           : lhsel =F  lrsel =F  lisel =F  lnsel =F
 
C  energy levels
C  -------------
C
C   lv      configuration    (2S+1)L(w-1/2)      energy (cm^-1)
C  ---   ------------------- --------------      --------------
c    1   46                     (3)1(  4.0)             0.0
c    2   46                     (3)3( 10.0)         12430.0
c    3   46                     (1)6(  6.0)        102280.0
c    4   46                     (5)2( 12.0)        162790.0
c    5   46                     (3)1(  4.0)        193010.0
c    6   46                     (3)4( 13.0)        205810.0
c    7   46                     (3)5( 16.0)        297955.0
c    8   46                     (1)2(  2.0)        365178.3
c    9   46                     (3)3( 10.0)        454077.0
c   10   46                     (1)0(  0.0)        478080.0
c   11   46                     (1)3(  3.0)        611630.0
c   12   46                     (1)0(  0.0)        792410.0
c   13   46                     (1)4(  4.0)        846740.0
c   14   46                     (1)2(  2.0)        873840.0
c   15   46                     (3)2(  7.0)        912090.0
c   16   46                     (1)4(  4.0)       1246670.0
c   17   24555556               (1)1(  1.0)       2212600.0
c   18   24555556               (1)7(  7.0)       2475300.0
c   19   24555556               (5)0(  2.0)       2521600.0
c   20   24555556               (1)6(  6.0)       2547800.0
c   21   24555556               (3)2(  7.0)       2568300.0
c   22   24555556               (1)2(  2.0)       2620700.0
c   23   24555556               (3)1(  4.0)       2642200.0
c   24   24555556               (1)3(  3.0)       2678100.0
c   25   24555556               (1)1(  1.0)       2899000.0
c   26   24555556               (3)6( 19.0)       2950500.0
c   27   24555556               (5)2( 12.0)       3106400.0
c   28   24555556               (7)1( 10.0)       3133200.0
c   29   24555556               (3)5( 16.0)       3237600.0
c   30   24555556               (3)4( 13.0)       3260600.0
c   31   24555556               (1)6(  6.0)       3351600.0
c   32   24555556               (1)0(  0.0)       3370600.0
c   33   24555556               (1)5(  5.0)       3381400.0
c   34   24555556               (3)0(  1.0)       3395700.0
c   35   24555556               (1)2(  2.0)       3406700.0
c   36   24555556               (5)4( 22.0)       3430700.0
c   37   24555556               (3)4( 13.0)       3455300.0
c   38   24555556               (1)2(  2.0)       3477600.0
c   39   24555556               (3)4( 13.0)       3491700.0
c   40   24555556               (1)4(  4.0)       3544800.0
c   41   24555556               (1)3(  3.0)       3565900.0
c   42   24555556               (1)1(  1.0)       3648500.0
c   43   24555556               (5)4( 22.0)       3666100.0
c   44   24555556               (1)1(  1.0)       3678600.0
c   45   24555556               (5)2( 12.0)       3682100.0
c   46   24555556               (3)3( 10.0)       3686100.0
c   47   24555556               (3)3( 10.0)       3697900.0
c   48   24555556               (5)1(  7.0)       3727100.0
c   49   24555556               (1)4(  4.0)       3728700.0
c   50   24555556               (3)4( 13.0)       3777000.0
c   51   24555556               (1)4(  4.0)       3804600.0
c   52   24555556               (3)2(  7.0)       3817900.0
c   53   24555556               (3)3( 10.0)       3851000.0
c   54   24555556               (3)3( 10.0)       3893100.0
c   55   24555556               (3)5( 16.0)       3908500.0
c   56   24555556               (1)2(  2.0)       4010800.0
c   57   24555556               (1)5(  5.0)       4014700.0
c   58   24555556               (1)4(  4.0)       4026800.0
c   59   24555556               (5)3( 17.0)       4038100.0
c   60   24555556               (5)1(  7.0)       4041500.0
c   61   24555556               (3)5( 16.0)       4108800.0
c   62   24555556               (1)3(  3.0)       4111700.0
c   63   24555556               (5)3( 17.0)       4123500.0
c   64   24555556               (1)1(  1.0)       4127800.0
c   65   24555556               (3)2(  7.0)       4132300.0
c   66   24555556               (3)5( 16.0)       4152400.0
c   67   24555556               (5)5( 27.0)       4262400.0
c   68   24555556               (5)3( 17.0)       4275100.0
c   69   24555556               (3)2(  7.0)       4290700.0
c   70   24555556               (3)3( 10.0)       4332900.0
c   71   24555556               (3)1(  4.0)       4359900.0
c   72   24555556               (5)2( 12.0)       4389100.0
c   73   24555556               (3)2(  7.0)       4400600.0
c   74   24555556               (3)1(  4.0)       4436400.0
c   75   24555556               (3)2(  7.0)       4461600.0
c   76   24555556               (3)4( 13.0)       4473600.0
c   77   24555556               (3)3( 10.0)       4514700.0
c   78   24555556               (3)5( 16.0)       4529700.0
c   79   24555556               (3)3( 10.0)       4575500.0
c   80   24555556               (3)4( 13.0)       4576800.0
c   81   24555556               (3)2(  7.0)       4586800.0
c   82   24555556               (3)1(  4.0)       4616700.0
c   83   24555556               (3)1(  4.0)       4627400.0
c   84   24555556               (3)3( 10.0)       4648000.0
c   85   24555556               (3)7( 22.0)       4710300.0
c   86   24555556               (3)4( 13.0)       4723000.0
c   87   24555556               (3)3( 10.0)       4782200.0
c   88   24555556               (3)1(  4.0)       4908300.0
c   89   24555556               (3)2(  7.0)       4943200.0
c   90   24555556               (3)2(  7.0)       4967800.0
c   91   24555556               (3)6( 19.0)       5154000.0
c   92   24555556               (5)1(  7.0)       5158000.0
c   93   24555556               (3)1(  4.0)       5200200.0
c   94   24555556               (3)3( 10.0)       5300400.0
c   95   24555556               (1)4(  4.0)       5339500.0
c   96   24555556               (3)0(  1.0)       5531800.0
c   97   24555556               (1)5(  5.0)       6027200.0
c   98   24555556               (1)3(  3.0)       6065300.0
c   99   24555556               (1)3(  3.0)       6182800.0
c  100   24555556               (1)5(  5.0)       6314500.0
c  101   24555556               (1)3(  3.0)       6349500.0
c  102   24555556               (1)2(  2.0)       6510300.0
c  103   24555556               (1)3(  3.0)       6589200.0
c  104   24555556               (1)2(  2.0)       6880400.0
c  105   36519                  (3)0(  1.0)      17658800.0
c  106   36519                  (1)2(  2.0)      18036800.0
c  107   36519                  (3)2(  7.0)      18111800.0
c  108   36519                  (3)1(  4.0)      18223800.0
c  109   36519                  (1)5(  5.0)      18246800.0
c  110   36519                  (1)7(  7.0)      18258800.0
c  111   36519                  (1)3(  3.0)      18288800.0
c  112   36519                  (3)3( 10.0)      18300800.0
c  113   36519                  (3)1(  4.0)      18309800.0
c  114   36519                  (1)4(  4.0)      18329800.0
c  115   36519                  (5)5( 27.0)      18344800.0
c  116   36519                  (5)1(  7.0)      18379800.0
c  117   36519                  (5)4( 22.0)      18390800.0
c  118   36519                  (5)3( 17.0)      18403800.0
c  119   36519                  (5)2( 12.0)      18404800.0
c  120   36519                  (5)3( 17.0)      18419800.0
c  121   36519                  (5)1(  7.0)      18426800.0
c  122   36519                  (3)6( 19.0)      18431800.0
c  123   36519                  (3)3( 10.0)      18466800.0
c  124   36519                  (3)4( 13.0)      18548800.0
c  125   36519                  (3)4( 13.0)      18553800.0
c  126   36519                  (3)7( 22.0)      18562800.0
c  127   36519                  (3)3( 10.0)      18562800.0
c  128   36519                  (3)3( 10.0)      18577800.0
c  129   36519                  (3)5( 16.0)      18584800.0
c  130   36519                  (5)2( 12.0)      18584800.0
c  131   36519                  (1)6(  6.0)      18596800.0
c  132   36519                  (3)6( 19.0)      18620800.0
c  133   36519                  (3)1(  4.0)      18691800.0
c  134   36519                  (3)3( 10.0)      18714800.0
c  135   36519                  (1)3(  3.0)      18722800.0
c  136   36519                  (1)6(  6.0)      18736800.0
c  137   36519                  (3)2(  7.0)      18748800.0
c  138   36519                  (3)5( 16.0)      18765800.0
c  139   36519                  (1)5(  5.0)      18803800.0
c  140   36519                  (3)2(  7.0)      18805800.0
c  141   36519                  (3)5( 16.0)      18807800.0
c  142   36519                  (3)2(  7.0)      18808800.0
c  143   36519                  (1)4(  4.0)      18810800.0
c  144   36519                  (3)3( 10.0)      18811800.0
c  145   36519                  (1)3(  3.0)      18847800.0
c  146   36519                  (3)4( 13.0)      18852800.0
c  147   36519                  (1)5(  5.0)      18861800.0
c  148   36519                  (3)1(  4.0)      18874800.0
c  149   36519                  (1)4(  4.0)      18877800.0
c  150   3651A                  (3)1(  4.0)      18877800.0
c  151   36519                  (1)1(  1.0)      18878800.0
c  152   36519                  (3)2(  7.0)      18890800.0
c  153   36519                  (1)3(  3.0)      18892800.0
c  154   36519                  (1)1(  1.0)      18927800.0
c  155   36519                  (3)1(  4.0)      18932800.0
c  156   36519                  (3)2(  7.0)      18954800.0
c  157   36519                  (3)5( 16.0)      18959800.0
c  158   36519                  (3)4( 13.0)      18960800.0
c  159   36519                  (3)4( 13.0)      18985800.0
c  160   36519                  (1)2(  2.0)      19050800.0
c  161   36519                  (1)4(  4.0)      19053800.0
c  162   36519                  (3)3( 10.0)      19060800.0
c  163   36519                  (1)3(  3.0)      19102800.0
c  164   36519                  (3)0(  1.0)      19119800.0
c  165   36519                  (3)4( 13.0)      19217800.0
c  166   3651A                  (5)0(  2.0)      19247800.0
c  167   3651A                  (1)3(  3.0)      19247800.0
c  168   36519                  (3)2(  7.0)      19258800.0
c  169   3651A                  (5)1(  7.0)      19273800.0
c  170   3651A                  (3)7( 22.0)      19307800.0
c  171   3651A                  (1)6(  6.0)      19322800.0
c  172   36519                  (1)0(  0.0)      19344800.0
c  173   36519                  (1)3(  3.0)      19364800.0
c  174   3651A                  (1)5(  5.0)      19381800.0
c  175   3651A                  (5)4( 22.0)      19389800.0
c  176   36519                  (3)3( 10.0)      19390800.0
c  177   3651A                  (1)4(  4.0)      19394800.0
c  178   36519                  (1)2(  2.0)      19399800.0
c  179   3651A                  (1)6(  6.0)      19400800.0
c  180   3651A                  (1)4(  4.0)      19401800.0
c  181   36519                  (1)4(  4.0)      19406800.0
c  182   36519                  (1)2(  2.0)      19413800.0
c  183   36519                  (3)1(  4.0)      19456800.0
c  184   3651A                  (3)3( 10.0)      19463800.0
c  185   36519                  (1)1(  1.0)      19464800.0
c  186   3651A                  (3)4( 13.0)      19471800.0
c  187   3651A                  (5)6( 32.0)      19489800.0
c  188   3651A                  (5)4( 22.0)      19494800.0
c  189   3651A                  (3)2(  7.0)      19522800.0
c  190   36519                  (1)1(  1.0)      19546800.0
c  191   3651A                  (5)3( 17.0)      19552800.0
c  192   3651A                  (3)1(  4.0)      19604800.0
c  193   3651A                  (5)2( 12.0)      19633800.0
c  194   3651A                  (5)5( 27.0)      19651800.0
c  195   36519                  (1)2(  2.0)      19664800.0
c  196   3651A                  (3)2(  7.0)      19692800.0
c  197   3651A                  (3)8( 25.0)      19704800.0
c  198   3651A                  (3)4( 13.0)      19709800.0
c  199   3651A                  (3)3( 10.0)      19727800.0
c  200   3651A                  (3)3( 10.0)      19728800.0
c  201   3651A                  (3)6( 19.0)      19729800.0
c  202   3651A                  (3)5( 16.0)      19729800.0
c  203   3651A                  (3)5( 16.0)      19740800.0
c  204   3651A                  (3)5( 16.0)      19768800.0
c  205   36519                  (1)0(  0.0)      19787800.0
c  206   3651A                  (3)2(  7.0)      19803800.0
c  207   3651A                  (3)6( 19.0)      19806800.0
c  208   3651A                  (1)7(  7.0)      19806800.0
c  209   3651A                  (5)3( 17.0)      19809800.0
c  210   3651A                  (3)2(  7.0)      19810800.0
c  211   3651A                  (3)4( 13.0)      19823800.0
c  212   3651A                  (5)2( 12.0)      19837800.0
c  213   3651A                  (3)6( 19.0)      19840800.0
c  214   3651A                  (1)5(  5.0)      19852800.0
c  215   3651A                  (3)7( 22.0)      19853800.0
c  216   3651A                  (3)3( 10.0)      19868800.0
c  217   3651A                  (3)4( 13.0)      19880800.0
c  218   3651A                  (3)4( 13.0)      19886800.0
c  219   3651A                  (3)3( 10.0)      19888800.0
c  220   3651A                  (3)6( 19.0)      19898800.0
c  221   3651A                  (1)8(  8.0)      19908800.0
c  222   3651A                  (3)4( 13.0)      19908800.0
c  223   3651A                  (3)3( 10.0)      19920800.0
c  224   3651A                  (3)3( 10.0)      19934800.0
c  225   3651A                  (1)0(  0.0)      19935800.0
c  226   3651A                  (3)5( 16.0)      19943800.0
c  227   3651A                  (1)6(  6.0)      19945800.0
c  228   3651A                  (3)1(  4.0)      19969800.0
c  229   3651A                  (1)2(  2.0)      19970800.0
c  230   3651A                  (3)0(  1.0)      19980800.0
c  231   3651A                  (3)5( 16.0)      19980800.0
c  232   3651A                  (3)2(  7.0)      19981800.0
c  233   3651A                  (3)2(  7.0)      19992800.0
c  234   3651A                  (1)1(  1.0)      20019800.0
c  235   3651A                  (1)2(  2.0)      20022800.0
c  236   3651A                  (3)2(  7.0)      20025800.0
c  237   3651A                  (1)7(  7.0)      20047800.0
c  238   3651A                  (1)4(  4.0)      20050800.0
c  239   3651A                  (1)3(  3.0)      20058800.0
c  240   3651A                  (1)2(  2.0)      20061800.0
c  241   3651A                  (1)1(  1.0)      20065800.0
c  242   3651A                  (1)3(  3.0)      20070800.0
c  243   3651A                  (3)1(  4.0)      20076800.0
c  244   3651A                  (1)3(  3.0)      20098800.0
c  245   3651A                  (1)5(  5.0)      20119800.0
c  246   3651A                  (3)0(  1.0)      20128800.0
c  247   3651A                  (1)4(  4.0)      20139800.0
c  248   3651A                  (3)4( 13.0)      20178800.0
c  249   3651A                  (1)4(  4.0)      20187800.0
c  250   3651A                  (3)5( 16.0)      20303800.0
c  251   3651A                  (3)1(  4.0)      20398800.0
c  252   3651A                  (1)2(  2.0)      20452800.0
c  253   3651A                  (1)5(  5.0)      20481800.0
c  254   3651A                  (3)3( 10.0)      20525800.0
c  255   3651A                  (3)4( 13.0)      20547800.0
c  256   3651A                  (3)2(  7.0)      20558800.0
c  257   3651A                  (1)2(  2.0)      20583800.0
c  258   3651A                  (1)1(  1.0)      20584800.0
c  259   3651A                  (1)3(  3.0)      20602800.0
c  260   3651A                  (1)4(  4.0)      20627800.0
c  261   3651A                  (1)5(  5.0)      20642800.0
c  262   3651A                  (1)2(  2.0)      20665800.0
c  263   3651A                  (1)3(  3.0)      20740800.0
c  264   3651A                  (1)1(  1.0)      20809800.0
c  265   3651D                  (3)1(  4.0)      25909800.0
c  266   3651E                  (1)3(  3.0)      25918800.0
c  267   3651D                  (1)4(  4.0)      26029800.0
c  268   3651D                  (1)5(  5.0)      26057800.0
c  269   3651D                  (1)7(  7.0)      26062800.0
c  270   3651D                  (1)5(  5.0)      26076800.0
c  271   3651D                  (1)6(  6.0)      26083800.0
c  272   3651D                  (1)4(  4.0)      26091800.0
c  273   3651D                  (3)1(  4.0)      26102800.0
c  274   3651D                  (3)2(  7.0)      26118800.0
c  275   3651D                  (3)1(  4.0)      26166800.0
c  276   3651D                  (5)2( 12.0)      26216800.0
c  277   3651D                  (5)4( 22.0)      26220800.0
c  278   3651D                  (1)3(  3.0)      26226800.0
c  279   3651D                  (3)3( 10.0)      26231800.0
c  280   3651D                  (1)5(  5.0)      26236800.0
c  281   3651D                  (3)4( 13.0)      26258800.0
c  282   3651D                  (3)5( 16.0)      26282800.0
c  283   3651D                  (5)3( 17.0)      26284800.0
c  284   3651D                  (5)5( 27.0)      26285800.0
c  285   3651D                  (5)1(  7.0)      26416800.0
c  286   3651D                  (5)1(  7.0)      26421800.0
c  287   3651E                  (3)1(  4.0)      26431800.0
c  288   3651D                  (3)3( 10.0)      26431800.0
c  289   3651D                  (3)6( 19.0)      26433800.0
c  290   3651D                  (5)3( 17.0)      26433800.0
c  291   3651D                  (3)7( 22.0)      26434800.0
c  292   3651D                  (3)6( 19.0)      26461800.0
c  293   3651D                  (3)5( 16.0)      26467800.0
c  294   3651D                  (3)3( 10.0)      26471800.0
c  295   3651D                  (3)1(  4.0)      26476800.0
c  296   3651D                  (3)4( 13.0)      26488800.0
c  297   3651E                  (1)1(  1.0)      26489800.0
c  298   3651D                  (1)6(  6.0)      26507800.0
c  299   3651D                  (3)3( 10.0)      26511800.0
c  300   3651D                  (5)2( 12.0)      26513800.0
c  301   3651D                  (3)0(  1.0)      26525800.0
c  302   3651D                  (1)3(  3.0)      26535800.0
c  303   3651D                  (3)1(  4.0)      26540800.0
c  304   3651E                  (1)2(  2.0)      26541800.0
c  305   3651E                  (3)4( 13.0)      26546800.0
c  306   3651E                  (5)3( 17.0)      26547800.0
c  307   3651D                  (3)2(  7.0)      26548800.0
c  308   3651E                  (1)8(  8.0)      26549800.0
c  309   3651E                  (1)5(  5.0)      26550800.0
c  310   3651E                  (1)6(  6.0)      26553800.0
c  311   3651D                  (3)4( 13.0)      26556800.0
c  312   3651D                  (3)2(  7.0)      26558800.0
c  313   3651E                  (3)3( 10.0)      26564800.0
c  314   3651E                  (1)4(  4.0)      26580800.0
c  315   3651E                  (1)6(  6.0)      26582800.0
c  316   3651E                  (1)4(  4.0)      26585800.0
c  317   3651E                  (1)3(  3.0)      26588800.0
c  318   3651E                  (1)7(  7.0)      26589800.0
c  319   3651D                  (3)3( 10.0)      26602800.0
c  320   3651E                  (3)3( 10.0)      26663800.0
c  321   3651E                  (3)2(  7.0)      26666800.0
c  322   3651D                  (3)1(  4.0)      26672800.0
c  323   3651D                  (3)2(  7.0)      26674800.0
c  324   3651D                  (3)5( 16.0)      26677800.0
c  325   3651D                  (3)3( 10.0)      26682800.0
c  326   3651D                  (1)1(  1.0)      26689800.0
c  327   3651D                  (1)4(  4.0)      26691800.0
c  328   3651D                  (1)3(  3.0)      26705800.0
c  329   3651D                  (3)4( 13.0)      26709800.0
c  330   3651D                  (3)2(  7.0)      26723800.0
c  331   3651D                  (1)1(  1.0)      26733800.0
c  332   3651D                  (1)2(  2.0)      26737800.0
c  333   3651E                  (5)6( 32.0)      26751800.0
c  334   3651D                  (1)3(  3.0)      26752800.0
c  335   3651D                  (1)0(  0.0)      26764800.0
c  336   3651E                  (3)5( 16.0)      26765800.0
c  337   3651D                  (1)4(  4.0)      26776800.0
c  338   3651E                  (3)2(  7.0)      26778800.0
c  339   3651D                  (1)2(  2.0)      26783800.0
c  340   3651E                  (5)5( 27.0)      26788800.0
c  341   3651E                  (3)4( 13.0)      26792800.0
c  342   3651D                  (3)2(  7.0)      26797800.0
c  343   3651D                  (3)4( 13.0)      26797800.0
c  344   3651D                  (3)5( 16.0)      26817800.0
c  345   3651E                  (3)3( 10.0)      26823800.0
c  346   3651E                  (3)2(  7.0)      26836800.0
c  347   3651E                  (3)2(  7.0)      26882800.0
c  348   3651D                  (3)3( 10.0)      26907800.0
c  349   3651E                  (5)2( 12.0)      26928800.0
c  350   3651E                  (5)3( 17.0)      26933800.0
c  351   3651E                  (3)7( 22.0)      26958800.0
c  352   3651E                  (3)7( 22.0)      26960800.0
c  353   3651E                  (3)8( 25.0)      26960800.0
c  354   3651E                  (3)6( 19.0)      26974800.0
c  355   3651E                  (5)4( 22.0)      26979800.0
c  356   3651E                  (3)5( 16.0)      26990800.0
c  357   3651E                  (3)5( 16.0)      26993800.0
c  358   3651E                  (3)4( 13.0)      27000800.0
c  359   3651E                  (3)6( 19.0)      27001800.0
c  360   3651E                  (5)4( 22.0)      27017800.0
c  361   3651E                  (3)2(  7.0)      27050800.0
c  362   3651D                  (3)4( 13.0)      27050800.0
c  363   3651E                  (3)6( 19.0)      27054800.0
c  364   3651E                  (5)0(  2.0)      27059800.0
c  365   3651E                  (1)7(  7.0)      27068800.0
c  366   3651D                  (3)3( 10.0)      27069800.0
c  367   3651E                  (5)1(  7.0)      27075800.0
c  368   3651D                  (3)2(  7.0)      27079800.0
c  369   3651E                  (3)4( 13.0)      27086800.0
c  370   3651E                  (3)2(  7.0)      27088800.0
c  371   3651E                  (5)2( 12.0)      27133800.0
c  372   3651E                  (3)0(  1.0)      27138800.0
c  373   3651E                  (3)3( 10.0)      27157800.0
c  374   3651E                  (1)5(  5.0)      27166800.0
c  375   3651E                  (3)1(  4.0)      27178800.0
c  376   3651D                  (1)3(  3.0)      27180800.0
c  377   3651E                  (1)4(  4.0)      27183800.0
c  378   3651E                  (1)2(  2.0)      27185800.0
c  379   3651E                  (1)6(  6.0)      27198800.0
c  380   3651E                  (1)4(  4.0)      27201800.0
c  381   3651D                  (1)2(  2.0)      27203800.0
c  382   3651E                  (1)2(  2.0)      27214800.0
c  383   3651E                  (1)3(  3.0)      27214800.0
c  384   3651E                  (3)3( 10.0)      27219800.0
c  385   3651E                  (3)5( 16.0)      27220800.0
c  386   3651E                  (3)3( 10.0)      27222800.0
c  387   3651E                  (3)2(  7.0)      27227800.0
c  388   3651E                  (1)1(  1.0)      27232800.0
c  389   3651E                  (1)2(  2.0)      27234800.0
c  390   3651E                  (1)0(  0.0)      27240800.0
c  391   3651E                  (3)1(  4.0)      27260800.0
c  392   3651E                  (1)4(  4.0)      27262800.0
c  393   3651D                  (1)3(  3.0)      27263800.0
c  394   3651D                  (3)0(  1.0)      27266800.0
c  395   3651D                  (1)4(  4.0)      27267800.0
c  396   3651E                  (1)3(  3.0)      27269800.0
c  397   3651E                  (1)5(  5.0)      27273800.0
c  398   3651D                  (1)1(  1.0)      27280800.0
c  399   3651E                  (3)0(  1.0)      27281800.0
c  400   3651E                  (3)4( 13.0)      27288800.0
c  401   3651E                  (3)5( 16.0)      27306800.0
c  402   3651D                  (1)2(  2.0)      27322800.0
c  403   3651E                  (3)3( 10.0)      27331800.0
c  404   3651E                  (3)6( 19.0)      27336800.0
c  405   3651E                  (3)1(  4.0)      27350800.0
c  406   3651D                  (1)1(  1.0)      27352800.0
c  407   3651E                  (3)4( 13.0)      27361800.0
c  408   3651D                  (1)2(  2.0)      27377800.0
c  409   3651E                  (3)4( 13.0)      27409800.0
c  410   3651D                  (1)0(  0.0)      27437800.0
c  411   3651E                  (3)5( 16.0)      27549800.0
c  412   3651E                  (3)4( 13.0)      27572800.0
c  413   3651E                  (3)3( 10.0)      27572800.0
c  414   3651E                  (3)1(  4.0)      27588800.0
c  415   3651E                  (1)2(  2.0)      27687800.0
c  416   3651E                  (1)5(  5.0)      27708800.0
c  417   3651E                  (1)1(  1.0)      27724800.0
c  418   3651E                  (3)2(  7.0)      27749800.0
c  419   3651E                  (1)3(  3.0)      27806800.0
c  420   3651E                  (1)5(  5.0)      27836800.0
c  421   3651E                  (1)4(  4.0)      27837800.0
c  422   3651E                  (1)2(  2.0)      27852800.0
c  423   3651E                  (1)3(  3.0)      27873800.0
c  424   3651E                  (1)1(  1.0)      27916800.0
 
 
 
c-------------------------------------------------------------------------------
 
C  superstage partition information
C  ================================
C
C  element symbol   : W
C  parent template  : 
C  partition level  :  1
C  superstage label : 52
C
C  tabulation       : photon emissivity coefft (te,ne)
C  units            : ph. emis coef(cm^3 s^-1); te (ev); ne (cm^-3)
C
C  photon emissivity atomic transitions
C  ------------------------------------
C  
C   isel  wvlen(A)            transition                type  ispb nspb
C                                                             ispp nspp sz    tg pr wr
C  ----- ---------- ----------------------------------- ----- ---- ---- --    -- -- --
C      1   5.29723  150(3)1(  4.0)-  1(3)1(  4.0)       excit   1    1  52   119 40  1
C      2   18.0773   96(3)0(  1.0)-  1(3)1(  4.0)       excit   1    1  52    76 29  2
C      3   19.6939   96(3)0(  1.0)-  9(3)3( 10.0)       excit   1    1  52  2729 34  3
C      4   22.6041   74(3)1(  4.0)-  2(3)3( 10.0)       excit   1    1  52   390 45  4
C      5   23.2078   77(3)3( 10.0)-  6(3)4( 13.0)       excit   1    1  52  1677 19  5
C      6   23.3913   68(5)3( 17.0)-  1(3)1(  4.0)       excit   1    1  52    52 44  6
C      7   23.6613   72(5)2( 12.0)-  4(5)2( 12.0)       excit   1    1  52   966 18  7
C      8   23.8440   84(3)3( 10.0)-  9(3)3( 10.0)       excit   1    1  52  2718 47  8
C      9   24.2726   65(3)2(  7.0)-  2(3)3( 10.0)       excit   1    1  52   381 27  9
C     10   24.4805   69(3)2(  7.0)-  6(3)4( 13.0)       excit   1    1  52  1669 26 10
C     11   26.0646   69(3)2(  7.0)-  9(3)3( 10.0)       excit   1    1  52  2703 37 11
C     12   26.2780   52(3)2(  7.0)-  2(3)3( 10.0)       excit   1    1  52   368 12 12
C     13   26.3071   84(3)3( 10.0)- 13(1)4(  4.0)       excit   1    1  52  3723 13 13
C     14   26.7175   82(3)1(  4.0)- 14(1)2(  2.0)       excit   1    1  52  4035 31 14
C     15   26.9157   83(3)1(  4.0)- 15(3)2(  7.0)       excit   1    1  52  4352 32 15
C     16   27.6848   52(3)2(  7.0)-  6(3)4( 13.0)       excit   1    1  52  1653 21 16
C     17   29.4490   34(3)0(  1.0)-  1(3)1(  4.0)       excit   1    1  52    26 20 17
C     18   29.9411   65(3)2(  7.0)- 12(1)0(  0.0)       excit   1    1  52  3538 35 18
C     19   30.8270   35(1)2(  2.0)-  4(5)2( 12.0)       excit   1    1  52   929 46 19
C     20   30.9404   46(3)3( 10.0)-  9(3)3( 10.0)       excit   1    1  52  2680 39 20
C     21   33.0740   38(1)2(  2.0)-  9(3)3( 10.0)       excit   1    1  52  2672 23 21
C     22   33.9948   34(3)0(  1.0)-  9(3)3( 10.0)       excit   1    1  52  2668 41 22
C     23   45.1957   17(1)1(  1.0)-  1(3)1(  4.0)       excit   1    1  52    15  3 23
C     24   92.2611   16(1)4(  4.0)-  4(5)2( 12.0)       excit   1    1  52   913 30 24
C     25   109.638   15(3)2(  7.0)-  1(3)1(  4.0)       excit   1    1  52    13 43 25
C     26   111.153   15(3)2(  7.0)-  2(3)3( 10.0)       excit   1    1  52   335 17 26
C     27   119.860   13(1)4(  4.0)-  2(3)3( 10.0)       excit   1    1  52   333 33 27
C     28   133.458   15(3)2(  7.0)-  4(5)2( 12.0)       excit   1    1  52   912 28 28
C     29   157.470   16(1)4(  4.0)- 11(1)3(  3.0)       excit   1    1  52  3192 49 29
C     30   182.221   13(1)4(  4.0)-  7(3)5( 16.0)       excit   1    1  52  2001 22 30
C     31   222.797   11(1)3(  3.0)-  4(5)2( 12.0)       excit   1    1  52   908 10 31
C     32   238.230   14(1)2(  2.0)-  9(3)3( 10.0)       excit   1    1  52  2652 38 32
C     33   254.671   13(1)4(  4.0)-  9(3)3( 10.0)       excit   1    1  52  2651 36 33
C     34   332.823   15(3)2(  7.0)- 11(1)3(  3.0)       excit   1    1  52  3191 42 34
C     35   343.304    9(3)3( 10.0)-  4(5)2( 12.0)       excit   1    1  52   906 48 35
C     36   350.232    7(3)5( 16.0)-  2(3)3( 10.0)       excit   1    1  52   327 25 36
C     37   383.043    9(3)3( 10.0)-  5(3)1(  4.0)       excit   1    1  52  1301 15 37
C     38   402.792    9(3)3( 10.0)-  6(3)4( 13.0)       excit   1    1  52  1619  5 38
C     39   517.117    6(3)4( 13.0)-  2(3)3( 10.0)       excit   1    1  52   326 16 39
C     40   518.108    5(3)1(  4.0)-  1(3)1(  4.0)       excit   1    1  52     3  8 40
C     41   580.827    8(1)2(  2.0)-  5(3)1(  4.0)       excit   1    1  52  1300 11 41
C     42   614.288    4(5)2( 12.0)-  1(3)1(  4.0)       excit   1    1  52     2 14 42
C     43   665.070    4(5)2( 12.0)-  2(3)3( 10.0)       excit   1    1  52   324  2 43
C     44   739.836    7(3)5( 16.0)-  4(5)2( 12.0)       excit   1    1  52   904 24 44
C     45   965.904    6(3)4( 13.0)-  3(1)6(  6.0)       excit   1    1  52   719  9 45
C     46   1085.25    7(3)5( 16.0)-  6(3)4( 13.0)       excit   1    1  52  1617 50 46
C     47   1112.97    3(1)6(  6.0)-  2(3)3( 10.0)       excit   1    1  52   323  6 47
C     48   2324.50    6(3)4( 13.0)-  4(5)2( 12.0)       excit   1    1  52   903  4 48
C     49   3309.07    5(3)1(  4.0)-  4(5)2( 12.0)       excit   1    1  52   902  7 49
C     50   8045.05    2(3)3( 10.0)-  1(3)1(  4.0)       excit   1    1  52     1  1 50
c-------------------------------------------------------------------------------
                                                                                
C  code     : adas810
C  producer : Adam Foster
C  date     : 15/05/09
                                                                                
c-------------------------------------------------------------------------------

C-----------------------------------------------------------------------
C                               OPEN-ADAS
C                               +++++++++
C
C This file has been downloaded from OPEN-ADAS (http://open.adas.ac.uk)
C on 26-Mar-2025.
C
C TERMS AND CONDITIONS
C --------------------
C
C The user of the OPEN-ADAS system and data (hereinafter "the User")
C accepts the following terms and conditions:
C
C   1. The University of Strathclyde uses all reasonable endeavours to
C      ensure the accuracy of the data provided and any information
C      given, but the University makes no warranty, expressed or implied
C      as to its accuracy, integrity, fitness for purpose and shall not
C      be responsible for the use to which the data is put by the User
C      and/or any consequences arising out of any inaccuracies or
C      omissions.
C
C   2. Any downloaded OPEN-ADAS file is made available for the
C      personal use of the User only.  It must not be used for any
C      commercial application, incorporated into any web site or in
C      any form re-distributed without express prior written permission
C      from the ADAS Project. In particular, but not by way of
C      limitation, it must not be:
C        *  inserted into a managed database structure,
C        *  redistributed along with a modelling or analysis code,
C        *  made available on a public website.
C
C Permission for OPEN-ADAS data incorporation in non-commercial
C code/system development for scientific advance will not be
C unreasonably withheld, but will be subject to written agreement
C on a case by case basis.
C
C The User will indemnify the University of Strathclyde and keep it
C fully and effectively indemnified against each and every claim made
C against the University as a result of the User's use of the data.
C
C-----------------------------------------------------------------------
