   50    /W :61 photon emissivity coefficients/
--------------------------------------------------------------------------------
    1    1    1    1    1    1    1    1    1    1    1    1    1    1
    1    1    1    1    1    1    1    1    1    1    1    1    1    1
    1    1    1    1    1    1    1    1    1    1    1    1    1    1
    1    1    1    1    1    1    1    1    1    1    1    1    1    1
    1    1    1    1    1    1    1    1    1    1    1    1    1    1
    1    1    1    1    1
--------------------------------------------------------------------------------
//#01/p00/ 00/p01/ 01/p02/ 02/p03/ 03/p04/ 04/p05/ 05/p06/ 06/p07/ 07/p08/ 08/  
      p09/ 09/p10/ 10/p11/ 11/p12/ 12/p13/ 13/p14/ 14/p15/ 15/p16/ 16/p17/ 17/  
      p18/ 18/p19/ 19/p20/ 20/p21/ 21/p22/ 22/p23/ 23/p24/ 24/p25/ 25/p26/ 26/  
      p27/ 27/p28/ 28/p29/ 29/p30/ 30/p31/ 31/p32/ 32/p33/ 33/p34/ 34/p35/ 35/  
      p36/ 36/p37/ 37/p38/ 38/p39/ 39/p40/ 40/p41/ 41/p42/ 42/p43/ 43/p44/ 44/  
      p45/ 45/p46/ 46/p47/ 47/p48/ 48/p49/ 49/p50/ 50/p51/ 51/p52/ 52/p53/ 53/  
      p54/ 54/p55/ 55/p56/ 56/p57/ 57/p58/ 58/p59/ 59/p60/ 60/p61/ 61/p62/ 62/  
      p63/ 63/p64/ 64/p65/ 65/p66/ 66/p67/ 67/p68/ 68/p69/ 69/p70/ 70/p71/ 71/  
      p72/ 72/p73/ 73/p74/ 74/                                                  
--------------------------------------------------------------------------------
  2.72000    7  14 /pl=01:ss=61:pb= 1:sz=61/type=excit/ispb = t/isel =    1
 1.00E+10 1.00E+11 1.00E+12 1.00E+13 1.00E+14 1.00E+15 1.00E+16
 6.62E+01 9.94E+01 1.66E+02 3.31E+02 6.62E+02 1.66E+03 3.31E+03 4.97E+03
 6.62E+03 9.94E+03 1.66E+04 3.31E+04 6.62E+04 9.94E+04
 8.56E-42 5.43E-32 3.91E-24 2.67E-18 1.93E-15 8.39E-14 2.64E-13 3.76E-13
 4.45E-13 5.24E-13 5.91E-13 6.32E-13 6.26E-13 6.05E-13
 6.85E-42 5.43E-32 3.91E-24 2.67E-18 1.93E-15 8.39E-14 2.64E-13 3.76E-13
 4.45E-13 5.24E-13 5.91E-13 6.32E-13 6.26E-13 6.05E-13
 7.19E-42 5.43E-32 3.91E-24 2.67E-18 1.93E-15 8.39E-14 2.64E-13 3.76E-13
 4.45E-13 5.24E-13 5.91E-13 6.32E-13 6.26E-13 6.05E-13
 7.23E-42 5.43E-32 3.91E-24 2.67E-18 1.93E-15 8.39E-14 2.64E-13 3.76E-13
 4.45E-13 5.24E-13 5.91E-13 6.32E-13 6.26E-13 6.05E-13
 7.23E-42 5.43E-32 3.91E-24 2.67E-18 1.93E-15 8.39E-14 2.64E-13 3.76E-13
 4.45E-13 5.24E-13 5.91E-13 6.32E-13 6.26E-13 6.05E-13
 7.23E-42 5.43E-32 3.91E-24 2.67E-18 1.93E-15 8.39E-14 2.64E-13 3.76E-13
 4.45E-13 5.24E-13 5.91E-13 6.32E-13 6.26E-13 6.05E-13
 7.23E-42 5.43E-32 3.91E-24 2.67E-18 1.93E-15 8.38E-14 2.64E-13 3.76E-13
 4.44E-13 5.23E-13 5.91E-13 6.32E-13 6.26E-13 6.05E-13
  3.08629    7  14 /pl=01:ss=61:pb= 1:sz=61/type=excit/ispb = t/isel =    2
 1.00E+10 1.00E+11 1.00E+12 1.00E+13 1.00E+14 1.00E+15 1.00E+16
 6.62E+01 9.94E+01 1.66E+02 3.31E+02 6.62E+02 1.66E+03 3.31E+03 4.97E+03
 6.62E+03 9.94E+03 1.66E+04 3.31E+04 6.62E+04 9.94E+04
 1.00E-74 3.63E-32 3.13E-24 2.40E-18 1.77E-15 7.34E-14 2.11E-13 2.75E-13
 3.03E-13 3.16E-13 2.99E-13 2.48E-13 1.92E-13 1.61E-13
 3.88E-42 3.63E-32 3.13E-24 2.40E-18 1.77E-15 7.34E-14 2.11E-13 2.75E-13
 3.03E-13 3.16E-13 2.99E-13 2.48E-13 1.92E-13 1.61E-13
 3.88E-42 3.63E-32 3.13E-24 2.40E-18 1.77E-15 7.34E-14 2.11E-13 2.75E-13
 3.03E-13 3.16E-13 2.99E-13 2.48E-13 1.92E-13 1.61E-13
 3.86E-42 3.63E-32 3.13E-24 2.40E-18 1.77E-15 7.34E-14 2.11E-13 2.75E-13
 3.03E-13 3.16E-13 2.99E-13 2.48E-13 1.92E-13 1.61E-13
 3.86E-42 3.63E-32 3.13E-24 2.40E-18 1.77E-15 7.34E-14 2.11E-13 2.75E-13
 3.03E-13 3.16E-13 2.99E-13 2.48E-13 1.92E-13 1.61E-13
 3.86E-42 3.63E-32 3.13E-24 2.40E-18 1.77E-15 7.34E-14 2.11E-13 2.75E-13
 3.03E-13 3.16E-13 2.99E-13 2.48E-13 1.91E-13 1.61E-13
 3.86E-42 3.63E-32 3.13E-24 2.40E-18 1.77E-15 7.34E-14 2.11E-13 2.75E-13
 3.03E-13 3.15E-13 2.99E-13 2.48E-13 1.91E-13 1.61E-13
  3.65356    7  14 /pl=01:ss=61:pb= 1:sz=61/type=excit/ispb = t/isel =    3
 1.00E+10 1.00E+11 1.00E+12 1.00E+13 1.00E+14 1.00E+15 1.00E+16
 6.62E+01 9.94E+01 1.66E+02 3.31E+02 6.62E+02 1.66E+03 3.31E+03 4.97E+03
 6.62E+03 9.94E+03 1.66E+04 3.31E+04 6.62E+04 9.94E+04
 3.21E-34 6.87E-27 4.55E-21 9.27E-17 1.18E-14 2.00E-13 4.88E-13 6.50E-13
 7.54E-13 8.76E-13 9.91E-13 1.08E-12 1.10E-12 1.08E-12
 3.21E-34 6.87E-27 4.55E-21 9.27E-17 1.18E-14 2.00E-13 4.88E-13 6.50E-13
 7.54E-13 8.76E-13 9.91E-13 1.08E-12 1.10E-12 1.08E-12
 3.21E-34 6.87E-27 4.55E-21 9.27E-17 1.18E-14 2.00E-13 4.88E-13 6.50E-13
 7.54E-13 8.76E-13 9.91E-13 1.08E-12 1.10E-12 1.08E-12
 3.21E-34 6.87E-27 4.55E-21 9.27E-17 1.18E-14 2.00E-13 4.88E-13 6.50E-13
 7.54E-13 8.76E-13 9.91E-13 1.08E-12 1.10E-12 1.08E-12
 3.21E-34 6.87E-27 4.55E-21 9.27E-17 1.18E-14 2.00E-13 4.88E-13 6.50E-13
 7.54E-13 8.76E-13 9.91E-13 1.08E-12 1.10E-12 1.08E-12
 3.21E-34 6.87E-27 4.55E-21 9.27E-17 1.18E-14 2.00E-13 4.88E-13 6.50E-13
 7.54E-13 8.76E-13 9.91E-13 1.08E-12 1.10E-12 1.08E-12
 3.21E-34 6.87E-27 4.55E-21 9.27E-17 1.18E-14 2.00E-13 4.88E-13 6.49E-13
 7.53E-13 8.76E-13 9.91E-13 1.08E-12 1.10E-12 1.08E-12
  3.65367    7  14 /pl=01:ss=61:pb= 1:sz=61/type=excit/ispb = t/isel =    4
 1.00E+10 1.00E+11 1.00E+12 1.00E+13 1.00E+14 1.00E+15 1.00E+16
 6.62E+01 9.94E+01 1.66E+02 3.31E+02 6.62E+02 1.66E+03 3.31E+03 4.97E+03
 6.62E+03 9.94E+03 1.66E+04 3.31E+04 6.62E+04 9.94E+04
 2.42E-34 5.15E-27 3.41E-21 6.93E-17 8.94E-15 1.53E-13 3.74E-13 4.99E-13
 5.76E-13 6.71E-13 7.59E-13 8.27E-13 8.38E-13 8.20E-13
 2.42E-34 5.15E-27 3.41E-21 6.93E-17 8.94E-15 1.53E-13 3.74E-13 4.99E-13
 5.76E-13 6.71E-13 7.59E-13 8.27E-13 8.38E-13 8.20E-13
 2.42E-34 5.15E-27 3.41E-21 6.93E-17 8.94E-15 1.53E-13 3.74E-13 4.99E-13
 5.76E-13 6.71E-13 7.59E-13 8.27E-13 8.38E-13 8.20E-13
 2.42E-34 5.15E-27 3.41E-21 6.93E-17 8.94E-15 1.53E-13 3.74E-13 4.98E-13
 5.76E-13 6.71E-13 7.59E-13 8.27E-13 8.38E-13 8.20E-13
 2.42E-34 5.15E-27 3.41E-21 6.93E-17 8.94E-15 1.53E-13 3.74E-13 4.98E-13
 5.76E-13 6.71E-13 7.59E-13 8.27E-13 8.38E-13 8.20E-13
 2.42E-34 5.15E-27 3.41E-21 6.93E-17 8.94E-15 1.53E-13 3.74E-13 4.98E-13
 5.76E-13 6.71E-13 7.59E-13 8.27E-13 8.38E-13 8.20E-13
 2.42E-34 5.15E-27 3.41E-21 6.92E-17 8.93E-15 1.53E-13 3.73E-13 4.98E-13
 5.76E-13 6.71E-13 7.58E-13 8.27E-13 8.38E-13 8.20E-13
  3.67126    7  14 /pl=01:ss=61:pb= 1:sz=61/type=excit/ispb = t/isel =    5
 1.00E+10 1.00E+11 1.00E+12 1.00E+13 1.00E+14 1.00E+15 1.00E+16
 6.62E+01 9.94E+01 1.66E+02 3.31E+02 6.62E+02 1.66E+03 3.31E+03 4.97E+03
 6.62E+03 9.94E+03 1.66E+04 3.31E+04 6.62E+04 9.94E+04
 1.16E-34 2.28E-27 1.42E-21 2.76E-17 3.49E-15 6.01E-14 1.49E-13 1.99E-13
 2.30E-13 2.66E-13 3.01E-13 3.25E-13 3.27E-13 3.19E-13
 1.16E-34 2.28E-27 1.42E-21 2.76E-17 3.49E-15 6.01E-14 1.49E-13 1.99E-13
 2.30E-13 2.66E-13 3.01E-13 3.25E-13 3.27E-13 3.19E-13
 1.16E-34 2.28E-27 1.42E-21 2.76E-17 3.49E-15 6.01E-14 1.49E-13 1.99E-13
 2.30E-13 2.66E-13 3.01E-13 3.25E-13 3.27E-13 3.19E-13
 1.16E-34 2.28E-27 1.42E-21 2.76E-17 3.49E-15 6.01E-14 1.49E-13 1.99E-13
 2.30E-13 2.66E-13 3.01E-13 3.25E-13 3.27E-13 3.19E-13
 1.16E-34 2.28E-27 1.42E-21 2.76E-17 3.49E-15 6.01E-14 1.49E-13 1.99E-13
 2.30E-13 2.66E-13 3.01E-13 3.25E-13 3.27E-13 3.19E-13
 1.16E-34 2.28E-27 1.42E-21 2.76E-17 3.49E-15 6.01E-14 1.49E-13 1.99E-13
 2.30E-13 2.66E-13 3.01E-13 3.25E-13 3.27E-13 3.19E-13
 1.16E-34 2.28E-27 1.42E-21 2.75E-17 3.49E-15 6.01E-14 1.48E-13 1.98E-13
 2.30E-13 2.66E-13 3.00E-13 3.25E-13 3.27E-13 3.19E-13
  3.73930    7  14 /pl=01:ss=61:pb= 1:sz=61/type=excit/ispb = t/isel =    6
 1.00E+10 1.00E+11 1.00E+12 1.00E+13 1.00E+14 1.00E+15 1.00E+16
 6.62E+01 9.94E+01 1.66E+02 3.31E+02 6.62E+02 1.66E+03 3.31E+03 4.97E+03
 6.62E+03 9.94E+03 1.66E+04 3.31E+04 6.62E+04 9.94E+04
 3.97E-33 5.72E-26 2.79E-20 4.47E-16 4.99E-14 7.55E-13 1.77E-12 2.34E-12
 2.69E-12 3.11E-12 3.48E-12 3.74E-12 3.73E-12 3.61E-12
 3.97E-33 5.72E-26 2.79E-20 4.47E-16 4.99E-14 7.55E-13 1.77E-12 2.34E-12
 2.69E-12 3.11E-12 3.48E-12 3.74E-12 3.73E-12 3.61E-12
 3.97E-33 5.72E-26 2.79E-20 4.47E-16 4.99E-14 7.55E-13 1.77E-12 2.34E-12
 2.69E-12 3.11E-12 3.48E-12 3.74E-12 3.73E-12 3.61E-12
 3.97E-33 5.72E-26 2.79E-20 4.47E-16 4.99E-14 7.55E-13 1.77E-12 2.34E-12
 2.69E-12 3.11E-12 3.48E-12 3.74E-12 3.73E-12 3.61E-12
 3.97E-33 5.72E-26 2.79E-20 4.47E-16 4.99E-14 7.55E-13 1.77E-12 2.34E-12
 2.69E-12 3.11E-12 3.48E-12 3.74E-12 3.73E-12 3.61E-12
 3.97E-33 5.72E-26 2.79E-20 4.47E-16 4.99E-14 7.55E-13 1.77E-12 2.34E-12
 2.69E-12 3.11E-12 3.48E-12 3.74E-12 3.73E-12 3.61E-12
 3.97E-33 5.72E-26 2.79E-20 4.47E-16 4.99E-14 7.55E-13 1.77E-12 2.34E-12
 2.69E-12 3.11E-12 3.48E-12 3.74E-12 3.73E-12 3.61E-12
  3.75223    7  14 /pl=01:ss=61:pb= 1:sz=61/type=excit/ispb = t/isel =    7
 1.00E+10 1.00E+11 1.00E+12 1.00E+13 1.00E+14 1.00E+15 1.00E+16
 6.62E+01 9.94E+01 1.66E+02 3.31E+02 6.62E+02 1.66E+03 3.31E+03 4.97E+03
 6.62E+03 9.94E+03 1.66E+04 3.31E+04 6.62E+04 9.94E+04
 6.18E-35 1.97E-27 1.80E-21 4.60E-17 6.26E-15 9.64E-14 2.07E-13 2.52E-13
 2.70E-13 2.78E-13 2.66E-13 2.31E-13 1.86E-13 1.62E-13
 6.18E-35 1.97E-27 1.80E-21 4.60E-17 6.26E-15 9.64E-14 2.07E-13 2.52E-13
 2.70E-13 2.78E-13 2.66E-13 2.31E-13 1.86E-13 1.62E-13
 6.18E-35 1.97E-27 1.80E-21 4.60E-17 6.26E-15 9.64E-14 2.07E-13 2.52E-13
 2.70E-13 2.78E-13 2.66E-13 2.31E-13 1.86E-13 1.62E-13
 6.18E-35 1.97E-27 1.80E-21 4.60E-17 6.26E-15 9.64E-14 2.07E-13 2.52E-13
 2.70E-13 2.78E-13 2.66E-13 2.31E-13 1.86E-13 1.62E-13
 6.18E-35 1.97E-27 1.80E-21 4.60E-17 6.26E-15 9.64E-14 2.07E-13 2.52E-13
 2.70E-13 2.78E-13 2.66E-13 2.31E-13 1.86E-13 1.62E-13
 6.18E-35 1.97E-27 1.81E-21 4.60E-17 6.25E-15 9.64E-14 2.07E-13 2.52E-13
 2.70E-13 2.78E-13 2.66E-13 2.31E-13 1.86E-13 1.62E-13
 6.19E-35 1.97E-27 1.81E-21 4.60E-17 6.25E-15 9.64E-14 2.07E-13 2.52E-13
 2.70E-13 2.77E-13 2.66E-13 2.31E-13 1.86E-13 1.62E-13
  3.77073    7  14 /pl=01:ss=61:pb= 1:sz=61/type=excit/ispb = t/isel =    8
 1.00E+10 1.00E+11 1.00E+12 1.00E+13 1.00E+14 1.00E+15 1.00E+16
 6.62E+01 9.94E+01 1.66E+02 3.31E+02 6.62E+02 1.66E+03 3.31E+03 4.97E+03
 6.62E+03 9.94E+03 1.66E+04 3.31E+04 6.62E+04 9.94E+04
 6.84E-35 2.01E-27 1.73E-21 4.19E-17 5.56E-15 8.44E-14 1.81E-13 2.19E-13
 2.33E-13 2.41E-13 2.31E-13 2.00E-13 1.61E-13 1.40E-13
 6.84E-35 2.01E-27 1.73E-21 4.19E-17 5.56E-15 8.44E-14 1.81E-13 2.19E-13
 2.33E-13 2.41E-13 2.31E-13 2.00E-13 1.61E-13 1.40E-13
 6.84E-35 2.01E-27 1.73E-21 4.19E-17 5.56E-15 8.44E-14 1.81E-13 2.19E-13
 2.33E-13 2.41E-13 2.31E-13 2.00E-13 1.61E-13 1.40E-13
 6.84E-35 2.01E-27 1.73E-21 4.19E-17 5.56E-15 8.44E-14 1.81E-13 2.19E-13
 2.33E-13 2.41E-13 2.31E-13 2.00E-13 1.61E-13 1.40E-13
 6.84E-35 2.01E-27 1.73E-21 4.19E-17 5.56E-15 8.44E-14 1.81E-13 2.19E-13
 2.33E-13 2.41E-13 2.31E-13 2.00E-13 1.61E-13 1.40E-13
 6.84E-35 2.01E-27 1.73E-21 4.19E-17 5.56E-15 8.44E-14 1.81E-13 2.19E-13
 2.33E-13 2.41E-13 2.31E-13 2.00E-13 1.61E-13 1.40E-13
 6.84E-35 2.01E-27 1.73E-21 4.19E-17 5.55E-15 8.43E-14 1.81E-13 2.19E-13
 2.33E-13 2.41E-13 2.31E-13 1.99E-13 1.61E-13 1.40E-13
  3.82733    7  14 /pl=01:ss=61:pb= 1:sz=61/type=excit/ispb = t/isel =    9
 1.00E+10 1.00E+11 1.00E+12 1.00E+13 1.00E+14 1.00E+15 1.00E+16
 6.62E+01 9.94E+01 1.66E+02 3.31E+02 6.62E+02 1.66E+03 3.31E+03 4.97E+03
 6.62E+03 9.94E+03 1.66E+04 3.31E+04 6.62E+04 9.94E+04
 2.72E-33 2.67E-26 9.65E-21 1.24E-16 1.28E-14 2.00E-13 4.81E-13 6.39E-13
 7.34E-13 8.44E-13 9.40E-13 1.00E-12 9.92E-13 9.60E-13
 2.72E-33 2.67E-26 9.65E-21 1.24E-16 1.28E-14 2.00E-13 4.81E-13 6.39E-13
 7.34E-13 8.44E-13 9.40E-13 1.00E-12 9.92E-13 9.60E-13
 2.72E-33 2.67E-26 9.65E-21 1.24E-16 1.28E-14 2.00E-13 4.81E-13 6.39E-13
 7.34E-13 8.44E-13 9.40E-13 1.00E-12 9.92E-13 9.60E-13
 2.72E-33 2.67E-26 9.65E-21 1.24E-16 1.28E-14 2.00E-13 4.81E-13 6.39E-13
 7.34E-13 8.44E-13 9.40E-13 1.00E-12 9.92E-13 9.60E-13
 2.72E-33 2.67E-26 9.65E-21 1.24E-16 1.28E-14 2.00E-13 4.81E-13 6.39E-13
 7.34E-13 8.44E-13 9.40E-13 1.00E-12 9.92E-13 9.60E-13
 2.72E-33 2.67E-26 9.65E-21 1.24E-16 1.28E-14 2.00E-13 4.81E-13 6.39E-13
 7.34E-13 8.44E-13 9.40E-13 1.00E-12 9.92E-13 9.60E-13
 2.72E-33 2.67E-26 9.65E-21 1.24E-16 1.28E-14 2.00E-13 4.80E-13 6.38E-13
 7.33E-13 8.43E-13 9.40E-13 1.00E-12 9.92E-13 9.60E-13
  4.11768    7  14 /pl=01:ss=61:pb= 1:sz=61/type=excit/ispb = t/isel =   10
 1.00E+10 1.00E+11 1.00E+12 1.00E+13 1.00E+14 1.00E+15 1.00E+16
 6.62E+01 9.94E+01 1.66E+02 3.31E+02 6.62E+02 1.66E+03 3.31E+03 4.97E+03
 6.62E+03 9.94E+03 1.66E+04 3.31E+04 6.62E+04 9.94E+04
 3.36E-32 1.05E-25 1.51E-20 9.78E-17 7.33E-15 9.89E-14 2.29E-13 2.97E-13
 3.35E-13 3.74E-13 4.01E-13 4.07E-13 3.89E-13 3.69E-13
 3.36E-32 1.05E-25 1.51E-20 9.78E-17 7.33E-15 9.89E-14 2.29E-13 2.97E-13
 3.35E-13 3.74E-13 4.01E-13 4.07E-13 3.89E-13 3.69E-13
 3.36E-32 1.05E-25 1.51E-20 9.78E-17 7.33E-15 9.89E-14 2.29E-13 2.97E-13
 3.35E-13 3.74E-13 4.01E-13 4.07E-13 3.89E-13 3.69E-13
 3.36E-32 1.05E-25 1.51E-20 9.78E-17 7.33E-15 9.89E-14 2.29E-13 2.97E-13
 3.35E-13 3.74E-13 4.01E-13 4.07E-13 3.89E-13 3.69E-13
 3.36E-32 1.05E-25 1.51E-20 9.78E-17 7.33E-15 9.89E-14 2.29E-13 2.97E-13
 3.35E-13 3.74E-13 4.01E-13 4.07E-13 3.89E-13 3.69E-13
 3.36E-32 1.05E-25 1.51E-20 9.78E-17 7.33E-15 9.89E-14 2.29E-13 2.97E-13
 3.35E-13 3.74E-13 4.01E-13 4.07E-13 3.89E-13 3.69E-13
 3.36E-32 1.05E-25 1.51E-20 9.79E-17 7.34E-15 9.90E-14 2.30E-13 2.97E-13
 3.35E-13 3.74E-13 4.01E-13 4.07E-13 3.89E-13 3.69E-13
  4.12012    7  14 /pl=01:ss=61:pb= 1:sz=61/type=excit/ispb = t/isel =   11
 1.00E+10 1.00E+11 1.00E+12 1.00E+13 1.00E+14 1.00E+15 1.00E+16
 6.62E+01 9.94E+01 1.66E+02 3.31E+02 6.62E+02 1.66E+03 3.31E+03 4.97E+03
 6.62E+03 9.94E+03 1.66E+04 3.31E+04 6.62E+04 9.94E+04
 1.20E-32 8.63E-26 2.41E-20 2.51E-16 2.17E-14 2.53E-13 4.90E-13 5.71E-13
 5.96E-13 5.96E-13 5.56E-13 4.62E-13 3.64E-13 3.10E-13
 1.20E-32 8.63E-26 2.41E-20 2.51E-16 2.17E-14 2.53E-13 4.90E-13 5.71E-13
 5.96E-13 5.96E-13 5.56E-13 4.62E-13 3.64E-13 3.10E-13
 1.20E-32 8.63E-26 2.41E-20 2.51E-16 2.17E-14 2.53E-13 4.90E-13 5.71E-13
 5.96E-13 5.96E-13 5.56E-13 4.62E-13 3.64E-13 3.10E-13
 1.20E-32 8.63E-26 2.41E-20 2.51E-16 2.17E-14 2.53E-13 4.90E-13 5.71E-13
 5.96E-13 5.96E-13 5.56E-13 4.62E-13 3.64E-13 3.10E-13
 1.20E-32 8.63E-26 2.41E-20 2.51E-16 2.17E-14 2.53E-13 4.90E-13 5.71E-13
 5.96E-13 5.96E-13 5.56E-13 4.62E-13 3.64E-13 3.10E-13
 1.20E-32 8.63E-26 2.41E-20 2.51E-16 2.17E-14 2.53E-13 4.90E-13 5.71E-13
 5.96E-13 5.96E-13 5.56E-13 4.62E-13 3.64E-13 3.10E-13
 1.20E-32 8.63E-26 2.41E-20 2.51E-16 2.17E-14 2.52E-13 4.89E-13 5.70E-13
 5.95E-13 5.96E-13 5.55E-13 4.62E-13 3.64E-13 3.10E-13
  4.15100    7  14 /pl=01:ss=61:pb= 1:sz=61/type=excit/ispb = t/isel =   12
 1.00E+10 1.00E+11 1.00E+12 1.00E+13 1.00E+14 1.00E+15 1.00E+16
 6.62E+01 9.94E+01 1.66E+02 3.31E+02 6.62E+02 1.66E+03 3.31E+03 4.97E+03
 6.62E+03 9.94E+03 1.66E+04 3.31E+04 6.62E+04 9.94E+04
 8.38E-35 2.94E-27 2.91E-21 7.86E-17 1.10E-14 1.71E-13 3.70E-13 4.51E-13
 4.81E-13 4.97E-13 4.77E-13 4.10E-13 3.31E-13 2.87E-13
 8.38E-35 2.94E-27 2.91E-21 7.86E-17 1.10E-14 1.71E-13 3.70E-13 4.51E-13
 4.81E-13 4.97E-13 4.77E-13 4.10E-13 3.31E-13 2.87E-13
 8.38E-35 2.94E-27 2.91E-21 7.86E-17 1.10E-14 1.71E-13 3.70E-13 4.51E-13
 4.81E-13 4.97E-13 4.77E-13 4.10E-13 3.31E-13 2.87E-13
 8.38E-35 2.94E-27 2.91E-21 7.86E-17 1.10E-14 1.71E-13 3.70E-13 4.51E-13
 4.81E-13 4.97E-13 4.77E-13 4.10E-13 3.31E-13 2.87E-13
 8.38E-35 2.94E-27 2.91E-21 7.86E-17 1.10E-14 1.71E-13 3.70E-13 4.51E-13
 4.81E-13 4.97E-13 4.77E-13 4.10E-13 3.31E-13 2.87E-13
 8.38E-35 2.94E-27 2.90E-21 7.86E-17 1.10E-14 1.71E-13 3.70E-13 4.51E-13
 4.81E-13 4.97E-13 4.77E-13 4.10E-13 3.31E-13 2.87E-13
 8.38E-35 2.94E-27 2.90E-21 7.85E-17 1.10E-14 1.71E-13 3.70E-13 4.50E-13
 4.81E-13 4.97E-13 4.76E-13 4.10E-13 3.31E-13 2.87E-13
  4.18892    7  14 /pl=01:ss=61:pb= 1:sz=61/type=excit/ispb = t/isel =   13
 1.00E+10 1.00E+11 1.00E+12 1.00E+13 1.00E+14 1.00E+15 1.00E+16
 6.62E+01 9.94E+01 1.66E+02 3.31E+02 6.62E+02 1.66E+03 3.31E+03 4.97E+03
 6.62E+03 9.94E+03 1.66E+04 3.31E+04 6.62E+04 9.94E+04
 9.02E-35 3.42E-27 3.61E-21 1.02E-16 1.46E-14 2.32E-13 5.00E-13 6.08E-13
 6.51E-13 6.70E-13 6.43E-13 5.52E-13 4.44E-13 3.83E-13
 9.02E-35 3.42E-27 3.61E-21 1.02E-16 1.46E-14 2.32E-13 5.00E-13 6.08E-13
 6.51E-13 6.70E-13 6.43E-13 5.52E-13 4.44E-13 3.83E-13
 9.02E-35 3.42E-27 3.61E-21 1.02E-16 1.46E-14 2.32E-13 5.00E-13 6.08E-13
 6.51E-13 6.70E-13 6.43E-13 5.52E-13 4.44E-13 3.83E-13
 9.02E-35 3.42E-27 3.61E-21 1.02E-16 1.46E-14 2.32E-13 5.00E-13 6.08E-13
 6.51E-13 6.70E-13 6.43E-13 5.52E-13 4.44E-13 3.83E-13
 9.02E-35 3.42E-27 3.61E-21 1.02E-16 1.46E-14 2.32E-13 5.00E-13 6.08E-13
 6.51E-13 6.70E-13 6.43E-13 5.52E-13 4.44E-13 3.83E-13
 9.02E-35 3.42E-27 3.61E-21 1.02E-16 1.46E-14 2.32E-13 5.00E-13 6.08E-13
 6.51E-13 6.70E-13 6.43E-13 5.52E-13 4.44E-13 3.83E-13
 9.02E-35 3.42E-27 3.61E-21 1.02E-16 1.46E-14 2.32E-13 5.00E-13 6.07E-13
 6.50E-13 6.69E-13 6.42E-13 5.52E-13 4.44E-13 3.83E-13
  4.19249    7  14 /pl=01:ss=61:pb= 1:sz=61/type=excit/ispb = t/isel =   14
 1.00E+10 1.00E+11 1.00E+12 1.00E+13 1.00E+14 1.00E+15 1.00E+16
 6.62E+01 9.94E+01 1.66E+02 3.31E+02 6.62E+02 1.66E+03 3.31E+03 4.97E+03
 6.62E+03 9.94E+03 1.66E+04 3.31E+04 6.62E+04 9.94E+04
 1.11E-34 4.23E-27 4.45E-21 1.26E-16 1.80E-14 2.85E-13 6.14E-13 7.48E-13
 8.01E-13 8.24E-13 7.87E-13 6.76E-13 5.43E-13 4.68E-13
 1.11E-34 4.23E-27 4.45E-21 1.26E-16 1.80E-14 2.85E-13 6.14E-13 7.48E-13
 8.01E-13 8.24E-13 7.87E-13 6.76E-13 5.43E-13 4.68E-13
 1.11E-34 4.23E-27 4.45E-21 1.26E-16 1.80E-14 2.85E-13 6.14E-13 7.48E-13
 8.01E-13 8.24E-13 7.87E-13 6.76E-13 5.43E-13 4.68E-13
 1.11E-34 4.23E-27 4.45E-21 1.26E-16 1.80E-14 2.85E-13 6.14E-13 7.48E-13
 8.01E-13 8.24E-13 7.87E-13 6.76E-13 5.43E-13 4.68E-13
 1.11E-34 4.23E-27 4.45E-21 1.26E-16 1.80E-14 2.85E-13 6.14E-13 7.48E-13
 8.01E-13 8.24E-13 7.87E-13 6.76E-13 5.43E-13 4.68E-13
 1.11E-34 4.23E-27 4.45E-21 1.26E-16 1.80E-14 2.85E-13 6.14E-13 7.48E-13
 8.01E-13 8.24E-13 7.87E-13 6.76E-13 5.43E-13 4.68E-13
 1.11E-34 4.23E-27 4.45E-21 1.26E-16 1.80E-14 2.85E-13 6.13E-13 7.47E-13
 8.00E-13 8.24E-13 7.87E-13 6.76E-13 5.43E-13 4.68E-13
  4.20173    7  14 /pl=01:ss=61:pb= 1:sz=61/type=excit/ispb = t/isel =   15
 1.00E+10 1.00E+11 1.00E+12 1.00E+13 1.00E+14 1.00E+15 1.00E+16
 6.62E+01 9.94E+01 1.66E+02 3.31E+02 6.62E+02 1.66E+03 3.31E+03 4.97E+03
 6.62E+03 9.94E+03 1.66E+04 3.31E+04 6.62E+04 9.94E+04
 6.03E-34 8.68E-27 4.23E-21 6.79E-17 7.58E-15 1.15E-13 2.69E-13 3.55E-13
 4.09E-13 4.72E-13 5.29E-13 5.68E-13 5.66E-13 5.49E-13
 6.03E-34 8.68E-27 4.23E-21 6.79E-17 7.58E-15 1.15E-13 2.69E-13 3.55E-13
 4.09E-13 4.72E-13 5.29E-13 5.68E-13 5.66E-13 5.49E-13
 6.03E-34 8.68E-27 4.23E-21 6.79E-17 7.58E-15 1.15E-13 2.69E-13 3.55E-13
 4.09E-13 4.72E-13 5.29E-13 5.68E-13 5.66E-13 5.49E-13
 6.03E-34 8.68E-27 4.23E-21 6.79E-17 7.58E-15 1.15E-13 2.69E-13 3.55E-13
 4.09E-13 4.72E-13 5.29E-13 5.68E-13 5.66E-13 5.49E-13
 6.03E-34 8.68E-27 4.23E-21 6.79E-17 7.58E-15 1.15E-13 2.69E-13 3.55E-13
 4.09E-13 4.72E-13 5.29E-13 5.68E-13 5.66E-13 5.49E-13
 6.03E-34 8.68E-27 4.23E-21 6.78E-17 7.58E-15 1.15E-13 2.69E-13 3.55E-13
 4.09E-13 4.72E-13 5.29E-13 5.68E-13 5.66E-13 5.49E-13
 6.03E-34 8.69E-27 4.23E-21 6.78E-17 7.58E-15 1.15E-13 2.69E-13 3.55E-13
 4.09E-13 4.72E-13 5.29E-13 5.67E-13 5.66E-13 5.48E-13
  4.20668    7  14 /pl=01:ss=61:pb= 1:sz=61/type=excit/ispb = t/isel =   16
 1.00E+10 1.00E+11 1.00E+12 1.00E+13 1.00E+14 1.00E+15 1.00E+16
 6.62E+01 9.94E+01 1.66E+02 3.31E+02 6.62E+02 1.66E+03 3.31E+03 4.97E+03
 6.62E+03 9.94E+03 1.66E+04 3.31E+04 6.62E+04 9.94E+04
 1.33E-34 4.19E-27 3.83E-21 9.71E-17 1.31E-14 2.02E-13 4.33E-13 5.25E-13
 5.62E-13 5.79E-13 5.55E-13 4.77E-13 3.84E-13 3.32E-13
 1.33E-34 4.19E-27 3.83E-21 9.71E-17 1.31E-14 2.02E-13 4.33E-13 5.25E-13
 5.62E-13 5.79E-13 5.55E-13 4.77E-13 3.84E-13 3.32E-13
 1.33E-34 4.19E-27 3.83E-21 9.71E-17 1.31E-14 2.02E-13 4.33E-13 5.25E-13
 5.62E-13 5.79E-13 5.55E-13 4.77E-13 3.84E-13 3.32E-13
 1.33E-34 4.19E-27 3.83E-21 9.71E-17 1.31E-14 2.02E-13 4.33E-13 5.25E-13
 5.62E-13 5.79E-13 5.55E-13 4.77E-13 3.84E-13 3.32E-13
 1.33E-34 4.19E-27 3.83E-21 9.71E-17 1.31E-14 2.02E-13 4.33E-13 5.25E-13
 5.62E-13 5.79E-13 5.55E-13 4.77E-13 3.84E-13 3.32E-13
 1.33E-34 4.19E-27 3.83E-21 9.71E-17 1.31E-14 2.02E-13 4.33E-13 5.25E-13
 5.61E-13 5.79E-13 5.55E-13 4.77E-13 3.84E-13 3.32E-13
 1.33E-34 4.19E-27 3.83E-21 9.70E-17 1.31E-14 2.02E-13 4.33E-13 5.25E-13
 5.61E-13 5.79E-13 5.54E-13 4.77E-13 3.84E-13 3.31E-13
  4.33841    7  14 /pl=01:ss=61:pb= 1:sz=61/type=excit/ispb = t/isel =   17
 1.00E+10 1.00E+11 1.00E+12 1.00E+13 1.00E+14 1.00E+15 1.00E+16
 6.62E+01 9.94E+01 1.66E+02 3.31E+02 6.62E+02 1.66E+03 3.31E+03 4.97E+03
 6.62E+03 9.94E+03 1.66E+04 3.31E+04 6.62E+04 9.94E+04
 2.91E-34 6.61E-27 4.65E-21 9.63E-17 1.17E-14 1.66E-13 3.40E-13 4.02E-13
 4.21E-13 4.24E-13 3.93E-13 3.25E-13 2.52E-13 2.14E-13
 2.91E-34 6.61E-27 4.65E-21 9.63E-17 1.17E-14 1.66E-13 3.40E-13 4.02E-13
 4.21E-13 4.24E-13 3.93E-13 3.25E-13 2.52E-13 2.14E-13
 2.91E-34 6.61E-27 4.65E-21 9.63E-17 1.17E-14 1.66E-13 3.40E-13 4.02E-13
 4.21E-13 4.24E-13 3.93E-13 3.25E-13 2.52E-13 2.14E-13
 2.91E-34 6.61E-27 4.65E-21 9.63E-17 1.17E-14 1.66E-13 3.40E-13 4.02E-13
 4.21E-13 4.24E-13 3.93E-13 3.25E-13 2.52E-13 2.14E-13
 2.91E-34 6.61E-27 4.65E-21 9.63E-17 1.17E-14 1.66E-13 3.40E-13 4.02E-13
 4.21E-13 4.24E-13 3.93E-13 3.25E-13 2.52E-13 2.14E-13
 2.91E-34 6.61E-27 4.65E-21 9.63E-17 1.17E-14 1.66E-13 3.40E-13 4.02E-13
 4.21E-13 4.24E-13 3.93E-13 3.25E-13 2.52E-13 2.14E-13
 2.91E-34 6.61E-27 4.65E-21 9.63E-17 1.17E-14 1.66E-13 3.40E-13 4.01E-13
 4.21E-13 4.24E-13 3.93E-13 3.25E-13 2.52E-13 2.14E-13
  4.39549    7  14 /pl=01:ss=61:pb= 1:sz=61/type=excit/ispb = t/isel =   18
 1.00E+10 1.00E+11 1.00E+12 1.00E+13 1.00E+14 1.00E+15 1.00E+16
 6.62E+01 9.94E+01 1.66E+02 3.31E+02 6.62E+02 1.66E+03 3.31E+03 4.97E+03
 6.62E+03 9.94E+03 1.66E+04 3.31E+04 6.62E+04 9.94E+04
 2.67E-33 6.07E-26 4.27E-20 8.84E-16 1.08E-13 1.52E-12 3.12E-12 3.69E-12
 3.87E-12 3.89E-12 3.61E-12 2.98E-12 2.31E-12 1.96E-12
 2.67E-33 6.07E-26 4.27E-20 8.84E-16 1.08E-13 1.52E-12 3.12E-12 3.69E-12
 3.87E-12 3.89E-12 3.61E-12 2.98E-12 2.31E-12 1.96E-12
 2.67E-33 6.07E-26 4.27E-20 8.84E-16 1.08E-13 1.52E-12 3.12E-12 3.69E-12
 3.87E-12 3.89E-12 3.61E-12 2.98E-12 2.31E-12 1.96E-12
 2.67E-33 6.07E-26 4.27E-20 8.84E-16 1.08E-13 1.52E-12 3.12E-12 3.69E-12
 3.87E-12 3.89E-12 3.61E-12 2.98E-12 2.31E-12 1.96E-12
 2.67E-33 6.07E-26 4.27E-20 8.84E-16 1.08E-13 1.52E-12 3.12E-12 3.69E-12
 3.87E-12 3.89E-12 3.61E-12 2.98E-12 2.31E-12 1.96E-12
 2.67E-33 6.07E-26 4.27E-20 8.84E-16 1.08E-13 1.52E-12 3.12E-12 3.69E-12
 3.87E-12 3.89E-12 3.61E-12 2.98E-12 2.31E-12 1.96E-12
 2.67E-33 6.07E-26 4.27E-20 8.84E-16 1.08E-13 1.52E-12 3.12E-12 3.68E-12
 3.86E-12 3.89E-12 3.61E-12 2.98E-12 2.31E-12 1.96E-12
  4.52364    7  14 /pl=01:ss=61:pb= 1:sz=61/type=excit/ispb = t/isel =   19
 1.00E+10 1.00E+11 1.00E+12 1.00E+13 1.00E+14 1.00E+15 1.00E+16
 6.62E+01 9.94E+01 1.66E+02 3.31E+02 6.62E+02 1.66E+03 3.31E+03 4.97E+03
 6.62E+03 9.94E+03 1.66E+04 3.31E+04 6.62E+04 9.94E+04
 1.92E-34 4.35E-27 3.06E-21 6.33E-17 7.72E-15 1.09E-13 2.24E-13 2.64E-13
 2.77E-13 2.79E-13 2.59E-13 2.14E-13 1.66E-13 1.41E-13
 1.92E-34 4.35E-27 3.06E-21 6.33E-17 7.72E-15 1.09E-13 2.24E-13 2.64E-13
 2.77E-13 2.79E-13 2.59E-13 2.14E-13 1.66E-13 1.41E-13
 1.92E-34 4.35E-27 3.06E-21 6.33E-17 7.72E-15 1.09E-13 2.24E-13 2.64E-13
 2.77E-13 2.79E-13 2.59E-13 2.14E-13 1.66E-13 1.41E-13
 1.92E-34 4.35E-27 3.06E-21 6.33E-17 7.72E-15 1.09E-13 2.24E-13 2.64E-13
 2.77E-13 2.79E-13 2.59E-13 2.14E-13 1.66E-13 1.41E-13
 1.92E-34 4.35E-27 3.06E-21 6.33E-17 7.72E-15 1.09E-13 2.24E-13 2.64E-13
 2.77E-13 2.79E-13 2.59E-13 2.14E-13 1.66E-13 1.41E-13
 1.92E-34 4.35E-27 3.06E-21 6.33E-17 7.72E-15 1.09E-13 2.24E-13 2.64E-13
 2.77E-13 2.79E-13 2.59E-13 2.14E-13 1.66E-13 1.41E-13
 1.92E-34 4.35E-27 3.06E-21 6.33E-17 7.72E-15 1.09E-13 2.23E-13 2.64E-13
 2.77E-13 2.79E-13 2.59E-13 2.14E-13 1.66E-13 1.41E-13
  4.68056    7  14 /pl=01:ss=61:pb= 1:sz=61/type=excit/ispb = t/isel =   20
 1.00E+10 1.00E+11 1.00E+12 1.00E+13 1.00E+14 1.00E+15 1.00E+16
 6.62E+01 9.94E+01 1.66E+02 3.31E+02 6.62E+02 1.66E+03 3.31E+03 4.97E+03
 6.62E+03 9.94E+03 1.66E+04 3.31E+04 6.62E+04 9.94E+04
 6.75E-33 4.33E-26 1.10E-20 1.07E-16 9.11E-15 1.08E-13 2.17E-13 2.58E-13
 2.75E-13 2.81E-13 2.70E-13 2.39E-13 2.02E-13 1.80E-13
 6.75E-33 4.33E-26 1.10E-20 1.07E-16 9.11E-15 1.08E-13 2.17E-13 2.58E-13
 2.75E-13 2.81E-13 2.70E-13 2.39E-13 2.02E-13 1.80E-13
 6.75E-33 4.33E-26 1.10E-20 1.07E-16 9.11E-15 1.08E-13 2.17E-13 2.58E-13
 2.75E-13 2.81E-13 2.70E-13 2.39E-13 2.02E-13 1.80E-13
 6.75E-33 4.33E-26 1.10E-20 1.07E-16 9.11E-15 1.08E-13 2.17E-13 2.58E-13
 2.75E-13 2.81E-13 2.70E-13 2.39E-13 2.02E-13 1.80E-13
 6.75E-33 4.33E-26 1.10E-20 1.07E-16 9.11E-15 1.08E-13 2.17E-13 2.58E-13
 2.75E-13 2.81E-13 2.70E-13 2.39E-13 2.02E-13 1.80E-13
 6.75E-33 4.33E-26 1.10E-20 1.07E-16 9.11E-15 1.08E-13 2.17E-13 2.58E-13
 2.75E-13 2.81E-13 2.70E-13 2.39E-13 2.02E-13 1.80E-13
 6.75E-33 4.33E-26 1.10E-20 1.07E-16 9.10E-15 1.08E-13 2.17E-13 2.58E-13
 2.75E-13 2.81E-13 2.70E-13 2.39E-13 2.01E-13 1.80E-13
  4.68554    7  14 /pl=01:ss=61:pb= 1:sz=61/type=excit/ispb = t/isel =   21
 1.00E+10 1.00E+11 1.00E+12 1.00E+13 1.00E+14 1.00E+15 1.00E+16
 6.62E+01 9.94E+01 1.66E+02 3.31E+02 6.62E+02 1.66E+03 3.31E+03 4.97E+03
 6.62E+03 9.94E+03 1.66E+04 3.31E+04 6.62E+04 9.94E+04
 4.55E-32 1.42E-25 2.04E-20 1.33E-16 9.94E-15 1.34E-13 3.11E-13 4.02E-13
 4.54E-13 5.06E-13 5.43E-13 5.52E-13 5.27E-13 5.01E-13
 4.55E-32 1.42E-25 2.04E-20 1.33E-16 9.94E-15 1.34E-13 3.11E-13 4.02E-13
 4.54E-13 5.06E-13 5.43E-13 5.52E-13 5.27E-13 5.01E-13
 4.55E-32 1.42E-25 2.04E-20 1.33E-16 9.94E-15 1.34E-13 3.11E-13 4.02E-13
 4.54E-13 5.06E-13 5.43E-13 5.52E-13 5.27E-13 5.01E-13
 4.55E-32 1.42E-25 2.04E-20 1.33E-16 9.94E-15 1.34E-13 3.11E-13 4.02E-13
 4.54E-13 5.06E-13 5.43E-13 5.52E-13 5.27E-13 5.01E-13
 4.55E-32 1.42E-25 2.04E-20 1.33E-16 9.94E-15 1.34E-13 3.11E-13 4.02E-13
 4.54E-13 5.06E-13 5.43E-13 5.52E-13 5.27E-13 5.01E-13
 4.55E-32 1.42E-25 2.04E-20 1.33E-16 9.94E-15 1.34E-13 3.11E-13 4.02E-13
 4.54E-13 5.06E-13 5.43E-13 5.52E-13 5.27E-13 5.01E-13
 4.56E-32 1.42E-25 2.05E-20 1.33E-16 9.95E-15 1.34E-13 3.11E-13 4.02E-13
 4.54E-13 5.07E-13 5.43E-13 5.52E-13 5.27E-13 5.01E-13
  4.71447    7  14 /pl=01:ss=61:pb= 1:sz=61/type=excit/ispb = t/isel =   22
 1.00E+10 1.00E+11 1.00E+12 1.00E+13 1.00E+14 1.00E+15 1.00E+16
 6.62E+01 9.94E+01 1.66E+02 3.31E+02 6.62E+02 1.66E+03 3.31E+03 4.97E+03
 6.62E+03 9.94E+03 1.66E+04 3.31E+04 6.62E+04 9.94E+04
 3.56E-32 2.57E-25 7.17E-20 7.46E-16 6.47E-14 7.52E-13 1.46E-12 1.70E-12
 1.77E-12 1.77E-12 1.65E-12 1.38E-12 1.08E-12 9.24E-13
 3.56E-32 2.57E-25 7.17E-20 7.46E-16 6.47E-14 7.52E-13 1.46E-12 1.70E-12
 1.77E-12 1.77E-12 1.65E-12 1.38E-12 1.08E-12 9.24E-13
 3.56E-32 2.57E-25 7.17E-20 7.46E-16 6.47E-14 7.52E-13 1.46E-12 1.70E-12
 1.77E-12 1.77E-12 1.65E-12 1.38E-12 1.08E-12 9.24E-13
 3.56E-32 2.57E-25 7.17E-20 7.46E-16 6.47E-14 7.52E-13 1.46E-12 1.70E-12
 1.77E-12 1.77E-12 1.65E-12 1.38E-12 1.08E-12 9.24E-13
 3.56E-32 2.57E-25 7.17E-20 7.46E-16 6.47E-14 7.52E-13 1.46E-12 1.70E-12
 1.77E-12 1.77E-12 1.65E-12 1.38E-12 1.08E-12 9.24E-13
 3.56E-32 2.57E-25 7.17E-20 7.46E-16 6.47E-14 7.52E-13 1.46E-12 1.70E-12
 1.77E-12 1.77E-12 1.65E-12 1.38E-12 1.08E-12 9.24E-13
 3.56E-32 2.57E-25 7.17E-20 7.46E-16 6.46E-14 7.51E-13 1.46E-12 1.70E-12
 1.77E-12 1.77E-12 1.65E-12 1.37E-12 1.08E-12 9.23E-13
  4.71866    7  14 /pl=01:ss=61:pb= 1:sz=61/type=excit/ispb = t/isel =   23
 1.00E+10 1.00E+11 1.00E+12 1.00E+13 1.00E+14 1.00E+15 1.00E+16
 6.62E+01 9.94E+01 1.66E+02 3.31E+02 6.62E+02 1.66E+03 3.31E+03 4.97E+03
 6.62E+03 9.94E+03 1.66E+04 3.31E+04 6.62E+04 9.94E+04
 2.71E-32 1.96E-25 5.46E-20 5.69E-16 4.93E-14 5.73E-13 1.11E-12 1.29E-12
 1.35E-12 1.35E-12 1.26E-12 1.05E-12 8.25E-13 7.03E-13
 2.71E-32 1.96E-25 5.46E-20 5.69E-16 4.93E-14 5.73E-13 1.11E-12 1.29E-12
 1.35E-12 1.35E-12 1.26E-12 1.05E-12 8.25E-13 7.03E-13
 2.71E-32 1.96E-25 5.46E-20 5.69E-16 4.93E-14 5.73E-13 1.11E-12 1.29E-12
 1.35E-12 1.35E-12 1.26E-12 1.05E-12 8.25E-13 7.03E-13
 2.71E-32 1.96E-25 5.46E-20 5.69E-16 4.93E-14 5.73E-13 1.11E-12 1.29E-12
 1.35E-12 1.35E-12 1.26E-12 1.05E-12 8.25E-13 7.03E-13
 2.71E-32 1.96E-25 5.46E-20 5.69E-16 4.93E-14 5.73E-13 1.11E-12 1.29E-12
 1.35E-12 1.35E-12 1.26E-12 1.05E-12 8.25E-13 7.03E-13
 2.71E-32 1.96E-25 5.46E-20 5.69E-16 4.93E-14 5.73E-13 1.11E-12 1.29E-12
 1.35E-12 1.35E-12 1.26E-12 1.05E-12 8.25E-13 7.03E-13
 2.71E-32 1.96E-25 5.46E-20 5.68E-16 4.92E-14 5.72E-13 1.11E-12 1.29E-12
 1.35E-12 1.35E-12 1.26E-12 1.05E-12 8.24E-13 7.03E-13
  4.82570    7  14 /pl=01:ss=61:pb= 1:sz=61/type=excit/ispb = t/isel =   24
 1.00E+10 1.00E+11 1.00E+12 1.00E+13 1.00E+14 1.00E+15 1.00E+16
 6.62E+01 9.94E+01 1.66E+02 3.31E+02 6.62E+02 1.66E+03 3.31E+03 4.97E+03
 6.62E+03 9.94E+03 1.66E+04 3.31E+04 6.62E+04 9.94E+04
 3.06E-33 2.93E-26 1.03E-20 1.28E-16 1.22E-14 1.58E-13 3.29E-13 3.99E-13
 4.27E-13 4.43E-13 4.29E-13 3.80E-13 3.14E-13 2.76E-13
 3.06E-33 2.93E-26 1.03E-20 1.28E-16 1.22E-14 1.58E-13 3.29E-13 3.99E-13
 4.27E-13 4.43E-13 4.29E-13 3.80E-13 3.14E-13 2.76E-13
 3.06E-33 2.93E-26 1.03E-20 1.28E-16 1.22E-14 1.58E-13 3.29E-13 3.99E-13
 4.27E-13 4.43E-13 4.29E-13 3.80E-13 3.14E-13 2.76E-13
 3.06E-33 2.93E-26 1.03E-20 1.28E-16 1.22E-14 1.58E-13 3.29E-13 3.99E-13
 4.27E-13 4.43E-13 4.29E-13 3.80E-13 3.14E-13 2.76E-13
 3.06E-33 2.93E-26 1.03E-20 1.28E-16 1.22E-14 1.58E-13 3.29E-13 3.99E-13
 4.27E-13 4.43E-13 4.29E-13 3.80E-13 3.14E-13 2.76E-13
 3.06E-33 2.93E-26 1.03E-20 1.28E-16 1.22E-14 1.58E-13 3.29E-13 3.99E-13
 4.27E-13 4.43E-13 4.29E-13 3.80E-13 3.14E-13 2.76E-13
 3.10E-33 2.96E-26 1.04E-20 1.29E-16 1.23E-14 1.59E-13 3.30E-13 4.01E-13
 4.28E-13 4.45E-13 4.30E-13 3.80E-13 3.14E-13 2.76E-13
  4.88469    7  14 /pl=01:ss=61:pb= 1:sz=61/type=excit/ispb = t/isel =   25
 1.00E+10 1.00E+11 1.00E+12 1.00E+13 1.00E+14 1.00E+15 1.00E+16
 6.62E+01 9.94E+01 1.66E+02 3.31E+02 6.62E+02 1.66E+03 3.31E+03 4.97E+03
 6.62E+03 9.94E+03 1.66E+04 3.31E+04 6.62E+04 9.94E+04
 2.46E-32 1.12E-25 2.16E-20 1.72E-16 1.30E-14 1.43E-13 2.76E-13 3.23E-13
 3.40E-13 3.42E-13 3.23E-13 2.76E-13 2.24E-13 1.95E-13
 2.46E-32 1.12E-25 2.16E-20 1.72E-16 1.30E-14 1.43E-13 2.76E-13 3.23E-13
 3.40E-13 3.42E-13 3.23E-13 2.76E-13 2.24E-13 1.95E-13
 2.46E-32 1.12E-25 2.16E-20 1.72E-16 1.30E-14 1.43E-13 2.76E-13 3.23E-13
 3.40E-13 3.42E-13 3.23E-13 2.76E-13 2.24E-13 1.95E-13
 2.46E-32 1.12E-25 2.16E-20 1.72E-16 1.30E-14 1.43E-13 2.76E-13 3.23E-13
 3.40E-13 3.42E-13 3.23E-13 2.76E-13 2.24E-13 1.95E-13
 2.46E-32 1.12E-25 2.16E-20 1.72E-16 1.30E-14 1.43E-13 2.76E-13 3.23E-13
 3.40E-13 3.42E-13 3.23E-13 2.76E-13 2.24E-13 1.95E-13
 2.46E-32 1.12E-25 2.16E-20 1.72E-16 1.30E-14 1.43E-13 2.76E-13 3.23E-13
 3.40E-13 3.42E-13 3.23E-13 2.76E-13 2.24E-13 1.95E-13
 2.46E-32 1.12E-25 2.16E-20 1.72E-16 1.30E-14 1.43E-13 2.76E-13 3.23E-13
 3.39E-13 3.42E-13 3.23E-13 2.76E-13 2.24E-13 1.95E-13
  4.93985    7  14 /pl=01:ss=61:pb= 1:sz=61/type=excit/ispb = t/isel =   26
 1.00E+10 1.00E+11 1.00E+12 1.00E+13 1.00E+14 1.00E+15 1.00E+16
 6.62E+01 9.94E+01 1.66E+02 3.31E+02 6.62E+02 1.66E+03 3.31E+03 4.97E+03
 6.62E+03 9.94E+03 1.66E+04 3.31E+04 6.62E+04 9.94E+04
 7.40E-34 7.26E-27 2.62E-21 3.36E-17 3.49E-15 5.44E-14 1.31E-13 1.74E-13
 1.99E-13 2.29E-13 2.56E-13 2.72E-13 2.70E-13 2.61E-13
 7.40E-34 7.26E-27 2.62E-21 3.36E-17 3.49E-15 5.44E-14 1.31E-13 1.74E-13
 1.99E-13 2.29E-13 2.56E-13 2.72E-13 2.70E-13 2.61E-13
 7.40E-34 7.26E-27 2.62E-21 3.36E-17 3.49E-15 5.44E-14 1.31E-13 1.74E-13
 1.99E-13 2.29E-13 2.56E-13 2.72E-13 2.70E-13 2.61E-13
 7.40E-34 7.26E-27 2.62E-21 3.36E-17 3.49E-15 5.44E-14 1.31E-13 1.74E-13
 1.99E-13 2.29E-13 2.56E-13 2.72E-13 2.70E-13 2.61E-13
 7.40E-34 7.26E-27 2.62E-21 3.36E-17 3.49E-15 5.44E-14 1.31E-13 1.74E-13
 1.99E-13 2.29E-13 2.56E-13 2.72E-13 2.70E-13 2.61E-13
 7.40E-34 7.26E-27 2.62E-21 3.36E-17 3.49E-15 5.44E-14 1.31E-13 1.74E-13
 1.99E-13 2.29E-13 2.55E-13 2.72E-13 2.70E-13 2.61E-13
 7.40E-34 7.26E-27 2.62E-21 3.36E-17 3.49E-15 5.43E-14 1.31E-13 1.73E-13
 1.99E-13 2.29E-13 2.55E-13 2.72E-13 2.70E-13 2.61E-13
  4.95717    7  14 /pl=01:ss=61:pb= 1:sz=61/type=excit/ispb = t/isel =   27
 1.00E+10 1.00E+11 1.00E+12 1.00E+13 1.00E+14 1.00E+15 1.00E+16
 6.62E+01 9.94E+01 1.66E+02 3.31E+02 6.62E+02 1.66E+03 3.31E+03 4.97E+03
 6.62E+03 9.94E+03 1.66E+04 3.31E+04 6.62E+04 9.94E+04
 1.51E-31 6.86E-25 1.33E-19 1.05E-15 7.99E-14 8.79E-13 1.69E-12 1.98E-12
 2.08E-12 2.10E-12 1.98E-12 1.69E-12 1.37E-12 1.20E-12
 1.51E-31 6.86E-25 1.33E-19 1.05E-15 7.99E-14 8.79E-13 1.69E-12 1.98E-12
 2.08E-12 2.10E-12 1.98E-12 1.69E-12 1.37E-12 1.20E-12
 1.51E-31 6.86E-25 1.33E-19 1.05E-15 7.99E-14 8.79E-13 1.69E-12 1.98E-12
 2.08E-12 2.10E-12 1.98E-12 1.69E-12 1.37E-12 1.20E-12
 1.51E-31 6.86E-25 1.33E-19 1.05E-15 7.99E-14 8.79E-13 1.69E-12 1.98E-12
 2.08E-12 2.10E-12 1.98E-12 1.69E-12 1.37E-12 1.20E-12
 1.51E-31 6.86E-25 1.33E-19 1.05E-15 7.99E-14 8.79E-13 1.69E-12 1.98E-12
 2.08E-12 2.10E-12 1.98E-12 1.69E-12 1.37E-12 1.20E-12
 1.51E-31 6.86E-25 1.33E-19 1.05E-15 7.99E-14 8.79E-13 1.69E-12 1.98E-12
 2.08E-12 2.10E-12 1.98E-12 1.69E-12 1.37E-12 1.20E-12
 1.51E-31 6.86E-25 1.33E-19 1.05E-15 7.99E-14 8.78E-13 1.69E-12 1.98E-12
 2.08E-12 2.10E-12 1.98E-12 1.69E-12 1.37E-12 1.20E-12
  21.1599    7  14 /pl=01:ss=61:pb= 1:sz=61/type=excit/ispb = t/isel =   28
 1.00E+10 1.00E+11 1.00E+12 1.00E+13 1.00E+14 1.00E+15 1.00E+16
 6.62E+01 9.94E+01 1.66E+02 3.31E+02 6.62E+02 1.66E+03 3.31E+03 4.97E+03
 6.62E+03 9.94E+03 1.66E+04 3.31E+04 6.62E+04 9.94E+04
 1.42E-13 2.21E-12 1.84E-11 7.81E-11 1.41E-10 1.72E-10 1.67E-10 1.57E-10
 1.49E-10 1.36E-10 1.20E-10 9.79E-11 7.86E-11 6.86E-11
 1.42E-13 2.21E-12 1.84E-11 7.81E-11 1.41E-10 1.72E-10 1.67E-10 1.57E-10
 1.49E-10 1.36E-10 1.20E-10 9.79E-11 7.86E-11 6.86E-11
 1.42E-13 2.21E-12 1.84E-11 7.81E-11 1.41E-10 1.72E-10 1.67E-10 1.57E-10
 1.49E-10 1.36E-10 1.20E-10 9.79E-11 7.86E-11 6.86E-11
 1.42E-13 2.21E-12 1.84E-11 7.81E-11 1.41E-10 1.72E-10 1.67E-10 1.57E-10
 1.49E-10 1.36E-10 1.20E-10 9.79E-11 7.86E-11 6.86E-11
 1.42E-13 2.21E-12 1.84E-11 7.81E-11 1.41E-10 1.72E-10 1.67E-10 1.57E-10
 1.49E-10 1.36E-10 1.20E-10 9.79E-11 7.86E-11 6.86E-11
 1.42E-13 2.21E-12 1.84E-11 7.81E-11 1.41E-10 1.72E-10 1.67E-10 1.57E-10
 1.49E-10 1.36E-10 1.20E-10 9.79E-11 7.86E-11 6.86E-11
 1.42E-13 2.21E-12 1.84E-11 7.81E-11 1.41E-10 1.72E-10 1.67E-10 1.57E-10
 1.49E-10 1.36E-10 1.20E-10 9.78E-11 7.85E-11 6.85E-11
  21.3199    7  14 /pl=01:ss=61:pb= 1:sz=61/type=excit/ispb = t/isel =   29
 1.00E+10 1.00E+11 1.00E+12 1.00E+13 1.00E+14 1.00E+15 1.00E+16
 6.62E+01 9.94E+01 1.66E+02 3.31E+02 6.62E+02 1.66E+03 3.31E+03 4.97E+03
 6.62E+03 9.94E+03 1.66E+04 3.31E+04 6.62E+04 9.94E+04
 2.60E-16 9.33E-15 1.49E-13 1.02E-12 2.28E-12 2.93E-12 2.69E-12 2.42E-12
 2.21E-12 1.92E-12 1.59E-12 1.22E-12 9.24E-13 7.84E-13
 2.60E-16 9.33E-15 1.49E-13 1.02E-12 2.28E-12 2.93E-12 2.69E-12 2.42E-12
 2.21E-12 1.92E-12 1.59E-12 1.22E-12 9.24E-13 7.84E-13
 2.60E-16 9.33E-15 1.49E-13 1.02E-12 2.28E-12 2.93E-12 2.69E-12 2.42E-12
 2.21E-12 1.92E-12 1.59E-12 1.22E-12 9.24E-13 7.84E-13
 2.60E-16 9.33E-15 1.49E-13 1.02E-12 2.28E-12 2.93E-12 2.69E-12 2.42E-12
 2.21E-12 1.92E-12 1.59E-12 1.22E-12 9.24E-13 7.84E-13
 2.61E-16 9.33E-15 1.49E-13 1.02E-12 2.28E-12 2.93E-12 2.69E-12 2.42E-12
 2.21E-12 1.92E-12 1.59E-12 1.22E-12 9.24E-13 7.84E-13
 2.61E-16 9.33E-15 1.49E-13 1.02E-12 2.28E-12 2.93E-12 2.69E-12 2.42E-12
 2.21E-12 1.92E-12 1.59E-12 1.22E-12 9.24E-13 7.84E-13
 2.61E-16 9.35E-15 1.49E-13 1.02E-12 2.28E-12 2.93E-12 2.68E-12 2.42E-12
 2.21E-12 1.92E-12 1.59E-12 1.22E-12 9.24E-13 7.84E-13
  22.4951    7  14 /pl=01:ss=61:pb= 1:sz=61/type=excit/ispb = t/isel =   30
 1.00E+10 1.00E+11 1.00E+12 1.00E+13 1.00E+14 1.00E+15 1.00E+16
 6.62E+01 9.94E+01 1.66E+02 3.31E+02 6.62E+02 1.66E+03 3.31E+03 4.97E+03
 6.62E+03 9.94E+03 1.66E+04 3.31E+04 6.62E+04 9.94E+04
 1.29E-13 1.69E-12 1.23E-11 4.80E-11 8.40E-11 1.00E-10 9.51E-11 8.89E-11
 8.37E-11 7.61E-11 6.64E-11 5.40E-11 4.32E-11 3.77E-11
 1.29E-13 1.69E-12 1.23E-11 4.80E-11 8.40E-11 1.00E-10 9.51E-11 8.89E-11
 8.37E-11 7.61E-11 6.64E-11 5.40E-11 4.32E-11 3.77E-11
 1.29E-13 1.69E-12 1.23E-11 4.80E-11 8.40E-11 1.00E-10 9.51E-11 8.89E-11
 8.37E-11 7.61E-11 6.64E-11 5.40E-11 4.32E-11 3.77E-11
 1.29E-13 1.69E-12 1.23E-11 4.80E-11 8.40E-11 1.00E-10 9.51E-11 8.89E-11
 8.37E-11 7.61E-11 6.64E-11 5.40E-11 4.32E-11 3.77E-11
 1.29E-13 1.69E-12 1.23E-11 4.80E-11 8.40E-11 1.00E-10 9.51E-11 8.89E-11
 8.37E-11 7.61E-11 6.64E-11 5.40E-11 4.32E-11 3.77E-11
 1.29E-13 1.69E-12 1.23E-11 4.80E-11 8.40E-11 1.00E-10 9.51E-11 8.89E-11
 8.37E-11 7.61E-11 6.64E-11 5.40E-11 4.32E-11 3.77E-11
 1.29E-13 1.69E-12 1.23E-11 4.79E-11 8.40E-11 1.00E-10 9.50E-11 8.89E-11
 8.36E-11 7.60E-11 6.63E-11 5.40E-11 4.32E-11 3.77E-11
  22.5908    7  14 /pl=01:ss=61:pb= 1:sz=61/type=excit/ispb = t/isel =   31
 1.00E+10 1.00E+11 1.00E+12 1.00E+13 1.00E+14 1.00E+15 1.00E+16
 6.62E+01 9.94E+01 1.66E+02 3.31E+02 6.62E+02 1.66E+03 3.31E+03 4.97E+03
 6.62E+03 9.94E+03 1.66E+04 3.31E+04 6.62E+04 9.94E+04
 1.18E-13 1.54E-12 1.12E-11 4.39E-11 7.74E-11 9.30E-11 8.94E-11 8.40E-11
 7.91E-11 7.21E-11 6.28E-11 5.10E-11 4.07E-11 3.54E-11
 1.18E-13 1.54E-12 1.12E-11 4.39E-11 7.74E-11 9.30E-11 8.94E-11 8.40E-11
 7.91E-11 7.21E-11 6.28E-11 5.10E-11 4.07E-11 3.54E-11
 1.18E-13 1.54E-12 1.12E-11 4.39E-11 7.74E-11 9.30E-11 8.94E-11 8.40E-11
 7.91E-11 7.21E-11 6.28E-11 5.10E-11 4.07E-11 3.54E-11
 1.18E-13 1.54E-12 1.12E-11 4.39E-11 7.74E-11 9.30E-11 8.94E-11 8.40E-11
 7.91E-11 7.21E-11 6.28E-11 5.10E-11 4.07E-11 3.54E-11
 1.18E-13 1.54E-12 1.12E-11 4.39E-11 7.74E-11 9.30E-11 8.94E-11 8.40E-11
 7.91E-11 7.21E-11 6.28E-11 5.10E-11 4.07E-11 3.54E-11
 1.18E-13 1.54E-12 1.12E-11 4.39E-11 7.74E-11 9.30E-11 8.94E-11 8.40E-11
 7.91E-11 7.21E-11 6.28E-11 5.10E-11 4.07E-11 3.54E-11
 1.18E-13 1.54E-12 1.12E-11 4.39E-11 7.74E-11 9.29E-11 8.94E-11 8.39E-11
 7.91E-11 7.21E-11 6.28E-11 5.10E-11 4.07E-11 3.54E-11
  22.8055    7  14 /pl=01:ss=61:pb= 1:sz=61/type=excit/ispb = t/isel =   32
 1.00E+10 1.00E+11 1.00E+12 1.00E+13 1.00E+14 1.00E+15 1.00E+16
 6.62E+01 9.94E+01 1.66E+02 3.31E+02 6.62E+02 1.66E+03 3.31E+03 4.97E+03
 6.62E+03 9.94E+03 1.66E+04 3.31E+04 6.62E+04 9.94E+04
 7.74E-17 2.29E-15 3.14E-14 1.93E-13 4.07E-13 5.29E-13 5.19E-13 4.93E-13
 4.70E-13 4.35E-13 3.90E-13 3.33E-13 2.82E-13 2.55E-13
 7.74E-17 2.29E-15 3.14E-14 1.93E-13 4.07E-13 5.29E-13 5.19E-13 4.93E-13
 4.70E-13 4.35E-13 3.90E-13 3.33E-13 2.82E-13 2.55E-13
 7.74E-17 2.29E-15 3.14E-14 1.93E-13 4.07E-13 5.29E-13 5.19E-13 4.93E-13
 4.70E-13 4.35E-13 3.90E-13 3.33E-13 2.82E-13 2.55E-13
 7.74E-17 2.29E-15 3.14E-14 1.93E-13 4.07E-13 5.29E-13 5.19E-13 4.93E-13
 4.70E-13 4.35E-13 3.90E-13 3.33E-13 2.82E-13 2.55E-13
 7.74E-17 2.29E-15 3.14E-14 1.93E-13 4.07E-13 5.29E-13 5.19E-13 4.93E-13
 4.70E-13 4.35E-13 3.90E-13 3.33E-13 2.82E-13 2.55E-13
 7.74E-17 2.29E-15 3.14E-14 1.93E-13 4.07E-13 5.29E-13 5.19E-13 4.93E-13
 4.70E-13 4.35E-13 3.90E-13 3.33E-13 2.82E-13 2.55E-13
 7.74E-17 2.29E-15 3.14E-14 1.93E-13 4.07E-13 5.29E-13 5.19E-13 4.93E-13
 4.70E-13 4.34E-13 3.90E-13 3.33E-13 2.82E-13 2.55E-13
  24.4972    7  14 /pl=01:ss=61:pb= 1:sz=61/type=excit/ispb = t/isel =   33
 1.00E+10 1.00E+11 1.00E+12 1.00E+13 1.00E+14 1.00E+15 1.00E+16
 6.62E+01 9.94E+01 1.66E+02 3.31E+02 6.62E+02 1.66E+03 3.31E+03 4.97E+03
 6.62E+03 9.94E+03 1.66E+04 3.31E+04 6.62E+04 9.94E+04
 2.60E-15 3.04E-14 2.35E-13 1.14E-12 2.34E-12 3.35E-12 3.67E-12 3.65E-12
 3.55E-12 3.34E-12 2.99E-12 2.47E-12 1.98E-12 1.72E-12
 2.60E-15 3.04E-14 2.35E-13 1.14E-12 2.34E-12 3.35E-12 3.67E-12 3.65E-12
 3.55E-12 3.34E-12 2.99E-12 2.47E-12 1.98E-12 1.72E-12
 2.60E-15 3.04E-14 2.35E-13 1.14E-12 2.34E-12 3.35E-12 3.67E-12 3.65E-12
 3.55E-12 3.34E-12 2.99E-12 2.47E-12 1.98E-12 1.72E-12
 2.60E-15 3.05E-14 2.35E-13 1.14E-12 2.34E-12 3.35E-12 3.67E-12 3.65E-12
 3.55E-12 3.34E-12 2.99E-12 2.47E-12 1.98E-12 1.72E-12
 2.60E-15 3.05E-14 2.35E-13 1.14E-12 2.34E-12 3.35E-12 3.67E-12 3.65E-12
 3.55E-12 3.34E-12 2.99E-12 2.47E-12 1.98E-12 1.72E-12
 2.61E-15 3.05E-14 2.35E-13 1.14E-12 2.34E-12 3.35E-12 3.67E-12 3.65E-12
 3.55E-12 3.34E-12 2.99E-12 2.47E-12 1.98E-12 1.72E-12
 2.65E-15 3.09E-14 2.37E-13 1.15E-12 2.35E-12 3.36E-12 3.67E-12 3.65E-12
 3.55E-12 3.34E-12 2.99E-12 2.47E-12 1.98E-12 1.72E-12
  33.9760    7  14 /pl=01:ss=61:pb= 1:sz=61/type=excit/ispb = t/isel =   34
 1.00E+10 1.00E+11 1.00E+12 1.00E+13 1.00E+14 1.00E+15 1.00E+16
 6.62E+01 9.94E+01 1.66E+02 3.31E+02 6.62E+02 1.66E+03 3.31E+03 4.97E+03
 6.62E+03 9.94E+03 1.66E+04 3.31E+04 6.62E+04 9.94E+04
 2.06E-13 1.13E-12 4.43E-12 1.23E-11 1.91E-11 2.17E-11 2.05E-11 1.91E-11
 1.79E-11 1.62E-11 1.40E-11 1.12E-11 8.88E-12 7.71E-12
 2.06E-13 1.13E-12 4.43E-12 1.23E-11 1.91E-11 2.17E-11 2.05E-11 1.91E-11
 1.79E-11 1.62E-11 1.40E-11 1.12E-11 8.88E-12 7.71E-12
 2.06E-13 1.13E-12 4.43E-12 1.23E-11 1.91E-11 2.17E-11 2.05E-11 1.91E-11
 1.79E-11 1.62E-11 1.40E-11 1.12E-11 8.88E-12 7.71E-12
 2.06E-13 1.13E-12 4.43E-12 1.23E-11 1.91E-11 2.17E-11 2.05E-11 1.91E-11
 1.79E-11 1.62E-11 1.40E-11 1.12E-11 8.88E-12 7.71E-12
 2.06E-13 1.13E-12 4.43E-12 1.23E-11 1.91E-11 2.17E-11 2.05E-11 1.91E-11
 1.79E-11 1.62E-11 1.40E-11 1.12E-11 8.88E-12 7.71E-12
 2.06E-13 1.13E-12 4.43E-12 1.22E-11 1.91E-11 2.17E-11 2.05E-11 1.91E-11
 1.79E-11 1.62E-11 1.40E-11 1.12E-11 8.87E-12 7.70E-12
 2.06E-13 1.13E-12 4.41E-12 1.22E-11 1.90E-11 2.16E-11 2.04E-11 1.90E-11
 1.79E-11 1.62E-11 1.39E-11 1.12E-11 8.86E-12 7.69E-12
  37.9935    7  14 /pl=01:ss=61:pb= 1:sz=61/type=excit/ispb = t/isel =   35
 1.00E+10 1.00E+11 1.00E+12 1.00E+13 1.00E+14 1.00E+15 1.00E+16
 6.62E+01 9.94E+01 1.66E+02 3.31E+02 6.62E+02 1.66E+03 3.31E+03 4.97E+03
 6.62E+03 9.94E+03 1.66E+04 3.31E+04 6.62E+04 9.94E+04
 1.04E-17 5.59E-16 1.24E-14 1.09E-13 2.73E-13 3.75E-13 3.48E-13 3.13E-13
 2.86E-13 2.47E-13 2.02E-13 1.51E-13 1.11E-13 9.30E-14
 1.04E-17 5.59E-16 1.24E-14 1.09E-13 2.73E-13 3.75E-13 3.48E-13 3.13E-13
 2.86E-13 2.47E-13 2.02E-13 1.51E-13 1.11E-13 9.30E-14
 1.04E-17 5.59E-16 1.24E-14 1.09E-13 2.73E-13 3.75E-13 3.48E-13 3.13E-13
 2.86E-13 2.47E-13 2.02E-13 1.51E-13 1.11E-13 9.30E-14
 1.04E-17 5.59E-16 1.24E-14 1.09E-13 2.73E-13 3.75E-13 3.48E-13 3.13E-13
 2.86E-13 2.47E-13 2.02E-13 1.51E-13 1.11E-13 9.30E-14
 1.04E-17 5.59E-16 1.24E-14 1.09E-13 2.73E-13 3.75E-13 3.48E-13 3.13E-13
 2.86E-13 2.47E-13 2.02E-13 1.51E-13 1.11E-13 9.30E-14
 1.04E-17 5.59E-16 1.24E-14 1.09E-13 2.73E-13 3.75E-13 3.48E-13 3.13E-13
 2.86E-13 2.47E-13 2.02E-13 1.51E-13 1.11E-13 9.30E-14
 1.04E-17 5.59E-16 1.24E-14 1.09E-13 2.73E-13 3.75E-13 3.48E-13 3.13E-13
 2.86E-13 2.47E-13 2.02E-13 1.50E-13 1.11E-13 9.30E-14
  38.0669    7  14 /pl=01:ss=61:pb= 1:sz=61/type=excit/ispb = t/isel =   36
 1.00E+10 1.00E+11 1.00E+12 1.00E+13 1.00E+14 1.00E+15 1.00E+16
 6.62E+01 9.94E+01 1.66E+02 3.31E+02 6.62E+02 1.66E+03 3.31E+03 4.97E+03
 6.62E+03 9.94E+03 1.66E+04 3.31E+04 6.62E+04 9.94E+04
 1.31E-17 7.03E-16 1.55E-14 1.36E-13 3.40E-13 4.67E-13 4.35E-13 3.92E-13
 3.57E-13 3.09E-13 2.53E-13 1.90E-13 1.40E-13 1.17E-13
 1.31E-17 7.03E-16 1.55E-14 1.36E-13 3.40E-13 4.67E-13 4.35E-13 3.92E-13
 3.57E-13 3.09E-13 2.53E-13 1.90E-13 1.40E-13 1.17E-13
 1.31E-17 7.03E-16 1.55E-14 1.36E-13 3.40E-13 4.67E-13 4.35E-13 3.92E-13
 3.57E-13 3.09E-13 2.53E-13 1.90E-13 1.40E-13 1.17E-13
 1.31E-17 7.03E-16 1.55E-14 1.36E-13 3.40E-13 4.67E-13 4.35E-13 3.92E-13
 3.57E-13 3.09E-13 2.53E-13 1.90E-13 1.40E-13 1.17E-13
 1.31E-17 7.03E-16 1.55E-14 1.36E-13 3.40E-13 4.67E-13 4.35E-13 3.92E-13
 3.57E-13 3.09E-13 2.53E-13 1.90E-13 1.40E-13 1.17E-13
 1.31E-17 7.03E-16 1.55E-14 1.36E-13 3.40E-13 4.67E-13 4.35E-13 3.92E-13
 3.56E-13 3.09E-13 2.53E-13 1.90E-13 1.40E-13 1.17E-13
 1.31E-17 7.03E-16 1.55E-14 1.36E-13 3.40E-13 4.67E-13 4.35E-13 3.92E-13
 3.56E-13 3.09E-13 2.53E-13 1.89E-13 1.40E-13 1.17E-13
  40.3020    7  14 /pl=01:ss=61:pb= 1:sz=61/type=excit/ispb = t/isel =   37
 1.00E+10 1.00E+11 1.00E+12 1.00E+13 1.00E+14 1.00E+15 1.00E+16
 6.62E+01 9.94E+01 1.66E+02 3.31E+02 6.62E+02 1.66E+03 3.31E+03 4.97E+03
 6.62E+03 9.94E+03 1.66E+04 3.31E+04 6.62E+04 9.94E+04
 4.00E-17 2.15E-15 4.79E-14 4.20E-13 1.05E-12 1.44E-12 1.34E-12 1.20E-12
 1.10E-12 9.51E-13 7.77E-13 5.79E-13 4.29E-13 3.58E-13
 4.00E-17 2.15E-15 4.79E-14 4.20E-13 1.05E-12 1.44E-12 1.34E-12 1.20E-12
 1.10E-12 9.51E-13 7.77E-13 5.79E-13 4.29E-13 3.58E-13
 4.00E-17 2.15E-15 4.79E-14 4.20E-13 1.05E-12 1.44E-12 1.34E-12 1.20E-12
 1.10E-12 9.51E-13 7.77E-13 5.79E-13 4.29E-13 3.58E-13
 4.00E-17 2.15E-15 4.79E-14 4.20E-13 1.05E-12 1.44E-12 1.34E-12 1.20E-12
 1.10E-12 9.51E-13 7.77E-13 5.79E-13 4.29E-13 3.58E-13
 4.00E-17 2.15E-15 4.79E-14 4.20E-13 1.05E-12 1.44E-12 1.34E-12 1.20E-12
 1.10E-12 9.51E-13 7.77E-13 5.79E-13 4.29E-13 3.58E-13
 4.00E-17 2.15E-15 4.79E-14 4.20E-13 1.05E-12 1.44E-12 1.34E-12 1.20E-12
 1.10E-12 9.51E-13 7.77E-13 5.79E-13 4.29E-13 3.58E-13
 4.00E-17 2.15E-15 4.78E-14 4.20E-13 1.05E-12 1.44E-12 1.34E-12 1.20E-12
 1.10E-12 9.50E-13 7.76E-13 5.79E-13 4.29E-13 3.58E-13
  40.8954    7  14 /pl=01:ss=61:pb= 1:sz=61/type=excit/ispb = t/isel =   38
 1.00E+10 1.00E+11 1.00E+12 1.00E+13 1.00E+14 1.00E+15 1.00E+16
 6.62E+01 9.94E+01 1.66E+02 3.31E+02 6.62E+02 1.66E+03 3.31E+03 4.97E+03
 6.62E+03 9.94E+03 1.66E+04 3.31E+04 6.62E+04 9.94E+04
 4.57E-17 2.20E-15 4.43E-14 3.62E-13 8.80E-13 1.22E-12 1.18E-12 1.10E-12
 1.03E-12 9.32E-13 8.13E-13 6.67E-13 5.46E-13 4.84E-13
 4.57E-17 2.20E-15 4.43E-14 3.62E-13 8.80E-13 1.22E-12 1.18E-12 1.10E-12
 1.03E-12 9.32E-13 8.13E-13 6.67E-13 5.46E-13 4.84E-13
 4.57E-17 2.20E-15 4.43E-14 3.62E-13 8.80E-13 1.22E-12 1.18E-12 1.10E-12
 1.03E-12 9.32E-13 8.13E-13 6.67E-13 5.46E-13 4.84E-13
 4.57E-17 2.20E-15 4.43E-14 3.62E-13 8.80E-13 1.22E-12 1.18E-12 1.10E-12
 1.03E-12 9.32E-13 8.13E-13 6.67E-13 5.46E-13 4.84E-13
 4.57E-17 2.20E-15 4.43E-14 3.62E-13 8.80E-13 1.22E-12 1.18E-12 1.10E-12
 1.03E-12 9.32E-13 8.13E-13 6.67E-13 5.46E-13 4.84E-13
 4.57E-17 2.20E-15 4.43E-14 3.62E-13 8.80E-13 1.22E-12 1.18E-12 1.10E-12
 1.03E-12 9.32E-13 8.13E-13 6.67E-13 5.46E-13 4.84E-13
 4.57E-17 2.20E-15 4.43E-14 3.62E-13 8.80E-13 1.22E-12 1.18E-12 1.10E-12
 1.03E-12 9.31E-13 8.13E-13 6.67E-13 5.46E-13 4.84E-13
  41.2002    7  14 /pl=01:ss=61:pb= 1:sz=61/type=excit/ispb = t/isel =   39
 1.00E+10 1.00E+11 1.00E+12 1.00E+13 1.00E+14 1.00E+15 1.00E+16
 6.62E+01 9.94E+01 1.66E+02 3.31E+02 6.62E+02 1.66E+03 3.31E+03 4.97E+03
 6.62E+03 9.94E+03 1.66E+04 3.31E+04 6.62E+04 9.94E+04
 1.56E-19 6.28E-18 1.16E-16 1.11E-15 2.27E-14 2.87E-13 6.01E-13 7.26E-13
 7.74E-13 7.96E-13 7.59E-13 6.55E-13 5.28E-13 4.59E-13
 1.57E-19 6.29E-18 1.16E-16 1.11E-15 2.27E-14 2.87E-13 6.01E-13 7.26E-13
 7.74E-13 7.96E-13 7.59E-13 6.55E-13 5.28E-13 4.59E-13
 1.62E-19 6.40E-18 1.17E-16 1.11E-15 2.27E-14 2.87E-13 6.01E-13 7.26E-13
 7.74E-13 7.96E-13 7.59E-13 6.55E-13 5.28E-13 4.59E-13
 2.14E-19 7.48E-18 1.28E-16 1.17E-15 2.28E-14 2.87E-13 6.01E-13 7.27E-13
 7.74E-13 7.96E-13 7.59E-13 6.55E-13 5.29E-13 4.59E-13
 7.39E-19 1.83E-17 2.41E-16 1.74E-15 2.38E-14 2.88E-13 6.02E-13 7.27E-13
 7.75E-13 7.97E-13 7.60E-13 6.55E-13 5.29E-13 4.59E-13
 5.98E-18 1.26E-16 1.36E-15 7.43E-15 3.45E-14 3.00E-13 6.12E-13 7.36E-13
 7.82E-13 8.02E-13 7.64E-13 6.58E-13 5.30E-13 4.60E-13
 5.83E-17 1.20E-15 1.25E-14 6.40E-14 1.40E-13 4.15E-13 7.09E-13 8.18E-13
 8.54E-13 8.61E-13 8.07E-13 6.85E-13 5.47E-13 4.73E-13
  43.7150    7  14 /pl=01:ss=61:pb= 1:sz=61/type=excit/ispb = t/isel =   40
 1.00E+10 1.00E+11 1.00E+12 1.00E+13 1.00E+14 1.00E+15 1.00E+16
 6.62E+01 9.94E+01 1.66E+02 3.31E+02 6.62E+02 1.66E+03 3.31E+03 4.97E+03
 6.62E+03 9.94E+03 1.66E+04 3.31E+04 6.62E+04 9.94E+04
 2.13E-16 1.15E-14 2.55E-13 2.24E-12 5.61E-12 7.71E-12 7.15E-12 6.43E-12
 5.87E-12 5.07E-12 4.14E-12 3.09E-12 2.29E-12 1.91E-12
 2.13E-16 1.15E-14 2.55E-13 2.24E-12 5.61E-12 7.71E-12 7.15E-12 6.43E-12
 5.87E-12 5.07E-12 4.14E-12 3.09E-12 2.29E-12 1.91E-12
 2.13E-16 1.15E-14 2.55E-13 2.24E-12 5.61E-12 7.71E-12 7.15E-12 6.43E-12
 5.87E-12 5.07E-12 4.14E-12 3.09E-12 2.29E-12 1.91E-12
 2.13E-16 1.15E-14 2.55E-13 2.24E-12 5.61E-12 7.71E-12 7.15E-12 6.43E-12
 5.87E-12 5.07E-12 4.14E-12 3.09E-12 2.29E-12 1.91E-12
 2.13E-16 1.15E-14 2.55E-13 2.24E-12 5.61E-12 7.71E-12 7.15E-12 6.43E-12
 5.87E-12 5.07E-12 4.14E-12 3.09E-12 2.29E-12 1.91E-12
 2.13E-16 1.15E-14 2.55E-13 2.24E-12 5.61E-12 7.71E-12 7.15E-12 6.43E-12
 5.87E-12 5.07E-12 4.14E-12 3.09E-12 2.29E-12 1.91E-12
 2.13E-16 1.15E-14 2.55E-13 2.24E-12 5.60E-12 7.70E-12 7.15E-12 6.42E-12
 5.87E-12 5.07E-12 4.14E-12 3.09E-12 2.29E-12 1.91E-12
  43.8121    7  14 /pl=01:ss=61:pb= 1:sz=61/type=excit/ispb = t/isel =   41
 1.00E+10 1.00E+11 1.00E+12 1.00E+13 1.00E+14 1.00E+15 1.00E+16
 6.62E+01 9.94E+01 1.66E+02 3.31E+02 6.62E+02 1.66E+03 3.31E+03 4.97E+03
 6.62E+03 9.94E+03 1.66E+04 3.31E+04 6.62E+04 9.94E+04
 3.52E-17 1.89E-15 4.17E-14 3.66E-13 9.16E-13 1.26E-12 1.17E-12 1.06E-12
 9.59E-13 8.31E-13 6.81E-13 5.10E-13 3.76E-13 3.15E-13
 3.52E-17 1.89E-15 4.17E-14 3.66E-13 9.16E-13 1.26E-12 1.17E-12 1.06E-12
 9.59E-13 8.31E-13 6.81E-13 5.10E-13 3.76E-13 3.15E-13
 3.52E-17 1.89E-15 4.17E-14 3.66E-13 9.16E-13 1.26E-12 1.17E-12 1.06E-12
 9.59E-13 8.31E-13 6.81E-13 5.10E-13 3.76E-13 3.15E-13
 3.52E-17 1.89E-15 4.17E-14 3.66E-13 9.16E-13 1.26E-12 1.17E-12 1.06E-12
 9.59E-13 8.31E-13 6.81E-13 5.10E-13 3.76E-13 3.15E-13
 3.52E-17 1.89E-15 4.17E-14 3.66E-13 9.16E-13 1.26E-12 1.17E-12 1.06E-12
 9.59E-13 8.31E-13 6.81E-13 5.10E-13 3.76E-13 3.15E-13
 3.52E-17 1.89E-15 4.17E-14 3.66E-13 9.16E-13 1.26E-12 1.17E-12 1.06E-12
 9.59E-13 8.31E-13 6.81E-13 5.10E-13 3.76E-13 3.15E-13
 3.52E-17 1.89E-15 4.17E-14 3.66E-13 9.15E-13 1.26E-12 1.17E-12 1.05E-12
 9.59E-13 8.31E-13 6.81E-13 5.10E-13 3.76E-13 3.15E-13
  44.1766    7  14 /pl=01:ss=61:pb= 1:sz=61/type=excit/ispb = t/isel =   42
 1.00E+10 1.00E+11 1.00E+12 1.00E+13 1.00E+14 1.00E+15 1.00E+16
 6.62E+01 9.94E+01 1.66E+02 3.31E+02 6.62E+02 1.66E+03 3.31E+03 4.97E+03
 6.62E+03 9.94E+03 1.66E+04 3.31E+04 6.62E+04 9.94E+04
 1.51E-16 8.09E-15 1.78E-13 1.57E-12 3.92E-12 5.38E-12 5.01E-12 4.52E-12
 4.10E-12 3.56E-12 2.91E-12 2.18E-12 1.61E-12 1.35E-12
 1.51E-16 8.09E-15 1.78E-13 1.57E-12 3.92E-12 5.38E-12 5.01E-12 4.52E-12
 4.10E-12 3.56E-12 2.91E-12 2.18E-12 1.61E-12 1.35E-12
 1.51E-16 8.09E-15 1.78E-13 1.57E-12 3.92E-12 5.38E-12 5.01E-12 4.52E-12
 4.10E-12 3.56E-12 2.91E-12 2.18E-12 1.61E-12 1.35E-12
 1.51E-16 8.09E-15 1.78E-13 1.57E-12 3.92E-12 5.38E-12 5.01E-12 4.52E-12
 4.10E-12 3.56E-12 2.91E-12 2.18E-12 1.61E-12 1.35E-12
 1.51E-16 8.09E-15 1.78E-13 1.57E-12 3.92E-12 5.38E-12 5.01E-12 4.52E-12
 4.10E-12 3.56E-12 2.91E-12 2.18E-12 1.61E-12 1.35E-12
 1.51E-16 8.09E-15 1.78E-13 1.57E-12 3.92E-12 5.38E-12 5.01E-12 4.52E-12
 4.10E-12 3.56E-12 2.91E-12 2.18E-12 1.61E-12 1.35E-12
 1.51E-16 8.09E-15 1.78E-13 1.57E-12 3.92E-12 5.37E-12 5.01E-12 4.51E-12
 4.10E-12 3.55E-12 2.91E-12 2.18E-12 1.61E-12 1.35E-12
  50.2963    7  14 /pl=01:ss=61:pb= 1:sz=61/type=excit/ispb = t/isel =   43
 1.00E+10 1.00E+11 1.00E+12 1.00E+13 1.00E+14 1.00E+15 1.00E+16
 6.62E+01 9.94E+01 1.66E+02 3.31E+02 6.62E+02 1.66E+03 3.31E+03 4.97E+03
 6.62E+03 9.94E+03 1.66E+04 3.31E+04 6.62E+04 9.94E+04
 1.39E-17 7.50E-16 1.67E-14 1.46E-13 3.66E-13 5.03E-13 4.67E-13 4.20E-13
 3.83E-13 3.31E-13 2.70E-13 2.02E-13 1.49E-13 1.25E-13
 1.39E-17 7.50E-16 1.67E-14 1.46E-13 3.66E-13 5.03E-13 4.67E-13 4.20E-13
 3.83E-13 3.31E-13 2.70E-13 2.02E-13 1.49E-13 1.25E-13
 1.39E-17 7.50E-16 1.67E-14 1.46E-13 3.66E-13 5.03E-13 4.67E-13 4.20E-13
 3.83E-13 3.31E-13 2.70E-13 2.02E-13 1.49E-13 1.25E-13
 1.39E-17 7.50E-16 1.67E-14 1.46E-13 3.66E-13 5.03E-13 4.67E-13 4.20E-13
 3.83E-13 3.31E-13 2.70E-13 2.02E-13 1.49E-13 1.25E-13
 1.39E-17 7.50E-16 1.67E-14 1.46E-13 3.66E-13 5.03E-13 4.67E-13 4.20E-13
 3.83E-13 3.31E-13 2.70E-13 2.02E-13 1.49E-13 1.25E-13
 1.39E-17 7.50E-16 1.67E-14 1.46E-13 3.66E-13 5.03E-13 4.67E-13 4.20E-13
 3.83E-13 3.31E-13 2.70E-13 2.02E-13 1.49E-13 1.25E-13
 1.39E-17 7.50E-16 1.67E-14 1.46E-13 3.66E-13 5.03E-13 4.66E-13 4.19E-13
 3.83E-13 3.31E-13 2.70E-13 2.02E-13 1.49E-13 1.25E-13
  55.4867    7  14 /pl=01:ss=61:pb= 1:sz=61/type=excit/ispb = t/isel =   44
 1.00E+10 1.00E+11 1.00E+12 1.00E+13 1.00E+14 1.00E+15 1.00E+16
 6.62E+01 9.94E+01 1.66E+02 3.31E+02 6.62E+02 1.66E+03 3.31E+03 4.97E+03
 6.62E+03 9.94E+03 1.66E+04 3.31E+04 6.62E+04 9.94E+04
 4.90E-17 1.57E-15 2.30E-14 1.49E-13 3.20E-13 4.05E-13 3.69E-13 3.31E-13
 3.03E-13 2.63E-13 2.17E-13 1.65E-13 1.25E-13 1.06E-13
 4.90E-17 1.57E-15 2.30E-14 1.49E-13 3.20E-13 4.05E-13 3.69E-13 3.31E-13
 3.03E-13 2.63E-13 2.17E-13 1.65E-13 1.25E-13 1.06E-13
 4.90E-17 1.57E-15 2.30E-14 1.49E-13 3.20E-13 4.05E-13 3.69E-13 3.31E-13
 3.03E-13 2.63E-13 2.17E-13 1.65E-13 1.25E-13 1.06E-13
 4.90E-17 1.57E-15 2.30E-14 1.49E-13 3.20E-13 4.05E-13 3.69E-13 3.31E-13
 3.03E-13 2.63E-13 2.17E-13 1.65E-13 1.25E-13 1.06E-13
 4.90E-17 1.57E-15 2.30E-14 1.49E-13 3.20E-13 4.05E-13 3.69E-13 3.31E-13
 3.03E-13 2.63E-13 2.17E-13 1.65E-13 1.25E-13 1.06E-13
 4.90E-17 1.57E-15 2.30E-14 1.49E-13 3.20E-13 4.05E-13 3.69E-13 3.31E-13
 3.03E-13 2.63E-13 2.17E-13 1.65E-13 1.25E-13 1.06E-13
 4.89E-17 1.57E-15 2.30E-14 1.49E-13 3.20E-13 4.04E-13 3.69E-13 3.31E-13
 3.03E-13 2.63E-13 2.17E-13 1.65E-13 1.25E-13 1.06E-13
  60.5519    7  14 /pl=01:ss=61:pb= 1:sz=61/type=excit/ispb = t/isel =   45
 1.00E+10 1.00E+11 1.00E+12 1.00E+13 1.00E+14 1.00E+15 1.00E+16
 6.62E+01 9.94E+01 1.66E+02 3.31E+02 6.62E+02 1.66E+03 3.31E+03 4.97E+03
 6.62E+03 9.94E+03 1.66E+04 3.31E+04 6.62E+04 9.94E+04
 5.74E-16 1.84E-14 2.70E-13 1.74E-12 3.76E-12 4.75E-12 4.32E-12 3.89E-12
 3.55E-12 3.09E-12 2.54E-12 1.94E-12 1.46E-12 1.24E-12
 5.74E-16 1.84E-14 2.70E-13 1.74E-12 3.76E-12 4.75E-12 4.32E-12 3.89E-12
 3.55E-12 3.09E-12 2.54E-12 1.94E-12 1.46E-12 1.24E-12
 5.74E-16 1.84E-14 2.70E-13 1.74E-12 3.76E-12 4.75E-12 4.32E-12 3.89E-12
 3.55E-12 3.09E-12 2.54E-12 1.94E-12 1.46E-12 1.24E-12
 5.74E-16 1.84E-14 2.70E-13 1.74E-12 3.76E-12 4.75E-12 4.32E-12 3.89E-12
 3.55E-12 3.09E-12 2.54E-12 1.94E-12 1.46E-12 1.24E-12
 5.74E-16 1.84E-14 2.70E-13 1.74E-12 3.76E-12 4.74E-12 4.32E-12 3.89E-12
 3.55E-12 3.09E-12 2.54E-12 1.94E-12 1.46E-12 1.24E-12
 5.74E-16 1.84E-14 2.70E-13 1.74E-12 3.76E-12 4.74E-12 4.32E-12 3.89E-12
 3.55E-12 3.09E-12 2.54E-12 1.94E-12 1.46E-12 1.24E-12
 5.74E-16 1.84E-14 2.70E-13 1.74E-12 3.75E-12 4.74E-12 4.32E-12 3.88E-12
 3.55E-12 3.08E-12 2.54E-12 1.94E-12 1.46E-12 1.24E-12
  66.5705    7  14 /pl=01:ss=61:pb= 1:sz=61/type=excit/ispb = t/isel =   46
 1.00E+10 1.00E+11 1.00E+12 1.00E+13 1.00E+14 1.00E+15 1.00E+16
 6.62E+01 9.94E+01 1.66E+02 3.31E+02 6.62E+02 1.66E+03 3.31E+03 4.97E+03
 6.62E+03 9.94E+03 1.66E+04 3.31E+04 6.62E+04 9.94E+04
 1.90E-15 2.49E-14 1.81E-13 7.05E-13 1.24E-12 1.47E-12 1.40E-12 1.31E-12
 1.23E-12 1.12E-12 9.76E-13 7.95E-13 6.35E-13 5.54E-13
 1.90E-15 2.49E-14 1.81E-13 7.05E-13 1.24E-12 1.47E-12 1.40E-12 1.31E-12
 1.23E-12 1.12E-12 9.76E-13 7.95E-13 6.35E-13 5.54E-13
 1.90E-15 2.49E-14 1.81E-13 7.05E-13 1.24E-12 1.47E-12 1.40E-12 1.31E-12
 1.23E-12 1.12E-12 9.76E-13 7.95E-13 6.35E-13 5.54E-13
 1.90E-15 2.49E-14 1.81E-13 7.05E-13 1.24E-12 1.47E-12 1.40E-12 1.31E-12
 1.23E-12 1.12E-12 9.76E-13 7.95E-13 6.35E-13 5.54E-13
 1.90E-15 2.49E-14 1.81E-13 7.05E-13 1.24E-12 1.47E-12 1.40E-12 1.31E-12
 1.23E-12 1.12E-12 9.76E-13 7.95E-13 6.35E-13 5.54E-13
 1.90E-15 2.49E-14 1.81E-13 7.05E-13 1.24E-12 1.47E-12 1.40E-12 1.31E-12
 1.23E-12 1.12E-12 9.76E-13 7.95E-13 6.35E-13 5.54E-13
 1.90E-15 2.49E-14 1.81E-13 7.05E-13 1.24E-12 1.47E-12 1.40E-12 1.31E-12
 1.23E-12 1.12E-12 9.76E-13 7.95E-13 6.35E-13 5.54E-13
  67.4156    7  14 /pl=01:ss=61:pb= 1:sz=61/type=excit/ispb = t/isel =   47
 1.00E+10 1.00E+11 1.00E+12 1.00E+13 1.00E+14 1.00E+15 1.00E+16
 6.62E+01 9.94E+01 1.66E+02 3.31E+02 6.62E+02 1.66E+03 3.31E+03 4.97E+03
 6.62E+03 9.94E+03 1.66E+04 3.31E+04 6.62E+04 9.94E+04
 3.28E-15 4.28E-14 3.11E-13 1.22E-12 2.16E-12 2.59E-12 2.49E-12 2.34E-12
 2.20E-12 2.01E-12 1.75E-12 1.42E-12 1.13E-12 9.86E-13
 3.28E-15 4.28E-14 3.11E-13 1.22E-12 2.16E-12 2.59E-12 2.49E-12 2.34E-12
 2.20E-12 2.01E-12 1.75E-12 1.42E-12 1.13E-12 9.86E-13
 3.28E-15 4.28E-14 3.11E-13 1.22E-12 2.16E-12 2.59E-12 2.49E-12 2.34E-12
 2.20E-12 2.01E-12 1.75E-12 1.42E-12 1.13E-12 9.86E-13
 3.28E-15 4.28E-14 3.11E-13 1.22E-12 2.16E-12 2.59E-12 2.49E-12 2.34E-12
 2.20E-12 2.01E-12 1.75E-12 1.42E-12 1.13E-12 9.86E-13
 3.28E-15 4.28E-14 3.11E-13 1.22E-12 2.16E-12 2.59E-12 2.49E-12 2.34E-12
 2.20E-12 2.01E-12 1.75E-12 1.42E-12 1.13E-12 9.86E-13
 3.28E-15 4.28E-14 3.11E-13 1.22E-12 2.16E-12 2.59E-12 2.49E-12 2.34E-12
 2.20E-12 2.01E-12 1.75E-12 1.42E-12 1.13E-12 9.86E-13
 3.28E-15 4.29E-14 3.11E-13 1.22E-12 2.15E-12 2.59E-12 2.49E-12 2.34E-12
 2.20E-12 2.01E-12 1.75E-12 1.42E-12 1.13E-12 9.86E-13
  73.1668    7  14 /pl=01:ss=61:pb= 1:sz=61/type=excit/ispb = t/isel =   48
 1.00E+10 1.00E+11 1.00E+12 1.00E+13 1.00E+14 1.00E+15 1.00E+16
 6.62E+01 9.94E+01 1.66E+02 3.31E+02 6.62E+02 1.66E+03 3.31E+03 4.97E+03
 6.62E+03 9.94E+03 1.66E+04 3.31E+04 6.62E+04 9.94E+04
 3.11E-11 6.07E-11 9.63E-11 1.23E-10 1.24E-10 1.07E-10 8.94E-11 7.99E-11
 7.31E-11 6.43E-11 5.39E-11 4.22E-11 3.28E-11 2.81E-11
 3.11E-11 6.07E-11 9.63E-11 1.23E-10 1.24E-10 1.07E-10 8.94E-11 7.99E-11
 7.31E-11 6.43E-11 5.39E-11 4.22E-11 3.28E-11 2.81E-11
 3.11E-11 6.07E-11 9.63E-11 1.23E-10 1.24E-10 1.07E-10 8.94E-11 7.99E-11
 7.31E-11 6.43E-11 5.39E-11 4.22E-11 3.28E-11 2.81E-11
 3.11E-11 6.07E-11 9.63E-11 1.23E-10 1.24E-10 1.07E-10 8.94E-11 7.99E-11
 7.31E-11 6.43E-11 5.39E-11 4.22E-11 3.28E-11 2.81E-11
 3.11E-11 6.07E-11 9.63E-11 1.23E-10 1.24E-10 1.07E-10 8.94E-11 7.99E-11
 7.31E-11 6.43E-11 5.39E-11 4.22E-11 3.28E-11 2.81E-11
 3.11E-11 6.07E-11 9.63E-11 1.23E-10 1.24E-10 1.07E-10 8.94E-11 7.99E-11
 7.31E-11 6.43E-11 5.39E-11 4.22E-11 3.28E-11 2.81E-11
 3.11E-11 6.07E-11 9.63E-11 1.22E-10 1.23E-10 1.07E-10 8.93E-11 7.99E-11
 7.31E-11 6.42E-11 5.39E-11 4.22E-11 3.28E-11 2.81E-11
  77.5427    7  14 /pl=01:ss=61:pb= 1:sz=61/type=excit/ispb = t/isel =   49
 1.00E+10 1.00E+11 1.00E+12 1.00E+13 1.00E+14 1.00E+15 1.00E+16
 6.62E+01 9.94E+01 1.66E+02 3.31E+02 6.62E+02 1.66E+03 3.31E+03 4.97E+03
 6.62E+03 9.94E+03 1.66E+04 3.31E+04 6.62E+04 9.94E+04
 6.19E-16 2.08E-14 3.23E-13 2.21E-12 4.93E-12 6.64E-12 6.49E-12 6.07E-12
 5.69E-12 5.10E-12 4.34E-12 3.40E-12 2.61E-12 2.22E-12
 6.19E-16 2.08E-14 3.23E-13 2.21E-12 4.93E-12 6.64E-12 6.49E-12 6.07E-12
 5.69E-12 5.10E-12 4.34E-12 3.40E-12 2.61E-12 2.22E-12
 6.19E-16 2.08E-14 3.23E-13 2.21E-12 4.93E-12 6.64E-12 6.49E-12 6.07E-12
 5.69E-12 5.10E-12 4.34E-12 3.40E-12 2.61E-12 2.22E-12
 6.20E-16 2.08E-14 3.23E-13 2.21E-12 4.93E-12 6.64E-12 6.49E-12 6.07E-12
 5.69E-12 5.10E-12 4.34E-12 3.40E-12 2.61E-12 2.22E-12
 6.22E-16 2.09E-14 3.23E-13 2.21E-12 4.93E-12 6.64E-12 6.49E-12 6.07E-12
 5.69E-12 5.10E-12 4.34E-12 3.40E-12 2.61E-12 2.22E-12
 6.49E-16 2.11E-14 3.25E-13 2.21E-12 4.94E-12 6.65E-12 6.49E-12 6.07E-12
 5.69E-12 5.10E-12 4.34E-12 3.40E-12 2.61E-12 2.23E-12
 9.19E-16 2.39E-14 3.41E-13 2.27E-12 5.02E-12 6.73E-12 6.56E-12 6.12E-12
 5.73E-12 5.14E-12 4.37E-12 3.41E-12 2.62E-12 2.23E-12
  87.8076    7  14 /pl=01:ss=61:pb= 1:sz=61/type=excit/ispb = t/isel =   50
 1.00E+10 1.00E+11 1.00E+12 1.00E+13 1.00E+14 1.00E+15 1.00E+16
 6.62E+01 9.94E+01 1.66E+02 3.31E+02 6.62E+02 1.66E+03 3.31E+03 4.97E+03
 6.62E+03 9.94E+03 1.66E+04 3.31E+04 6.62E+04 9.94E+04
 7.00E-16 8.19E-15 6.32E-14 3.07E-13 6.30E-13 9.01E-13 9.86E-13 9.81E-13
 9.55E-13 8.99E-13 8.05E-13 6.64E-13 5.32E-13 4.62E-13
 7.00E-16 8.19E-15 6.32E-14 3.07E-13 6.30E-13 9.01E-13 9.86E-13 9.81E-13
 9.55E-13 8.99E-13 8.05E-13 6.64E-13 5.32E-13 4.62E-13
 7.00E-16 8.19E-15 6.32E-14 3.07E-13 6.30E-13 9.01E-13 9.86E-13 9.81E-13
 9.55E-13 8.99E-13 8.05E-13 6.64E-13 5.32E-13 4.62E-13
 7.00E-16 8.19E-15 6.32E-14 3.07E-13 6.30E-13 9.01E-13 9.86E-13 9.81E-13
 9.55E-13 8.99E-13 8.05E-13 6.64E-13 5.32E-13 4.62E-13
 7.01E-16 8.19E-15 6.32E-14 3.07E-13 6.30E-13 9.01E-13 9.86E-13 9.81E-13
 9.55E-13 8.99E-13 8.05E-13 6.64E-13 5.32E-13 4.62E-13
 7.02E-16 8.20E-15 6.33E-14 3.07E-13 6.30E-13 9.01E-13 9.87E-13 9.81E-13
 9.56E-13 8.99E-13 8.05E-13 6.64E-13 5.32E-13 4.62E-13
 7.13E-16 8.31E-15 6.39E-14 3.09E-13 6.32E-13 9.03E-13 9.88E-13 9.83E-13
 9.57E-13 9.00E-13 8.05E-13 6.64E-13 5.32E-13 4.62E-13
c-------------------------------------------------------------------------------
 
C  root partition information
C  ==========================
C
C  nuclear charge : 74
C  ion charge+1   : 62
C
C  population calculation information
C  ----------------------------------
C
C  population processing code: adas810
C
C  adf04 source file    : adf04_copmm#74_ic_40#w61.dat
C  adf18/a17_p208 file  : NULL
C
C  meta. ion. coeff. selector  : 
 
C  options  : lnorm =T  lpsel =F  lzsel =T  liosel=F
C           : lhsel =F  lrsel =F  lisel =F  lnsel =F
 
C  energy levels
C  -------------
C
C   lv      configuration    (2S+1)L(w-1/2)      energy (cm^-1)
C  ---   ------------------- --------------      --------------
c    1   24515                  (2)1(  0.5)             0.0
c    2   14525                  (4)1(  0.5)       1366739.6
c    3   24515                  (2)1(  1.5)       2943251.5
c    4   14525                  (4)1(  1.5)       4082104.8
c    5   14525                  (2)2(  2.5)       4232863.3
c    6   14525                  (2)2(  1.5)       4426587.3
c    7   14525                  (2)1(  0.5)       4445417.9
c    8   24516                  (2)2(  1.5)       4725915.0
c    9   24516                  (2)2(  2.5)       5370427.1
c   10   14515516               (4)3(  1.5)       5751645.8
c   11   14515516               (4)3(  2.5)       5884338.5
c   12   14515516               (4)2(  0.5)       6043235.8
c   13   14515516               (2)1(  1.5)       6057186.5
c   14   14515516               (2)2(  2.5)       6527368.5
c   15   14515516               (4)2(  3.5)       6639597.8
c   16   14515516               (4)1(  1.5)       6709061.3
c   17   14515516               (2)3(  2.5)       6714131.1
c   18   14525                  (4)1(  2.5)       7098584.3
c   19   14525                  (2)0(  0.5)       7380341.6
c   20   14525                  (2)1(  1.5)       7432106.8
c   21   14515516               (4)2(  2.5)       8772805.9
c   22   14515516               (4)2(  1.5)       8792151.2
c   23   14515516               (4)1(  0.5)       8798774.3
c   24   14515516               (4)3(  3.5)       8855000.4
c   25   14515516               (2)2(  1.5)       9056252.2
c   26   14515516               (2)3(  2.5)       9107342.3
c   27   14515516               (2)1(  0.5)       9135731.6
c   28   14515516               (4)3(  4.5)       9311907.6
c   29   14515516               (4)1(  2.5)       9460928.3
c   30   14515516               (2)3(  3.5)       9543261.7
c   31   14515516               (2)2(  1.5)       9568957.9
c   32   14515516               (2)3(  3.5)       9687362.1
c   33   14515516               (2)1(  0.5)       9697413.4
c   34   14515516               (2)2(  2.5)       9822564.6
c   35   14515516               (2)1(  1.5)       9825997.0
c   36   24517                  (2)0(  0.5)      24285521.5
c   37   24518                  (2)1(  0.5)      24898735.4
c   38   14515517               (4)1(  0.5)      25447051.9
c   39   14515517               (4)1(  1.5)      25555139.0
c   40   14515517               (2)1(  0.5)      25637891.1
c   41   14515518               (4)2(  0.5)      26018155.1
c   42   24518                  (2)1(  1.5)      26092827.4
c   43   14515518               (4)2(  1.5)      26127882.9
c   44   14515518               (4)1(  0.5)      26215904.4
c   45   24519                  (2)2(  1.5)      26742984.0
c   46   24519                  (2)2(  2.5)      27014588.8
c   47   14515518               (4)0(  1.5)      27238624.7
c   48   14515518               (4)2(  2.5)      27360749.1
c   49   14515518               (2)1(  0.5)      27369710.7
c   50   14515518               (2)2(  1.5)      27370601.7
c   51   2451A                  (2)3(  2.5)      27476516.1
c   52   2451A                  (2)3(  3.5)      27592524.7
c   53   14515519               (4)3(  1.5)      27886813.7
c   54   14515519               (4)3(  2.5)      28004598.6
c   55   14515519               (4)2(  0.5)      28017270.9
c   56   14515519               (4)1(  1.5)      28017550.4
c   57   14515519               (4)1(  2.5)      28172679.2
c   58   14515519               (4)3(  3.5)      28291919.8
c   59   14515519               (2)2(  1.5)      28297583.6
c   60   14515519               (2)3(  2.5)      28299082.2
c   61   14515517               (4)1(  2.5)      28394409.9
c   62   14515517               (2)1(  1.5)      28476143.3
c   63   14515517               (2)1(  0.5)      28697837.7
c   64   14515517               (2)1(  1.5)      28715511.3
c   65   14515518               (4)1(  1.5)      29012610.2
c   66   14515518               (2)2(  2.5)      29030820.0
c   67   14515518               (2)1(  0.5)      29294782.5
c   68   14515518               (2)2(  1.5)      29302949.8
c   69   14515518               (4)2(  3.5)      30160570.7
c   70   14515518               (2)1(  1.5)      30191184.3
c   71   14515518               (4)1(  2.5)      30232840.4
c   72   14515518               (2)0(  0.5)      30263232.7
c   73   14515518               (2)2(  2.5)      30461586.1
c   74   14515518               (2)1(  1.5)      30498531.5
c   75   14515518               (2)0(  0.5)      30520420.8
c   76   14515519               (4)2(  2.5)      30838385.8
c   77   14515519               (4)2(  1.5)      30854757.2
c   78   14515519               (2)3(  3.5)      30871497.2
c   79   14515519               (4)1(  0.5)      30874958.2
c   80   14515519               (2)2(  1.5)      31111966.4
c   81   14515519               (4)3(  4.5)      31125810.9
c   82   14515519               (2)2(  2.5)      31126358.6
c   83   14515519               (4)2(  3.5)      31129901.0
c   84   14515519               (2)3(  2.5)      31144949.8
c   85   14515519               (2)1(  0.5)      31154292.8
c   86   14515519               (2)1(  1.5)      31163892.5
c   87   14515519               (2)1(  0.5)      31197294.4
c   88   14515519               (2)2(  2.5)      31399592.7
c   89   14515519               (2)3(  3.5)      31411252.3
c   90   14515519               (2)1(  1.5)      31436741.4
c   91   2451B                  (2)0(  0.5)      35549860.0
c   92   2451C                  (2)1(  0.5)      35850853.7
c   93   2451C                  (2)1(  1.5)      36445338.9
c   94   1451551B               (4)1(  0.5)      36697243.3
c   95   2451D                  (2)2(  1.5)      36764684.8
c   96   1451551B               (4)1(  1.5)      36814606.5
c   97   1451551B               (2)1(  0.5)      36837366.0
c   98   2451D                  (2)2(  2.5)      36907384.5
c   99   1451551C               (4)2(  0.5)      36985796.2
c  100   1451551C               (4)2(  1.5)      37102107.2
c  101   2451E                  (2)3(  2.5)      37127234.1
c  102   1451551C               (4)1(  0.5)      37128241.8
c  103   2451E                  (2)3(  3.5)      37187177.6
c  104   1451551C               (4)0(  1.5)      37590185.9
c  105   1451551C               (4)2(  2.5)      37709892.3
c  106   1451551C               (2)1(  0.5)      37713886.1
c  107   1451551C               (2)2(  1.5)      37714349.4
c  108   1451551D               (4)3(  1.5)      37907513.5
c  109   1451551D               (4)3(  2.5)      38025980.7
c  110   1451551D               (2)1(  1.5)      38032043.9
c  111   1451551D               (4)2(  0.5)      38032108.4
c  112   1451551D               (4)1(  2.5)      38052837.3
c  113   1451551D               (4)3(  3.5)      38171858.3
c  114   1451551D               (4)1(  1.5)      38175081.0
c  115   1451551D               (2)3(  2.5)      38175815.8
c  116   1451551B               (4)1(  2.5)      39660300.5
c  117   1451551B               (2)1(  1.5)      39690545.9
c  118   1451551B               (2)1(  0.5)      39946074.9
c  119   1451551B               (2)1(  1.5)      39950386.3
c  120   1451551C               (4)1(  1.5)      39964777.8
c  121   1451551C               (2)2(  2.5)      39971374.1
c  122   1451551C               (2)1(  0.5)      40242534.3
c  123   1451551C               (2)2(  1.5)      40245531.3
c  124   1451551C               (4)2(  3.5)      40547527.0
c  125   1451551C               (2)1(  1.5)      40558921.3
c  126   1451551C               (4)1(  2.5)      40569658.5
c  127   1451551C               (2)0(  0.5)      40590808.6
c  128   1451551C               (2)2(  2.5)      40831496.2
c  129   1451551C               (2)1(  1.5)      40840392.5
c  130   1451551C               (2)0(  0.5)      40849547.7
c  131   1451551D               (4)2(  2.5)      40872451.2
c  132   1451551D               (4)2(  1.5)      40880148.7
c  133   1451551D               (2)3(  3.5)      40887717.8
c  134   1451551D               (4)1(  0.5)      40889553.9
c  135   1451551D               (4)3(  4.5)      41018948.0
c  136   1451551D               (4)2(  3.5)      41019897.1
c  137   1451551D               (2)2(  2.5)      41020668.1
c  138   1451551D               (2)2(  1.5)      41032878.3
c  139   1451551D               (2)1(  0.5)      41048690.9
c  140   1451551D               (2)2(  1.5)      41150198.2
c  141   1451551D               (2)3(  2.5)      41160230.7
c  142   1451551D               (2)1(  0.5)      41167900.5
c  143   1451551D               (2)2(  2.5)      41292859.9
c  144   1451551D               (2)3(  3.5)      41298967.1
c  145   1451551D               (2)1(  1.5)      41308973.0
c  146   2451G                  (2)0(  0.5)      41477520.3
c  147   2451H                  (2)1(  0.5)      41646970.1
c  148   2451H                  (2)1(  1.5)      41986367.1
c  149   2451I                  (2)2(  1.5)      42165727.3
c  150   2451I                  (2)2(  2.5)      42247715.0
c  151   2451J                  (2)3(  2.5)      42370969.4
c  152   2451J                  (2)3(  3.5)      42405810.5
c  153   1451551G               (4)1(  0.5)      42619390.2
c  154   1451551G               (4)1(  1.5)      42737668.8
c  155   1451551G               (2)1(  0.5)      42748656.1
c  156   1451551H               (4)2(  0.5)      42782852.7
c  157   1451551H               (4)2(  1.5)      42900663.1
c  158   1451551H               (4)1(  0.5)      42913244.2
c  159   1451551H               (4)0(  1.5)      43126314.1
c  160   1451551H               (4)2(  2.5)      43246477.4
c  161   1451551H               (2)1(  0.5)      43248462.4
c  162   1451551H               (2)2(  1.5)      43248762.9
c  163   1451551I               (4)3(  1.5)      43305616.2
c  164   1451551I               (4)1(  2.5)      43388839.0
c  165   1451551I               (4)3(  2.5)      43425497.7
c  166   1451551I               (2)1(  1.5)      43428311.3
c  167   1451551I               (4)2(  0.5)      43428406.3
c  168   1451551I               (4)3(  3.5)      43509030.4
c  169   1451551I               (4)1(  1.5)      43510841.2
c  170   1451551I               (2)3(  2.5)      43511226.8
c  171   2451M                  (2)0(  0.5)      44973446.0
c  172   2451N                  (2)1(  0.5)      45078110.6
c  173   2451N                  (2)1(  1.5)      45289919.8
c  174   2451O                  (2)2(  1.5)      45401430.0
c  175   2451O                  (2)2(  2.5)      45452943.8
c  176   2451P                  (2)3(  2.5)      45529183.5
c  177   2451P                  (2)3(  3.5)      45551169.4
c  178   1451551G               (4)1(  2.5)      45589133.3
c  179   1451551G               (2)1(  1.5)      45604107.0
c  180   1451551H               (4)1(  1.5)      45760143.6
c  181   1451551H               (2)2(  2.5)      45763438.7
c  182   1451551G               (2)1(  0.5)      45870052.3
c  183   1451551G               (2)1(  1.5)      45871774.0
c  184   1451551H               (2)1(  0.5)      46036681.0
c  185   1451551H               (2)2(  1.5)      46038473.0
c  186   1451551H               (4)2(  3.5)      46093834.9
c  187   1451551H               (2)1(  1.5)      46099429.0
c  188   1451551H               (4)1(  2.5)      46103944.8
c  189   1451551H               (2)0(  0.5)      46116521.9
c  190   1451551I               (4)2(  2.5)      46276252.9
c  191   1451551I               (4)2(  1.5)      46280401.4
c  192   1451551I               (2)3(  3.5)      46284477.4
c  193   1451551I               (4)1(  0.5)      46285441.5
c  194   1451551I               (4)3(  4.5)      46360510.1
c  195   1451551I               (4)2(  3.5)      46360998.8
c  196   1451551I               (2)2(  2.5)      46361496.4
c  197   1451551I               (2)2(  1.5)      46368293.0
c  198   1451551H               (2)2(  2.5)      46373638.7
c  199   1451551I               (2)1(  0.5)      46376665.8
c  200   1451551H               (2)1(  1.5)      46377121.8
c  201   1451551H               (2)0(  0.5)      46382755.3
c  202   1451551I               (2)2(  1.5)      46552856.2
c  203   1451551I               (2)3(  2.5)      46558379.9
c  204   1451551I               (2)1(  0.5)      46563088.9
c  205   1451551I               (2)2(  2.5)      46635232.2
c  206   1451551I               (2)3(  3.5)      46638565.0
c  207   1451551I               (2)1(  1.5)      46644333.5
 
 
 
c-------------------------------------------------------------------------------
 
C  superstage partition information
C  ================================
C
C  element symbol   : W
C  parent template  : 
C  partition level  :  1
C  superstage label : 61
C
C  tabulation       : photon emissivity coefft (te,ne)
C  units            : ph. emis coef(cm^3 s^-1); te (ev); ne (cm^-3)
C
C  photon emissivity atomic transitions
C  ------------------------------------
C  
C   isel  wvlen(A)            transition                type  ispb nspb
C                                                             ispp nspp sz    tg pr wr
C  ----- ---------- ----------------------------------- ----- ---- ---- --    -- -- --
C      1   2.72000   95(2)2(  1.5)-  1(2)1(  0.5)       excit   1    1  61    74 29  1
C      2   3.08629  101(2)3(  2.5)-  8(2)2(  1.5)       excit   1    1  61  1245 45  2
C      3   3.65356   50(2)2(  1.5)-  1(2)1(  0.5)       excit   1    1  61    39 22  3
C      4   3.65367   49(2)1(  0.5)-  1(2)1(  0.5)       excit   1    1  61    38 25  4
C      5   3.67126   47(4)0(  1.5)-  1(2)1(  0.5)       excit   1    1  61    37 44  5
C      6   3.73930   45(2)2(  1.5)-  1(2)1(  0.5)       excit   1    1  61    36 11  6
C      7   3.75223   56(4)1(  1.5)-  2(4)1(  0.5)       excit   1    1  61   199 48  7
C      8   3.77073   53(4)3(  1.5)-  2(4)1(  0.5)       excit   1    1  61   197 50  8
C      9   3.82733   43(4)2(  1.5)-  1(2)1(  0.5)       excit   1    1  61    34 23  9
C     10   4.11768   36(2)0(  0.5)-  1(2)1(  0.5)       excit   1    1  61    27 40 10
C     11   4.12012   40(2)1(  0.5)-  2(4)1(  0.5)       excit   1    1  61   186 30 11
C     12   4.15100   57(4)1(  2.5)-  4(4)1(  1.5)       excit   1    1  61   547 36 12
C     13   4.18892   60(2)3(  2.5)-  6(2)2(  1.5)       excit   1    1  61   895 28 13
C     14   4.19249   59(2)2(  1.5)-  7(2)1(  0.5)       excit   1    1  61  1060 26 14
C     15   4.20173   45(2)2(  1.5)-  3(2)1(  1.5)       excit   1    1  61   344 32 15
C     16   4.20668   54(4)3(  2.5)-  5(2)2(  2.5)       excit   1    1  61   720 31 16
C     17   4.33841   51(2)3(  2.5)-  6(2)2(  1.5)       excit   1    1  61   888 39 17
C     18   4.39549   51(2)3(  2.5)-  8(2)2(  1.5)       excit   1    1  61  1201 10 18
C     19   4.52364   51(2)3(  2.5)-  9(2)2(  2.5)       excit   1    1  61  1372 47 19
C     20   4.68056   38(4)1(  0.5)-  4(4)1(  1.5)       excit   1    1  61   529 46 20
C     21   4.68554   36(2)0(  0.5)-  3(2)1(  1.5)       excit   1    1  61   335 33 21
C     22   4.71447   40(2)1(  0.5)-  6(2)2(  1.5)       excit   1    1  61   877 16 22
C     23   4.71866   40(2)1(  0.5)-  7(2)1(  0.5)       excit   1    1  61  1046 19 23
C     24   4.82570   42(2)1(  1.5)-  9(2)2(  2.5)       excit   1    1  61  1363 38 24
C     25   4.88469   37(2)1(  0.5)-  6(2)2(  1.5)       excit   1    1  61   874 43 25
C     26   4.93985   43(4)2(  1.5)- 11(4)3(  2.5)       excit   1    1  61  1722 49 26
C     27   4.95717   37(2)1(  0.5)-  8(2)2(  1.5)       excit   1    1  61  1187 15 27
C     28   21.1599    8(2)2(  1.5)-  1(2)1(  0.5)       excit   1    1  61     6  1 28
C     29   21.3199   13(2)1(  1.5)-  2(4)1(  0.5)       excit   1    1  61   170 13 29
C     30   22.4951    7(2)1(  0.5)-  1(2)1(  0.5)       excit   1    1  61     5  3 30
C     31   22.5908    6(2)2(  1.5)-  1(2)1(  0.5)       excit   1    1  61     4  4 31
C     32   22.8055   10(4)3(  1.5)-  2(4)1(  0.5)       excit   1    1  61   168 34 32
C     33   24.4972    4(4)1(  1.5)-  1(2)1(  0.5)       excit   1    1  61     3 12 33
C     34   33.9760    3(2)1(  1.5)-  1(2)1(  0.5)       excit   1    1  61     2  5 34
C     35   37.9935   17(2)3(  2.5)-  4(4)1(  1.5)       excit   1    1  61   512 42 35
C     36   38.0669   16(4)1(  1.5)-  4(4)1(  1.5)       excit   1    1  61   511 37 36
C     37   40.3020   17(2)3(  2.5)-  5(2)2(  2.5)       excit   1    1  61   690 18 37
C     38   40.8954   14(2)2(  2.5)-  4(4)1(  1.5)       excit   1    1  61   510 21 38
C     39   41.2002    9(2)2(  2.5)-  3(2)1(  1.5)       excit   1    1  61   309 27 39
C     40   43.7150   17(2)3(  2.5)-  6(2)2(  1.5)       excit   1    1  61   858  6 40
C     41   43.8121   16(4)1(  1.5)-  6(2)2(  1.5)       excit   1    1  61   857 20 41
C     42   44.1766   16(4)1(  1.5)-  7(2)1(  0.5)       excit   1    1  61  1031  8 42
C     43   50.2963   17(2)3(  2.5)-  8(2)2(  1.5)       excit   1    1  61  1171 35 43
C     44   55.4867   11(4)3(  2.5)-  4(4)1(  1.5)       excit   1    1  61   507 41 44
C     45   60.5519   11(4)3(  2.5)-  5(2)2(  2.5)       excit   1    1  61   685  9 45
C     46   66.5705    7(2)1(  0.5)-  3(2)1(  1.5)       excit   1    1  61   307 17 46
C     47   67.4156    6(2)2(  1.5)-  3(2)1(  1.5)       excit   1    1  61   306 14 47
C     48   73.1668    2(4)1(  0.5)-  1(2)1(  0.5)       excit   1    1  61     1  2 48
C     49   77.5427    5(2)2(  2.5)-  3(2)1(  1.5)       excit   1    1  61   305  7 49
C     50   87.8076    4(4)1(  1.5)-  3(2)1(  1.5)       excit   1    1  61   304 24 50
c-------------------------------------------------------------------------------
                                                                                
C  code     : adas810
C  producer : Adam Foster
C  date     : 15/05/09
                                                                                
c-------------------------------------------------------------------------------

C-----------------------------------------------------------------------
C                               OPEN-ADAS
C                               +++++++++
C
C This file has been downloaded from OPEN-ADAS (http://open.adas.ac.uk)
C on 26-Mar-2025.
C
C TERMS AND CONDITIONS
C --------------------
C
C The user of the OPEN-ADAS system and data (hereinafter "the User")
C accepts the following terms and conditions:
C
C   1. The University of Strathclyde uses all reasonable endeavours to
C      ensure the accuracy of the data provided and any information
C      given, but the University makes no warranty, expressed or implied
C      as to its accuracy, integrity, fitness for purpose and shall not
C      be responsible for the use to which the data is put by the User
C      and/or any consequences arising out of any inaccuracies or
C      omissions.
C
C   2. Any downloaded OPEN-ADAS file is made available for the
C      personal use of the User only.  It must not be used for any
C      commercial application, incorporated into any web site or in
C      any form re-distributed without express prior written permission
C      from the ADAS Project. In particular, but not by way of
C      limitation, it must not be:
C        *  inserted into a managed database structure,
C        *  redistributed along with a modelling or analysis code,
C        *  made available on a public website.
C
C Permission for OPEN-ADAS data incorporation in non-commercial
C code/system development for scientific advance will not be
C unreasonably withheld, but will be subject to written agreement
C on a case by case basis.
C
C The User will indemnify the University of Strathclyde and keep it
C fully and effectively indemnified against each and every claim made
C against the University as a result of the User's use of the data.
C
C-----------------------------------------------------------------------
