   50    /W :55 photon emissivity coefficients/
--------------------------------------------------------------------------------
    1    1    1    1    1    1    1    1    1    1    1    1    1    1
    1    1    1    1    1    1    1    1    1    1    1    1    1    1
    1    1    1    1    1    1    1    1    1    1    1    1    1    1
    1    1    1    1    1    1    1    1    1    1    1    1    1    1
    1    1    1    1    1    1    1    1    1    1    1    1    1    1
    1    1    1    1    1
--------------------------------------------------------------------------------
//#01/p00/ 00/p01/ 01/p02/ 02/p03/ 03/p04/ 04/p05/ 05/p06/ 06/p07/ 07/p08/ 08/  
      p09/ 09/p10/ 10/p11/ 11/p12/ 12/p13/ 13/p14/ 14/p15/ 15/p16/ 16/p17/ 17/  
      p18/ 18/p19/ 19/p20/ 20/p21/ 21/p22/ 22/p23/ 23/p24/ 24/p25/ 25/p26/ 26/  
      p27/ 27/p28/ 28/p29/ 29/p30/ 30/p31/ 31/p32/ 32/p33/ 33/p34/ 34/p35/ 35/  
      p36/ 36/p37/ 37/p38/ 38/p39/ 39/p40/ 40/p41/ 41/p42/ 42/p43/ 43/p44/ 44/  
      p45/ 45/p46/ 46/p47/ 47/p48/ 48/p49/ 49/p50/ 50/p51/ 51/p52/ 52/p53/ 53/  
      p54/ 54/p55/ 55/p56/ 56/p57/ 57/p58/ 58/p59/ 59/p60/ 60/p61/ 61/p62/ 62/  
      p63/ 63/p64/ 64/p65/ 65/p66/ 66/p67/ 67/p68/ 68/p69/ 69/p70/ 70/p71/ 71/  
      p72/ 72/p73/ 73/p74/ 74/                                                  
--------------------------------------------------------------------------------
  2.68249    7  14 /pl=01:ss=55:pb= 1:sz=55/type=excit/ispb = t/isel =    1
 1.00E+10 1.00E+11 1.00E+12 1.00E+13 1.00E+14 1.00E+15 1.00E+16
 5.40E+01 8.11E+01 1.35E+02 2.70E+02 5.40E+02 1.35E+03 2.70E+03 4.05E+03
 5.40E+03 8.11E+03 1.35E+04 2.70E+04 5.40E+04 8.11E+04
 1.00E-74 3.11E-37 1.93E-27 3.66E-20 1.35E-16 1.48E-14 6.02E-14 9.04E-14
 1.08E-13 1.25E-13 1.34E-13 1.31E-13 1.18E-13 1.09E-13
 1.00E-74 3.11E-37 1.93E-27 3.66E-20 1.35E-16 1.48E-14 6.02E-14 9.04E-14
 1.08E-13 1.25E-13 1.34E-13 1.31E-13 1.18E-13 1.09E-13
 1.00E-74 3.11E-37 1.93E-27 3.66E-20 1.35E-16 1.48E-14 6.02E-14 9.04E-14
 1.08E-13 1.25E-13 1.34E-13 1.31E-13 1.18E-13 1.09E-13
 1.00E-74 3.11E-37 1.93E-27 3.66E-20 1.35E-16 1.48E-14 6.02E-14 9.04E-14
 1.08E-13 1.25E-13 1.34E-13 1.31E-13 1.18E-13 1.09E-13
 1.00E-74 3.11E-37 1.93E-27 3.66E-20 1.35E-16 1.48E-14 6.02E-14 9.04E-14
 1.08E-13 1.25E-13 1.34E-13 1.31E-13 1.18E-13 1.09E-13
 1.00E-74 3.11E-37 1.93E-27 3.66E-20 1.35E-16 1.48E-14 6.02E-14 9.04E-14
 1.08E-13 1.25E-13 1.34E-13 1.31E-13 1.18E-13 1.09E-13
 1.00E-74 3.11E-37 1.93E-27 3.66E-20 1.35E-16 1.48E-14 6.02E-14 9.04E-14
 1.08E-13 1.25E-13 1.34E-13 1.31E-13 1.18E-13 1.09E-13
  2.80968    7  14 /pl=01:ss=55:pb= 1:sz=55/type=excit/ispb = t/isel =    2
 1.00E+10 1.00E+11 1.00E+12 1.00E+13 1.00E+14 1.00E+15 1.00E+16
 5.40E+01 8.11E+01 1.35E+02 2.70E+02 5.40E+02 1.35E+03 2.70E+03 4.05E+03
 5.40E+03 8.11E+03 1.35E+04 2.70E+04 5.40E+04 8.11E+04
 1.00E-74 7.55E-36 1.69E-26 1.51E-19 3.84E-16 3.38E-14 1.28E-13 1.88E-13
 2.22E-13 2.54E-13 2.70E-13 2.62E-13 2.36E-13 2.17E-13
 1.00E-74 7.55E-36 1.69E-26 1.51E-19 3.84E-16 3.38E-14 1.28E-13 1.88E-13
 2.22E-13 2.54E-13 2.70E-13 2.62E-13 2.36E-13 2.17E-13
 1.00E-74 7.55E-36 1.69E-26 1.51E-19 3.84E-16 3.38E-14 1.28E-13 1.88E-13
 2.22E-13 2.54E-13 2.70E-13 2.62E-13 2.36E-13 2.17E-13
 1.00E-74 7.55E-36 1.69E-26 1.51E-19 3.84E-16 3.38E-14 1.28E-13 1.88E-13
 2.22E-13 2.54E-13 2.70E-13 2.62E-13 2.36E-13 2.17E-13
 1.00E-74 7.55E-36 1.69E-26 1.51E-19 3.84E-16 3.38E-14 1.28E-13 1.88E-13
 2.22E-13 2.54E-13 2.70E-13 2.62E-13 2.36E-13 2.17E-13
 2.65E-47 7.55E-36 1.69E-26 1.51E-19 3.84E-16 3.38E-14 1.28E-13 1.88E-13
 2.22E-13 2.54E-13 2.70E-13 2.62E-13 2.36E-13 2.17E-13
 1.32E-47 7.55E-36 1.69E-26 1.51E-19 3.84E-16 3.38E-14 1.28E-13 1.88E-13
 2.22E-13 2.54E-13 2.70E-13 2.62E-13 2.36E-13 2.17E-13
  2.89997    7  14 /pl=01:ss=55:pb= 1:sz=55/type=excit/ispb = t/isel =    3
 1.00E+10 1.00E+11 1.00E+12 1.00E+13 1.00E+14 1.00E+15 1.00E+16
 5.40E+01 8.11E+01 1.35E+02 2.70E+02 5.40E+02 1.35E+03 2.70E+03 4.05E+03
 5.40E+03 8.11E+03 1.35E+04 2.70E+04 5.40E+04 8.11E+04
 1.00E-74 3.13E-35 3.54E-26 1.87E-19 3.67E-16 2.82E-14 1.07E-13 1.64E-13
 2.02E-13 2.51E-13 3.01E-13 3.49E-13 3.68E-13 3.68E-13
 1.00E-74 3.13E-35 3.54E-26 1.87E-19 3.67E-16 2.82E-14 1.07E-13 1.64E-13
 2.02E-13 2.51E-13 3.01E-13 3.49E-13 3.68E-13 3.68E-13
 1.00E-74 3.13E-35 3.54E-26 1.87E-19 3.67E-16 2.82E-14 1.07E-13 1.64E-13
 2.02E-13 2.51E-13 3.01E-13 3.49E-13 3.68E-13 3.68E-13
 1.00E-74 3.13E-35 3.54E-26 1.87E-19 3.67E-16 2.82E-14 1.07E-13 1.64E-13
 2.02E-13 2.51E-13 3.01E-13 3.49E-13 3.68E-13 3.68E-13
 1.40E-46 3.13E-35 3.54E-26 1.87E-19 3.67E-16 2.82E-14 1.07E-13 1.64E-13
 2.02E-13 2.51E-13 3.01E-13 3.49E-13 3.68E-13 3.68E-13
 1.40E-46 3.13E-35 3.54E-26 1.87E-19 3.67E-16 2.82E-14 1.07E-13 1.64E-13
 2.02E-13 2.51E-13 3.01E-13 3.49E-13 3.68E-13 3.68E-13
 1.35E-46 3.13E-35 3.54E-26 1.87E-19 3.67E-16 2.82E-14 1.07E-13 1.64E-13
 2.02E-13 2.51E-13 3.01E-13 3.49E-13 3.68E-13 3.68E-13
  3.03178    7  14 /pl=01:ss=55:pb= 1:sz=55/type=excit/ispb = t/isel =    4
 1.00E+10 1.00E+11 1.00E+12 1.00E+13 1.00E+14 1.00E+15 1.00E+16
 5.40E+01 8.11E+01 1.35E+02 2.70E+02 5.40E+02 1.35E+03 2.70E+03 4.05E+03
 5.40E+03 8.11E+03 1.35E+04 2.70E+04 5.40E+04 8.11E+04
 1.00E-74 8.92E-34 4.04E-25 1.09E-18 1.56E-15 9.85E-14 3.36E-13 4.78E-13
 5.57E-13 6.31E-13 6.63E-13 6.41E-13 5.76E-13 5.29E-13
 1.00E-74 8.92E-34 4.04E-25 1.09E-18 1.56E-15 9.85E-14 3.36E-13 4.78E-13
 5.57E-13 6.31E-13 6.63E-13 6.41E-13 5.76E-13 5.29E-13
 1.00E-74 8.92E-34 4.04E-25 1.09E-18 1.56E-15 9.85E-14 3.36E-13 4.78E-13
 5.57E-13 6.31E-13 6.63E-13 6.41E-13 5.76E-13 5.29E-13
 1.39E-44 8.92E-34 4.04E-25 1.09E-18 1.56E-15 9.85E-14 3.36E-13 4.78E-13
 5.57E-13 6.31E-13 6.63E-13 6.41E-13 5.76E-13 5.29E-13
 1.21E-44 8.92E-34 4.04E-25 1.09E-18 1.56E-15 9.85E-14 3.36E-13 4.78E-13
 5.57E-13 6.31E-13 6.63E-13 6.41E-13 5.76E-13 5.29E-13
 1.22E-44 8.92E-34 4.04E-25 1.09E-18 1.56E-15 9.85E-14 3.36E-13 4.78E-13
 5.57E-13 6.31E-13 6.63E-13 6.41E-13 5.76E-13 5.29E-13
 1.21E-44 8.92E-34 4.04E-25 1.09E-18 1.56E-15 9.85E-14 3.36E-13 4.78E-13
 5.57E-13 6.31E-13 6.63E-13 6.41E-13 5.76E-13 5.29E-13
  3.17251    7  14 /pl=01:ss=55:pb= 1:sz=55/type=excit/ispb = t/isel =    5
 1.00E+10 1.00E+11 1.00E+12 1.00E+13 1.00E+14 1.00E+15 1.00E+16
 5.40E+01 8.11E+01 1.35E+02 2.70E+02 5.40E+02 1.35E+03 2.70E+03 4.05E+03
 5.40E+03 8.11E+03 1.35E+04 2.70E+04 5.40E+04 8.11E+04
 1.05E-42 1.80E-32 3.31E-24 4.49E-18 4.46E-15 2.29E-13 7.59E-13 1.10E-12
 1.32E-12 1.58E-12 1.81E-12 1.98E-12 1.99E-12 1.93E-12
 7.33E-43 1.80E-32 3.31E-24 4.49E-18 4.46E-15 2.29E-13 7.59E-13 1.10E-12
 1.32E-12 1.58E-12 1.81E-12 1.98E-12 1.99E-12 1.93E-12
 7.54E-43 1.80E-32 3.31E-24 4.49E-18 4.46E-15 2.29E-13 7.59E-13 1.10E-12
 1.32E-12 1.58E-12 1.81E-12 1.98E-12 1.99E-12 1.93E-12
 7.49E-43 1.80E-32 3.31E-24 4.49E-18 4.46E-15 2.29E-13 7.59E-13 1.10E-12
 1.32E-12 1.58E-12 1.81E-12 1.98E-12 1.99E-12 1.93E-12
 7.50E-43 1.80E-32 3.31E-24 4.49E-18 4.46E-15 2.29E-13 7.59E-13 1.10E-12
 1.32E-12 1.58E-12 1.81E-12 1.98E-12 1.99E-12 1.93E-12
 7.50E-43 1.80E-32 3.31E-24 4.49E-18 4.46E-15 2.29E-13 7.59E-13 1.10E-12
 1.32E-12 1.58E-12 1.81E-12 1.98E-12 1.99E-12 1.93E-12
 7.50E-43 1.80E-32 3.31E-24 4.49E-18 4.46E-15 2.29E-13 7.59E-13 1.10E-12
 1.32E-12 1.58E-12 1.81E-12 1.98E-12 1.99E-12 1.93E-12
  3.49107    7  14 /pl=01:ss=55:pb= 1:sz=55/type=excit/ispb = t/isel =    6
 1.00E+10 1.00E+11 1.00E+12 1.00E+13 1.00E+14 1.00E+15 1.00E+16
 5.40E+01 8.11E+01 1.35E+02 2.70E+02 5.40E+02 1.35E+03 2.70E+03 4.05E+03
 5.40E+03 8.11E+03 1.35E+04 2.70E+04 5.40E+04 8.11E+04
 7.76E-40 2.07E-30 6.55E-23 2.41E-17 1.28E-14 4.57E-13 1.31E-12 1.77E-12
 2.02E-12 2.23E-12 2.33E-12 2.25E-12 2.03E-12 1.88E-12
 7.77E-40 2.07E-30 6.55E-23 2.41E-17 1.28E-14 4.57E-13 1.31E-12 1.77E-12
 2.02E-12 2.23E-12 2.33E-12 2.25E-12 2.03E-12 1.88E-12
 7.77E-40 2.07E-30 6.55E-23 2.41E-17 1.28E-14 4.57E-13 1.31E-12 1.77E-12
 2.02E-12 2.23E-12 2.33E-12 2.25E-12 2.03E-12 1.88E-12
 7.77E-40 2.07E-30 6.55E-23 2.41E-17 1.28E-14 4.57E-13 1.31E-12 1.77E-12
 2.02E-12 2.23E-12 2.33E-12 2.25E-12 2.03E-12 1.88E-12
 7.77E-40 2.07E-30 6.55E-23 2.41E-17 1.28E-14 4.57E-13 1.31E-12 1.77E-12
 2.02E-12 2.23E-12 2.33E-12 2.25E-12 2.03E-12 1.88E-12
 7.77E-40 2.07E-30 6.55E-23 2.41E-17 1.28E-14 4.57E-13 1.31E-12 1.77E-12
 2.02E-12 2.23E-12 2.33E-12 2.25E-12 2.03E-12 1.88E-12
 7.77E-40 2.07E-30 6.55E-23 2.41E-17 1.28E-14 4.57E-13 1.31E-12 1.77E-12
 2.02E-12 2.23E-12 2.33E-12 2.25E-12 2.03E-12 1.88E-12
  3.50334    7  14 /pl=01:ss=55:pb= 1:sz=55/type=excit/ispb = t/isel =    7
 1.00E+10 1.00E+11 1.00E+12 1.00E+13 1.00E+14 1.00E+15 1.00E+16
 5.40E+01 8.11E+01 1.35E+02 2.70E+02 5.40E+02 1.35E+03 2.70E+03 4.05E+03
 5.40E+03 8.11E+03 1.35E+04 2.70E+04 5.40E+04 8.11E+04
 1.00E-74 2.55E-32 6.19E-24 1.03E-17 1.12E-14 5.84E-13 1.81E-12 2.43E-12
 2.71E-12 2.87E-12 2.74E-12 2.29E-12 1.78E-12 1.50E-12
 8.44E-43 2.55E-32 6.19E-24 1.03E-17 1.12E-14 5.84E-13 1.81E-12 2.43E-12
 2.71E-12 2.87E-12 2.74E-12 2.29E-12 1.78E-12 1.50E-12
 7.59E-43 2.55E-32 6.19E-24 1.03E-17 1.12E-14 5.84E-13 1.81E-12 2.43E-12
 2.71E-12 2.87E-12 2.74E-12 2.29E-12 1.78E-12 1.50E-12
 7.51E-43 2.55E-32 6.19E-24 1.03E-17 1.12E-14 5.84E-13 1.81E-12 2.43E-12
 2.71E-12 2.87E-12 2.74E-12 2.29E-12 1.78E-12 1.50E-12
 7.47E-43 2.55E-32 6.19E-24 1.03E-17 1.12E-14 5.84E-13 1.81E-12 2.43E-12
 2.71E-12 2.87E-12 2.74E-12 2.29E-12 1.78E-12 1.50E-12
 7.47E-43 2.55E-32 6.19E-24 1.03E-17 1.12E-14 5.84E-13 1.81E-12 2.43E-12
 2.71E-12 2.87E-12 2.74E-12 2.29E-12 1.78E-12 1.50E-12
 7.47E-43 2.55E-32 6.19E-24 1.03E-17 1.12E-14 5.84E-13 1.81E-12 2.43E-12
 2.71E-12 2.87E-12 2.74E-12 2.29E-12 1.78E-12 1.50E-12
  3.64990    7  14 /pl=01:ss=55:pb= 1:sz=55/type=excit/ispb = t/isel =    8
 1.00E+10 1.00E+11 1.00E+12 1.00E+13 1.00E+14 1.00E+15 1.00E+16
 5.40E+01 8.11E+01 1.35E+02 2.70E+02 5.40E+02 1.35E+03 2.70E+03 4.05E+03
 5.40E+03 8.11E+03 1.35E+04 2.70E+04 5.40E+04 8.11E+04
 1.00E-74 1.27E-35 1.43E-26 7.59E-20 1.49E-16 1.14E-14 4.35E-14 6.63E-14
 8.19E-14 1.01E-13 1.22E-13 1.41E-13 1.49E-13 1.49E-13
 1.00E-74 1.27E-35 1.43E-26 7.59E-20 1.49E-16 1.14E-14 4.35E-14 6.63E-14
 8.19E-14 1.01E-13 1.22E-13 1.41E-13 1.49E-13 1.49E-13
 1.00E-74 1.27E-35 1.43E-26 7.59E-20 1.49E-16 1.14E-14 4.35E-14 6.63E-14
 8.19E-14 1.01E-13 1.22E-13 1.41E-13 1.49E-13 1.49E-13
 1.00E-74 1.27E-35 1.43E-26 7.59E-20 1.49E-16 1.14E-14 4.35E-14 6.63E-14
 8.19E-14 1.01E-13 1.22E-13 1.41E-13 1.49E-13 1.49E-13
 5.68E-47 1.27E-35 1.43E-26 7.59E-20 1.49E-16 1.14E-14 4.35E-14 6.63E-14
 8.19E-14 1.01E-13 1.22E-13 1.41E-13 1.49E-13 1.49E-13
 5.68E-47 1.27E-35 1.43E-26 7.59E-20 1.49E-16 1.14E-14 4.35E-14 6.63E-14
 8.19E-14 1.01E-13 1.22E-13 1.41E-13 1.49E-13 1.49E-13
 5.45E-47 1.27E-35 1.43E-26 7.59E-20 1.49E-16 1.14E-14 4.35E-14 6.63E-14
 8.19E-14 1.01E-13 1.22E-13 1.41E-13 1.49E-13 1.49E-13
  3.64995    7  14 /pl=01:ss=55:pb= 1:sz=55/type=excit/ispb = t/isel =    9
 1.00E+10 1.00E+11 1.00E+12 1.00E+13 1.00E+14 1.00E+15 1.00E+16
 5.40E+01 8.11E+01 1.35E+02 2.70E+02 5.40E+02 1.35E+03 2.70E+03 4.05E+03
 5.40E+03 8.11E+03 1.35E+04 2.70E+04 5.40E+04 8.11E+04
 5.07E-42 7.16E-32 8.66E-24 8.55E-18 7.17E-15 3.21E-13 9.54E-13 1.28E-12
 1.42E-12 1.51E-12 1.46E-12 1.25E-12 9.85E-13 8.41E-13
 5.07E-42 7.16E-32 8.66E-24 8.55E-18 7.17E-15 3.21E-13 9.54E-13 1.28E-12
 1.42E-12 1.51E-12 1.46E-12 1.25E-12 9.85E-13 8.41E-13
 5.04E-42 7.16E-32 8.66E-24 8.55E-18 7.17E-15 3.21E-13 9.54E-13 1.28E-12
 1.42E-12 1.51E-12 1.46E-12 1.25E-12 9.85E-13 8.41E-13
 5.04E-42 7.16E-32 8.66E-24 8.55E-18 7.17E-15 3.21E-13 9.54E-13 1.28E-12
 1.42E-12 1.51E-12 1.46E-12 1.25E-12 9.85E-13 8.41E-13
 5.04E-42 7.16E-32 8.66E-24 8.55E-18 7.17E-15 3.21E-13 9.54E-13 1.28E-12
 1.42E-12 1.51E-12 1.46E-12 1.25E-12 9.85E-13 8.41E-13
 5.04E-42 7.16E-32 8.66E-24 8.55E-18 7.17E-15 3.21E-13 9.54E-13 1.28E-12
 1.42E-12 1.51E-12 1.46E-12 1.25E-12 9.85E-13 8.41E-13
 5.04E-42 7.16E-32 8.66E-24 8.55E-18 7.17E-15 3.21E-13 9.54E-13 1.28E-12
 1.42E-12 1.51E-12 1.46E-12 1.25E-12 9.85E-13 8.41E-13
  3.75273    7  14 /pl=01:ss=55:pb= 1:sz=55/type=excit/ispb = t/isel =   10
 1.00E+10 1.00E+11 1.00E+12 1.00E+13 1.00E+14 1.00E+15 1.00E+16
 5.40E+01 8.11E+01 1.35E+02 2.70E+02 5.40E+02 1.35E+03 2.70E+03 4.05E+03
 5.40E+03 8.11E+03 1.35E+04 2.70E+04 5.40E+04 8.11E+04
 5.47E-38 3.17E-29 2.95E-22 4.27E-17 1.38E-14 3.56E-13 9.02E-13 1.16E-12
 1.27E-12 1.35E-12 1.33E-12 1.16E-12 9.51E-13 8.27E-13
 5.47E-38 3.17E-29 2.95E-22 4.27E-17 1.38E-14 3.56E-13 9.02E-13 1.16E-12
 1.27E-12 1.35E-12 1.33E-12 1.16E-12 9.51E-13 8.27E-13
 5.47E-38 3.17E-29 2.95E-22 4.27E-17 1.38E-14 3.56E-13 9.02E-13 1.16E-12
 1.27E-12 1.35E-12 1.33E-12 1.16E-12 9.51E-13 8.27E-13
 5.47E-38 3.17E-29 2.95E-22 4.27E-17 1.38E-14 3.56E-13 9.02E-13 1.16E-12
 1.27E-12 1.35E-12 1.33E-12 1.16E-12 9.51E-13 8.27E-13
 5.47E-38 3.17E-29 2.95E-22 4.27E-17 1.38E-14 3.56E-13 9.02E-13 1.16E-12
 1.27E-12 1.35E-12 1.33E-12 1.16E-12 9.51E-13 8.27E-13
 5.47E-38 3.17E-29 2.95E-22 4.27E-17 1.38E-14 3.56E-13 9.02E-13 1.16E-12
 1.27E-12 1.35E-12 1.33E-12 1.16E-12 9.51E-13 8.27E-13
 5.48E-38 3.17E-29 2.95E-22 4.27E-17 1.38E-14 3.56E-13 9.02E-13 1.16E-12
 1.27E-12 1.35E-12 1.33E-12 1.16E-12 9.51E-13 8.27E-13
  3.96278    7  14 /pl=01:ss=55:pb= 1:sz=55/type=excit/ispb = t/isel =   11
 1.00E+10 1.00E+11 1.00E+12 1.00E+13 1.00E+14 1.00E+15 1.00E+16
 5.40E+01 8.11E+01 1.35E+02 2.70E+02 5.40E+02 1.35E+03 2.70E+03 4.05E+03
 5.40E+03 8.11E+03 1.35E+04 2.70E+04 5.40E+04 8.11E+04
 1.25E-36 2.68E-28 1.25E-21 1.19E-16 3.42E-14 9.35E-13 2.57E-12 3.47E-12
 3.97E-12 4.46E-12 4.78E-12 4.79E-12 4.51E-12 4.25E-12
 1.25E-36 2.68E-28 1.25E-21 1.19E-16 3.42E-14 9.35E-13 2.57E-12 3.47E-12
 3.97E-12 4.46E-12 4.78E-12 4.79E-12 4.51E-12 4.25E-12
 1.25E-36 2.68E-28 1.25E-21 1.19E-16 3.42E-14 9.35E-13 2.57E-12 3.47E-12
 3.97E-12 4.46E-12 4.78E-12 4.79E-12 4.51E-12 4.25E-12
 1.25E-36 2.68E-28 1.25E-21 1.19E-16 3.42E-14 9.35E-13 2.57E-12 3.47E-12
 3.97E-12 4.46E-12 4.78E-12 4.79E-12 4.51E-12 4.25E-12
 1.25E-36 2.68E-28 1.25E-21 1.19E-16 3.42E-14 9.35E-13 2.57E-12 3.47E-12
 3.97E-12 4.46E-12 4.78E-12 4.79E-12 4.51E-12 4.25E-12
 1.25E-36 2.68E-28 1.25E-21 1.19E-16 3.42E-14 9.35E-13 2.57E-12 3.47E-12
 3.97E-12 4.46E-12 4.78E-12 4.79E-12 4.51E-12 4.25E-12
 1.25E-36 2.69E-28 1.25E-21 1.19E-16 3.43E-14 9.36E-13 2.57E-12 3.47E-12
 3.97E-12 4.46E-12 4.78E-12 4.80E-12 4.51E-12 4.25E-12
  4.34837    7  14 /pl=01:ss=55:pb= 1:sz=55/type=excit/ispb = t/isel =   12
 1.00E+10 1.00E+11 1.00E+12 1.00E+13 1.00E+14 1.00E+15 1.00E+16
 5.40E+01 8.11E+01 1.35E+02 2.70E+02 5.40E+02 1.35E+03 2.70E+03 4.05E+03
 5.40E+03 8.11E+03 1.35E+04 2.70E+04 5.40E+04 8.11E+04
 2.09E-33 7.45E-26 7.43E-20 2.05E-15 3.03E-13 5.38E-12 1.32E-11 1.77E-11
 2.04E-11 2.36E-11 2.64E-11 2.83E-11 2.80E-11 2.71E-11
 2.09E-33 7.45E-26 7.43E-20 2.05E-15 3.03E-13 5.38E-12 1.32E-11 1.77E-11
 2.04E-11 2.36E-11 2.64E-11 2.83E-11 2.80E-11 2.71E-11
 2.09E-33 7.45E-26 7.43E-20 2.05E-15 3.03E-13 5.38E-12 1.32E-11 1.77E-11
 2.04E-11 2.36E-11 2.64E-11 2.83E-11 2.80E-11 2.71E-11
 2.09E-33 7.45E-26 7.43E-20 2.05E-15 3.03E-13 5.38E-12 1.32E-11 1.77E-11
 2.04E-11 2.36E-11 2.64E-11 2.83E-11 2.80E-11 2.71E-11
 2.09E-33 7.45E-26 7.43E-20 2.05E-15 3.03E-13 5.38E-12 1.32E-11 1.77E-11
 2.04E-11 2.36E-11 2.64E-11 2.83E-11 2.80E-11 2.71E-11
 2.09E-33 7.45E-26 7.43E-20 2.05E-15 3.03E-13 5.38E-12 1.32E-11 1.77E-11
 2.04E-11 2.36E-11 2.64E-11 2.83E-11 2.80E-11 2.71E-11
 2.09E-33 7.45E-26 7.43E-20 2.05E-15 3.03E-13 5.38E-12 1.32E-11 1.77E-11
 2.04E-11 2.36E-11 2.64E-11 2.83E-11 2.80E-11 2.71E-11
  4.63217    7  14 /pl=01:ss=55:pb= 1:sz=55/type=excit/ispb = t/isel =   13
 1.00E+10 1.00E+11 1.00E+12 1.00E+13 1.00E+14 1.00E+15 1.00E+16
 5.40E+01 8.11E+01 1.35E+02 2.70E+02 5.40E+02 1.35E+03 2.70E+03 4.05E+03
 5.40E+03 8.11E+03 1.35E+04 2.70E+04 5.40E+04 8.11E+04
 2.16E-34 2.61E-27 1.10E-21 1.57E-17 1.61E-15 2.13E-14 4.35E-14 5.21E-14
 5.54E-14 5.65E-14 5.40E-14 4.71E-14 3.89E-14 3.42E-14
 2.16E-34 2.61E-27 1.10E-21 1.57E-17 1.61E-15 2.13E-14 4.35E-14 5.21E-14
 5.54E-14 5.65E-14 5.40E-14 4.71E-14 3.89E-14 3.42E-14
 2.16E-34 2.61E-27 1.10E-21 1.57E-17 1.61E-15 2.13E-14 4.35E-14 5.21E-14
 5.54E-14 5.65E-14 5.40E-14 4.71E-14 3.89E-14 3.42E-14
 2.16E-34 2.61E-27 1.10E-21 1.57E-17 1.61E-15 2.13E-14 4.35E-14 5.21E-14
 5.54E-14 5.65E-14 5.40E-14 4.71E-14 3.89E-14 3.42E-14
 2.16E-34 2.61E-27 1.10E-21 1.57E-17 1.61E-15 2.13E-14 4.35E-14 5.21E-14
 5.54E-14 5.65E-14 5.40E-14 4.71E-14 3.89E-14 3.42E-14
 2.16E-34 2.61E-27 1.10E-21 1.57E-17 1.61E-15 2.13E-14 4.35E-14 5.21E-14
 5.54E-14 5.65E-14 5.40E-14 4.71E-14 3.89E-14 3.42E-14
 2.16E-34 2.61E-27 1.10E-21 1.57E-17 1.61E-15 2.13E-14 4.35E-14 5.21E-14
 5.54E-14 5.65E-14 5.40E-14 4.71E-14 3.89E-14 3.42E-14
  4.84566    7  14 /pl=01:ss=55:pb= 1:sz=55/type=excit/ispb = t/isel =   14
 1.00E+10 1.00E+11 1.00E+12 1.00E+13 1.00E+14 1.00E+15 1.00E+16
 5.40E+01 8.11E+01 1.35E+02 2.70E+02 5.40E+02 1.35E+03 2.70E+03 4.05E+03
 5.40E+03 8.11E+03 1.35E+04 2.70E+04 5.40E+04 8.11E+04
 4.77E-31 2.78E-24 6.54E-19 6.08E-15 5.06E-13 6.11E-12 1.27E-11 1.57E-11
 1.73E-11 1.86E-11 1.94E-11 1.89E-11 1.74E-11 1.63E-11
 4.77E-31 2.78E-24 6.54E-19 6.08E-15 5.06E-13 6.11E-12 1.27E-11 1.57E-11
 1.73E-11 1.86E-11 1.94E-11 1.89E-11 1.74E-11 1.63E-11
 4.77E-31 2.78E-24 6.54E-19 6.08E-15 5.06E-13 6.11E-12 1.27E-11 1.57E-11
 1.73E-11 1.86E-11 1.94E-11 1.89E-11 1.74E-11 1.63E-11
 4.77E-31 2.78E-24 6.54E-19 6.08E-15 5.06E-13 6.11E-12 1.27E-11 1.57E-11
 1.73E-11 1.86E-11 1.94E-11 1.89E-11 1.74E-11 1.63E-11
 4.77E-31 2.78E-24 6.54E-19 6.08E-15 5.06E-13 6.11E-12 1.27E-11 1.57E-11
 1.73E-11 1.86E-11 1.94E-11 1.89E-11 1.74E-11 1.63E-11
 4.77E-31 2.78E-24 6.54E-19 6.08E-15 5.06E-13 6.11E-12 1.27E-11 1.57E-11
 1.73E-11 1.86E-11 1.94E-11 1.89E-11 1.74E-11 1.63E-11
 4.77E-31 2.78E-24 6.54E-19 6.08E-15 5.06E-13 6.11E-12 1.27E-11 1.57E-11
 1.73E-11 1.86E-11 1.94E-11 1.89E-11 1.74E-11 1.63E-11
  4.86780    7  14 /pl=01:ss=55:pb= 1:sz=55/type=excit/ispb = t/isel =   15
 1.00E+10 1.00E+11 1.00E+12 1.00E+13 1.00E+14 1.00E+15 1.00E+16
 5.40E+01 8.11E+01 1.35E+02 2.70E+02 5.40E+02 1.35E+03 2.70E+03 4.05E+03
 5.40E+03 8.11E+03 1.35E+04 2.70E+04 5.40E+04 8.11E+04
 5.77E-34 4.34E-26 7.91E-20 3.37E-15 5.87E-13 1.03E-11 2.26E-11 2.73E-11
 2.90E-11 2.94E-11 2.74E-11 2.28E-11 1.78E-11 1.51E-11
 5.77E-34 4.34E-26 7.91E-20 3.37E-15 5.87E-13 1.03E-11 2.26E-11 2.73E-11
 2.90E-11 2.94E-11 2.74E-11 2.28E-11 1.78E-11 1.51E-11
 5.77E-34 4.34E-26 7.91E-20 3.37E-15 5.87E-13 1.03E-11 2.26E-11 2.73E-11
 2.90E-11 2.94E-11 2.74E-11 2.28E-11 1.78E-11 1.51E-11
 5.77E-34 4.34E-26 7.91E-20 3.37E-15 5.87E-13 1.03E-11 2.26E-11 2.73E-11
 2.90E-11 2.94E-11 2.74E-11 2.28E-11 1.78E-11 1.51E-11
 5.77E-34 4.34E-26 7.91E-20 3.37E-15 5.87E-13 1.03E-11 2.26E-11 2.73E-11
 2.90E-11 2.94E-11 2.74E-11 2.28E-11 1.78E-11 1.51E-11
 5.77E-34 4.34E-26 7.91E-20 3.37E-15 5.87E-13 1.03E-11 2.26E-11 2.73E-11
 2.90E-11 2.94E-11 2.74E-11 2.28E-11 1.78E-11 1.51E-11
 5.77E-34 4.34E-26 7.91E-20 3.37E-15 5.87E-13 1.03E-11 2.26E-11 2.73E-11
 2.90E-11 2.94E-11 2.74E-11 2.28E-11 1.78E-11 1.51E-11
  5.08897    7  14 /pl=01:ss=55:pb= 1:sz=55/type=excit/ispb = t/isel =   16
 1.00E+10 1.00E+11 1.00E+12 1.00E+13 1.00E+14 1.00E+15 1.00E+16
 5.40E+01 8.11E+01 1.35E+02 2.70E+02 5.40E+02 1.35E+03 2.70E+03 4.05E+03
 5.40E+03 8.11E+03 1.35E+04 2.70E+04 5.40E+04 8.11E+04
 1.16E-30 3.19E-24 4.10E-19 2.40E-15 1.61E-13 1.75E-12 3.46E-12 4.09E-12
 4.33E-12 4.40E-12 4.18E-12 3.60E-12 2.95E-12 2.58E-12
 1.16E-30 3.19E-24 4.10E-19 2.40E-15 1.61E-13 1.75E-12 3.46E-12 4.09E-12
 4.33E-12 4.40E-12 4.18E-12 3.60E-12 2.95E-12 2.58E-12
 1.16E-30 3.19E-24 4.10E-19 2.40E-15 1.61E-13 1.75E-12 3.46E-12 4.09E-12
 4.33E-12 4.40E-12 4.18E-12 3.60E-12 2.95E-12 2.58E-12
 1.16E-30 3.19E-24 4.10E-19 2.40E-15 1.61E-13 1.75E-12 3.46E-12 4.09E-12
 4.33E-12 4.40E-12 4.18E-12 3.60E-12 2.95E-12 2.58E-12
 1.16E-30 3.19E-24 4.10E-19 2.40E-15 1.61E-13 1.75E-12 3.46E-12 4.09E-12
 4.33E-12 4.40E-12 4.18E-12 3.60E-12 2.95E-12 2.58E-12
 1.16E-30 3.19E-24 4.10E-19 2.40E-15 1.61E-13 1.75E-12 3.46E-12 4.09E-12
 4.33E-12 4.40E-12 4.18E-12 3.60E-12 2.95E-12 2.58E-12
 1.16E-30 3.19E-24 4.10E-19 2.40E-15 1.61E-13 1.74E-12 3.46E-12 4.09E-12
 4.33E-12 4.40E-12 4.18E-12 3.60E-12 2.95E-12 2.58E-12
  5.11191    7  14 /pl=01:ss=55:pb= 1:sz=55/type=excit/ispb = t/isel =   17
 1.00E+10 1.00E+11 1.00E+12 1.00E+13 1.00E+14 1.00E+15 1.00E+16
 5.40E+01 8.11E+01 1.35E+02 2.70E+02 5.40E+02 1.35E+03 2.70E+03 4.05E+03
 5.40E+03 8.11E+03 1.35E+04 2.70E+04 5.40E+04 8.11E+04
 1.69E-38 9.76E-30 9.09E-23 1.32E-17 4.26E-15 1.10E-13 2.78E-13 3.57E-13
 3.93E-13 4.16E-13 4.09E-13 3.59E-13 2.93E-13 2.55E-13
 1.69E-38 9.76E-30 9.09E-23 1.32E-17 4.26E-15 1.10E-13 2.78E-13 3.57E-13
 3.93E-13 4.16E-13 4.09E-13 3.59E-13 2.93E-13 2.55E-13
 1.69E-38 9.76E-30 9.09E-23 1.32E-17 4.26E-15 1.10E-13 2.78E-13 3.57E-13
 3.93E-13 4.16E-13 4.09E-13 3.59E-13 2.93E-13 2.55E-13
 1.69E-38 9.76E-30 9.09E-23 1.32E-17 4.26E-15 1.10E-13 2.78E-13 3.57E-13
 3.93E-13 4.16E-13 4.09E-13 3.59E-13 2.93E-13 2.55E-13
 1.69E-38 9.76E-30 9.09E-23 1.32E-17 4.26E-15 1.10E-13 2.78E-13 3.57E-13
 3.93E-13 4.16E-13 4.09E-13 3.59E-13 2.93E-13 2.55E-13
 1.69E-38 9.76E-30 9.09E-23 1.32E-17 4.26E-15 1.10E-13 2.78E-13 3.57E-13
 3.93E-13 4.16E-13 4.09E-13 3.59E-13 2.93E-13 2.55E-13
 1.69E-38 9.76E-30 9.09E-23 1.32E-17 4.26E-15 1.10E-13 2.78E-13 3.57E-13
 3.93E-13 4.16E-13 4.09E-13 3.59E-13 2.93E-13 2.55E-13
  5.11260    7  14 /pl=01:ss=55:pb= 1:sz=55/type=excit/ispb = t/isel =   18
 1.00E+10 1.00E+11 1.00E+12 1.00E+13 1.00E+14 1.00E+15 1.00E+16
 5.40E+01 8.11E+01 1.35E+02 2.70E+02 5.40E+02 1.35E+03 2.70E+03 4.05E+03
 5.40E+03 8.11E+03 1.35E+04 2.70E+04 5.40E+04 8.11E+04
 7.23E-36 2.57E-28 2.57E-22 7.08E-18 1.05E-15 1.86E-14 4.57E-14 6.10E-14
 7.05E-14 8.15E-14 9.13E-14 9.77E-14 9.69E-14 9.37E-14
 7.23E-36 2.57E-28 2.57E-22 7.08E-18 1.05E-15 1.86E-14 4.57E-14 6.10E-14
 7.05E-14 8.15E-14 9.13E-14 9.77E-14 9.69E-14 9.37E-14
 7.23E-36 2.57E-28 2.57E-22 7.08E-18 1.05E-15 1.86E-14 4.57E-14 6.10E-14
 7.05E-14 8.15E-14 9.13E-14 9.77E-14 9.69E-14 9.37E-14
 7.23E-36 2.57E-28 2.57E-22 7.08E-18 1.05E-15 1.86E-14 4.57E-14 6.10E-14
 7.05E-14 8.15E-14 9.13E-14 9.77E-14 9.69E-14 9.37E-14
 7.23E-36 2.57E-28 2.57E-22 7.08E-18 1.05E-15 1.86E-14 4.57E-14 6.10E-14
 7.05E-14 8.15E-14 9.13E-14 9.77E-14 9.69E-14 9.37E-14
 7.23E-36 2.57E-28 2.57E-22 7.08E-18 1.05E-15 1.86E-14 4.57E-14 6.10E-14
 7.05E-14 8.15E-14 9.13E-14 9.77E-14 9.69E-14 9.37E-14
 7.23E-36 2.57E-28 2.57E-22 7.08E-18 1.05E-15 1.86E-14 4.57E-14 6.10E-14
 7.05E-14 8.15E-14 9.13E-14 9.77E-14 9.69E-14 9.37E-14
  5.50947    7  14 /pl=01:ss=55:pb= 1:sz=55/type=excit/ispb = t/isel =   19
 1.00E+10 1.00E+11 1.00E+12 1.00E+13 1.00E+14 1.00E+15 1.00E+16
 5.40E+01 8.11E+01 1.35E+02 2.70E+02 5.40E+02 1.35E+03 2.70E+03 4.05E+03
 5.40E+03 8.11E+03 1.35E+04 2.70E+04 5.40E+04 8.11E+04
 8.58E-32 1.04E-24 4.37E-19 6.24E-15 6.38E-13 8.43E-12 1.72E-11 2.07E-11
 2.19E-11 2.24E-11 2.14E-11 1.87E-11 1.54E-11 1.36E-11
 8.58E-32 1.04E-24 4.37E-19 6.24E-15 6.38E-13 8.43E-12 1.72E-11 2.07E-11
 2.19E-11 2.24E-11 2.14E-11 1.87E-11 1.54E-11 1.36E-11
 8.58E-32 1.04E-24 4.37E-19 6.24E-15 6.38E-13 8.43E-12 1.72E-11 2.07E-11
 2.19E-11 2.24E-11 2.14E-11 1.87E-11 1.54E-11 1.36E-11
 8.58E-32 1.04E-24 4.37E-19 6.24E-15 6.38E-13 8.43E-12 1.72E-11 2.07E-11
 2.19E-11 2.24E-11 2.14E-11 1.87E-11 1.54E-11 1.36E-11
 8.58E-32 1.04E-24 4.37E-19 6.24E-15 6.38E-13 8.43E-12 1.72E-11 2.07E-11
 2.19E-11 2.24E-11 2.14E-11 1.87E-11 1.54E-11 1.36E-11
 8.58E-32 1.04E-24 4.37E-19 6.24E-15 6.38E-13 8.43E-12 1.72E-11 2.07E-11
 2.19E-11 2.24E-11 2.14E-11 1.87E-11 1.54E-11 1.36E-11
 8.58E-32 1.04E-24 4.37E-19 6.24E-15 6.38E-13 8.42E-12 1.72E-11 2.06E-11
 2.19E-11 2.24E-11 2.14E-11 1.87E-11 1.54E-11 1.36E-11
  5.50974    7  14 /pl=01:ss=55:pb= 1:sz=55/type=excit/ispb = t/isel =   20
 1.00E+10 1.00E+11 1.00E+12 1.00E+13 1.00E+14 1.00E+15 1.00E+16
 5.40E+01 8.11E+01 1.35E+02 2.70E+02 5.40E+02 1.35E+03 2.70E+03 4.05E+03
 5.40E+03 8.11E+03 1.35E+04 2.70E+04 5.40E+04 8.11E+04
 6.97E-37 1.50E-28 6.95E-22 6.62E-17 1.91E-14 5.21E-13 1.43E-12 1.93E-12
 2.21E-12 2.49E-12 2.66E-12 2.67E-12 2.52E-12 2.37E-12
 6.97E-37 1.50E-28 6.95E-22 6.62E-17 1.91E-14 5.21E-13 1.43E-12 1.93E-12
 2.21E-12 2.49E-12 2.66E-12 2.67E-12 2.52E-12 2.37E-12
 6.97E-37 1.50E-28 6.95E-22 6.62E-17 1.91E-14 5.21E-13 1.43E-12 1.93E-12
 2.21E-12 2.49E-12 2.66E-12 2.67E-12 2.52E-12 2.37E-12
 6.97E-37 1.50E-28 6.95E-22 6.62E-17 1.91E-14 5.21E-13 1.43E-12 1.93E-12
 2.21E-12 2.49E-12 2.66E-12 2.67E-12 2.52E-12 2.37E-12
 6.97E-37 1.50E-28 6.95E-22 6.62E-17 1.91E-14 5.21E-13 1.43E-12 1.93E-12
 2.21E-12 2.49E-12 2.66E-12 2.67E-12 2.52E-12 2.37E-12
 6.97E-37 1.50E-28 6.95E-22 6.62E-17 1.91E-14 5.22E-13 1.43E-12 1.93E-12
 2.21E-12 2.49E-12 2.66E-12 2.67E-12 2.52E-12 2.37E-12
 6.99E-37 1.50E-28 6.96E-22 6.62E-17 1.91E-14 5.22E-13 1.43E-12 1.93E-12
 2.21E-12 2.49E-12 2.66E-12 2.67E-12 2.52E-12 2.37E-12
  5.67266    7  14 /pl=01:ss=55:pb= 1:sz=55/type=excit/ispb = t/isel =   21
 1.00E+10 1.00E+11 1.00E+12 1.00E+13 1.00E+14 1.00E+15 1.00E+16
 5.40E+01 8.11E+01 1.35E+02 2.70E+02 5.40E+02 1.35E+03 2.70E+03 4.05E+03
 5.40E+03 8.11E+03 1.35E+04 2.70E+04 5.40E+04 8.11E+04
 1.00E-74 1.49E-37 9.24E-28 1.75E-20 6.47E-17 7.08E-15 2.88E-14 4.33E-14
 5.17E-14 5.98E-14 6.40E-14 6.26E-14 5.67E-14 5.22E-14
 1.00E-74 1.49E-37 9.24E-28 1.75E-20 6.47E-17 7.08E-15 2.88E-14 4.33E-14
 5.17E-14 5.98E-14 6.40E-14 6.26E-14 5.67E-14 5.22E-14
 1.00E-74 1.49E-37 9.24E-28 1.75E-20 6.47E-17 7.08E-15 2.88E-14 4.33E-14
 5.17E-14 5.98E-14 6.40E-14 6.26E-14 5.67E-14 5.22E-14
 1.00E-74 1.49E-37 9.24E-28 1.75E-20 6.47E-17 7.08E-15 2.88E-14 4.33E-14
 5.17E-14 5.98E-14 6.40E-14 6.26E-14 5.67E-14 5.22E-14
 1.00E-74 1.49E-37 9.24E-28 1.75E-20 6.47E-17 7.08E-15 2.88E-14 4.33E-14
 5.17E-14 5.98E-14 6.40E-14 6.26E-14 5.67E-14 5.22E-14
 1.00E-74 1.49E-37 9.24E-28 1.75E-20 6.47E-17 7.08E-15 2.88E-14 4.33E-14
 5.17E-14 5.98E-14 6.40E-14 6.26E-14 5.67E-14 5.22E-14
 1.00E-74 1.49E-37 9.24E-28 1.75E-20 6.47E-17 7.08E-15 2.88E-14 4.33E-14
 5.17E-14 5.98E-14 6.40E-14 6.26E-14 5.67E-14 5.22E-14
  5.95870    7  14 /pl=01:ss=55:pb= 1:sz=55/type=excit/ispb = t/isel =   22
 1.00E+10 1.00E+11 1.00E+12 1.00E+13 1.00E+14 1.00E+15 1.00E+16
 5.40E+01 8.11E+01 1.35E+02 2.70E+02 5.40E+02 1.35E+03 2.70E+03 4.05E+03
 5.40E+03 8.11E+03 1.35E+04 2.70E+04 5.40E+04 8.11E+04
 1.12E-34 7.72E-27 1.31E-20 5.32E-16 9.07E-14 1.59E-12 3.52E-12 4.29E-12
 4.60E-12 4.70E-12 4.47E-12 3.81E-12 3.05E-12 2.64E-12
 1.12E-34 7.72E-27 1.31E-20 5.32E-16 9.07E-14 1.59E-12 3.52E-12 4.29E-12
 4.60E-12 4.70E-12 4.47E-12 3.81E-12 3.05E-12 2.64E-12
 1.12E-34 7.72E-27 1.31E-20 5.32E-16 9.07E-14 1.59E-12 3.52E-12 4.29E-12
 4.60E-12 4.70E-12 4.47E-12 3.81E-12 3.05E-12 2.64E-12
 1.12E-34 7.72E-27 1.31E-20 5.32E-16 9.07E-14 1.59E-12 3.52E-12 4.29E-12
 4.60E-12 4.70E-12 4.47E-12 3.81E-12 3.05E-12 2.64E-12
 1.12E-34 7.72E-27 1.31E-20 5.32E-16 9.07E-14 1.59E-12 3.52E-12 4.29E-12
 4.60E-12 4.70E-12 4.47E-12 3.81E-12 3.05E-12 2.64E-12
 1.12E-34 7.72E-27 1.31E-20 5.32E-16 9.07E-14 1.59E-12 3.52E-12 4.29E-12
 4.60E-12 4.70E-12 4.47E-12 3.81E-12 3.05E-12 2.64E-12
 1.12E-34 7.72E-27 1.31E-20 5.32E-16 9.07E-14 1.59E-12 3.52E-12 4.29E-12
 4.59E-12 4.70E-12 4.47E-12 3.81E-12 3.05E-12 2.64E-12
  5.98848    7  14 /pl=01:ss=55:pb= 1:sz=55/type=excit/ispb = t/isel =   23
 1.00E+10 1.00E+11 1.00E+12 1.00E+13 1.00E+14 1.00E+15 1.00E+16
 5.40E+01 8.11E+01 1.35E+02 2.70E+02 5.40E+02 1.35E+03 2.70E+03 4.05E+03
 5.40E+03 8.11E+03 1.35E+04 2.70E+04 5.40E+04 8.11E+04
 1.00E-74 1.04E-37 6.68E-28 1.30E-20 4.84E-17 5.33E-15 2.15E-14 3.19E-14
 3.76E-14 4.25E-14 4.36E-14 3.92E-14 3.21E-14 2.78E-14
 1.00E-74 1.04E-37 6.68E-28 1.30E-20 4.84E-17 5.33E-15 2.15E-14 3.19E-14
 3.76E-14 4.25E-14 4.36E-14 3.92E-14 3.21E-14 2.78E-14
 1.00E-74 1.04E-37 6.68E-28 1.30E-20 4.84E-17 5.33E-15 2.15E-14 3.19E-14
 3.76E-14 4.25E-14 4.36E-14 3.92E-14 3.21E-14 2.78E-14
 1.00E-74 1.04E-37 6.68E-28 1.30E-20 4.84E-17 5.33E-15 2.15E-14 3.19E-14
 3.76E-14 4.25E-14 4.36E-14 3.92E-14 3.21E-14 2.78E-14
 1.00E-74 1.04E-37 6.68E-28 1.30E-20 4.84E-17 5.33E-15 2.15E-14 3.19E-14
 3.76E-14 4.25E-14 4.36E-14 3.92E-14 3.21E-14 2.78E-14
 1.00E-74 1.04E-37 6.68E-28 1.30E-20 4.84E-17 5.33E-15 2.15E-14 3.19E-14
 3.76E-14 4.25E-14 4.36E-14 3.92E-14 3.21E-14 2.78E-14
 1.00E-74 1.04E-37 6.68E-28 1.30E-20 4.84E-17 5.33E-15 2.15E-14 3.19E-14
 3.76E-14 4.25E-14 4.36E-14 3.92E-14 3.21E-14 2.78E-14
  6.27317    7  14 /pl=01:ss=55:pb= 1:sz=55/type=excit/ispb = t/isel =   24
 1.00E+10 1.00E+11 1.00E+12 1.00E+13 1.00E+14 1.00E+15 1.00E+16
 5.40E+01 8.11E+01 1.35E+02 2.70E+02 5.40E+02 1.35E+03 2.70E+03 4.05E+03
 5.40E+03 8.11E+03 1.35E+04 2.70E+04 5.40E+04 8.11E+04
 1.00E-74 3.54E-36 7.93E-27 7.08E-20 1.80E-16 1.59E-14 6.02E-14 8.84E-14
 1.04E-13 1.19E-13 1.27E-13 1.23E-13 1.11E-13 1.02E-13
 1.00E-74 3.54E-36 7.93E-27 7.08E-20 1.80E-16 1.59E-14 6.02E-14 8.84E-14
 1.04E-13 1.19E-13 1.27E-13 1.23E-13 1.11E-13 1.02E-13
 1.00E-74 3.54E-36 7.93E-27 7.08E-20 1.80E-16 1.59E-14 6.02E-14 8.84E-14
 1.04E-13 1.19E-13 1.27E-13 1.23E-13 1.11E-13 1.02E-13
 1.00E-74 3.54E-36 7.93E-27 7.08E-20 1.80E-16 1.59E-14 6.02E-14 8.84E-14
 1.04E-13 1.19E-13 1.27E-13 1.23E-13 1.11E-13 1.02E-13
 1.00E-74 3.54E-36 7.93E-27 7.08E-20 1.80E-16 1.59E-14 6.02E-14 8.84E-14
 1.04E-13 1.19E-13 1.27E-13 1.23E-13 1.11E-13 1.02E-13
 1.24E-47 3.54E-36 7.93E-27 7.08E-20 1.80E-16 1.59E-14 6.02E-14 8.84E-14
 1.04E-13 1.19E-13 1.27E-13 1.23E-13 1.11E-13 1.02E-13
 6.21E-48 3.54E-36 7.93E-27 7.08E-20 1.80E-16 1.59E-14 6.02E-14 8.84E-14
 1.04E-13 1.19E-13 1.27E-13 1.23E-13 1.11E-13 1.02E-13
  6.64860    7  14 /pl=01:ss=55:pb= 1:sz=55/type=excit/ispb = t/isel =   25
 1.00E+10 1.00E+11 1.00E+12 1.00E+13 1.00E+14 1.00E+15 1.00E+16
 5.40E+01 8.11E+01 1.35E+02 2.70E+02 5.40E+02 1.35E+03 2.70E+03 4.05E+03
 5.40E+03 8.11E+03 1.35E+04 2.70E+04 5.40E+04 8.11E+04
 1.00E-74 2.42E-36 5.65E-27 5.16E-20 1.32E-16 1.16E-14 4.34E-14 6.28E-14
 7.34E-14 8.17E-14 8.34E-14 7.47E-14 6.11E-14 5.30E-14
 1.00E-74 2.42E-36 5.65E-27 5.16E-20 1.32E-16 1.16E-14 4.34E-14 6.28E-14
 7.34E-14 8.17E-14 8.34E-14 7.47E-14 6.11E-14 5.30E-14
 1.00E-74 2.42E-36 5.65E-27 5.16E-20 1.32E-16 1.16E-14 4.34E-14 6.28E-14
 7.34E-14 8.17E-14 8.34E-14 7.47E-14 6.11E-14 5.30E-14
 1.00E-74 2.42E-36 5.65E-27 5.16E-20 1.32E-16 1.16E-14 4.34E-14 6.28E-14
 7.34E-14 8.17E-14 8.34E-14 7.47E-14 6.11E-14 5.30E-14
 1.00E-74 2.42E-36 5.65E-27 5.16E-20 1.32E-16 1.16E-14 4.34E-14 6.28E-14
 7.34E-14 8.17E-14 8.34E-14 7.47E-14 6.11E-14 5.30E-14
 1.00E-74 2.42E-36 5.65E-27 5.16E-20 1.32E-16 1.16E-14 4.34E-14 6.28E-14
 7.34E-14 8.17E-14 8.34E-14 7.47E-14 6.11E-14 5.30E-14
 4.36E-48 2.42E-36 5.65E-27 5.16E-20 1.32E-16 1.16E-14 4.34E-14 6.28E-14
 7.34E-14 8.17E-14 8.34E-14 7.47E-14 6.11E-14 5.30E-14
  7.49988    7  14 /pl=01:ss=55:pb= 1:sz=55/type=excit/ispb = t/isel =   26
 1.00E+10 1.00E+11 1.00E+12 1.00E+13 1.00E+14 1.00E+15 1.00E+16
 5.40E+01 8.11E+01 1.35E+02 2.70E+02 5.40E+02 1.35E+03 2.70E+03 4.05E+03
 5.40E+03 8.11E+03 1.35E+04 2.70E+04 5.40E+04 8.11E+04
 1.00E-74 4.01E-34 1.82E-25 4.93E-19 7.02E-16 4.44E-14 1.51E-13 2.15E-13
 2.51E-13 2.84E-13 2.99E-13 2.88E-13 2.59E-13 2.38E-13
 1.00E-74 4.01E-34 1.82E-25 4.93E-19 7.02E-16 4.44E-14 1.51E-13 2.15E-13
 2.51E-13 2.84E-13 2.99E-13 2.88E-13 2.59E-13 2.38E-13
 1.00E-74 4.01E-34 1.82E-25 4.93E-19 7.02E-16 4.44E-14 1.51E-13 2.15E-13
 2.51E-13 2.84E-13 2.99E-13 2.88E-13 2.59E-13 2.38E-13
 6.26E-45 4.01E-34 1.82E-25 4.93E-19 7.02E-16 4.44E-14 1.51E-13 2.15E-13
 2.51E-13 2.84E-13 2.99E-13 2.88E-13 2.59E-13 2.38E-13
 5.43E-45 4.01E-34 1.82E-25 4.93E-19 7.02E-16 4.44E-14 1.51E-13 2.15E-13
 2.51E-13 2.84E-13 2.99E-13 2.88E-13 2.59E-13 2.38E-13
 5.47E-45 4.01E-34 1.82E-25 4.93E-19 7.02E-16 4.44E-14 1.51E-13 2.15E-13
 2.51E-13 2.84E-13 2.99E-13 2.88E-13 2.59E-13 2.38E-13
 5.46E-45 4.01E-34 1.82E-25 4.93E-19 7.02E-16 4.44E-14 1.51E-13 2.15E-13
 2.51E-13 2.84E-13 2.99E-13 2.88E-13 2.59E-13 2.38E-13
  8.00768    7  14 /pl=01:ss=55:pb= 1:sz=55/type=excit/ispb = t/isel =   27
 1.00E+10 1.00E+11 1.00E+12 1.00E+13 1.00E+14 1.00E+15 1.00E+16
 5.40E+01 8.11E+01 1.35E+02 2.70E+02 5.40E+02 1.35E+03 2.70E+03 4.05E+03
 5.40E+03 8.11E+03 1.35E+04 2.70E+04 5.40E+04 8.11E+04
 1.00E-74 2.66E-34 1.30E-25 3.68E-19 5.24E-16 3.25E-14 1.09E-13 1.52E-13
 1.75E-13 1.92E-13 1.94E-13 1.73E-13 1.41E-13 1.22E-13
 1.00E-74 2.66E-34 1.30E-25 3.68E-19 5.24E-16 3.25E-14 1.09E-13 1.52E-13
 1.75E-13 1.92E-13 1.94E-13 1.73E-13 1.41E-13 1.22E-13
 1.00E-74 2.66E-34 1.30E-25 3.68E-19 5.24E-16 3.25E-14 1.09E-13 1.52E-13
 1.75E-13 1.92E-13 1.94E-13 1.73E-13 1.41E-13 1.22E-13
 2.24E-45 2.66E-34 1.30E-25 3.68E-19 5.24E-16 3.25E-14 1.09E-13 1.52E-13
 1.75E-13 1.92E-13 1.94E-13 1.73E-13 1.41E-13 1.22E-13
 3.14E-45 2.66E-34 1.30E-25 3.68E-19 5.24E-16 3.25E-14 1.09E-13 1.52E-13
 1.75E-13 1.92E-13 1.94E-13 1.73E-13 1.41E-13 1.22E-13
 3.25E-45 2.66E-34 1.30E-25 3.68E-19 5.24E-16 3.25E-14 1.09E-13 1.52E-13
 1.75E-13 1.92E-13 1.94E-13 1.73E-13 1.41E-13 1.22E-13
 3.25E-45 2.66E-34 1.30E-25 3.68E-19 5.24E-16 3.25E-14 1.09E-13 1.52E-13
 1.75E-13 1.92E-13 1.94E-13 1.73E-13 1.41E-13 1.22E-13
  8.27130    7  14 /pl=01:ss=55:pb= 1:sz=55/type=excit/ispb = t/isel =   28
 1.00E+10 1.00E+11 1.00E+12 1.00E+13 1.00E+14 1.00E+15 1.00E+16
 5.40E+01 8.11E+01 1.35E+02 2.70E+02 5.40E+02 1.35E+03 2.70E+03 4.05E+03
 5.40E+03 8.11E+03 1.35E+04 2.70E+04 5.40E+04 8.11E+04
 1.00E-74 1.91E-34 7.42E-26 1.81E-19 2.46E-16 1.50E-14 4.98E-14 6.88E-14
 7.82E-14 8.44E-14 8.33E-14 7.27E-14 5.89E-14 5.10E-14
 1.00E-74 1.91E-34 7.42E-26 1.81E-19 2.46E-16 1.50E-14 4.98E-14 6.88E-14
 7.82E-14 8.44E-14 8.33E-14 7.27E-14 5.89E-14 5.10E-14
 3.29E-45 1.91E-34 7.42E-26 1.81E-19 2.46E-16 1.50E-14 4.98E-14 6.88E-14
 7.82E-14 8.44E-14 8.33E-14 7.27E-14 5.89E-14 5.10E-14
 3.15E-45 1.91E-34 7.42E-26 1.81E-19 2.46E-16 1.50E-14 4.98E-14 6.88E-14
 7.82E-14 8.44E-14 8.33E-14 7.27E-14 5.89E-14 5.10E-14
 3.16E-45 1.91E-34 7.42E-26 1.81E-19 2.46E-16 1.50E-14 4.98E-14 6.88E-14
 7.82E-14 8.44E-14 8.33E-14 7.27E-14 5.89E-14 5.10E-14
 3.16E-45 1.91E-34 7.42E-26 1.81E-19 2.46E-16 1.50E-14 4.98E-14 6.88E-14
 7.82E-14 8.44E-14 8.33E-14 7.27E-14 5.89E-14 5.10E-14
 3.16E-45 1.91E-34 7.42E-26 1.81E-19 2.46E-16 1.50E-14 4.98E-14 6.88E-14
 7.82E-14 8.44E-14 8.33E-14 7.27E-14 5.89E-14 5.10E-14
  9.41988    7  14 /pl=01:ss=55:pb= 1:sz=55/type=excit/ispb = t/isel =   29
 1.00E+10 1.00E+11 1.00E+12 1.00E+13 1.00E+14 1.00E+15 1.00E+16
 5.40E+01 8.11E+01 1.35E+02 2.70E+02 5.40E+02 1.35E+03 2.70E+03 4.05E+03
 5.40E+03 8.11E+03 1.35E+04 2.70E+04 5.40E+04 8.11E+04
 1.00E-74 1.95E-35 2.20E-26 1.17E-19 2.28E-16 1.76E-14 6.68E-14 1.02E-13
 1.26E-13 1.56E-13 1.87E-13 2.17E-13 2.29E-13 2.29E-13
 1.00E-74 1.95E-35 2.20E-26 1.17E-19 2.28E-16 1.76E-14 6.68E-14 1.02E-13
 1.26E-13 1.56E-13 1.87E-13 2.17E-13 2.29E-13 2.29E-13
 1.00E-74 1.95E-35 2.20E-26 1.17E-19 2.28E-16 1.76E-14 6.68E-14 1.02E-13
 1.26E-13 1.56E-13 1.87E-13 2.17E-13 2.29E-13 2.29E-13
 1.00E-74 1.95E-35 2.20E-26 1.17E-19 2.28E-16 1.76E-14 6.68E-14 1.02E-13
 1.26E-13 1.56E-13 1.87E-13 2.17E-13 2.29E-13 2.29E-13
 8.72E-47 1.95E-35 2.20E-26 1.17E-19 2.28E-16 1.76E-14 6.68E-14 1.02E-13
 1.26E-13 1.56E-13 1.87E-13 2.17E-13 2.29E-13 2.29E-13
 8.72E-47 1.95E-35 2.20E-26 1.17E-19 2.28E-16 1.76E-14 6.68E-14 1.02E-13
 1.26E-13 1.56E-13 1.87E-13 2.17E-13 2.29E-13 2.29E-13
 8.37E-47 1.95E-35 2.20E-26 1.17E-19 2.28E-16 1.76E-14 6.68E-14 1.02E-13
 1.26E-13 1.56E-13 1.87E-13 2.17E-13 2.29E-13 2.29E-13
  10.0652    7  14 /pl=01:ss=55:pb= 1:sz=55/type=excit/ispb = t/isel =   30
 1.00E+10 1.00E+11 1.00E+12 1.00E+13 1.00E+14 1.00E+15 1.00E+16
 5.40E+01 8.11E+01 1.35E+02 2.70E+02 5.40E+02 1.35E+03 2.70E+03 4.05E+03
 5.40E+03 8.11E+03 1.35E+04 2.70E+04 5.40E+04 8.11E+04
 1.00E-74 6.46E-35 1.10E-25 7.95E-19 1.80E-15 1.47E-13 5.37E-13 7.68E-13
 8.89E-13 9.86E-13 9.91E-13 8.72E-13 7.03E-13 6.05E-13
 1.00E-74 6.46E-35 1.10E-25 7.95E-19 1.80E-15 1.47E-13 5.37E-13 7.68E-13
 8.89E-13 9.86E-13 9.91E-13 8.72E-13 7.03E-13 6.05E-13
 1.00E-74 6.46E-35 1.10E-25 7.95E-19 1.80E-15 1.47E-13 5.37E-13 7.68E-13
 8.89E-13 9.86E-13 9.91E-13 8.72E-13 7.03E-13 6.05E-13
 1.00E-74 6.46E-35 1.10E-25 7.95E-19 1.80E-15 1.47E-13 5.37E-13 7.68E-13
 8.89E-13 9.86E-13 9.91E-13 8.72E-13 7.03E-13 6.05E-13
 1.84E-46 6.46E-35 1.10E-25 7.95E-19 1.80E-15 1.47E-13 5.37E-13 7.68E-13
 8.89E-13 9.86E-13 9.91E-13 8.72E-13 7.03E-13 6.05E-13
 1.65E-46 6.46E-35 1.10E-25 7.95E-19 1.80E-15 1.47E-13 5.37E-13 7.68E-13
 8.89E-13 9.86E-13 9.91E-13 8.72E-13 7.03E-13 6.05E-13
 1.65E-46 6.46E-35 1.10E-25 7.95E-19 1.80E-15 1.47E-13 5.37E-13 7.68E-13
 8.89E-13 9.86E-13 9.91E-13 8.72E-13 7.03E-13 6.05E-13
  10.0678    7  14 /pl=01:ss=55:pb= 1:sz=55/type=excit/ispb = t/isel =   31
 1.00E+10 1.00E+11 1.00E+12 1.00E+13 1.00E+14 1.00E+15 1.00E+16
 5.40E+01 8.11E+01 1.35E+02 2.70E+02 5.40E+02 1.35E+03 2.70E+03 4.05E+03
 5.40E+03 8.11E+03 1.35E+04 2.70E+04 5.40E+04 8.11E+04
 1.85E-42 3.18E-32 5.85E-24 7.94E-18 7.89E-15 4.04E-13 1.34E-12 1.95E-12
 2.34E-12 2.79E-12 3.20E-12 3.50E-12 3.51E-12 3.41E-12
 1.29E-42 3.18E-32 5.85E-24 7.94E-18 7.89E-15 4.04E-13 1.34E-12 1.95E-12
 2.34E-12 2.79E-12 3.20E-12 3.50E-12 3.51E-12 3.41E-12
 1.33E-42 3.18E-32 5.85E-24 7.94E-18 7.89E-15 4.04E-13 1.34E-12 1.95E-12
 2.34E-12 2.79E-12 3.20E-12 3.50E-12 3.51E-12 3.41E-12
 1.32E-42 3.18E-32 5.85E-24 7.94E-18 7.89E-15 4.04E-13 1.34E-12 1.95E-12
 2.34E-12 2.79E-12 3.20E-12 3.50E-12 3.51E-12 3.41E-12
 1.32E-42 3.18E-32 5.85E-24 7.94E-18 7.89E-15 4.04E-13 1.34E-12 1.95E-12
 2.34E-12 2.79E-12 3.20E-12 3.50E-12 3.51E-12 3.41E-12
 1.32E-42 3.18E-32 5.85E-24 7.94E-18 7.89E-15 4.04E-13 1.34E-12 1.95E-12
 2.34E-12 2.79E-12 3.20E-12 3.50E-12 3.51E-12 3.41E-12
 1.32E-42 3.18E-32 5.85E-24 7.94E-18 7.89E-15 4.04E-13 1.34E-12 1.95E-12
 2.34E-12 2.79E-12 3.20E-12 3.50E-12 3.51E-12 3.41E-12
  11.1183    7  14 /pl=01:ss=55:pb= 1:sz=55/type=excit/ispb = t/isel =   32
 1.00E+10 1.00E+11 1.00E+12 1.00E+13 1.00E+14 1.00E+15 1.00E+16
 5.40E+01 8.11E+01 1.35E+02 2.70E+02 5.40E+02 1.35E+03 2.70E+03 4.05E+03
 5.40E+03 8.11E+03 1.35E+04 2.70E+04 5.40E+04 8.11E+04
 3.06E-40 8.14E-31 2.58E-23 9.50E-18 5.04E-15 1.80E-13 5.18E-13 6.99E-13
 7.96E-13 8.81E-13 9.19E-13 8.87E-13 8.01E-13 7.39E-13
 3.06E-40 8.14E-31 2.58E-23 9.50E-18 5.04E-15 1.80E-13 5.18E-13 6.99E-13
 7.96E-13 8.81E-13 9.19E-13 8.87E-13 8.01E-13 7.39E-13
 3.06E-40 8.14E-31 2.58E-23 9.50E-18 5.04E-15 1.80E-13 5.18E-13 6.99E-13
 7.96E-13 8.81E-13 9.19E-13 8.87E-13 8.01E-13 7.39E-13
 3.06E-40 8.14E-31 2.58E-23 9.50E-18 5.04E-15 1.80E-13 5.18E-13 6.99E-13
 7.96E-13 8.81E-13 9.19E-13 8.87E-13 8.01E-13 7.39E-13
 3.06E-40 8.14E-31 2.58E-23 9.50E-18 5.04E-15 1.80E-13 5.18E-13 6.99E-13
 7.96E-13 8.81E-13 9.19E-13 8.87E-13 8.01E-13 7.39E-13
 3.06E-40 8.14E-31 2.58E-23 9.50E-18 5.04E-15 1.80E-13 5.18E-13 6.99E-13
 7.96E-13 8.81E-13 9.19E-13 8.87E-13 8.01E-13 7.39E-13
 3.06E-40 8.14E-31 2.58E-23 9.50E-18 5.04E-15 1.80E-13 5.18E-13 6.99E-13
 7.96E-13 8.81E-13 9.19E-13 8.87E-13 8.01E-13 7.39E-13
  11.1300    7  14 /pl=01:ss=55:pb= 1:sz=55/type=excit/ispb = t/isel =   33
 1.00E+10 1.00E+11 1.00E+12 1.00E+13 1.00E+14 1.00E+15 1.00E+16
 5.40E+01 8.11E+01 1.35E+02 2.70E+02 5.40E+02 1.35E+03 2.70E+03 4.05E+03
 5.40E+03 8.11E+03 1.35E+04 2.70E+04 5.40E+04 8.11E+04
 1.00E-74 1.12E-32 2.72E-24 4.55E-18 4.95E-15 2.57E-13 7.97E-13 1.07E-12
 1.19E-12 1.26E-12 1.21E-12 1.01E-12 7.82E-13 6.59E-13
 3.71E-43 1.12E-32 2.72E-24 4.55E-18 4.95E-15 2.57E-13 7.97E-13 1.07E-12
 1.19E-12 1.26E-12 1.21E-12 1.01E-12 7.82E-13 6.59E-13
 3.34E-43 1.12E-32 2.72E-24 4.55E-18 4.95E-15 2.57E-13 7.97E-13 1.07E-12
 1.19E-12 1.26E-12 1.21E-12 1.01E-12 7.82E-13 6.59E-13
 3.30E-43 1.12E-32 2.72E-24 4.55E-18 4.95E-15 2.57E-13 7.97E-13 1.07E-12
 1.19E-12 1.26E-12 1.21E-12 1.01E-12 7.82E-13 6.59E-13
 3.29E-43 1.12E-32 2.72E-24 4.55E-18 4.95E-15 2.57E-13 7.97E-13 1.07E-12
 1.19E-12 1.26E-12 1.21E-12 1.01E-12 7.82E-13 6.59E-13
 3.29E-43 1.12E-32 2.72E-24 4.55E-18 4.95E-15 2.57E-13 7.97E-13 1.07E-12
 1.19E-12 1.26E-12 1.21E-12 1.01E-12 7.82E-13 6.59E-13
 3.29E-43 1.12E-32 2.72E-24 4.55E-18 4.95E-15 2.57E-13 7.97E-13 1.07E-12
 1.19E-12 1.26E-12 1.21E-12 1.01E-12 7.82E-13 6.59E-13
  11.6676    7  14 /pl=01:ss=55:pb= 1:sz=55/type=excit/ispb = t/isel =   34
 1.00E+10 1.00E+11 1.00E+12 1.00E+13 1.00E+14 1.00E+15 1.00E+16
 5.40E+01 8.11E+01 1.35E+02 2.70E+02 5.40E+02 1.35E+03 2.70E+03 4.05E+03
 5.40E+03 8.11E+03 1.35E+04 2.70E+04 5.40E+04 8.11E+04
 1.00E-74 4.00E-34 2.97E-25 1.15E-18 1.90E-15 1.28E-13 4.37E-13 6.13E-13
 6.97E-13 7.58E-13 7.53E-13 6.52E-13 5.21E-13 4.45E-13
 1.00E-74 4.00E-34 2.97E-25 1.15E-18 1.90E-15 1.28E-13 4.37E-13 6.13E-13
 6.97E-13 7.58E-13 7.53E-13 6.52E-13 5.21E-13 4.45E-13
 1.00E-74 4.00E-34 2.97E-25 1.15E-18 1.90E-15 1.28E-13 4.37E-13 6.13E-13
 6.97E-13 7.58E-13 7.53E-13 6.52E-13 5.21E-13 4.45E-13
 2.20E-45 4.00E-34 2.97E-25 1.15E-18 1.90E-15 1.28E-13 4.37E-13 6.13E-13
 6.97E-13 7.58E-13 7.53E-13 6.52E-13 5.21E-13 4.45E-13
 2.86E-45 4.00E-34 2.97E-25 1.15E-18 1.90E-15 1.28E-13 4.37E-13 6.13E-13
 6.97E-13 7.58E-13 7.53E-13 6.52E-13 5.21E-13 4.45E-13
 2.90E-45 4.00E-34 2.97E-25 1.15E-18 1.90E-15 1.28E-13 4.37E-13 6.13E-13
 6.97E-13 7.58E-13 7.53E-13 6.52E-13 5.21E-13 4.45E-13
 2.91E-45 4.00E-34 2.97E-25 1.15E-18 1.90E-15 1.28E-13 4.37E-13 6.13E-13
 6.97E-13 7.58E-13 7.53E-13 6.52E-13 5.21E-13 4.45E-13
  12.1020    7  14 /pl=01:ss=55:pb= 1:sz=55/type=excit/ispb = t/isel =   35
 1.00E+10 1.00E+11 1.00E+12 1.00E+13 1.00E+14 1.00E+15 1.00E+16
 5.40E+01 8.11E+01 1.35E+02 2.70E+02 5.40E+02 1.35E+03 2.70E+03 4.05E+03
 5.40E+03 8.11E+03 1.35E+04 2.70E+04 5.40E+04 8.11E+04
 1.53E-40 5.03E-31 1.86E-23 7.57E-18 4.09E-15 1.42E-13 3.98E-13 5.24E-13
 5.88E-13 6.28E-13 6.23E-13 5.50E-13 4.45E-13 3.85E-13
 1.55E-40 5.03E-31 1.86E-23 7.57E-18 4.09E-15 1.42E-13 3.98E-13 5.24E-13
 5.88E-13 6.28E-13 6.23E-13 5.50E-13 4.45E-13 3.85E-13
 1.55E-40 5.03E-31 1.86E-23 7.57E-18 4.09E-15 1.42E-13 3.98E-13 5.24E-13
 5.88E-13 6.28E-13 6.23E-13 5.50E-13 4.45E-13 3.85E-13
 1.56E-40 5.03E-31 1.86E-23 7.57E-18 4.09E-15 1.42E-13 3.98E-13 5.24E-13
 5.88E-13 6.28E-13 6.23E-13 5.50E-13 4.45E-13 3.85E-13
 1.56E-40 5.03E-31 1.86E-23 7.57E-18 4.09E-15 1.42E-13 3.98E-13 5.24E-13
 5.88E-13 6.28E-13 6.23E-13 5.50E-13 4.45E-13 3.85E-13
 1.56E-40 5.03E-31 1.86E-23 7.57E-18 4.09E-15 1.42E-13 3.98E-13 5.24E-13
 5.88E-13 6.28E-13 6.23E-13 5.50E-13 4.45E-13 3.85E-13
 1.56E-40 5.03E-31 1.86E-23 7.57E-18 4.09E-15 1.42E-13 3.98E-13 5.24E-13
 5.88E-13 6.28E-13 6.23E-13 5.50E-13 4.45E-13 3.85E-13
  12.7581    7  14 /pl=01:ss=55:pb= 1:sz=55/type=excit/ispb = t/isel =   36
 1.00E+10 1.00E+11 1.00E+12 1.00E+13 1.00E+14 1.00E+15 1.00E+16
 5.40E+01 8.11E+01 1.35E+02 2.70E+02 5.40E+02 1.35E+03 2.70E+03 4.05E+03
 5.40E+03 8.11E+03 1.35E+04 2.70E+04 5.40E+04 8.11E+04
 6.09E-42 8.61E-32 1.04E-23 1.03E-17 8.61E-15 3.85E-13 1.15E-12 1.53E-12
 1.71E-12 1.81E-12 1.76E-12 1.50E-12 1.18E-12 1.01E-12
 6.09E-42 8.61E-32 1.04E-23 1.03E-17 8.61E-15 3.85E-13 1.15E-12 1.53E-12
 1.71E-12 1.81E-12 1.76E-12 1.50E-12 1.18E-12 1.01E-12
 6.06E-42 8.61E-32 1.04E-23 1.03E-17 8.61E-15 3.85E-13 1.15E-12 1.53E-12
 1.71E-12 1.81E-12 1.76E-12 1.50E-12 1.18E-12 1.01E-12
 6.06E-42 8.61E-32 1.04E-23 1.03E-17 8.61E-15 3.85E-13 1.15E-12 1.53E-12
 1.71E-12 1.81E-12 1.76E-12 1.50E-12 1.18E-12 1.01E-12
 6.06E-42 8.61E-32 1.04E-23 1.03E-17 8.61E-15 3.85E-13 1.15E-12 1.53E-12
 1.71E-12 1.81E-12 1.76E-12 1.50E-12 1.18E-12 1.01E-12
 6.06E-42 8.61E-32 1.04E-23 1.03E-17 8.61E-15 3.85E-13 1.15E-12 1.53E-12
 1.71E-12 1.81E-12 1.76E-12 1.50E-12 1.18E-12 1.01E-12
 6.06E-42 8.61E-32 1.04E-23 1.03E-17 8.61E-15 3.85E-13 1.15E-12 1.53E-12
 1.71E-12 1.81E-12 1.76E-12 1.50E-12 1.18E-12 1.01E-12
  12.7618    7  14 /pl=01:ss=55:pb= 1:sz=55/type=excit/ispb = t/isel =   37
 1.00E+10 1.00E+11 1.00E+12 1.00E+13 1.00E+14 1.00E+15 1.00E+16
 5.40E+01 8.11E+01 1.35E+02 2.70E+02 5.40E+02 1.35E+03 2.70E+03 4.05E+03
 5.40E+03 8.11E+03 1.35E+04 2.70E+04 5.40E+04 8.11E+04
 1.00E-74 1.52E-35 1.71E-26 9.07E-20 1.78E-16 1.37E-14 5.20E-14 7.93E-14
 9.79E-14 1.21E-13 1.46E-13 1.69E-13 1.78E-13 1.78E-13
 1.00E-74 1.52E-35 1.71E-26 9.07E-20 1.78E-16 1.37E-14 5.20E-14 7.93E-14
 9.79E-14 1.21E-13 1.46E-13 1.69E-13 1.78E-13 1.78E-13
 1.00E-74 1.52E-35 1.71E-26 9.07E-20 1.78E-16 1.37E-14 5.20E-14 7.93E-14
 9.79E-14 1.21E-13 1.46E-13 1.69E-13 1.78E-13 1.78E-13
 1.00E-74 1.52E-35 1.71E-26 9.07E-20 1.78E-16 1.37E-14 5.20E-14 7.93E-14
 9.79E-14 1.21E-13 1.46E-13 1.69E-13 1.78E-13 1.78E-13
 6.78E-47 1.52E-35 1.71E-26 9.07E-20 1.78E-16 1.37E-14 5.20E-14 7.93E-14
 9.79E-14 1.21E-13 1.46E-13 1.69E-13 1.78E-13 1.78E-13
 6.78E-47 1.52E-35 1.71E-26 9.07E-20 1.78E-16 1.37E-14 5.20E-14 7.93E-14
 9.79E-14 1.21E-13 1.46E-13 1.69E-13 1.78E-13 1.78E-13
 6.51E-47 1.52E-35 1.71E-26 9.07E-20 1.78E-16 1.37E-14 5.20E-14 7.93E-14
 9.79E-14 1.21E-13 1.46E-13 1.69E-13 1.78E-13 1.78E-13
  13.2535    7  14 /pl=01:ss=55:pb= 1:sz=55/type=excit/ispb = t/isel =   38
 1.00E+10 1.00E+11 1.00E+12 1.00E+13 1.00E+14 1.00E+15 1.00E+16
 5.40E+01 8.11E+01 1.35E+02 2.70E+02 5.40E+02 1.35E+03 2.70E+03 4.05E+03
 5.40E+03 8.11E+03 1.35E+04 2.70E+04 5.40E+04 8.11E+04
 7.34E-40 1.37E-30 3.27E-23 9.80E-18 4.78E-15 1.65E-13 4.63E-13 6.09E-13
 6.77E-13 7.18E-13 7.02E-13 6.14E-13 5.03E-13 4.40E-13
 7.34E-40 1.37E-30 3.27E-23 9.80E-18 4.78E-15 1.65E-13 4.63E-13 6.09E-13
 6.77E-13 7.18E-13 7.02E-13 6.14E-13 5.03E-13 4.40E-13
 7.34E-40 1.37E-30 3.27E-23 9.80E-18 4.78E-15 1.65E-13 4.63E-13 6.09E-13
 6.77E-13 7.18E-13 7.02E-13 6.14E-13 5.03E-13 4.40E-13
 7.34E-40 1.37E-30 3.27E-23 9.80E-18 4.78E-15 1.65E-13 4.63E-13 6.09E-13
 6.77E-13 7.18E-13 7.02E-13 6.14E-13 5.03E-13 4.40E-13
 7.34E-40 1.37E-30 3.27E-23 9.80E-18 4.78E-15 1.65E-13 4.63E-13 6.09E-13
 6.77E-13 7.18E-13 7.02E-13 6.14E-13 5.03E-13 4.40E-13
 7.34E-40 1.37E-30 3.27E-23 9.80E-18 4.78E-15 1.65E-13 4.63E-13 6.09E-13
 6.77E-13 7.18E-13 7.02E-13 6.14E-13 5.03E-13 4.40E-13
 7.34E-40 1.37E-30 3.27E-23 9.80E-18 4.78E-15 1.65E-13 4.63E-13 6.09E-13
 6.77E-13 7.18E-13 7.02E-13 6.14E-13 5.03E-13 4.40E-13
  13.2625    7  14 /pl=01:ss=55:pb= 1:sz=55/type=excit/ispb = t/isel =   39
 1.00E+10 1.00E+11 1.00E+12 1.00E+13 1.00E+14 1.00E+15 1.00E+16
 5.40E+01 8.11E+01 1.35E+02 2.70E+02 5.40E+02 1.35E+03 2.70E+03 4.05E+03
 5.40E+03 8.11E+03 1.35E+04 2.70E+04 5.40E+04 8.11E+04
 1.58E-43 2.72E-33 5.01E-25 6.79E-19 6.75E-16 3.46E-14 1.15E-13 1.67E-13
 2.00E-13 2.39E-13 2.74E-13 3.00E-13 3.01E-13 2.92E-13
 1.11E-43 2.72E-33 5.01E-25 6.79E-19 6.75E-16 3.46E-14 1.15E-13 1.67E-13
 2.00E-13 2.39E-13 2.74E-13 3.00E-13 3.01E-13 2.92E-13
 1.14E-43 2.72E-33 5.01E-25 6.79E-19 6.75E-16 3.46E-14 1.15E-13 1.67E-13
 2.00E-13 2.39E-13 2.74E-13 3.00E-13 3.01E-13 2.92E-13
 1.13E-43 2.72E-33 5.01E-25 6.79E-19 6.75E-16 3.46E-14 1.15E-13 1.67E-13
 2.00E-13 2.39E-13 2.74E-13 3.00E-13 3.01E-13 2.92E-13
 1.13E-43 2.72E-33 5.01E-25 6.79E-19 6.75E-16 3.46E-14 1.15E-13 1.67E-13
 2.00E-13 2.39E-13 2.74E-13 3.00E-13 3.01E-13 2.92E-13
 1.13E-43 2.72E-33 5.01E-25 6.79E-19 6.75E-16 3.46E-14 1.15E-13 1.67E-13
 2.00E-13 2.39E-13 2.74E-13 3.00E-13 3.01E-13 2.92E-13
 1.13E-43 2.72E-33 5.01E-25 6.79E-19 6.75E-16 3.46E-14 1.15E-13 1.67E-13
 2.00E-13 2.39E-13 2.74E-13 3.00E-13 3.01E-13 2.92E-13
  13.4971    7  14 /pl=01:ss=55:pb= 1:sz=55/type=excit/ispb = t/isel =   40
 1.00E+10 1.00E+11 1.00E+12 1.00E+13 1.00E+14 1.00E+15 1.00E+16
 5.40E+01 8.11E+01 1.35E+02 2.70E+02 5.40E+02 1.35E+03 2.70E+03 4.05E+03
 5.40E+03 8.11E+03 1.35E+04 2.70E+04 5.40E+04 8.11E+04
 1.00E-74 1.79E-36 4.01E-27 3.58E-20 9.10E-17 8.01E-15 3.04E-14 4.46E-14
 5.27E-14 6.03E-14 6.40E-14 6.21E-14 5.60E-14 5.15E-14
 1.00E-74 1.79E-36 4.01E-27 3.58E-20 9.10E-17 8.01E-15 3.04E-14 4.46E-14
 5.27E-14 6.03E-14 6.40E-14 6.21E-14 5.60E-14 5.15E-14
 1.00E-74 1.79E-36 4.01E-27 3.58E-20 9.10E-17 8.01E-15 3.04E-14 4.46E-14
 5.27E-14 6.03E-14 6.40E-14 6.21E-14 5.60E-14 5.15E-14
 1.00E-74 1.79E-36 4.01E-27 3.58E-20 9.10E-17 8.01E-15 3.04E-14 4.46E-14
 5.27E-14 6.03E-14 6.40E-14 6.21E-14 5.60E-14 5.15E-14
 1.00E-74 1.79E-36 4.01E-27 3.58E-20 9.10E-17 8.01E-15 3.04E-14 4.46E-14
 5.27E-14 6.03E-14 6.40E-14 6.21E-14 5.60E-14 5.15E-14
 6.28E-48 1.79E-36 4.01E-27 3.58E-20 9.10E-17 8.01E-15 3.04E-14 4.46E-14
 5.27E-14 6.03E-14 6.40E-14 6.21E-14 5.60E-14 5.15E-14
 3.14E-48 1.79E-36 4.01E-27 3.58E-20 9.10E-17 8.01E-15 3.04E-14 4.46E-14
 5.27E-14 6.03E-14 6.40E-14 6.21E-14 5.60E-14 5.15E-14
  14.2182    7  14 /pl=01:ss=55:pb= 1:sz=55/type=excit/ispb = t/isel =   41
 1.00E+10 1.00E+11 1.00E+12 1.00E+13 1.00E+14 1.00E+15 1.00E+16
 5.40E+01 8.11E+01 1.35E+02 2.70E+02 5.40E+02 1.35E+03 2.70E+03 4.05E+03
 5.40E+03 8.11E+03 1.35E+04 2.70E+04 5.40E+04 8.11E+04
 1.00E-74 1.84E-36 4.29E-27 3.92E-20 1.00E-16 8.78E-15 3.29E-14 4.77E-14
 5.58E-14 6.21E-14 6.34E-14 5.68E-14 4.64E-14 4.02E-14
 1.00E-74 1.84E-36 4.29E-27 3.92E-20 1.00E-16 8.78E-15 3.29E-14 4.77E-14
 5.58E-14 6.21E-14 6.34E-14 5.68E-14 4.64E-14 4.02E-14
 1.00E-74 1.84E-36 4.29E-27 3.92E-20 1.00E-16 8.78E-15 3.29E-14 4.77E-14
 5.58E-14 6.21E-14 6.34E-14 5.68E-14 4.64E-14 4.02E-14
 1.00E-74 1.84E-36 4.29E-27 3.92E-20 1.00E-16 8.78E-15 3.29E-14 4.77E-14
 5.58E-14 6.21E-14 6.34E-14 5.68E-14 4.64E-14 4.02E-14
 1.00E-74 1.84E-36 4.29E-27 3.92E-20 1.00E-16 8.78E-15 3.29E-14 4.77E-14
 5.58E-14 6.21E-14 6.34E-14 5.68E-14 4.64E-14 4.02E-14
 1.00E-74 1.84E-36 4.29E-27 3.92E-20 1.00E-16 8.78E-15 3.29E-14 4.77E-14
 5.58E-14 6.21E-14 6.34E-14 5.68E-14 4.64E-14 4.02E-14
 3.31E-48 1.84E-36 4.29E-27 3.92E-20 1.00E-16 8.78E-15 3.29E-14 4.77E-14
 5.58E-14 6.21E-14 6.34E-14 5.68E-14 4.64E-14 4.02E-14
  20.8262    7  14 /pl=01:ss=55:pb= 1:sz=55/type=excit/ispb = t/isel =   42
 1.00E+10 1.00E+11 1.00E+12 1.00E+13 1.00E+14 1.00E+15 1.00E+16
 5.40E+01 8.11E+01 1.35E+02 2.70E+02 5.40E+02 1.35E+03 2.70E+03 4.05E+03
 5.40E+03 8.11E+03 1.35E+04 2.70E+04 5.40E+04 8.11E+04
 1.00E-74 1.80E-34 8.16E-26 2.21E-19 3.15E-16 1.99E-14 6.80E-14 9.66E-14
 1.13E-13 1.27E-13 1.34E-13 1.29E-13 1.16E-13 1.07E-13
 1.00E-74 1.80E-34 8.16E-26 2.21E-19 3.15E-16 1.99E-14 6.80E-14 9.66E-14
 1.13E-13 1.27E-13 1.34E-13 1.29E-13 1.16E-13 1.07E-13
 1.00E-74 1.80E-34 8.16E-26 2.21E-19 3.15E-16 1.99E-14 6.80E-14 9.66E-14
 1.13E-13 1.27E-13 1.34E-13 1.29E-13 1.16E-13 1.07E-13
 2.81E-45 1.80E-34 8.16E-26 2.21E-19 3.15E-16 1.99E-14 6.80E-14 9.66E-14
 1.13E-13 1.27E-13 1.34E-13 1.29E-13 1.16E-13 1.07E-13
 2.44E-45 1.80E-34 8.16E-26 2.21E-19 3.15E-16 1.99E-14 6.80E-14 9.66E-14
 1.13E-13 1.27E-13 1.34E-13 1.29E-13 1.16E-13 1.07E-13
 2.46E-45 1.80E-34 8.16E-26 2.21E-19 3.15E-16 1.99E-14 6.80E-14 9.66E-14
 1.13E-13 1.27E-13 1.34E-13 1.29E-13 1.16E-13 1.07E-13
 2.45E-45 1.80E-34 8.16E-26 2.21E-19 3.15E-16 1.99E-14 6.80E-14 9.66E-14
 1.13E-13 1.27E-13 1.34E-13 1.29E-13 1.16E-13 1.07E-13
  22.3190    7  14 /pl=01:ss=55:pb= 1:sz=55/type=excit/ispb = t/isel =   43
 1.00E+10 1.00E+11 1.00E+12 1.00E+13 1.00E+14 1.00E+15 1.00E+16
 5.40E+01 8.11E+01 1.35E+02 2.70E+02 5.40E+02 1.35E+03 2.70E+03 4.05E+03
 5.40E+03 8.11E+03 1.35E+04 2.70E+04 5.40E+04 8.11E+04
 1.00E-74 1.84E-34 9.03E-26 2.55E-19 3.64E-16 2.25E-14 7.55E-14 1.06E-13
 1.21E-13 1.33E-13 1.34E-13 1.20E-13 9.76E-14 8.44E-14
 1.00E-74 1.84E-34 9.03E-26 2.55E-19 3.64E-16 2.25E-14 7.55E-14 1.06E-13
 1.21E-13 1.33E-13 1.34E-13 1.20E-13 9.76E-14 8.44E-14
 1.00E-74 1.84E-34 9.03E-26 2.55E-19 3.64E-16 2.25E-14 7.55E-14 1.06E-13
 1.21E-13 1.33E-13 1.34E-13 1.20E-13 9.76E-14 8.44E-14
 1.56E-45 1.84E-34 9.03E-26 2.55E-19 3.64E-16 2.25E-14 7.55E-14 1.06E-13
 1.21E-13 1.33E-13 1.34E-13 1.20E-13 9.76E-14 8.44E-14
 2.18E-45 1.84E-34 9.03E-26 2.55E-19 3.64E-16 2.25E-14 7.55E-14 1.06E-13
 1.21E-13 1.33E-13 1.34E-13 1.20E-13 9.76E-14 8.44E-14
 2.26E-45 1.84E-34 9.03E-26 2.55E-19 3.64E-16 2.25E-14 7.55E-14 1.06E-13
 1.21E-13 1.33E-13 1.34E-13 1.20E-13 9.76E-14 8.44E-14
 2.25E-45 1.84E-34 9.03E-26 2.55E-19 3.64E-16 2.25E-14 7.55E-14 1.06E-13
 1.21E-13 1.33E-13 1.34E-13 1.20E-13 9.76E-14 8.44E-14
  24.4949    7  14 /pl=01:ss=55:pb= 1:sz=55/type=excit/ispb = t/isel =   44
 1.00E+10 1.00E+11 1.00E+12 1.00E+13 1.00E+14 1.00E+15 1.00E+16
 5.40E+01 8.11E+01 1.35E+02 2.70E+02 5.40E+02 1.35E+03 2.70E+03 4.05E+03
 5.40E+03 8.11E+03 1.35E+04 2.70E+04 5.40E+04 8.11E+04
 1.00E-74 3.26E-34 1.27E-25 3.08E-19 4.20E-16 2.56E-14 8.51E-14 1.17E-13
 1.33E-13 1.44E-13 1.42E-13 1.24E-13 1.01E-13 8.71E-14
 1.00E-74 3.26E-34 1.27E-25 3.08E-19 4.20E-16 2.56E-14 8.51E-14 1.17E-13
 1.33E-13 1.44E-13 1.42E-13 1.24E-13 1.01E-13 8.71E-14
 5.61E-45 3.26E-34 1.27E-25 3.08E-19 4.20E-16 2.56E-14 8.51E-14 1.17E-13
 1.33E-13 1.44E-13 1.42E-13 1.24E-13 1.01E-13 8.71E-14
 5.39E-45 3.26E-34 1.27E-25 3.08E-19 4.20E-16 2.56E-14 8.51E-14 1.17E-13
 1.33E-13 1.44E-13 1.42E-13 1.24E-13 1.01E-13 8.71E-14
 5.40E-45 3.26E-34 1.27E-25 3.08E-19 4.20E-16 2.56E-14 8.51E-14 1.17E-13
 1.33E-13 1.44E-13 1.42E-13 1.24E-13 1.01E-13 8.71E-14
 5.40E-45 3.26E-34 1.27E-25 3.08E-19 4.20E-16 2.56E-14 8.51E-14 1.17E-13
 1.33E-13 1.44E-13 1.42E-13 1.24E-13 1.01E-13 8.71E-14
 5.40E-45 3.26E-34 1.27E-25 3.08E-19 4.20E-16 2.56E-14 8.51E-14 1.17E-13
 1.33E-13 1.44E-13 1.42E-13 1.24E-13 1.01E-13 8.71E-14
  27.4158    7  14 /pl=01:ss=55:pb= 1:sz=55/type=excit/ispb = t/isel =   45
 1.00E+10 1.00E+11 1.00E+12 1.00E+13 1.00E+14 1.00E+15 1.00E+16
 5.40E+01 8.11E+01 1.35E+02 2.70E+02 5.40E+02 1.35E+03 2.70E+03 4.05E+03
 5.40E+03 8.11E+03 1.35E+04 2.70E+04 5.40E+04 8.11E+04
 2.04E-17 3.75E-15 2.21E-13 4.06E-12 1.48E-11 2.73E-11 3.00E-11 2.93E-11
 2.81E-11 2.57E-11 2.24E-11 1.78E-11 1.38E-11 1.18E-11
 2.04E-17 3.75E-15 2.21E-13 4.06E-12 1.48E-11 2.73E-11 3.00E-11 2.93E-11
 2.81E-11 2.57E-11 2.24E-11 1.78E-11 1.38E-11 1.18E-11
 2.04E-17 3.75E-15 2.21E-13 4.06E-12 1.48E-11 2.73E-11 3.00E-11 2.93E-11
 2.81E-11 2.57E-11 2.24E-11 1.78E-11 1.38E-11 1.18E-11
 2.04E-17 3.75E-15 2.21E-13 4.06E-12 1.48E-11 2.73E-11 3.00E-11 2.93E-11
 2.81E-11 2.57E-11 2.24E-11 1.78E-11 1.38E-11 1.18E-11
 2.04E-17 3.75E-15 2.21E-13 4.06E-12 1.48E-11 2.73E-11 3.00E-11 2.93E-11
 2.81E-11 2.57E-11 2.24E-11 1.78E-11 1.38E-11 1.18E-11
 2.04E-17 3.75E-15 2.21E-13 4.06E-12 1.48E-11 2.73E-11 3.00E-11 2.93E-11
 2.81E-11 2.57E-11 2.24E-11 1.78E-11 1.38E-11 1.18E-11
 2.04E-17 3.75E-15 2.21E-13 4.06E-12 1.48E-11 2.73E-11 3.00E-11 2.93E-11
 2.81E-11 2.57E-11 2.24E-11 1.78E-11 1.38E-11 1.18E-11
  29.0901    7  14 /pl=01:ss=55:pb= 1:sz=55/type=excit/ispb = t/isel =   46
 1.00E+10 1.00E+11 1.00E+12 1.00E+13 1.00E+14 1.00E+15 1.00E+16
 5.40E+01 8.11E+01 1.35E+02 2.70E+02 5.40E+02 1.35E+03 2.70E+03 4.05E+03
 5.40E+03 8.11E+03 1.35E+04 2.70E+04 5.40E+04 8.11E+04
 1.41E-12 1.60E-11 1.03E-10 3.65E-10 6.08E-10 7.21E-10 6.98E-10 6.60E-10
 6.25E-10 5.72E-10 5.00E-10 4.07E-10 3.24E-10 2.81E-10
 1.41E-12 1.60E-11 1.03E-10 3.65E-10 6.08E-10 7.21E-10 6.98E-10 6.60E-10
 6.25E-10 5.72E-10 5.00E-10 4.07E-10 3.24E-10 2.81E-10
 1.41E-12 1.60E-11 1.03E-10 3.65E-10 6.08E-10 7.21E-10 6.98E-10 6.60E-10
 6.25E-10 5.72E-10 5.00E-10 4.07E-10 3.24E-10 2.81E-10
 1.41E-12 1.60E-11 1.03E-10 3.65E-10 6.08E-10 7.21E-10 6.98E-10 6.60E-10
 6.25E-10 5.72E-10 5.00E-10 4.07E-10 3.24E-10 2.81E-10
 1.41E-12 1.60E-11 1.03E-10 3.65E-10 6.08E-10 7.21E-10 6.98E-10 6.60E-10
 6.25E-10 5.72E-10 5.00E-10 4.07E-10 3.24E-10 2.81E-10
 1.41E-12 1.60E-11 1.03E-10 3.65E-10 6.08E-10 7.21E-10 6.98E-10 6.60E-10
 6.25E-10 5.72E-10 5.00E-10 4.07E-10 3.24E-10 2.81E-10
 1.41E-12 1.60E-11 1.03E-10 3.65E-10 6.08E-10 7.21E-10 6.98E-10 6.60E-10
 6.25E-10 5.72E-10 5.00E-10 4.07E-10 3.24E-10 2.81E-10
  40.8254    7  14 /pl=01:ss=55:pb= 1:sz=55/type=excit/ispb = t/isel =   47
 1.00E+10 1.00E+11 1.00E+12 1.00E+13 1.00E+14 1.00E+15 1.00E+16
 5.40E+01 8.11E+01 1.35E+02 2.70E+02 5.40E+02 1.35E+03 2.70E+03 4.05E+03
 5.40E+03 8.11E+03 1.35E+04 2.70E+04 5.40E+04 8.11E+04
 1.00E-74 1.84E-36 3.73E-27 3.10E-20 7.63E-17 6.48E-15 2.38E-14 3.38E-14
 3.89E-14 4.24E-14 4.21E-14 3.64E-14 2.91E-14 2.49E-14
 1.00E-74 1.84E-36 3.73E-27 3.10E-20 7.63E-17 6.48E-15 2.38E-14 3.38E-14
 3.89E-14 4.24E-14 4.21E-14 3.64E-14 2.91E-14 2.49E-14
 1.00E-74 1.84E-36 3.73E-27 3.10E-20 7.63E-17 6.48E-15 2.38E-14 3.38E-14
 3.89E-14 4.24E-14 4.21E-14 3.64E-14 2.91E-14 2.49E-14
 1.00E-74 1.84E-36 3.73E-27 3.10E-20 7.63E-17 6.48E-15 2.38E-14 3.38E-14
 3.89E-14 4.24E-14 4.21E-14 3.64E-14 2.91E-14 2.49E-14
 6.80E-48 1.84E-36 3.73E-27 3.10E-20 7.63E-17 6.48E-15 2.38E-14 3.38E-14
 3.89E-14 4.24E-14 4.21E-14 3.64E-14 2.91E-14 2.49E-14
 4.08E-48 1.84E-36 3.73E-27 3.10E-20 7.63E-17 6.48E-15 2.38E-14 3.38E-14
 3.89E-14 4.24E-14 4.21E-14 3.64E-14 2.91E-14 2.49E-14
 3.81E-48 1.84E-36 3.73E-27 3.10E-20 7.63E-17 6.48E-15 2.38E-14 3.38E-14
 3.89E-14 4.24E-14 4.21E-14 3.64E-14 2.91E-14 2.49E-14
  70.7984    7  14 /pl=01:ss=55:pb= 1:sz=55/type=excit/ispb = t/isel =   48
 1.00E+10 1.00E+11 1.00E+12 1.00E+13 1.00E+14 1.00E+15 1.00E+16
 5.40E+01 8.11E+01 1.35E+02 2.70E+02 5.40E+02 1.35E+03 2.70E+03 4.05E+03
 5.40E+03 8.11E+03 1.35E+04 2.70E+04 5.40E+04 8.11E+04
 9.59E-38 5.54E-29 5.17E-22 7.48E-17 2.42E-14 6.23E-13 1.58E-12 2.03E-12
 2.23E-12 2.36E-12 2.32E-12 2.04E-12 1.67E-12 1.45E-12
 9.59E-38 5.54E-29 5.17E-22 7.48E-17 2.42E-14 6.23E-13 1.58E-12 2.03E-12
 2.23E-12 2.36E-12 2.32E-12 2.04E-12 1.67E-12 1.45E-12
 9.59E-38 5.54E-29 5.17E-22 7.48E-17 2.42E-14 6.23E-13 1.58E-12 2.03E-12
 2.23E-12 2.36E-12 2.32E-12 2.04E-12 1.67E-12 1.45E-12
 9.59E-38 5.54E-29 5.17E-22 7.48E-17 2.42E-14 6.23E-13 1.58E-12 2.03E-12
 2.23E-12 2.36E-12 2.32E-12 2.04E-12 1.67E-12 1.45E-12
 9.59E-38 5.54E-29 5.17E-22 7.48E-17 2.42E-14 6.23E-13 1.58E-12 2.03E-12
 2.23E-12 2.36E-12 2.32E-12 2.04E-12 1.67E-12 1.45E-12
 9.59E-38 5.54E-29 5.17E-22 7.48E-17 2.42E-14 6.23E-13 1.58E-12 2.03E-12
 2.23E-12 2.36E-12 2.32E-12 2.04E-12 1.67E-12 1.45E-12
 9.59E-38 5.54E-29 5.17E-22 7.48E-17 2.42E-14 6.23E-13 1.58E-12 2.03E-12
 2.23E-12 2.36E-12 2.32E-12 2.04E-12 1.67E-12 1.45E-12
  70.9749    7  14 /pl=01:ss=55:pb= 1:sz=55/type=excit/ispb = t/isel =   49
 1.00E+10 1.00E+11 1.00E+12 1.00E+13 1.00E+14 1.00E+15 1.00E+16
 5.40E+01 8.11E+01 1.35E+02 2.70E+02 5.40E+02 1.35E+03 2.70E+03 4.05E+03
 5.40E+03 8.11E+03 1.35E+04 2.70E+04 5.40E+04 8.11E+04
 4.08E-35 1.45E-27 1.45E-21 3.99E-17 5.91E-15 1.05E-13 2.58E-13 3.44E-13
 3.98E-13 4.60E-13 5.15E-13 5.51E-13 5.47E-13 5.28E-13
 4.08E-35 1.45E-27 1.45E-21 3.99E-17 5.91E-15 1.05E-13 2.58E-13 3.44E-13
 3.98E-13 4.60E-13 5.15E-13 5.51E-13 5.47E-13 5.28E-13
 4.08E-35 1.45E-27 1.45E-21 3.99E-17 5.91E-15 1.05E-13 2.58E-13 3.44E-13
 3.98E-13 4.60E-13 5.15E-13 5.51E-13 5.47E-13 5.28E-13
 4.08E-35 1.45E-27 1.45E-21 3.99E-17 5.91E-15 1.05E-13 2.58E-13 3.44E-13
 3.98E-13 4.60E-13 5.15E-13 5.51E-13 5.47E-13 5.28E-13
 4.08E-35 1.45E-27 1.45E-21 3.99E-17 5.91E-15 1.05E-13 2.58E-13 3.44E-13
 3.98E-13 4.60E-13 5.15E-13 5.51E-13 5.47E-13 5.28E-13
 4.08E-35 1.45E-27 1.45E-21 3.99E-17 5.91E-15 1.05E-13 2.58E-13 3.44E-13
 3.98E-13 4.60E-13 5.15E-13 5.51E-13 5.47E-13 5.28E-13
 4.08E-35 1.45E-27 1.45E-21 3.99E-17 5.91E-15 1.05E-13 2.58E-13 3.44E-13
 3.98E-13 4.60E-13 5.15E-13 5.51E-13 5.47E-13 5.28E-13
  73.1255    7  14 /pl=01:ss=55:pb= 1:sz=55/type=excit/ispb = t/isel =   50
 1.00E+10 1.00E+11 1.00E+12 1.00E+13 1.00E+14 1.00E+15 1.00E+16
 5.40E+01 8.11E+01 1.35E+02 2.70E+02 5.40E+02 1.35E+03 2.70E+03 4.05E+03
 5.40E+03 8.11E+03 1.35E+04 2.70E+04 5.40E+04 8.11E+04
 1.56E-38 3.34E-30 1.55E-23 1.48E-18 4.27E-16 1.17E-14 3.20E-14 4.32E-14
 4.94E-14 5.56E-14 5.95E-14 5.97E-14 5.62E-14 5.29E-14
 1.56E-38 3.34E-30 1.55E-23 1.48E-18 4.27E-16 1.17E-14 3.20E-14 4.32E-14
 4.94E-14 5.56E-14 5.95E-14 5.97E-14 5.62E-14 5.29E-14
 1.56E-38 3.34E-30 1.55E-23 1.48E-18 4.27E-16 1.17E-14 3.20E-14 4.32E-14
 4.94E-14 5.56E-14 5.95E-14 5.97E-14 5.62E-14 5.29E-14
 1.56E-38 3.34E-30 1.55E-23 1.48E-18 4.27E-16 1.17E-14 3.20E-14 4.32E-14
 4.94E-14 5.56E-14 5.95E-14 5.97E-14 5.62E-14 5.29E-14
 1.56E-38 3.34E-30 1.55E-23 1.48E-18 4.27E-16 1.17E-14 3.20E-14 4.32E-14
 4.94E-14 5.56E-14 5.95E-14 5.97E-14 5.62E-14 5.29E-14
 1.56E-38 3.34E-30 1.55E-23 1.48E-18 4.27E-16 1.17E-14 3.20E-14 4.32E-14
 4.94E-14 5.56E-14 5.95E-14 5.97E-14 5.62E-14 5.29E-14
 1.56E-38 3.35E-30 1.56E-23 1.48E-18 4.27E-16 1.17E-14 3.20E-14 4.32E-14
 4.94E-14 5.56E-14 5.95E-14 5.97E-14 5.62E-14 5.29E-14
c-------------------------------------------------------------------------------
 
C  root partition information
C  ==========================
C
C  nuclear charge : 74
C  ion charge+1   : 56
C
C  population calculation information
C  ----------------------------------
C
C  population processing code: adas810
C
C  adf04 source file    : adf04_copmm#74_ca_40#w55_t3.dat
C  adf18/a17_p208 file  : NULL
C
C  meta. ion. coeff. selector  : 
 
C  options  : lnorm =T  lpsel =F  lzsel =T  liosel=F
C           : lhsel =F  lrsel =F  lisel =F  lnsel =F
 
C  energy levels
C  -------------
C
C   lv      configuration    (2S+1)L(w-1/2)      energy (cm^-1)
C  ---   ------------------- --------------      --------------
c    1   16                     (0)0(  4.5)             0.0
c    2   24555526               (0)0(134.5)       3437596.5
c    3   14565526               (0)0( 44.5)       7085131.3
c    4   19                     (0)0(  4.5)      19650343.9
c    5   1A                     (0)0(  6.5)      20637035.5
c    6   24555516518            (0)0(179.5)      21588150.3
c    7   24555516519            (0)0(299.5)      22997099.9
c    8   14565516517            (0)0( 19.5)      23867305.4
c    9   2455551651A            (0)0(419.0)      23980773.7
c   10   14565516518            (0)0( 59.5)      25234818.2
c   11   14565516519            (0)0( 98.5)      26647279.4
c   12   1D                     (0)0(  4.5)      28182240.3
c   13   1E                     (0)0(  6.5)      28644552.4
c   14   1F                     (0)0(  8.5)      28900108.5
c   15   2455551651C            (0)0(179.5)      30835237.3
c   16   2455551651D            (0)0(299.5)      31520809.9
c   17   2455551651E            (0)0(419.0)      31981805.1
c   18   1I                     (0)0(  4.5)      32727030.8
c   19   1J                     (0)0(  6.5)      32983892.8
c   20   1K                     (0)0(  8.5)      33125047.9
c   21   1456551651B            (0)0( 19.5)      33805594.5
c   22   1456551651C            (0)0( 59.5)      34483156.2
c   23   1456551651D            (0)0( 98.5)      35170023.7
c   24   1O                     (0)0(  4.5)      35433349.2
c   25   1P                     (0)0(  6.5)      35591250.1
c   26   1Q                     (0)0(  8.5)      35677788.9
c   27   1V                     (0)0(  4.5)      37174627.1
c   28   1W                     (0)0(  6.5)      37278745.8
c   29   1X                     (0)0(  8.5)      37335765.3
 
 
 
c-------------------------------------------------------------------------------
 
C  superstage partition information
C  ================================
C
C  element symbol   : W
C  parent template  : 
C  partition level  :  1
C  superstage label : 55
C
C  tabulation       : photon emissivity coefft (te,ne)
C  units            : ph. emis coef(cm^3 s^-1); te (ev); ne (cm^-3)
C
C  photon emissivity atomic transitions
C  ------------------------------------
C  
C   isel  wvlen(A)            transition                type  ispb nspb
C                                                             ispp nspp sz    tg pr wr
C  ----- ---------- ----------------------------------- ----- ---- ---- --    -- -- --
C      1   2.68249   28(0)0(  6.5)-  1(0)0(  4.5)       excit   1    1  55    13 39  1
C      2   2.80968   25(0)0(  6.5)-  1(0)0(  4.5)       excit   1    1  55    10 31  2
C      3   2.89997   22(0)0( 59.5)-  1(0)0(  4.5)       excit   1    1  55    20 28  3
C      4   3.03178   19(0)0(  6.5)-  1(0)0(  4.5)       excit   1    1  55     7 24  4
C      5   3.17251   16(0)0(299.5)-  1(0)0(  4.5)       excit   1    1  55    27 15  5
C      6   3.49107   13(0)0(  6.5)-  1(0)0(  4.5)       excit   1    1  55     4 14  6
C      7   3.50334   17(0)0(419.0)-  2(0)0(134.5)       excit   1    1  55   147 11  7
C      8   3.64990   22(0)0( 59.5)-  3(0)0( 44.5)       excit   1    1  55   124 35  8
C      9   3.64995   15(0)0(179.5)-  2(0)0(134.5)       excit   1    1  55   145 17  9
C     10   3.75273   11(0)0( 98.5)-  1(0)0(  4.5)       excit   1    1  55    18 18 10
C     11   3.96278   10(0)0( 59.5)-  1(0)0(  4.5)       excit   1    1  55    17  7 11
C     12   4.34837    7(0)0(299.5)-  1(0)0(  4.5)       excit   1    1  55    24  4 12
C     13   4.63217    6(0)0(179.5)-  1(0)0(  4.5)       excit   1    1  55    23 48 13
C     14   4.84566    5(0)0(  6.5)-  1(0)0(  4.5)       excit   1    1  55     2  6 14
C     15   4.86780    9(0)0(419.0)-  2(0)0(134.5)       excit   1    1  55   144  3 15
C     16   5.08897    4(0)0(  4.5)-  1(0)0(  4.5)       excit   1    1  55     1  9 16
C     17   5.11191   11(0)0( 98.5)-  3(0)0( 44.5)       excit   1    1  55   122 27 17
C     18   5.11260    7(0)0(299.5)-  2(0)0(134.5)       excit   1    1  55   143 41 18
C     19   5.50947    6(0)0(179.5)-  2(0)0(134.5)       excit   1    1  55   142  5 19
C     20   5.50974   10(0)0( 59.5)-  3(0)0( 44.5)       excit   1    1  55   121 12 20
C     21   5.67266   28(0)0(  6.5)-  4(0)0(  4.5)       excit   1    1  55    40 45 21
C     22   5.95870    8(0)0( 19.5)-  3(0)0( 44.5)       excit   1    1  55   120  8 22
C     23   5.98848   29(0)0(  8.5)-  5(0)0(  6.5)       excit   1    1  55    53 49 23
C     24   6.27317   25(0)0(  6.5)-  4(0)0(  4.5)       excit   1    1  55    37 40 24
C     25   6.64860   26(0)0(  8.5)-  5(0)0(  6.5)       excit   1    1  55    50 43 25
C     26   7.49988   19(0)0(  6.5)-  4(0)0(  4.5)       excit   1    1  55    34 30 26
C     27   8.00768   20(0)0(  8.5)-  5(0)0(  6.5)       excit   1    1  55    47 33 27
C     28   8.27130   18(0)0(  4.5)-  5(0)0(  6.5)       excit   1    1  55    45 42 28
C     29   9.41988   22(0)0( 59.5)-  8(0)0( 19.5)       excit   1    1  55   129 32 29
C     30   10.0652   23(0)0( 98.5)- 10(0)0( 59.5)       excit   1    1  55   134 20 30
C     31   10.0678   16(0)0(299.5)-  6(0)0(179.5)       excit   1    1  55   151 10 31
C     32   11.1183   13(0)0(  6.5)-  4(0)0(  4.5)       excit   1    1  55    31 21 32
C     33   11.1300   17(0)0(419.0)-  7(0)0(299.5)       excit   1    1  55   156 19 33
C     34   11.6676   21(0)0( 19.5)- 10(0)0( 59.5)       excit   1    1  55   132 22 34
C     35   12.1020   14(0)0(  8.5)-  5(0)0(  6.5)       excit   1    1  55    44 25 35
C     36   12.7581   15(0)0(179.5)-  7(0)0(299.5)       excit   1    1  55   154 16 36
C     37   12.7618   22(0)0( 59.5)- 11(0)0( 98.5)       excit   1    1  55   136 34 37
C     38   13.2535   12(0)0(  4.5)-  5(0)0(  6.5)       excit   1    1  55    42 23 38
C     39   13.2625   16(0)0(299.5)-  9(0)0(419.0)       excit   1    1  55   158 29 39
C     40   13.4971   25(0)0(  6.5)- 12(0)0(  4.5)       excit   1    1  55    60 44 40
C     41   14.2182   26(0)0(  8.5)- 13(0)0(  6.5)       excit   1    1  55    71 46 41
C     42   20.8262   19(0)0(  6.5)- 12(0)0(  4.5)       excit   1    1  55    57 38 42
C     43   22.3190   20(0)0(  8.5)- 13(0)0(  6.5)       excit   1    1  55    68 37 43
C     44   24.4949   18(0)0(  4.5)- 13(0)0(  6.5)       excit   1    1  55    66 36 44
C     45   27.4158    3(0)0( 44.5)-  2(0)0(134.5)       excit   1    1  55   141  2 45
C     46   29.0901    2(0)0(134.5)-  1(0)0(  4.5)       excit   1    1  55    22  1 46
C     47   40.8254   24(0)0(  4.5)- 19(0)0(  6.5)       excit   1    1  55    93 50 47
C     48   70.7984   11(0)0( 98.5)- 10(0)0( 59.5)       excit   1    1  55   131 13 48
C     49   70.9749    7(0)0(299.5)-  6(0)0(179.5)       excit   1    1  55   148 26 49
C     50   73.1255   10(0)0( 59.5)-  8(0)0( 19.5)       excit   1    1  55   126 47 50
c-------------------------------------------------------------------------------
                                                                                
C  code     : adas810
C  producer : Adam Foster
C  date     : 15/05/09
                                                                                
c-------------------------------------------------------------------------------

C-----------------------------------------------------------------------
C                               OPEN-ADAS
C                               +++++++++
C
C This file has been downloaded from OPEN-ADAS (http://open.adas.ac.uk)
C on 26-Mar-2025.
C
C TERMS AND CONDITIONS
C --------------------
C
C The user of the OPEN-ADAS system and data (hereinafter "the User")
C accepts the following terms and conditions:
C
C   1. The University of Strathclyde uses all reasonable endeavours to
C      ensure the accuracy of the data provided and any information
C      given, but the University makes no warranty, expressed or implied
C      as to its accuracy, integrity, fitness for purpose and shall not
C      be responsible for the use to which the data is put by the User
C      and/or any consequences arising out of any inaccuracies or
C      omissions.
C
C   2. Any downloaded OPEN-ADAS file is made available for the
C      personal use of the User only.  It must not be used for any
C      commercial application, incorporated into any web site or in
C      any form re-distributed without express prior written permission
C      from the ADAS Project. In particular, but not by way of
C      limitation, it must not be:
C        *  inserted into a managed database structure,
C        *  redistributed along with a modelling or analysis code,
C        *  made available on a public website.
C
C Permission for OPEN-ADAS data incorporation in non-commercial
C code/system development for scientific advance will not be
C unreasonably withheld, but will be subject to written agreement
C on a case by case basis.
C
C The User will indemnify the University of Strathclyde and keep it
C fully and effectively indemnified against each and every claim made
C against the University as a result of the User's use of the data.
C
C-----------------------------------------------------------------------
