   50    /W :71 photon emissivity coefficients/
--------------------------------------------------------------------------------
    1    1    1    1    1    1    1    1    1    1    1    1    1    1
    1    1    1    1    1    1    1    1    1    1    1    1    1    1
    1    1    1    1    1    1    1    1    1    1    1    1    1    1
    1    1    1    1    1    1    1    1    1    1    1    1    1    1
    1    1    1    1    1    1    1    1    1    1    1    1    1    1
    1    1    1    1    1
--------------------------------------------------------------------------------
//#01/p00/ 00/p01/ 01/p02/ 02/p03/ 03/p04/ 04/p05/ 05/p06/ 06/p07/ 07/p08/ 08/  
      p09/ 09/p10/ 10/p11/ 11/p12/ 12/p13/ 13/p14/ 14/p15/ 15/p16/ 16/p17/ 17/  
      p18/ 18/p19/ 19/p20/ 20/p21/ 21/p22/ 22/p23/ 23/p24/ 24/p25/ 25/p26/ 26/  
      p27/ 27/p28/ 28/p29/ 29/p30/ 30/p31/ 31/p32/ 32/p33/ 33/p34/ 34/p35/ 35/  
      p36/ 36/p37/ 37/p38/ 38/p39/ 39/p40/ 40/p41/ 41/p42/ 42/p43/ 43/p44/ 44/  
      p45/ 45/p46/ 46/p47/ 47/p48/ 48/p49/ 49/p50/ 50/p51/ 51/p52/ 52/p53/ 53/  
      p54/ 54/p55/ 55/p56/ 56/p57/ 57/p58/ 58/p59/ 59/p60/ 60/p61/ 61/p62/ 62/  
      p63/ 63/p64/ 64/p65/ 65/p66/ 66/p67/ 67/p68/ 68/p69/ 69/p70/ 70/p71/ 71/  
      p72/ 72/p73/ 73/p74/ 74/                                                  
--------------------------------------------------------------------------------
  1.05684    7  14 /pl=01:ss=71:pb= 1:sz=71/type=excit/ispb = t/isel =    1
 1.00E+10 1.00E+11 1.00E+12 1.00E+13 1.00E+14 1.00E+15 1.00E+16
 8.93E+01 1.34E+02 2.23E+02 4.47E+02 8.93E+02 2.23E+03 4.47E+03 6.70E+03
 8.93E+03 1.34E+04 2.23E+04 4.47E+04 8.93E+04 1.34E+05
 1.00E-74 1.00E-74 8.81E-37 1.59E-25 5.67E-20 9.53E-17 9.44E-16 1.87E-15
 2.53E-15 3.27E-15 3.69E-15 3.55E-15 2.99E-15 2.61E-15
 1.00E-74 1.00E-74 8.81E-37 1.59E-25 5.67E-20 9.53E-17 9.44E-16 1.87E-15
 2.53E-15 3.27E-15 3.69E-15 3.55E-15 2.99E-15 2.61E-15
 1.00E-74 1.00E-74 8.81E-37 1.59E-25 5.67E-20 9.53E-17 9.44E-16 1.87E-15
 2.53E-15 3.27E-15 3.69E-15 3.55E-15 2.99E-15 2.61E-15
 1.00E-74 1.00E-74 8.81E-37 1.59E-25 5.67E-20 9.53E-17 9.44E-16 1.87E-15
 2.53E-15 3.27E-15 3.69E-15 3.55E-15 2.99E-15 2.61E-15
 1.00E-74 1.00E-74 8.81E-37 1.59E-25 5.67E-20 9.53E-17 9.44E-16 1.87E-15
 2.53E-15 3.27E-15 3.69E-15 3.55E-15 2.99E-15 2.61E-15
 1.00E-74 1.00E-74 8.81E-37 1.59E-25 5.67E-20 9.53E-17 9.44E-16 1.87E-15
 2.53E-15 3.27E-15 3.69E-15 3.55E-15 2.99E-15 2.61E-15
 1.00E-74 1.00E-74 8.81E-37 1.59E-25 5.67E-20 9.53E-17 9.44E-16 1.87E-15
 2.53E-15 3.27E-15 3.69E-15 3.55E-15 2.99E-15 2.61E-15
  1.05843    7  14 /pl=01:ss=71:pb= 1:sz=71/type=excit/ispb = t/isel =    2
 1.00E+10 1.00E+11 1.00E+12 1.00E+13 1.00E+14 1.00E+15 1.00E+16
 8.93E+01 1.34E+02 2.23E+02 4.47E+02 8.93E+02 2.23E+03 4.47E+03 6.70E+03
 8.93E+03 1.34E+04 2.23E+04 4.47E+04 8.93E+04 1.34E+05
 1.00E-74 1.00E-74 1.00E-74 1.00E-74 1.00E-74 3.00E-28 1.57E-21 2.53E-19
 3.06E-18 3.53E-17 2.30E-16 8.28E-16 1.41E-15 1.60E-15
 1.00E-74 1.00E-74 1.00E-74 1.00E-74 1.00E-74 3.00E-28 1.57E-21 2.53E-19
 3.06E-18 3.53E-17 2.30E-16 8.28E-16 1.41E-15 1.60E-15
 1.00E-74 1.00E-74 1.00E-74 1.00E-74 1.00E-74 3.00E-28 1.57E-21 2.53E-19
 3.06E-18 3.53E-17 2.30E-16 8.28E-16 1.41E-15 1.60E-15
 1.00E-74 1.00E-74 1.00E-74 1.00E-74 1.00E-74 3.00E-28 1.57E-21 2.53E-19
 3.06E-18 3.53E-17 2.30E-16 8.28E-16 1.41E-15 1.60E-15
 1.00E-74 1.00E-74 1.00E-74 1.00E-74 1.00E-74 3.00E-28 1.57E-21 2.53E-19
 3.06E-18 3.53E-17 2.30E-16 8.28E-16 1.41E-15 1.60E-15
 1.00E-74 1.00E-74 1.00E-74 1.00E-74 1.00E-74 3.00E-28 1.57E-21 2.53E-19
 3.06E-18 3.53E-17 2.30E-16 8.28E-16 1.41E-15 1.60E-15
 1.00E-74 1.00E-74 1.00E-74 1.00E-74 1.00E-74 3.00E-28 1.57E-21 2.53E-19
 3.06E-18 3.53E-17 2.30E-16 8.28E-16 1.41E-15 1.60E-15
  1.06542    7  14 /pl=01:ss=71:pb= 1:sz=71/type=excit/ispb = t/isel =    3
 1.00E+10 1.00E+11 1.00E+12 1.00E+13 1.00E+14 1.00E+15 1.00E+16
 8.93E+01 1.34E+02 2.23E+02 4.47E+02 8.93E+02 2.23E+03 4.47E+03 6.70E+03
 8.93E+03 1.34E+04 2.23E+04 4.47E+04 8.93E+04 1.34E+05
 1.00E-74 1.00E-74 1.00E-74 1.00E-74 1.00E-74 1.41E-28 7.30E-22 1.16E-19
 1.41E-18 1.62E-17 1.05E-16 3.78E-16 6.41E-16 7.30E-16
 1.00E-74 1.00E-74 1.00E-74 1.00E-74 1.00E-74 1.41E-28 7.30E-22 1.16E-19
 1.41E-18 1.62E-17 1.05E-16 3.78E-16 6.41E-16 7.30E-16
 1.00E-74 1.00E-74 1.00E-74 1.00E-74 1.00E-74 1.41E-28 7.30E-22 1.16E-19
 1.41E-18 1.62E-17 1.05E-16 3.78E-16 6.41E-16 7.30E-16
 1.00E-74 1.00E-74 1.00E-74 1.00E-74 1.00E-74 1.41E-28 7.30E-22 1.16E-19
 1.41E-18 1.62E-17 1.05E-16 3.78E-16 6.41E-16 7.30E-16
 1.00E-74 1.00E-74 1.00E-74 1.00E-74 1.00E-74 1.41E-28 7.30E-22 1.16E-19
 1.41E-18 1.62E-17 1.05E-16 3.78E-16 6.41E-16 7.30E-16
 1.00E-74 1.00E-74 1.00E-74 1.00E-74 1.00E-74 1.41E-28 7.30E-22 1.16E-19
 1.41E-18 1.62E-17 1.05E-16 3.78E-16 6.41E-16 7.30E-16
 1.00E-74 1.00E-74 1.00E-74 1.00E-74 1.00E-74 1.41E-28 7.30E-22 1.16E-19
 1.41E-18 1.62E-17 1.05E-16 3.78E-16 6.41E-16 7.30E-16
  1.07814    7  14 /pl=01:ss=71:pb= 1:sz=71/type=excit/ispb = t/isel =    4
 1.00E+10 1.00E+11 1.00E+12 1.00E+13 1.00E+14 1.00E+15 1.00E+16
 8.93E+01 1.34E+02 2.23E+02 4.47E+02 8.93E+02 2.23E+03 4.47E+03 6.70E+03
 8.93E+03 1.34E+04 2.23E+04 4.47E+04 8.93E+04 1.34E+05
 1.00E-74 1.00E-74 1.66E-34 1.79E-23 4.97E-18 7.60E-15 7.92E-14 1.66E-13
 2.37E-13 3.32E-13 4.32E-13 5.17E-13 5.54E-13 5.55E-13
 1.00E-74 1.00E-74 1.66E-34 1.79E-23 4.97E-18 7.60E-15 7.92E-14 1.66E-13
 2.37E-13 3.32E-13 4.32E-13 5.17E-13 5.54E-13 5.55E-13
 1.00E-74 1.00E-74 1.66E-34 1.79E-23 4.97E-18 7.60E-15 7.92E-14 1.66E-13
 2.37E-13 3.32E-13 4.32E-13 5.17E-13 5.54E-13 5.55E-13
 1.00E-74 1.00E-74 1.66E-34 1.79E-23 4.97E-18 7.60E-15 7.92E-14 1.66E-13
 2.37E-13 3.32E-13 4.32E-13 5.17E-13 5.54E-13 5.55E-13
 1.00E-74 1.00E-74 1.66E-34 1.79E-23 4.97E-18 7.60E-15 7.92E-14 1.66E-13
 2.37E-13 3.32E-13 4.32E-13 5.17E-13 5.54E-13 5.55E-13
 1.00E-74 1.00E-74 1.66E-34 1.79E-23 4.97E-18 7.60E-15 7.92E-14 1.66E-13
 2.37E-13 3.32E-13 4.32E-13 5.17E-13 5.54E-13 5.55E-13
 1.00E-74 1.00E-74 1.66E-34 1.79E-23 4.97E-18 7.60E-15 7.92E-14 1.66E-13
 2.37E-13 3.32E-13 4.32E-13 5.17E-13 5.54E-13 5.55E-13
  1.08085    7  14 /pl=01:ss=71:pb= 1:sz=71/type=excit/ispb = t/isel =    5
 1.00E+10 1.00E+11 1.00E+12 1.00E+13 1.00E+14 1.00E+15 1.00E+16
 8.93E+01 1.34E+02 2.23E+02 4.47E+02 8.93E+02 2.23E+03 4.47E+03 6.70E+03
 8.93E+03 1.34E+04 2.23E+04 4.47E+04 8.93E+04 1.34E+05
 1.00E-74 1.00E-74 1.00E-74 1.00E-74 1.00E-74 1.42E-28 7.10E-22 1.12E-19
 1.35E-18 1.55E-17 1.00E-16 3.61E-16 6.10E-16 6.95E-16
 1.00E-74 1.00E-74 1.00E-74 1.00E-74 1.00E-74 1.42E-28 7.10E-22 1.12E-19
 1.35E-18 1.55E-17 1.00E-16 3.61E-16 6.10E-16 6.95E-16
 1.00E-74 1.00E-74 1.00E-74 1.00E-74 1.00E-74 1.42E-28 7.10E-22 1.12E-19
 1.35E-18 1.55E-17 1.00E-16 3.61E-16 6.10E-16 6.95E-16
 1.00E-74 1.00E-74 1.00E-74 1.00E-74 1.00E-74 1.42E-28 7.10E-22 1.12E-19
 1.35E-18 1.55E-17 1.00E-16 3.61E-16 6.10E-16 6.95E-16
 1.00E-74 1.00E-74 1.00E-74 1.00E-74 1.00E-74 1.42E-28 7.10E-22 1.12E-19
 1.35E-18 1.55E-17 1.00E-16 3.61E-16 6.10E-16 6.95E-16
 1.00E-74 1.00E-74 1.00E-74 1.00E-74 1.00E-74 1.42E-28 7.10E-22 1.12E-19
 1.35E-18 1.55E-17 1.00E-16 3.61E-16 6.10E-16 6.95E-16
 1.00E-74 1.00E-74 1.00E-74 1.00E-74 1.00E-74 1.42E-28 7.10E-22 1.12E-19
 1.35E-18 1.55E-17 1.00E-16 3.61E-16 6.10E-16 6.95E-16
  1.17880    7  14 /pl=01:ss=71:pb= 1:sz=71/type=excit/ispb = t/isel =    6
 1.00E+10 1.00E+11 1.00E+12 1.00E+13 1.00E+14 1.00E+15 1.00E+16
 8.93E+01 1.34E+02 2.23E+02 4.47E+02 8.93E+02 2.23E+03 4.47E+03 6.70E+03
 8.93E+03 1.34E+04 2.23E+04 4.47E+04 8.93E+04 1.34E+05
 1.00E-74 1.00E-74 1.49E-34 2.68E-23 9.59E-18 1.61E-14 1.60E-13 3.16E-13
 4.28E-13 5.52E-13 6.24E-13 6.01E-13 5.06E-13 4.42E-13
 1.00E-74 1.00E-74 1.49E-34 2.68E-23 9.59E-18 1.61E-14 1.60E-13 3.16E-13
 4.28E-13 5.52E-13 6.24E-13 6.01E-13 5.06E-13 4.42E-13
 1.00E-74 1.00E-74 1.49E-34 2.68E-23 9.59E-18 1.61E-14 1.60E-13 3.16E-13
 4.28E-13 5.52E-13 6.24E-13 6.01E-13 5.06E-13 4.42E-13
 1.00E-74 1.00E-74 1.49E-34 2.68E-23 9.59E-18 1.61E-14 1.60E-13 3.16E-13
 4.28E-13 5.52E-13 6.24E-13 6.01E-13 5.06E-13 4.42E-13
 1.00E-74 1.00E-74 1.49E-34 2.68E-23 9.59E-18 1.61E-14 1.60E-13 3.16E-13
 4.28E-13 5.52E-13 6.24E-13 6.01E-13 5.06E-13 4.42E-13
 1.00E-74 1.00E-74 1.49E-34 2.68E-23 9.59E-18 1.61E-14 1.60E-13 3.16E-13
 4.28E-13 5.52E-13 6.24E-13 6.01E-13 5.06E-13 4.42E-13
 1.00E-74 1.00E-74 1.49E-34 2.68E-23 9.59E-18 1.61E-14 1.60E-13 3.16E-13
 4.28E-13 5.52E-13 6.24E-13 6.01E-13 5.06E-13 4.42E-13
  1.19432    7  14 /pl=01:ss=71:pb= 1:sz=71/type=excit/ispb = t/isel =    7
 1.00E+10 1.00E+11 1.00E+12 1.00E+13 1.00E+14 1.00E+15 1.00E+16
 8.93E+01 1.34E+02 2.23E+02 4.47E+02 8.93E+02 2.23E+03 4.47E+03 6.70E+03
 8.93E+03 1.34E+04 2.23E+04 4.47E+04 8.93E+04 1.34E+05
 1.00E-74 1.00E-74 1.00E-74 1.00E-74 1.00E-74 3.72E-28 1.76E-21 2.73E-19
 3.26E-18 3.69E-17 2.35E-16 8.13E-16 1.29E-15 1.39E-15
 1.00E-74 1.00E-74 1.00E-74 1.00E-74 1.00E-74 3.72E-28 1.76E-21 2.73E-19
 3.26E-18 3.69E-17 2.35E-16 8.13E-16 1.29E-15 1.39E-15
 1.00E-74 1.00E-74 1.00E-74 1.00E-74 1.00E-74 3.72E-28 1.76E-21 2.73E-19
 3.26E-18 3.69E-17 2.35E-16 8.13E-16 1.29E-15 1.39E-15
 1.00E-74 1.00E-74 1.00E-74 1.00E-74 1.00E-74 3.72E-28 1.76E-21 2.73E-19
 3.26E-18 3.69E-17 2.35E-16 8.13E-16 1.29E-15 1.39E-15
 1.00E-74 1.00E-74 1.00E-74 1.00E-74 1.00E-74 3.72E-28 1.76E-21 2.73E-19
 3.26E-18 3.69E-17 2.35E-16 8.13E-16 1.29E-15 1.39E-15
 1.00E-74 1.00E-74 1.00E-74 1.00E-74 1.00E-74 3.72E-28 1.76E-21 2.73E-19
 3.26E-18 3.69E-17 2.35E-16 8.13E-16 1.29E-15 1.39E-15
 1.00E-74 1.00E-74 1.00E-74 1.00E-74 1.00E-74 3.72E-28 1.76E-21 2.73E-19
 3.26E-18 3.69E-17 2.35E-16 8.13E-16 1.29E-15 1.39E-15
  1.19861    7  14 /pl=01:ss=71:pb= 1:sz=71/type=excit/ispb = t/isel =    8
 1.00E+10 1.00E+11 1.00E+12 1.00E+13 1.00E+14 1.00E+15 1.00E+16
 8.93E+01 1.34E+02 2.23E+02 4.47E+02 8.93E+02 2.23E+03 4.47E+03 6.70E+03
 8.93E+03 1.34E+04 2.23E+04 4.47E+04 8.93E+04 1.34E+05
 1.00E-74 1.00E-74 1.00E-74 1.00E-74 1.00E-74 1.48E-29 1.89E-22 4.13E-20
 5.87E-19 7.93E-18 5.86E-17 2.32E-16 4.08E-16 4.71E-16
 1.00E-74 1.00E-74 1.00E-74 1.00E-74 1.00E-74 1.48E-29 1.89E-22 4.13E-20
 5.87E-19 7.93E-18 5.86E-17 2.32E-16 4.08E-16 4.71E-16
 1.00E-74 1.00E-74 1.00E-74 1.00E-74 1.00E-74 1.48E-29 1.89E-22 4.13E-20
 5.87E-19 7.93E-18 5.86E-17 2.32E-16 4.08E-16 4.71E-16
 1.00E-74 1.00E-74 1.00E-74 1.00E-74 1.00E-74 1.48E-29 1.89E-22 4.13E-20
 5.87E-19 7.93E-18 5.86E-17 2.32E-16 4.08E-16 4.71E-16
 1.00E-74 1.00E-74 1.00E-74 1.00E-74 1.00E-74 1.48E-29 1.89E-22 4.13E-20
 5.87E-19 7.93E-18 5.86E-17 2.32E-16 4.08E-16 4.71E-16
 1.00E-74 1.00E-74 1.00E-74 1.00E-74 1.00E-74 1.48E-29 1.89E-22 4.13E-20
 5.87E-19 7.93E-18 5.86E-17 2.32E-16 4.08E-16 4.71E-16
 1.00E-74 1.00E-74 1.00E-74 1.00E-74 1.00E-74 1.48E-29 1.89E-22 4.13E-20
 5.87E-19 7.93E-18 5.86E-17 2.32E-16 4.08E-16 4.71E-16
  1.20537    7  14 /pl=01:ss=71:pb= 1:sz=71/type=excit/ispb = t/isel =    9
 1.00E+10 1.00E+11 1.00E+12 1.00E+13 1.00E+14 1.00E+15 1.00E+16
 8.93E+01 1.34E+02 2.23E+02 4.47E+02 8.93E+02 2.23E+03 4.47E+03 6.70E+03
 8.93E+03 1.34E+04 2.23E+04 4.47E+04 8.93E+04 1.34E+05
 1.00E-74 1.00E-74 1.06E-36 1.15E-25 3.19E-20 4.88E-17 5.08E-16 1.06E-15
 1.52E-15 2.13E-15 2.77E-15 3.32E-15 3.55E-15 3.56E-15
 1.00E-74 1.00E-74 1.06E-36 1.15E-25 3.19E-20 4.88E-17 5.08E-16 1.06E-15
 1.52E-15 2.13E-15 2.77E-15 3.32E-15 3.55E-15 3.56E-15
 1.00E-74 1.00E-74 1.06E-36 1.15E-25 3.19E-20 4.88E-17 5.08E-16 1.06E-15
 1.52E-15 2.13E-15 2.77E-15 3.32E-15 3.55E-15 3.56E-15
 1.00E-74 1.00E-74 1.06E-36 1.15E-25 3.19E-20 4.88E-17 5.08E-16 1.06E-15
 1.52E-15 2.13E-15 2.77E-15 3.32E-15 3.55E-15 3.56E-15
 1.00E-74 1.00E-74 1.06E-36 1.15E-25 3.19E-20 4.88E-17 5.08E-16 1.06E-15
 1.52E-15 2.13E-15 2.77E-15 3.32E-15 3.55E-15 3.56E-15
 1.00E-74 1.00E-74 1.06E-36 1.15E-25 3.19E-20 4.88E-17 5.08E-16 1.06E-15
 1.52E-15 2.13E-15 2.77E-15 3.32E-15 3.55E-15 3.56E-15
 1.00E-74 1.00E-74 1.06E-36 1.15E-25 3.19E-20 4.88E-17 5.08E-16 1.06E-15
 1.52E-15 2.13E-15 2.77E-15 3.32E-15 3.55E-15 3.56E-15
  1.23138    7  14 /pl=01:ss=71:pb= 1:sz=71/type=excit/ispb = t/isel =   10
 1.00E+10 1.00E+11 1.00E+12 1.00E+13 1.00E+14 1.00E+15 1.00E+16
 8.93E+01 1.34E+02 2.23E+02 4.47E+02 8.93E+02 2.23E+03 4.47E+03 6.70E+03
 8.93E+03 1.34E+04 2.23E+04 4.47E+04 8.93E+04 1.34E+05
 1.00E-74 1.00E-74 1.00E-74 1.00E-74 1.00E-74 2.35E-28 1.17E-21 1.87E-19
 2.28E-18 2.63E-17 1.71E-16 6.05E-16 9.78E-16 1.07E-15
 1.00E-74 1.00E-74 1.00E-74 1.00E-74 1.00E-74 2.35E-28 1.17E-21 1.87E-19
 2.28E-18 2.63E-17 1.71E-16 6.05E-16 9.78E-16 1.07E-15
 1.00E-74 1.00E-74 1.00E-74 1.00E-74 1.00E-74 2.35E-28 1.17E-21 1.87E-19
 2.28E-18 2.63E-17 1.71E-16 6.05E-16 9.78E-16 1.07E-15
 1.00E-74 1.00E-74 1.00E-74 1.00E-74 1.00E-74 2.35E-28 1.17E-21 1.87E-19
 2.28E-18 2.63E-17 1.71E-16 6.05E-16 9.78E-16 1.07E-15
 1.00E-74 1.00E-74 1.00E-74 1.00E-74 1.00E-74 2.35E-28 1.17E-21 1.87E-19
 2.28E-18 2.63E-17 1.71E-16 6.05E-16 9.78E-16 1.07E-15
 1.00E-74 1.00E-74 1.00E-74 1.00E-74 1.00E-74 2.35E-28 1.17E-21 1.87E-19
 2.28E-18 2.63E-17 1.71E-16 6.05E-16 9.78E-16 1.07E-15
 1.00E-74 1.00E-74 1.00E-74 1.00E-74 1.00E-74 2.35E-28 1.17E-21 1.87E-19
 2.28E-18 2.63E-17 1.71E-16 6.05E-16 9.78E-16 1.07E-15
  1.24824    7  14 /pl=01:ss=71:pb= 1:sz=71/type=excit/ispb = t/isel =   11
 1.00E+10 1.00E+11 1.00E+12 1.00E+13 1.00E+14 1.00E+15 1.00E+16
 8.93E+01 1.34E+02 2.23E+02 4.47E+02 8.93E+02 2.23E+03 4.47E+03 6.70E+03
 8.93E+03 1.34E+04 2.23E+04 4.47E+04 8.93E+04 1.34E+05
 1.00E-74 1.00E-74 7.73E-34 3.76E-23 7.02E-18 8.02E-15 7.16E-14 1.39E-13
 1.86E-13 2.39E-13 2.73E-13 2.68E-13 2.32E-13 2.08E-13
 1.00E-74 1.00E-74 7.73E-34 3.76E-23 7.02E-18 8.02E-15 7.16E-14 1.39E-13
 1.86E-13 2.39E-13 2.73E-13 2.68E-13 2.32E-13 2.08E-13
 1.00E-74 1.00E-74 7.73E-34 3.76E-23 7.02E-18 8.02E-15 7.16E-14 1.39E-13
 1.86E-13 2.39E-13 2.73E-13 2.68E-13 2.32E-13 2.08E-13
 1.00E-74 1.00E-74 7.73E-34 3.76E-23 7.02E-18 8.02E-15 7.16E-14 1.39E-13
 1.86E-13 2.39E-13 2.73E-13 2.68E-13 2.32E-13 2.08E-13
 1.00E-74 1.00E-74 7.73E-34 3.76E-23 7.02E-18 8.02E-15 7.16E-14 1.39E-13
 1.86E-13 2.39E-13 2.73E-13 2.68E-13 2.32E-13 2.08E-13
 1.00E-74 1.00E-74 7.73E-34 3.76E-23 7.02E-18 8.02E-15 7.16E-14 1.39E-13
 1.86E-13 2.39E-13 2.73E-13 2.68E-13 2.32E-13 2.08E-13
 1.00E-74 1.00E-74 7.73E-34 3.76E-23 7.02E-18 8.02E-15 7.16E-14 1.39E-13
 1.86E-13 2.39E-13 2.73E-13 2.68E-13 2.32E-13 2.08E-13
  1.30107    7  14 /pl=01:ss=71:pb= 1:sz=71/type=excit/ispb = t/isel =   12
 1.00E+10 1.00E+11 1.00E+12 1.00E+13 1.00E+14 1.00E+15 1.00E+16
 8.93E+01 1.34E+02 2.23E+02 4.47E+02 8.93E+02 2.23E+03 4.47E+03 6.70E+03
 8.93E+03 1.34E+04 2.23E+04 4.47E+04 8.93E+04 1.34E+05
 1.00E-74 1.00E-74 1.00E-74 1.00E-74 1.00E-74 5.17E-28 2.45E-21 3.80E-19
 4.53E-18 5.13E-17 3.26E-16 1.13E-15 1.80E-15 1.94E-15
 1.00E-74 1.00E-74 1.00E-74 1.00E-74 1.00E-74 5.17E-28 2.45E-21 3.80E-19
 4.53E-18 5.13E-17 3.26E-16 1.13E-15 1.80E-15 1.94E-15
 1.00E-74 1.00E-74 1.00E-74 1.00E-74 1.00E-74 5.17E-28 2.45E-21 3.80E-19
 4.53E-18 5.13E-17 3.26E-16 1.13E-15 1.80E-15 1.94E-15
 1.00E-74 1.00E-74 1.00E-74 1.00E-74 1.00E-74 5.17E-28 2.45E-21 3.80E-19
 4.53E-18 5.13E-17 3.26E-16 1.13E-15 1.80E-15 1.94E-15
 1.00E-74 1.00E-74 1.00E-74 1.00E-74 1.00E-74 5.17E-28 2.45E-21 3.80E-19
 4.53E-18 5.13E-17 3.26E-16 1.13E-15 1.80E-15 1.94E-15
 1.00E-74 1.00E-74 1.00E-74 1.00E-74 1.00E-74 5.17E-28 2.45E-21 3.80E-19
 4.53E-18 5.13E-17 3.26E-16 1.13E-15 1.80E-15 1.94E-15
 1.00E-74 1.00E-74 1.00E-74 1.00E-74 1.00E-74 5.17E-28 2.45E-21 3.80E-19
 4.53E-18 5.13E-17 3.26E-16 1.13E-15 1.80E-15 1.94E-15
  1.75602    7  14 /pl=01:ss=71:pb= 1:sz=71/type=excit/ispb = t/isel =   13
 1.00E+10 1.00E+11 1.00E+12 1.00E+13 1.00E+14 1.00E+15 1.00E+16
 8.93E+01 1.34E+02 2.23E+02 4.47E+02 8.93E+02 2.23E+03 4.47E+03 6.70E+03
 8.93E+03 1.34E+04 2.23E+04 4.47E+04 8.93E+04 1.34E+05
 1.00E-74 1.00E-74 1.00E-74 3.54E-32 1.78E-23 2.33E-18 9.97E-17 3.26E-16
 5.73E-16 9.83E-16 1.49E-15 1.99E-15 2.24E-15 2.27E-15
 1.00E-74 1.00E-74 1.00E-74 3.54E-32 1.78E-23 2.33E-18 9.97E-17 3.26E-16
 5.73E-16 9.83E-16 1.49E-15 1.99E-15 2.24E-15 2.27E-15
 1.00E-74 1.00E-74 1.00E-74 3.54E-32 1.78E-23 2.33E-18 9.97E-17 3.26E-16
 5.73E-16 9.83E-16 1.49E-15 1.99E-15 2.24E-15 2.27E-15
 1.00E-74 1.00E-74 1.00E-74 3.54E-32 1.78E-23 2.33E-18 9.97E-17 3.26E-16
 5.73E-16 9.83E-16 1.49E-15 1.99E-15 2.24E-15 2.27E-15
 1.00E-74 1.00E-74 1.00E-74 3.54E-32 1.78E-23 2.33E-18 9.97E-17 3.26E-16
 5.73E-16 9.83E-16 1.49E-15 1.99E-15 2.24E-15 2.27E-15
 1.00E-74 1.00E-74 1.00E-74 3.54E-32 1.78E-23 2.33E-18 9.97E-17 3.26E-16
 5.73E-16 9.83E-16 1.49E-15 1.99E-15 2.24E-15 2.27E-15
 1.00E-74 1.00E-74 1.00E-74 3.54E-32 1.78E-23 2.33E-18 9.97E-17 3.26E-16
 5.73E-16 9.83E-16 1.49E-15 1.99E-15 2.24E-15 2.27E-15
  1.84373    7  14 /pl=01:ss=71:pb= 1:sz=71/type=excit/ispb = t/isel =   14
 1.00E+10 1.00E+11 1.00E+12 1.00E+13 1.00E+14 1.00E+15 1.00E+16
 8.93E+01 1.34E+02 2.23E+02 4.47E+02 8.93E+02 2.23E+03 4.47E+03 6.70E+03
 8.93E+03 1.34E+04 2.23E+04 4.47E+04 8.93E+04 1.34E+05
 1.00E-74 1.00E-74 1.00E-74 5.03E-32 2.57E-23 3.36E-18 1.41E-16 4.49E-16
 7.77E-16 1.32E-15 2.03E-15 2.85E-15 3.14E-15 3.05E-15
 1.00E-74 1.00E-74 1.00E-74 5.03E-32 2.57E-23 3.36E-18 1.41E-16 4.49E-16
 7.77E-16 1.32E-15 2.03E-15 2.85E-15 3.14E-15 3.05E-15
 1.00E-74 1.00E-74 1.00E-74 5.03E-32 2.57E-23 3.36E-18 1.41E-16 4.49E-16
 7.77E-16 1.32E-15 2.03E-15 2.85E-15 3.14E-15 3.05E-15
 1.00E-74 1.00E-74 1.00E-74 5.03E-32 2.57E-23 3.36E-18 1.41E-16 4.49E-16
 7.77E-16 1.32E-15 2.03E-15 2.85E-15 3.14E-15 3.05E-15
 1.00E-74 1.00E-74 1.00E-74 5.03E-32 2.57E-23 3.36E-18 1.41E-16 4.49E-16
 7.77E-16 1.32E-15 2.03E-15 2.85E-15 3.14E-15 3.05E-15
 1.00E-74 1.00E-74 1.00E-74 5.03E-32 2.57E-23 3.36E-18 1.41E-16 4.49E-16
 7.77E-16 1.32E-15 2.03E-15 2.85E-15 3.14E-15 3.05E-15
 1.00E-74 1.00E-74 1.00E-74 5.03E-32 2.57E-23 3.36E-18 1.41E-16 4.49E-16
 7.77E-16 1.32E-15 2.03E-15 2.85E-15 3.14E-15 3.05E-15
  1.85605    7  14 /pl=01:ss=71:pb= 1:sz=71/type=excit/ispb = t/isel =   15
 1.00E+10 1.00E+11 1.00E+12 1.00E+13 1.00E+14 1.00E+15 1.00E+16
 8.93E+01 1.34E+02 2.23E+02 4.47E+02 8.93E+02 2.23E+03 4.47E+03 6.70E+03
 8.93E+03 1.34E+04 2.23E+04 4.47E+04 8.93E+04 1.34E+05
 1.00E-74 1.00E-74 1.00E-74 2.98E-32 1.45E-23 1.85E-18 7.69E-17 2.45E-16
 4.20E-16 6.82E-16 9.23E-16 1.01E-15 9.00E-16 8.00E-16
 1.00E-74 1.00E-74 1.00E-74 2.98E-32 1.45E-23 1.85E-18 7.69E-17 2.45E-16
 4.20E-16 6.82E-16 9.23E-16 1.01E-15 9.00E-16 8.00E-16
 1.00E-74 1.00E-74 1.00E-74 2.98E-32 1.45E-23 1.85E-18 7.69E-17 2.45E-16
 4.20E-16 6.82E-16 9.23E-16 1.01E-15 9.00E-16 8.00E-16
 1.00E-74 1.00E-74 1.00E-74 2.98E-32 1.45E-23 1.85E-18 7.69E-17 2.45E-16
 4.20E-16 6.82E-16 9.23E-16 1.01E-15 9.00E-16 8.00E-16
 1.00E-74 1.00E-74 1.00E-74 2.98E-32 1.45E-23 1.85E-18 7.69E-17 2.45E-16
 4.20E-16 6.82E-16 9.23E-16 1.01E-15 9.00E-16 8.00E-16
 1.00E-74 1.00E-74 1.00E-74 2.98E-32 1.45E-23 1.85E-18 7.69E-17 2.45E-16
 4.20E-16 6.82E-16 9.23E-16 1.01E-15 9.00E-16 8.00E-16
 1.00E-74 1.00E-74 1.00E-74 2.98E-32 1.45E-23 1.85E-18 7.69E-17 2.45E-16
 4.20E-16 6.82E-16 9.23E-16 1.01E-15 9.00E-16 8.00E-16
  1.90125    7  14 /pl=01:ss=71:pb= 1:sz=71/type=excit/ispb = t/isel =   16
 1.00E+10 1.00E+11 1.00E+12 1.00E+13 1.00E+14 1.00E+15 1.00E+16
 8.93E+01 1.34E+02 2.23E+02 4.47E+02 8.93E+02 2.23E+03 4.47E+03 6.70E+03
 8.93E+03 1.34E+04 2.23E+04 4.47E+04 8.93E+04 1.34E+05
 1.00E-74 1.00E-74 1.00E-74 2.10E-31 5.85E-23 5.40E-18 2.06E-16 6.46E-16
 1.11E-15 1.87E-15 2.73E-15 3.54E-15 3.86E-15 3.89E-15
 1.00E-74 1.00E-74 1.00E-74 2.10E-31 5.85E-23 5.40E-18 2.06E-16 6.46E-16
 1.11E-15 1.87E-15 2.73E-15 3.54E-15 3.86E-15 3.89E-15
 1.00E-74 1.00E-74 1.00E-74 2.10E-31 5.85E-23 5.40E-18 2.06E-16 6.46E-16
 1.11E-15 1.87E-15 2.73E-15 3.54E-15 3.86E-15 3.89E-15
 1.00E-74 1.00E-74 1.00E-74 2.10E-31 5.85E-23 5.40E-18 2.06E-16 6.46E-16
 1.11E-15 1.87E-15 2.73E-15 3.54E-15 3.86E-15 3.89E-15
 1.00E-74 1.00E-74 1.00E-74 2.10E-31 5.85E-23 5.40E-18 2.06E-16 6.46E-16
 1.11E-15 1.87E-15 2.73E-15 3.54E-15 3.86E-15 3.89E-15
 1.00E-74 1.00E-74 1.00E-74 2.10E-31 5.85E-23 5.40E-18 2.06E-16 6.46E-16
 1.11E-15 1.87E-15 2.73E-15 3.54E-15 3.86E-15 3.89E-15
 1.00E-74 1.00E-74 3.57E-48 2.10E-31 5.85E-23 5.40E-18 2.06E-16 6.46E-16
 1.11E-15 1.87E-15 2.73E-15 3.54E-15 3.86E-15 3.89E-15
  2.00088    7  14 /pl=01:ss=71:pb= 1:sz=71/type=excit/ispb = t/isel =   17
 1.00E+10 1.00E+11 1.00E+12 1.00E+13 1.00E+14 1.00E+15 1.00E+16
 8.93E+01 1.34E+02 2.23E+02 4.47E+02 8.93E+02 2.23E+03 4.47E+03 6.70E+03
 8.93E+03 1.34E+04 2.23E+04 4.47E+04 8.93E+04 1.34E+05
 1.00E-74 1.00E-74 1.00E-74 2.99E-31 8.49E-23 7.80E-18 2.90E-16 8.88E-16
 1.49E-15 2.38E-15 3.15E-15 3.40E-15 3.01E-15 2.68E-15
 1.00E-74 1.00E-74 1.00E-74 2.99E-31 8.49E-23 7.80E-18 2.90E-16 8.88E-16
 1.49E-15 2.38E-15 3.15E-15 3.40E-15 3.01E-15 2.68E-15
 1.00E-74 1.00E-74 1.00E-74 2.99E-31 8.49E-23 7.80E-18 2.90E-16 8.88E-16
 1.49E-15 2.38E-15 3.15E-15 3.40E-15 3.01E-15 2.68E-15
 1.00E-74 1.00E-74 1.00E-74 2.99E-31 8.49E-23 7.80E-18 2.90E-16 8.88E-16
 1.49E-15 2.38E-15 3.15E-15 3.40E-15 3.01E-15 2.68E-15
 1.00E-74 1.00E-74 1.00E-74 2.99E-31 8.49E-23 7.80E-18 2.90E-16 8.88E-16
 1.49E-15 2.38E-15 3.15E-15 3.40E-15 3.01E-15 2.68E-15
 1.00E-74 1.00E-74 1.00E-74 2.99E-31 8.49E-23 7.80E-18 2.90E-16 8.88E-16
 1.49E-15 2.38E-15 3.15E-15 3.40E-15 3.01E-15 2.68E-15
 1.00E-74 1.00E-74 1.00E-74 2.99E-31 8.49E-23 7.80E-18 2.90E-16 8.88E-16
 1.49E-15 2.38E-15 3.15E-15 3.40E-15 3.01E-15 2.68E-15
  2.02437    7  14 /pl=01:ss=71:pb= 1:sz=71/type=excit/ispb = t/isel =   18
 1.00E+10 1.00E+11 1.00E+12 1.00E+13 1.00E+14 1.00E+15 1.00E+16
 8.93E+01 1.34E+02 2.23E+02 4.47E+02 8.93E+02 2.23E+03 4.47E+03 6.70E+03
 8.93E+03 1.34E+04 2.23E+04 4.47E+04 8.93E+04 1.34E+05
 1.00E-74 1.00E-74 1.00E-74 1.98E-31 5.19E-23 4.57E-18 1.69E-16 5.16E-16
 8.69E-16 1.39E-15 1.85E-15 2.01E-15 1.80E-15 1.61E-15
 1.00E-74 1.00E-74 1.00E-74 1.98E-31 5.19E-23 4.57E-18 1.69E-16 5.16E-16
 8.69E-16 1.39E-15 1.85E-15 2.01E-15 1.80E-15 1.61E-15
 1.00E-74 1.00E-74 1.00E-74 1.98E-31 5.19E-23 4.57E-18 1.69E-16 5.16E-16
 8.69E-16 1.39E-15 1.85E-15 2.01E-15 1.80E-15 1.61E-15
 1.00E-74 1.00E-74 1.00E-74 1.98E-31 5.19E-23 4.57E-18 1.69E-16 5.16E-16
 8.69E-16 1.39E-15 1.85E-15 2.01E-15 1.80E-15 1.61E-15
 1.00E-74 1.00E-74 1.00E-74 1.98E-31 5.19E-23 4.57E-18 1.69E-16 5.16E-16
 8.69E-16 1.39E-15 1.85E-15 2.01E-15 1.80E-15 1.61E-15
 1.00E-74 1.00E-74 1.00E-74 1.98E-31 5.19E-23 4.57E-18 1.69E-16 5.16E-16
 8.69E-16 1.39E-15 1.85E-15 2.01E-15 1.80E-15 1.61E-15
 1.00E-74 1.00E-74 3.25E-48 1.98E-31 5.19E-23 4.57E-18 1.69E-16 5.16E-16
 8.69E-16 1.39E-15 1.85E-15 2.01E-15 1.80E-15 1.61E-15
  2.08864    7  14 /pl=01:ss=71:pb= 1:sz=71/type=excit/ispb = t/isel =   19
 1.00E+10 1.00E+11 1.00E+12 1.00E+13 1.00E+14 1.00E+15 1.00E+16
 8.93E+01 1.34E+02 2.23E+02 4.47E+02 8.93E+02 2.23E+03 4.47E+03 6.70E+03
 8.93E+03 1.34E+04 2.23E+04 4.47E+04 8.93E+04 1.34E+05
 1.00E-74 1.00E-74 1.00E-74 2.91E-32 8.10E-24 7.48E-19 2.85E-17 8.95E-17
 1.54E-16 2.59E-16 3.78E-16 4.90E-16 5.34E-16 5.38E-16
 1.00E-74 1.00E-74 1.00E-74 2.91E-32 8.10E-24 7.48E-19 2.85E-17 8.95E-17
 1.54E-16 2.59E-16 3.78E-16 4.90E-16 5.34E-16 5.38E-16
 1.00E-74 1.00E-74 1.00E-74 2.91E-32 8.10E-24 7.48E-19 2.85E-17 8.95E-17
 1.54E-16 2.59E-16 3.78E-16 4.90E-16 5.34E-16 5.38E-16
 1.00E-74 1.00E-74 1.00E-74 2.91E-32 8.10E-24 7.48E-19 2.85E-17 8.95E-17
 1.54E-16 2.59E-16 3.78E-16 4.90E-16 5.34E-16 5.38E-16
 1.00E-74 1.00E-74 1.00E-74 2.91E-32 8.10E-24 7.48E-19 2.85E-17 8.95E-17
 1.54E-16 2.59E-16 3.78E-16 4.90E-16 5.34E-16 5.38E-16
 1.00E-74 1.00E-74 1.00E-74 2.91E-32 8.10E-24 7.48E-19 2.85E-17 8.95E-17
 1.54E-16 2.59E-16 3.78E-16 4.90E-16 5.34E-16 5.38E-16
 1.00E-74 1.00E-74 4.95E-49 2.91E-32 8.10E-24 7.48E-19 2.85E-17 8.95E-17
 1.54E-16 2.59E-16 3.78E-16 4.90E-16 5.34E-16 5.38E-16
  2.20473    7  14 /pl=01:ss=71:pb= 1:sz=71/type=excit/ispb = t/isel =   20
 1.00E+10 1.00E+11 1.00E+12 1.00E+13 1.00E+14 1.00E+15 1.00E+16
 8.93E+01 1.34E+02 2.23E+02 4.47E+02 8.93E+02 2.23E+03 4.47E+03 6.70E+03
 8.93E+03 1.34E+04 2.23E+04 4.47E+04 8.93E+04 1.34E+05
 1.00E-74 1.00E-74 1.00E-74 3.14E-30 3.25E-22 1.67E-17 5.28E-16 1.56E-15
 2.62E-15 4.25E-15 6.08E-15 7.68E-15 8.32E-15 8.35E-15
 1.00E-74 1.00E-74 1.00E-74 3.14E-30 3.25E-22 1.67E-17 5.28E-16 1.56E-15
 2.62E-15 4.25E-15 6.08E-15 7.68E-15 8.32E-15 8.35E-15
 1.00E-74 1.00E-74 1.00E-74 3.14E-30 3.25E-22 1.67E-17 5.28E-16 1.56E-15
 2.62E-15 4.25E-15 6.08E-15 7.68E-15 8.32E-15 8.35E-15
 1.00E-74 1.00E-74 1.00E-74 3.14E-30 3.25E-22 1.67E-17 5.28E-16 1.56E-15
 2.62E-15 4.25E-15 6.08E-15 7.68E-15 8.32E-15 8.35E-15
 1.00E-74 1.00E-74 1.00E-74 3.14E-30 3.25E-22 1.67E-17 5.28E-16 1.56E-15
 2.62E-15 4.25E-15 6.08E-15 7.68E-15 8.32E-15 8.35E-15
 1.00E-74 1.00E-74 2.43E-46 3.14E-30 3.25E-22 1.67E-17 5.28E-16 1.56E-15
 2.62E-15 4.25E-15 6.08E-15 7.68E-15 8.32E-15 8.35E-15
 1.00E-74 1.00E-74 2.18E-46 3.14E-30 3.25E-22 1.67E-17 5.28E-16 1.56E-15
 2.62E-15 4.25E-15 6.08E-15 7.68E-15 8.32E-15 8.35E-15
  2.33057    7  14 /pl=01:ss=71:pb= 1:sz=71/type=excit/ispb = t/isel =   21
 1.00E+10 1.00E+11 1.00E+12 1.00E+13 1.00E+14 1.00E+15 1.00E+16
 8.93E+01 1.34E+02 2.23E+02 4.47E+02 8.93E+02 2.23E+03 4.47E+03 6.70E+03
 8.93E+03 1.34E+04 2.23E+04 4.47E+04 8.93E+04 1.34E+05
 1.00E-74 1.00E-74 1.00E-74 4.58E-30 4.87E-22 2.49E-17 7.67E-16 2.20E-15
 3.59E-15 5.52E-15 7.11E-15 7.47E-15 6.51E-15 5.72E-15
 1.00E-74 1.00E-74 1.00E-74 4.58E-30 4.87E-22 2.49E-17 7.67E-16 2.20E-15
 3.59E-15 5.52E-15 7.11E-15 7.47E-15 6.51E-15 5.72E-15
 1.00E-74 1.00E-74 1.00E-74 4.58E-30 4.87E-22 2.49E-17 7.67E-16 2.20E-15
 3.59E-15 5.52E-15 7.11E-15 7.47E-15 6.51E-15 5.72E-15
 1.00E-74 1.00E-74 1.00E-74 4.58E-30 4.87E-22 2.49E-17 7.67E-16 2.20E-15
 3.59E-15 5.52E-15 7.11E-15 7.47E-15 6.51E-15 5.72E-15
 1.00E-74 1.00E-74 1.00E-74 4.58E-30 4.87E-22 2.49E-17 7.67E-16 2.20E-15
 3.59E-15 5.52E-15 7.11E-15 7.47E-15 6.51E-15 5.72E-15
 1.00E-74 1.00E-74 2.70E-46 4.58E-30 4.87E-22 2.49E-17 7.67E-16 2.20E-15
 3.59E-15 5.52E-15 7.11E-15 7.47E-15 6.51E-15 5.72E-15
 1.00E-74 1.00E-74 2.83E-46 4.58E-30 4.87E-22 2.49E-17 7.67E-16 2.20E-15
 3.59E-15 5.52E-15 7.11E-15 7.47E-15 6.51E-15 5.72E-15
  2.38675    7  14 /pl=01:ss=71:pb= 1:sz=71/type=excit/ispb = t/isel =   22
 1.00E+10 1.00E+11 1.00E+12 1.00E+13 1.00E+14 1.00E+15 1.00E+16
 8.93E+01 1.34E+02 2.23E+02 4.47E+02 8.93E+02 2.23E+03 4.47E+03 6.70E+03
 8.93E+03 1.34E+04 2.23E+04 4.47E+04 8.93E+04 1.34E+05
 1.00E-74 1.00E-74 1.00E-74 3.66E-30 3.41E-22 1.64E-17 4.91E-16 1.41E-15
 2.31E-15 3.56E-15 4.66E-15 5.03E-15 4.48E-15 4.01E-15
 1.00E-74 1.00E-74 1.00E-74 3.66E-30 3.41E-22 1.64E-17 4.91E-16 1.41E-15
 2.31E-15 3.56E-15 4.66E-15 5.03E-15 4.48E-15 4.01E-15
 1.00E-74 1.00E-74 1.00E-74 3.66E-30 3.41E-22 1.64E-17 4.91E-16 1.41E-15
 2.31E-15 3.56E-15 4.66E-15 5.03E-15 4.48E-15 4.01E-15
 1.00E-74 1.00E-74 1.00E-74 3.66E-30 3.41E-22 1.64E-17 4.91E-16 1.41E-15
 2.31E-15 3.56E-15 4.66E-15 5.03E-15 4.48E-15 4.01E-15
 1.00E-74 1.00E-74 5.91E-46 3.66E-30 3.41E-22 1.64E-17 4.91E-16 1.41E-15
 2.31E-15 3.56E-15 4.66E-15 5.03E-15 4.48E-15 4.01E-15
 1.00E-74 1.00E-74 2.96E-46 3.66E-30 3.41E-22 1.64E-17 4.91E-16 1.41E-15
 2.31E-15 3.56E-15 4.66E-15 5.03E-15 4.48E-15 4.01E-15
 1.00E-74 1.00E-74 3.02E-46 3.66E-30 3.41E-22 1.64E-17 4.91E-16 1.41E-15
 2.31E-15 3.56E-15 4.66E-15 5.03E-15 4.48E-15 4.01E-15
  2.46075    7  14 /pl=01:ss=71:pb= 1:sz=71/type=excit/ispb = t/isel =   23
 1.00E+10 1.00E+11 1.00E+12 1.00E+13 1.00E+14 1.00E+15 1.00E+16
 8.93E+01 1.34E+02 2.23E+02 4.47E+02 8.93E+02 2.23E+03 4.47E+03 6.70E+03
 8.93E+03 1.34E+04 2.23E+04 4.47E+04 8.93E+04 1.34E+05
 1.00E-74 1.00E-74 1.00E-74 4.90E-31 5.07E-23 2.61E-18 8.24E-17 2.44E-16
 4.09E-16 6.64E-16 9.50E-16 1.20E-15 1.30E-15 1.30E-15
 1.00E-74 1.00E-74 1.00E-74 4.90E-31 5.07E-23 2.61E-18 8.24E-17 2.44E-16
 4.09E-16 6.64E-16 9.50E-16 1.20E-15 1.30E-15 1.30E-15
 1.00E-74 1.00E-74 1.00E-74 4.90E-31 5.07E-23 2.61E-18 8.24E-17 2.44E-16
 4.09E-16 6.64E-16 9.50E-16 1.20E-15 1.30E-15 1.30E-15
 1.00E-74 1.00E-74 1.00E-74 4.90E-31 5.07E-23 2.61E-18 8.24E-17 2.44E-16
 4.09E-16 6.64E-16 9.50E-16 1.20E-15 1.30E-15 1.30E-15
 1.00E-74 1.00E-74 1.00E-74 4.90E-31 5.07E-23 2.61E-18 8.24E-17 2.44E-16
 4.09E-16 6.64E-16 9.50E-16 1.20E-15 1.30E-15 1.30E-15
 1.00E-74 1.00E-74 3.79E-47 4.90E-31 5.07E-23 2.61E-18 8.24E-17 2.44E-16
 4.09E-16 6.64E-16 9.50E-16 1.20E-15 1.30E-15 1.30E-15
 1.00E-74 1.00E-74 3.41E-47 4.90E-31 5.07E-23 2.61E-18 8.24E-17 2.44E-16
 4.09E-16 6.64E-16 9.50E-16 1.20E-15 1.30E-15 1.30E-15
  3.13018    7  14 /pl=01:ss=71:pb= 1:sz=71/type=excit/ispb = t/isel =   24
 1.00E+10 1.00E+11 1.00E+12 1.00E+13 1.00E+14 1.00E+15 1.00E+16
 8.93E+01 1.34E+02 2.23E+02 4.47E+02 8.93E+02 2.23E+03 4.47E+03 6.70E+03
 8.93E+03 1.34E+04 2.23E+04 4.47E+04 8.93E+04 1.34E+05
 1.00E-74 1.00E-74 1.00E-74 3.16E-28 5.05E-21 8.77E-17 1.96E-15 5.20E-15
 8.26E-15 1.28E-14 1.76E-14 2.17E-14 2.33E-14 2.33E-14
 1.00E-74 1.00E-74 1.08E-42 3.16E-28 5.05E-21 8.77E-17 1.96E-15 5.20E-15
 8.26E-15 1.28E-14 1.76E-14 2.17E-14 2.33E-14 2.33E-14
 1.00E-74 1.00E-74 8.68E-43 3.16E-28 5.05E-21 8.77E-17 1.96E-15 5.20E-15
 8.26E-15 1.28E-14 1.76E-14 2.17E-14 2.33E-14 2.33E-14
 1.00E-74 1.00E-74 9.11E-43 3.16E-28 5.05E-21 8.77E-17 1.96E-15 5.20E-15
 8.26E-15 1.28E-14 1.76E-14 2.17E-14 2.33E-14 2.33E-14
 1.00E-74 1.00E-74 9.12E-43 3.16E-28 5.05E-21 8.77E-17 1.96E-15 5.20E-15
 8.26E-15 1.28E-14 1.76E-14 2.17E-14 2.33E-14 2.33E-14
 1.00E-74 1.00E-74 9.12E-43 3.16E-28 5.05E-21 8.77E-17 1.96E-15 5.20E-15
 8.26E-15 1.28E-14 1.76E-14 2.17E-14 2.33E-14 2.33E-14
 1.00E-74 1.00E-74 9.12E-43 3.16E-28 5.05E-21 8.77E-17 1.96E-15 5.20E-15
 8.26E-15 1.28E-14 1.76E-14 2.17E-14 2.33E-14 2.33E-14
  3.34582    7  14 /pl=01:ss=71:pb= 1:sz=71/type=excit/ispb = t/isel =   25
 1.00E+10 1.00E+11 1.00E+12 1.00E+13 1.00E+14 1.00E+15 1.00E+16
 8.93E+01 1.34E+02 2.23E+02 4.47E+02 8.93E+02 2.23E+03 4.47E+03 6.70E+03
 8.93E+03 1.34E+04 2.23E+04 4.47E+04 8.93E+04 1.34E+05
 1.00E-74 1.00E-74 1.00E-74 4.89E-28 8.52E-21 1.48E-16 3.17E-15 8.10E-15
 1.24E-14 1.81E-14 2.24E-14 2.27E-14 1.95E-14 1.71E-14
 1.00E-74 1.00E-74 1.00E-74 4.89E-28 8.52E-21 1.48E-16 3.17E-15 8.10E-15
 1.24E-14 1.81E-14 2.24E-14 2.27E-14 1.95E-14 1.71E-14
 1.00E-74 1.00E-74 1.09E-42 4.89E-28 8.52E-21 1.48E-16 3.17E-15 8.10E-15
 1.24E-14 1.81E-14 2.24E-14 2.27E-14 1.95E-14 1.71E-14
 1.00E-74 1.00E-74 1.15E-42 4.89E-28 8.52E-21 1.48E-16 3.17E-15 8.10E-15
 1.24E-14 1.81E-14 2.24E-14 2.27E-14 1.95E-14 1.71E-14
 1.00E-74 1.00E-74 1.14E-42 4.89E-28 8.52E-21 1.48E-16 3.17E-15 8.10E-15
 1.24E-14 1.81E-14 2.24E-14 2.27E-14 1.95E-14 1.71E-14
 1.00E-74 1.00E-74 1.14E-42 4.89E-28 8.52E-21 1.48E-16 3.17E-15 8.10E-15
 1.24E-14 1.81E-14 2.24E-14 2.27E-14 1.95E-14 1.71E-14
 1.00E-74 1.00E-74 1.14E-42 4.89E-28 8.52E-21 1.48E-16 3.17E-15 8.10E-15
 1.24E-14 1.81E-14 2.24E-14 2.27E-14 1.95E-14 1.71E-14
  3.58320    7  14 /pl=01:ss=71:pb= 1:sz=71/type=excit/ispb = t/isel =   26
 1.00E+10 1.00E+11 1.00E+12 1.00E+13 1.00E+14 1.00E+15 1.00E+16
 8.93E+01 1.34E+02 2.23E+02 4.47E+02 8.93E+02 2.23E+03 4.47E+03 6.70E+03
 8.93E+03 1.34E+04 2.23E+04 4.47E+04 8.93E+04 1.34E+05
 1.00E-74 1.00E-74 1.00E-74 6.05E-28 8.09E-21 1.22E-16 2.52E-15 6.40E-15
 9.83E-15 1.44E-14 1.80E-14 1.88E-14 1.68E-14 1.51E-14
 1.00E-74 1.00E-74 2.54E-42 6.05E-28 8.09E-21 1.22E-16 2.52E-15 6.40E-15
 9.83E-15 1.44E-14 1.80E-14 1.88E-14 1.68E-14 1.51E-14
 1.00E-74 1.00E-74 2.41E-42 6.05E-28 8.09E-21 1.22E-16 2.52E-15 6.40E-15
 9.83E-15 1.44E-14 1.80E-14 1.88E-14 1.68E-14 1.51E-14
 1.00E-74 1.00E-74 2.44E-42 6.05E-28 8.09E-21 1.22E-16 2.52E-15 6.40E-15
 9.83E-15 1.44E-14 1.80E-14 1.88E-14 1.68E-14 1.51E-14
 1.00E-74 1.00E-74 2.44E-42 6.05E-28 8.09E-21 1.22E-16 2.52E-15 6.40E-15
 9.83E-15 1.44E-14 1.80E-14 1.88E-14 1.68E-14 1.51E-14
 1.00E-74 1.00E-74 2.44E-42 6.05E-28 8.09E-21 1.22E-16 2.52E-15 6.40E-15
 9.83E-15 1.44E-14 1.80E-14 1.88E-14 1.68E-14 1.51E-14
 1.00E-74 1.00E-74 2.44E-42 6.05E-28 8.09E-21 1.22E-16 2.52E-15 6.40E-15
 9.83E-15 1.44E-14 1.80E-14 1.88E-14 1.68E-14 1.51E-14
  3.67269    7  14 /pl=01:ss=71:pb= 1:sz=71/type=excit/ispb = t/isel =   27
 1.00E+10 1.00E+11 1.00E+12 1.00E+13 1.00E+14 1.00E+15 1.00E+16
 8.93E+01 1.34E+02 2.23E+02 4.47E+02 8.93E+02 2.23E+03 4.47E+03 6.70E+03
 8.93E+03 1.34E+04 2.23E+04 4.47E+04 8.93E+04 1.34E+05
 1.00E-74 1.00E-74 1.00E-74 6.50E-29 1.04E-21 1.80E-17 4.03E-16 1.07E-15
 1.70E-15 2.63E-15 3.62E-15 4.46E-15 4.79E-15 4.79E-15
 1.00E-74 1.00E-74 2.23E-43 6.50E-29 1.04E-21 1.80E-17 4.03E-16 1.07E-15
 1.70E-15 2.63E-15 3.62E-15 4.46E-15 4.79E-15 4.79E-15
 1.00E-74 1.00E-74 1.78E-43 6.50E-29 1.04E-21 1.80E-17 4.03E-16 1.07E-15
 1.70E-15 2.63E-15 3.62E-15 4.46E-15 4.79E-15 4.79E-15
 1.00E-74 1.00E-74 1.87E-43 6.50E-29 1.04E-21 1.80E-17 4.03E-16 1.07E-15
 1.70E-15 2.63E-15 3.62E-15 4.46E-15 4.79E-15 4.79E-15
 1.00E-74 1.00E-74 1.87E-43 6.50E-29 1.04E-21 1.80E-17 4.03E-16 1.07E-15
 1.70E-15 2.63E-15 3.62E-15 4.46E-15 4.79E-15 4.79E-15
 1.00E-74 1.00E-74 1.87E-43 6.50E-29 1.04E-21 1.80E-17 4.03E-16 1.07E-15
 1.70E-15 2.63E-15 3.62E-15 4.46E-15 4.79E-15 4.79E-15
 1.00E-74 1.00E-74 1.87E-43 6.50E-29 1.04E-21 1.80E-17 4.03E-16 1.07E-15
 1.70E-15 2.63E-15 3.62E-15 4.46E-15 4.79E-15 4.79E-15
  3.81825    7  14 /pl=01:ss=71:pb= 1:sz=71/type=excit/ispb = t/isel =   28
 1.00E+10 1.00E+11 1.00E+12 1.00E+13 1.00E+14 1.00E+15 1.00E+16
 8.93E+01 1.34E+02 2.23E+02 4.47E+02 8.93E+02 2.23E+03 4.47E+03 6.70E+03
 8.93E+03 1.34E+04 2.23E+04 4.47E+04 8.93E+04 1.34E+05
 1.00E-74 1.00E-74 1.00E-74 1.55E-32 7.81E-24 1.02E-18 4.37E-17 1.43E-16
 2.51E-16 4.32E-16 6.52E-16 8.74E-16 9.81E-16 9.96E-16
 1.00E-74 1.00E-74 1.00E-74 1.55E-32 7.81E-24 1.02E-18 4.37E-17 1.43E-16
 2.51E-16 4.32E-16 6.52E-16 8.74E-16 9.81E-16 9.96E-16
 1.00E-74 1.00E-74 1.00E-74 1.55E-32 7.81E-24 1.02E-18 4.37E-17 1.43E-16
 2.51E-16 4.32E-16 6.52E-16 8.74E-16 9.81E-16 9.96E-16
 1.00E-74 1.00E-74 1.00E-74 1.55E-32 7.81E-24 1.02E-18 4.37E-17 1.43E-16
 2.51E-16 4.32E-16 6.52E-16 8.74E-16 9.81E-16 9.96E-16
 1.00E-74 1.00E-74 1.00E-74 1.55E-32 7.81E-24 1.02E-18 4.37E-17 1.43E-16
 2.51E-16 4.32E-16 6.52E-16 8.74E-16 9.81E-16 9.96E-16
 1.00E-74 1.00E-74 1.00E-74 1.55E-32 7.81E-24 1.02E-18 4.37E-17 1.43E-16
 2.51E-16 4.32E-16 6.52E-16 8.74E-16 9.81E-16 9.96E-16
 1.00E-74 1.00E-74 1.00E-74 1.55E-32 7.81E-24 1.02E-18 4.37E-17 1.43E-16
 2.51E-16 4.32E-16 6.52E-16 8.74E-16 9.81E-16 9.96E-16
  3.97772    7  14 /pl=01:ss=71:pb= 1:sz=71/type=excit/ispb = t/isel =   29
 1.00E+10 1.00E+11 1.00E+12 1.00E+13 1.00E+14 1.00E+15 1.00E+16
 8.93E+01 1.34E+02 2.23E+02 4.47E+02 8.93E+02 2.23E+03 4.47E+03 6.70E+03
 8.93E+03 1.34E+04 2.23E+04 4.47E+04 8.93E+04 1.34E+05
 1.00E-74 1.00E-74 1.00E-74 2.25E-32 1.15E-23 1.50E-18 6.30E-17 2.01E-16
 3.48E-16 5.90E-16 9.11E-16 1.28E-15 1.41E-15 1.37E-15
 1.00E-74 1.00E-74 1.00E-74 2.25E-32 1.15E-23 1.50E-18 6.30E-17 2.01E-16
 3.48E-16 5.90E-16 9.11E-16 1.28E-15 1.41E-15 1.37E-15
 1.00E-74 1.00E-74 1.00E-74 2.25E-32 1.15E-23 1.50E-18 6.30E-17 2.01E-16
 3.48E-16 5.90E-16 9.11E-16 1.28E-15 1.41E-15 1.37E-15
 1.00E-74 1.00E-74 1.00E-74 2.25E-32 1.15E-23 1.50E-18 6.30E-17 2.01E-16
 3.48E-16 5.90E-16 9.11E-16 1.28E-15 1.41E-15 1.37E-15
 1.00E-74 1.00E-74 1.00E-74 2.25E-32 1.15E-23 1.50E-18 6.30E-17 2.01E-16
 3.48E-16 5.90E-16 9.11E-16 1.28E-15 1.41E-15 1.37E-15
 1.00E-74 1.00E-74 1.00E-74 2.25E-32 1.15E-23 1.50E-18 6.30E-17 2.01E-16
 3.48E-16 5.90E-16 9.11E-16 1.28E-15 1.41E-15 1.37E-15
 1.00E-74 1.00E-74 1.00E-74 2.25E-32 1.15E-23 1.50E-18 6.30E-17 2.01E-16
 3.48E-16 5.90E-16 9.11E-16 1.28E-15 1.41E-15 1.37E-15
  4.03551    7  14 /pl=01:ss=71:pb= 1:sz=71/type=excit/ispb = t/isel =   30
 1.00E+10 1.00E+11 1.00E+12 1.00E+13 1.00E+14 1.00E+15 1.00E+16
 8.93E+01 1.34E+02 2.23E+02 4.47E+02 8.93E+02 2.23E+03 4.47E+03 6.70E+03
 8.93E+03 1.34E+04 2.23E+04 4.47E+04 8.93E+04 1.34E+05
 1.00E-74 1.00E-74 1.00E-74 1.97E-32 9.59E-24 1.22E-18 5.07E-17 1.62E-16
 2.77E-16 4.50E-16 6.09E-16 6.65E-16 5.94E-16 5.28E-16
 1.00E-74 1.00E-74 1.00E-74 1.97E-32 9.59E-24 1.22E-18 5.07E-17 1.62E-16
 2.77E-16 4.50E-16 6.09E-16 6.65E-16 5.94E-16 5.28E-16
 1.00E-74 1.00E-74 1.00E-74 1.97E-32 9.59E-24 1.22E-18 5.07E-17 1.62E-16
 2.77E-16 4.50E-16 6.09E-16 6.65E-16 5.94E-16 5.28E-16
 1.00E-74 1.00E-74 1.00E-74 1.97E-32 9.59E-24 1.22E-18 5.07E-17 1.62E-16
 2.77E-16 4.50E-16 6.09E-16 6.65E-16 5.94E-16 5.28E-16
 1.00E-74 1.00E-74 1.00E-74 1.97E-32 9.59E-24 1.22E-18 5.07E-17 1.62E-16
 2.77E-16 4.50E-16 6.09E-16 6.65E-16 5.94E-16 5.28E-16
 1.00E-74 1.00E-74 1.00E-74 1.97E-32 9.59E-24 1.22E-18 5.07E-17 1.62E-16
 2.77E-16 4.50E-16 6.09E-16 6.65E-16 5.94E-16 5.28E-16
 1.00E-74 1.00E-74 1.00E-74 1.97E-32 9.59E-24 1.22E-18 5.07E-17 1.62E-16
 2.77E-16 4.50E-16 6.09E-16 6.65E-16 5.94E-16 5.28E-16
  4.13052    7  14 /pl=01:ss=71:pb= 1:sz=71/type=excit/ispb = t/isel =   31
 1.00E+10 1.00E+11 1.00E+12 1.00E+13 1.00E+14 1.00E+15 1.00E+16
 8.93E+01 1.34E+02 2.23E+02 4.47E+02 8.93E+02 2.23E+03 4.47E+03 6.70E+03
 8.93E+03 1.34E+04 2.23E+04 4.47E+04 8.93E+04 1.34E+05
 1.00E-74 1.00E-74 1.00E-74 4.89E-33 2.46E-24 3.22E-19 1.38E-17 4.50E-17
 7.92E-17 1.36E-16 2.05E-16 2.75E-16 3.09E-16 3.14E-16
 1.00E-74 1.00E-74 1.00E-74 4.89E-33 2.46E-24 3.22E-19 1.38E-17 4.50E-17
 7.92E-17 1.36E-16 2.05E-16 2.75E-16 3.09E-16 3.14E-16
 1.00E-74 1.00E-74 1.00E-74 4.89E-33 2.46E-24 3.22E-19 1.38E-17 4.50E-17
 7.92E-17 1.36E-16 2.05E-16 2.75E-16 3.09E-16 3.14E-16
 1.00E-74 1.00E-74 1.00E-74 4.89E-33 2.46E-24 3.22E-19 1.38E-17 4.50E-17
 7.92E-17 1.36E-16 2.05E-16 2.75E-16 3.09E-16 3.14E-16
 1.00E-74 1.00E-74 1.00E-74 4.89E-33 2.46E-24 3.22E-19 1.38E-17 4.50E-17
 7.92E-17 1.36E-16 2.05E-16 2.75E-16 3.09E-16 3.14E-16
 1.00E-74 1.00E-74 1.00E-74 4.89E-33 2.46E-24 3.22E-19 1.38E-17 4.50E-17
 7.92E-17 1.36E-16 2.05E-16 2.75E-16 3.09E-16 3.14E-16
 1.00E-74 1.00E-74 1.00E-74 4.89E-33 2.46E-24 3.22E-19 1.38E-17 4.50E-17
 7.92E-17 1.36E-16 2.05E-16 2.75E-16 3.09E-16 3.14E-16
  4.57875    7  14 /pl=01:ss=71:pb= 1:sz=71/type=excit/ispb = t/isel =   32
 1.00E+10 1.00E+11 1.00E+12 1.00E+13 1.00E+14 1.00E+15 1.00E+16
 8.93E+01 1.34E+02 2.23E+02 4.47E+02 8.93E+02 2.23E+03 4.47E+03 6.70E+03
 8.93E+03 1.34E+04 2.23E+04 4.47E+04 8.93E+04 1.34E+05
 1.00E-74 1.00E-74 1.00E-74 9.06E-32 2.52E-23 2.33E-18 8.87E-17 2.79E-16
 4.81E-16 8.07E-16 1.18E-15 1.53E-15 1.66E-15 1.68E-15
 1.00E-74 1.00E-74 1.00E-74 9.06E-32 2.52E-23 2.33E-18 8.87E-17 2.79E-16
 4.81E-16 8.07E-16 1.18E-15 1.53E-15 1.66E-15 1.68E-15
 1.00E-74 1.00E-74 1.00E-74 9.06E-32 2.52E-23 2.33E-18 8.87E-17 2.79E-16
 4.81E-16 8.07E-16 1.18E-15 1.53E-15 1.66E-15 1.68E-15
 1.00E-74 1.00E-74 1.00E-74 9.06E-32 2.52E-23 2.33E-18 8.87E-17 2.79E-16
 4.81E-16 8.07E-16 1.18E-15 1.53E-15 1.66E-15 1.68E-15
 1.00E-74 1.00E-74 1.00E-74 9.06E-32 2.52E-23 2.33E-18 8.87E-17 2.79E-16
 4.81E-16 8.07E-16 1.18E-15 1.53E-15 1.66E-15 1.68E-15
 1.00E-74 1.00E-74 1.00E-74 9.06E-32 2.52E-23 2.33E-18 8.87E-17 2.79E-16
 4.81E-16 8.07E-16 1.18E-15 1.53E-15 1.66E-15 1.68E-15
 1.00E-74 1.00E-74 1.54E-48 9.06E-32 2.52E-23 2.33E-18 8.87E-17 2.79E-16
 4.81E-16 8.07E-16 1.18E-15 1.53E-15 1.66E-15 1.68E-15
  4.78927    7  14 /pl=01:ss=71:pb= 1:sz=71/type=excit/ispb = t/isel =   33
 1.00E+10 1.00E+11 1.00E+12 1.00E+13 1.00E+14 1.00E+15 1.00E+16
 8.93E+01 1.34E+02 2.23E+02 4.47E+02 8.93E+02 2.23E+03 4.47E+03 6.70E+03
 8.93E+03 1.34E+04 2.23E+04 4.47E+04 8.93E+04 1.34E+05
 1.00E-74 1.00E-74 1.00E-74 1.31E-31 3.71E-23 3.41E-18 1.27E-16 3.88E-16
 6.52E-16 1.04E-15 1.38E-15 1.49E-15 1.32E-15 1.17E-15
 1.00E-74 1.00E-74 1.00E-74 1.31E-31 3.71E-23 3.41E-18 1.27E-16 3.88E-16
 6.52E-16 1.04E-15 1.38E-15 1.49E-15 1.32E-15 1.17E-15
 1.00E-74 1.00E-74 1.00E-74 1.31E-31 3.71E-23 3.41E-18 1.27E-16 3.88E-16
 6.52E-16 1.04E-15 1.38E-15 1.49E-15 1.32E-15 1.17E-15
 1.00E-74 1.00E-74 1.00E-74 1.31E-31 3.71E-23 3.41E-18 1.27E-16 3.88E-16
 6.52E-16 1.04E-15 1.38E-15 1.49E-15 1.32E-15 1.17E-15
 1.00E-74 1.00E-74 1.00E-74 1.31E-31 3.71E-23 3.41E-18 1.27E-16 3.88E-16
 6.52E-16 1.04E-15 1.38E-15 1.49E-15 1.32E-15 1.17E-15
 1.00E-74 1.00E-74 1.00E-74 1.31E-31 3.71E-23 3.41E-18 1.27E-16 3.88E-16
 6.52E-16 1.04E-15 1.38E-15 1.49E-15 1.32E-15 1.17E-15
 1.00E-74 1.00E-74 1.00E-74 1.31E-31 3.71E-23 3.41E-18 1.27E-16 3.88E-16
 6.52E-16 1.04E-15 1.38E-15 1.49E-15 1.32E-15 1.17E-15
  4.92611    7  14 /pl=01:ss=71:pb= 1:sz=71/type=excit/ispb = t/isel =   34
 1.00E+10 1.00E+11 1.00E+12 1.00E+13 1.00E+14 1.00E+15 1.00E+16
 8.93E+01 1.34E+02 2.23E+02 4.47E+02 8.93E+02 2.23E+03 4.47E+03 6.70E+03
 8.93E+03 1.34E+04 2.23E+04 4.47E+04 8.93E+04 1.34E+05
 1.00E-74 1.00E-74 1.00E-74 1.34E-31 3.52E-23 3.09E-18 1.14E-16 3.49E-16
 5.88E-16 9.38E-16 1.25E-15 1.36E-15 1.22E-15 1.09E-15
 1.00E-74 1.00E-74 1.00E-74 1.34E-31 3.52E-23 3.09E-18 1.14E-16 3.49E-16
 5.88E-16 9.38E-16 1.25E-15 1.36E-15 1.22E-15 1.09E-15
 1.00E-74 1.00E-74 1.00E-74 1.34E-31 3.52E-23 3.09E-18 1.14E-16 3.49E-16
 5.88E-16 9.38E-16 1.25E-15 1.36E-15 1.22E-15 1.09E-15
 1.00E-74 1.00E-74 1.00E-74 1.34E-31 3.52E-23 3.09E-18 1.14E-16 3.49E-16
 5.88E-16 9.38E-16 1.25E-15 1.36E-15 1.22E-15 1.09E-15
 1.00E-74 1.00E-74 1.00E-74 1.34E-31 3.52E-23 3.09E-18 1.14E-16 3.49E-16
 5.88E-16 9.38E-16 1.25E-15 1.36E-15 1.22E-15 1.09E-15
 1.00E-74 1.00E-74 1.00E-74 1.34E-31 3.52E-23 3.09E-18 1.14E-16 3.49E-16
 5.88E-16 9.38E-16 1.25E-15 1.36E-15 1.22E-15 1.09E-15
 1.00E-74 1.00E-74 2.20E-48 1.34E-31 3.52E-23 3.09E-18 1.14E-16 3.49E-16
 5.88E-16 9.38E-16 1.25E-15 1.36E-15 1.22E-15 1.09E-15
  5.03525    7  14 /pl=01:ss=71:pb= 1:sz=71/type=excit/ispb = t/isel =   35
 1.00E+10 1.00E+11 1.00E+12 1.00E+13 1.00E+14 1.00E+15 1.00E+16
 8.93E+01 1.34E+02 2.23E+02 4.47E+02 8.93E+02 2.23E+03 4.47E+03 6.70E+03
 8.93E+03 1.34E+04 2.23E+04 4.47E+04 8.93E+04 1.34E+05
 1.00E-74 1.00E-74 1.00E-74 3.23E-32 8.99E-24 8.30E-19 3.16E-17 9.94E-17
 1.71E-16 2.88E-16 4.19E-16 5.44E-16 5.93E-16 5.98E-16
 1.00E-74 1.00E-74 1.00E-74 3.23E-32 8.99E-24 8.30E-19 3.16E-17 9.94E-17
 1.71E-16 2.88E-16 4.19E-16 5.44E-16 5.93E-16 5.98E-16
 1.00E-74 1.00E-74 1.00E-74 3.23E-32 8.99E-24 8.30E-19 3.16E-17 9.94E-17
 1.71E-16 2.88E-16 4.19E-16 5.44E-16 5.93E-16 5.98E-16
 1.00E-74 1.00E-74 1.00E-74 3.23E-32 8.99E-24 8.30E-19 3.16E-17 9.94E-17
 1.71E-16 2.88E-16 4.19E-16 5.44E-16 5.93E-16 5.98E-16
 1.00E-74 1.00E-74 1.00E-74 3.23E-32 8.99E-24 8.30E-19 3.16E-17 9.94E-17
 1.71E-16 2.88E-16 4.19E-16 5.44E-16 5.93E-16 5.98E-16
 1.00E-74 1.00E-74 1.00E-74 3.23E-32 8.99E-24 8.30E-19 3.16E-17 9.94E-17
 1.71E-16 2.88E-16 4.19E-16 5.44E-16 5.93E-16 5.98E-16
 1.00E-74 1.00E-74 5.49E-49 3.23E-32 8.99E-24 8.30E-19 3.16E-17 9.94E-17
 1.71E-16 2.88E-16 4.19E-16 5.44E-16 5.93E-16 5.98E-16
  6.84932    7  14 /pl=01:ss=71:pb= 1:sz=71/type=excit/ispb = t/isel =   36
 1.00E+10 1.00E+11 1.00E+12 1.00E+13 1.00E+14 1.00E+15 1.00E+16
 8.93E+01 1.34E+02 2.23E+02 4.47E+02 8.93E+02 2.23E+03 4.47E+03 6.70E+03
 8.93E+03 1.34E+04 2.23E+04 4.47E+04 8.93E+04 1.34E+05
 1.00E-74 1.00E-74 1.00E-74 1.25E-30 1.29E-22 6.64E-18 2.10E-16 6.21E-16
 1.04E-15 1.69E-15 2.42E-15 3.05E-15 3.31E-15 3.32E-15
 1.00E-74 1.00E-74 1.00E-74 1.25E-30 1.29E-22 6.64E-18 2.10E-16 6.21E-16
 1.04E-15 1.69E-15 2.42E-15 3.05E-15 3.31E-15 3.32E-15
 1.00E-74 1.00E-74 1.00E-74 1.25E-30 1.29E-22 6.64E-18 2.10E-16 6.21E-16
 1.04E-15 1.69E-15 2.42E-15 3.05E-15 3.31E-15 3.32E-15
 1.00E-74 1.00E-74 1.00E-74 1.25E-30 1.29E-22 6.64E-18 2.10E-16 6.21E-16
 1.04E-15 1.69E-15 2.42E-15 3.05E-15 3.31E-15 3.32E-15
 1.00E-74 1.00E-74 1.00E-74 1.25E-30 1.29E-22 6.64E-18 2.10E-16 6.21E-16
 1.04E-15 1.69E-15 2.42E-15 3.05E-15 3.31E-15 3.32E-15
 1.00E-74 1.00E-74 9.64E-47 1.25E-30 1.29E-22 6.64E-18 2.10E-16 6.21E-16
 1.04E-15 1.69E-15 2.42E-15 3.05E-15 3.31E-15 3.32E-15
 1.00E-74 1.00E-74 8.68E-47 1.25E-30 1.29E-22 6.64E-18 2.10E-16 6.21E-16
 1.04E-15 1.69E-15 2.42E-15 3.05E-15 3.31E-15 3.32E-15
  7.24113    7  14 /pl=01:ss=71:pb= 1:sz=71/type=excit/ispb = t/isel =   37
 1.00E+10 1.00E+11 1.00E+12 1.00E+13 1.00E+14 1.00E+15 1.00E+16
 8.93E+01 1.34E+02 2.23E+02 4.47E+02 8.93E+02 2.23E+03 4.47E+03 6.70E+03
 8.93E+03 1.34E+04 2.23E+04 4.47E+04 8.93E+04 1.34E+05
 1.00E-74 1.00E-74 1.00E-74 1.85E-30 1.97E-22 1.01E-17 3.10E-16 8.89E-16
 1.45E-15 2.23E-15 2.87E-15 3.02E-15 2.63E-15 2.31E-15
 1.00E-74 1.00E-74 1.00E-74 1.85E-30 1.97E-22 1.01E-17 3.10E-16 8.89E-16
 1.45E-15 2.23E-15 2.87E-15 3.02E-15 2.63E-15 2.31E-15
 1.00E-74 1.00E-74 1.00E-74 1.85E-30 1.97E-22 1.01E-17 3.10E-16 8.89E-16
 1.45E-15 2.23E-15 2.87E-15 3.02E-15 2.63E-15 2.31E-15
 1.00E-74 1.00E-74 1.00E-74 1.85E-30 1.97E-22 1.01E-17 3.10E-16 8.89E-16
 1.45E-15 2.23E-15 2.87E-15 3.02E-15 2.63E-15 2.31E-15
 1.00E-74 1.00E-74 1.00E-74 1.85E-30 1.97E-22 1.01E-17 3.10E-16 8.89E-16
 1.45E-15 2.23E-15 2.87E-15 3.02E-15 2.63E-15 2.31E-15
 1.00E-74 1.00E-74 1.09E-46 1.85E-30 1.97E-22 1.01E-17 3.10E-16 8.89E-16
 1.45E-15 2.23E-15 2.87E-15 3.02E-15 2.63E-15 2.31E-15
 1.00E-74 1.00E-74 1.14E-46 1.85E-30 1.97E-22 1.01E-17 3.10E-16 8.89E-16
 1.45E-15 2.23E-15 2.87E-15 3.02E-15 2.63E-15 2.31E-15
  7.81250    7  14 /pl=01:ss=71:pb= 1:sz=71/type=excit/ispb = t/isel =   38
 1.00E+10 1.00E+11 1.00E+12 1.00E+13 1.00E+14 1.00E+15 1.00E+16
 8.93E+01 1.34E+02 2.23E+02 4.47E+02 8.93E+02 2.23E+03 4.47E+03 6.70E+03
 8.93E+03 1.34E+04 2.23E+04 4.47E+04 8.93E+04 1.34E+05
 1.00E-74 1.00E-74 1.00E-74 2.58E-30 2.41E-22 1.16E-17 3.47E-16 9.97E-16
 1.63E-15 2.52E-15 3.29E-15 3.55E-15 3.16E-15 2.83E-15
 1.00E-74 1.00E-74 1.00E-74 2.58E-30 2.41E-22 1.16E-17 3.47E-16 9.97E-16
 1.63E-15 2.52E-15 3.29E-15 3.55E-15 3.16E-15 2.83E-15
 1.00E-74 1.00E-74 1.00E-74 2.58E-30 2.41E-22 1.16E-17 3.47E-16 9.97E-16
 1.63E-15 2.52E-15 3.29E-15 3.55E-15 3.16E-15 2.83E-15
 1.00E-74 1.00E-74 1.00E-74 2.58E-30 2.41E-22 1.16E-17 3.47E-16 9.97E-16
 1.63E-15 2.52E-15 3.29E-15 3.55E-15 3.16E-15 2.83E-15
 1.00E-74 1.00E-74 4.18E-46 2.58E-30 2.41E-22 1.16E-17 3.47E-16 9.97E-16
 1.63E-15 2.52E-15 3.29E-15 3.55E-15 3.16E-15 2.83E-15
 1.00E-74 1.00E-74 2.09E-46 2.58E-30 2.41E-22 1.16E-17 3.47E-16 9.97E-16
 1.63E-15 2.52E-15 3.29E-15 3.55E-15 3.16E-15 2.83E-15
 1.00E-74 1.00E-74 2.13E-46 2.58E-30 2.41E-22 1.16E-17 3.47E-16 9.97E-16
 1.63E-15 2.52E-15 3.29E-15 3.55E-15 3.16E-15 2.83E-15
  7.92393    7  14 /pl=01:ss=71:pb= 1:sz=71/type=excit/ispb = t/isel =   39
 1.00E+10 1.00E+11 1.00E+12 1.00E+13 1.00E+14 1.00E+15 1.00E+16
 8.93E+01 1.34E+02 2.23E+02 4.47E+02 8.93E+02 2.23E+03 4.47E+03 6.70E+03
 8.93E+03 1.34E+04 2.23E+04 4.47E+04 8.93E+04 1.34E+05
 1.00E-74 1.00E-74 1.00E-74 5.78E-31 5.97E-23 3.07E-18 9.70E-17 2.88E-16
 4.82E-16 7.82E-16 1.12E-15 1.41E-15 1.53E-15 1.54E-15
 1.00E-74 1.00E-74 1.00E-74 5.78E-31 5.97E-23 3.07E-18 9.70E-17 2.88E-16
 4.82E-16 7.82E-16 1.12E-15 1.41E-15 1.53E-15 1.54E-15
 1.00E-74 1.00E-74 1.00E-74 5.78E-31 5.97E-23 3.07E-18 9.70E-17 2.88E-16
 4.82E-16 7.82E-16 1.12E-15 1.41E-15 1.53E-15 1.54E-15
 1.00E-74 1.00E-74 1.00E-74 5.78E-31 5.97E-23 3.07E-18 9.70E-17 2.88E-16
 4.82E-16 7.82E-16 1.12E-15 1.41E-15 1.53E-15 1.54E-15
 1.00E-74 1.00E-74 1.00E-74 5.78E-31 5.97E-23 3.07E-18 9.70E-17 2.88E-16
 4.82E-16 7.82E-16 1.12E-15 1.41E-15 1.53E-15 1.54E-15
 1.00E-74 1.00E-74 4.46E-47 5.78E-31 5.97E-23 3.07E-18 9.70E-17 2.88E-16
 4.82E-16 7.82E-16 1.12E-15 1.41E-15 1.53E-15 1.54E-15
 1.00E-74 1.00E-74 4.02E-47 5.78E-31 5.97E-23 3.07E-18 9.70E-17 2.88E-16
 4.82E-16 7.82E-16 1.12E-15 1.41E-15 1.53E-15 1.54E-15
  8.19672    7  14 /pl=01:ss=71:pb= 1:sz=71/type=excit/ispb = t/isel =   40
 1.00E+10 1.00E+11 1.00E+12 1.00E+13 1.00E+14 1.00E+15 1.00E+16
 8.93E+01 1.34E+02 2.23E+02 4.47E+02 8.93E+02 2.23E+03 4.47E+03 6.70E+03
 8.93E+03 1.34E+04 2.23E+04 4.47E+04 8.93E+04 1.34E+05
 1.00E-74 1.00E-74 1.00E-74 8.19E-33 4.12E-24 5.40E-19 2.31E-17 7.54E-17
 1.33E-16 2.28E-16 3.44E-16 4.61E-16 5.18E-16 5.25E-16
 1.00E-74 1.00E-74 1.00E-74 8.19E-33 4.12E-24 5.40E-19 2.31E-17 7.54E-17
 1.33E-16 2.28E-16 3.44E-16 4.61E-16 5.18E-16 5.25E-16
 1.00E-74 1.00E-74 1.00E-74 8.19E-33 4.12E-24 5.40E-19 2.31E-17 7.54E-17
 1.33E-16 2.28E-16 3.44E-16 4.61E-16 5.18E-16 5.25E-16
 1.00E-74 1.00E-74 1.00E-74 8.19E-33 4.12E-24 5.40E-19 2.31E-17 7.54E-17
 1.33E-16 2.28E-16 3.44E-16 4.61E-16 5.18E-16 5.25E-16
 1.00E-74 1.00E-74 1.00E-74 8.19E-33 4.12E-24 5.40E-19 2.31E-17 7.54E-17
 1.33E-16 2.28E-16 3.44E-16 4.61E-16 5.18E-16 5.25E-16
 1.00E-74 1.00E-74 1.00E-74 8.19E-33 4.12E-24 5.40E-19 2.31E-17 7.54E-17
 1.33E-16 2.28E-16 3.44E-16 4.61E-16 5.18E-16 5.25E-16
 1.00E-74 1.00E-74 1.00E-74 8.19E-33 4.12E-24 5.40E-19 2.31E-17 7.54E-17
 1.33E-16 2.28E-16 3.44E-16 4.61E-16 5.18E-16 5.25E-16
  8.52515    7  14 /pl=01:ss=71:pb= 1:sz=71/type=excit/ispb = t/isel =   41
 1.00E+10 1.00E+11 1.00E+12 1.00E+13 1.00E+14 1.00E+15 1.00E+16
 8.93E+01 1.34E+02 2.23E+02 4.47E+02 8.93E+02 2.23E+03 4.47E+03 6.70E+03
 8.93E+03 1.34E+04 2.23E+04 4.47E+04 8.93E+04 1.34E+05
 1.00E-74 1.00E-74 1.00E-74 1.17E-32 5.96E-24 7.79E-19 3.26E-17 1.04E-16
 1.80E-16 3.05E-16 4.72E-16 6.62E-16 7.28E-16 7.08E-16
 1.00E-74 1.00E-74 1.00E-74 1.17E-32 5.96E-24 7.79E-19 3.26E-17 1.04E-16
 1.80E-16 3.05E-16 4.72E-16 6.62E-16 7.28E-16 7.08E-16
 1.00E-74 1.00E-74 1.00E-74 1.17E-32 5.96E-24 7.79E-19 3.26E-17 1.04E-16
 1.80E-16 3.05E-16 4.72E-16 6.62E-16 7.28E-16 7.08E-16
 1.00E-74 1.00E-74 1.00E-74 1.17E-32 5.96E-24 7.79E-19 3.26E-17 1.04E-16
 1.80E-16 3.05E-16 4.72E-16 6.62E-16 7.28E-16 7.08E-16
 1.00E-74 1.00E-74 1.00E-74 1.17E-32 5.96E-24 7.79E-19 3.26E-17 1.04E-16
 1.80E-16 3.05E-16 4.72E-16 6.62E-16 7.28E-16 7.08E-16
 1.00E-74 1.00E-74 1.00E-74 1.17E-32 5.96E-24 7.79E-19 3.26E-17 1.04E-16
 1.80E-16 3.05E-16 4.72E-16 6.62E-16 7.28E-16 7.08E-16
 1.00E-74 1.00E-74 1.00E-74 1.17E-32 5.96E-24 7.79E-19 3.26E-17 1.04E-16
 1.80E-16 3.05E-16 4.72E-16 6.62E-16 7.28E-16 7.08E-16
  8.79507    7  14 /pl=01:ss=71:pb= 1:sz=71/type=excit/ispb = t/isel =   42
 1.00E+10 1.00E+11 1.00E+12 1.00E+13 1.00E+14 1.00E+15 1.00E+16
 8.93E+01 1.34E+02 2.23E+02 4.47E+02 8.93E+02 2.23E+03 4.47E+03 6.70E+03
 8.93E+03 1.34E+04 2.23E+04 4.47E+04 8.93E+04 1.34E+05
 1.00E-74 1.00E-74 1.00E-74 1.43E-32 6.99E-24 8.87E-19 3.70E-17 1.18E-16
 2.02E-16 3.28E-16 4.44E-16 4.85E-16 4.33E-16 3.85E-16
 1.00E-74 1.00E-74 1.00E-74 1.43E-32 6.99E-24 8.87E-19 3.70E-17 1.18E-16
 2.02E-16 3.28E-16 4.44E-16 4.85E-16 4.33E-16 3.85E-16
 1.00E-74 1.00E-74 1.00E-74 1.43E-32 6.99E-24 8.87E-19 3.70E-17 1.18E-16
 2.02E-16 3.28E-16 4.44E-16 4.85E-16 4.33E-16 3.85E-16
 1.00E-74 1.00E-74 1.00E-74 1.43E-32 6.99E-24 8.87E-19 3.70E-17 1.18E-16
 2.02E-16 3.28E-16 4.44E-16 4.85E-16 4.33E-16 3.85E-16
 1.00E-74 1.00E-74 1.00E-74 1.43E-32 6.99E-24 8.87E-19 3.70E-17 1.18E-16
 2.02E-16 3.28E-16 4.44E-16 4.85E-16 4.33E-16 3.85E-16
 1.00E-74 1.00E-74 1.00E-74 1.43E-32 6.99E-24 8.87E-19 3.70E-17 1.18E-16
 2.02E-16 3.28E-16 4.44E-16 4.85E-16 4.33E-16 3.85E-16
 1.00E-74 1.00E-74 1.00E-74 1.43E-32 6.99E-24 8.87E-19 3.70E-17 1.18E-16
 2.02E-16 3.28E-16 4.44E-16 4.85E-16 4.33E-16 3.85E-16
  10.2142    7  14 /pl=01:ss=71:pb= 1:sz=71/type=excit/ispb = t/isel =   43
 1.00E+10 1.00E+11 1.00E+12 1.00E+13 1.00E+14 1.00E+15 1.00E+16
 8.93E+01 1.34E+02 2.23E+02 4.47E+02 8.93E+02 2.23E+03 4.47E+03 6.70E+03
 8.93E+03 1.34E+04 2.23E+04 4.47E+04 8.93E+04 1.34E+05
 2.21E-16 1.69E-14 4.98E-13 5.57E-12 1.63E-11 2.59E-11 2.66E-11 2.55E-11
 2.43E-11 2.23E-11 1.96E-11 1.59E-11 1.26E-11 1.09E-11
 2.21E-16 1.69E-14 4.98E-13 5.57E-12 1.63E-11 2.59E-11 2.66E-11 2.55E-11
 2.43E-11 2.23E-11 1.96E-11 1.59E-11 1.26E-11 1.09E-11
 2.21E-16 1.69E-14 4.98E-13 5.57E-12 1.63E-11 2.59E-11 2.66E-11 2.55E-11
 2.43E-11 2.23E-11 1.96E-11 1.59E-11 1.26E-11 1.09E-11
 2.21E-16 1.69E-14 4.98E-13 5.57E-12 1.63E-11 2.59E-11 2.66E-11 2.55E-11
 2.43E-11 2.23E-11 1.96E-11 1.59E-11 1.26E-11 1.09E-11
 2.21E-16 1.69E-14 4.98E-13 5.57E-12 1.63E-11 2.59E-11 2.66E-11 2.55E-11
 2.43E-11 2.23E-11 1.96E-11 1.59E-11 1.26E-11 1.09E-11
 2.21E-16 1.69E-14 4.98E-13 5.57E-12 1.63E-11 2.59E-11 2.66E-11 2.55E-11
 2.43E-11 2.23E-11 1.96E-11 1.59E-11 1.26E-11 1.09E-11
 2.21E-16 1.69E-14 4.98E-13 5.57E-12 1.63E-11 2.59E-11 2.66E-11 2.55E-11
 2.43E-11 2.23E-11 1.96E-11 1.59E-11 1.26E-11 1.09E-11
  12.7389    7  14 /pl=01:ss=71:pb= 1:sz=71/type=excit/ispb = t/isel =   44
 1.00E+10 1.00E+11 1.00E+12 1.00E+13 1.00E+14 1.00E+15 1.00E+16
 8.93E+01 1.34E+02 2.23E+02 4.47E+02 8.93E+02 2.23E+03 4.47E+03 6.70E+03
 8.93E+03 1.34E+04 2.23E+04 4.47E+04 8.93E+04 1.34E+05
 1.00E-74 1.00E-74 1.00E-74 4.43E-32 1.23E-23 1.14E-18 4.34E-17 1.36E-16
 2.35E-16 3.95E-16 5.76E-16 7.47E-16 8.14E-16 8.20E-16
 1.00E-74 1.00E-74 1.00E-74 4.43E-32 1.23E-23 1.14E-18 4.34E-17 1.36E-16
 2.35E-16 3.95E-16 5.76E-16 7.47E-16 8.14E-16 8.20E-16
 1.00E-74 1.00E-74 1.00E-74 4.43E-32 1.23E-23 1.14E-18 4.34E-17 1.36E-16
 2.35E-16 3.95E-16 5.76E-16 7.47E-16 8.14E-16 8.20E-16
 1.00E-74 1.00E-74 1.00E-74 4.43E-32 1.23E-23 1.14E-18 4.34E-17 1.36E-16
 2.35E-16 3.95E-16 5.76E-16 7.47E-16 8.14E-16 8.20E-16
 1.00E-74 1.00E-74 1.00E-74 4.43E-32 1.23E-23 1.14E-18 4.34E-17 1.36E-16
 2.35E-16 3.95E-16 5.76E-16 7.47E-16 8.14E-16 8.20E-16
 1.00E-74 1.00E-74 1.00E-74 4.43E-32 1.23E-23 1.14E-18 4.34E-17 1.36E-16
 2.35E-16 3.95E-16 5.76E-16 7.47E-16 8.14E-16 8.20E-16
 1.00E-74 1.00E-74 7.54E-49 4.43E-32 1.23E-23 1.14E-18 4.34E-17 1.36E-16
 2.35E-16 3.95E-16 5.76E-16 7.47E-16 8.14E-16 8.20E-16
  13.3869    7  14 /pl=01:ss=71:pb= 1:sz=71/type=excit/ispb = t/isel =   45
 1.00E+10 1.00E+11 1.00E+12 1.00E+13 1.00E+14 1.00E+15 1.00E+16
 8.93E+01 1.34E+02 2.23E+02 4.47E+02 8.93E+02 2.23E+03 4.47E+03 6.70E+03
 8.93E+03 1.34E+04 2.23E+04 4.47E+04 8.93E+04 1.34E+05
 1.00E-74 1.00E-74 1.00E-74 6.32E-32 1.79E-23 1.65E-18 6.13E-17 1.88E-16
 3.15E-16 5.03E-16 6.65E-16 7.17E-16 6.36E-16 5.66E-16
 1.00E-74 1.00E-74 1.00E-74 6.32E-32 1.79E-23 1.65E-18 6.13E-17 1.88E-16
 3.15E-16 5.03E-16 6.65E-16 7.17E-16 6.36E-16 5.66E-16
 1.00E-74 1.00E-74 1.00E-74 6.32E-32 1.79E-23 1.65E-18 6.13E-17 1.88E-16
 3.15E-16 5.03E-16 6.65E-16 7.17E-16 6.36E-16 5.66E-16
 1.00E-74 1.00E-74 1.00E-74 6.32E-32 1.79E-23 1.65E-18 6.13E-17 1.88E-16
 3.15E-16 5.03E-16 6.65E-16 7.17E-16 6.36E-16 5.66E-16
 1.00E-74 1.00E-74 1.00E-74 6.32E-32 1.79E-23 1.65E-18 6.13E-17 1.88E-16
 3.15E-16 5.03E-16 6.65E-16 7.17E-16 6.36E-16 5.66E-16
 1.00E-74 1.00E-74 1.00E-74 6.32E-32 1.79E-23 1.65E-18 6.13E-17 1.88E-16
 3.15E-16 5.03E-16 6.65E-16 7.17E-16 6.36E-16 5.66E-16
 1.00E-74 1.00E-74 1.00E-74 6.32E-32 1.79E-23 1.65E-18 6.13E-17 1.88E-16
 3.15E-16 5.03E-16 6.65E-16 7.17E-16 6.36E-16 5.66E-16
  14.5138    7  14 /pl=01:ss=71:pb= 1:sz=71/type=excit/ispb = t/isel =   46
 1.00E+10 1.00E+11 1.00E+12 1.00E+13 1.00E+14 1.00E+15 1.00E+16
 8.93E+01 1.34E+02 2.23E+02 4.47E+02 8.93E+02 2.23E+03 4.47E+03 6.70E+03
 8.93E+03 1.34E+04 2.23E+04 4.47E+04 8.93E+04 1.34E+05
 1.00E-74 1.00E-74 1.00E-74 1.01E-31 2.66E-23 2.35E-18 8.65E-17 2.65E-16
 4.45E-16 7.11E-16 9.50E-16 1.03E-15 9.25E-16 8.25E-16
 1.00E-74 1.00E-74 1.00E-74 1.01E-31 2.66E-23 2.35E-18 8.65E-17 2.65E-16
 4.45E-16 7.11E-16 9.50E-16 1.03E-15 9.25E-16 8.25E-16
 1.00E-74 1.00E-74 1.00E-74 1.01E-31 2.66E-23 2.35E-18 8.65E-17 2.65E-16
 4.45E-16 7.11E-16 9.50E-16 1.03E-15 9.25E-16 8.25E-16
 1.00E-74 1.00E-74 1.00E-74 1.01E-31 2.66E-23 2.35E-18 8.65E-17 2.65E-16
 4.45E-16 7.11E-16 9.50E-16 1.03E-15 9.25E-16 8.25E-16
 1.00E-74 1.00E-74 1.00E-74 1.01E-31 2.66E-23 2.35E-18 8.65E-17 2.65E-16
 4.45E-16 7.11E-16 9.50E-16 1.03E-15 9.25E-16 8.25E-16
 1.00E-74 1.00E-74 1.00E-74 1.01E-31 2.66E-23 2.35E-18 8.65E-17 2.65E-16
 4.45E-16 7.11E-16 9.50E-16 1.03E-15 9.25E-16 8.25E-16
 1.00E-74 1.00E-74 1.67E-48 1.01E-31 2.66E-23 2.35E-18 8.65E-17 2.65E-16
 4.45E-16 7.11E-16 9.50E-16 1.03E-15 9.25E-16 8.25E-16
  14.6199    7  14 /pl=01:ss=71:pb= 1:sz=71/type=excit/ispb = t/isel =   47
 1.00E+10 1.00E+11 1.00E+12 1.00E+13 1.00E+14 1.00E+15 1.00E+16
 8.93E+01 1.34E+02 2.23E+02 4.47E+02 8.93E+02 2.23E+03 4.47E+03 6.70E+03
 8.93E+03 1.34E+04 2.23E+04 4.47E+04 8.93E+04 1.34E+05
 1.00E-74 1.00E-74 1.00E-74 3.20E-32 8.90E-24 8.22E-19 3.13E-17 9.83E-17
 1.70E-16 2.85E-16 4.15E-16 5.38E-16 5.87E-16 5.92E-16
 1.00E-74 1.00E-74 1.00E-74 3.20E-32 8.90E-24 8.22E-19 3.13E-17 9.83E-17
 1.70E-16 2.85E-16 4.15E-16 5.38E-16 5.87E-16 5.92E-16
 1.00E-74 1.00E-74 1.00E-74 3.20E-32 8.90E-24 8.22E-19 3.13E-17 9.83E-17
 1.70E-16 2.85E-16 4.15E-16 5.38E-16 5.87E-16 5.92E-16
 1.00E-74 1.00E-74 1.00E-74 3.20E-32 8.90E-24 8.22E-19 3.13E-17 9.83E-17
 1.70E-16 2.85E-16 4.15E-16 5.38E-16 5.87E-16 5.92E-16
 1.00E-74 1.00E-74 1.00E-74 3.20E-32 8.90E-24 8.22E-19 3.13E-17 9.83E-17
 1.70E-16 2.85E-16 4.15E-16 5.38E-16 5.87E-16 5.92E-16
 1.00E-74 1.00E-74 1.00E-74 3.20E-32 8.90E-24 8.22E-19 3.13E-17 9.83E-17
 1.70E-16 2.85E-16 4.15E-16 5.38E-16 5.87E-16 5.92E-16
 1.00E-74 1.00E-74 5.44E-49 3.20E-32 8.90E-24 8.22E-19 3.13E-17 9.83E-17
 1.70E-16 2.85E-16 4.15E-16 5.38E-16 5.87E-16 5.92E-16
  22.2717    7  14 /pl=01:ss=71:pb= 1:sz=71/type=excit/ispb = t/isel =   48
 1.00E+10 1.00E+11 1.00E+12 1.00E+13 1.00E+14 1.00E+15 1.00E+16
 8.93E+01 1.34E+02 2.23E+02 4.47E+02 8.93E+02 2.23E+03 4.47E+03 6.70E+03
 8.93E+03 1.34E+04 2.23E+04 4.47E+04 8.93E+04 1.34E+05
 1.00E-74 1.00E-74 1.00E-74 6.36E-33 3.25E-24 4.25E-19 1.78E-17 5.68E-17
 9.82E-17 1.67E-16 2.57E-16 3.61E-16 3.97E-16 3.86E-16
 1.00E-74 1.00E-74 1.00E-74 6.36E-33 3.25E-24 4.25E-19 1.78E-17 5.68E-17
 9.82E-17 1.67E-16 2.57E-16 3.61E-16 3.97E-16 3.86E-16
 1.00E-74 1.00E-74 1.00E-74 6.36E-33 3.25E-24 4.25E-19 1.78E-17 5.68E-17
 9.82E-17 1.67E-16 2.57E-16 3.61E-16 3.97E-16 3.86E-16
 1.00E-74 1.00E-74 1.00E-74 6.36E-33 3.25E-24 4.25E-19 1.78E-17 5.68E-17
 9.82E-17 1.67E-16 2.57E-16 3.61E-16 3.97E-16 3.86E-16
 1.00E-74 1.00E-74 1.00E-74 6.36E-33 3.25E-24 4.25E-19 1.78E-17 5.68E-17
 9.82E-17 1.67E-16 2.57E-16 3.61E-16 3.97E-16 3.86E-16
 1.00E-74 1.00E-74 1.00E-74 6.36E-33 3.25E-24 4.25E-19 1.78E-17 5.68E-17
 9.82E-17 1.67E-16 2.57E-16 3.61E-16 3.97E-16 3.86E-16
 1.00E-74 1.00E-74 1.00E-74 6.36E-33 3.25E-24 4.25E-19 1.78E-17 5.68E-17
 9.82E-17 1.67E-16 2.57E-16 3.61E-16 3.97E-16 3.86E-16
  24.2131    7  14 /pl=01:ss=71:pb= 1:sz=71/type=excit/ispb = t/isel =   49
 1.00E+10 1.00E+11 1.00E+12 1.00E+13 1.00E+14 1.00E+15 1.00E+16
 8.93E+01 1.34E+02 2.23E+02 4.47E+02 8.93E+02 2.23E+03 4.47E+03 6.70E+03
 8.93E+03 1.34E+04 2.23E+04 4.47E+04 8.93E+04 1.34E+05
 1.00E-74 1.00E-74 1.00E-74 1.15E-32 5.60E-24 7.11E-19 2.96E-17 9.45E-17
 1.62E-16 2.63E-16 3.56E-16 3.88E-16 3.47E-16 3.08E-16
 1.00E-74 1.00E-74 1.00E-74 1.15E-32 5.60E-24 7.11E-19 2.96E-17 9.45E-17
 1.62E-16 2.63E-16 3.56E-16 3.88E-16 3.47E-16 3.08E-16
 1.00E-74 1.00E-74 1.00E-74 1.15E-32 5.60E-24 7.11E-19 2.96E-17 9.45E-17
 1.62E-16 2.63E-16 3.56E-16 3.88E-16 3.47E-16 3.08E-16
 1.00E-74 1.00E-74 1.00E-74 1.15E-32 5.60E-24 7.11E-19 2.96E-17 9.45E-17
 1.62E-16 2.63E-16 3.56E-16 3.88E-16 3.47E-16 3.08E-16
 1.00E-74 1.00E-74 1.00E-74 1.15E-32 5.60E-24 7.11E-19 2.96E-17 9.45E-17
 1.62E-16 2.63E-16 3.56E-16 3.88E-16 3.47E-16 3.08E-16
 1.00E-74 1.00E-74 1.00E-74 1.15E-32 5.60E-24 7.11E-19 2.96E-17 9.45E-17
 1.62E-16 2.63E-16 3.56E-16 3.88E-16 3.47E-16 3.08E-16
 1.00E-74 1.00E-74 1.00E-74 1.15E-32 5.60E-24 7.11E-19 2.96E-17 9.45E-17
 1.62E-16 2.63E-16 3.56E-16 3.88E-16 3.47E-16 3.08E-16
  35.1000    7  14 /pl=01:ss=71:pb= 1:sz=71/type=excit/ispb = t/isel =   50
 1.00E+10 1.00E+11 1.00E+12 1.00E+13 1.00E+14 1.00E+15 1.00E+16
 8.93E+01 1.34E+02 2.23E+02 4.47E+02 8.93E+02 2.23E+03 4.47E+03 6.70E+03
 8.93E+03 1.34E+04 2.23E+04 4.47E+04 8.93E+04 1.34E+05
 1.00E-74 1.00E-74 2.21E-37 2.39E-26 6.64E-21 1.02E-17 1.06E-16 2.21E-16
 3.16E-16 4.43E-16 5.77E-16 6.90E-16 7.39E-16 7.41E-16
 1.00E-74 1.00E-74 2.21E-37 2.39E-26 6.64E-21 1.02E-17 1.06E-16 2.21E-16
 3.16E-16 4.43E-16 5.77E-16 6.90E-16 7.39E-16 7.41E-16
 1.00E-74 1.00E-74 2.21E-37 2.39E-26 6.64E-21 1.02E-17 1.06E-16 2.21E-16
 3.16E-16 4.43E-16 5.77E-16 6.90E-16 7.39E-16 7.41E-16
 1.00E-74 1.00E-74 2.21E-37 2.39E-26 6.64E-21 1.02E-17 1.06E-16 2.21E-16
 3.16E-16 4.43E-16 5.77E-16 6.90E-16 7.39E-16 7.41E-16
 1.00E-74 1.00E-74 2.21E-37 2.39E-26 6.64E-21 1.02E-17 1.06E-16 2.21E-16
 3.16E-16 4.43E-16 5.77E-16 6.90E-16 7.39E-16 7.41E-16
 1.00E-74 1.00E-74 2.21E-37 2.39E-26 6.64E-21 1.02E-17 1.06E-16 2.21E-16
 3.16E-16 4.43E-16 5.77E-16 6.90E-16 7.39E-16 7.41E-16
 1.00E-74 1.00E-74 2.21E-37 2.39E-26 6.64E-21 1.02E-17 1.06E-16 2.21E-16
 3.16E-16 4.43E-16 5.77E-16 6.90E-16 7.39E-16 7.41E-16
c-------------------------------------------------------------------------------
 
C  root partition information
C  ==========================
C
C  nuclear charge : 74
C  ion charge+1   : 72
C
C  population calculation information
C  ----------------------------------
C
C  population processing code: adas810
C
C  adf04 source file    : adf04_copmm#74_ls_40#w71.dat
C  adf18/a17_p208 file  : NULL
C
C  meta. ion. coeff. selector  : 
 
C  options  : lnorm =T  lpsel =F  lzsel =T  liosel=F
C           : lhsel =F  lrsel =F  lisel =F  lnsel =F
 
C  energy levels
C  -------------
C
C   lv      configuration    (2S+1)L(w-1/2)      energy (cm^-1)
C  ---   ------------------- --------------      --------------
c    1   12                     (2)0(  0.5)             0.0
c    2   13                     (2)1(  2.5)       9790327.5
c    3   14                     (2)0(  0.5)      89903127.5
c    4   15                     (2)1(  2.5)      92752127.5
c    5   16                     (2)2(  4.5)      94622127.5
c    6   17                     (2)0(  0.5)     120660127.5
c    7   18                     (2)1(  2.5)     121850127.5
c    8   19                     (2)2(  4.5)     122640127.5
c    9   1B                     (2)0(  0.5)     134650127.5
c   10   1C                     (2)1(  2.5)     135260127.5
c   11   1D                     (2)2(  4.5)     135660127.5
c   12   1G                     (2)0(  0.5)     142150127.5
c   13   1H                     (2)1(  2.5)     142500127.5
c   14   1I                     (2)2(  4.5)     142730127.5
c   15   1M                     (2)0(  0.5)     146630127.5
c   16   1N                     (2)1(  2.5)     146850127.5
c   17   1O                     (2)2(  4.5)     146990127.5
c   18   11522                  (2)0(  0.5)     475140127.5
c   19   11512513               (4)1(  5.5)     481920127.5
c   20   11512513               (2)1(  2.5)     484930127.5
c   21   11512513               (2)1(  2.5)     488790127.5
c   22   11512514               (4)0(  1.5)     565350127.5
c   23   11512514               (2)0(  0.5)     565650127.5
c   24   11512514               (2)0(  0.5)     566140127.5
c   25   11512515               (4)1(  5.5)     567660127.5
c   26   11512515               (2)1(  2.5)     569000127.5
c   27   11512515               (2)1(  2.5)     569620127.5
c   28   11512517               (4)0(  1.5)     596380127.5
c   29   11512517               (2)0(  0.5)     596480127.5
c   30   11512517               (2)0(  0.5)     597100127.5
c   31   11512518               (4)1(  5.5)     597330127.5
c   32   11512518               (2)1(  2.5)     598150127.5
c   33   11512518               (2)1(  2.5)     598290127.5
c   34   1151251B               (4)0(  1.5)     610450127.5
c   35   1151251B               (2)0(  0.5)     610500127.5
c   36   1151251C               (4)1(  5.5)     610930127.5
c   37   1151251B               (2)0(  0.5)     611150127.5
c   38   1151251C               (2)1(  2.5)     611340127.5
c   39   1151251C               (2)1(  2.5)     611750127.5
c   40   1151251G               (4)0(  1.5)     617980127.5
c   41   1151251G               (2)0(  0.5)     618010127.5
c   42   1151251H               (4)1(  5.5)     618250127.5
c   43   1151251H               (2)1(  2.5)     618490127.5
c   44   1151251G               (2)0(  0.5)     618680127.5
c   45   1151251H               (2)1(  2.5)     619020127.5
c   46   1151251M               (4)0(  1.5)     622470127.5
c   47   1151251M               (2)0(  0.5)     622490127.5
c   48   1151251N               (4)1(  5.5)     622640127.5
c   49   1151251N               (2)1(  2.5)     622790127.5
c   50   1151251M               (2)0(  0.5)     623170127.5
c   51   1151251N               (2)1(  2.5)     623380127.5
 
 
 
c-------------------------------------------------------------------------------
 
C  superstage partition information
C  ================================
C
C  element symbol   : W
C  parent template  : 
C  partition level  :  1
C  superstage label : 71
C
C  tabulation       : photon emissivity coefft (te,ne)
C  units            : ph. emis coef(cm^3 s^-1); te (ev); ne (cm^-3)
C
C  photon emissivity atomic transitions
C  ------------------------------------
C  
C   isel  wvlen(A)            transition                type  ispb nspb
C                                                             ispp nspp sz    tg pr wr
C  ----- ---------- ----------------------------------- ----- ---- ---- --    -- -- --
C      1   1.05684    5(2)2(  4.5)-  1(2)0(  0.5)       excit   1    1  71     4 13  1
C      2   1.05843   27(2)1(  2.5)- 18(2)0(  0.5)       excit   1    1  71   723 24  2
C      3   1.06542   26(2)1(  2.5)- 18(2)0(  0.5)       excit   1    1  71   722 37  3
C      4   1.07814    4(2)1(  2.5)-  1(2)0(  0.5)       excit   1    1  71     3  3  4
C      5   1.08085   25(4)1(  5.5)- 18(2)0(  0.5)       excit   1    1  71   721 40  5
C      6   1.17880    5(2)2(  4.5)-  2(2)1(  2.5)       excit   1    1  71    53  2  6
C      7   1.19432   23(2)0(  0.5)- 19(4)1(  5.5)       excit   1    1  71   751 28  7
C      8   1.19861   22(4)0(  1.5)- 19(4)1(  5.5)       excit   1    1  71   750 47  8
C      9   1.20537    4(2)1(  2.5)-  2(2)1(  2.5)       excit   1    1  71    52 14  9
C     10   1.23138   24(2)0(  0.5)- 20(2)1(  2.5)       excit   1    1  71   783 31 10
C     11   1.24824    3(2)0(  0.5)-  2(2)1(  2.5)       excit   1    1  71    51  4 11
C     12   1.30107   23(2)0(  0.5)- 21(2)1(  2.5)       excit   1    1  71   812 22 12
C     13   1.75602   16(2)1(  2.5)-  3(2)0(  0.5)       excit   1    1  71   112 20 13
C     14   1.84373   17(2)2(  4.5)-  4(2)1(  2.5)       excit   1    1  71   160 18 14
C     15   1.85605   15(2)0(  0.5)-  4(2)1(  2.5)       excit   1    1  71   158 33 15
C     16   1.90125   13(2)1(  2.5)-  3(2)0(  0.5)       excit   1    1  71   109 12 16
C     17   2.00088   14(2)2(  4.5)-  4(2)1(  2.5)       excit   1    1  71   157 16 17
C     18   2.02437   12(2)0(  0.5)-  4(2)1(  2.5)       excit   1    1  71   155 21 18
C     19   2.08864   13(2)1(  2.5)-  5(2)2(  4.5)       excit   1    1  71   202 44 19
C     20   2.20473   10(2)1(  2.5)-  3(2)0(  0.5)       excit   1    1  71   106  8 20
C     21   2.33057   11(2)2(  4.5)-  4(2)1(  2.5)       excit   1    1  71   154  9 21
C     22   2.38675    9(2)0(  0.5)-  4(2)1(  2.5)       excit   1    1  71   152 10 22
C     23   2.46075   10(2)1(  2.5)-  5(2)2(  4.5)       excit   1    1  71   199 30 23
C     24   3.13018    7(2)1(  2.5)-  3(2)0(  0.5)       excit   1    1  71   103  5 24
C     25   3.34582    8(2)2(  4.5)-  4(2)1(  2.5)       excit   1    1  71   151  6 25
C     26   3.58320    6(2)0(  0.5)-  4(2)1(  2.5)       excit   1    1  71   149  7 26
C     27   3.67269    7(2)1(  2.5)-  5(2)2(  4.5)       excit   1    1  71   196 11 27
C     28   3.81825   16(2)1(  2.5)-  6(2)0(  0.5)       excit   1    1  71   250 34 28
C     29   3.97772   17(2)2(  4.5)-  7(2)1(  2.5)       excit   1    1  71   295 27 29
C     30   4.03551   15(2)0(  0.5)-  7(2)1(  2.5)       excit   1    1  71   293 41 30
C     31   4.13052   16(2)1(  2.5)-  8(2)2(  4.5)       excit   1    1  71   337 50 31
C     32   4.57875   13(2)1(  2.5)-  6(2)0(  0.5)       excit   1    1  71   247 23 32
C     33   4.78927   14(2)2(  4.5)-  7(2)1(  2.5)       excit   1    1  71   292 26 33
C     34   4.92611   12(2)0(  0.5)-  7(2)1(  2.5)       excit   1    1  71   290 29 34
C     35   5.03525   13(2)1(  2.5)-  8(2)2(  4.5)       excit   1    1  71   334 42 35
C     36   6.84932   10(2)1(  2.5)-  6(2)0(  0.5)       excit   1    1  71   244 17 36
C     37   7.24113   11(2)2(  4.5)-  7(2)1(  2.5)       excit   1    1  71   289 19 37
C     38   7.81250    9(2)0(  0.5)-  7(2)1(  2.5)       excit   1    1  71   287 15 38
C     39   7.92393   10(2)1(  2.5)-  8(2)2(  4.5)       excit   1    1  71   331 25 39
C     40   8.19672   16(2)1(  2.5)-  9(2)0(  0.5)       excit   1    1  71   379 45 40
C     41   8.52515   17(2)2(  4.5)- 10(2)1(  2.5)       excit   1    1  71   421 38 41
C     42   8.79507   15(2)0(  0.5)- 10(2)1(  2.5)       excit   1    1  71   419 46 42
C     43   10.2142    2(2)1(  2.5)-  1(2)0(  0.5)       excit   1    1  71     1  1 43
C     44   12.7389   13(2)1(  2.5)-  9(2)0(  0.5)       excit   1    1  71   376 35 44
C     45   13.3869   14(2)2(  4.5)- 10(2)1(  2.5)       excit   1    1  71   418 39 45
C     46   14.5138   12(2)0(  0.5)- 10(2)1(  2.5)       excit   1    1  71   416 32 46
C     47   14.6199   13(2)1(  2.5)- 11(2)2(  4.5)       excit   1    1  71   457 43 47
C     48   22.2717   17(2)2(  4.5)- 13(2)1(  2.5)       excit   1    1  71   538 48 48
C     49   24.2131   15(2)0(  0.5)- 13(2)1(  2.5)       excit   1    1  71   536 49 49
C     50   35.1000    4(2)1(  2.5)-  3(2)0(  0.5)       excit   1    1  71   100 36 50
c-------------------------------------------------------------------------------
                                                                                
C  code     : adas810
C  producer : Adam Foster
C  date     : 15/05/09
                                                                                
c-------------------------------------------------------------------------------

C-----------------------------------------------------------------------
C                               OPEN-ADAS
C                               +++++++++
C
C This file has been downloaded from OPEN-ADAS (http://open.adas.ac.uk)
C on 26-Mar-2025.
C
C TERMS AND CONDITIONS
C --------------------
C
C The user of the OPEN-ADAS system and data (hereinafter "the User")
C accepts the following terms and conditions:
C
C   1. The University of Strathclyde uses all reasonable endeavours to
C      ensure the accuracy of the data provided and any information
C      given, but the University makes no warranty, expressed or implied
C      as to its accuracy, integrity, fitness for purpose and shall not
C      be responsible for the use to which the data is put by the User
C      and/or any consequences arising out of any inaccuracies or
C      omissions.
C
C   2. Any downloaded OPEN-ADAS file is made available for the
C      personal use of the User only.  It must not be used for any
C      commercial application, incorporated into any web site or in
C      any form re-distributed without express prior written permission
C      from the ADAS Project. In particular, but not by way of
C      limitation, it must not be:
C        *  inserted into a managed database structure,
C        *  redistributed along with a modelling or analysis code,
C        *  made available on a public website.
C
C Permission for OPEN-ADAS data incorporation in non-commercial
C code/system development for scientific advance will not be
C unreasonably withheld, but will be subject to written agreement
C on a case by case basis.
C
C The User will indemnify the University of Strathclyde and keep it
C fully and effectively indemnified against each and every claim made
C against the University as a result of the User's use of the data.
C
C-----------------------------------------------------------------------
