   50    /W :69 photon emissivity coefficients/
--------------------------------------------------------------------------------
    1    1    1    1    1    1    1    1    1    1    1    1    1    1
    1    1    1    1    1    1    1    1    1    1    1    1    1    1
    1    1    1    1    1    1    1    1    1    1    1    1    1    1
    1    1    1    1    1    1    1    1    1    1    1    1    1    1
    1    1    1    1    1    1    1    1    1    1    1    1    1    1
    1    1    1    1    1
--------------------------------------------------------------------------------
//#01/p00/ 00/p01/ 01/p02/ 02/p03/ 03/p04/ 04/p05/ 05/p06/ 06/p07/ 07/p08/ 08/  
      p09/ 09/p10/ 10/p11/ 11/p12/ 12/p13/ 13/p14/ 14/p15/ 15/p16/ 16/p17/ 17/  
      p18/ 18/p19/ 19/p20/ 20/p21/ 21/p22/ 22/p23/ 23/p24/ 24/p25/ 25/p26/ 26/  
      p27/ 27/p28/ 28/p29/ 29/p30/ 30/p31/ 31/p32/ 32/p33/ 33/p34/ 34/p35/ 35/  
      p36/ 36/p37/ 37/p38/ 38/p39/ 39/p40/ 40/p41/ 41/p42/ 42/p43/ 43/p44/ 44/  
      p45/ 45/p46/ 46/p47/ 47/p48/ 48/p49/ 49/p50/ 50/p51/ 51/p52/ 52/p53/ 53/  
      p54/ 54/p55/ 55/p56/ 56/p57/ 57/p58/ 58/p59/ 59/p60/ 60/p61/ 61/p62/ 62/  
      p63/ 63/p64/ 64/p65/ 65/p66/ 66/p67/ 67/p68/ 68/p69/ 69/p70/ 70/p71/ 71/  
      p72/ 72/p73/ 73/p74/ 74/                                                  
--------------------------------------------------------------------------------
  1.07925    7  14 /pl=01:ss=69:pb= 1:sz=69/type=excit/ispb = t/isel =    1
 1.00E+10 1.00E+11 1.00E+12 1.00E+13 1.00E+14 1.00E+15 1.00E+16
 8.44E+01 1.27E+02 2.11E+02 4.22E+02 8.44E+02 2.11E+03 4.22E+03 6.33E+03
 8.44E+03 1.27E+04 2.11E+04 4.22E+04 8.44E+04 1.27E+05
 1.00E-74 1.00E-74 1.65E-37 7.64E-26 4.37E-20 9.75E-17 1.06E-15 2.18E-15
 3.00E-15 3.93E-15 4.50E-15 4.37E-15 3.70E-15 3.23E-15
 1.00E-74 1.00E-74 1.65E-37 7.64E-26 4.37E-20 9.75E-17 1.06E-15 2.18E-15
 3.00E-15 3.93E-15 4.50E-15 4.37E-15 3.70E-15 3.23E-15
 1.00E-74 1.00E-74 1.65E-37 7.64E-26 4.37E-20 9.75E-17 1.06E-15 2.18E-15
 3.00E-15 3.93E-15 4.50E-15 4.37E-15 3.70E-15 3.23E-15
 1.00E-74 1.00E-74 1.65E-37 7.64E-26 4.37E-20 9.75E-17 1.06E-15 2.18E-15
 3.00E-15 3.93E-15 4.50E-15 4.37E-15 3.70E-15 3.23E-15
 1.00E-74 1.00E-74 1.65E-37 7.64E-26 4.37E-20 9.75E-17 1.06E-15 2.18E-15
 3.00E-15 3.93E-15 4.50E-15 4.37E-15 3.70E-15 3.23E-15
 1.00E-74 1.00E-74 1.65E-37 7.64E-26 4.37E-20 9.75E-17 1.06E-15 2.18E-15
 3.00E-15 3.93E-15 4.50E-15 4.37E-15 3.70E-15 3.23E-15
 1.00E-74 1.00E-74 1.65E-37 7.64E-26 4.37E-20 9.75E-17 1.06E-15 2.18E-15
 3.00E-15 3.93E-15 4.50E-15 4.37E-15 3.70E-15 3.23E-15
  1.10482    7  14 /pl=01:ss=69:pb= 1:sz=69/type=excit/ispb = t/isel =    2
 1.00E+10 1.00E+11 1.00E+12 1.00E+13 1.00E+14 1.00E+15 1.00E+16
 8.44E+01 1.27E+02 2.11E+02 4.22E+02 8.44E+02 2.11E+03 4.22E+03 6.33E+03
 8.44E+03 1.27E+04 2.11E+04 4.22E+04 8.44E+04 1.27E+05
 1.00E-74 1.00E-74 6.34E-35 1.57E-23 6.61E-18 1.27E-14 1.39E-13 2.95E-13
 4.23E-13 5.97E-13 7.83E-13 9.54E-13 1.04E-12 1.05E-12
 1.00E-74 1.00E-74 6.34E-35 1.57E-23 6.61E-18 1.27E-14 1.39E-13 2.95E-13
 4.23E-13 5.97E-13 7.83E-13 9.54E-13 1.04E-12 1.05E-12
 1.00E-74 1.00E-74 6.34E-35 1.57E-23 6.61E-18 1.27E-14 1.39E-13 2.95E-13
 4.23E-13 5.97E-13 7.83E-13 9.54E-13 1.04E-12 1.05E-12
 1.00E-74 1.00E-74 6.34E-35 1.57E-23 6.61E-18 1.27E-14 1.39E-13 2.95E-13
 4.23E-13 5.97E-13 7.83E-13 9.54E-13 1.04E-12 1.05E-12
 1.00E-74 1.00E-74 6.34E-35 1.57E-23 6.61E-18 1.27E-14 1.39E-13 2.95E-13
 4.23E-13 5.97E-13 7.83E-13 9.54E-13 1.04E-12 1.05E-12
 1.00E-74 1.00E-74 6.34E-35 1.57E-23 6.61E-18 1.27E-14 1.39E-13 2.95E-13
 4.23E-13 5.97E-13 7.83E-13 9.54E-13 1.04E-12 1.05E-12
 1.00E-74 1.00E-74 6.34E-35 1.57E-23 6.61E-18 1.27E-14 1.39E-13 2.95E-13
 4.23E-13 5.97E-13 7.83E-13 9.54E-13 1.04E-12 1.05E-12
  1.19211    7  14 /pl=01:ss=69:pb= 1:sz=69/type=excit/ispb = t/isel =    3
 1.00E+10 1.00E+11 1.00E+12 1.00E+13 1.00E+14 1.00E+15 1.00E+16
 8.44E+01 1.27E+02 2.11E+02 4.22E+02 8.44E+02 2.11E+03 4.22E+03 6.33E+03
 8.44E+03 1.27E+04 2.11E+04 4.22E+04 8.44E+04 1.27E+05
 1.00E-74 1.00E-74 1.00E-74 1.00E-74 1.00E-74 6.70E-29 7.88E-22 1.65E-19
 2.28E-18 3.00E-17 2.15E-16 8.24E-16 1.40E-15 1.56E-15
 1.00E-74 1.00E-74 1.00E-74 1.00E-74 1.00E-74 6.70E-29 7.88E-22 1.65E-19
 2.28E-18 3.00E-17 2.15E-16 8.24E-16 1.40E-15 1.56E-15
 1.00E-74 1.00E-74 1.00E-74 1.00E-74 1.00E-74 6.70E-29 7.88E-22 1.65E-19
 2.28E-18 3.00E-17 2.15E-16 8.24E-16 1.40E-15 1.56E-15
 1.00E-74 1.00E-74 1.00E-74 1.00E-74 1.00E-74 6.70E-29 7.88E-22 1.65E-19
 2.28E-18 3.00E-17 2.15E-16 8.24E-16 1.40E-15 1.56E-15
 1.00E-74 1.00E-74 1.00E-74 1.00E-74 1.00E-74 6.70E-29 7.88E-22 1.65E-19
 2.28E-18 3.00E-17 2.15E-16 8.24E-16 1.40E-15 1.56E-15
 1.00E-74 1.00E-74 1.00E-74 1.00E-74 1.00E-74 6.70E-29 7.88E-22 1.65E-19
 2.28E-18 3.00E-17 2.15E-16 8.24E-16 1.40E-15 1.56E-15
 1.00E-74 1.00E-74 1.00E-74 1.00E-74 1.00E-74 6.70E-29 7.88E-22 1.65E-19
 2.28E-18 3.00E-17 2.15E-16 8.24E-16 1.40E-15 1.56E-15
  1.20551    7  14 /pl=01:ss=69:pb= 1:sz=69/type=excit/ispb = t/isel =    4
 1.00E+10 1.00E+11 1.00E+12 1.00E+13 1.00E+14 1.00E+15 1.00E+16
 8.44E+01 1.27E+02 2.11E+02 4.22E+02 8.44E+02 2.11E+03 4.22E+03 6.33E+03
 8.44E+03 1.27E+04 2.11E+04 4.22E+04 8.44E+04 1.27E+05
 1.00E-74 1.00E-74 1.27E-32 3.41E-22 4.73E-17 4.60E-14 3.93E-13 7.56E-13
 1.02E-12 1.36E-12 1.63E-12 1.79E-12 1.77E-12 1.71E-12
 1.00E-74 1.00E-74 1.27E-32 3.41E-22 4.73E-17 4.60E-14 3.93E-13 7.56E-13
 1.02E-12 1.36E-12 1.63E-12 1.79E-12 1.77E-12 1.71E-12
 1.00E-74 1.00E-74 1.27E-32 3.41E-22 4.73E-17 4.60E-14 3.93E-13 7.56E-13
 1.02E-12 1.36E-12 1.63E-12 1.79E-12 1.77E-12 1.71E-12
 1.00E-74 1.00E-74 1.27E-32 3.41E-22 4.73E-17 4.60E-14 3.93E-13 7.56E-13
 1.02E-12 1.36E-12 1.63E-12 1.79E-12 1.77E-12 1.71E-12
 1.00E-74 1.00E-74 1.27E-32 3.41E-22 4.73E-17 4.60E-14 3.93E-13 7.56E-13
 1.02E-12 1.36E-12 1.63E-12 1.79E-12 1.77E-12 1.71E-12
 1.00E-74 1.00E-74 1.27E-32 3.41E-22 4.73E-17 4.60E-14 3.93E-13 7.56E-13
 1.02E-12 1.36E-12 1.63E-12 1.79E-12 1.77E-12 1.71E-12
 1.00E-74 2.49E-46 1.27E-32 3.41E-22 4.73E-17 4.60E-14 3.93E-13 7.56E-13
 1.02E-12 1.36E-12 1.63E-12 1.79E-12 1.77E-12 1.71E-12
  1.21067    7  14 /pl=01:ss=69:pb= 1:sz=69/type=excit/ispb = t/isel =    5
 1.00E+10 1.00E+11 1.00E+12 1.00E+13 1.00E+14 1.00E+15 1.00E+16
 8.44E+01 1.27E+02 2.11E+02 4.22E+02 8.44E+02 2.11E+03 4.22E+03 6.33E+03
 8.44E+03 1.27E+04 2.11E+04 4.22E+04 8.44E+04 1.27E+05
 1.00E-74 1.00E-74 4.64E-35 2.15E-23 1.23E-17 2.74E-14 2.98E-13 6.12E-13
 8.43E-13 1.10E-12 1.26E-12 1.23E-12 1.04E-12 9.09E-13
 1.00E-74 1.00E-74 4.64E-35 2.15E-23 1.23E-17 2.74E-14 2.98E-13 6.12E-13
 8.43E-13 1.10E-12 1.26E-12 1.23E-12 1.04E-12 9.09E-13
 1.00E-74 1.00E-74 4.64E-35 2.15E-23 1.23E-17 2.74E-14 2.98E-13 6.12E-13
 8.43E-13 1.10E-12 1.26E-12 1.23E-12 1.04E-12 9.09E-13
 1.00E-74 1.00E-74 4.64E-35 2.15E-23 1.23E-17 2.74E-14 2.98E-13 6.12E-13
 8.43E-13 1.10E-12 1.26E-12 1.23E-12 1.04E-12 9.09E-13
 1.00E-74 1.00E-74 4.64E-35 2.15E-23 1.23E-17 2.74E-14 2.98E-13 6.12E-13
 8.43E-13 1.10E-12 1.26E-12 1.23E-12 1.04E-12 9.09E-13
 1.00E-74 1.00E-74 4.64E-35 2.15E-23 1.23E-17 2.74E-14 2.98E-13 6.12E-13
 8.43E-13 1.10E-12 1.26E-12 1.23E-12 1.04E-12 9.09E-13
 1.00E-74 1.00E-74 4.64E-35 2.15E-23 1.23E-17 2.74E-14 2.98E-13 6.12E-13
 8.43E-13 1.10E-12 1.26E-12 1.23E-12 1.04E-12 9.09E-13
  1.23756    7  14 /pl=01:ss=69:pb= 1:sz=69/type=excit/ispb = t/isel =    6
 1.00E+10 1.00E+11 1.00E+12 1.00E+13 1.00E+14 1.00E+15 1.00E+16
 8.44E+01 1.27E+02 2.11E+02 4.22E+02 8.44E+02 2.11E+03 4.22E+03 6.33E+03
 8.44E+03 1.27E+04 2.11E+04 4.22E+04 8.44E+04 1.27E+05
 1.00E-74 1.00E-74 1.03E-32 1.47E-22 1.48E-17 1.21E-14 1.00E-13 1.91E-13
 2.56E-13 3.28E-13 3.72E-13 3.65E-13 3.18E-13 2.84E-13
 1.00E-74 1.00E-74 1.03E-32 1.47E-22 1.48E-17 1.21E-14 1.00E-13 1.91E-13
 2.56E-13 3.28E-13 3.72E-13 3.65E-13 3.18E-13 2.84E-13
 1.00E-74 1.00E-74 1.03E-32 1.47E-22 1.48E-17 1.21E-14 1.00E-13 1.91E-13
 2.56E-13 3.28E-13 3.72E-13 3.65E-13 3.18E-13 2.84E-13
 1.00E-74 1.00E-74 1.03E-32 1.47E-22 1.48E-17 1.21E-14 1.00E-13 1.91E-13
 2.56E-13 3.28E-13 3.72E-13 3.65E-13 3.18E-13 2.84E-13
 1.00E-74 2.45E-46 1.03E-32 1.47E-22 1.48E-17 1.21E-14 1.00E-13 1.91E-13
 2.56E-13 3.28E-13 3.72E-13 3.65E-13 3.18E-13 2.84E-13
 1.00E-74 2.40E-46 1.03E-32 1.47E-22 1.48E-17 1.21E-14 1.00E-13 1.91E-13
 2.56E-13 3.28E-13 3.72E-13 3.65E-13 3.18E-13 2.84E-13
 1.00E-74 2.43E-46 1.03E-32 1.47E-22 1.48E-17 1.21E-14 1.00E-13 1.91E-13
 2.56E-13 3.28E-13 3.72E-13 3.65E-13 3.18E-13 2.84E-13
  1.24294    7  14 /pl=01:ss=69:pb= 1:sz=69/type=excit/ispb = t/isel =    7
 1.00E+10 1.00E+11 1.00E+12 1.00E+13 1.00E+14 1.00E+15 1.00E+16
 8.44E+01 1.27E+02 2.11E+02 4.22E+02 8.44E+02 2.11E+03 4.22E+03 6.33E+03
 8.44E+03 1.27E+04 2.11E+04 4.22E+04 8.44E+04 1.27E+05
 1.00E-74 1.00E-74 6.19E-37 1.53E-25 6.45E-20 1.24E-16 1.36E-15 2.88E-15
 4.13E-15 5.83E-15 7.64E-15 9.31E-15 1.01E-14 1.02E-14
 1.00E-74 1.00E-74 6.19E-37 1.53E-25 6.45E-20 1.24E-16 1.36E-15 2.88E-15
 4.13E-15 5.83E-15 7.64E-15 9.31E-15 1.01E-14 1.02E-14
 1.00E-74 1.00E-74 6.19E-37 1.53E-25 6.45E-20 1.24E-16 1.36E-15 2.88E-15
 4.13E-15 5.83E-15 7.64E-15 9.31E-15 1.01E-14 1.02E-14
 1.00E-74 1.00E-74 6.19E-37 1.53E-25 6.45E-20 1.24E-16 1.36E-15 2.88E-15
 4.13E-15 5.83E-15 7.64E-15 9.31E-15 1.01E-14 1.02E-14
 1.00E-74 1.00E-74 6.19E-37 1.53E-25 6.45E-20 1.24E-16 1.36E-15 2.88E-15
 4.13E-15 5.83E-15 7.64E-15 9.31E-15 1.01E-14 1.02E-14
 1.00E-74 1.00E-74 6.19E-37 1.53E-25 6.45E-20 1.24E-16 1.36E-15 2.88E-15
 4.13E-15 5.83E-15 7.64E-15 9.31E-15 1.01E-14 1.02E-14
 1.00E-74 1.00E-74 6.19E-37 1.53E-25 6.45E-20 1.24E-16 1.36E-15 2.88E-15
 4.13E-15 5.83E-15 7.64E-15 9.31E-15 1.01E-14 1.02E-14
  1.28612    7  14 /pl=01:ss=69:pb= 1:sz=69/type=excit/ispb = t/isel =    8
 1.00E+10 1.00E+11 1.00E+12 1.00E+13 1.00E+14 1.00E+15 1.00E+16
 8.44E+01 1.27E+02 2.11E+02 4.22E+02 8.44E+02 2.11E+03 4.22E+03 6.33E+03
 8.44E+03 1.27E+04 2.11E+04 4.22E+04 8.44E+04 1.27E+05
 1.00E-74 1.00E-74 8.66E-33 6.43E-23 5.06E-18 4.10E-15 3.87E-14 7.96E-14
 1.12E-13 1.51E-13 1.82E-13 1.91E-13 1.77E-13 1.65E-13
 1.00E-74 1.00E-74 8.66E-33 6.43E-23 5.06E-18 4.10E-15 3.87E-14 7.96E-14
 1.12E-13 1.51E-13 1.82E-13 1.91E-13 1.77E-13 1.65E-13
 1.00E-74 1.00E-74 8.66E-33 6.43E-23 5.06E-18 4.10E-15 3.87E-14 7.96E-14
 1.12E-13 1.51E-13 1.82E-13 1.91E-13 1.77E-13 1.65E-13
 1.00E-74 1.00E-74 8.66E-33 6.43E-23 5.06E-18 4.10E-15 3.87E-14 7.96E-14
 1.12E-13 1.51E-13 1.82E-13 1.91E-13 1.77E-13 1.65E-13
 1.00E-74 1.00E-74 8.66E-33 6.43E-23 5.06E-18 4.10E-15 3.87E-14 7.96E-14
 1.12E-13 1.51E-13 1.82E-13 1.91E-13 1.77E-13 1.65E-13
 1.00E-74 4.76E-46 8.66E-33 6.43E-23 5.06E-18 4.10E-15 3.87E-14 7.96E-14
 1.12E-13 1.51E-13 1.82E-13 1.91E-13 1.77E-13 1.65E-13
 1.00E-74 5.72E-46 8.66E-33 6.43E-23 5.06E-18 4.10E-15 3.87E-14 7.96E-14
 1.12E-13 1.51E-13 1.82E-13 1.91E-13 1.77E-13 1.65E-13
  1.82610    7  14 /pl=01:ss=69:pb= 1:sz=69/type=excit/ispb = t/isel =    9
 1.00E+10 1.00E+11 1.00E+12 1.00E+13 1.00E+14 1.00E+15 1.00E+16
 8.44E+01 1.27E+02 2.11E+02 4.22E+02 8.44E+02 2.11E+03 4.22E+03 6.33E+03
 8.44E+03 1.27E+04 2.11E+04 4.22E+04 8.44E+04 1.27E+05
 1.00E-74 1.00E-74 1.00E-74 4.21E-31 8.37E-23 6.22E-18 2.17E-16 6.48E-16
 1.08E-15 1.70E-15 2.24E-15 2.39E-15 2.10E-15 1.84E-15
 1.00E-74 1.00E-74 1.00E-74 4.21E-31 8.37E-23 6.22E-18 2.17E-16 6.48E-16
 1.08E-15 1.70E-15 2.24E-15 2.39E-15 2.10E-15 1.84E-15
 1.00E-74 1.00E-74 1.00E-74 4.21E-31 8.37E-23 6.22E-18 2.17E-16 6.48E-16
 1.08E-15 1.70E-15 2.24E-15 2.39E-15 2.10E-15 1.84E-15
 1.00E-74 1.00E-74 1.00E-74 4.21E-31 8.37E-23 6.22E-18 2.17E-16 6.48E-16
 1.08E-15 1.70E-15 2.24E-15 2.39E-15 2.10E-15 1.84E-15
 1.00E-74 1.00E-74 1.00E-74 4.21E-31 8.37E-23 6.22E-18 2.17E-16 6.48E-16
 1.08E-15 1.70E-15 2.24E-15 2.39E-15 2.10E-15 1.84E-15
 1.00E-74 1.00E-74 1.00E-74 4.21E-31 8.37E-23 6.22E-18 2.17E-16 6.48E-16
 1.08E-15 1.70E-15 2.24E-15 2.39E-15 2.10E-15 1.84E-15
 1.00E-74 1.00E-74 8.13E-48 4.21E-31 8.37E-23 6.22E-18 2.17E-16 6.48E-16
 1.08E-15 1.70E-15 2.24E-15 2.39E-15 2.10E-15 1.84E-15
  1.92777    7  14 /pl=01:ss=69:pb= 1:sz=69/type=excit/ispb = t/isel =   10
 1.00E+10 1.00E+11 1.00E+12 1.00E+13 1.00E+14 1.00E+15 1.00E+16
 8.44E+01 1.27E+02 2.11E+02 4.22E+02 8.44E+02 2.11E+03 4.22E+03 6.33E+03
 8.44E+03 1.27E+04 2.11E+04 4.22E+04 8.44E+04 1.27E+05
 1.00E-74 1.00E-74 1.00E-74 7.42E-31 1.52E-22 1.15E-17 4.07E-16 1.24E-15
 2.08E-15 3.37E-15 4.66E-15 5.47E-15 5.44E-15 5.20E-15
 1.00E-74 1.00E-74 1.00E-74 7.42E-31 1.52E-22 1.15E-17 4.07E-16 1.24E-15
 2.08E-15 3.37E-15 4.66E-15 5.47E-15 5.44E-15 5.20E-15
 1.00E-74 1.00E-74 1.00E-74 7.42E-31 1.52E-22 1.15E-17 4.07E-16 1.24E-15
 2.08E-15 3.37E-15 4.66E-15 5.47E-15 5.44E-15 5.20E-15
 1.00E-74 1.00E-74 1.00E-74 7.42E-31 1.52E-22 1.15E-17 4.07E-16 1.24E-15
 2.08E-15 3.37E-15 4.66E-15 5.47E-15 5.44E-15 5.20E-15
 1.00E-74 1.00E-74 1.00E-74 7.42E-31 1.52E-22 1.15E-17 4.07E-16 1.24E-15
 2.08E-15 3.37E-15 4.66E-15 5.47E-15 5.44E-15 5.20E-15
 1.00E-74 1.00E-74 1.00E-74 7.42E-31 1.52E-22 1.15E-17 4.07E-16 1.24E-15
 2.08E-15 3.37E-15 4.66E-15 5.47E-15 5.44E-15 5.20E-15
 1.00E-74 1.00E-74 1.25E-47 7.42E-31 1.52E-22 1.15E-17 4.07E-16 1.24E-15
 2.08E-15 3.37E-15 4.66E-15 5.47E-15 5.44E-15 5.20E-15
  1.97522    7  14 /pl=01:ss=69:pb= 1:sz=69/type=excit/ispb = t/isel =   11
 1.00E+10 1.00E+11 1.00E+12 1.00E+13 1.00E+14 1.00E+15 1.00E+16
 8.44E+01 1.27E+02 2.11E+02 4.22E+02 8.44E+02 2.11E+03 4.22E+03 6.33E+03
 8.44E+03 1.27E+04 2.11E+04 4.22E+04 8.44E+04 1.27E+05
 1.00E-74 1.00E-74 1.00E-74 2.77E-30 3.05E-22 1.60E-17 4.97E-16 1.44E-15
 2.35E-15 3.62E-15 4.72E-15 5.01E-15 4.42E-15 3.92E-15
 1.00E-74 1.00E-74 1.00E-74 2.77E-30 3.05E-22 1.60E-17 4.97E-16 1.44E-15
 2.35E-15 3.62E-15 4.72E-15 5.01E-15 4.42E-15 3.92E-15
 1.00E-74 1.00E-74 1.00E-74 2.77E-30 3.05E-22 1.60E-17 4.97E-16 1.44E-15
 2.35E-15 3.62E-15 4.72E-15 5.01E-15 4.42E-15 3.92E-15
 1.00E-74 1.00E-74 1.00E-74 2.77E-30 3.05E-22 1.60E-17 4.97E-16 1.44E-15
 2.35E-15 3.62E-15 4.72E-15 5.01E-15 4.42E-15 3.92E-15
 1.00E-74 1.00E-74 3.21E-46 2.77E-30 3.05E-22 1.60E-17 4.97E-16 1.44E-15
 2.35E-15 3.62E-15 4.72E-15 5.01E-15 4.42E-15 3.92E-15
 1.00E-74 1.00E-74 1.60E-46 2.77E-30 3.05E-22 1.60E-17 4.97E-16 1.44E-15
 2.35E-15 3.62E-15 4.72E-15 5.01E-15 4.42E-15 3.92E-15
 1.00E-74 1.00E-74 1.64E-46 2.77E-30 3.05E-22 1.60E-17 4.97E-16 1.44E-15
 2.35E-15 3.62E-15 4.72E-15 5.01E-15 4.42E-15 3.92E-15
  2.00834    7  14 /pl=01:ss=69:pb= 1:sz=69/type=excit/ispb = t/isel =   12
 1.00E+10 1.00E+11 1.00E+12 1.00E+13 1.00E+14 1.00E+15 1.00E+16
 8.44E+01 1.27E+02 2.11E+02 4.22E+02 8.44E+02 2.11E+03 4.22E+03 6.33E+03
 8.44E+03 1.27E+04 2.11E+04 4.22E+04 8.44E+04 1.27E+05
 1.00E-74 1.00E-74 1.00E-74 5.14E-31 1.06E-22 8.07E-18 2.85E-16 8.64E-16
 1.45E-15 2.31E-15 3.12E-15 3.46E-15 3.17E-15 2.85E-15
 1.00E-74 1.00E-74 1.00E-74 5.14E-31 1.06E-22 8.07E-18 2.85E-16 8.64E-16
 1.45E-15 2.31E-15 3.12E-15 3.46E-15 3.17E-15 2.85E-15
 1.00E-74 1.00E-74 1.00E-74 5.14E-31 1.06E-22 8.07E-18 2.85E-16 8.64E-16
 1.45E-15 2.31E-15 3.12E-15 3.46E-15 3.17E-15 2.85E-15
 1.00E-74 1.00E-74 1.00E-74 5.14E-31 1.06E-22 8.07E-18 2.85E-16 8.64E-16
 1.45E-15 2.31E-15 3.12E-15 3.46E-15 3.17E-15 2.85E-15
 1.00E-74 1.00E-74 1.00E-74 5.14E-31 1.06E-22 8.07E-18 2.85E-16 8.64E-16
 1.45E-15 2.31E-15 3.12E-15 3.46E-15 3.17E-15 2.85E-15
 1.00E-74 1.00E-74 1.00E-74 5.14E-31 1.06E-22 8.07E-18 2.85E-16 8.64E-16
 1.45E-15 2.31E-15 3.12E-15 3.46E-15 3.17E-15 2.85E-15
 1.00E-74 1.00E-74 8.35E-48 5.14E-31 1.06E-22 8.07E-18 2.85E-16 8.64E-16
 1.45E-15 2.31E-15 3.12E-15 3.46E-15 3.17E-15 2.85E-15
  2.09048    7  14 /pl=01:ss=69:pb= 1:sz=69/type=excit/ispb = t/isel =   13
 1.00E+10 1.00E+11 1.00E+12 1.00E+13 1.00E+14 1.00E+15 1.00E+16
 8.44E+01 1.27E+02 2.11E+02 4.22E+02 8.44E+02 2.11E+03 4.22E+03 6.33E+03
 8.44E+03 1.27E+04 2.11E+04 4.22E+04 8.44E+04 1.27E+05
 1.00E-74 1.00E-74 1.00E-74 4.39E-30 4.98E-22 2.67E-17 8.41E-16 2.46E-15
 4.07E-15 6.47E-15 8.83E-15 1.03E-14 1.01E-14 9.69E-15
 1.00E-74 1.00E-74 1.00E-74 4.39E-30 4.98E-22 2.67E-17 8.41E-16 2.46E-15
 4.07E-15 6.47E-15 8.83E-15 1.03E-14 1.01E-14 9.69E-15
 1.00E-74 1.00E-74 1.00E-74 4.39E-30 4.98E-22 2.67E-17 8.41E-16 2.46E-15
 4.07E-15 6.47E-15 8.83E-15 1.03E-14 1.01E-14 9.69E-15
 1.00E-74 1.00E-74 1.00E-74 4.39E-30 4.98E-22 2.67E-17 8.41E-16 2.46E-15
 4.07E-15 6.47E-15 8.83E-15 1.03E-14 1.01E-14 9.69E-15
 1.00E-74 1.00E-74 1.00E-74 4.39E-30 4.98E-22 2.67E-17 8.41E-16 2.46E-15
 4.07E-15 6.47E-15 8.83E-15 1.03E-14 1.01E-14 9.69E-15
 1.00E-74 1.00E-74 2.72E-46 4.39E-30 4.98E-22 2.67E-17 8.41E-16 2.46E-15
 4.07E-15 6.47E-15 8.83E-15 1.03E-14 1.01E-14 9.69E-15
 1.00E-74 1.00E-74 2.45E-46 4.39E-30 4.98E-22 2.67E-17 8.41E-16 2.46E-15
 4.07E-15 6.47E-15 8.83E-15 1.03E-14 1.01E-14 9.69E-15
  2.18364    7  14 /pl=01:ss=69:pb= 1:sz=69/type=excit/ispb = t/isel =   14
 1.00E+10 1.00E+11 1.00E+12 1.00E+13 1.00E+14 1.00E+15 1.00E+16
 8.44E+01 1.27E+02 2.11E+02 4.22E+02 8.44E+02 2.11E+03 4.22E+03 6.33E+03
 8.44E+03 1.27E+04 2.11E+04 4.22E+04 8.44E+04 1.27E+05
 1.00E-74 1.00E-74 1.00E-74 3.06E-30 3.51E-22 1.89E-17 5.94E-16 1.73E-15
 2.85E-15 4.45E-15 5.93E-15 6.53E-15 5.95E-15 5.36E-15
 1.00E-74 1.00E-74 1.00E-74 3.06E-30 3.51E-22 1.89E-17 5.94E-16 1.73E-15
 2.85E-15 4.45E-15 5.93E-15 6.53E-15 5.95E-15 5.36E-15
 1.00E-74 1.00E-74 1.00E-74 3.06E-30 3.51E-22 1.89E-17 5.94E-16 1.73E-15
 2.85E-15 4.45E-15 5.93E-15 6.53E-15 5.95E-15 5.36E-15
 1.00E-74 1.00E-74 1.00E-74 3.06E-30 3.51E-22 1.89E-17 5.94E-16 1.73E-15
 2.85E-15 4.45E-15 5.93E-15 6.53E-15 5.95E-15 5.36E-15
 1.00E-74 1.00E-74 1.00E-74 3.06E-30 3.51E-22 1.89E-17 5.94E-16 1.73E-15
 2.85E-15 4.45E-15 5.93E-15 6.53E-15 5.95E-15 5.36E-15
 1.00E-74 1.00E-74 1.49E-46 3.06E-30 3.51E-22 1.89E-17 5.94E-16 1.73E-15
 2.85E-15 4.45E-15 5.93E-15 6.53E-15 5.95E-15 5.36E-15
 1.00E-74 1.00E-74 1.64E-46 3.06E-30 3.51E-22 1.89E-17 5.94E-16 1.73E-15
 2.85E-15 4.45E-15 5.93E-15 6.53E-15 5.95E-15 5.36E-15
  2.20129    7  14 /pl=01:ss=69:pb= 1:sz=69/type=excit/ispb = t/isel =   15
 1.00E+10 1.00E+11 1.00E+12 1.00E+13 1.00E+14 1.00E+15 1.00E+16
 8.44E+01 1.27E+02 2.11E+02 4.22E+02 8.44E+02 2.11E+03 4.22E+03 6.33E+03
 8.44E+03 1.27E+04 2.11E+04 4.22E+04 8.44E+04 1.27E+05
 1.00E-74 1.00E-74 1.00E-74 4.04E-31 4.45E-23 2.34E-18 7.25E-17 2.10E-16
 3.42E-16 5.28E-16 6.88E-16 7.31E-16 6.45E-16 5.72E-16
 1.00E-74 1.00E-74 1.00E-74 4.04E-31 4.45E-23 2.34E-18 7.25E-17 2.10E-16
 3.42E-16 5.28E-16 6.88E-16 7.31E-16 6.45E-16 5.72E-16
 1.00E-74 1.00E-74 1.00E-74 4.04E-31 4.45E-23 2.34E-18 7.25E-17 2.10E-16
 3.42E-16 5.28E-16 6.88E-16 7.31E-16 6.45E-16 5.72E-16
 1.00E-74 1.00E-74 1.00E-74 4.04E-31 4.45E-23 2.34E-18 7.25E-17 2.10E-16
 3.42E-16 5.28E-16 6.88E-16 7.31E-16 6.45E-16 5.72E-16
 1.00E-74 1.00E-74 4.68E-47 4.04E-31 4.45E-23 2.34E-18 7.25E-17 2.10E-16
 3.42E-16 5.28E-16 6.88E-16 7.31E-16 6.45E-16 5.72E-16
 1.00E-74 1.00E-74 2.34E-47 4.04E-31 4.45E-23 2.34E-18 7.25E-17 2.10E-16
 3.42E-16 5.28E-16 6.88E-16 7.31E-16 6.45E-16 5.72E-16
 1.00E-74 1.00E-74 2.39E-47 4.04E-31 4.45E-23 2.34E-18 7.25E-17 2.10E-16
 3.42E-16 5.28E-16 6.88E-16 7.31E-16 6.45E-16 5.72E-16
  2.28673    7  14 /pl=01:ss=69:pb= 1:sz=69/type=excit/ispb = t/isel =   16
 1.00E+10 1.00E+11 1.00E+12 1.00E+13 1.00E+14 1.00E+15 1.00E+16
 8.44E+01 1.27E+02 2.11E+02 4.22E+02 8.44E+02 2.11E+03 4.22E+03 6.33E+03
 8.44E+03 1.27E+04 2.11E+04 4.22E+04 8.44E+04 1.27E+05
 1.00E-74 1.00E-74 1.00E-74 4.99E-29 2.03E-21 5.98E-17 1.54E-15 4.20E-15
 6.66E-15 1.00E-14 1.28E-14 1.35E-14 1.20E-14 1.07E-14
 1.00E-74 1.00E-74 1.00E-74 4.99E-29 2.03E-21 5.98E-17 1.54E-15 4.20E-15
 6.66E-15 1.00E-14 1.28E-14 1.35E-14 1.20E-14 1.07E-14
 1.00E-74 1.00E-74 1.00E-74 4.99E-29 2.03E-21 5.98E-17 1.54E-15 4.20E-15
 6.66E-15 1.00E-14 1.28E-14 1.35E-14 1.20E-14 1.07E-14
 1.00E-74 1.00E-74 2.17E-44 4.99E-29 2.03E-21 5.98E-17 1.54E-15 4.20E-15
 6.66E-15 1.00E-14 1.28E-14 1.35E-14 1.20E-14 1.07E-14
 1.00E-74 1.00E-74 2.22E-44 4.99E-29 2.03E-21 5.98E-17 1.54E-15 4.20E-15
 6.66E-15 1.00E-14 1.28E-14 1.35E-14 1.20E-14 1.07E-14
 1.00E-74 1.00E-74 2.25E-44 4.99E-29 2.03E-21 5.98E-17 1.54E-15 4.20E-15
 6.66E-15 1.00E-14 1.28E-14 1.35E-14 1.20E-14 1.07E-14
 1.00E-74 1.00E-74 2.25E-44 4.99E-29 2.03E-21 5.98E-17 1.54E-15 4.20E-15
 6.66E-15 1.00E-14 1.28E-14 1.35E-14 1.20E-14 1.07E-14
  2.43123    7  14 /pl=01:ss=69:pb= 1:sz=69/type=excit/ispb = t/isel =   17
 1.00E+10 1.00E+11 1.00E+12 1.00E+13 1.00E+14 1.00E+15 1.00E+16
 8.44E+01 1.27E+02 2.11E+02 4.22E+02 8.44E+02 2.11E+03 4.22E+03 6.33E+03
 8.44E+03 1.27E+04 2.11E+04 4.22E+04 8.44E+04 1.27E+05
 1.00E-74 1.00E-74 1.00E-74 6.55E-29 2.79E-21 8.35E-17 2.18E-15 6.00E-15
 9.67E-15 1.49E-14 2.00E-14 2.29E-14 2.26E-14 2.16E-14
 1.00E-74 1.00E-74 1.00E-74 6.55E-29 2.79E-21 8.35E-17 2.18E-15 6.00E-15
 9.67E-15 1.49E-14 2.00E-14 2.29E-14 2.26E-14 2.16E-14
 1.00E-74 1.00E-74 1.00E-74 6.55E-29 2.79E-21 8.35E-17 2.18E-15 6.00E-15
 9.67E-15 1.49E-14 2.00E-14 2.29E-14 2.26E-14 2.16E-14
 1.00E-74 1.00E-74 2.43E-44 6.55E-29 2.79E-21 8.35E-17 2.18E-15 6.00E-15
 9.67E-15 1.49E-14 2.00E-14 2.29E-14 2.26E-14 2.16E-14
 1.00E-74 1.00E-74 2.55E-44 6.55E-29 2.79E-21 8.35E-17 2.18E-15 6.00E-15
 9.67E-15 1.49E-14 2.00E-14 2.29E-14 2.26E-14 2.16E-14
 1.00E-74 1.00E-74 2.58E-44 6.55E-29 2.79E-21 8.35E-17 2.18E-15 6.00E-15
 9.67E-15 1.49E-14 2.00E-14 2.29E-14 2.26E-14 2.16E-14
 1.00E-74 1.00E-74 2.58E-44 6.55E-29 2.79E-21 8.35E-17 2.18E-15 6.00E-15
 9.67E-15 1.49E-14 2.00E-14 2.29E-14 2.26E-14 2.16E-14
  2.49724    7  14 /pl=01:ss=69:pb= 1:sz=69/type=excit/ispb = t/isel =   18
 1.00E+10 1.00E+11 1.00E+12 1.00E+13 1.00E+14 1.00E+15 1.00E+16
 8.44E+01 1.27E+02 2.11E+02 4.22E+02 8.44E+02 2.11E+03 4.22E+03 6.33E+03
 8.44E+03 1.27E+04 2.11E+04 4.22E+04 8.44E+04 1.27E+05
 1.00E-74 1.00E-74 1.00E-74 3.73E-30 1.52E-22 4.83E-18 1.31E-16 3.67E-16
 5.93E-16 9.19E-16 1.23E-15 1.41E-15 1.39E-15 1.32E-15
 1.00E-74 1.00E-74 1.00E-74 3.73E-30 1.52E-22 4.83E-18 1.31E-16 3.67E-16
 5.93E-16 9.19E-16 1.23E-15 1.41E-15 1.39E-15 1.32E-15
 1.00E-74 1.00E-74 1.00E-74 3.73E-30 1.52E-22 4.83E-18 1.31E-16 3.67E-16
 5.93E-16 9.19E-16 1.23E-15 1.41E-15 1.39E-15 1.32E-15
 1.00E-74 1.00E-74 1.00E-74 3.73E-30 1.52E-22 4.83E-18 1.31E-16 3.67E-16
 5.93E-16 9.19E-16 1.23E-15 1.41E-15 1.39E-15 1.32E-15
 1.00E-74 1.00E-74 2.20E-45 3.73E-30 1.52E-22 4.83E-18 1.31E-16 3.67E-16
 5.93E-16 9.19E-16 1.23E-15 1.41E-15 1.39E-15 1.32E-15
 1.00E-74 1.00E-74 1.93E-45 3.73E-30 1.52E-22 4.83E-18 1.31E-16 3.67E-16
 5.93E-16 9.19E-16 1.23E-15 1.41E-15 1.39E-15 1.32E-15
 1.00E-74 1.00E-74 1.95E-45 3.73E-30 1.52E-22 4.83E-18 1.31E-16 3.67E-16
 5.93E-16 9.19E-16 1.23E-15 1.41E-15 1.39E-15 1.32E-15
  2.55299    7  14 /pl=01:ss=69:pb= 1:sz=69/type=excit/ispb = t/isel =   19
 1.00E+10 1.00E+11 1.00E+12 1.00E+13 1.00E+14 1.00E+15 1.00E+16
 8.44E+01 1.27E+02 2.11E+02 4.22E+02 8.44E+02 2.11E+03 4.22E+03 6.33E+03
 8.44E+03 1.27E+04 2.11E+04 4.22E+04 8.44E+04 1.27E+05
 1.00E-74 1.00E-74 1.00E-74 4.65E-29 2.02E-21 6.08E-17 1.58E-15 4.30E-15
 6.87E-15 1.05E-14 1.36E-14 1.48E-14 1.34E-14 1.20E-14
 1.00E-74 1.00E-74 1.00E-74 4.65E-29 2.02E-21 6.08E-17 1.58E-15 4.30E-15
 6.87E-15 1.05E-14 1.36E-14 1.48E-14 1.34E-14 1.20E-14
 1.00E-74 1.00E-74 1.00E-74 4.65E-29 2.02E-21 6.08E-17 1.58E-15 4.30E-15
 6.87E-15 1.05E-14 1.36E-14 1.48E-14 1.34E-14 1.20E-14
 1.00E-74 1.00E-74 1.58E-44 4.65E-29 2.02E-21 6.08E-17 1.58E-15 4.30E-15
 6.87E-15 1.05E-14 1.36E-14 1.48E-14 1.34E-14 1.20E-14
 1.00E-74 1.00E-74 1.74E-44 4.65E-29 2.02E-21 6.08E-17 1.58E-15 4.30E-15
 6.87E-15 1.05E-14 1.36E-14 1.48E-14 1.34E-14 1.20E-14
 1.00E-74 1.00E-74 1.76E-44 4.65E-29 2.02E-21 6.08E-17 1.58E-15 4.30E-15
 6.87E-15 1.05E-14 1.36E-14 1.48E-14 1.34E-14 1.20E-14
 1.00E-74 1.00E-74 1.75E-44 4.65E-29 2.02E-21 6.08E-17 1.58E-15 4.30E-15
 6.87E-15 1.05E-14 1.36E-14 1.48E-14 1.34E-14 1.20E-14
  2.59530    7  14 /pl=01:ss=69:pb= 1:sz=69/type=excit/ispb = t/isel =   20
 1.00E+10 1.00E+11 1.00E+12 1.00E+13 1.00E+14 1.00E+15 1.00E+16
 8.44E+01 1.27E+02 2.11E+02 4.22E+02 8.44E+02 2.11E+03 4.22E+03 6.33E+03
 8.44E+03 1.27E+04 2.11E+04 4.22E+04 8.44E+04 1.27E+05
 1.00E-74 1.00E-74 1.00E-74 8.27E-30 3.36E-22 9.90E-18 2.55E-16 6.95E-16
 1.10E-15 1.66E-15 2.12E-15 2.24E-15 1.98E-15 1.76E-15
 1.00E-74 1.00E-74 1.00E-74 8.27E-30 3.36E-22 9.90E-18 2.55E-16 6.95E-16
 1.10E-15 1.66E-15 2.12E-15 2.24E-15 1.98E-15 1.76E-15
 1.00E-74 1.00E-74 1.00E-74 8.27E-30 3.36E-22 9.90E-18 2.55E-16 6.95E-16
 1.10E-15 1.66E-15 2.12E-15 2.24E-15 1.98E-15 1.76E-15
 1.00E-74 1.00E-74 3.59E-45 8.27E-30 3.36E-22 9.90E-18 2.55E-16 6.95E-16
 1.10E-15 1.66E-15 2.12E-15 2.24E-15 1.98E-15 1.76E-15
 1.00E-74 1.00E-74 3.68E-45 8.27E-30 3.36E-22 9.90E-18 2.55E-16 6.95E-16
 1.10E-15 1.66E-15 2.12E-15 2.24E-15 1.98E-15 1.76E-15
 1.00E-74 1.00E-74 3.72E-45 8.27E-30 3.36E-22 9.90E-18 2.55E-16 6.95E-16
 1.10E-15 1.66E-15 2.12E-15 2.24E-15 1.98E-15 1.76E-15
 1.00E-74 1.00E-74 3.72E-45 8.27E-30 3.36E-22 9.90E-18 2.55E-16 6.95E-16
 1.10E-15 1.66E-15 2.12E-15 2.24E-15 1.98E-15 1.76E-15
  3.23211    7  14 /pl=01:ss=69:pb= 1:sz=69/type=excit/ispb = t/isel =   21
 1.00E+10 1.00E+11 1.00E+12 1.00E+13 1.00E+14 1.00E+15 1.00E+16
 8.44E+01 1.27E+02 2.11E+02 4.22E+02 8.44E+02 2.11E+03 4.22E+03 6.33E+03
 8.44E+03 1.27E+04 2.11E+04 4.22E+04 8.44E+04 1.27E+05
 1.00E-74 1.00E-74 1.54E-40 7.84E-27 4.83E-20 4.72E-16 8.67E-15 2.12E-14
 3.19E-14 4.56E-14 5.63E-14 5.85E-14 5.17E-14 4.63E-14
 1.00E-74 1.00E-74 1.52E-40 7.84E-27 4.83E-20 4.72E-16 8.67E-15 2.12E-14
 3.19E-14 4.56E-14 5.63E-14 5.85E-14 5.17E-14 4.63E-14
 1.00E-74 1.00E-74 1.52E-40 7.84E-27 4.83E-20 4.72E-16 8.67E-15 2.12E-14
 3.19E-14 4.56E-14 5.63E-14 5.85E-14 5.17E-14 4.63E-14
 1.00E-74 1.00E-74 1.52E-40 7.84E-27 4.83E-20 4.72E-16 8.67E-15 2.12E-14
 3.19E-14 4.56E-14 5.63E-14 5.85E-14 5.17E-14 4.63E-14
 1.00E-74 1.00E-74 1.52E-40 7.84E-27 4.83E-20 4.72E-16 8.67E-15 2.12E-14
 3.19E-14 4.56E-14 5.63E-14 5.85E-14 5.17E-14 4.63E-14
 1.00E-74 1.00E-74 1.52E-40 7.84E-27 4.83E-20 4.72E-16 8.67E-15 2.12E-14
 3.19E-14 4.56E-14 5.63E-14 5.85E-14 5.17E-14 4.63E-14
 1.00E-74 1.00E-74 1.52E-40 7.84E-27 4.83E-20 4.72E-16 8.67E-15 2.12E-14
 3.19E-14 4.56E-14 5.63E-14 5.85E-14 5.17E-14 4.63E-14
  3.47474    7  14 /pl=01:ss=69:pb= 1:sz=69/type=excit/ispb = t/isel =   22
 1.00E+10 1.00E+11 1.00E+12 1.00E+13 1.00E+14 1.00E+15 1.00E+16
 8.44E+01 1.27E+02 2.11E+02 4.22E+02 8.44E+02 2.11E+03 4.22E+03 6.33E+03
 8.44E+03 1.27E+04 2.11E+04 4.22E+04 8.44E+04 1.27E+05
 1.00E-74 1.00E-74 9.70E-41 6.54E-27 4.55E-20 4.63E-16 8.53E-15 2.10E-14
 3.19E-14 4.68E-14 6.04E-14 6.81E-14 6.70E-14 6.41E-14
 1.00E-74 1.00E-74 9.70E-41 6.54E-27 4.55E-20 4.63E-16 8.53E-15 2.10E-14
 3.19E-14 4.68E-14 6.04E-14 6.81E-14 6.70E-14 6.41E-14
 1.00E-74 1.00E-74 9.79E-41 6.54E-27 4.55E-20 4.63E-16 8.53E-15 2.10E-14
 3.19E-14 4.68E-14 6.04E-14 6.81E-14 6.70E-14 6.41E-14
 1.00E-74 1.00E-74 9.80E-41 6.54E-27 4.55E-20 4.63E-16 8.53E-15 2.10E-14
 3.19E-14 4.68E-14 6.04E-14 6.81E-14 6.70E-14 6.41E-14
 1.00E-74 1.00E-74 9.80E-41 6.54E-27 4.55E-20 4.63E-16 8.53E-15 2.10E-14
 3.19E-14 4.68E-14 6.04E-14 6.81E-14 6.70E-14 6.41E-14
 1.00E-74 1.00E-74 9.80E-41 6.54E-27 4.55E-20 4.63E-16 8.53E-15 2.10E-14
 3.19E-14 4.68E-14 6.04E-14 6.81E-14 6.70E-14 6.41E-14
 1.00E-74 1.00E-74 9.80E-41 6.54E-27 4.55E-20 4.63E-16 8.53E-15 2.10E-14
 3.19E-14 4.68E-14 6.04E-14 6.81E-14 6.70E-14 6.41E-14
  3.47699    7  14 /pl=01:ss=69:pb= 1:sz=69/type=excit/ispb = t/isel =   23
 1.00E+10 1.00E+11 1.00E+12 1.00E+13 1.00E+14 1.00E+15 1.00E+16
 8.44E+01 1.27E+02 2.11E+02 4.22E+02 8.44E+02 2.11E+03 4.22E+03 6.33E+03
 8.44E+03 1.27E+04 2.11E+04 4.22E+04 8.44E+04 1.27E+05
 1.00E-74 1.00E-74 1.00E-74 4.24E-28 1.21E-20 2.80E-16 6.59E-15 1.73E-14
 2.71E-14 3.99E-14 4.99E-14 5.11E-14 4.39E-14 3.83E-14
 1.00E-74 1.00E-74 1.00E-74 4.24E-28 1.21E-20 2.80E-16 6.59E-15 1.73E-14
 2.71E-14 3.99E-14 4.99E-14 5.11E-14 4.39E-14 3.83E-14
 1.00E-74 1.00E-74 4.85E-43 4.24E-28 1.21E-20 2.80E-16 6.59E-15 1.73E-14
 2.71E-14 3.99E-14 4.99E-14 5.11E-14 4.39E-14 3.83E-14
 1.00E-74 1.00E-74 3.64E-43 4.24E-28 1.21E-20 2.80E-16 6.59E-15 1.73E-14
 2.71E-14 3.99E-14 4.99E-14 5.11E-14 4.39E-14 3.83E-14
 1.00E-74 1.00E-74 3.68E-43 4.24E-28 1.21E-20 2.80E-16 6.59E-15 1.73E-14
 2.71E-14 3.99E-14 4.99E-14 5.11E-14 4.39E-14 3.83E-14
 1.00E-74 1.00E-74 3.69E-43 4.24E-28 1.21E-20 2.80E-16 6.59E-15 1.73E-14
 2.71E-14 3.99E-14 4.99E-14 5.11E-14 4.39E-14 3.83E-14
 1.00E-74 1.00E-74 3.69E-43 4.24E-28 1.21E-20 2.80E-16 6.59E-15 1.73E-14
 2.71E-14 3.99E-14 4.99E-14 5.11E-14 4.39E-14 3.83E-14
  3.70394    7  14 /pl=01:ss=69:pb= 1:sz=69/type=excit/ispb = t/isel =   24
 1.00E+10 1.00E+11 1.00E+12 1.00E+13 1.00E+14 1.00E+15 1.00E+16
 8.44E+01 1.27E+02 2.11E+02 4.22E+02 8.44E+02 2.11E+03 4.22E+03 6.33E+03
 8.44E+03 1.27E+04 2.11E+04 4.22E+04 8.44E+04 1.27E+05
 1.00E-74 1.00E-74 4.82E-41 4.88E-27 3.55E-20 3.65E-16 6.64E-15 1.62E-14
 2.44E-14 3.52E-14 4.39E-14 4.63E-14 4.14E-14 3.74E-14
 1.00E-74 1.00E-74 6.75E-41 4.88E-27 3.55E-20 3.65E-16 6.64E-15 1.62E-14
 2.44E-14 3.52E-14 4.39E-14 4.63E-14 4.14E-14 3.74E-14
 1.00E-74 1.00E-74 6.56E-41 4.88E-27 3.55E-20 3.65E-16 6.64E-15 1.62E-14
 2.44E-14 3.52E-14 4.39E-14 4.63E-14 4.14E-14 3.74E-14
 1.00E-74 1.00E-74 6.56E-41 4.88E-27 3.55E-20 3.65E-16 6.64E-15 1.62E-14
 2.44E-14 3.52E-14 4.39E-14 4.63E-14 4.14E-14 3.74E-14
 1.00E-74 1.00E-74 6.56E-41 4.88E-27 3.55E-20 3.65E-16 6.64E-15 1.62E-14
 2.44E-14 3.52E-14 4.39E-14 4.63E-14 4.14E-14 3.74E-14
 1.00E-74 1.00E-74 6.56E-41 4.88E-27 3.55E-20 3.65E-16 6.64E-15 1.62E-14
 2.44E-14 3.52E-14 4.39E-14 4.63E-14 4.14E-14 3.74E-14
 1.00E-74 1.00E-74 6.56E-41 4.88E-27 3.55E-20 3.65E-16 6.64E-15 1.62E-14
 2.44E-14 3.52E-14 4.39E-14 4.63E-14 4.14E-14 3.74E-14
  3.75559    7  14 /pl=01:ss=69:pb= 1:sz=69/type=excit/ispb = t/isel =   25
 1.00E+10 1.00E+11 1.00E+12 1.00E+13 1.00E+14 1.00E+15 1.00E+16
 8.44E+01 1.27E+02 2.11E+02 4.22E+02 8.44E+02 2.11E+03 4.22E+03 6.33E+03
 8.44E+03 1.27E+04 2.11E+04 4.22E+04 8.44E+04 1.27E+05
 1.00E-74 1.00E-74 1.18E-41 6.03E-28 3.36E-21 3.77E-17 7.78E-16 2.00E-15
 3.13E-15 4.68E-15 6.05E-15 6.74E-15 6.49E-15 6.13E-15
 1.00E-74 1.00E-74 1.66E-41 6.03E-28 3.36E-21 3.77E-17 7.78E-16 2.00E-15
 3.13E-15 4.68E-15 6.05E-15 6.74E-15 6.49E-15 6.13E-15
 1.00E-74 1.00E-74 1.68E-41 6.03E-28 3.36E-21 3.77E-17 7.78E-16 2.00E-15
 3.13E-15 4.68E-15 6.05E-15 6.74E-15 6.49E-15 6.13E-15
 1.00E-74 1.00E-74 1.67E-41 6.03E-28 3.36E-21 3.77E-17 7.78E-16 2.00E-15
 3.13E-15 4.68E-15 6.05E-15 6.74E-15 6.49E-15 6.13E-15
 1.00E-74 1.00E-74 1.67E-41 6.03E-28 3.36E-21 3.77E-17 7.78E-16 2.00E-15
 3.13E-15 4.68E-15 6.05E-15 6.74E-15 6.49E-15 6.13E-15
 1.00E-74 1.00E-74 1.67E-41 6.03E-28 3.36E-21 3.77E-17 7.78E-16 2.00E-15
 3.13E-15 4.68E-15 6.05E-15 6.74E-15 6.49E-15 6.13E-15
 1.00E-74 1.00E-74 1.67E-41 6.03E-28 3.36E-21 3.77E-17 7.78E-16 2.00E-15
 3.13E-15 4.68E-15 6.05E-15 6.74E-15 6.49E-15 6.13E-15
  3.88500    7  14 /pl=01:ss=69:pb= 1:sz=69/type=excit/ispb = t/isel =   26
 1.00E+10 1.00E+11 1.00E+12 1.00E+13 1.00E+14 1.00E+15 1.00E+16
 8.44E+01 1.27E+02 2.11E+02 4.22E+02 8.44E+02 2.11E+03 4.22E+03 6.33E+03
 8.44E+03 1.27E+04 2.11E+04 4.22E+04 8.44E+04 1.27E+05
 1.00E-74 1.00E-74 3.41E-41 1.74E-27 1.07E-20 1.04E-16 1.92E-15 4.70E-15
 7.05E-15 1.01E-14 1.25E-14 1.29E-14 1.14E-14 1.03E-14
 1.00E-74 1.00E-74 3.37E-41 1.74E-27 1.07E-20 1.04E-16 1.92E-15 4.70E-15
 7.05E-15 1.01E-14 1.25E-14 1.29E-14 1.14E-14 1.03E-14
 1.00E-74 1.00E-74 3.37E-41 1.74E-27 1.07E-20 1.04E-16 1.92E-15 4.70E-15
 7.05E-15 1.01E-14 1.25E-14 1.29E-14 1.14E-14 1.03E-14
 1.00E-74 1.00E-74 3.37E-41 1.74E-27 1.07E-20 1.04E-16 1.92E-15 4.70E-15
 7.05E-15 1.01E-14 1.25E-14 1.29E-14 1.14E-14 1.03E-14
 1.00E-74 1.00E-74 3.37E-41 1.74E-27 1.07E-20 1.04E-16 1.92E-15 4.70E-15
 7.05E-15 1.01E-14 1.25E-14 1.29E-14 1.14E-14 1.03E-14
 1.00E-74 1.00E-74 3.37E-41 1.74E-27 1.07E-20 1.04E-16 1.92E-15 4.70E-15
 7.05E-15 1.01E-14 1.25E-14 1.29E-14 1.14E-14 1.03E-14
 1.00E-74 1.00E-74 3.37E-41 1.74E-27 1.07E-20 1.04E-16 1.92E-15 4.70E-15
 7.05E-15 1.01E-14 1.25E-14 1.29E-14 1.14E-14 1.03E-14
  3.88693    7  14 /pl=01:ss=69:pb= 1:sz=69/type=excit/ispb = t/isel =   27
 1.00E+10 1.00E+11 1.00E+12 1.00E+13 1.00E+14 1.00E+15 1.00E+16
 8.44E+01 1.27E+02 2.11E+02 4.22E+02 8.44E+02 2.11E+03 4.22E+03 6.33E+03
 8.44E+03 1.27E+04 2.11E+04 4.22E+04 8.44E+04 1.27E+05
 1.00E-74 1.00E-74 1.00E-74 1.26E-28 3.17E-21 6.89E-17 1.63E-15 4.41E-15
 7.08E-15 1.11E-14 1.55E-14 1.96E-14 2.15E-14 2.18E-14
 1.00E-74 1.00E-74 2.12E-43 1.26E-28 3.17E-21 6.89E-17 1.63E-15 4.41E-15
 7.08E-15 1.11E-14 1.55E-14 1.96E-14 2.15E-14 2.18E-14
 1.00E-74 1.00E-74 1.48E-43 1.26E-28 3.17E-21 6.89E-17 1.63E-15 4.41E-15
 7.08E-15 1.11E-14 1.55E-14 1.96E-14 2.15E-14 2.18E-14
 1.00E-74 1.00E-74 1.42E-43 1.26E-28 3.17E-21 6.89E-17 1.63E-15 4.41E-15
 7.08E-15 1.11E-14 1.55E-14 1.96E-14 2.15E-14 2.18E-14
 1.00E-74 1.00E-74 1.42E-43 1.26E-28 3.17E-21 6.89E-17 1.63E-15 4.41E-15
 7.08E-15 1.11E-14 1.55E-14 1.96E-14 2.15E-14 2.18E-14
 1.00E-74 1.00E-74 1.42E-43 1.26E-28 3.17E-21 6.89E-17 1.63E-15 4.41E-15
 7.08E-15 1.11E-14 1.55E-14 1.96E-14 2.15E-14 2.18E-14
 1.00E-74 1.00E-74 1.42E-43 1.26E-28 3.17E-21 6.89E-17 1.63E-15 4.41E-15
 7.08E-15 1.11E-14 1.55E-14 1.96E-14 2.15E-14 2.18E-14
  3.98669    7  14 /pl=01:ss=69:pb= 1:sz=69/type=excit/ispb = t/isel =   28
 1.00E+10 1.00E+11 1.00E+12 1.00E+13 1.00E+14 1.00E+15 1.00E+16
 8.44E+01 1.27E+02 2.11E+02 4.22E+02 8.44E+02 2.11E+03 4.22E+03 6.33E+03
 8.44E+03 1.27E+04 2.11E+04 4.22E+04 8.44E+04 1.27E+05
 1.00E-74 1.00E-74 1.00E-74 1.83E-31 3.64E-23 2.70E-18 9.44E-17 2.82E-16
 4.71E-16 7.42E-16 9.73E-16 1.04E-15 9.14E-16 8.02E-16
 1.00E-74 1.00E-74 1.00E-74 1.83E-31 3.64E-23 2.70E-18 9.44E-17 2.82E-16
 4.71E-16 7.42E-16 9.73E-16 1.04E-15 9.14E-16 8.02E-16
 1.00E-74 1.00E-74 1.00E-74 1.83E-31 3.64E-23 2.70E-18 9.44E-17 2.82E-16
 4.71E-16 7.42E-16 9.73E-16 1.04E-15 9.14E-16 8.02E-16
 1.00E-74 1.00E-74 1.00E-74 1.83E-31 3.64E-23 2.70E-18 9.44E-17 2.82E-16
 4.71E-16 7.42E-16 9.73E-16 1.04E-15 9.14E-16 8.02E-16
 1.00E-74 1.00E-74 1.00E-74 1.83E-31 3.64E-23 2.70E-18 9.44E-17 2.82E-16
 4.71E-16 7.42E-16 9.73E-16 1.04E-15 9.14E-16 8.02E-16
 1.00E-74 1.00E-74 1.00E-74 1.83E-31 3.64E-23 2.70E-18 9.44E-17 2.82E-16
 4.71E-16 7.42E-16 9.73E-16 1.04E-15 9.14E-16 8.02E-16
 1.00E-74 1.00E-74 3.54E-48 1.83E-31 3.64E-23 2.70E-18 9.44E-17 2.82E-16
 4.71E-16 7.42E-16 9.73E-16 1.04E-15 9.14E-16 8.02E-16
  4.16930    7  14 /pl=01:ss=69:pb= 1:sz=69/type=excit/ispb = t/isel =   29
 1.00E+10 1.00E+11 1.00E+12 1.00E+13 1.00E+14 1.00E+15 1.00E+16
 8.44E+01 1.27E+02 2.11E+02 4.22E+02 8.44E+02 2.11E+03 4.22E+03 6.33E+03
 8.44E+03 1.27E+04 2.11E+04 4.22E+04 8.44E+04 1.27E+05
 1.00E-74 1.00E-74 1.00E-74 3.26E-31 6.66E-23 5.06E-18 1.79E-16 5.43E-16
 9.16E-16 1.48E-15 2.05E-15 2.40E-15 2.39E-15 2.29E-15
 1.00E-74 1.00E-74 1.00E-74 3.26E-31 6.66E-23 5.06E-18 1.79E-16 5.43E-16
 9.16E-16 1.48E-15 2.05E-15 2.40E-15 2.39E-15 2.29E-15
 1.00E-74 1.00E-74 1.00E-74 3.26E-31 6.66E-23 5.06E-18 1.79E-16 5.43E-16
 9.16E-16 1.48E-15 2.05E-15 2.40E-15 2.39E-15 2.29E-15
 1.00E-74 1.00E-74 1.00E-74 3.26E-31 6.66E-23 5.06E-18 1.79E-16 5.43E-16
 9.16E-16 1.48E-15 2.05E-15 2.40E-15 2.39E-15 2.29E-15
 1.00E-74 1.00E-74 1.00E-74 3.26E-31 6.66E-23 5.06E-18 1.79E-16 5.43E-16
 9.16E-16 1.48E-15 2.05E-15 2.40E-15 2.39E-15 2.29E-15
 1.00E-74 1.00E-74 1.00E-74 3.26E-31 6.66E-23 5.06E-18 1.79E-16 5.43E-16
 9.16E-16 1.48E-15 2.05E-15 2.40E-15 2.39E-15 2.29E-15
 1.00E-74 1.00E-74 5.51E-48 3.26E-31 6.66E-23 5.06E-18 1.79E-16 5.43E-16
 9.16E-16 1.48E-15 2.05E-15 2.40E-15 2.39E-15 2.29E-15
  4.31750    7  14 /pl=01:ss=69:pb= 1:sz=69/type=excit/ispb = t/isel =   30
 1.00E+10 1.00E+11 1.00E+12 1.00E+13 1.00E+14 1.00E+15 1.00E+16
 8.44E+01 1.27E+02 2.11E+02 4.22E+02 8.44E+02 2.11E+03 4.22E+03 6.33E+03
 8.44E+03 1.27E+04 2.11E+04 4.22E+04 8.44E+04 1.27E+05
 1.00E-74 1.00E-74 1.00E-74 3.16E-31 6.54E-23 4.96E-18 1.75E-16 5.31E-16
 8.91E-16 1.42E-15 1.92E-15 2.12E-15 1.95E-15 1.75E-15
 1.00E-74 1.00E-74 1.00E-74 3.16E-31 6.54E-23 4.96E-18 1.75E-16 5.31E-16
 8.91E-16 1.42E-15 1.92E-15 2.12E-15 1.95E-15 1.75E-15
 1.00E-74 1.00E-74 1.00E-74 3.16E-31 6.54E-23 4.96E-18 1.75E-16 5.31E-16
 8.91E-16 1.42E-15 1.92E-15 2.12E-15 1.95E-15 1.75E-15
 1.00E-74 1.00E-74 1.00E-74 3.16E-31 6.54E-23 4.96E-18 1.75E-16 5.31E-16
 8.91E-16 1.42E-15 1.92E-15 2.12E-15 1.95E-15 1.75E-15
 1.00E-74 1.00E-74 1.00E-74 3.16E-31 6.54E-23 4.96E-18 1.75E-16 5.31E-16
 8.91E-16 1.42E-15 1.92E-15 2.12E-15 1.95E-15 1.75E-15
 1.00E-74 1.00E-74 1.00E-74 3.16E-31 6.54E-23 4.96E-18 1.75E-16 5.31E-16
 8.91E-16 1.42E-15 1.92E-15 2.12E-15 1.95E-15 1.75E-15
 1.00E-74 1.00E-74 5.13E-48 3.16E-31 6.54E-23 4.96E-18 1.75E-16 5.31E-16
 8.91E-16 1.42E-15 1.92E-15 2.12E-15 1.95E-15 1.75E-15
  4.77345    7  14 /pl=01:ss=69:pb= 1:sz=69/type=excit/ispb = t/isel =   31
 1.00E+10 1.00E+11 1.00E+12 1.00E+13 1.00E+14 1.00E+15 1.00E+16
 8.44E+01 1.27E+02 2.11E+02 4.22E+02 8.44E+02 2.11E+03 4.22E+03 6.33E+03
 8.44E+03 1.27E+04 2.11E+04 4.22E+04 8.44E+04 1.27E+05
 1.00E-74 1.00E-74 1.00E-74 1.18E-30 1.29E-22 6.81E-18 2.11E-16 6.10E-16
 9.97E-16 1.54E-15 2.01E-15 2.13E-15 1.88E-15 1.67E-15
 1.00E-74 1.00E-74 1.00E-74 1.18E-30 1.29E-22 6.81E-18 2.11E-16 6.10E-16
 9.97E-16 1.54E-15 2.01E-15 2.13E-15 1.88E-15 1.67E-15
 1.00E-74 1.00E-74 1.00E-74 1.18E-30 1.29E-22 6.81E-18 2.11E-16 6.10E-16
 9.97E-16 1.54E-15 2.01E-15 2.13E-15 1.88E-15 1.67E-15
 1.00E-74 1.00E-74 1.00E-74 1.18E-30 1.29E-22 6.81E-18 2.11E-16 6.10E-16
 9.97E-16 1.54E-15 2.01E-15 2.13E-15 1.88E-15 1.67E-15
 1.00E-74 1.00E-74 1.36E-46 1.18E-30 1.29E-22 6.81E-18 2.11E-16 6.10E-16
 9.97E-16 1.54E-15 2.01E-15 2.13E-15 1.88E-15 1.67E-15
 1.00E-74 1.00E-74 6.82E-47 1.18E-30 1.29E-22 6.81E-18 2.11E-16 6.10E-16
 9.97E-16 1.54E-15 2.01E-15 2.13E-15 1.88E-15 1.67E-15
 1.00E-74 1.00E-74 6.95E-47 1.18E-30 1.29E-22 6.81E-18 2.11E-16 6.10E-16
 9.97E-16 1.54E-15 2.01E-15 2.13E-15 1.88E-15 1.67E-15
  5.01315    7  14 /pl=01:ss=69:pb= 1:sz=69/type=excit/ispb = t/isel =   32
 1.00E+10 1.00E+11 1.00E+12 1.00E+13 1.00E+14 1.00E+15 1.00E+16
 8.44E+01 1.27E+02 2.11E+02 4.22E+02 8.44E+02 2.11E+03 4.22E+03 6.33E+03
 8.44E+03 1.27E+04 2.11E+04 4.22E+04 8.44E+04 1.27E+05
 1.00E-74 1.00E-74 1.00E-74 1.88E-30 2.13E-22 1.14E-17 3.60E-16 1.05E-15
 1.74E-15 2.77E-15 3.78E-15 4.40E-15 4.34E-15 4.15E-15
 1.00E-74 1.00E-74 1.00E-74 1.88E-30 2.13E-22 1.14E-17 3.60E-16 1.05E-15
 1.74E-15 2.77E-15 3.78E-15 4.40E-15 4.34E-15 4.15E-15
 1.00E-74 1.00E-74 1.00E-74 1.88E-30 2.13E-22 1.14E-17 3.60E-16 1.05E-15
 1.74E-15 2.77E-15 3.78E-15 4.40E-15 4.34E-15 4.15E-15
 1.00E-74 1.00E-74 1.00E-74 1.88E-30 2.13E-22 1.14E-17 3.60E-16 1.05E-15
 1.74E-15 2.77E-15 3.78E-15 4.40E-15 4.34E-15 4.15E-15
 1.00E-74 1.00E-74 1.00E-74 1.88E-30 2.13E-22 1.14E-17 3.60E-16 1.05E-15
 1.74E-15 2.77E-15 3.78E-15 4.40E-15 4.34E-15 4.15E-15
 1.00E-74 1.00E-74 1.17E-46 1.88E-30 2.13E-22 1.14E-17 3.60E-16 1.05E-15
 1.74E-15 2.77E-15 3.78E-15 4.40E-15 4.34E-15 4.15E-15
 1.00E-74 1.00E-74 1.05E-46 1.88E-30 2.13E-22 1.14E-17 3.60E-16 1.05E-15
 1.74E-15 2.77E-15 3.78E-15 4.40E-15 4.34E-15 4.15E-15
  5.21803    7  14 /pl=01:ss=69:pb= 1:sz=69/type=excit/ispb = t/isel =   33
 1.00E+10 1.00E+11 1.00E+12 1.00E+13 1.00E+14 1.00E+15 1.00E+16
 8.44E+01 1.27E+02 2.11E+02 4.22E+02 8.44E+02 2.11E+03 4.22E+03 6.33E+03
 8.44E+03 1.27E+04 2.11E+04 4.22E+04 8.44E+04 1.27E+05
 1.00E-74 1.00E-74 1.00E-74 1.84E-30 2.11E-22 1.13E-17 3.56E-16 1.04E-15
 1.71E-15 2.67E-15 3.56E-15 3.92E-15 3.57E-15 3.22E-15
 1.00E-74 1.00E-74 1.00E-74 1.84E-30 2.11E-22 1.13E-17 3.56E-16 1.04E-15
 1.71E-15 2.67E-15 3.56E-15 3.92E-15 3.57E-15 3.22E-15
 1.00E-74 1.00E-74 1.00E-74 1.84E-30 2.11E-22 1.13E-17 3.56E-16 1.04E-15
 1.71E-15 2.67E-15 3.56E-15 3.92E-15 3.57E-15 3.22E-15
 1.00E-74 1.00E-74 1.00E-74 1.84E-30 2.11E-22 1.13E-17 3.56E-16 1.04E-15
 1.71E-15 2.67E-15 3.56E-15 3.92E-15 3.57E-15 3.22E-15
 1.00E-74 1.00E-74 1.00E-74 1.84E-30 2.11E-22 1.13E-17 3.56E-16 1.04E-15
 1.71E-15 2.67E-15 3.56E-15 3.92E-15 3.57E-15 3.22E-15
 1.00E-74 1.00E-74 8.97E-47 1.84E-30 2.11E-22 1.13E-17 3.56E-16 1.04E-15
 1.71E-15 2.67E-15 3.56E-15 3.92E-15 3.57E-15 3.22E-15
 1.00E-74 1.00E-74 9.87E-47 1.84E-30 2.11E-22 1.13E-17 3.56E-16 1.04E-15
 1.71E-15 2.67E-15 3.56E-15 3.92E-15 3.57E-15 3.22E-15
  5.31997    7  14 /pl=01:ss=69:pb= 1:sz=69/type=excit/ispb = t/isel =   34
 1.00E+10 1.00E+11 1.00E+12 1.00E+13 1.00E+14 1.00E+15 1.00E+16
 8.44E+01 1.27E+02 2.11E+02 4.22E+02 8.44E+02 2.11E+03 4.22E+03 6.33E+03
 8.44E+03 1.27E+04 2.11E+04 4.22E+04 8.44E+04 1.27E+05
 1.00E-74 1.00E-74 1.00E-74 4.48E-31 4.92E-23 2.59E-18 8.03E-17 2.32E-16
 3.79E-16 5.85E-16 7.62E-16 8.10E-16 7.14E-16 6.33E-16
 1.00E-74 1.00E-74 1.00E-74 4.48E-31 4.92E-23 2.59E-18 8.03E-17 2.32E-16
 3.79E-16 5.85E-16 7.62E-16 8.10E-16 7.14E-16 6.33E-16
 1.00E-74 1.00E-74 1.00E-74 4.48E-31 4.92E-23 2.59E-18 8.03E-17 2.32E-16
 3.79E-16 5.85E-16 7.62E-16 8.10E-16 7.14E-16 6.33E-16
 1.00E-74 1.00E-74 1.00E-74 4.48E-31 4.92E-23 2.59E-18 8.03E-17 2.32E-16
 3.79E-16 5.85E-16 7.62E-16 8.10E-16 7.14E-16 6.33E-16
 1.00E-74 1.00E-74 5.18E-47 4.48E-31 4.92E-23 2.59E-18 8.03E-17 2.32E-16
 3.79E-16 5.85E-16 7.62E-16 8.10E-16 7.14E-16 6.33E-16
 1.00E-74 1.00E-74 2.59E-47 4.48E-31 4.92E-23 2.59E-18 8.03E-17 2.32E-16
 3.79E-16 5.85E-16 7.62E-16 8.10E-16 7.14E-16 6.33E-16
 1.00E-74 1.00E-74 2.64E-47 4.48E-31 4.92E-23 2.59E-18 8.03E-17 2.32E-16
 3.79E-16 5.85E-16 7.62E-16 8.10E-16 7.14E-16 6.33E-16
  7.11615    7  14 /pl=01:ss=69:pb= 1:sz=69/type=excit/ispb = t/isel =   35
 1.00E+10 1.00E+11 1.00E+12 1.00E+13 1.00E+14 1.00E+15 1.00E+16
 8.44E+01 1.27E+02 2.11E+02 4.22E+02 8.44E+02 2.11E+03 4.22E+03 6.33E+03
 8.44E+03 1.27E+04 2.11E+04 4.22E+04 8.44E+04 1.27E+05
 1.00E-74 1.00E-74 1.00E-74 1.95E-29 7.92E-22 2.33E-17 6.01E-16 1.64E-15
 2.60E-15 3.91E-15 5.00E-15 5.27E-15 4.66E-15 4.16E-15
 1.00E-74 1.00E-74 1.00E-74 1.95E-29 7.92E-22 2.33E-17 6.01E-16 1.64E-15
 2.60E-15 3.91E-15 5.00E-15 5.27E-15 4.66E-15 4.16E-15
 1.00E-74 1.00E-74 1.00E-74 1.95E-29 7.92E-22 2.33E-17 6.01E-16 1.64E-15
 2.60E-15 3.91E-15 5.00E-15 5.27E-15 4.66E-15 4.16E-15
 1.00E-74 1.00E-74 8.46E-45 1.95E-29 7.92E-22 2.33E-17 6.01E-16 1.64E-15
 2.60E-15 3.91E-15 5.00E-15 5.27E-15 4.66E-15 4.16E-15
 1.00E-74 1.00E-74 8.68E-45 1.95E-29 7.92E-22 2.33E-17 6.01E-16 1.64E-15
 2.60E-15 3.91E-15 5.00E-15 5.27E-15 4.66E-15 4.16E-15
 1.00E-74 1.00E-74 8.76E-45 1.95E-29 7.92E-22 2.33E-17 6.01E-16 1.64E-15
 2.60E-15 3.91E-15 5.00E-15 5.27E-15 4.66E-15 4.16E-15
 1.00E-74 1.00E-74 8.77E-45 1.95E-29 7.92E-22 2.33E-17 6.01E-16 1.64E-15
 2.60E-15 3.91E-15 5.00E-15 5.27E-15 4.66E-15 4.16E-15
  7.55120    7  14 /pl=01:ss=69:pb= 1:sz=69/type=excit/ispb = t/isel =   36
 1.00E+10 1.00E+11 1.00E+12 1.00E+13 1.00E+14 1.00E+15 1.00E+16
 8.44E+01 1.27E+02 2.11E+02 4.22E+02 8.44E+02 2.11E+03 4.22E+03 6.33E+03
 8.44E+03 1.27E+04 2.11E+04 4.22E+04 8.44E+04 1.27E+05
 1.00E-74 1.00E-74 1.00E-74 2.57E-29 1.10E-21 3.28E-17 8.56E-16 2.36E-15
 3.80E-15 5.84E-15 7.84E-15 8.98E-15 8.89E-15 8.49E-15
 1.00E-74 1.00E-74 1.00E-74 2.57E-29 1.10E-21 3.28E-17 8.56E-16 2.36E-15
 3.80E-15 5.84E-15 7.84E-15 8.98E-15 8.89E-15 8.49E-15
 1.00E-74 1.00E-74 1.00E-74 2.57E-29 1.10E-21 3.28E-17 8.56E-16 2.36E-15
 3.80E-15 5.84E-15 7.84E-15 8.98E-15 8.89E-15 8.49E-15
 1.00E-74 1.00E-74 9.56E-45 2.57E-29 1.10E-21 3.28E-17 8.56E-16 2.36E-15
 3.80E-15 5.84E-15 7.84E-15 8.98E-15 8.89E-15 8.49E-15
 1.00E-74 1.00E-74 1.00E-44 2.57E-29 1.10E-21 3.28E-17 8.56E-16 2.36E-15
 3.80E-15 5.84E-15 7.84E-15 8.98E-15 8.89E-15 8.49E-15
 1.00E-74 1.00E-74 1.01E-44 2.57E-29 1.10E-21 3.28E-17 8.56E-16 2.36E-15
 3.80E-15 5.84E-15 7.84E-15 8.98E-15 8.89E-15 8.49E-15
 1.00E-74 1.00E-74 1.02E-44 2.57E-29 1.10E-21 3.28E-17 8.56E-16 2.36E-15
 3.80E-15 5.84E-15 7.84E-15 8.98E-15 8.89E-15 8.49E-15
  7.97512    7  14 /pl=01:ss=69:pb= 1:sz=69/type=excit/ispb = t/isel =   37
 1.00E+10 1.00E+11 1.00E+12 1.00E+13 1.00E+14 1.00E+15 1.00E+16
 8.44E+01 1.27E+02 2.11E+02 4.22E+02 8.44E+02 2.11E+03 4.22E+03 6.33E+03
 8.44E+03 1.27E+04 2.11E+04 4.22E+04 8.44E+04 1.27E+05
 1.00E-74 1.00E-74 1.00E-74 2.60E-29 1.13E-21 3.40E-17 8.83E-16 2.41E-15
 3.85E-15 5.86E-15 7.62E-15 8.27E-15 7.50E-15 6.74E-15
 1.00E-74 1.00E-74 1.00E-74 2.60E-29 1.13E-21 3.40E-17 8.83E-16 2.41E-15
 3.85E-15 5.86E-15 7.62E-15 8.27E-15 7.50E-15 6.74E-15
 1.00E-74 1.00E-74 1.00E-74 2.60E-29 1.13E-21 3.40E-17 8.83E-16 2.41E-15
 3.85E-15 5.86E-15 7.62E-15 8.27E-15 7.50E-15 6.74E-15
 1.00E-74 1.00E-74 8.87E-45 2.60E-29 1.13E-21 3.40E-17 8.83E-16 2.41E-15
 3.85E-15 5.86E-15 7.62E-15 8.27E-15 7.50E-15 6.74E-15
 1.00E-74 1.00E-74 9.76E-45 2.60E-29 1.13E-21 3.40E-17 8.83E-16 2.41E-15
 3.85E-15 5.86E-15 7.62E-15 8.27E-15 7.50E-15 6.74E-15
 1.00E-74 1.00E-74 9.85E-45 2.60E-29 1.13E-21 3.40E-17 8.83E-16 2.41E-15
 3.85E-15 5.86E-15 7.62E-15 8.27E-15 7.50E-15 6.74E-15
 1.00E-74 1.00E-74 9.82E-45 2.60E-29 1.13E-21 3.40E-17 8.83E-16 2.41E-15
 3.85E-15 5.86E-15 7.62E-15 8.27E-15 7.50E-15 6.74E-15
  8.22656    7  14 /pl=01:ss=69:pb= 1:sz=69/type=excit/ispb = t/isel =   38
 1.00E+10 1.00E+11 1.00E+12 1.00E+13 1.00E+14 1.00E+15 1.00E+16
 8.44E+01 1.27E+02 2.11E+02 4.22E+02 8.44E+02 2.11E+03 4.22E+03 6.33E+03
 8.44E+03 1.27E+04 2.11E+04 4.22E+04 8.44E+04 1.27E+05
 1.00E-74 1.00E-74 1.00E-74 2.62E-30 1.07E-22 3.39E-18 9.21E-17 2.57E-16
 4.17E-16 6.45E-16 8.63E-16 9.88E-16 9.74E-16 9.30E-16
 1.00E-74 1.00E-74 1.00E-74 2.62E-30 1.07E-22 3.39E-18 9.21E-17 2.57E-16
 4.17E-16 6.45E-16 8.63E-16 9.88E-16 9.74E-16 9.30E-16
 1.00E-74 1.00E-74 1.00E-74 2.62E-30 1.07E-22 3.39E-18 9.21E-17 2.57E-16
 4.17E-16 6.45E-16 8.63E-16 9.88E-16 9.74E-16 9.30E-16
 1.00E-74 1.00E-74 1.00E-74 2.62E-30 1.07E-22 3.39E-18 9.21E-17 2.57E-16
 4.17E-16 6.45E-16 8.63E-16 9.88E-16 9.74E-16 9.30E-16
 1.00E-74 1.00E-74 1.55E-45 2.62E-30 1.07E-22 3.39E-18 9.21E-17 2.57E-16
 4.17E-16 6.45E-16 8.63E-16 9.88E-16 9.74E-16 9.30E-16
 1.00E-74 1.00E-74 1.35E-45 2.62E-30 1.07E-22 3.39E-18 9.21E-17 2.57E-16
 4.17E-16 6.45E-16 8.63E-16 9.88E-16 9.74E-16 9.30E-16
 1.00E-74 1.00E-74 1.37E-45 2.62E-30 1.07E-22 3.39E-18 9.21E-17 2.57E-16
 4.17E-16 6.45E-16 8.63E-16 9.88E-16 9.74E-16 9.30E-16
  8.40306    7  14 /pl=01:ss=69:pb= 1:sz=69/type=excit/ispb = t/isel =   39
 1.00E+10 1.00E+11 1.00E+12 1.00E+13 1.00E+14 1.00E+15 1.00E+16
 8.44E+01 1.27E+02 2.11E+02 4.22E+02 8.44E+02 2.11E+03 4.22E+03 6.33E+03
 8.44E+03 1.27E+04 2.11E+04 4.22E+04 8.44E+04 1.27E+05
 1.00E-74 1.00E-74 1.00E-74 9.75E-30 3.96E-22 1.17E-17 3.01E-16 8.20E-16
 1.30E-15 1.96E-15 2.50E-15 2.64E-15 2.34E-15 2.08E-15
 1.00E-74 1.00E-74 1.00E-74 9.75E-30 3.96E-22 1.17E-17 3.01E-16 8.20E-16
 1.30E-15 1.96E-15 2.50E-15 2.64E-15 2.34E-15 2.08E-15
 1.00E-74 1.00E-74 1.00E-74 9.75E-30 3.96E-22 1.17E-17 3.01E-16 8.20E-16
 1.30E-15 1.96E-15 2.50E-15 2.64E-15 2.34E-15 2.08E-15
 1.00E-74 1.00E-74 4.24E-45 9.75E-30 3.96E-22 1.17E-17 3.01E-16 8.20E-16
 1.30E-15 1.96E-15 2.50E-15 2.64E-15 2.34E-15 2.08E-15
 1.00E-74 1.00E-74 4.34E-45 9.75E-30 3.96E-22 1.17E-17 3.01E-16 8.20E-16
 1.30E-15 1.96E-15 2.50E-15 2.64E-15 2.34E-15 2.08E-15
 1.00E-74 1.00E-74 4.39E-45 9.75E-30 3.96E-22 1.17E-17 3.01E-16 8.20E-16
 1.30E-15 1.96E-15 2.50E-15 2.64E-15 2.34E-15 2.08E-15
 1.00E-74 1.00E-74 4.39E-45 9.75E-30 3.96E-22 1.17E-17 3.01E-16 8.20E-16
 1.30E-15 1.96E-15 2.50E-15 2.64E-15 2.34E-15 2.08E-15
  8.57171    7  14 /pl=01:ss=69:pb= 1:sz=69/type=excit/ispb = t/isel =   40
 1.00E+10 1.00E+11 1.00E+12 1.00E+13 1.00E+14 1.00E+15 1.00E+16
 8.44E+01 1.27E+02 2.11E+02 4.22E+02 8.44E+02 2.11E+03 4.22E+03 6.33E+03
 8.44E+03 1.27E+04 2.11E+04 4.22E+04 8.44E+04 1.27E+05
 1.00E-74 1.00E-74 1.00E-74 9.55E-32 1.90E-23 1.41E-18 4.92E-17 1.47E-16
 2.46E-16 3.87E-16 5.07E-16 5.42E-16 4.76E-16 4.18E-16
 1.00E-74 1.00E-74 1.00E-74 9.55E-32 1.90E-23 1.41E-18 4.92E-17 1.47E-16
 2.46E-16 3.87E-16 5.07E-16 5.42E-16 4.76E-16 4.18E-16
 1.00E-74 1.00E-74 1.00E-74 9.55E-32 1.90E-23 1.41E-18 4.92E-17 1.47E-16
 2.46E-16 3.87E-16 5.07E-16 5.42E-16 4.76E-16 4.18E-16
 1.00E-74 1.00E-74 1.00E-74 9.55E-32 1.90E-23 1.41E-18 4.92E-17 1.47E-16
 2.46E-16 3.87E-16 5.07E-16 5.42E-16 4.76E-16 4.18E-16
 1.00E-74 1.00E-74 1.00E-74 9.55E-32 1.90E-23 1.41E-18 4.92E-17 1.47E-16
 2.46E-16 3.87E-16 5.07E-16 5.42E-16 4.76E-16 4.18E-16
 1.00E-74 1.00E-74 1.00E-74 9.55E-32 1.90E-23 1.41E-18 4.92E-17 1.47E-16
 2.46E-16 3.87E-16 5.07E-16 5.42E-16 4.76E-16 4.18E-16
 1.00E-74 1.00E-74 1.84E-48 9.55E-32 1.90E-23 1.41E-18 4.92E-17 1.47E-16
 2.46E-16 3.87E-16 5.07E-16 5.42E-16 4.76E-16 4.18E-16
  8.93357    7  14 /pl=01:ss=69:pb= 1:sz=69/type=excit/ispb = t/isel =   41
 1.00E+10 1.00E+11 1.00E+12 1.00E+13 1.00E+14 1.00E+15 1.00E+16
 8.44E+01 1.27E+02 2.11E+02 4.22E+02 8.44E+02 2.11E+03 4.22E+03 6.33E+03
 8.44E+03 1.27E+04 2.11E+04 4.22E+04 8.44E+04 1.27E+05
 1.00E-74 1.00E-74 1.00E-74 1.67E-31 3.41E-23 2.59E-18 9.16E-17 2.78E-16
 4.69E-16 7.58E-16 1.05E-15 1.23E-15 1.22E-15 1.17E-15
 1.00E-74 1.00E-74 1.00E-74 1.67E-31 3.41E-23 2.59E-18 9.16E-17 2.78E-16
 4.69E-16 7.58E-16 1.05E-15 1.23E-15 1.22E-15 1.17E-15
 1.00E-74 1.00E-74 1.00E-74 1.67E-31 3.41E-23 2.59E-18 9.16E-17 2.78E-16
 4.69E-16 7.58E-16 1.05E-15 1.23E-15 1.22E-15 1.17E-15
 1.00E-74 1.00E-74 1.00E-74 1.67E-31 3.41E-23 2.59E-18 9.16E-17 2.78E-16
 4.69E-16 7.58E-16 1.05E-15 1.23E-15 1.22E-15 1.17E-15
 1.00E-74 1.00E-74 1.00E-74 1.67E-31 3.41E-23 2.59E-18 9.16E-17 2.78E-16
 4.69E-16 7.58E-16 1.05E-15 1.23E-15 1.22E-15 1.17E-15
 1.00E-74 1.00E-74 1.00E-74 1.67E-31 3.41E-23 2.59E-18 9.16E-17 2.78E-16
 4.69E-16 7.58E-16 1.05E-15 1.23E-15 1.22E-15 1.17E-15
 1.00E-74 1.00E-74 2.82E-48 1.67E-31 3.41E-23 2.59E-18 9.16E-17 2.78E-16
 4.69E-16 7.58E-16 1.05E-15 1.23E-15 1.22E-15 1.17E-15
  9.25128    7  14 /pl=01:ss=69:pb= 1:sz=69/type=excit/ispb = t/isel =   42
 1.00E+10 1.00E+11 1.00E+12 1.00E+13 1.00E+14 1.00E+15 1.00E+16
 8.44E+01 1.27E+02 2.11E+02 4.22E+02 8.44E+02 2.11E+03 4.22E+03 6.33E+03
 8.44E+03 1.27E+04 2.11E+04 4.22E+04 8.44E+04 1.27E+05
 1.00E-74 1.00E-74 1.00E-74 1.83E-31 3.79E-23 2.87E-18 1.01E-16 3.07E-16
 5.16E-16 8.23E-16 1.11E-15 1.23E-15 1.13E-15 1.01E-15
 1.00E-74 1.00E-74 1.00E-74 1.83E-31 3.79E-23 2.87E-18 1.01E-16 3.07E-16
 5.16E-16 8.23E-16 1.11E-15 1.23E-15 1.13E-15 1.01E-15
 1.00E-74 1.00E-74 1.00E-74 1.83E-31 3.79E-23 2.87E-18 1.01E-16 3.07E-16
 5.16E-16 8.23E-16 1.11E-15 1.23E-15 1.13E-15 1.01E-15
 1.00E-74 1.00E-74 1.00E-74 1.83E-31 3.79E-23 2.87E-18 1.01E-16 3.07E-16
 5.16E-16 8.23E-16 1.11E-15 1.23E-15 1.13E-15 1.01E-15
 1.00E-74 1.00E-74 1.00E-74 1.83E-31 3.79E-23 2.87E-18 1.01E-16 3.07E-16
 5.16E-16 8.23E-16 1.11E-15 1.23E-15 1.13E-15 1.01E-15
 1.00E-74 1.00E-74 1.00E-74 1.83E-31 3.79E-23 2.87E-18 1.01E-16 3.07E-16
 5.16E-16 8.23E-16 1.11E-15 1.23E-15 1.13E-15 1.01E-15
 1.00E-74 1.00E-74 2.97E-48 1.83E-31 3.79E-23 2.87E-18 1.01E-16 3.07E-16
 5.16E-16 8.23E-16 1.11E-15 1.23E-15 1.13E-15 1.01E-15
  9.94242    7  14 /pl=01:ss=69:pb= 1:sz=69/type=excit/ispb = t/isel =   43
 1.00E+10 1.00E+11 1.00E+12 1.00E+13 1.00E+14 1.00E+15 1.00E+16
 8.44E+01 1.27E+02 2.11E+02 4.22E+02 8.44E+02 2.11E+03 4.22E+03 6.33E+03
 8.44E+03 1.27E+04 2.11E+04 4.22E+04 8.44E+04 1.27E+05
 1.13E-16 1.28E-14 5.10E-13 7.02E-12 2.23E-11 3.70E-11 3.87E-11 3.73E-11
 3.58E-11 3.31E-11 2.93E-11 2.41E-11 1.93E-11 1.68E-11
 1.13E-16 1.28E-14 5.10E-13 7.02E-12 2.23E-11 3.70E-11 3.87E-11 3.73E-11
 3.58E-11 3.31E-11 2.93E-11 2.41E-11 1.93E-11 1.68E-11
 1.13E-16 1.28E-14 5.10E-13 7.02E-12 2.23E-11 3.70E-11 3.87E-11 3.73E-11
 3.58E-11 3.31E-11 2.93E-11 2.41E-11 1.93E-11 1.68E-11
 1.13E-16 1.28E-14 5.10E-13 7.02E-12 2.23E-11 3.70E-11 3.87E-11 3.73E-11
 3.58E-11 3.31E-11 2.93E-11 2.41E-11 1.93E-11 1.68E-11
 1.13E-16 1.28E-14 5.10E-13 7.02E-12 2.23E-11 3.70E-11 3.87E-11 3.73E-11
 3.58E-11 3.31E-11 2.93E-11 2.41E-11 1.93E-11 1.68E-11
 1.13E-16 1.28E-14 5.10E-13 7.02E-12 2.23E-11 3.70E-11 3.87E-11 3.73E-11
 3.58E-11 3.31E-11 2.93E-11 2.41E-11 1.93E-11 1.68E-11
 1.13E-16 1.28E-14 5.10E-13 7.02E-12 2.23E-11 3.70E-11 3.87E-11 3.73E-11
 3.58E-11 3.31E-11 2.93E-11 2.41E-11 1.93E-11 1.68E-11
  13.2766    7  14 /pl=01:ss=69:pb= 1:sz=69/type=excit/ispb = t/isel =   44
 1.00E+10 1.00E+11 1.00E+12 1.00E+13 1.00E+14 1.00E+15 1.00E+16
 8.44E+01 1.27E+02 2.11E+02 4.22E+02 8.44E+02 2.11E+03 4.22E+03 6.33E+03
 8.44E+03 1.27E+04 2.11E+04 4.22E+04 8.44E+04 1.27E+05
 1.00E-74 1.00E-74 1.00E-74 5.66E-31 6.23E-23 3.28E-18 1.02E-16 2.94E-16
 4.80E-16 7.40E-16 9.64E-16 1.02E-15 9.03E-16 8.01E-16
 1.00E-74 1.00E-74 1.00E-74 5.66E-31 6.23E-23 3.28E-18 1.02E-16 2.94E-16
 4.80E-16 7.40E-16 9.64E-16 1.02E-15 9.03E-16 8.01E-16
 1.00E-74 1.00E-74 1.00E-74 5.66E-31 6.23E-23 3.28E-18 1.02E-16 2.94E-16
 4.80E-16 7.40E-16 9.64E-16 1.02E-15 9.03E-16 8.01E-16
 1.00E-74 1.00E-74 1.00E-74 5.66E-31 6.23E-23 3.28E-18 1.02E-16 2.94E-16
 4.80E-16 7.40E-16 9.64E-16 1.02E-15 9.03E-16 8.01E-16
 1.00E-74 1.00E-74 6.56E-47 5.66E-31 6.23E-23 3.28E-18 1.02E-16 2.94E-16
 4.80E-16 7.40E-16 9.64E-16 1.02E-15 9.03E-16 8.01E-16
 1.00E-74 1.00E-74 3.28E-47 5.66E-31 6.23E-23 3.28E-18 1.02E-16 2.94E-16
 4.80E-16 7.40E-16 9.64E-16 1.02E-15 9.03E-16 8.01E-16
 1.00E-74 1.00E-74 3.34E-47 5.66E-31 6.23E-23 3.28E-18 1.02E-16 2.94E-16
 4.80E-16 7.40E-16 9.64E-16 1.02E-15 9.03E-16 8.01E-16
  13.9734    7  14 /pl=01:ss=69:pb= 1:sz=69/type=excit/ispb = t/isel =   45
 1.00E+10 1.00E+11 1.00E+12 1.00E+13 1.00E+14 1.00E+15 1.00E+16
 8.44E+01 1.27E+02 2.11E+02 4.22E+02 8.44E+02 2.11E+03 4.22E+03 6.33E+03
 8.44E+03 1.27E+04 2.11E+04 4.22E+04 8.44E+04 1.27E+05
 1.00E-74 1.00E-74 1.00E-74 8.87E-31 1.01E-22 5.39E-18 1.70E-16 4.97E-16
 8.23E-16 1.31E-15 1.78E-15 2.08E-15 2.05E-15 1.96E-15
 1.00E-74 1.00E-74 1.00E-74 8.87E-31 1.01E-22 5.39E-18 1.70E-16 4.97E-16
 8.23E-16 1.31E-15 1.78E-15 2.08E-15 2.05E-15 1.96E-15
 1.00E-74 1.00E-74 1.00E-74 8.87E-31 1.01E-22 5.39E-18 1.70E-16 4.97E-16
 8.23E-16 1.31E-15 1.78E-15 2.08E-15 2.05E-15 1.96E-15
 1.00E-74 1.00E-74 1.00E-74 8.87E-31 1.01E-22 5.39E-18 1.70E-16 4.97E-16
 8.23E-16 1.31E-15 1.78E-15 2.08E-15 2.05E-15 1.96E-15
 1.00E-74 1.00E-74 1.00E-74 8.87E-31 1.01E-22 5.39E-18 1.70E-16 4.97E-16
 8.23E-16 1.31E-15 1.78E-15 2.08E-15 2.05E-15 1.96E-15
 1.00E-74 1.00E-74 5.50E-47 8.87E-31 1.01E-22 5.39E-18 1.70E-16 4.97E-16
 8.23E-16 1.31E-15 1.78E-15 2.08E-15 2.05E-15 1.96E-15
 1.00E-74 1.00E-74 4.95E-47 8.87E-31 1.01E-22 5.39E-18 1.70E-16 4.97E-16
 8.23E-16 1.31E-15 1.78E-15 2.08E-15 2.05E-15 1.96E-15
  14.6798    7  14 /pl=01:ss=69:pb= 1:sz=69/type=excit/ispb = t/isel =   46
 1.00E+10 1.00E+11 1.00E+12 1.00E+13 1.00E+14 1.00E+15 1.00E+16
 8.44E+01 1.27E+02 2.11E+02 4.22E+02 8.44E+02 2.11E+03 4.22E+03 6.33E+03
 8.44E+03 1.27E+04 2.11E+04 4.22E+04 8.44E+04 1.27E+05
 1.00E-74 1.00E-74 1.00E-74 9.99E-31 1.15E-22 6.17E-18 1.94E-16 5.65E-16
 9.30E-16 1.45E-15 1.94E-15 2.13E-15 1.94E-15 1.75E-15
 1.00E-74 1.00E-74 1.00E-74 9.99E-31 1.15E-22 6.17E-18 1.94E-16 5.65E-16
 9.30E-16 1.45E-15 1.94E-15 2.13E-15 1.94E-15 1.75E-15
 1.00E-74 1.00E-74 1.00E-74 9.99E-31 1.15E-22 6.17E-18 1.94E-16 5.65E-16
 9.30E-16 1.45E-15 1.94E-15 2.13E-15 1.94E-15 1.75E-15
 1.00E-74 1.00E-74 1.00E-74 9.99E-31 1.15E-22 6.17E-18 1.94E-16 5.65E-16
 9.30E-16 1.45E-15 1.94E-15 2.13E-15 1.94E-15 1.75E-15
 1.00E-74 1.00E-74 1.00E-74 9.99E-31 1.15E-22 6.17E-18 1.94E-16 5.65E-16
 9.30E-16 1.45E-15 1.94E-15 2.13E-15 1.94E-15 1.75E-15
 1.00E-74 1.00E-74 4.88E-47 9.99E-31 1.15E-22 6.17E-18 1.94E-16 5.65E-16
 9.30E-16 1.45E-15 1.94E-15 2.13E-15 1.94E-15 1.75E-15
 1.00E-74 1.00E-74 5.36E-47 9.99E-31 1.15E-22 6.17E-18 1.94E-16 5.65E-16
 9.30E-16 1.45E-15 1.94E-15 2.13E-15 1.94E-15 1.75E-15
  15.5163    7  14 /pl=01:ss=69:pb= 1:sz=69/type=excit/ispb = t/isel =   47
 1.00E+10 1.00E+11 1.00E+12 1.00E+13 1.00E+14 1.00E+15 1.00E+16
 8.44E+01 1.27E+02 2.11E+02 4.22E+02 8.44E+02 2.11E+03 4.22E+03 6.33E+03
 8.44E+03 1.27E+04 2.11E+04 4.22E+04 8.44E+04 1.27E+05
 1.00E-74 1.00E-74 1.00E-74 4.43E-31 4.87E-23 2.56E-18 7.94E-17 2.30E-16
 3.75E-16 5.79E-16 7.54E-16 8.01E-16 7.06E-16 6.27E-16
 1.00E-74 1.00E-74 1.00E-74 4.43E-31 4.87E-23 2.56E-18 7.94E-17 2.30E-16
 3.75E-16 5.79E-16 7.54E-16 8.01E-16 7.06E-16 6.27E-16
 1.00E-74 1.00E-74 1.00E-74 4.43E-31 4.87E-23 2.56E-18 7.94E-17 2.30E-16
 3.75E-16 5.79E-16 7.54E-16 8.01E-16 7.06E-16 6.27E-16
 1.00E-74 1.00E-74 1.00E-74 4.43E-31 4.87E-23 2.56E-18 7.94E-17 2.30E-16
 3.75E-16 5.79E-16 7.54E-16 8.01E-16 7.06E-16 6.27E-16
 1.00E-74 1.00E-74 5.13E-47 4.43E-31 4.87E-23 2.56E-18 7.94E-17 2.30E-16
 3.75E-16 5.79E-16 7.54E-16 8.01E-16 7.06E-16 6.27E-16
 1.00E-74 1.00E-74 2.56E-47 4.43E-31 4.87E-23 2.56E-18 7.94E-17 2.30E-16
 3.75E-16 5.79E-16 7.54E-16 8.01E-16 7.06E-16 6.27E-16
 1.00E-74 1.00E-74 2.62E-47 4.43E-31 4.87E-23 2.56E-18 7.94E-17 2.30E-16
 3.75E-16 5.79E-16 7.54E-16 8.01E-16 7.06E-16 6.27E-16
  23.2718    7  14 /pl=01:ss=69:pb= 1:sz=69/type=excit/ispb = t/isel =   48
 1.00E+10 1.00E+11 1.00E+12 1.00E+13 1.00E+14 1.00E+15 1.00E+16
 8.44E+01 1.27E+02 2.11E+02 4.22E+02 8.44E+02 2.11E+03 4.22E+03 6.33E+03
 8.44E+03 1.27E+04 2.11E+04 4.22E+04 8.44E+04 1.27E+05
 1.00E-74 1.00E-74 1.00E-74 8.94E-32 1.83E-23 1.39E-18 4.90E-17 1.49E-16
 2.51E-16 4.06E-16 5.62E-16 6.59E-16 6.55E-16 6.26E-16
 1.00E-74 1.00E-74 1.00E-74 8.94E-32 1.83E-23 1.39E-18 4.90E-17 1.49E-16
 2.51E-16 4.06E-16 5.62E-16 6.59E-16 6.55E-16 6.26E-16
 1.00E-74 1.00E-74 1.00E-74 8.94E-32 1.83E-23 1.39E-18 4.90E-17 1.49E-16
 2.51E-16 4.06E-16 5.62E-16 6.59E-16 6.55E-16 6.26E-16
 1.00E-74 1.00E-74 1.00E-74 8.94E-32 1.83E-23 1.39E-18 4.90E-17 1.49E-16
 2.51E-16 4.06E-16 5.62E-16 6.59E-16 6.55E-16 6.26E-16
 1.00E-74 1.00E-74 1.00E-74 8.94E-32 1.83E-23 1.39E-18 4.90E-17 1.49E-16
 2.51E-16 4.06E-16 5.62E-16 6.59E-16 6.55E-16 6.26E-16
 1.00E-74 1.00E-74 1.00E-74 8.94E-32 1.83E-23 1.39E-18 4.90E-17 1.49E-16
 2.51E-16 4.06E-16 5.62E-16 6.59E-16 6.55E-16 6.26E-16
 1.00E-74 1.00E-74 1.51E-48 8.94E-32 1.83E-23 1.39E-18 4.90E-17 1.49E-16
 2.51E-16 4.06E-16 5.62E-16 6.59E-16 6.55E-16 6.26E-16
  24.3622    7  14 /pl=01:ss=69:pb= 1:sz=69/type=excit/ispb = t/isel =   49
 1.00E+10 1.00E+11 1.00E+12 1.00E+13 1.00E+14 1.00E+15 1.00E+16
 8.44E+01 1.27E+02 2.11E+02 4.22E+02 8.44E+02 2.11E+03 4.22E+03 6.33E+03
 8.44E+03 1.27E+04 2.11E+04 4.22E+04 8.44E+04 1.27E+05
 1.00E-74 1.00E-74 1.00E-74 1.06E-31 2.19E-23 1.66E-18 5.86E-17 1.78E-16
 2.99E-16 4.76E-16 6.43E-16 7.11E-16 6.53E-16 5.87E-16
 1.00E-74 1.00E-74 1.00E-74 1.06E-31 2.19E-23 1.66E-18 5.86E-17 1.78E-16
 2.99E-16 4.76E-16 6.43E-16 7.11E-16 6.53E-16 5.87E-16
 1.00E-74 1.00E-74 1.00E-74 1.06E-31 2.19E-23 1.66E-18 5.86E-17 1.78E-16
 2.99E-16 4.76E-16 6.43E-16 7.11E-16 6.53E-16 5.87E-16
 1.00E-74 1.00E-74 1.00E-74 1.06E-31 2.19E-23 1.66E-18 5.86E-17 1.78E-16
 2.99E-16 4.76E-16 6.43E-16 7.11E-16 6.53E-16 5.87E-16
 1.00E-74 1.00E-74 1.00E-74 1.06E-31 2.19E-23 1.66E-18 5.86E-17 1.78E-16
 2.99E-16 4.76E-16 6.43E-16 7.11E-16 6.53E-16 5.87E-16
 1.00E-74 1.00E-74 1.00E-74 1.06E-31 2.19E-23 1.66E-18 5.86E-17 1.78E-16
 2.99E-16 4.76E-16 6.43E-16 7.11E-16 6.53E-16 5.87E-16
 1.00E-74 1.00E-74 1.72E-48 1.06E-31 2.19E-23 1.66E-18 5.86E-17 1.78E-16
 2.99E-16 4.76E-16 6.43E-16 7.11E-16 6.53E-16 5.87E-16
  32.7750    7  14 /pl=01:ss=69:pb= 1:sz=69/type=excit/ispb = t/isel =   50
 1.00E+10 1.00E+11 1.00E+12 1.00E+13 1.00E+14 1.00E+15 1.00E+16
 8.44E+01 1.27E+02 2.11E+02 4.22E+02 8.44E+02 2.11E+03 4.22E+03 6.33E+03
 8.44E+03 1.27E+04 2.11E+04 4.22E+04 8.44E+04 1.27E+05
 1.00E-74 1.00E-74 1.64E-33 2.34E-23 2.36E-18 1.94E-15 1.60E-14 3.04E-14
 4.08E-14 5.22E-14 5.94E-14 5.83E-14 5.07E-14 4.53E-14
 1.00E-74 1.00E-74 1.64E-33 2.34E-23 2.36E-18 1.94E-15 1.60E-14 3.04E-14
 4.08E-14 5.22E-14 5.94E-14 5.83E-14 5.07E-14 4.53E-14
 1.00E-74 1.00E-74 1.64E-33 2.34E-23 2.36E-18 1.94E-15 1.60E-14 3.04E-14
 4.08E-14 5.22E-14 5.94E-14 5.83E-14 5.07E-14 4.53E-14
 1.00E-74 1.00E-74 1.64E-33 2.34E-23 2.36E-18 1.94E-15 1.60E-14 3.04E-14
 4.08E-14 5.22E-14 5.94E-14 5.83E-14 5.07E-14 4.53E-14
 1.00E-74 3.91E-47 1.64E-33 2.34E-23 2.36E-18 1.94E-15 1.60E-14 3.04E-14
 4.08E-14 5.22E-14 5.94E-14 5.83E-14 5.07E-14 4.53E-14
 1.00E-74 3.83E-47 1.64E-33 2.34E-23 2.36E-18 1.94E-15 1.60E-14 3.04E-14
 4.08E-14 5.22E-14 5.94E-14 5.83E-14 5.07E-14 4.53E-14
 1.00E-74 3.87E-47 1.64E-33 2.34E-23 2.36E-18 1.94E-15 1.60E-14 3.04E-14
 4.08E-14 5.22E-14 5.94E-14 5.83E-14 5.07E-14 4.53E-14
c-------------------------------------------------------------------------------
 
C  root partition information
C  ==========================
C
C  nuclear charge : 74
C  ion charge+1   : 70
C
C  population calculation information
C  ----------------------------------
C
C  population processing code: adas810
C
C  adf04 source file    : adf04_copmm#74_ca_40#w69_t3.dat
C  adf18/a17_p208 file  : NULL
C
C  meta. ion. coeff. selector  : 
 
C  options  : lnorm =T  lpsel =F  lzsel =T  liosel=F
C           : lhsel =F  lrsel =F  lisel =F  lnsel =F
 
C  energy levels
C  -------------
C
C   lv      configuration    (2S+1)L(w-1/2)      energy (cm^-1)
C  ---   ------------------- --------------      --------------
c    1   22513                  (0)0(  2.5)             0.0
c    2   12523                  (0)0( 14.5)      10057913.7
c    3   22514                  (0)0(  0.5)      77753227.2
c    4   22515                  (0)0(  2.5)      80804329.1
c    5   22516                  (0)0(  4.5)      82952743.2
c    6   12513515               (0)0( 35.5)      90512411.4
c    7   12513516               (0)0( 59.5)      92657083.5
c    8   22517                  (0)0(  0.5)     107431329.0
c    9   22518                  (0)0(  2.5)     108692780.8
c   10   22519                  (0)0(  4.5)     109583452.3
c   11   2251A                  (0)0(  6.5)     109951006.2
c   12   12513518               (0)0( 35.5)     118384325.6
c   13   12513519               (0)0( 59.5)     119272934.1
c   14   2251B                  (0)0(  0.5)     120848530.7
c   15   2251C                  (0)0(  2.5)     121483876.5
c   16   2251D                  (0)0(  4.5)     121935708.7
c   17   2251E                  (0)0(  6.5)     122122448.6
c   18   2251G                  (0)0(  0.5)     128016656.3
c   19   2251H                  (0)0(  2.5)     128380556.0
c   20   2251I                  (0)0(  4.5)     128640315.1
c   21   2251J                  (0)0(  6.5)     128747769.8
c   22   2251M                  (0)0(  0.5)     132287608.5
c   23   2251N                  (0)0(  2.5)     132514819.5
c   24   2251O                  (0)0(  4.5)     132677603.8
c   25   2251P                  (0)0(  6.5)     132745026.3
c   26   11522523               (0)0( 14.5)     482336914.0
c   27   11522513515            (0)0( 35.5)     563914353.0
c   28   11522513516            (0)0( 59.5)     566221535.0
 
 
 
c-------------------------------------------------------------------------------
 
C  superstage partition information
C  ================================
C
C  element symbol   : W
C  parent template  : 
C  partition level  :  1
C  superstage label : 69
C
C  tabulation       : photon emissivity coefft (te,ne)
C  units            : ph. emis coef(cm^3 s^-1); te (ev); ne (cm^-3)
C
C  photon emissivity atomic transitions
C  ------------------------------------
C  
C   isel  wvlen(A)            transition                type  ispb nspb
C                                                             ispp nspp sz    tg pr wr
C  ----- ---------- ----------------------------------- ----- ---- ---- --    -- -- --
C      1   1.07925    7(0)0( 59.5)-  1(0)0(  2.5)       excit   1    1  69    25 26  1
C      2   1.10482    6(0)0( 35.5)-  1(0)0(  2.5)       excit   1    1  69    24  4  2
C      3   1.19211   28(0)0( 59.5)- 26(0)0( 14.5)       excit   1    1  69   180 38  3
C      4   1.20551    5(0)0(  4.5)-  1(0)0(  2.5)       excit   1    1  69     3  2  4
C      5   1.21067    7(0)0( 59.5)-  2(0)0( 14.5)       excit   1    1  69   184  3  5
C      6   1.23756    4(0)0(  2.5)-  1(0)0(  2.5)       excit   1    1  69     2  5  6
C      7   1.24294    6(0)0( 35.5)-  2(0)0( 14.5)       excit   1    1  69   183 18  7
C      8   1.28612    3(0)0(  0.5)-  1(0)0(  2.5)       excit   1    1  69     1  6  8
C      9   1.82610   23(0)0(  2.5)-  3(0)0(  0.5)       excit   1    1  69    40 32  9
C     10   1.92777   24(0)0(  4.5)-  4(0)0(  2.5)       excit   1    1  69    57 23 10
C     11   1.97522   19(0)0(  2.5)-  3(0)0(  0.5)       excit   1    1  69    37 25 11
C     12   2.00834   25(0)0(  6.5)-  5(0)0(  4.5)       excit   1    1  69    74 29 12
C     13   2.09048   20(0)0(  4.5)-  4(0)0(  2.5)       excit   1    1  69    53 17 13
C     14   2.18364   21(0)0(  6.5)-  5(0)0(  4.5)       excit   1    1  69    70 22 14
C     15   2.20129   19(0)0(  2.5)-  5(0)0(  4.5)       excit   1    1  69    68 47 15
C     16   2.28673   15(0)0(  2.5)-  3(0)0(  0.5)       excit   1    1  69    34 15 16
C     17   2.43123   16(0)0(  4.5)-  4(0)0(  2.5)       excit   1    1  69    49 12 17
C     18   2.49724   14(0)0(  0.5)-  4(0)0(  2.5)       excit   1    1  69    47 39 18
C     19   2.55299   17(0)0(  6.5)-  5(0)0(  4.5)       excit   1    1  69    66 14 19
C     20   2.59530   15(0)0(  2.5)-  5(0)0(  4.5)       excit   1    1  69    64 33 20
C     21   3.23211    9(0)0(  2.5)-  3(0)0(  0.5)       excit   1    1  69    31  9 21
C     22   3.47474   10(0)0(  4.5)-  4(0)0(  2.5)       excit   1    1  69    45  7 22
C     23   3.47699   13(0)0( 59.5)-  6(0)0( 35.5)       excit   1    1  69   190 10 23
C     24   3.70394   11(0)0(  6.5)-  5(0)0(  4.5)       excit   1    1  69    62 11 24
C     25   3.75559    8(0)0(  0.5)-  4(0)0(  2.5)       excit   1    1  69    43 21 25
C     26   3.88500    9(0)0(  2.5)-  5(0)0(  4.5)       excit   1    1  69    60 16 26
C     27   3.88693   12(0)0( 35.5)-  7(0)0( 59.5)       excit   1    1  69   192 13 27
C     28   3.98669   23(0)0(  2.5)-  8(0)0(  0.5)       excit   1    1  69    84 42 28
C     29   4.16930   24(0)0(  4.5)-  9(0)0(  2.5)       excit   1    1  69    98 31 29
C     30   4.31750   25(0)0(  6.5)- 10(0)0(  4.5)       excit   1    1  69   112 36 30
C     31   4.77345   19(0)0(  2.5)-  8(0)0(  0.5)       excit   1    1  69    81 35 31
C     32   5.01315   20(0)0(  4.5)-  9(0)0(  2.5)       excit   1    1  69    94 27 32
C     33   5.21803   21(0)0(  6.5)- 10(0)0(  4.5)       excit   1    1  69   108 28 33
C     34   5.31997   19(0)0(  2.5)- 10(0)0(  4.5)       excit   1    1  69   106 45 34
C     35   7.11615   15(0)0(  2.5)-  8(0)0(  0.5)       excit   1    1  69    78 24 35
C     36   7.55120   16(0)0(  4.5)-  9(0)0(  2.5)       excit   1    1  69    90 19 36
C     37   7.97512   17(0)0(  6.5)- 10(0)0(  4.5)       excit   1    1  69   104 20 37
C     38   8.22656   14(0)0(  0.5)-  9(0)0(  2.5)       excit   1    1  69    88 44 38
C     39   8.40306   15(0)0(  2.5)- 10(0)0(  4.5)       excit   1    1  69   102 30 39
C     40   8.57171   23(0)0(  2.5)- 14(0)0(  0.5)       excit   1    1  69   128 50 40
C     41   8.93357   24(0)0(  4.5)- 15(0)0(  2.5)       excit   1    1  69   138 40 41
C     42   9.25128   25(0)0(  6.5)- 16(0)0(  4.5)       excit   1    1  69   148 41 42
C     43   9.94242    2(0)0( 14.5)-  1(0)0(  2.5)       excit   1    1  69    23  1 43
C     44   13.2766   19(0)0(  2.5)- 14(0)0(  0.5)       excit   1    1  69   125 43 44
C     45   13.9734   20(0)0(  4.5)- 15(0)0(  2.5)       excit   1    1  69   134 37 45
C     46   14.6798   21(0)0(  6.5)- 16(0)0(  4.5)       excit   1    1  69   144 34 46
C     47   15.5163   19(0)0(  2.5)- 16(0)0(  4.5)       excit   1    1  69   142 46 47
C     48   23.2718   24(0)0(  4.5)- 19(0)0(  2.5)       excit   1    1  69   164 49 48
C     49   24.3622   25(0)0(  6.5)- 20(0)0(  4.5)       excit   1    1  69   170 48 49
C     50   32.7750    4(0)0(  2.5)-  3(0)0(  0.5)       excit   1    1  69    28  8 50
c-------------------------------------------------------------------------------
                                                                                
C  code     : adas810
C  producer : Adam Foster
C  date     : 18/05/09
                                                                                
c-------------------------------------------------------------------------------

C-----------------------------------------------------------------------
C                               OPEN-ADAS
C                               +++++++++
C
C This file has been downloaded from OPEN-ADAS (http://open.adas.ac.uk)
C on 26-Mar-2025.
C
C TERMS AND CONDITIONS
C --------------------
C
C The user of the OPEN-ADAS system and data (hereinafter "the User")
C accepts the following terms and conditions:
C
C   1. The University of Strathclyde uses all reasonable endeavours to
C      ensure the accuracy of the data provided and any information
C      given, but the University makes no warranty, expressed or implied
C      as to its accuracy, integrity, fitness for purpose and shall not
C      be responsible for the use to which the data is put by the User
C      and/or any consequences arising out of any inaccuracies or
C      omissions.
C
C   2. Any downloaded OPEN-ADAS file is made available for the
C      personal use of the User only.  It must not be used for any
C      commercial application, incorporated into any web site or in
C      any form re-distributed without express prior written permission
C      from the ADAS Project. In particular, but not by way of
C      limitation, it must not be:
C        *  inserted into a managed database structure,
C        *  redistributed along with a modelling or analysis code,
C        *  made available on a public website.
C
C Permission for OPEN-ADAS data incorporation in non-commercial
C code/system development for scientific advance will not be
C unreasonably withheld, but will be subject to written agreement
C on a case by case basis.
C
C The User will indemnify the University of Strathclyde and keep it
C fully and effectively indemnified against each and every claim made
C against the University as a result of the User's use of the data.
C
C-----------------------------------------------------------------------
