   50    /W :24 photon emissivity coefficients/
--------------------------------------------------------------------------------
    1    1    1    1    1    1    1    1    1    1    1    1    1    1
    1    1    1    1    1    1    1    1    1    1    1    1    1    1
    1    1    1    1    1    1    1    1    1    1    1    1    1    1
    1    1    1    1    1    1    1    1    1    1    1    1    1    1
    1    1    1    1    1    1    1    1    1    1    1    1    1    1
    1    1    1    1    1
--------------------------------------------------------------------------------
//#01/p00/ 00/p01/ 01/p02/ 02/p03/ 03/p04/ 04/p05/ 05/p06/ 06/p07/ 07/p08/ 08/  
      p09/ 09/p10/ 10/p11/ 11/p12/ 12/p13/ 13/p14/ 14/p15/ 15/p16/ 16/p17/ 17/  
      p18/ 18/p19/ 19/p20/ 20/p21/ 21/p22/ 22/p23/ 23/p24/ 24/p25/ 25/p26/ 26/  
      p27/ 27/p28/ 28/p29/ 29/p30/ 30/p31/ 31/p32/ 32/p33/ 33/p34/ 34/p35/ 35/  
      p36/ 36/p37/ 37/p38/ 38/p39/ 39/p40/ 40/p41/ 41/p42/ 42/p43/ 43/p44/ 44/  
      p45/ 45/p46/ 46/p47/ 47/p48/ 48/p49/ 49/p50/ 50/p51/ 51/p52/ 52/p53/ 53/  
      p54/ 54/p55/ 55/p56/ 56/p57/ 57/p58/ 58/p59/ 59/p60/ 60/p61/ 61/p62/ 62/  
      p63/ 63/p64/ 64/p65/ 65/p66/ 66/p67/ 67/p68/ 68/p69/ 69/p70/ 70/p71/ 71/  
      p72/ 72/p73/ 73/p74/ 74/                                                  
--------------------------------------------------------------------------------
  31.8143    7  14 /pl=01:ss=24:pb= 1:sz=24/type=excit/ispb = t/isel =    1
 1.00E+10 1.00E+11 1.00E+12 1.00E+13 1.00E+14 1.00E+15 1.00E+16
 1.08E+01 1.62E+01 2.69E+01 5.39E+01 1.08E+02 2.69E+02 5.39E+02 8.08E+02
 1.08E+03 1.62E+03 2.69E+03 5.39E+03 1.08E+04 1.62E+04
 8.60E-27 1.22E-21 1.47E-17 1.46E-14 3.94E-13 2.38E-12 4.03E-12 4.74E-12
 5.12E-12 5.49E-12 5.73E-12 5.76E-12 5.42E-12 5.10E-12
 8.27E-27 1.16E-21 1.39E-17 1.37E-14 3.59E-13 1.95E-12 3.11E-12 3.60E-12
 3.87E-12 4.15E-12 4.37E-12 4.48E-12 4.33E-12 4.14E-12
 6.58E-27 8.70E-22 9.83E-18 9.21E-15 2.11E-13 9.60E-13 1.51E-12 1.75E-12
 1.88E-12 2.02E-12 2.13E-12 2.17E-12 2.10E-12 2.02E-12
 5.67E-27 6.53E-22 6.51E-18 5.53E-15 1.33E-13 7.59E-13 1.27E-12 1.48E-12
 1.59E-12 1.70E-12 1.77E-12 1.77E-12 1.66E-12 1.56E-12
 6.20E-27 6.74E-22 6.39E-18 5.25E-15 1.29E-13 7.50E-13 1.25E-12 1.45E-12
 1.56E-12 1.67E-12 1.73E-12 1.71E-12 1.60E-12 1.50E-12
 7.21E-27 7.61E-22 7.01E-18 5.59E-15 1.35E-13 7.72E-13 1.27E-12 1.48E-12
 1.58E-12 1.68E-12 1.74E-12 1.72E-12 1.60E-12 1.50E-12
 1.26E-26 1.25E-21 1.04E-17 7.33E-15 1.64E-13 8.80E-13 1.40E-12 1.61E-12
 1.71E-12 1.79E-12 1.83E-12 1.78E-12 1.64E-12 1.53E-12
  31.8640    7  14 /pl=01:ss=24:pb= 1:sz=24/type=excit/ispb = t/isel =    2
 1.00E+10 1.00E+11 1.00E+12 1.00E+13 1.00E+14 1.00E+15 1.00E+16
 1.08E+01 1.62E+01 2.69E+01 5.39E+01 1.08E+02 2.69E+02 5.39E+02 8.08E+02
 1.08E+03 1.62E+03 2.69E+03 5.39E+03 1.08E+04 1.62E+04
 1.05E-26 1.46E-21 1.73E-17 1.70E-14 4.59E-13 2.77E-12 4.69E-12 5.51E-12
 5.96E-12 6.42E-12 6.72E-12 6.71E-12 6.29E-12 5.94E-12
 1.01E-26 1.39E-21 1.64E-17 1.60E-14 4.20E-13 2.32E-12 3.75E-12 4.37E-12
 4.72E-12 5.11E-12 5.41E-12 5.51E-12 5.30E-12 5.08E-12
 7.96E-27 1.04E-21 1.16E-17 1.08E-14 2.50E-13 1.12E-12 1.73E-12 2.01E-12
 2.18E-12 2.38E-12 2.57E-12 2.71E-12 2.72E-12 2.67E-12
 6.43E-27 7.35E-22 7.32E-18 6.18E-15 1.39E-13 6.61E-13 1.04E-12 1.21E-12
 1.31E-12 1.42E-12 1.51E-12 1.57E-12 1.53E-12 1.48E-12
 6.93E-27 7.39E-22 6.94E-18 5.59E-15 1.25E-13 6.00E-13 9.47E-13 1.10E-12
 1.19E-12 1.28E-12 1.36E-12 1.39E-12 1.34E-12 1.28E-12
 8.13E-27 8.39E-22 7.62E-18 5.95E-15 1.32E-13 6.35E-13 9.96E-13 1.15E-12
 1.24E-12 1.32E-12 1.39E-12 1.41E-12 1.35E-12 1.28E-12
 1.50E-26 1.45E-21 1.18E-17 8.05E-15 1.71E-13 8.34E-13 1.29E-12 1.46E-12
 1.54E-12 1.62E-12 1.65E-12 1.62E-12 1.50E-12 1.40E-12
  32.0478    7  14 /pl=01:ss=24:pb= 1:sz=24/type=excit/ispb = t/isel =    3
 1.00E+10 1.00E+11 1.00E+12 1.00E+13 1.00E+14 1.00E+15 1.00E+16
 1.08E+01 1.62E+01 2.69E+01 5.39E+01 1.08E+02 2.69E+02 5.39E+02 8.08E+02
 1.08E+03 1.62E+03 2.69E+03 5.39E+03 1.08E+04 1.62E+04
 2.05E-25 2.66E-20 2.98E-16 2.81E-13 7.40E-12 4.40E-11 7.40E-11 8.67E-11
 9.36E-11 1.00E-10 1.05E-10 1.05E-10 9.89E-11 9.34E-11
 1.96E-25 2.53E-20 2.81E-16 2.64E-13 6.70E-12 3.51E-11 5.50E-11 6.33E-11
 6.80E-11 7.30E-11 7.72E-11 7.90E-11 7.68E-11 7.39E-11
 1.46E-25 1.78E-20 1.88E-16 1.67E-13 3.47E-12 1.17E-11 1.61E-11 1.81E-11
 1.93E-11 2.09E-11 2.26E-11 2.42E-11 2.50E-11 2.51E-11
 6.96E-26 7.40E-21 6.93E-17 5.52E-14 9.83E-13 3.65E-12 5.60E-12 6.52E-12
 7.07E-12 7.72E-12 8.33E-12 8.74E-12 8.68E-12 8.47E-12
 4.80E-26 4.76E-21 4.21E-17 3.19E-14 6.20E-13 2.85E-12 4.61E-12 5.42E-12
 5.90E-12 6.44E-12 6.91E-12 7.15E-12 6.95E-12 6.67E-12
 5.98E-26 5.65E-21 4.72E-17 3.39E-14 6.64E-13 3.12E-12 4.99E-12 5.80E-12
 6.26E-12 6.74E-12 7.13E-12 7.26E-12 6.96E-12 6.63E-12
 1.22E-25 1.09E-20 8.09E-17 4.95E-14 9.53E-13 4.53E-12 6.99E-12 7.90E-12
 8.34E-12 8.71E-12 8.87E-12 8.62E-12 7.95E-12 7.43E-12
  32.0715    7  14 /pl=01:ss=24:pb= 1:sz=24/type=excit/ispb = t/isel =    4
 1.00E+10 1.00E+11 1.00E+12 1.00E+13 1.00E+14 1.00E+15 1.00E+16
 1.08E+01 1.62E+01 2.69E+01 5.39E+01 1.08E+02 2.69E+02 5.39E+02 8.08E+02
 1.08E+03 1.62E+03 2.69E+03 5.39E+03 1.08E+04 1.62E+04
 1.29E-26 1.65E-21 1.84E-17 1.73E-14 4.55E-13 2.71E-12 4.55E-12 5.35E-12
 5.77E-12 6.19E-12 6.50E-12 6.46E-12 6.07E-12 5.71E-12
 1.24E-26 1.58E-21 1.75E-17 1.63E-14 4.16E-13 2.24E-12 3.56E-12 4.12E-12
 4.44E-12 4.77E-12 5.05E-12 5.13E-12 4.95E-12 4.73E-12
 9.76E-27 1.17E-21 1.23E-17 1.09E-14 2.39E-13 9.62E-13 1.43E-12 1.64E-12
 1.77E-12 1.92E-12 2.07E-12 2.17E-12 2.18E-12 2.14E-12
 6.58E-27 6.95E-22 6.50E-18 5.21E-15 1.10E-13 5.17E-13 8.24E-13 9.61E-13
 1.04E-12 1.13E-12 1.20E-12 1.23E-12 1.20E-12 1.15E-12
 6.69E-27 6.60E-22 5.83E-18 4.47E-15 9.80E-14 4.83E-13 7.72E-13 8.99E-13
 9.70E-13 1.05E-12 1.11E-12 1.13E-12 1.08E-12 1.03E-12
 8.19E-27 7.78E-22 6.59E-18 4.87E-15 1.06E-13 5.19E-13 8.20E-13 9.46E-13
 1.02E-12 1.09E-12 1.14E-12 1.14E-12 1.09E-12 1.03E-12
 1.59E-26 1.42E-21 1.07E-17 6.83E-15 1.41E-13 6.87E-13 1.06E-12 1.20E-12
 1.26E-12 1.32E-12 1.34E-12 1.30E-12 1.20E-12 1.12E-12
  32.2431    7  14 /pl=01:ss=24:pb= 1:sz=24/type=excit/ispb = t/isel =    5
 1.00E+10 1.00E+11 1.00E+12 1.00E+13 1.00E+14 1.00E+15 1.00E+16
 1.08E+01 1.62E+01 2.69E+01 5.39E+01 1.08E+02 2.69E+02 5.39E+02 8.08E+02
 1.08E+03 1.62E+03 2.69E+03 5.39E+03 1.08E+04 1.62E+04
 4.21E-26 5.07E-21 5.37E-17 4.86E-14 1.25E-12 7.36E-12 1.23E-11 1.44E-11
 1.56E-11 1.67E-11 1.74E-11 1.73E-11 1.63E-11 1.54E-11
 4.08E-26 4.87E-21 5.13E-17 4.60E-14 1.15E-12 6.01E-12 9.44E-12 1.08E-11
 1.17E-11 1.25E-11 1.32E-11 1.34E-11 1.30E-11 1.25E-11
 3.27E-26 3.69E-21 3.67E-17 3.13E-14 6.52E-13 2.35E-12 3.32E-12 3.74E-12
 4.01E-12 4.33E-12 4.63E-12 4.86E-12 4.93E-12 4.89E-12
 1.85E-26 1.83E-21 1.62E-17 1.24E-14 2.29E-13 9.25E-13 1.44E-12 1.67E-12
 1.81E-12 1.97E-12 2.10E-12 2.17E-12 2.12E-12 2.06E-12
 1.41E-26 1.30E-21 1.08E-17 7.94E-15 1.59E-13 7.58E-13 1.23E-12 1.44E-12
 1.57E-12 1.70E-12 1.81E-12 1.85E-12 1.78E-12 1.70E-12
 1.68E-26 1.49E-21 1.19E-17 8.33E-15 1.68E-13 8.12E-13 1.30E-12 1.51E-12
 1.63E-12 1.76E-12 1.85E-12 1.86E-12 1.78E-12 1.69E-12
 3.70E-26 3.04E-21 2.13E-17 1.27E-14 2.44E-13 1.15E-12 1.77E-12 2.00E-12
 2.11E-12 2.20E-12 2.23E-12 2.16E-12 1.99E-12 1.86E-12
  32.2702    7  14 /pl=01:ss=24:pb= 1:sz=24/type=excit/ispb = t/isel =    6
 1.00E+10 1.00E+11 1.00E+12 1.00E+13 1.00E+14 1.00E+15 1.00E+16
 1.08E+01 1.62E+01 2.69E+01 5.39E+01 1.08E+02 2.69E+02 5.39E+02 8.08E+02
 1.08E+03 1.62E+03 2.69E+03 5.39E+03 1.08E+04 1.62E+04
 2.59E-26 3.09E-21 3.24E-17 2.92E-14 7.48E-13 4.39E-12 7.35E-12 8.60E-12
 9.28E-12 9.95E-12 1.04E-11 1.04E-11 9.74E-12 9.21E-12
 2.48E-26 2.94E-21 3.06E-17 2.74E-14 6.78E-13 3.53E-12 5.53E-12 6.37E-12
 6.84E-12 7.34E-12 7.75E-12 7.91E-12 7.66E-12 7.37E-12
 1.87E-26 2.09E-21 2.07E-17 1.75E-14 3.61E-13 1.30E-12 1.84E-12 2.08E-12
 2.23E-12 2.42E-12 2.60E-12 2.77E-12 2.82E-12 2.81E-12
 1.03E-26 1.01E-21 8.89E-18 6.78E-15 1.28E-13 5.24E-13 8.10E-13 9.39E-13
 1.02E-12 1.10E-12 1.18E-12 1.23E-12 1.20E-12 1.17E-12
 8.53E-27 7.81E-22 6.47E-18 4.72E-15 9.54E-14 4.42E-13 7.03E-13 8.19E-13
 8.86E-13 9.60E-13 1.02E-12 1.05E-12 1.01E-12 9.66E-13
 1.08E-26 9.38E-22 7.40E-18 5.15E-15 1.04E-13 4.87E-13 7.63E-13 8.78E-13
 9.42E-13 1.01E-12 1.06E-12 1.07E-12 1.02E-12 9.65E-13
 2.99E-26 2.40E-21 1.61E-17 9.16E-15 1.73E-13 7.81E-13 1.16E-12 1.29E-12
 1.35E-12 1.39E-12 1.39E-12 1.32E-12 1.20E-12 1.11E-12
  32.2806    7  14 /pl=01:ss=24:pb= 1:sz=24/type=excit/ispb = t/isel =    7
 1.00E+10 1.00E+11 1.00E+12 1.00E+13 1.00E+14 1.00E+15 1.00E+16
 1.08E+01 1.62E+01 2.69E+01 5.39E+01 1.08E+02 2.69E+02 5.39E+02 8.08E+02
 1.08E+03 1.62E+03 2.69E+03 5.39E+03 1.08E+04 1.62E+04
 9.02E-26 1.07E-20 1.12E-16 1.01E-13 2.58E-12 1.51E-11 2.53E-11 2.97E-11
 3.20E-11 3.43E-11 3.58E-11 3.58E-11 3.36E-11 3.17E-11
 8.65E-26 1.02E-20 1.06E-16 9.48E-14 2.33E-12 1.22E-11 1.90E-11 2.19E-11
 2.35E-11 2.53E-11 2.66E-11 2.72E-11 2.64E-11 2.53E-11
 6.50E-26 7.22E-21 7.15E-17 6.06E-14 1.23E-12 4.28E-12 5.93E-12 6.70E-12
 7.17E-12 7.77E-12 8.36E-12 8.93E-12 9.16E-12 9.15E-12
 3.33E-26 3.24E-21 2.84E-17 2.16E-14 3.88E-13 1.49E-12 2.28E-12 2.66E-12
 2.88E-12 3.14E-12 3.37E-12 3.52E-12 3.48E-12 3.39E-12
 2.45E-26 2.23E-21 1.86E-17 1.35E-14 2.61E-13 1.19E-12 1.91E-12 2.25E-12
 2.44E-12 2.65E-12 2.84E-12 2.93E-12 2.84E-12 2.72E-12
 2.79E-26 2.45E-21 1.96E-17 1.38E-14 2.71E-13 1.27E-12 2.02E-12 2.36E-12
 2.54E-12 2.74E-12 2.90E-12 2.95E-12 2.83E-12 2.69E-12
 5.54E-26 4.55E-21 3.21E-17 1.95E-14 3.78E-13 1.79E-12 2.76E-12 3.13E-12
 3.31E-12 3.46E-12 3.53E-12 3.45E-12 3.19E-12 2.98E-12
  32.3780    7  14 /pl=01:ss=24:pb= 1:sz=24/type=excit/ispb = t/isel =    8
 1.00E+10 1.00E+11 1.00E+12 1.00E+13 1.00E+14 1.00E+15 1.00E+16
 1.08E+01 1.62E+01 2.69E+01 5.39E+01 1.08E+02 2.69E+02 5.39E+02 8.08E+02
 1.08E+03 1.62E+03 2.69E+03 5.39E+03 1.08E+04 1.62E+04
 1.24E-26 1.67E-21 1.94E-17 1.88E-14 5.02E-13 3.05E-12 5.18E-12 6.10E-12
 6.59E-12 7.09E-12 7.42E-12 7.40E-12 6.96E-12 6.54E-12
 1.21E-26 1.61E-21 1.87E-17 1.79E-14 4.74E-13 2.77E-12 4.64E-12 5.46E-12
 5.93E-12 6.42E-12 6.79E-12 6.88E-12 6.57E-12 6.23E-12
 1.06E-26 1.34E-21 1.47E-17 1.36E-14 3.38E-13 1.74E-12 2.78E-12 3.25E-12
 3.53E-12 3.85E-12 4.16E-12 4.36E-12 4.34E-12 4.23E-12
 1.11E-26 1.22E-21 1.19E-17 9.87E-15 2.27E-13 1.09E-12 1.73E-12 2.01E-12
 2.18E-12 2.36E-12 2.53E-12 2.61E-12 2.56E-12 2.47E-12
 1.22E-26 1.26E-21 1.16E-17 9.20E-15 2.04E-13 9.80E-13 1.56E-12 1.82E-12
 1.96E-12 2.13E-12 2.26E-12 2.31E-12 2.23E-12 2.13E-12
 1.36E-26 1.38E-21 1.24E-17 9.57E-15 2.11E-13 1.02E-12 1.61E-12 1.87E-12
 2.02E-12 2.17E-12 2.29E-12 2.33E-12 2.23E-12 2.12E-12
 2.33E-26 2.20E-21 1.79E-17 1.23E-14 2.63E-13 1.29E-12 2.01E-12 2.29E-12
 2.43E-12 2.57E-12 2.64E-12 2.60E-12 2.43E-12 2.28E-12
  32.3843    7  14 /pl=01:ss=24:pb= 1:sz=24/type=excit/ispb = t/isel =    9
 1.00E+10 1.00E+11 1.00E+12 1.00E+13 1.00E+14 1.00E+15 1.00E+16
 1.08E+01 1.62E+01 2.69E+01 5.39E+01 1.08E+02 2.69E+02 5.39E+02 8.08E+02
 1.08E+03 1.62E+03 2.69E+03 5.39E+03 1.08E+04 1.62E+04
 1.13E-26 1.52E-21 1.77E-17 1.71E-14 4.56E-13 2.76E-12 4.67E-12 5.50E-12
 5.95E-12 6.39E-12 6.69E-12 6.66E-12 6.26E-12 5.92E-12
 1.10E-26 1.47E-21 1.69E-17 1.62E-14 4.26E-13 2.46E-12 4.07E-12 4.78E-12
 5.18E-12 5.60E-12 5.93E-12 6.01E-12 5.75E-12 5.49E-12
 9.31E-27 1.18E-21 1.29E-17 1.18E-14 2.89E-13 1.43E-12 2.26E-12 2.64E-12
 2.87E-12 3.13E-12 3.38E-12 3.56E-12 3.55E-12 3.48E-12
 9.07E-27 1.00E-21 9.75E-18 8.08E-15 1.83E-13 8.70E-13 1.37E-12 1.60E-12
 1.73E-12 1.88E-12 2.01E-12 2.08E-12 2.04E-12 1.97E-12
 9.96E-27 1.03E-21 9.45E-18 7.46E-15 1.64E-13 7.81E-13 1.24E-12 1.44E-12
 1.56E-12 1.69E-12 1.79E-12 1.84E-12 1.77E-12 1.70E-12
 1.17E-26 1.17E-21 1.04E-17 7.94E-15 1.72E-13 8.26E-13 1.30E-12 1.51E-12
 1.62E-12 1.74E-12 1.83E-12 1.86E-12 1.78E-12 1.69E-12
 2.12E-26 1.99E-21 1.58E-17 1.06E-14 2.23E-13 1.08E-12 1.68E-12 1.90E-12
 2.02E-12 2.12E-12 2.17E-12 2.12E-12 1.97E-12 1.85E-12
  32.4471    7  14 /pl=01:ss=24:pb= 1:sz=24/type=excit/ispb = t/isel =   10
 1.00E+10 1.00E+11 1.00E+12 1.00E+13 1.00E+14 1.00E+15 1.00E+16
 1.08E+01 1.62E+01 2.69E+01 5.39E+01 1.08E+02 2.69E+02 5.39E+02 8.08E+02
 1.08E+03 1.62E+03 2.69E+03 5.39E+03 1.08E+04 1.62E+04
 3.70E-26 4.13E-21 4.14E-17 3.57E-14 9.00E-13 5.22E-12 8.70E-12 1.02E-11
 1.10E-11 1.18E-11 1.22E-11 1.23E-11 1.15E-11 1.08E-11
 3.57E-26 3.96E-21 3.93E-17 3.37E-14 8.21E-13 4.24E-12 6.62E-12 7.60E-12
 8.15E-12 8.74E-12 9.18E-12 9.40E-12 9.06E-12 8.70E-12
 2.80E-26 2.93E-21 2.76E-17 2.24E-14 4.54E-13 1.58E-12 2.20E-12 2.47E-12
 2.64E-12 2.85E-12 3.04E-12 3.23E-12 3.27E-12 3.25E-12
 1.50E-26 1.37E-21 1.15E-17 8.36E-15 1.49E-13 5.79E-13 8.95E-13 1.04E-12
 1.13E-12 1.22E-12 1.30E-12 1.35E-12 1.33E-12 1.28E-12
 1.08E-26 9.28E-22 7.33E-18 5.13E-15 9.93E-14 4.66E-13 7.55E-13 8.86E-13
 9.62E-13 1.04E-12 1.11E-12 1.14E-12 1.10E-12 1.05E-12
 1.20E-26 9.97E-22 7.61E-18 5.17E-15 1.02E-13 4.92E-13 7.91E-13 9.22E-13
 9.96E-13 1.07E-12 1.13E-12 1.15E-12 1.09E-12 1.04E-12
 2.55E-26 1.96E-21 1.31E-17 7.62E-15 1.46E-13 6.91E-13 1.07E-12 1.21E-12
 1.28E-12 1.34E-12 1.36E-12 1.33E-12 1.22E-12 1.14E-12
  32.4756    7  14 /pl=01:ss=24:pb= 1:sz=24/type=excit/ispb = t/isel =   11
 1.00E+10 1.00E+11 1.00E+12 1.00E+13 1.00E+14 1.00E+15 1.00E+16
 1.08E+01 1.62E+01 2.69E+01 5.39E+01 1.08E+02 2.69E+02 5.39E+02 8.08E+02
 1.08E+03 1.62E+03 2.69E+03 5.39E+03 1.08E+04 1.62E+04
 1.71E-25 1.88E-20 1.87E-16 1.60E-13 4.03E-12 2.33E-11 3.88E-11 4.54E-11
 4.88E-11 5.23E-11 5.47E-11 5.45E-11 5.13E-11 4.83E-11
 1.64E-25 1.79E-20 1.77E-16 1.51E-13 3.66E-12 1.86E-11 2.89E-11 3.32E-11
 3.56E-11 3.81E-11 4.02E-11 4.11E-11 3.98E-11 3.83E-11
 1.23E-25 1.28E-20 1.19E-16 9.63E-14 1.91E-12 6.29E-12 8.51E-12 9.53E-12
 1.02E-11 1.10E-11 1.18E-11 1.26E-11 1.30E-11 1.30E-11
 5.88E-26 5.32E-21 4.41E-17 3.19E-14 5.39E-13 1.93E-12 2.94E-12 3.41E-12
 3.70E-12 4.03E-12 4.34E-12 4.55E-12 4.50E-12 4.39E-12
 3.88E-26 3.29E-21 2.58E-17 1.78E-14 3.30E-13 1.48E-12 2.39E-12 2.81E-12
 3.06E-12 3.34E-12 3.58E-12 3.70E-12 3.59E-12 3.44E-12
 4.19E-26 3.45E-21 2.61E-17 1.76E-14 3.34E-13 1.56E-12 2.50E-12 2.93E-12
 3.16E-12 3.43E-12 3.64E-12 3.72E-12 3.57E-12 3.40E-12
 7.47E-26 5.78E-21 3.93E-17 2.33E-14 4.46E-13 2.13E-12 3.31E-12 3.77E-12
 4.00E-12 4.22E-12 4.34E-12 4.26E-12 3.97E-12 3.72E-12
  32.4927    7  14 /pl=01:ss=24:pb= 1:sz=24/type=excit/ispb = t/isel =   12
 1.00E+10 1.00E+11 1.00E+12 1.00E+13 1.00E+14 1.00E+15 1.00E+16
 1.08E+01 1.62E+01 2.69E+01 5.39E+01 1.08E+02 2.69E+02 5.39E+02 8.08E+02
 1.08E+03 1.62E+03 2.69E+03 5.39E+03 1.08E+04 1.62E+04
 1.69E-26 2.19E-21 2.46E-17 2.32E-14 6.10E-13 3.62E-12 6.10E-12 7.15E-12
 7.71E-12 8.27E-12 8.66E-12 8.65E-12 8.15E-12 7.69E-12
 1.62E-26 2.08E-21 2.32E-17 2.17E-14 5.52E-13 2.89E-12 4.53E-12 5.22E-12
 5.60E-12 6.02E-12 6.36E-12 6.51E-12 6.33E-12 6.09E-12
 1.21E-26 1.47E-21 1.55E-17 1.38E-14 2.86E-13 9.66E-13 1.32E-12 1.49E-12
 1.59E-12 1.72E-12 1.86E-12 1.99E-12 2.06E-12 2.06E-12
 5.74E-27 6.10E-22 5.71E-18 4.55E-15 8.10E-14 3.01E-13 4.62E-13 5.37E-13
 5.83E-13 6.36E-13 6.86E-13 7.20E-13 7.15E-13 6.98E-13
 3.96E-27 3.92E-22 3.47E-18 2.63E-15 5.11E-14 2.34E-13 3.80E-13 4.47E-13
 4.86E-13 5.31E-13 5.69E-13 5.89E-13 5.73E-13 5.50E-13
 4.93E-27 4.65E-22 3.89E-18 2.79E-15 5.47E-14 2.57E-13 4.11E-13 4.78E-13
 5.15E-13 5.56E-13 5.88E-13 5.98E-13 5.73E-13 5.46E-13
 1.01E-26 9.01E-22 6.66E-18 4.08E-15 7.85E-14 3.73E-13 5.76E-13 6.51E-13
 6.87E-13 7.18E-13 7.31E-13 7.10E-13 6.55E-13 6.12E-13
  32.5561    7  14 /pl=01:ss=24:pb= 1:sz=24/type=excit/ispb = t/isel =   13
 1.00E+10 1.00E+11 1.00E+12 1.00E+13 1.00E+14 1.00E+15 1.00E+16
 1.08E+01 1.62E+01 2.69E+01 5.39E+01 1.08E+02 2.69E+02 5.39E+02 8.08E+02
 1.08E+03 1.62E+03 2.69E+03 5.39E+03 1.08E+04 1.62E+04
 1.40E-26 1.88E-21 2.19E-17 2.12E-14 5.67E-13 3.44E-12 5.84E-12 6.88E-12
 7.44E-12 8.00E-12 8.37E-12 8.34E-12 7.85E-12 7.38E-12
 1.36E-26 1.82E-21 2.10E-17 2.02E-14 5.34E-13 3.13E-12 5.23E-12 6.16E-12
 6.68E-12 7.24E-12 7.66E-12 7.76E-12 7.41E-12 7.03E-12
 1.19E-26 1.51E-21 1.66E-17 1.53E-14 3.82E-13 1.97E-12 3.13E-12 3.66E-12
 3.98E-12 4.35E-12 4.69E-12 4.91E-12 4.90E-12 4.78E-12
 1.25E-26 1.38E-21 1.34E-17 1.11E-14 2.56E-13 1.23E-12 1.95E-12 2.27E-12
 2.45E-12 2.67E-12 2.85E-12 2.95E-12 2.89E-12 2.79E-12
 1.37E-26 1.42E-21 1.31E-17 1.04E-14 2.30E-13 1.11E-12 1.76E-12 2.05E-12
 2.22E-12 2.40E-12 2.55E-12 2.61E-12 2.52E-12 2.41E-12
 1.54E-26 1.55E-21 1.39E-17 1.08E-14 2.38E-13 1.15E-12 1.82E-12 2.11E-12
 2.28E-12 2.45E-12 2.59E-12 2.62E-12 2.51E-12 2.39E-12
 2.62E-26 2.48E-21 2.01E-17 1.39E-14 2.96E-13 1.45E-12 2.26E-12 2.58E-12
 2.74E-12 2.89E-12 2.98E-12 2.93E-12 2.74E-12 2.57E-12
  32.5617    7  14 /pl=01:ss=24:pb= 1:sz=24/type=excit/ispb = t/isel =   14
 1.00E+10 1.00E+11 1.00E+12 1.00E+13 1.00E+14 1.00E+15 1.00E+16
 1.08E+01 1.62E+01 2.69E+01 5.39E+01 1.08E+02 2.69E+02 5.39E+02 8.08E+02
 1.08E+03 1.62E+03 2.69E+03 5.39E+03 1.08E+04 1.62E+04
 1.73E-26 2.39E-21 2.84E-17 2.79E-14 7.52E-13 4.54E-12 7.68E-12 9.04E-12
 9.77E-12 1.05E-11 1.10E-11 1.10E-11 1.03E-11 9.74E-12
 1.66E-26 2.28E-21 2.69E-17 2.63E-14 6.89E-13 3.80E-12 6.15E-12 7.17E-12
 7.74E-12 8.37E-12 8.86E-12 9.03E-12 8.68E-12 8.32E-12
 1.30E-26 1.70E-21 1.90E-17 1.77E-14 4.10E-13 1.84E-12 2.84E-12 3.30E-12
 3.57E-12 3.90E-12 4.21E-12 4.45E-12 4.45E-12 4.38E-12
 1.05E-26 1.21E-21 1.20E-17 1.01E-14 2.28E-13 1.08E-12 1.70E-12 1.98E-12
 2.14E-12 2.32E-12 2.48E-12 2.57E-12 2.51E-12 2.43E-12
 1.14E-26 1.21E-21 1.14E-17 9.16E-15 2.05E-13 9.83E-13 1.55E-12 1.80E-12
 1.95E-12 2.10E-12 2.23E-12 2.29E-12 2.20E-12 2.11E-12
 1.33E-26 1.38E-21 1.25E-17 9.75E-15 2.16E-13 1.04E-12 1.63E-12 1.89E-12
 2.02E-12 2.17E-12 2.28E-12 2.31E-12 2.21E-12 2.10E-12
 2.46E-26 2.38E-21 1.93E-17 1.32E-14 2.80E-13 1.37E-12 2.11E-12 2.39E-12
 2.53E-12 2.65E-12 2.71E-12 2.65E-12 2.45E-12 2.30E-12
  32.6250    7  14 /pl=01:ss=24:pb= 1:sz=24/type=excit/ispb = t/isel =   15
 1.00E+10 1.00E+11 1.00E+12 1.00E+13 1.00E+14 1.00E+15 1.00E+16
 1.08E+01 1.62E+01 2.69E+01 5.39E+01 1.08E+02 2.69E+02 5.39E+02 8.08E+02
 1.08E+03 1.62E+03 2.69E+03 5.39E+03 1.08E+04 1.62E+04
 4.14E-26 4.33E-21 4.12E-17 3.42E-14 8.46E-13 4.85E-12 8.05E-12 9.42E-12
 1.01E-11 1.09E-11 1.13E-11 1.13E-11 1.06E-11 1.00E-11
 3.97E-26 4.12E-21 3.89E-17 3.21E-14 7.67E-13 3.90E-12 6.07E-12 6.99E-12
 7.49E-12 8.03E-12 8.46E-12 8.65E-12 8.39E-12 8.04E-12
 2.98E-26 2.93E-21 2.62E-17 2.05E-14 4.07E-13 1.41E-12 1.96E-12 2.21E-12
 2.37E-12 2.56E-12 2.76E-12 2.94E-12 3.02E-12 3.00E-12
 1.59E-26 1.37E-21 1.09E-17 7.65E-15 1.36E-13 5.22E-13 7.96E-13 9.24E-13
 1.00E-12 1.09E-12 1.16E-12 1.22E-12 1.20E-12 1.17E-12
 1.23E-26 9.93E-22 7.46E-18 5.03E-15 9.58E-14 4.27E-13 6.75E-13 7.89E-13
 8.55E-13 9.27E-13 9.89E-13 1.02E-12 9.88E-13 9.45E-13
 1.38E-26 1.07E-21 7.82E-18 5.13E-15 9.94E-14 4.54E-13 7.14E-13 8.28E-13
 8.92E-13 9.59E-13 1.01E-12 1.03E-12 9.87E-13 9.39E-13
 3.07E-26 2.21E-21 1.40E-17 7.81E-15 1.46E-13 6.68E-13 1.01E-12 1.14E-12
 1.20E-12 1.25E-12 1.27E-12 1.23E-12 1.13E-12 1.06E-12
  32.7320    7  14 /pl=01:ss=24:pb= 1:sz=24/type=excit/ispb = t/isel =   16
 1.00E+10 1.00E+11 1.00E+12 1.00E+13 1.00E+14 1.00E+15 1.00E+16
 1.08E+01 1.62E+01 2.69E+01 5.39E+01 1.08E+02 2.69E+02 5.39E+02 8.08E+02
 1.08E+03 1.62E+03 2.69E+03 5.39E+03 1.08E+04 1.62E+04
 1.67E-26 1.98E-21 2.08E-17 1.87E-14 4.78E-13 2.81E-12 4.69E-12 5.51E-12
 5.93E-12 6.37E-12 6.64E-12 6.64E-12 6.24E-12 5.88E-12
 1.60E-26 1.89E-21 1.97E-17 1.76E-14 4.33E-13 2.25E-12 3.52E-12 4.07E-12
 4.36E-12 4.69E-12 4.93E-12 5.05E-12 4.89E-12 4.70E-12
 1.20E-26 1.34E-21 1.33E-17 1.12E-14 2.28E-13 7.94E-13 1.10E-12 1.24E-12
 1.33E-12 1.44E-12 1.55E-12 1.66E-12 1.70E-12 1.70E-12
 6.17E-27 6.00E-22 5.28E-18 4.01E-15 7.19E-14 2.76E-13 4.23E-13 4.93E-13
 5.34E-13 5.82E-13 6.25E-13 6.53E-13 6.46E-13 6.28E-13
 4.55E-27 4.14E-22 3.44E-18 2.50E-15 4.84E-14 2.21E-13 3.55E-13 4.17E-13
 4.52E-13 4.92E-13 5.26E-13 5.43E-13 5.26E-13 5.04E-13
 5.18E-27 4.55E-22 3.64E-18 2.55E-15 5.03E-14 2.36E-13 3.75E-13 4.37E-13
 4.71E-13 5.09E-13 5.38E-13 5.48E-13 5.25E-13 5.00E-13
 1.03E-26 8.44E-22 5.96E-18 3.61E-15 7.01E-14 3.32E-13 5.12E-13 5.80E-13
 6.13E-13 6.42E-13 6.55E-13 6.39E-13 5.91E-13 5.53E-13
  32.7510    7  14 /pl=01:ss=24:pb= 1:sz=24/type=excit/ispb = t/isel =   17
 1.00E+10 1.00E+11 1.00E+12 1.00E+13 1.00E+14 1.00E+15 1.00E+16
 1.08E+01 1.62E+01 2.69E+01 5.39E+01 1.08E+02 2.69E+02 5.39E+02 8.08E+02
 1.08E+03 1.62E+03 2.69E+03 5.39E+03 1.08E+04 1.62E+04
 3.09E-26 3.09E-21 2.83E-17 2.29E-14 5.58E-13 3.18E-12 5.27E-12 6.15E-12
 6.62E-12 7.08E-12 7.39E-12 7.35E-12 6.89E-12 6.51E-12
 2.96E-26 2.94E-21 2.68E-17 2.15E-14 5.08E-13 2.59E-12 4.06E-12 4.67E-12
 5.00E-12 5.37E-12 5.66E-12 5.75E-12 5.54E-12 5.34E-12
 2.27E-26 2.13E-21 1.84E-17 1.40E-14 2.80E-13 1.01E-12 1.44E-12 1.63E-12
 1.75E-12 1.89E-12 2.04E-12 2.16E-12 2.19E-12 2.19E-12
 1.34E-26 1.10E-21 8.43E-18 5.80E-15 1.06E-13 4.19E-13 6.42E-13 7.43E-13
 8.03E-13 8.72E-13 9.33E-13 9.69E-13 9.53E-13 9.27E-13
 1.12E-26 8.65E-22 6.25E-18 4.12E-15 7.88E-14 3.51E-13 5.53E-13 6.43E-13
 6.96E-13 7.54E-13 8.03E-13 8.24E-13 7.95E-13 7.63E-13
 1.23E-26 9.20E-22 6.47E-18 4.17E-15 8.07E-14 3.68E-13 5.77E-13 6.68E-13
 7.20E-13 7.74E-13 8.17E-13 8.29E-13 7.93E-13 7.57E-13
 2.18E-26 1.54E-21 9.73E-18 5.55E-15 1.06E-13 4.92E-13 7.56E-13 8.57E-13
 9.08E-13 9.53E-13 9.76E-13 9.56E-13 8.87E-13 8.33E-13
  32.7543    7  14 /pl=01:ss=24:pb= 1:sz=24/type=excit/ispb = t/isel =   18
 1.00E+10 1.00E+11 1.00E+12 1.00E+13 1.00E+14 1.00E+15 1.00E+16
 1.08E+01 1.62E+01 2.69E+01 5.39E+01 1.08E+02 2.69E+02 5.39E+02 8.08E+02
 1.08E+03 1.62E+03 2.69E+03 5.39E+03 1.08E+04 1.62E+04
 7.80E-26 7.79E-21 7.11E-17 5.75E-14 1.40E-12 7.98E-12 1.32E-11 1.54E-11
 1.66E-11 1.77E-11 1.85E-11 1.84E-11 1.73E-11 1.63E-11
 7.54E-26 7.48E-21 6.78E-17 5.44E-14 1.29E-12 6.53E-12 1.02E-11 1.16E-11
 1.25E-11 1.33E-11 1.40E-11 1.43E-11 1.38E-11 1.32E-11
 6.00E-26 5.62E-21 4.83E-17 3.68E-14 7.26E-13 2.52E-12 3.49E-12 3.92E-12
 4.20E-12 4.51E-12 4.83E-12 5.11E-12 5.17E-12 5.14E-12
 3.30E-26 2.71E-21 2.06E-17 1.41E-14 2.43E-13 9.15E-13 1.40E-12 1.62E-12
 1.76E-12 1.90E-12 2.04E-12 2.12E-12 2.08E-12 2.02E-12
 2.38E-26 1.83E-21 1.32E-17 8.68E-15 1.61E-13 7.26E-13 1.16E-12 1.36E-12
 1.48E-12 1.61E-12 1.72E-12 1.76E-12 1.70E-12 1.63E-12
 2.54E-26 1.90E-21 1.33E-17 8.55E-15 1.62E-13 7.54E-13 1.20E-12 1.40E-12
 1.52E-12 1.64E-12 1.73E-12 1.77E-12 1.69E-12 1.61E-12
 4.37E-26 3.08E-21 1.95E-17 1.11E-14 2.10E-13 9.92E-13 1.54E-12 1.75E-12
 1.87E-12 1.96E-12 2.02E-12 1.99E-12 1.85E-12 1.74E-12
  32.9859    7  14 /pl=01:ss=24:pb= 1:sz=24/type=excit/ispb = t/isel =   19
 1.00E+10 1.00E+11 1.00E+12 1.00E+13 1.00E+14 1.00E+15 1.00E+16
 1.08E+01 1.62E+01 2.69E+01 5.39E+01 1.08E+02 2.69E+02 5.39E+02 8.08E+02
 1.08E+03 1.62E+03 2.69E+03 5.39E+03 1.08E+04 1.62E+04
 1.37E-26 1.63E-21 1.71E-17 1.54E-14 3.94E-13 2.32E-12 3.87E-12 4.53E-12
 4.89E-12 5.24E-12 5.48E-12 5.46E-12 5.14E-12 4.85E-12
 1.31E-26 1.55E-21 1.62E-17 1.44E-14 3.57E-13 1.86E-12 2.92E-12 3.36E-12
 3.61E-12 3.87E-12 4.08E-12 4.17E-12 4.04E-12 3.89E-12
 9.85E-27 1.10E-21 1.09E-17 9.24E-15 1.90E-13 6.84E-13 9.68E-13 1.10E-12
 1.18E-12 1.27E-12 1.37E-12 1.46E-12 1.49E-12 1.48E-12
 5.44E-27 5.33E-22 4.68E-18 3.58E-15 6.76E-14 2.76E-13 4.27E-13 4.95E-13
 5.35E-13 5.81E-13 6.22E-13 6.46E-13 6.35E-13 6.16E-13
 4.50E-27 4.11E-22 3.41E-18 2.49E-15 5.03E-14 2.33E-13 3.70E-13 4.31E-13
 4.67E-13 5.06E-13 5.38E-13 5.51E-13 5.31E-13 5.09E-13
 5.67E-27 4.94E-22 3.90E-18 2.71E-15 5.49E-14 2.57E-13 4.02E-13 4.63E-13
 4.97E-13 5.32E-13 5.58E-13 5.62E-13 5.35E-13 5.09E-13
 1.57E-26 1.26E-21 8.50E-18 4.83E-15 9.10E-14 4.12E-13 6.13E-13 6.80E-13
 7.10E-13 7.30E-13 7.30E-13 6.95E-13 6.31E-13 5.86E-13
  33.2952    7  14 /pl=01:ss=24:pb= 1:sz=24/type=excit/ispb = t/isel =   20
 1.00E+10 1.00E+11 1.00E+12 1.00E+13 1.00E+14 1.00E+15 1.00E+16
 1.08E+01 1.62E+01 2.69E+01 5.39E+01 1.08E+02 2.69E+02 5.39E+02 8.08E+02
 1.08E+03 1.62E+03 2.69E+03 5.39E+03 1.08E+04 1.62E+04
 1.77E-26 2.51E-21 3.02E-17 3.00E-14 8.12E-13 4.91E-12 8.30E-12 9.76E-12
 1.05E-11 1.13E-11 1.18E-11 1.19E-11 1.12E-11 1.05E-11
 1.70E-26 2.39E-21 2.86E-17 2.82E-14 7.39E-13 4.01E-12 6.40E-12 7.41E-12
 7.97E-12 8.55E-12 9.01E-12 9.23E-12 8.91E-12 8.53E-12
 1.35E-26 1.79E-21 2.02E-17 1.90E-14 4.35E-13 1.98E-12 3.11E-12 3.61E-12
 3.88E-12 4.17E-12 4.38E-12 4.47E-12 4.32E-12 4.16E-12
 1.17E-26 1.34E-21 1.34E-17 1.14E-14 2.73E-13 1.56E-12 2.61E-12 3.05E-12
 3.28E-12 3.51E-12 3.66E-12 3.64E-12 3.41E-12 3.21E-12
 1.28E-26 1.39E-21 1.32E-17 1.08E-14 2.65E-13 1.54E-12 2.56E-12 3.00E-12
 3.22E-12 3.43E-12 3.56E-12 3.53E-12 3.29E-12 3.09E-12
 1.48E-26 1.57E-21 1.44E-17 1.15E-14 2.77E-13 1.59E-12 2.62E-12 3.05E-12
 3.26E-12 3.47E-12 3.59E-12 3.54E-12 3.29E-12 3.09E-12
 2.60E-26 2.58E-21 2.15E-17 1.51E-14 3.37E-13 1.81E-12 2.89E-12 3.31E-12
 3.52E-12 3.69E-12 3.77E-12 3.67E-12 3.38E-12 3.15E-12
  38.6717    7  14 /pl=01:ss=24:pb= 1:sz=24/type=excit/ispb = t/isel =   21
 1.00E+10 1.00E+11 1.00E+12 1.00E+13 1.00E+14 1.00E+15 1.00E+16
 1.08E+01 1.62E+01 2.69E+01 5.39E+01 1.08E+02 2.69E+02 5.39E+02 8.08E+02
 1.08E+03 1.62E+03 2.69E+03 5.39E+03 1.08E+04 1.62E+04
 1.34E-23 2.51E-19 6.01E-16 1.77E-13 2.56E-12 1.00E-11 1.34E-11 1.37E-11
 1.34E-11 1.25E-11 1.09E-11 8.62E-12 6.54E-12 5.49E-12
 1.28E-23 2.39E-19 5.67E-16 1.65E-13 2.31E-12 7.95E-12 9.87E-12 9.93E-12
 9.66E-12 9.00E-12 7.95E-12 6.42E-12 5.03E-12 4.31E-12
 9.42E-24 1.66E-19 3.73E-16 1.03E-13 1.17E-12 2.52E-12 2.70E-12 2.65E-12
 2.56E-12 2.41E-12 2.18E-12 1.85E-12 1.55E-12 1.39E-12
 4.14E-24 6.38E-20 1.27E-16 3.16E-14 2.98E-13 6.91E-13 8.36E-13 8.54E-13
 8.42E-13 8.02E-13 7.29E-13 6.10E-13 4.94E-13 4.32E-13
 2.47E-24 3.58E-20 6.77E-17 1.60E-14 1.66E-13 4.95E-13 6.44E-13 6.69E-13
 6.65E-13 6.36E-13 5.78E-13 4.80E-13 3.81E-13 3.28E-13
 1.95E-24 2.83E-20 5.23E-17 1.18E-14 1.25E-13 3.98E-13 5.29E-13 5.55E-13
 5.56E-13 5.37E-13 4.94E-13 4.17E-13 3.37E-13 2.92E-13
 8.21E-25 1.22E-20 2.13E-17 4.19E-15 4.52E-14 1.56E-13 2.15E-13 2.32E-13
 2.36E-13 2.35E-13 2.26E-13 2.04E-13 1.78E-13 1.62E-13
  38.8872    7  14 /pl=01:ss=24:pb= 1:sz=24/type=excit/ispb = t/isel =   22
 1.00E+10 1.00E+11 1.00E+12 1.00E+13 1.00E+14 1.00E+15 1.00E+16
 1.08E+01 1.62E+01 2.69E+01 5.39E+01 1.08E+02 2.69E+02 5.39E+02 8.08E+02
 1.08E+03 1.62E+03 2.69E+03 5.39E+03 1.08E+04 1.62E+04
 9.95E-24 1.87E-19 4.46E-16 1.31E-13 1.90E-12 7.45E-12 9.94E-12 1.02E-11
 9.97E-12 9.28E-12 8.12E-12 6.40E-12 4.85E-12 4.08E-12
 9.51E-24 1.77E-19 4.21E-16 1.23E-13 1.71E-12 5.90E-12 7.32E-12 7.37E-12
 7.17E-12 6.68E-12 5.90E-12 4.77E-12 3.73E-12 3.20E-12
 6.99E-24 1.23E-19 2.77E-16 7.67E-14 8.68E-13 1.87E-12 2.00E-12 1.96E-12
 1.90E-12 1.79E-12 1.62E-12 1.37E-12 1.15E-12 1.03E-12
 3.07E-24 4.73E-20 9.46E-17 2.34E-14 2.21E-13 5.13E-13 6.21E-13 6.34E-13
 6.25E-13 5.95E-13 5.41E-13 4.53E-13 3.66E-13 3.20E-13
 1.83E-24 2.65E-20 5.03E-17 1.19E-14 1.23E-13 3.68E-13 4.78E-13 4.97E-13
 4.94E-13 4.72E-13 4.29E-13 3.56E-13 2.83E-13 2.44E-13
 1.45E-24 2.10E-20 3.88E-17 8.75E-15 9.28E-14 2.95E-13 3.92E-13 4.12E-13
 4.12E-13 3.99E-13 3.67E-13 3.10E-13 2.50E-13 2.17E-13
 6.09E-25 9.09E-21 1.58E-17 3.11E-15 3.35E-14 1.16E-13 1.60E-13 1.72E-13
 1.75E-13 1.75E-13 1.68E-13 1.52E-13 1.32E-13 1.20E-13
  38.9290    7  14 /pl=01:ss=24:pb= 1:sz=24/type=excit/ispb = t/isel =   23
 1.00E+10 1.00E+11 1.00E+12 1.00E+13 1.00E+14 1.00E+15 1.00E+16
 1.08E+01 1.62E+01 2.69E+01 5.39E+01 1.08E+02 2.69E+02 5.39E+02 8.08E+02
 1.08E+03 1.62E+03 2.69E+03 5.39E+03 1.08E+04 1.62E+04
 3.22E-23 6.03E-19 1.44E-15 4.24E-13 6.15E-12 2.41E-11 3.21E-11 3.30E-11
 3.22E-11 3.00E-11 2.63E-11 2.07E-11 1.57E-11 1.32E-11
 3.08E-23 5.73E-19 1.36E-15 3.97E-13 5.54E-12 1.91E-11 2.37E-11 2.38E-11
 2.32E-11 2.16E-11 1.91E-11 1.54E-11 1.21E-11 1.04E-11
 2.26E-23 3.98E-19 8.96E-16 2.48E-13 2.81E-12 6.06E-12 6.48E-12 6.35E-12
 6.15E-12 5.77E-12 5.23E-12 4.44E-12 3.72E-12 3.34E-12
 9.93E-24 1.53E-19 3.06E-16 7.58E-14 7.16E-13 1.66E-12 2.01E-12 2.05E-12
 2.02E-12 1.93E-12 1.75E-12 1.46E-12 1.18E-12 1.04E-12
 5.92E-24 8.58E-20 1.63E-16 3.84E-14 3.98E-13 1.19E-12 1.55E-12 1.61E-12
 1.60E-12 1.53E-12 1.39E-12 1.15E-12 9.15E-13 7.88E-13
 4.68E-24 6.79E-20 1.26E-16 2.83E-14 3.00E-13 9.54E-13 1.27E-12 1.33E-12
 1.33E-12 1.29E-12 1.19E-12 1.00E-12 8.08E-13 7.01E-13
 1.97E-24 2.94E-20 5.12E-17 1.01E-14 1.08E-13 3.74E-13 5.17E-13 5.56E-13
 5.67E-13 5.65E-13 5.43E-13 4.91E-13 4.27E-13 3.89E-13
  39.1103    7  14 /pl=01:ss=24:pb= 1:sz=24/type=excit/ispb = t/isel =   24
 1.00E+10 1.00E+11 1.00E+12 1.00E+13 1.00E+14 1.00E+15 1.00E+16
 1.08E+01 1.62E+01 2.69E+01 5.39E+01 1.08E+02 2.69E+02 5.39E+02 8.08E+02
 1.08E+03 1.62E+03 2.69E+03 5.39E+03 1.08E+04 1.62E+04
 5.64E-24 1.06E-19 2.53E-16 7.44E-14 1.08E-12 4.23E-12 5.64E-12 5.78E-12
 5.66E-12 5.27E-12 4.61E-12 3.63E-12 2.75E-12 2.31E-12
 5.40E-24 1.00E-19 2.39E-16 6.96E-14 9.73E-13 3.35E-12 4.15E-12 4.18E-12
 4.07E-12 3.79E-12 3.35E-12 2.71E-12 2.12E-12 1.82E-12
 3.97E-24 6.98E-20 1.57E-16 4.35E-14 4.92E-13 1.06E-12 1.14E-12 1.11E-12
 1.08E-12 1.01E-12 9.17E-13 7.80E-13 6.53E-13 5.86E-13
 1.74E-24 2.69E-20 5.37E-17 1.33E-14 1.26E-13 2.91E-13 3.52E-13 3.59E-13
 3.55E-13 3.38E-13 3.07E-13 2.57E-13 2.08E-13 1.82E-13
 1.04E-24 1.51E-20 2.85E-17 6.74E-15 6.99E-14 2.09E-13 2.71E-13 2.82E-13
 2.80E-13 2.68E-13 2.43E-13 2.02E-13 1.60E-13 1.38E-13
 8.22E-25 1.19E-20 2.20E-17 4.96E-15 5.26E-14 1.67E-13 2.23E-13 2.34E-13
 2.34E-13 2.26E-13 2.08E-13 1.76E-13 1.42E-13 1.23E-13
 3.46E-25 5.16E-21 8.98E-18 1.77E-15 1.90E-14 6.56E-14 9.07E-14 9.76E-14
 9.95E-14 9.92E-14 9.53E-14 8.61E-14 7.49E-14 6.82E-14
  39.2298    7  14 /pl=01:ss=24:pb= 1:sz=24/type=excit/ispb = t/isel =   25
 1.00E+10 1.00E+11 1.00E+12 1.00E+13 1.00E+14 1.00E+15 1.00E+16
 1.08E+01 1.62E+01 2.69E+01 5.39E+01 1.08E+02 2.69E+02 5.39E+02 8.08E+02
 1.08E+03 1.62E+03 2.69E+03 5.39E+03 1.08E+04 1.62E+04
 1.39E-23 2.61E-19 6.23E-16 1.83E-13 2.66E-12 1.04E-11 1.39E-11 1.42E-11
 1.39E-11 1.30E-11 1.13E-11 8.94E-12 6.78E-12 5.69E-12
 1.33E-23 2.47E-19 5.88E-16 1.71E-13 2.40E-12 8.24E-12 1.02E-11 1.03E-11
 1.00E-11 9.33E-12 8.24E-12 6.66E-12 5.22E-12 4.47E-12
 9.77E-24 1.72E-19 3.87E-16 1.07E-13 1.21E-12 2.62E-12 2.80E-12 2.74E-12
 2.66E-12 2.49E-12 2.26E-12 1.92E-12 1.61E-12 1.44E-12
 4.29E-24 6.61E-20 1.32E-16 3.27E-14 3.09E-13 7.16E-13 8.67E-13 8.85E-13
 8.73E-13 8.32E-13 7.56E-13 6.33E-13 5.12E-13 4.48E-13
 2.56E-24 3.71E-20 7.02E-17 1.66E-14 1.72E-13 5.14E-13 6.68E-13 6.94E-13
 6.90E-13 6.60E-13 5.99E-13 4.97E-13 3.95E-13 3.40E-13
 2.02E-24 2.93E-20 5.43E-17 1.22E-14 1.30E-13 4.12E-13 5.48E-13 5.76E-13
 5.76E-13 5.57E-13 5.12E-13 4.33E-13 3.49E-13 3.03E-13
 8.51E-25 1.27E-20 2.21E-17 4.35E-15 4.69E-14 1.62E-13 2.23E-13 2.40E-13
 2.45E-13 2.44E-13 2.35E-13 2.12E-13 1.85E-13 1.68E-13
  39.5360    7  14 /pl=01:ss=24:pb= 1:sz=24/type=excit/ispb = t/isel =   26
 1.00E+10 1.00E+11 1.00E+12 1.00E+13 1.00E+14 1.00E+15 1.00E+16
 1.08E+01 1.62E+01 2.69E+01 5.39E+01 1.08E+02 2.69E+02 5.39E+02 8.08E+02
 1.08E+03 1.62E+03 2.69E+03 5.39E+03 1.08E+04 1.62E+04
 9.86E-24 1.33E-19 2.48E-16 6.41E-14 9.20E-13 3.74E-12 5.27E-12 5.64E-12
 5.69E-12 5.61E-12 5.26E-12 4.60E-12 3.88E-12 3.47E-12
 9.44E-24 1.26E-19 2.34E-16 6.01E-14 8.33E-13 3.00E-12 3.97E-12 4.18E-12
 4.20E-12 4.15E-12 3.94E-12 3.54E-12 3.08E-12 2.80E-12
 7.02E-24 8.87E-20 1.56E-16 3.82E-14 4.37E-13 1.06E-12 1.25E-12 1.30E-12
 1.31E-12 1.31E-12 1.28E-12 1.22E-12 1.13E-12 1.08E-12
 3.36E-24 3.72E-20 5.85E-17 1.31E-14 1.33E-13 3.65E-13 4.85E-13 5.23E-13
 5.37E-13 5.46E-13 5.39E-13 5.08E-13 4.62E-13 4.31E-13
 2.27E-24 2.37E-20 3.57E-17 7.79E-15 8.77E-14 2.91E-13 4.04E-13 4.41E-13
 4.54E-13 4.63E-13 4.56E-13 4.26E-13 3.81E-13 3.51E-13
 2.32E-24 2.43E-20 3.62E-17 7.63E-15 8.64E-14 2.92E-13 4.04E-13 4.38E-13
 4.50E-13 4.56E-13 4.47E-13 4.15E-13 3.70E-13 3.40E-13
 3.00E-24 3.22E-20 4.36E-17 7.37E-15 7.66E-14 2.55E-13 3.48E-13 3.76E-13
 3.84E-13 3.89E-13 3.82E-13 3.59E-13 3.24E-13 3.01E-13
  39.7906    7  14 /pl=01:ss=24:pb= 1:sz=24/type=excit/ispb = t/isel =   27
 1.00E+10 1.00E+11 1.00E+12 1.00E+13 1.00E+14 1.00E+15 1.00E+16
 1.08E+01 1.62E+01 2.69E+01 5.39E+01 1.08E+02 2.69E+02 5.39E+02 8.08E+02
 1.08E+03 1.62E+03 2.69E+03 5.39E+03 1.08E+04 1.62E+04
 6.65E-24 1.25E-19 2.98E-16 8.76E-14 1.27E-12 4.98E-12 6.64E-12 6.81E-12
 6.66E-12 6.20E-12 5.42E-12 4.27E-12 3.24E-12 2.72E-12
 6.36E-24 1.18E-19 2.81E-16 8.20E-14 1.15E-12 3.94E-12 4.89E-12 4.92E-12
 4.79E-12 4.46E-12 3.94E-12 3.19E-12 2.49E-12 2.14E-12
 4.67E-24 8.22E-20 1.85E-16 5.12E-14 5.80E-13 1.25E-12 1.34E-12 1.31E-12
 1.27E-12 1.19E-12 1.08E-12 9.18E-13 7.69E-13 6.90E-13
 2.05E-24 3.16E-20 6.32E-17 1.57E-14 1.48E-13 3.43E-13 4.15E-13 4.23E-13
 4.18E-13 3.98E-13 3.61E-13 3.02E-13 2.45E-13 2.14E-13
 1.22E-24 1.77E-20 3.36E-17 7.94E-15 8.23E-14 2.46E-13 3.19E-13 3.32E-13
 3.30E-13 3.16E-13 2.87E-13 2.38E-13 1.89E-13 1.63E-13
 9.68E-25 1.40E-20 2.59E-17 5.84E-15 6.20E-14 1.97E-13 2.62E-13 2.75E-13
 2.75E-13 2.66E-13 2.45E-13 2.07E-13 1.67E-13 1.45E-13
 4.07E-25 6.07E-21 1.06E-17 2.08E-15 2.24E-14 7.73E-14 1.07E-13 1.15E-13
 1.17E-13 1.17E-13 1.12E-13 1.01E-13 8.82E-14 8.03E-14
  39.8891    7  14 /pl=01:ss=24:pb= 1:sz=24/type=excit/ispb = t/isel =   28
 1.00E+10 1.00E+11 1.00E+12 1.00E+13 1.00E+14 1.00E+15 1.00E+16
 1.08E+01 1.62E+01 2.69E+01 5.39E+01 1.08E+02 2.69E+02 5.39E+02 8.08E+02
 1.08E+03 1.62E+03 2.69E+03 5.39E+03 1.08E+04 1.62E+04
 8.04E-24 1.51E-19 3.61E-16 1.06E-13 1.54E-12 6.02E-12 8.04E-12 8.24E-12
 8.06E-12 7.51E-12 6.56E-12 5.17E-12 3.92E-12 3.29E-12
 7.69E-24 1.43E-19 3.40E-16 9.92E-14 1.39E-12 4.77E-12 5.92E-12 5.96E-12
 5.79E-12 5.40E-12 4.77E-12 3.85E-12 3.02E-12 2.59E-12
 5.65E-24 9.95E-20 2.24E-16 6.20E-14 7.01E-13 1.51E-12 1.62E-12 1.59E-12
 1.54E-12 1.44E-12 1.31E-12 1.11E-12 9.30E-13 8.35E-13
 2.48E-24 3.83E-20 7.65E-17 1.89E-14 1.79E-13 4.15E-13 5.02E-13 5.12E-13
 5.05E-13 4.81E-13 4.37E-13 3.66E-13 2.96E-13 2.59E-13
 1.48E-24 2.15E-20 4.06E-17 9.61E-15 9.96E-14 2.97E-13 3.87E-13 4.02E-13
 3.99E-13 3.82E-13 3.47E-13 2.88E-13 2.29E-13 1.97E-13
 1.17E-24 1.70E-20 3.14E-17 7.07E-15 7.50E-14 2.39E-13 3.17E-13 3.33E-13
 3.33E-13 3.22E-13 2.97E-13 2.50E-13 2.02E-13 1.75E-13
 4.92E-25 7.35E-21 1.28E-17 2.52E-15 2.71E-14 9.35E-14 1.29E-13 1.39E-13
 1.42E-13 1.41E-13 1.36E-13 1.23E-13 1.07E-13 9.72E-14
  39.9826    7  14 /pl=01:ss=24:pb= 1:sz=24/type=excit/ispb = t/isel =   29
 1.00E+10 1.00E+11 1.00E+12 1.00E+13 1.00E+14 1.00E+15 1.00E+16
 1.08E+01 1.62E+01 2.69E+01 5.39E+01 1.08E+02 2.69E+02 5.39E+02 8.08E+02
 1.08E+03 1.62E+03 2.69E+03 5.39E+03 1.08E+04 1.62E+04
 1.14E-23 2.14E-19 5.13E-16 1.51E-13 2.18E-12 8.56E-12 1.14E-11 1.17E-11
 1.15E-11 1.07E-11 9.33E-12 7.35E-12 5.57E-12 4.68E-12
 1.09E-23 2.03E-19 4.83E-16 1.41E-13 1.97E-12 6.78E-12 8.41E-12 8.47E-12
 8.23E-12 7.67E-12 6.78E-12 5.48E-12 4.29E-12 3.68E-12
 8.03E-24 1.41E-19 3.18E-16 8.81E-14 9.97E-13 2.15E-12 2.30E-12 2.26E-12
 2.18E-12 2.05E-12 1.86E-12 1.58E-12 1.32E-12 1.19E-12
 3.53E-24 5.44E-20 1.09E-16 2.69E-14 2.54E-13 5.89E-13 7.13E-13 7.28E-13
 7.18E-13 6.84E-13 6.21E-13 5.20E-13 4.21E-13 3.68E-13
 2.10E-24 3.05E-20 5.78E-17 1.37E-14 1.42E-13 4.22E-13 5.49E-13 5.71E-13
 5.67E-13 5.43E-13 4.93E-13 4.09E-13 3.25E-13 2.80E-13
 1.66E-24 2.41E-20 4.46E-17 1.01E-14 1.07E-13 3.39E-13 4.51E-13 4.73E-13
 4.74E-13 4.58E-13 4.21E-13 3.56E-13 2.87E-13 2.49E-13
 7.00E-25 1.04E-20 1.82E-17 3.58E-15 3.85E-14 1.33E-13 1.84E-13 1.98E-13
 2.02E-13 2.01E-13 1.93E-13 1.74E-13 1.52E-13 1.38E-13
  1471.54    7  14 /pl=01:ss=24:pb= 1:sz=24/type=excit/ispb = t/isel =   30
 1.00E+10 1.00E+11 1.00E+12 1.00E+13 1.00E+14 1.00E+15 1.00E+16
 1.08E+01 1.62E+01 2.69E+01 5.39E+01 1.08E+02 2.69E+02 5.39E+02 8.08E+02
 1.08E+03 1.62E+03 2.69E+03 5.39E+03 1.08E+04 1.62E+04
 3.57E-12 4.44E-12 5.31E-12 6.26E-12 1.14E-11 3.06E-11 4.24E-11 4.58E-11
 4.69E-11 4.70E-11 4.55E-11 4.16E-11 3.66E-11 3.34E-11
 3.43E-12 4.24E-12 5.05E-12 5.92E-12 1.05E-11 2.57E-11 3.35E-11 3.56E-11
 3.62E-11 3.63E-11 3.54E-11 3.30E-11 2.97E-11 2.76E-11
 2.51E-12 2.97E-12 3.38E-12 3.79E-12 5.55E-12 8.13E-12 8.58E-12 8.66E-12
 8.70E-12 8.72E-12 8.73E-12 8.69E-12 8.59E-12 8.50E-12
 6.77E-13 7.14E-13 7.29E-13 7.36E-13 7.76E-13 7.50E-13 7.29E-13 7.26E-13
 7.26E-13 7.29E-13 7.36E-13 7.47E-13 7.59E-13 7.68E-13
 8.00E-14 7.99E-14 7.79E-14 7.54E-14 7.38E-14 6.89E-14 6.72E-14 6.70E-14
 6.71E-14 6.73E-14 6.79E-14 6.86E-14 6.93E-14 6.97E-14
 8.12E-15 8.06E-15 7.81E-15 7.51E-15 7.29E-15 6.81E-15 6.66E-15 6.64E-15
 6.64E-15 6.66E-15 6.71E-15 6.78E-15 6.85E-15 6.88E-15
 8.13E-16 8.06E-16 7.81E-16 7.50E-16 7.22E-16 6.80E-16 6.65E-16 6.62E-16
 6.62E-16 6.64E-16 6.68E-16 6.74E-16 6.80E-16 6.84E-16
  1477.28    7  14 /pl=01:ss=24:pb= 1:sz=24/type=excit/ispb = t/isel =   31
 1.00E+10 1.00E+11 1.00E+12 1.00E+13 1.00E+14 1.00E+15 1.00E+16
 1.08E+01 1.62E+01 2.69E+01 5.39E+01 1.08E+02 2.69E+02 5.39E+02 8.08E+02
 1.08E+03 1.62E+03 2.69E+03 5.39E+03 1.08E+04 1.62E+04
 7.52E-13 1.05E-12 1.32E-12 1.63E-12 3.54E-12 1.05E-11 1.46E-11 1.56E-11
 1.59E-11 1.57E-11 1.49E-11 1.33E-11 1.14E-11 1.02E-11
 8.05E-13 1.12E-12 1.43E-12 1.77E-12 3.81E-12 1.10E-11 1.51E-11 1.60E-11
 1.62E-11 1.59E-11 1.51E-11 1.34E-11 1.15E-11 1.04E-11
 1.02E-12 1.41E-12 1.80E-12 2.23E-12 4.02E-12 7.90E-12 9.18E-12 9.41E-12
 9.43E-12 9.32E-12 9.04E-12 8.48E-12 7.77E-12 7.31E-12
 5.43E-13 6.87E-13 8.12E-13 9.19E-13 1.12E-12 1.30E-12 1.33E-12 1.34E-12
 1.34E-12 1.33E-12 1.32E-12 1.30E-12 1.28E-12 1.27E-12
 7.62E-14 9.15E-14 1.03E-13 1.12E-13 1.23E-13 1.32E-13 1.34E-13 1.34E-13
 1.34E-13 1.33E-13 1.32E-13 1.31E-13 1.30E-13 1.29E-13
 7.89E-15 9.41E-15 1.06E-14 1.14E-14 1.23E-14 1.30E-14 1.32E-14 1.32E-14
 1.32E-14 1.32E-14 1.31E-14 1.30E-14 1.29E-14 1.29E-14
 7.92E-16 9.44E-16 1.06E-15 1.14E-15 1.20E-15 1.24E-15 1.24E-15 1.24E-15
 1.24E-15 1.24E-15 1.24E-15 1.24E-15 1.25E-15 1.25E-15
  1487.12    7  14 /pl=01:ss=24:pb= 1:sz=24/type=excit/ispb = t/isel =   32
 1.00E+10 1.00E+11 1.00E+12 1.00E+13 1.00E+14 1.00E+15 1.00E+16
 1.08E+01 1.62E+01 2.69E+01 5.39E+01 1.08E+02 2.69E+02 5.39E+02 8.08E+02
 1.08E+03 1.62E+03 2.69E+03 5.39E+03 1.08E+04 1.62E+04
 2.27E-13 2.86E-13 3.45E-13 4.74E-13 2.24E-12 1.06E-11 1.71E-11 1.97E-11
 2.10E-11 2.22E-11 2.29E-11 2.24E-11 2.08E-11 1.95E-11
 2.58E-13 3.27E-13 3.97E-13 5.33E-13 2.23E-12 9.40E-12 1.42E-11 1.61E-11
 1.70E-11 1.80E-11 1.86E-11 1.85E-11 1.75E-11 1.67E-11
 4.37E-13 5.42E-13 6.44E-13 7.84E-13 1.86E-12 3.93E-12 4.51E-12 4.70E-12
 4.81E-12 4.96E-12 5.13E-12 5.32E-12 5.46E-12 5.50E-12
 3.93E-13 4.24E-13 4.40E-13 4.52E-13 5.14E-13 4.90E-13 4.65E-13 4.60E-13
 4.60E-13 4.63E-13 4.72E-13 4.87E-13 5.06E-13 5.17E-13
 6.36E-14 6.36E-14 6.20E-14 6.00E-14 5.74E-14 4.79E-14 4.44E-14 4.37E-14
 4.35E-14 4.37E-14 4.42E-14 4.52E-14 4.64E-14 4.71E-14
 6.68E-15 6.61E-15 6.39E-15 6.14E-15 5.81E-15 4.86E-15 4.52E-15 4.44E-15
 4.42E-15 4.42E-15 4.46E-15 4.54E-15 4.64E-15 4.69E-15
 6.71E-16 6.64E-16 6.41E-16 6.16E-16 5.91E-16 5.25E-16 4.98E-16 4.90E-16
 4.87E-16 4.85E-16 4.85E-16 4.88E-16 4.92E-16 4.94E-16
  1677.37    7  14 /pl=01:ss=24:pb= 1:sz=24/type=excit/ispb = t/isel =   33
 1.00E+10 1.00E+11 1.00E+12 1.00E+13 1.00E+14 1.00E+15 1.00E+16
 1.08E+01 1.62E+01 2.69E+01 5.39E+01 1.08E+02 2.69E+02 5.39E+02 8.08E+02
 1.08E+03 1.62E+03 2.69E+03 5.39E+03 1.08E+04 1.62E+04
 1.42E-12 1.83E-12 2.25E-12 2.87E-12 8.43E-12 3.24E-11 4.95E-11 5.58E-11
 5.87E-11 6.12E-11 6.19E-11 5.97E-11 5.48E-11 5.11E-11
 1.41E-12 1.79E-12 2.19E-12 2.75E-12 7.54E-12 2.45E-11 3.41E-11 3.74E-11
 3.91E-11 4.06E-11 4.15E-11 4.12E-11 3.92E-11 3.75E-11
 1.32E-12 1.56E-12 1.78E-12 2.05E-12 3.75E-12 6.05E-12 6.49E-12 6.65E-12
 6.78E-12 6.98E-12 7.24E-12 7.60E-12 7.93E-12 8.09E-12
 5.89E-13 6.05E-13 6.04E-13 5.99E-13 6.31E-13 5.71E-13 5.40E-13 5.36E-13
 5.38E-13 5.45E-13 5.58E-13 5.82E-13 6.07E-13 6.23E-13
 8.32E-14 8.06E-14 7.66E-14 7.24E-14 6.65E-14 5.44E-14 5.08E-14 5.02E-14
 5.02E-14 5.06E-14 5.15E-14 5.31E-14 5.48E-14 5.57E-14
 8.65E-15 8.31E-15 7.85E-15 7.38E-15 6.72E-15 5.53E-15 5.17E-15 5.10E-15
 5.09E-15 5.12E-15 5.19E-15 5.32E-15 5.46E-15 5.54E-15
 8.68E-16 8.33E-16 7.87E-16 7.40E-16 6.89E-16 6.05E-16 5.75E-16 5.67E-16
 5.65E-16 5.65E-16 5.67E-16 5.73E-16 5.80E-16 5.84E-16
  1981.41    7  14 /pl=01:ss=24:pb= 1:sz=24/type=excit/ispb = t/isel =   34
 1.00E+10 1.00E+11 1.00E+12 1.00E+13 1.00E+14 1.00E+15 1.00E+16
 1.08E+01 1.62E+01 2.69E+01 5.39E+01 1.08E+02 2.69E+02 5.39E+02 8.08E+02
 1.08E+03 1.62E+03 2.69E+03 5.39E+03 1.08E+04 1.62E+04
 4.01E-13 5.52E-13 7.03E-13 8.84E-13 2.11E-12 6.93E-12 1.00E-11 1.10E-11
 1.13E-11 1.14E-11 1.12E-11 1.04E-11 9.24E-12 8.48E-12
 3.65E-13 5.00E-13 6.34E-13 7.95E-13 1.87E-12 5.60E-12 7.66E-12 8.25E-12
 8.47E-12 8.56E-12 8.42E-12 7.93E-12 7.22E-12 6.74E-12
 2.51E-13 3.37E-13 4.21E-13 5.18E-13 9.98E-13 1.93E-12 2.20E-12 2.26E-12
 2.28E-12 2.28E-12 2.28E-12 2.24E-12 2.18E-12 2.14E-12
 1.01E-13 1.25E-13 1.45E-13 1.62E-13 2.03E-13 2.36E-13 2.38E-13 2.37E-13
 2.37E-13 2.36E-13 2.35E-13 2.33E-13 2.33E-13 2.33E-13
 1.44E-14 1.69E-14 1.88E-14 2.02E-14 2.23E-14 2.35E-14 2.33E-14 2.31E-14
 2.30E-14 2.28E-14 2.26E-14 2.25E-14 2.23E-14 2.23E-14
 1.50E-15 1.75E-15 1.93E-15 2.06E-15 2.24E-15 2.32E-15 2.30E-15 2.28E-15
 2.27E-15 2.25E-15 2.24E-15 2.22E-15 2.21E-15 2.20E-15
 1.51E-16 1.76E-16 1.94E-16 2.06E-16 2.17E-16 2.20E-16 2.18E-16 2.17E-16
 2.17E-16 2.16E-16 2.16E-16 2.15E-16 2.15E-16 2.16E-16
  2072.28    7  14 /pl=01:ss=24:pb= 1:sz=24/type=excit/ispb = t/isel =   35
 1.00E+10 1.00E+11 1.00E+12 1.00E+13 1.00E+14 1.00E+15 1.00E+16
 1.08E+01 1.62E+01 2.69E+01 5.39E+01 1.08E+02 2.69E+02 5.39E+02 8.08E+02
 1.08E+03 1.62E+03 2.69E+03 5.39E+03 1.08E+04 1.62E+04
 2.03E-11 2.36E-11 2.69E-11 2.96E-11 3.68E-11 6.11E-11 7.32E-11 7.50E-11
 7.43E-11 7.16E-11 6.63E-11 5.77E-11 4.86E-11 4.34E-11
 1.87E-11 2.17E-11 2.45E-11 2.69E-11 3.25E-11 4.85E-11 5.49E-11 5.55E-11
 5.49E-11 5.32E-11 5.02E-11 4.50E-11 3.93E-11 3.59E-11
 1.00E-11 1.11E-11 1.20E-11 1.26E-11 1.26E-11 1.14E-11 1.07E-11 1.04E-11
 1.03E-11 1.02E-11 1.01E-11 1.00E-11 9.90E-12 9.80E-12
 1.22E-12 1.20E-12 1.16E-12 1.10E-12 8.90E-13 6.87E-13 6.54E-13 6.52E-13
 6.54E-13 6.60E-13 6.71E-13 6.89E-13 7.08E-13 7.19E-13
 9.44E-14 8.75E-14 8.04E-14 7.33E-14 6.23E-14 5.55E-14 5.53E-14 5.58E-14
 5.63E-14 5.71E-14 5.82E-14 5.96E-14 6.08E-14 6.14E-14
 8.98E-15 8.26E-15 7.54E-15 6.84E-15 5.92E-15 5.41E-15 5.41E-15 5.47E-15
 5.52E-15 5.60E-15 5.71E-15 5.84E-15 5.95E-15 6.00E-15
 8.93E-16 8.21E-16 7.48E-16 6.81E-16 6.05E-16 5.55E-16 5.49E-16 5.51E-16
 5.54E-16 5.59E-16 5.67E-16 5.78E-16 5.88E-16 5.93E-16
  2083.68    7  14 /pl=01:ss=24:pb= 1:sz=24/type=excit/ispb = t/isel =   36
 1.00E+10 1.00E+11 1.00E+12 1.00E+13 1.00E+14 1.00E+15 1.00E+16
 1.08E+01 1.62E+01 2.69E+01 5.39E+01 1.08E+02 2.69E+02 5.39E+02 8.08E+02
 1.08E+03 1.62E+03 2.69E+03 5.39E+03 1.08E+04 1.62E+04
 3.39E-13 4.71E-13 5.96E-13 7.36E-13 1.59E-12 4.73E-12 6.57E-12 7.04E-12
 7.14E-12 7.06E-12 6.70E-12 5.97E-12 5.12E-12 4.61E-12
 3.63E-13 5.05E-13 6.43E-13 7.97E-13 1.72E-12 4.98E-12 6.78E-12 7.21E-12
 7.30E-12 7.18E-12 6.80E-12 6.06E-12 5.19E-12 4.68E-12
 4.59E-13 6.35E-13 8.13E-13 1.00E-12 1.81E-12 3.56E-12 4.13E-12 4.24E-12
 4.25E-12 4.20E-12 4.07E-12 3.82E-12 3.50E-12 3.29E-12
 2.44E-13 3.10E-13 3.66E-13 4.14E-13 5.02E-13 5.87E-13 6.01E-13 6.03E-13
 6.02E-13 5.99E-13 5.94E-13 5.86E-13 5.78E-13 5.72E-13
 3.43E-14 4.12E-14 4.66E-14 5.06E-14 5.53E-14 5.95E-14 6.02E-14 6.02E-14
 6.02E-14 6.00E-14 5.96E-14 5.91E-14 5.86E-14 5.83E-14
 3.56E-15 4.24E-15 4.76E-15 5.14E-15 5.53E-15 5.88E-15 5.94E-15 5.95E-15
 5.94E-15 5.93E-15 5.90E-15 5.86E-15 5.82E-15 5.80E-15
 3.57E-16 4.25E-16 4.77E-16 5.13E-16 5.40E-16 5.57E-16 5.60E-16 5.60E-16
 5.60E-16 5.61E-16 5.61E-16 5.61E-16 5.61E-16 5.61E-16
  2198.04    7  14 /pl=01:ss=24:pb= 1:sz=24/type=excit/ispb = t/isel =   37
 1.00E+10 1.00E+11 1.00E+12 1.00E+13 1.00E+14 1.00E+15 1.00E+16
 1.08E+01 1.62E+01 2.69E+01 5.39E+01 1.08E+02 2.69E+02 5.39E+02 8.08E+02
 1.08E+03 1.62E+03 2.69E+03 5.39E+03 1.08E+04 1.62E+04
 2.03E-11 2.37E-11 2.72E-11 3.03E-11 4.24E-11 8.66E-11 1.12E-10 1.19E-10
 1.20E-10 1.19E-10 1.13E-10 1.02E-10 8.90E-11 8.09E-11
 1.90E-11 2.21E-11 2.51E-11 2.79E-11 3.78E-11 6.82E-11 8.23E-11 8.53E-11
 8.59E-11 8.50E-11 8.22E-11 7.63E-11 6.87E-11 6.39E-11
 1.11E-11 1.22E-11 1.32E-11 1.39E-11 1.53E-11 1.59E-11 1.54E-11 1.53E-11
 1.52E-11 1.52E-11 1.53E-11 1.54E-11 1.55E-11 1.55E-11
 1.74E-12 1.68E-12 1.60E-12 1.51E-12 1.32E-12 1.10E-12 1.05E-12 1.05E-12
 1.06E-12 1.07E-12 1.09E-12 1.12E-12 1.15E-12 1.17E-12
 1.63E-13 1.49E-13 1.36E-13 1.24E-13 1.08E-13 9.55E-14 9.40E-14 9.44E-14
 9.50E-14 9.62E-14 9.79E-14 1.00E-13 1.02E-13 1.03E-13
 1.60E-14 1.46E-14 1.32E-14 1.20E-14 1.06E-14 9.45E-15 9.32E-15 9.36E-15
 9.42E-15 9.53E-15 9.69E-15 9.90E-15 1.01E-14 1.02E-14
 1.60E-15 1.46E-15 1.32E-15 1.19E-15 1.08E-15 9.80E-16 9.62E-16 9.61E-16
 9.64E-16 9.70E-16 9.81E-16 9.97E-16 1.01E-15 1.02E-15
  2340.77    7  14 /pl=01:ss=24:pb= 1:sz=24/type=excit/ispb = t/isel =   38
 1.00E+10 1.00E+11 1.00E+12 1.00E+13 1.00E+14 1.00E+15 1.00E+16
 1.08E+01 1.62E+01 2.69E+01 5.39E+01 1.08E+02 2.69E+02 5.39E+02 8.08E+02
 1.08E+03 1.62E+03 2.69E+03 5.39E+03 1.08E+04 1.62E+04
 6.81E-12 8.26E-12 9.81E-12 1.17E-11 2.66E-11 9.12E-11 1.37E-10 1.55E-10
 1.63E-10 1.69E-10 1.72E-10 1.66E-10 1.52E-10 1.42E-10
 6.52E-12 7.85E-12 9.24E-12 1.10E-11 2.37E-11 6.85E-11 9.37E-11 1.02E-10
 1.07E-10 1.11E-10 1.13E-10 1.13E-10 1.08E-10 1.03E-10
 4.87E-12 5.50E-12 6.07E-12 6.73E-12 1.07E-11 1.53E-11 1.59E-11 1.61E-11
 1.64E-11 1.68E-11 1.75E-11 1.84E-11 1.94E-11 1.99E-11
 1.63E-12 1.59E-12 1.53E-12 1.46E-12 1.42E-12 1.18E-12 1.11E-12 1.10E-12
 1.11E-12 1.13E-12 1.16E-12 1.22E-12 1.28E-12 1.32E-12
 2.06E-13 1.87E-13 1.69E-13 1.53E-13 1.32E-13 1.05E-13 9.93E-14 9.89E-14
 9.94E-14 1.01E-13 1.03E-13 1.07E-13 1.11E-13 1.13E-13
 2.10E-14 1.89E-14 1.70E-14 1.53E-14 1.31E-14 1.06E-14 1.01E-14 1.00E-14
 1.00E-14 1.01E-14 1.04E-14 1.07E-14 1.10E-14 1.12E-14
 2.10E-15 1.89E-15 1.70E-15 1.53E-15 1.36E-15 1.18E-15 1.13E-15 1.12E-15
 1.12E-15 1.12E-15 1.13E-15 1.15E-15 1.16E-15 1.17E-15
  2373.61    7  14 /pl=01:ss=24:pb= 1:sz=24/type=excit/ispb = t/isel =   39
 1.00E+10 1.00E+11 1.00E+12 1.00E+13 1.00E+14 1.00E+15 1.00E+16
 1.08E+01 1.62E+01 2.69E+01 5.39E+01 1.08E+02 2.69E+02 5.39E+02 8.08E+02
 1.08E+03 1.62E+03 2.69E+03 5.39E+03 1.08E+04 1.62E+04
 2.59E-13 3.57E-13 4.54E-13 5.71E-13 1.37E-12 4.48E-12 6.46E-12 7.08E-12
 7.31E-12 7.40E-12 7.25E-12 6.72E-12 5.97E-12 5.48E-12
 2.36E-13 3.23E-13 4.10E-13 5.14E-13 1.21E-12 3.62E-12 4.95E-12 5.34E-12
 5.48E-12 5.53E-12 5.44E-12 5.13E-12 4.67E-12 4.36E-12
 1.62E-13 2.18E-13 2.72E-13 3.35E-13 6.45E-13 1.25E-12 1.42E-12 1.46E-12
 1.47E-12 1.48E-12 1.47E-12 1.45E-12 1.41E-12 1.38E-12
 6.55E-14 8.09E-14 9.36E-14 1.05E-13 1.31E-13 1.53E-13 1.54E-13 1.53E-13
 1.53E-13 1.52E-13 1.52E-13 1.51E-13 1.51E-13 1.50E-13
 9.33E-15 1.10E-14 1.21E-14 1.30E-14 1.44E-14 1.52E-14 1.50E-14 1.49E-14
 1.48E-14 1.47E-14 1.46E-14 1.45E-14 1.44E-14 1.44E-14
 9.70E-16 1.13E-15 1.25E-15 1.33E-15 1.45E-15 1.50E-15 1.49E-15 1.47E-15
 1.47E-15 1.46E-15 1.45E-15 1.44E-15 1.43E-15 1.42E-15
 9.74E-17 1.14E-16 1.25E-16 1.33E-16 1.40E-16 1.42E-16 1.41E-16 1.40E-16
 1.40E-16 1.40E-16 1.39E-16 1.39E-16 1.39E-16 1.39E-16
  2606.81    7  14 /pl=01:ss=24:pb= 1:sz=24/type=excit/ispb = t/isel =   40
 1.00E+10 1.00E+11 1.00E+12 1.00E+13 1.00E+14 1.00E+15 1.00E+16
 1.08E+01 1.62E+01 2.69E+01 5.39E+01 1.08E+02 2.69E+02 5.39E+02 8.08E+02
 1.08E+03 1.62E+03 2.69E+03 5.39E+03 1.08E+04 1.62E+04
 2.47E-12 2.99E-12 3.48E-12 3.91E-12 5.51E-12 1.13E-11 1.45E-11 1.52E-11
 1.52E-11 1.49E-11 1.39E-11 1.23E-11 1.04E-11 9.30E-12
 2.46E-12 2.98E-12 3.46E-12 3.90E-12 5.53E-12 1.14E-11 1.46E-11 1.54E-11
 1.55E-11 1.52E-11 1.44E-11 1.28E-11 1.10E-11 9.92E-12
 2.12E-12 2.51E-12 2.86E-12 3.17E-12 4.11E-12 5.83E-12 6.27E-12 6.34E-12
 6.35E-12 6.33E-12 6.25E-12 6.07E-12 5.79E-12 5.59E-12
 6.35E-13 6.72E-13 6.90E-13 6.93E-13 6.82E-13 6.48E-13 6.42E-13 6.44E-13
 6.46E-13 6.51E-13 6.57E-13 6.66E-13 6.72E-13 6.76E-13
 7.18E-14 7.21E-14 7.06E-14 6.82E-14 6.42E-14 6.08E-14 6.07E-14 6.10E-14
 6.14E-14 6.19E-14 6.27E-14 6.35E-14 6.42E-14 6.46E-14
 7.23E-15 7.21E-15 7.02E-15 6.75E-15 6.34E-15 6.02E-15 6.01E-15 6.05E-15
 6.08E-15 6.14E-15 6.21E-15 6.29E-15 6.36E-15 6.40E-15
 7.23E-16 7.21E-16 7.02E-16 6.74E-16 6.37E-16 6.04E-16 5.99E-16 6.00E-16
 6.02E-16 6.06E-16 6.12E-16 6.20E-16 6.27E-16 6.30E-16
  3055.77    7  14 /pl=01:ss=24:pb= 1:sz=24/type=excit/ispb = t/isel =   41
 1.00E+10 1.00E+11 1.00E+12 1.00E+13 1.00E+14 1.00E+15 1.00E+16
 1.08E+01 1.62E+01 2.69E+01 5.39E+01 1.08E+02 2.69E+02 5.39E+02 8.08E+02
 1.08E+03 1.62E+03 2.69E+03 5.39E+03 1.08E+04 1.62E+04
 6.71E-13 8.10E-13 9.41E-13 1.09E-12 1.94E-12 4.76E-12 6.19E-12 6.43E-12
 6.39E-12 6.14E-12 5.63E-12 4.81E-12 3.96E-12 3.50E-12
 8.96E-13 1.10E-12 1.31E-12 1.51E-12 2.43E-12 5.19E-12 6.37E-12 6.52E-12
 6.46E-12 6.20E-12 5.73E-12 4.96E-12 4.16E-12 3.71E-12
 9.52E-13 1.17E-12 1.36E-12 1.53E-12 1.83E-12 2.08E-12 2.05E-12 2.02E-12
 1.99E-12 1.95E-12 1.89E-12 1.81E-12 1.72E-12 1.65E-12
 1.68E-13 1.84E-13 1.95E-13 1.99E-13 1.87E-13 1.69E-13 1.65E-13 1.65E-13
 1.65E-13 1.66E-13 1.66E-13 1.67E-13 1.68E-13 1.68E-13
 1.48E-14 1.55E-14 1.57E-14 1.56E-14 1.48E-14 1.46E-14 1.47E-14 1.49E-14
 1.49E-14 1.51E-14 1.52E-14 1.53E-14 1.54E-14 1.54E-14
 1.44E-15 1.50E-15 1.51E-15 1.49E-15 1.43E-15 1.42E-15 1.44E-15 1.45E-15
 1.46E-15 1.48E-15 1.49E-15 1.50E-15 1.51E-15 1.51E-15
 1.43E-16 1.49E-16 1.51E-16 1.48E-16 1.42E-16 1.39E-16 1.39E-16 1.40E-16
 1.41E-16 1.42E-16 1.43E-16 1.45E-16 1.47E-16 1.47E-16
  3208.62    7  14 /pl=01:ss=24:pb= 1:sz=24/type=excit/ispb = t/isel =   42
 1.00E+10 1.00E+11 1.00E+12 1.00E+13 1.00E+14 1.00E+15 1.00E+16
 1.08E+01 1.62E+01 2.69E+01 5.39E+01 1.08E+02 2.69E+02 5.39E+02 8.08E+02
 1.08E+03 1.62E+03 2.69E+03 5.39E+03 1.08E+04 1.62E+04
 1.70E-11 1.96E-11 2.21E-11 2.46E-11 3.66E-11 7.84E-11 1.01E-10 1.05E-10
 1.06E-10 1.03E-10 9.70E-11 8.58E-11 7.35E-11 6.62E-11
 1.59E-11 1.81E-11 2.01E-11 2.22E-11 3.10E-11 5.38E-11 6.16E-11 6.25E-11
 6.22E-11 6.08E-11 5.81E-11 5.35E-11 4.81E-11 4.48E-11
 8.43E-12 8.98E-12 9.38E-12 9.66E-12 9.98E-12 8.67E-12 7.84E-12 7.61E-12
 7.51E-12 7.45E-12 7.43E-12 7.48E-12 7.56E-12 7.61E-12
 9.64E-13 8.89E-13 8.16E-13 7.46E-13 5.92E-13 4.35E-13 4.09E-13 4.08E-13
 4.09E-13 4.14E-13 4.23E-13 4.36E-13 4.50E-13 4.60E-13
 7.27E-14 6.32E-14 5.51E-14 4.83E-14 3.98E-14 3.43E-14 3.40E-14 3.44E-14
 3.48E-14 3.54E-14 3.62E-14 3.72E-14 3.81E-14 3.85E-14
 6.90E-15 5.95E-15 5.15E-15 4.49E-15 3.77E-15 3.35E-15 3.34E-15 3.38E-15
 3.41E-15 3.47E-15 3.55E-15 3.64E-15 3.72E-15 3.76E-15
 6.86E-16 5.91E-16 5.11E-16 4.46E-16 3.85E-16 3.46E-16 3.42E-16 3.43E-16
 3.46E-16 3.50E-16 3.55E-16 3.63E-16 3.70E-16 3.73E-16
  3448.04    7  14 /pl=01:ss=24:pb= 1:sz=24/type=excit/ispb = t/isel =   43
 1.00E+10 1.00E+11 1.00E+12 1.00E+13 1.00E+14 1.00E+15 1.00E+16
 1.08E+01 1.62E+01 2.69E+01 5.39E+01 1.08E+02 2.69E+02 5.39E+02 8.08E+02
 1.08E+03 1.62E+03 2.69E+03 5.39E+03 1.08E+04 1.62E+04
 7.71E-13 9.25E-13 1.07E-12 1.28E-12 2.95E-12 8.73E-12 1.18E-11 1.24E-11
 1.23E-11 1.19E-11 1.10E-11 9.34E-12 7.68E-12 6.76E-12
 1.02E-12 1.24E-12 1.46E-12 1.74E-12 3.50E-12 9.06E-12 1.17E-11 1.21E-11
 1.21E-11 1.18E-11 1.10E-11 9.63E-12 8.13E-12 7.26E-12
 1.36E-12 1.62E-12 1.85E-12 2.07E-12 2.81E-12 3.63E-12 3.67E-12 3.65E-12
 3.63E-12 3.59E-12 3.53E-12 3.44E-12 3.31E-12 3.22E-12
 3.48E-13 3.56E-13 3.54E-13 3.50E-13 3.36E-13 3.02E-13 2.94E-13 2.93E-13
 2.94E-13 2.95E-13 2.98E-13 3.02E-13 3.06E-13 3.08E-13
 3.45E-14 3.34E-14 3.18E-14 3.01E-14 2.82E-14 2.65E-14 2.64E-14 2.65E-14
 2.66E-14 2.69E-14 2.72E-14 2.75E-14 2.78E-14 2.80E-14
 3.41E-15 3.28E-15 3.10E-15 2.92E-15 2.73E-15 2.59E-15 2.58E-15 2.60E-15
 2.62E-15 2.64E-15 2.67E-15 2.71E-15 2.74E-15 2.75E-15
 3.40E-16 3.27E-16 3.10E-16 2.91E-16 2.71E-16 2.54E-16 2.52E-16 2.53E-16
 2.54E-16 2.56E-16 2.59E-16 2.63E-16 2.67E-16 2.69E-16
  3962.75    7  14 /pl=01:ss=24:pb= 1:sz=24/type=excit/ispb = t/isel =   44
 1.00E+10 1.00E+11 1.00E+12 1.00E+13 1.00E+14 1.00E+15 1.00E+16
 1.08E+01 1.62E+01 2.69E+01 5.39E+01 1.08E+02 2.69E+02 5.39E+02 8.08E+02
 1.08E+03 1.62E+03 2.69E+03 5.39E+03 1.08E+04 1.62E+04
 5.35E-13 6.66E-13 7.97E-13 9.39E-13 1.70E-12 4.59E-12 6.36E-12 6.87E-12
 7.03E-12 7.04E-12 6.82E-12 6.25E-12 5.49E-12 5.02E-12
 5.14E-13 6.37E-13 7.58E-13 8.88E-13 1.57E-12 3.85E-12 5.03E-12 5.34E-12
 5.44E-12 5.44E-12 5.31E-12 4.95E-12 4.46E-12 4.14E-12
 3.77E-13 4.45E-13 5.07E-13 5.69E-13 8.33E-13 1.22E-12 1.29E-12 1.30E-12
 1.30E-12 1.31E-12 1.31E-12 1.30E-12 1.29E-12 1.27E-12
 1.02E-13 1.07E-13 1.09E-13 1.10E-13 1.16E-13 1.12E-13 1.09E-13 1.09E-13
 1.09E-13 1.09E-13 1.10E-13 1.12E-13 1.14E-13 1.15E-13
 1.20E-14 1.20E-14 1.17E-14 1.13E-14 1.11E-14 1.03E-14 1.01E-14 1.01E-14
 1.01E-14 1.01E-14 1.02E-14 1.03E-14 1.04E-14 1.05E-14
 1.22E-15 1.21E-15 1.17E-15 1.13E-15 1.09E-15 1.02E-15 9.98E-16 9.95E-16
 9.96E-16 1.00E-15 1.01E-15 1.02E-15 1.03E-15 1.03E-15
 1.22E-16 1.21E-16 1.17E-16 1.12E-16 1.08E-16 1.02E-16 9.97E-17 9.94E-17
 9.94E-17 9.96E-17 1.00E-16 1.01E-16 1.02E-16 1.03E-16
  4077.80    7  14 /pl=01:ss=24:pb= 1:sz=24/type=excit/ispb = t/isel =   45
 1.00E+10 1.00E+11 1.00E+12 1.00E+13 1.00E+14 1.00E+15 1.00E+16
 1.08E+01 1.62E+01 2.69E+01 5.39E+01 1.08E+02 2.69E+02 5.39E+02 8.08E+02
 1.08E+03 1.62E+03 2.69E+03 5.39E+03 1.08E+04 1.62E+04
 2.93E-13 3.70E-13 4.47E-13 6.13E-13 2.90E-12 1.37E-11 2.21E-11 2.55E-11
 2.72E-11 2.88E-11 2.96E-11 2.91E-11 2.70E-11 2.53E-11
 3.34E-13 4.23E-13 5.13E-13 6.90E-13 2.89E-12 1.22E-11 1.84E-11 2.08E-11
 2.21E-11 2.33E-11 2.40E-11 2.39E-11 2.27E-11 2.16E-11
 5.66E-13 7.02E-13 8.33E-13 1.01E-12 2.40E-12 5.09E-12 5.84E-12 6.08E-12
 6.22E-12 6.41E-12 6.64E-12 6.89E-12 7.07E-12 7.12E-12
 5.09E-13 5.49E-13 5.70E-13 5.85E-13 6.65E-13 6.35E-13 6.02E-13 5.95E-13
 5.95E-13 6.00E-13 6.11E-13 6.31E-13 6.54E-13 6.69E-13
 8.23E-14 8.23E-14 8.03E-14 7.77E-14 7.43E-14 6.19E-14 5.75E-14 5.66E-14
 5.63E-14 5.65E-14 5.72E-14 5.85E-14 6.01E-14 6.10E-14
 8.65E-15 8.56E-15 8.28E-15 7.95E-15 7.51E-15 6.29E-15 5.85E-15 5.75E-15
 5.72E-15 5.72E-15 5.77E-15 5.87E-15 6.00E-15 6.07E-15
 8.69E-16 8.59E-16 8.30E-16 7.97E-16 7.65E-16 6.80E-16 6.44E-16 6.34E-16
 6.30E-16 6.28E-16 6.28E-16 6.31E-16 6.37E-16 6.40E-16
  4452.16    7  14 /pl=01:ss=24:pb= 1:sz=24/type=excit/ispb = t/isel =   46
 1.00E+10 1.00E+11 1.00E+12 1.00E+13 1.00E+14 1.00E+15 1.00E+16
 1.08E+01 1.62E+01 2.69E+01 5.39E+01 1.08E+02 2.69E+02 5.39E+02 8.08E+02
 1.08E+03 1.62E+03 2.69E+03 5.39E+03 1.08E+04 1.62E+04
 1.18E-12 1.46E-12 1.75E-12 2.06E-12 3.74E-12 1.01E-11 1.40E-11 1.51E-11
 1.55E-11 1.55E-11 1.50E-11 1.37E-11 1.21E-11 1.10E-11
 1.13E-12 1.40E-12 1.67E-12 1.95E-12 3.46E-12 8.46E-12 1.10E-11 1.17E-11
 1.19E-11 1.20E-11 1.17E-11 1.09E-11 9.80E-12 9.10E-12
 8.28E-13 9.78E-13 1.11E-12 1.25E-12 1.83E-12 2.68E-12 2.83E-12 2.86E-12
 2.87E-12 2.88E-12 2.88E-12 2.87E-12 2.83E-12 2.80E-12
 2.23E-13 2.35E-13 2.40E-13 2.43E-13 2.56E-13 2.47E-13 2.40E-13 2.39E-13
 2.39E-13 2.40E-13 2.43E-13 2.46E-13 2.50E-13 2.53E-13
 2.64E-14 2.63E-14 2.57E-14 2.49E-14 2.43E-14 2.27E-14 2.22E-14 2.21E-14
 2.21E-14 2.22E-14 2.24E-14 2.26E-14 2.29E-14 2.30E-14
 2.68E-15 2.66E-15 2.57E-15 2.48E-15 2.40E-15 2.25E-15 2.19E-15 2.19E-15
 2.19E-15 2.20E-15 2.21E-15 2.24E-15 2.26E-15 2.27E-15
 2.68E-16 2.66E-16 2.57E-16 2.47E-16 2.38E-16 2.24E-16 2.19E-16 2.18E-16
 2.18E-16 2.19E-16 2.20E-16 2.22E-16 2.24E-16 2.25E-16
  4701.24    7  14 /pl=01:ss=24:pb= 1:sz=24/type=excit/ispb = t/isel =   47
 1.00E+10 1.00E+11 1.00E+12 1.00E+13 1.00E+14 1.00E+15 1.00E+16
 1.08E+01 1.62E+01 2.69E+01 5.39E+01 1.08E+02 2.69E+02 5.39E+02 8.08E+02
 1.08E+03 1.62E+03 2.69E+03 5.39E+03 1.08E+04 1.62E+04
 1.48E-12 1.80E-12 2.09E-12 2.35E-12 3.31E-12 6.77E-12 8.71E-12 9.13E-12
 9.16E-12 8.94E-12 8.38E-12 7.36E-12 6.24E-12 5.59E-12
 1.48E-12 1.79E-12 2.08E-12 2.34E-12 3.33E-12 6.85E-12 8.79E-12 9.24E-12
 9.30E-12 9.14E-12 8.66E-12 7.72E-12 6.62E-12 5.96E-12
 1.27E-12 1.51E-12 1.72E-12 1.90E-12 2.47E-12 3.51E-12 3.77E-12 3.81E-12
 3.82E-12 3.80E-12 3.76E-12 3.65E-12 3.48E-12 3.36E-12
 3.82E-13 4.04E-13 4.14E-13 4.17E-13 4.10E-13 3.90E-13 3.86E-13 3.87E-13
 3.88E-13 3.91E-13 3.95E-13 4.00E-13 4.04E-13 4.06E-13
 4.31E-14 4.33E-14 4.24E-14 4.10E-14 3.86E-14 3.65E-14 3.65E-14 3.67E-14
 3.69E-14 3.72E-14 3.76E-14 3.82E-14 3.86E-14 3.88E-14
 4.34E-15 4.33E-15 4.22E-15 4.05E-15 3.81E-15 3.61E-15 3.61E-15 3.63E-15
 3.65E-15 3.69E-15 3.73E-15 3.78E-15 3.82E-15 3.84E-15
 4.34E-16 4.33E-16 4.22E-16 4.05E-16 3.83E-16 3.63E-16 3.60E-16 3.61E-16
 3.62E-16 3.64E-16 3.68E-16 3.72E-16 3.77E-16 3.79E-16
  5851.38    7  14 /pl=01:ss=24:pb= 1:sz=24/type=excit/ispb = t/isel =   48
 1.00E+10 1.00E+11 1.00E+12 1.00E+13 1.00E+14 1.00E+15 1.00E+16
 1.08E+01 1.62E+01 2.69E+01 5.39E+01 1.08E+02 2.69E+02 5.39E+02 8.08E+02
 1.08E+03 1.62E+03 2.69E+03 5.39E+03 1.08E+04 1.62E+04
 4.07E-12 4.73E-12 5.39E-12 5.94E-12 7.39E-12 1.23E-11 1.47E-11 1.50E-11
 1.49E-11 1.44E-11 1.33E-11 1.16E-11 9.75E-12 8.72E-12
 3.76E-12 4.35E-12 4.92E-12 5.39E-12 6.52E-12 9.74E-12 1.10E-11 1.11E-11
 1.10E-11 1.07E-11 1.01E-11 9.03E-12 7.89E-12 7.20E-12
 2.01E-12 2.23E-12 2.41E-12 2.52E-12 2.52E-12 2.28E-12 2.14E-12 2.09E-12
 2.07E-12 2.05E-12 2.03E-12 2.01E-12 1.99E-12 1.97E-12
 2.45E-13 2.41E-13 2.32E-13 2.20E-13 1.79E-13 1.38E-13 1.31E-13 1.31E-13
 1.31E-13 1.33E-13 1.35E-13 1.38E-13 1.42E-13 1.44E-13
 1.89E-14 1.76E-14 1.61E-14 1.47E-14 1.25E-14 1.11E-14 1.11E-14 1.12E-14
 1.13E-14 1.15E-14 1.17E-14 1.20E-14 1.22E-14 1.23E-14
 1.80E-15 1.66E-15 1.51E-15 1.37E-15 1.19E-15 1.09E-15 1.09E-15 1.10E-15
 1.11E-15 1.12E-15 1.15E-15 1.17E-15 1.19E-15 1.20E-15
 1.79E-16 1.65E-16 1.50E-16 1.37E-16 1.21E-16 1.11E-16 1.10E-16 1.11E-16
 1.11E-16 1.12E-16 1.14E-16 1.16E-16 1.18E-16 1.19E-16
  5918.56    7  14 /pl=01:ss=24:pb= 1:sz=24/type=excit/ispb = t/isel =   49
 1.00E+10 1.00E+11 1.00E+12 1.00E+13 1.00E+14 1.00E+15 1.00E+16
 1.08E+01 1.62E+01 2.69E+01 5.39E+01 1.08E+02 2.69E+02 5.39E+02 8.08E+02
 1.08E+03 1.62E+03 2.69E+03 5.39E+03 1.08E+04 1.62E+04
 7.01E-13 9.01E-13 1.11E-12 1.42E-12 4.15E-12 1.60E-11 2.44E-11 2.75E-11
 2.89E-11 3.01E-11 3.05E-11 2.94E-11 2.70E-11 2.52E-11
 6.96E-13 8.84E-13 1.08E-12 1.36E-12 3.71E-12 1.21E-11 1.68E-11 1.84E-11
 1.92E-11 2.00E-11 2.04E-11 2.03E-11 1.93E-11 1.85E-11
 6.52E-13 7.70E-13 8.78E-13 1.01E-12 1.85E-12 2.98E-12 3.20E-12 3.28E-12
 3.34E-12 3.44E-12 3.57E-12 3.74E-12 3.90E-12 3.99E-12
 2.90E-13 2.98E-13 2.98E-13 2.95E-13 3.11E-13 2.81E-13 2.66E-13 2.64E-13
 2.65E-13 2.69E-13 2.75E-13 2.87E-13 2.99E-13 3.07E-13
 4.10E-14 3.97E-14 3.77E-14 3.57E-14 3.28E-14 2.68E-14 2.50E-14 2.47E-14
 2.47E-14 2.49E-14 2.54E-14 2.62E-14 2.70E-14 2.75E-14
 4.26E-15 4.09E-15 3.87E-15 3.63E-15 3.31E-15 2.72E-15 2.54E-15 2.51E-15
 2.51E-15 2.52E-15 2.56E-15 2.62E-15 2.69E-15 2.73E-15
 4.28E-16 4.11E-16 3.87E-16 3.64E-16 3.40E-16 2.98E-16 2.83E-16 2.79E-16
 2.78E-16 2.78E-16 2.79E-16 2.82E-16 2.86E-16 2.88E-16
  6978.85    7  14 /pl=01:ss=24:pb= 1:sz=24/type=excit/ispb = t/isel =   50
 1.00E+10 1.00E+11 1.00E+12 1.00E+13 1.00E+14 1.00E+15 1.00E+16
 1.08E+01 1.62E+01 2.69E+01 5.39E+01 1.08E+02 2.69E+02 5.39E+02 8.08E+02
 1.08E+03 1.62E+03 2.69E+03 5.39E+03 1.08E+04 1.62E+04
 2.90E-12 3.40E-12 3.89E-12 4.34E-12 6.07E-12 1.24E-11 1.60E-11 1.70E-11
 1.72E-11 1.70E-11 1.62E-11 1.46E-11 1.27E-11 1.16E-11
 2.72E-12 3.16E-12 3.59E-12 3.99E-12 5.41E-12 9.77E-12 1.18E-11 1.22E-11
 1.23E-11 1.22E-11 1.18E-11 1.09E-11 9.84E-12 9.14E-12
 1.58E-12 1.75E-12 1.88E-12 1.99E-12 2.19E-12 2.27E-12 2.20E-12 2.18E-12
 2.18E-12 2.18E-12 2.19E-12 2.20E-12 2.22E-12 2.22E-12
 2.50E-13 2.41E-13 2.29E-13 2.17E-13 1.89E-13 1.57E-13 1.51E-13 1.50E-13
 1.51E-13 1.53E-13 1.55E-13 1.60E-13 1.64E-13 1.67E-13
 2.33E-14 2.14E-14 1.94E-14 1.77E-14 1.55E-14 1.37E-14 1.34E-14 1.35E-14
 1.36E-14 1.38E-14 1.40E-14 1.43E-14 1.46E-14 1.48E-14
 2.30E-15 2.09E-15 1.89E-15 1.71E-15 1.51E-15 1.35E-15 1.33E-15 1.34E-15
 1.35E-15 1.36E-15 1.39E-15 1.42E-15 1.44E-15 1.46E-15
 2.29E-16 2.08E-16 1.88E-16 1.71E-16 1.54E-16 1.40E-16 1.38E-16 1.38E-16
 1.38E-16 1.39E-16 1.40E-16 1.43E-16 1.45E-16 1.46E-16
c-------------------------------------------------------------------------------
 
C  root partition information
C  ==========================
C
C  nuclear charge : 74
C  ion charge+1   : 25
C
C  population calculation information
C  ----------------------------------
C
C  population processing code: adas810
C
C  adf04 source file    : adf04_copmm#74_ls_40#w24.dat
C  adf18/a17_p208 file  : NULL
C
C  meta. ion. coeff. selector  : 
 
C  options  : lnorm =T  lpsel =F  lzsel =T  liosel=F
C           : lhsel =F  lrsel =F  lisel =F  lnsel =F
 
C  energy levels
C  -------------
C
C   lv      configuration    (2S+1)L(w-1/2)      energy (cm^-1)
C  ---   ------------------- --------------      --------------
c    1   60954A                (5) 6( 32.0)             0.0
c    2   60954A                (5) 0(  2.0)         26228.0
c    3   60954A                (5) 3( 17.0)         31166.0
c    4   60954A                (3) 7( 22.0)         42721.0
c    5   60954A                (3) 5( 16.0)         45495.0
c    6   60954A                (5) 4( 22.0)         48256.0
c    7   60954A                (1) 2(  2.0)         55958.0
c    8   60954A                (3) 8( 25.0)         59617.0
c    9   60954A                (3) 2(  7.0)         60168.0
c   10   60954A                (3) 9( 28.0)         67244.0
c   11   60954A                (3) 6( 19.0)         67956.0
c   12   60954A                (3) 4( 13.0)         69527.0
c   13   60954A                (3) 1(  4.0)         70030.0
c   14   60954A                (5) 2( 12.0)         80981.0
c   15   60954A                (3) 3( 10.0)         81825.0
c   16   60954A                (1) 6(  6.0)         87636.3
c   17   60954A                (3) 3( 10.0)         92486.6
c   18   60954A                (1) 8(  8.0)         94673.9
c   19   60954A                (1) 4(  4.0)         95666.4
c   20   60954A                (3) 3( 10.0)        100379.3
c   21   60954A                (1) 5(  5.0)        100738.9
c   22   60954A                (1) 7(  7.0)        103140.3
c   23   60954A                (3) 5( 16.0)        103879.0
c   24   60954A                (1) 2(  2.0)        104431.5
c   25   60954A                (3) 4( 13.0)        110055.0
c   26   60954A                (3) 7( 22.0)        110086.0
c   27   60954A                (1)10( 10.0)        114119.0
c   28   60954A                (3) 5( 16.0)        115948.0
c   29   60954A                (1) 8(  8.0)        135592.0
c   30   60954A                (3) 1(  4.0)        137463.0
c   31   60954A                (3) 6( 19.0)        139803.0
c   32   60954A                (3) 4( 13.0)        140774.0
c   33   60954A                (1) 4(  4.0)        145292.0
c   34   60954A                (1) 3(  3.0)        149127.0
c   35   60954A                (1) 2(  2.0)        151719.0
c   36   60954A                (1) 6(  6.0)        158097.0
c   37   60954A                (1) 4(  4.0)        161124.0
c   38   60954A                (3) 2(  7.0)        171425.0
c   39   60954A                (1) 5(  5.0)        181317.0
c   40   60954A                (1) 0(  0.0)        189737.0
c   41   60954A                (3) 3( 10.0)        196088.0
c   42   60954A                (3) 5( 16.0)        202838.0
c   43   60954A                (3) 1(  4.0)        208838.0
c   44   60954A                (1) 6(  6.0)        209658.0
c   45   60954A                (1) 4(  4.0)        239028.0
c   46   60954A                (1) 2(  2.0)        299158.0
c   47   60954A                (1) 0(  0.0)        350228.0
c   48   60953A51E             (3) 6( 19.0)       2526938.0
c   49   60953A51E             (5) 7( 37.0)       2529338.0
c   50   60953A51E             (5) 5( 27.0)       2531138.0
c   51   60953A51E             (5) 8( 42.0)       2532038.0
c   52   60953A51E             (5) 9( 47.0)       2534738.0
c   53   60953A51E             (3) 0(  1.0)       2536638.0
c   54   60953A51E             (3) 4( 13.0)       2543038.0
c   55   60953A51E             (5) 3( 17.0)       2548138.0
c   56   60953A51E             (5) 4( 22.0)       2548238.0
c   57   60953A51E             (3) 8( 25.0)       2555038.0
c   58   60953A51E             (5) 1(  7.0)       2555938.0
c   59   60953A51E             (3) 7( 22.0)       2557338.0
c   60   60953A51E             (1) 3(  3.0)       2557638.0
c   61   60953A51E             (5) 6( 32.0)       2557738.0
c   62   60953A51E             (3) 3( 10.0)       2559038.0
c   63   60953A51E             (3) 9( 28.0)       2559538.0
c   64   60953A51E             (3) 5( 16.0)       2561638.0
c   65   60953A51E             (5) 3( 17.0)       2561838.0
c   66   60953A51E             (3) 1(  4.0)       2564738.0
c   67   60953A51E             (5) 5( 27.0)       2566738.0
c   68   60953A51E             (5) 2( 12.0)       2567538.0
c   69   60953A51E             (3) 6( 19.0)       2568738.0
c   70   60953A51E             (3) 3( 10.0)       2569738.0
c   71   60953A51E             (1) 5(  5.0)       2569938.0
c   72   60953A51E             (1) 6(  6.0)       2571838.0
c   73   60953A51E             (3) 8( 25.0)       2571938.0
c   74   60953A51E             (3) 2(  7.0)       2572038.0
c   75   60953A51E             (3) 7( 22.0)       2572538.0
c   76   60953A51E             (1) 7(  7.0)       2572738.0
c   77   60953A51E             (3) 3( 10.0)       2576238.0
c   78   60953A51E             (1) 6(  6.0)       2576838.0
c   79   60953A51E             (5) 4( 22.0)       2577838.0
c   80   60953A51E             (5) 3( 17.0)       2580938.0
c   81   60953A51E             (3) 6( 19.0)       2582438.0
c   82   60953A51E             (5) 3( 17.0)       2584138.0
c   83   60953A51E             (1) 5(  5.0)       2584238.0
c   84   60953A51E             (1) 3(  3.0)       2584638.0
c   85   60953A51E             (3) 7( 22.0)       2585538.0
c   86   60953A51E             (5) 7( 37.0)       2585738.0
c   87   60953A51E             (5) 6( 32.0)       2586738.0
c   88   60953A51E             (1) 4(  4.0)       2587538.0
c   89   60953A51E             (3) 5( 16.0)       2588838.0
c   90   60953A51E             (3) 9( 28.0)       2589738.0
c   91   60953A51E             (5) 5( 27.0)       2589838.0
c   92   60953A51E             (5) 1(  7.0)       2592038.0
c   93   60953A51E             (1) 5(  5.0)       2592038.0
c   94   60953A51E             (3)10( 31.0)       2594638.0
c   95   60953A51E             (1) 2(  2.0)       2594838.0
c   96   60953A51E             (3) 2(  7.0)       2595238.0
c   97   60953A51E             (1) 2(  2.0)       2595438.0
c   98   60953A51E             (3) 2(  7.0)       2596538.0
c   99   60953A51E             (3) 3( 10.0)       2599638.0
c  100   60953A51E             (1) 6(  6.0)       2600038.0
c  101   60953A51E             (1) 8(  8.0)       2601138.0
c  102   60953A51E             (3) 3( 10.0)       2601338.0
c  103   60953A51E             (1) 2(  2.0)       2601838.0
c  104   60953A51E             (3) 4( 13.0)       2602038.0
c  105   60953A51E             (5) 4( 22.0)       2602638.0
c  106   60953A51E             (3) 4( 13.0)       2602638.0
c  107   60953A51E             (3) 4( 13.0)       2603438.0
c  108   60953A51E             (1) 7(  7.0)       2603838.0
c  109   60953A51E             (3) 7( 22.0)       2603838.0
c  110   60953A51E             (1)10( 10.0)       2606238.0
c  111   60953A51E             (3) 7( 22.0)       2606338.0
c  112   60953A51E             (3) 2(  7.0)       2607938.0
c  113   60953A51E             (3) 8( 25.0)       2608238.0
c  114   60953A51E             (1) 1(  1.0)       2608938.0
c  115   60953A51E             (3) 1(  4.0)       2609238.0
c  116   60953A51E             (3) 6( 19.0)       2609538.0
c  117   60953A51E             (1) 3(  3.0)       2610138.0
c  118   60953A51E             (1) 8(  8.0)       2610938.0
c  119   60953A51E             (3) 8( 25.0)       2612438.0
c  120   60953A51E             (1) 1(  1.0)       2612638.0
c  121   60953A51E             (1) 4(  4.0)       2612738.0
c  122   60953A51E             (3) 6( 19.0)       2613138.0
c  123   60953A51E             (3) 4( 13.0)       2613438.0
c  124   60953A51E             (3)10( 31.0)       2614838.0
c  125   60953A51E             (1) 9(  9.0)       2615138.0
c  126   60953A51E             (3) 6( 19.0)       2615238.0
c  127   60953A51E             (3) 2(  7.0)       2615438.0
c  128   60953A51E             (5) 6( 32.0)       2617038.0
c  129   60953A51E             (3) 4( 13.0)       2617238.0
c  130   60953A51E             (3) 5( 16.0)       2617638.0
c  131   60953A51E             (3) 1(  4.0)       2618238.0
c  132   60953A51E             (1) 9(  9.0)       2620138.0
c  133   60953A51E             (1) 4(  4.0)       2620338.0
c  134   60953A51E             (1) 6(  6.0)       2621038.0
c  135   60953A51E             (3) 5( 16.0)       2621138.0
c  136   60953A51E             (3) 2(  7.0)       2621638.0
c  137   60953A51E             (1) 7(  7.0)       2622438.0
c  138   60953A51E             (1) 1(  1.0)       2622938.0
c  139   60953A51E             (3) 2(  7.0)       2624338.0
c  140   60953A51E             (1) 4(  4.0)       2624638.0
c  141   60953A51E             (3) 9( 28.0)       2624938.0
c  142   60953A51E             (3) 3( 10.0)       2625538.0
c  143   60953A51E             (3) 5( 16.0)       2626938.0
c  144   60953A51E             (3) 4( 13.0)       2627438.0
c  145   60953A51E             (3) 4( 13.0)       2627738.0
c  146   60953A51E             (5) 5( 27.0)       2628338.0
c  147   60953A51E             (1) 5(  5.0)       2629438.0
c  148   60953A51E             (3) 4( 13.0)       2630038.0
c  149   60953A51E             (5) 2( 12.0)       2630038.0
c  150   60953A51E             (3) 5( 16.0)       2631338.0
c  151   60953A51E             (1) 4(  4.0)       2631338.0
c  152   60953A51E             (1) 4(  4.0)       2631538.0
c  153   60953A51E             (5) 3( 17.0)       2631938.0
c  154   60953A51E             (1) 3(  3.0)       2631938.0
c  155   60953A51E             (1) 9(  9.0)       2632738.0
c  156   60953A51E             (5) 0(  2.0)       2634238.0
c  157   60953A51E             (3) 3( 10.0)       2634638.0
c  158   60953A51E             (3) 7( 22.0)       2635138.0
c  159   60953A51E             (3) 4( 13.0)       2635538.0
c  160   60953A51E             (3) 2(  7.0)       2635838.0
c  161   60953A51E             (3) 3( 10.0)       2636538.0
c  162   60953A51E             (3)11( 34.0)       2637638.0
c  163   60953A51E             (3) 3( 10.0)       2639438.0
c  164   60953A51E             (3) 4( 13.0)       2639638.0
c  165   60953A51E             (3) 5( 16.0)       2640338.0
c  166   60953A51E             (1) 7(  7.0)       2640638.0
c  167   60953A51E             (3) 2(  7.0)       2641938.0
c  168   60953A51E             (1) 5(  5.0)       2642638.0
c  169   60953A51E             (3) 6( 19.0)       2642838.0
c  170   60953A51E             (3) 6( 19.0)       2643338.0
c  171   60953A51E             (3) 8( 25.0)       2644038.0
c  172   60953A51E             (1)11( 11.0)       2644838.0
c  173   60953A51E             (3) 7( 22.0)       2646038.0
c  174   60953A51E             (5) 1(  7.0)       2646138.0
c  175   60953A51E             (3) 6( 19.0)       2646338.0
c  176   60953A51E             (1) 3(  3.0)       2646638.0
c  177   60953A51E             (3) 8( 25.0)       2648438.0
c  178   60953A51E             (1) 7(  7.0)       2648538.0
c  179   60953A51E             (1) 3(  3.0)       2648738.0
c  180   60953A51E             (3) 0(  1.0)       2648838.0
c  181   60953A51E             (3) 5( 16.0)       2649038.0
c  182   60953A51E             (3) 3( 10.0)       2649238.0
c  183   60953A51E             (3) 5( 16.0)       2650538.0
c  184   60953A51E             (1) 8(  8.0)       2651038.0
c  185   60953A51E             (3) 2(  7.0)       2651238.0
c  186   60953A51E             (1) 1(  1.0)       2652038.0
c  187   60953A51E             (1) 6(  6.0)       2652038.0
c  188   60953A51E             (3) 5( 16.0)       2653038.0
c  189   60953A51E             (1) 5(  5.0)       2653338.0
c  190   60953A51E             (1) 2(  2.0)       2653738.0
c  191   60953A51E             (5) 4( 22.0)       2654938.0
c  192   60953A51E             (5) 2( 12.0)       2656338.0
c  193   60953A51E             (3) 4( 13.0)       2657838.0
c  194   60953A51E             (1) 2(  2.0)       2659638.0
c  195   60953A51E             (3) 1(  4.0)       2659938.0
c  196   60953A51E             (1) 5(  5.0)       2661738.0
c  197   60953A51E             (3) 6( 19.0)       2662038.0
c  198   60953A51E             (3) 5( 16.0)       2665738.0
c  199   60953A51E             (1) 3(  3.0)       2666038.0
c  200   60953A51E             (3) 1(  4.0)       2667938.0
c  201   60953A51E             (3) 9( 28.0)       2669838.0
c  202   60953A51E             (3) 3( 10.0)       2670438.0
c  203   60953A51E             (1) 2(  2.0)       2671138.0
c  204   60953A51E             (3) 5( 16.0)       2671838.0
c  205   60953A51E             (3) 5( 16.0)       2675038.0
c  206   60953A51E             (1) 5(  5.0)       2675938.0
c  207   60953A51E             (3) 1(  4.0)       2676738.0
c  208   60953A51E             (3) 5( 16.0)       2686038.0
c  209   60953A51E             (3) 3( 10.0)       2686738.0
c  210   60953A51E             (1) 4(  4.0)       2687538.0
c  211   60953A51E             (3) 7( 22.0)       2689438.0
c  212   60953A51E             (3) 4( 13.0)       2689538.0
c  213   60953A51E             (1) 7(  7.0)       2691338.0
c  214   60953A51E             (1) 8(  8.0)       2691638.0
c  215   60953A51E             (3) 6( 19.0)       2691638.0
c  216   60953A51E             (1) 1(  1.0)       2691738.0
c  217   60953A51E             (3) 3( 10.0)       2692238.0
c  218   60953A51E             (1) 4(  4.0)       2694938.0
c  219   60953A51E             (3) 7( 22.0)       2696038.0
c  220   60953A51E             (1) 7(  7.0)       2697738.0
c  221   60953A51E             (1) 2(  2.0)       2700438.0
c  222   60953A51E             (3) 2(  7.0)       2700838.0
c  223   60953A51E             (1) 8(  8.0)       2701038.0
c  224   60953A51E             (1)10( 10.0)       2702438.0
c  225   60953A51E             (1) 2(  2.0)       2704338.0
c  226   60953A51E             (1) 4(  4.0)       2708338.0
c  227   60953A51E             (3) 4( 13.0)       2709838.0
c  228   60953A51E             (1) 6(  6.0)       2715938.0
c  229   60953A51E             (3) 3( 10.0)       2717238.0
c  230   60953A51E             (1) 5(  5.0)       2721338.0
c  231   60953A51E             (1) 5(  5.0)       2723438.0
c  232   60953A51E             (1) 4(  4.0)       2726238.0
c  233   60953A51E             (1) 3(  3.0)       2727238.0
c  234   60953A51E             (3) 1(  4.0)       2727538.0
c  235   60953A51E             (1) 6(  6.0)       2731738.0
c  236   60953A51E             (1) 3(  3.0)       2737538.0
c  237   60953A51E             (1) 6(  6.0)       2743838.0
c  238   60953A51E             (3) 1(  4.0)       2743938.0
c  239   60953A51E             (3) 4( 13.0)       2744838.0
c  240   60953A51E             (1) 3(  3.0)       2748838.0
c  241   60953A51E             (3) 6( 19.0)       2755438.0
c  242   60953A51E             (3) 2(  7.0)       2757538.0
c  243   60953A51E             (1) 0(  0.0)       2759338.0
c  244   60953A51E             (1) 1(  1.0)       2762038.0
c  245   60953A51E             (1) 5(  5.0)       2762438.0
c  246   60953A51E             (3) 0(  1.0)       2770338.0
c  247   60953A51E             (3) 3( 10.0)       2777538.0
c  248   60953A51E             (3) 5( 16.0)       2781138.0
c  249   60953A51E             (1) 6(  6.0)       2785538.0
c  250   60953A51E             (3) 1(  4.0)       2785638.0
c  251   60953A51E             (1) 4(  4.0)       2802538.0
c  252   60953A51E             (1) 2(  2.0)       2844538.0
c  253   60953A51E             (1) 0(  0.0)       2880338.0
c  254   60953A51F             (5) 8( 42.0)       3046738.0
c  255   60953A51F             (5) 9( 47.0)       3047638.0
c  256   60953A51F             (5)10( 52.0)       3048938.0
c  257   60953A51F             (5) 5( 27.0)       3053038.0
c  258   60953A51F             (3) 7( 22.0)       3053338.0
c  259   60953A51F             (5) 7( 37.0)       3065138.0
c  260   60953A51F             (3) 8( 25.0)       3066938.0
c  261   60953A51F             (3) 6( 19.0)       3066938.0
c  262   60953A51F             (3) 1(  4.0)       3066938.0
c  263   60953A51F             (5) 2( 12.0)       3068638.0
c  264   60953A51F             (1) 0(  0.0)       3069438.0
c  265   60953A51F             (3) 9( 28.0)       3070738.0
c  266   60953A51F             (3) 3( 10.0)       3073838.0
c  267   60953A51F             (3)10( 31.0)       3075038.0
c  268   60953A51F             (5) 4( 22.0)       3075938.0
c  269   60953A51F             (1) 7(  7.0)       3076738.0
c  270   60953A51F             (3) 4( 13.0)       3077438.0
c  271   60953A51F             (5) 2( 12.0)       3078638.0
c  272   60953A51F             (3) 5( 16.0)       3078838.0
c  273   60953A51F             (5) 6( 32.0)       3079238.0
c  274   60953A51F             (1) 4(  4.0)       3080838.0
c  275   60953A51F             (5) 4( 22.0)       3081838.0
c  276   60953A51F             (5) 6( 32.0)       3081938.0
c  277   60953A51F             (3) 2(  7.0)       3085138.0
c  278   60953A51F             (3) 1(  4.0)       3085638.0
c  279   60953A51F             (3) 9( 28.0)       3086138.0
c  280   60953A51F             (3) 4( 13.0)       3086638.0
c  281   60953A51F             (1) 4(  4.0)       3086938.0
c  282   60953A51F             (3) 8( 25.0)       3087638.0
c  283   60953A51F             (5) 0(  2.0)       3089338.0
c  284   60953A51F             (5) 5( 27.0)       3090538.0
c  285   60953A51F             (5) 3( 17.0)       3093238.0
c  286   60953A51F             (3) 7( 22.0)       3094338.0
c  287   60953A51F             (3) 3( 10.0)       3094738.0
c  288   60953A51F             (5) 3( 17.0)       3097238.0
c  289   60953A51F             (5) 7( 37.0)       3097838.0
c  290   60953A51F             (3) 5( 16.0)       3098338.0
c  291   60953A51F             (5) 8( 42.0)       3098838.0
c  292   60953A51F             (3) 4( 13.0)       3099938.0
c  293   60953A51F             (3) 4( 13.0)       3100038.0
c  294   60953A51F             (1) 8(  8.0)       3100038.0
c  295   60953A51F             (3) 5( 16.0)       3100138.0
c  296   60953A51F             (1) 2(  2.0)       3100238.0
c  297   60953A51F             (5) 6( 32.0)       3101438.0
c  298   60953A51F             (3) 3( 10.0)       3102938.0
c  299   60953A51F             (3) 1(  4.0)       3104938.0
c  300   60953A51F             (3)10( 31.0)       3105238.0
c  301   60953A51F             (1) 6(  6.0)       3105338.0
c  302   60953A51F             (1) 7(  7.0)       3106938.0
c  303   60953A51F             (1) 8(  8.0)       3107138.0
c  304   60953A51F             (5) 1(  7.0)       3108438.0
c  305   60953A51F             (1) 6(  6.0)       3109338.0
c  306   60953A51F             (3)11( 34.0)       3109338.0
c  307   60953A51F             (3) 3( 10.0)       3109938.0
c  308   60953A51F             (1) 5(  5.0)       3113538.0
c  309   60953A51F             (5) 1(  7.0)       3114038.0
c  310   60953A51F             (1) 5(  5.0)       3115238.0
c  311   60953A51F             (1) 3(  3.0)       3117438.0
c  312   60953A51F             (3) 6( 19.0)       3117438.0
c  313   60953A51F             (3) 7( 22.0)       3118038.0
c  314   60953A51F             (3) 2(  7.0)       3118038.0
c  315   60953A51F             (3) 8( 25.0)       3118338.0
c  316   60953A51F             (5) 4( 22.0)       3118738.0
c  317   60953A51F             (5) 5( 27.0)       3119038.0
c  318   60953A51F             (3) 2(  7.0)       3119638.0
c  319   60953A51F             (3) 8( 25.0)       3119938.0
c  320   60953A51F             (3) 2(  7.0)       3119938.0
c  321   60953A51F             (5) 7( 37.0)       3120338.0
c  322   60953A51F             (3) 6( 19.0)       3120338.0
c  323   60953A51F             (3) 6( 19.0)       3120738.0
c  324   60953A51F             (3) 7( 22.0)       3121038.0
c  325   60953A51F             (3) 6( 19.0)       3121738.0
c  326   60953A51F             (3) 5( 16.0)       3122538.0
c  327   60953A51F             (3) 3( 10.0)       3122638.0
c  328   60953A51F             (1)11( 11.0)       3123538.0
c  329   60953A51F             (5) 4( 22.0)       3123738.0
c  330   60953A51F             (1) 5(  5.0)       3124438.0
c  331   60953A51F             (5) 3( 17.0)       3125538.0
c  332   60953A51F             (3) 2(  7.0)       3125938.0
c  333   60953A51F             (1) 4(  4.0)       3126538.0
c  334   60953A51F             (1) 9(  9.0)       3126538.0
c  335   60953A51F             (3) 7( 22.0)       3127038.0
c  336   60953A51F             (3) 5( 16.0)       3127938.0
c  337   60953A51F             (3) 5( 16.0)       3127938.0
c  338   60953A51F             (3) 2(  7.0)       3128038.0
c  339   60953A51F             (3)11( 34.0)       3129438.0
c  340   60953A51F             (1) 1(  1.0)       3129638.0
c  341   60953A51F             (1) 4(  4.0)       3130138.0
c  342   60953A51F             (1) 2(  2.0)       3130138.0
c  343   60953A51F             (3) 8( 25.0)       3130638.0
c  344   60953A51F             (3) 8( 25.0)       3131238.0
c  345   60953A51F             (1) 9(  9.0)       3131238.0
c  346   60953A51F             (1)10( 10.0)       3132238.0
c  347   60953A51F             (3) 6( 19.0)       3132238.0
c  348   60953A51F             (3) 4( 13.0)       3132338.0
c  349   60953A51F             (1) 6(  6.0)       3133338.0
c  350   60953A51F             (3) 3( 10.0)       3133338.0
c  351   60953A51F             (3) 5( 16.0)       3133538.0
c  352   60953A51F             (3) 4( 13.0)       3134438.0
c  353   60953A51F             (1) 4(  4.0)       3135238.0
c  354   60953A51F             (1) 5(  5.0)       3135638.0
c  355   60953A51F             (1)10( 10.0)       3135638.0
c  356   60953A51F             (3) 4( 13.0)       3135938.0
c  357   60953A51F             (3) 7( 22.0)       3136438.0
c  358   60953A51F             (1) 4(  4.0)       3136938.0
c  359   60953A51F             (1) 5(  5.0)       3137238.0
c  360   60953A51F             (3) 1(  4.0)       3137638.0
c  361   60953A51F             (3) 6( 19.0)       3137838.0
c  362   60953A51F             (3) 9( 28.0)       3138338.0
c  363   60953A51F             (3) 3( 10.0)       3138738.0
c  364   60953A51F             (3) 8( 25.0)       3138738.0
c  365   60953A51F             (1) 6(  6.0)       3139938.0
c  366   60953A51F             (5) 6( 32.0)       3140838.0
c  367   60953A51F             (5) 4( 22.0)       3140838.0
c  368   60953A51F             (1) 3(  3.0)       3140938.0
c  369   60953A51F             (3) 8( 25.0)       3141638.0
c  370   60953A51F             (1) 2(  2.0)       3141638.0
c  371   60953A51F             (1) 1(  1.0)       3142738.0
c  372   60953A51F             (3) 7( 22.0)       3143238.0
c  373   60953A51F             (3)10( 31.0)       3143838.0
c  374   60953A51F             (1) 3(  3.0)       3143938.0
c  375   60953A51F             (1) 6(  6.0)       3144238.0
c  376   60953A51F             (3) 4( 13.0)       3144538.0
c  377   60953A51F             (3) 3( 10.0)       3145038.0
c  378   60953A51F             (5) 2( 12.0)       3147938.0
c  379   60953A51F             (3) 9( 28.0)       3148038.0
c  380   60953A51F             (3) 0(  1.0)       3148538.0
c  381   60953A51F             (1) 8(  8.0)       3150138.0
c  382   60953A51F             (1) 9(  9.0)       3150238.0
c  383   60953A51F             (3) 9( 28.0)       3151038.0
c  384   60953A51F             (1) 7(  7.0)       3151438.0
c  385   60953A51F             (3) 5( 16.0)       3152238.0
c  386   60953A51F             (5) 5( 27.0)       3152238.0
c  387   60953A51F             (3) 5( 16.0)       3153038.0
c  388   60953A51F             (3)12( 37.0)       3153138.0
c  389   60953A51F             (1) 3(  3.0)       3153238.0
c  390   60953A51F             (1) 5(  5.0)       3153338.0
c  391   60953A51F             (5) 2( 12.0)       3153538.0
c  392   60953A51F             (3) 6( 19.0)       3154038.0
c  393   60953A51F             (1) 2(  2.0)       3154238.0
c  394   60953A51F             (3) 4( 13.0)       3154538.0
c  395   60953A51F             (3) 0(  1.0)       3154738.0
c  396   60953A51F             (3) 6( 19.0)       3156138.0
c  397   60953A51F             (1) 3(  3.0)       3156538.0
c  398   60953A51F             (1)10( 10.0)       3156838.0
c  399   60953A51F             (1) 4(  4.0)       3157338.0
c  400   60953A51F             (3) 4( 13.0)       3157538.0
c  401   60953A51F             (1) 7(  7.0)       3158138.0
c  402   60953A51F             (1)12( 12.0)       3159638.0
c  403   60953A51F             (1) 6(  6.0)       3159938.0
c  404   60953A51F             (1) 4(  4.0)       3160238.0
c  405   60953A51F             (1) 7(  7.0)       3160438.0
c  406   60953A51F             (3) 7( 22.0)       3161138.0
c  407   60953A51F             (3) 6( 19.0)       3161538.0
c  408   60953A51F             (3) 5( 16.0)       3161638.0
c  409   60953A51F             (3) 9( 28.0)       3162138.0
c  410   60953A51F             (3) 3( 10.0)       3162538.0
c  411   60953A51F             (3) 5( 16.0)       3162838.0
c  412   60953A51F             (1) 9(  9.0)       3164038.0
c  413   60953A51F             (5) 3( 17.0)       3164438.0
c  414   60953A51F             (3) 1(  4.0)       3165438.0
c  415   60953A51F             (3) 7( 22.0)       3167038.0
c  416   60953A51F             (3) 6( 19.0)       3167738.0
c  417   60953A51F             (3) 2(  7.0)       3167738.0
c  418   60953A51F             (3) 2(  7.0)       3167838.0
c  419   60953A51F             (1) 8(  8.0)       3168838.0
c  420   60953A51F             (1) 3(  3.0)       3169538.0
c  421   60953A51F             (3) 5( 16.0)       3169938.0
c  422   60953A51F             (1) 2(  2.0)       3170538.0
c  423   60953A51F             (1) 8(  8.0)       3174738.0
c  424   60953A51F             (3) 3( 10.0)       3175838.0
c  425   60953A51F             (1) 6(  6.0)       3176238.0
c  426   60953A51F             (1) 3(  3.0)       3176338.0
c  427   60953A51F             (1) 5(  5.0)       3176438.0
c  428   60953A51F             (3) 2(  7.0)       3176538.0
c  429   60953A51F             (3) 7( 22.0)       3177438.0
c  430   60953A51F             (3)10( 31.0)       3177538.0
c  431   60953A51F             (3) 4( 13.0)       3178538.0
c  432   60953A51F             (1) 4(  4.0)       3178938.0
c  433   60953A51F             (3) 6( 19.0)       3179138.0
c  434   60953A51F             (3) 3( 10.0)       3180138.0
c  435   60953A51F             (3) 6( 19.0)       3180438.0
c  436   60953A51F             (3) 5( 16.0)       3180738.0
c  437   60953A51F             (3) 4( 13.0)       3181138.0
c  438   60953A51F             (1) 8(  8.0)       3182338.0
c  439   60953A51F             (3) 4( 13.0)       3184238.0
c  440   60953A51F             (1) 5(  5.0)       3185538.0
c  441   60953A51F             (3) 3( 10.0)       3185638.0
c  442   60953A51F             (3) 4( 13.0)       3186838.0
c  443   60953A51F             (1) 9(  9.0)       3189638.0
c  444   60953A51F             (1) 2(  2.0)       3191338.0
c  445   60953A51F             (1) 4(  4.0)       3192538.0
c  446   60953A51F             (1) 6(  6.0)       3193238.0
c  447   60953A51F             (3) 4( 13.0)       3193838.0
c  448   60953A51F             (1) 2(  2.0)       3195038.0
c  449   60953A51F             (1) 3(  3.0)       3198238.0
c  450   60953A51F             (1) 6(  6.0)       3199638.0
c  451   60953A51F             (1) 5(  5.0)       3200038.0
c  452   60953A51F             (1) 1(  1.0)       3200238.0
c  453   60953A51F             (1) 0(  0.0)       3200638.0
c  454   60953A51F             (3) 3( 10.0)       3200738.0
c  455   60953A51F             (3) 2(  7.0)       3201938.0
c  456   60953A51F             (3) 5( 16.0)       3202838.0
c  457   60953A51F             (3) 2(  7.0)       3203138.0
c  458   60953A51F             (3) 1(  4.0)       3203438.0
c  459   60953A51F             (1) 8(  8.0)       3204538.0
c  460   60953A51F             (3) 6( 19.0)       3206138.0
c  461   60953A51F             (1) 7(  7.0)       3206738.0
c  462   60953A51F             (3) 5( 16.0)       3207138.0
c  463   60953A51F             (3) 8( 25.0)       3208438.0
c  464   60953A51F             (1)11( 11.0)       3209038.0
c  465   60953A51F             (3) 7( 22.0)       3210138.0
c  466   60953A51F             (1) 1(  1.0)       3211338.0
c  467   60953A51F             (3) 3( 10.0)       3212738.0
c  468   60953A51F             (3) 4( 13.0)       3214438.0
c  469   60953A51F             (1) 3(  3.0)       3215938.0
c  470   60953A51F             (1) 5(  5.0)       3218838.0
c  471   60953A51F             (3) 2(  7.0)       3223638.0
c  472   60953A51F             (1) 1(  1.0)       3224638.0
c  473   60953A51F             (1) 7(  7.0)       3225038.0
c  474   60953A51F             (1) 3(  3.0)       3225938.0
c  475   60953A51F             (1) 2(  2.0)       3226238.0
c  476   60953A51F             (1) 4(  4.0)       3230338.0
c  477   60953A51F             (1) 5(  5.0)       3232838.0
c  478   60953A51F             (1) 6(  6.0)       3233338.0
c  479   60953A51F             (3) 1(  4.0)       3234338.0
c  480   60953A51F             (3) 7( 22.0)       3239038.0
c  481   60953A51F             (1) 7(  7.0)       3239938.0
c  482   60953A51F             (3) 0(  1.0)       3243838.0
c  483   60953A51F             (3) 5( 16.0)       3256338.0
c  484   60953A51F             (1) 6(  6.0)       3262038.0
c  485   60953A51F             (3) 3( 10.0)       3264538.0
c  486   60953A51F             (3) 4( 13.0)       3271338.0
c  487   60953A51F             (1) 4(  4.0)       3274438.0
c  488   60953A51F             (3) 2(  7.0)       3278738.0
c  489   60953A51F             (3) 6( 19.0)       3281738.0
c  490   60953A51F             (3) 1(  4.0)       3285038.0
c  491   60953A51F             (1) 5(  5.0)       3288338.0
c  492   60953A51F             (1) 7(  7.0)       3290038.0
c  493   60953A51F             (1) 2(  2.0)       3310338.0
c  494   60953A51F             (1) 3(  3.0)       3311538.0
c  495   60953A51F             (1) 1(  1.0)       3334938.0
 
 
 
c-------------------------------------------------------------------------------
 
C  superstage partition information
C  ================================
C
C  element symbol   : W
C  parent template  : 
C  partition level  :  1
C  superstage label : 24
C
C  tabulation       : photon emissivity coefft (te,ne)
C  units            : ph. emis coef(cm^3 s^-1); te (ev); ne (cm^-3)
C
C  photon emissivity atomic transitions
C  ------------------------------------
C  
C   isel  wvlen(A)            transition                type  ispb nspb
C                                                             ispp nspp sz    tg pr wr
C  ----- ---------- ----------------------------------- ----- ---- ---- --    -- -- --
C      1   31.8143  372(3)7( 22.0)-  1(5)6( 32.0)       excit   1    1  24   341 48  1
C      2   31.8640  362(3)9( 28.0)-  1(5)6( 32.0)       excit   1    1  24   333 42  2
C      3   32.0478  321(5)7( 37.0)-  1(5)6( 32.0)       excit   1    1  24   299  4  3
C      4   32.0715  313(3)7( 22.0)-  1(5)6( 32.0)       excit   1    1  24   291 45  4
C      5   32.2431  297(5)6( 32.0)-  1(5)6( 32.0)       excit   1    1  24   277 15  5
C      6   32.2702  291(5)8( 42.0)-  1(5)6( 32.0)       excit   1    1  24   272 30  6
C      7   32.2806  289(5)7( 37.0)-  1(5)6( 32.0)       excit   1    1  24   270  9  7
C      8   32.3780  344(3)8( 25.0)-  4(3)7( 22.0)       excit   1    1  24  1364 36  8
C      9   32.3843  343(3)8( 25.0)-  4(3)7( 22.0)       excit   1    1  24  1363 43  9
C     10   32.4471  276(5)6( 32.0)-  1(5)6( 32.0)       excit   1    1  24   259 24 10
C     11   32.4756  273(5)6( 32.0)-  1(5)6( 32.0)       excit   1    1  24   256  7 11
C     12   32.4927  321(5)7( 37.0)-  4(3)7( 22.0)       excit   1    1  24  1350 33 12
C     13   32.5561  344(3)8( 25.0)-  8(3)8( 25.0)       excit   1    1  24  2753 34 13
C     14   32.5617  362(3)9( 28.0)- 10(3)9( 28.0)       excit   1    1  24  3292 29 14
C     15   32.6250  259(5)7( 37.0)-  1(5)6( 32.0)       excit   1    1  24   244 28 15
C     16   32.7320  289(5)7( 37.0)-  4(3)7( 22.0)       excit   1    1  24  1329 44 16
C     17   32.7510  258(3)7( 22.0)-  1(5)6( 32.0)       excit   1    1  24   243 38 17
C     18   32.7543  257(5)5( 27.0)-  1(5)6( 32.0)       excit   1    1  24   242 14 18
C     19   32.9859  291(5)8( 42.0)- 10(3)9( 28.0)       excit   1    1  24  3263 50 19
C     20   33.2952  372(3)7( 22.0)- 31(3)6( 19.0)       excit   1    1  24  9642 25 20
C     21   38.6717  128(5)6( 32.0)-  3(5)3( 17.0)       excit   1    1  24   817 22 21
C     22   38.8872  128(5)6( 32.0)-  5(3)5( 16.0)       excit   1    1  24  1564 31 22
C     23   38.9290  128(5)6( 32.0)-  6(5)4( 22.0)       excit   1    1  24  1974 10 23
C     24   39.1103  128(5)6( 32.0)-  9(3)2(  7.0)       excit   1    1  24  2906 47 24
C     25   39.2298  128(5)6( 32.0)- 11(3)6( 19.0)       excit   1    1  24  3433 21 25
C     26   39.5360   49(5)7( 37.0)-  1(5)6( 32.0)       excit   1    1  24    46 49 26
C     27   39.7906  128(5)6( 32.0)- 23(3)5( 16.0)       excit   1    1  24  7248 41 27
C     28   39.8891  128(5)6( 32.0)- 26(3)7( 22.0)       excit   1    1  24  8249 35 28
C     29   39.9826  128(5)6( 32.0)- 28(3)5( 16.0)       excit   1    1  24  8654 26 29
C     30   1471.54   11(3)6( 19.0)-  1(5)6( 32.0)       excit   1    1  24    10  8 30
C     31   1477.28   28(3)5( 16.0)-  6(5)4( 22.0)       excit   1    1  24  1878 17 31
C     32   1487.12   10(3)9( 28.0)-  1(5)6( 32.0)       excit   1    1  24     9 13 32
C     33   1677.37    8(3)8( 25.0)-  1(5)6( 32.0)       excit   1    1  24     7  6 33
C     34   1981.41   26(3)7( 22.0)-  8(3)8( 25.0)       excit   1    1  24  2570 27 34
C     35   2072.28    6(5)4( 22.0)-  1(5)6( 32.0)       excit   1    1  24     5  5 35
C     36   2083.68   28(3)5( 16.0)- 11(3)6( 19.0)       excit   1    1  24  3348 39 36
C     37   2198.04    5(3)5( 16.0)-  1(5)6( 32.0)       excit   1    1  24     4  2 37
C     38   2340.77    4(3)7( 22.0)-  1(5)6( 32.0)       excit   1    1  24     3  1 38
C     39   2373.61   26(3)7( 22.0)- 11(3)6( 19.0)       excit   1    1  24  3347 37 39
C     40   2606.81   12(3)4( 13.0)-  3(5)3( 17.0)       excit   1    1  24   712 19 40
C     41   3055.77   14(5)2( 12.0)-  6(5)4( 22.0)       excit   1    1  24  1865 46 41
C     42   3208.62    3(5)3( 17.0)-  1(5)6( 32.0)       excit   1    1  24     2  3 42
C     43   3448.04    9(3)2(  7.0)-  3(5)3( 17.0)       excit   1    1  24   710 23 43
C     44   3962.75   11(3)6( 19.0)-  4(3)7( 22.0)       excit   1    1  24  1128 40 44
C     45   4077.80   10(3)9( 28.0)-  4(3)7( 22.0)       excit   1    1  24  1127 12 45
C     46   4452.16   11(3)6( 19.0)-  5(3)5( 16.0)       excit   1    1  24  1457 18 46
C     47   4701.24   12(3)4( 13.0)-  6(5)4( 22.0)       excit   1    1  24  1863 32 47
C     48   5851.38    6(5)4( 22.0)-  3(5)3( 17.0)       excit   1    1  24   707 20 48
C     49   5918.56    8(3)8( 25.0)-  4(3)7( 22.0)       excit   1    1  24  1126 11 49
C     50   6978.85    5(3)5( 16.0)-  3(5)3( 17.0)       excit   1    1  24   706 16 50
c-------------------------------------------------------------------------------
                                                                                
C  code     : adas810
C  producer : Adam Foster
C  date     : 15/05/09
                                                                                
c-------------------------------------------------------------------------------

C-----------------------------------------------------------------------
C                               OPEN-ADAS
C                               +++++++++
C
C This file has been downloaded from OPEN-ADAS (http://open.adas.ac.uk)
C on 26-Mar-2025.
C
C TERMS AND CONDITIONS
C --------------------
C
C The user of the OPEN-ADAS system and data (hereinafter "the User")
C accepts the following terms and conditions:
C
C   1. The University of Strathclyde uses all reasonable endeavours to
C      ensure the accuracy of the data provided and any information
C      given, but the University makes no warranty, expressed or implied
C      as to its accuracy, integrity, fitness for purpose and shall not
C      be responsible for the use to which the data is put by the User
C      and/or any consequences arising out of any inaccuracies or
C      omissions.
C
C   2. Any downloaded OPEN-ADAS file is made available for the
C      personal use of the User only.  It must not be used for any
C      commercial application, incorporated into any web site or in
C      any form re-distributed without express prior written permission
C      from the ADAS Project. In particular, but not by way of
C      limitation, it must not be:
C        *  inserted into a managed database structure,
C        *  redistributed along with a modelling or analysis code,
C        *  made available on a public website.
C
C Permission for OPEN-ADAS data incorporation in non-commercial
C code/system development for scientific advance will not be
C unreasonably withheld, but will be subject to written agreement
C on a case by case basis.
C
C The User will indemnify the University of Strathclyde and keep it
C fully and effectively indemnified against each and every claim made
C against the University as a result of the User's use of the data.
C
C-----------------------------------------------------------------------
