   50    /W :51 photon emissivity coefficients/
--------------------------------------------------------------------------------
    1    1    1    1    1    1    1    1    1    1    1    1    1    1
    1    1    1    1    1    1    1    1    1    1    1    1    1    1
    1    1    1    1    1    1    1    1    1    1    1    1    1    1
    1    1    1    1    1    1    1    1    1    1    1    1    1    1
    1    1    1    1    1    1    1    1    1    1    1    1    1    1
    1    1    1    1    1
--------------------------------------------------------------------------------
//#01/p00/ 00/p01/ 01/p02/ 02/p03/ 03/p04/ 04/p05/ 05/p06/ 06/p07/ 07/p08/ 08/  
      p09/ 09/p10/ 10/p11/ 11/p12/ 12/p13/ 13/p14/ 14/p15/ 15/p16/ 16/p17/ 17/  
      p18/ 18/p19/ 19/p20/ 20/p21/ 21/p22/ 22/p23/ 23/p24/ 24/p25/ 25/p26/ 26/  
      p27/ 27/p28/ 28/p29/ 29/p30/ 30/p31/ 31/p32/ 32/p33/ 33/p34/ 34/p35/ 35/  
      p36/ 36/p37/ 37/p38/ 38/p39/ 39/p40/ 40/p41/ 41/p42/ 42/p43/ 43/p44/ 44/  
      p45/ 45/p46/ 46/p47/ 47/p48/ 48/p49/ 49/p50/ 50/p51/ 51/p52/ 52/p53/ 53/  
      p54/ 54/p55/ 55/p56/ 56/p57/ 57/p58/ 58/p59/ 59/p60/ 60/p61/ 61/p62/ 62/  
      p63/ 63/p64/ 64/p65/ 65/p66/ 66/p67/ 67/p68/ 68/p69/ 69/p70/ 70/p71/ 71/  
      p72/ 72/p73/ 73/p74/ 74/                                                  
--------------------------------------------------------------------------------
  5.07956    7  14 /pl=01:ss=51:pb= 1:sz=51/type=excit/ispb = t/isel =    1
 1.00E+10 1.00E+11 1.00E+12 1.00E+13 1.00E+14 1.00E+15 1.00E+16
 4.66E+01 6.99E+01 1.17E+02 2.33E+02 4.66E+02 1.17E+03 2.33E+03 3.49E+03
 4.66E+03 6.99E+03 1.17E+04 2.33E+04 4.66E+04 6.99E+04
 8.34E-34 2.60E-26 2.35E-20 5.93E-16 8.03E-14 1.25E-12 2.78E-12 3.50E-12
 3.91E-12 4.30E-12 4.53E-12 4.53E-12 4.27E-12 4.03E-12
 8.34E-34 2.60E-26 2.35E-20 5.93E-16 8.03E-14 1.25E-12 2.78E-12 3.50E-12
 3.91E-12 4.30E-12 4.53E-12 4.53E-12 4.27E-12 4.03E-12
 8.34E-34 2.60E-26 2.35E-20 5.93E-16 8.03E-14 1.25E-12 2.78E-12 3.50E-12
 3.90E-12 4.29E-12 4.52E-12 4.53E-12 4.27E-12 4.03E-12
 8.34E-34 2.60E-26 2.35E-20 5.92E-16 8.01E-14 1.24E-12 2.77E-12 3.49E-12
 3.89E-12 4.28E-12 4.51E-12 4.52E-12 4.26E-12 4.02E-12
 8.34E-34 2.60E-26 2.34E-20 5.86E-16 7.82E-14 1.20E-12 2.66E-12 3.35E-12
 3.74E-12 4.13E-12 4.36E-12 4.39E-12 4.15E-12 3.93E-12
 8.29E-34 2.58E-26 2.28E-20 5.27E-16 6.31E-14 8.86E-13 1.92E-12 2.43E-12
 2.72E-12 3.04E-12 3.28E-12 3.42E-12 3.35E-12 3.24E-12
 7.92E-34 2.39E-26 1.85E-20 2.75E-16 2.38E-14 2.87E-13 6.05E-13 7.62E-13
 8.57E-13 9.67E-13 1.07E-12 1.17E-12 1.22E-12 1.23E-12
  5.18330    7  14 /pl=01:ss=51:pb= 1:sz=51/type=excit/ispb = t/isel =    2
 1.00E+10 1.00E+11 1.00E+12 1.00E+13 1.00E+14 1.00E+15 1.00E+16
 4.66E+01 6.99E+01 1.17E+02 2.33E+02 4.66E+02 1.17E+03 2.33E+03 3.49E+03
 4.66E+03 6.99E+03 1.17E+04 2.33E+04 4.66E+04 6.99E+04
 4.67E-33 1.03E-25 7.01E-20 1.43E-15 1.75E-13 2.55E-12 5.56E-12 6.98E-12
 7.75E-12 8.48E-12 8.93E-12 8.92E-12 8.35E-12 7.88E-12
 4.67E-33 1.03E-25 7.01E-20 1.43E-15 1.75E-13 2.55E-12 5.56E-12 6.98E-12
 7.75E-12 8.48E-12 8.93E-12 8.92E-12 8.35E-12 7.88E-12
 4.67E-33 1.03E-25 7.01E-20 1.43E-15 1.75E-13 2.55E-12 5.56E-12 6.98E-12
 7.74E-12 8.48E-12 8.93E-12 8.92E-12 8.35E-12 7.88E-12
 4.67E-33 1.03E-25 7.01E-20 1.43E-15 1.74E-13 2.54E-12 5.54E-12 6.96E-12
 7.72E-12 8.45E-12 8.90E-12 8.89E-12 8.33E-12 7.87E-12
 4.67E-33 1.03E-25 6.99E-20 1.42E-15 1.70E-13 2.46E-12 5.34E-12 6.70E-12
 7.44E-12 8.17E-12 8.63E-12 8.65E-12 8.14E-12 7.71E-12
 4.65E-33 1.02E-25 6.83E-20 1.28E-15 1.39E-13 1.83E-12 3.90E-12 4.90E-12
 5.47E-12 6.08E-12 6.56E-12 6.81E-12 6.63E-12 6.40E-12
 4.48E-33 9.51E-26 5.57E-20 6.56E-16 4.81E-14 5.20E-13 1.06E-12 1.34E-12
 1.51E-12 1.71E-12 1.92E-12 2.14E-12 2.27E-12 2.33E-12
  5.27054    7  14 /pl=01:ss=51:pb= 1:sz=51/type=excit/ispb = t/isel =    3
 1.00E+10 1.00E+11 1.00E+12 1.00E+13 1.00E+14 1.00E+15 1.00E+16
 4.66E+01 6.99E+01 1.17E+02 2.33E+02 4.66E+02 1.17E+03 2.33E+03 3.49E+03
 4.66E+03 6.99E+03 1.17E+04 2.33E+04 4.66E+04 6.99E+04
 1.81E-33 4.19E-26 2.98E-20 6.29E-16 7.79E-14 1.15E-12 2.51E-12 3.15E-12
 3.48E-12 3.83E-12 4.02E-12 4.02E-12 3.79E-12 3.57E-12
 1.81E-33 4.19E-26 2.98E-20 6.29E-16 7.79E-14 1.15E-12 2.51E-12 3.15E-12
 3.48E-12 3.83E-12 4.02E-12 4.02E-12 3.79E-12 3.57E-12
 1.81E-33 4.19E-26 2.98E-20 6.29E-16 7.79E-14 1.15E-12 2.51E-12 3.15E-12
 3.48E-12 3.83E-12 4.02E-12 4.02E-12 3.79E-12 3.57E-12
 1.81E-33 4.19E-26 2.98E-20 6.28E-16 7.78E-14 1.14E-12 2.50E-12 3.14E-12
 3.47E-12 3.82E-12 4.01E-12 4.01E-12 3.78E-12 3.56E-12
 1.80E-33 4.18E-26 2.98E-20 6.23E-16 7.62E-14 1.11E-12 2.42E-12 3.03E-12
 3.36E-12 3.70E-12 3.89E-12 3.91E-12 3.70E-12 3.50E-12
 1.80E-33 4.16E-26 2.92E-20 5.71E-16 6.39E-14 8.65E-13 1.85E-12 2.32E-12
 2.58E-12 2.88E-12 3.08E-12 3.17E-12 3.09E-12 2.97E-12
 1.74E-33 3.91E-26 2.47E-20 3.48E-16 3.04E-14 3.64E-13 7.59E-13 9.54E-13
 1.06E-12 1.19E-12 1.30E-12 1.39E-12 1.42E-12 1.41E-12
  21.0049    7  14 /pl=01:ss=51:pb= 1:sz=51/type=excit/ispb = t/isel =    4
 1.00E+10 1.00E+11 1.00E+12 1.00E+13 1.00E+14 1.00E+15 1.00E+16
 4.66E+01 6.99E+01 1.17E+02 2.33E+02 4.66E+02 1.17E+03 2.33E+03 3.49E+03
 4.66E+03 6.99E+03 1.17E+04 2.33E+04 4.66E+04 6.99E+04
 6.76E-18 9.91E-16 4.92E-14 8.00E-13 2.81E-12 5.03E-12 5.41E-12 5.27E-12
 5.07E-12 4.70E-12 4.19E-12 3.45E-12 2.78E-12 2.42E-12
 6.76E-18 9.91E-16 4.92E-14 8.00E-13 2.81E-12 5.03E-12 5.41E-12 5.27E-12
 5.07E-12 4.70E-12 4.19E-12 3.45E-12 2.78E-12 2.42E-12
 6.76E-18 9.91E-16 4.92E-14 8.00E-13 2.81E-12 5.03E-12 5.40E-12 5.27E-12
 5.07E-12 4.70E-12 4.18E-12 3.45E-12 2.77E-12 2.42E-12
 6.76E-18 9.91E-16 4.92E-14 7.99E-13 2.80E-12 5.01E-12 5.38E-12 5.25E-12
 5.05E-12 4.68E-12 4.17E-12 3.44E-12 2.77E-12 2.41E-12
 6.76E-18 9.90E-16 4.91E-14 7.91E-13 2.74E-12 4.84E-12 5.18E-12 5.05E-12
 4.86E-12 4.51E-12 4.04E-12 3.34E-12 2.70E-12 2.36E-12
 6.75E-18 9.85E-16 4.80E-14 7.15E-13 2.22E-12 3.60E-12 3.77E-12 3.68E-12
 3.56E-12 3.35E-12 3.06E-12 2.62E-12 2.19E-12 1.95E-12
 6.65E-18 9.39E-16 4.01E-14 3.93E-13 9.23E-13 1.33E-12 1.35E-12 1.32E-12
 1.27E-12 1.20E-12 1.11E-12 9.74E-13 8.54E-13 7.90E-13
  21.2837    7  14 /pl=01:ss=51:pb= 1:sz=51/type=excit/ispb = t/isel =    5
 1.00E+10 1.00E+11 1.00E+12 1.00E+13 1.00E+14 1.00E+15 1.00E+16
 4.66E+01 6.99E+01 1.17E+02 2.33E+02 4.66E+02 1.17E+03 2.33E+03 3.49E+03
 4.66E+03 6.99E+03 1.17E+04 2.33E+04 4.66E+04 6.99E+04
 1.01E-16 5.32E-15 1.16E-13 1.02E-12 2.62E-12 3.88E-12 3.93E-12 3.73E-12
 3.57E-12 3.29E-12 2.92E-12 2.41E-12 1.96E-12 1.73E-12
 1.01E-16 5.32E-15 1.16E-13 1.02E-12 2.62E-12 3.88E-12 3.93E-12 3.73E-12
 3.57E-12 3.29E-12 2.92E-12 2.41E-12 1.96E-12 1.73E-12
 1.01E-16 5.32E-15 1.16E-13 1.02E-12 2.62E-12 3.88E-12 3.93E-12 3.73E-12
 3.57E-12 3.29E-12 2.92E-12 2.41E-12 1.96E-12 1.73E-12
 1.01E-16 5.32E-15 1.16E-13 1.02E-12 2.61E-12 3.87E-12 3.91E-12 3.72E-12
 3.55E-12 3.28E-12 2.91E-12 2.41E-12 1.96E-12 1.72E-12
 1.01E-16 5.32E-15 1.16E-13 1.01E-12 2.55E-12 3.74E-12 3.77E-12 3.58E-12
 3.43E-12 3.17E-12 2.82E-12 2.34E-12 1.92E-12 1.69E-12
 1.00E-16 5.28E-15 1.14E-13 9.18E-13 2.10E-12 2.84E-12 2.80E-12 2.67E-12
 2.57E-12 2.40E-12 2.18E-12 1.86E-12 1.57E-12 1.41E-12
 9.66E-17 4.94E-15 9.44E-14 5.28E-13 9.47E-13 1.15E-12 1.12E-12 1.06E-12
 1.02E-12 9.57E-13 8.77E-13 7.70E-13 6.75E-13 6.24E-13
  22.1981    7  14 /pl=01:ss=51:pb= 1:sz=51/type=excit/ispb = t/isel =    6
 1.00E+10 1.00E+11 1.00E+12 1.00E+13 1.00E+14 1.00E+15 1.00E+16
 4.66E+01 6.99E+01 1.17E+02 2.33E+02 4.66E+02 1.17E+03 2.33E+03 3.49E+03
 4.66E+03 6.99E+03 1.17E+04 2.33E+04 4.66E+04 6.99E+04
 6.72E-17 4.09E-15 1.00E-13 9.59E-13 2.56E-12 3.86E-12 3.94E-12 3.77E-12
 3.61E-12 3.34E-12 2.98E-12 2.48E-12 2.02E-12 1.78E-12
 6.72E-17 4.10E-15 1.00E-13 9.59E-13 2.56E-12 3.86E-12 3.94E-12 3.77E-12
 3.61E-12 3.34E-12 2.98E-12 2.48E-12 2.02E-12 1.78E-12
 6.72E-17 4.10E-15 1.00E-13 9.59E-13 2.56E-12 3.86E-12 3.94E-12 3.78E-12
 3.61E-12 3.35E-12 2.98E-12 2.48E-12 2.02E-12 1.78E-12
 6.73E-17 4.10E-15 1.01E-13 9.62E-13 2.58E-12 3.89E-12 3.97E-12 3.81E-12
 3.64E-12 3.37E-12 3.00E-12 2.50E-12 2.03E-12 1.79E-12
 6.76E-17 4.12E-15 1.02E-13 9.91E-13 2.72E-12 4.18E-12 4.28E-12 4.10E-12
 3.92E-12 3.62E-12 3.20E-12 2.64E-12 2.13E-12 1.87E-12
 7.10E-17 4.34E-15 1.11E-13 1.23E-12 3.62E-12 5.70E-12 5.84E-12 5.58E-12
 5.32E-12 4.88E-12 4.28E-12 3.47E-12 2.75E-12 2.38E-12
 1.00E-16 6.16E-15 1.71E-13 1.71E-12 3.89E-12 5.14E-12 5.07E-12 4.83E-12
 4.63E-12 4.32E-12 3.90E-12 3.33E-12 2.80E-12 2.52E-12
  23.0662    7  14 /pl=01:ss=51:pb= 1:sz=51/type=excit/ispb = t/isel =    7
 1.00E+10 1.00E+11 1.00E+12 1.00E+13 1.00E+14 1.00E+15 1.00E+16
 4.66E+01 6.99E+01 1.17E+02 2.33E+02 4.66E+02 1.17E+03 2.33E+03 3.49E+03
 4.66E+03 6.99E+03 1.17E+04 2.33E+04 4.66E+04 6.99E+04
 8.45E-16 3.24E-14 5.49E-13 3.99E-12 9.38E-12 1.32E-11 1.31E-11 1.24E-11
 1.18E-11 1.08E-11 9.47E-12 7.73E-12 6.21E-12 5.42E-12
 8.45E-16 3.24E-14 5.49E-13 3.99E-12 9.38E-12 1.32E-11 1.31E-11 1.24E-11
 1.18E-11 1.08E-11 9.47E-12 7.73E-12 6.21E-12 5.42E-12
 8.45E-16 3.24E-14 5.49E-13 3.99E-12 9.38E-12 1.32E-11 1.31E-11 1.24E-11
 1.18E-11 1.08E-11 9.46E-12 7.72E-12 6.21E-12 5.42E-12
 8.45E-16 3.23E-14 5.49E-13 3.99E-12 9.36E-12 1.31E-11 1.31E-11 1.24E-11
 1.18E-11 1.08E-11 9.43E-12 7.70E-12 6.20E-12 5.41E-12
 8.44E-16 3.23E-14 5.48E-13 3.95E-12 9.16E-12 1.27E-11 1.26E-11 1.20E-11
 1.14E-11 1.04E-11 9.16E-12 7.51E-12 6.07E-12 5.30E-12
 8.41E-16 3.21E-14 5.36E-13 3.61E-12 7.64E-12 9.84E-12 9.57E-12 9.07E-12
 8.65E-12 8.02E-12 7.18E-12 6.06E-12 5.04E-12 4.48E-12
 8.15E-16 3.02E-14 4.52E-13 2.12E-12 3.38E-12 3.76E-12 3.55E-12 3.36E-12
 3.22E-12 3.02E-12 2.78E-12 2.45E-12 2.16E-12 2.00E-12
  23.1593    7  14 /pl=01:ss=51:pb= 1:sz=51/type=excit/ispb = t/isel =    8
 1.00E+10 1.00E+11 1.00E+12 1.00E+13 1.00E+14 1.00E+15 1.00E+16
 4.66E+01 6.99E+01 1.17E+02 2.33E+02 4.66E+02 1.17E+03 2.33E+03 3.49E+03
 4.66E+03 6.99E+03 1.17E+04 2.33E+04 4.66E+04 6.99E+04
 1.21E-16 6.41E-15 1.40E-13 1.23E-12 3.16E-12 4.68E-12 4.73E-12 4.50E-12
 4.30E-12 3.97E-12 3.52E-12 2.91E-12 2.37E-12 2.08E-12
 1.21E-16 6.41E-15 1.40E-13 1.23E-12 3.16E-12 4.68E-12 4.73E-12 4.50E-12
 4.30E-12 3.97E-12 3.52E-12 2.91E-12 2.37E-12 2.08E-12
 1.21E-16 6.41E-15 1.40E-13 1.23E-12 3.16E-12 4.68E-12 4.73E-12 4.50E-12
 4.30E-12 3.96E-12 3.52E-12 2.91E-12 2.37E-12 2.08E-12
 1.21E-16 6.41E-15 1.40E-13 1.23E-12 3.15E-12 4.66E-12 4.71E-12 4.48E-12
 4.28E-12 3.95E-12 3.51E-12 2.90E-12 2.36E-12 2.08E-12
 1.21E-16 6.41E-15 1.40E-13 1.22E-12 3.08E-12 4.51E-12 4.54E-12 4.32E-12
 4.13E-12 3.82E-12 3.40E-12 2.82E-12 2.31E-12 2.03E-12
 1.21E-16 6.36E-15 1.37E-13 1.11E-12 2.53E-12 3.42E-12 3.38E-12 3.22E-12
 3.09E-12 2.89E-12 2.62E-12 2.24E-12 1.89E-12 1.70E-12
 1.16E-16 5.95E-15 1.14E-13 6.36E-13 1.14E-12 1.39E-12 1.35E-12 1.28E-12
 1.23E-12 1.15E-12 1.06E-12 9.28E-13 8.14E-13 7.52E-13
  25.1256    7  14 /pl=01:ss=51:pb= 1:sz=51/type=excit/ispb = t/isel =    9
 1.00E+10 1.00E+11 1.00E+12 1.00E+13 1.00E+14 1.00E+15 1.00E+16
 4.66E+01 6.99E+01 1.17E+02 2.33E+02 4.66E+02 1.17E+03 2.33E+03 3.49E+03
 4.66E+03 6.99E+03 1.17E+04 2.33E+04 4.66E+04 6.99E+04
 5.63E-16 2.16E-14 3.66E-13 2.66E-12 6.25E-12 8.79E-12 8.75E-12 8.29E-12
 7.86E-12 7.20E-12 6.31E-12 5.15E-12 4.14E-12 3.61E-12
 5.63E-16 2.16E-14 3.66E-13 2.66E-12 6.25E-12 8.79E-12 8.75E-12 8.29E-12
 7.86E-12 7.20E-12 6.31E-12 5.15E-12 4.14E-12 3.61E-12
 5.63E-16 2.16E-14 3.66E-13 2.66E-12 6.25E-12 8.79E-12 8.75E-12 8.29E-12
 7.86E-12 7.20E-12 6.31E-12 5.15E-12 4.14E-12 3.61E-12
 5.63E-16 2.16E-14 3.66E-13 2.66E-12 6.24E-12 8.76E-12 8.72E-12 8.26E-12
 7.83E-12 7.17E-12 6.29E-12 5.14E-12 4.13E-12 3.60E-12
 5.63E-16 2.16E-14 3.65E-13 2.63E-12 6.11E-12 8.49E-12 8.43E-12 7.98E-12
 7.58E-12 6.95E-12 6.11E-12 5.01E-12 4.05E-12 3.54E-12
 5.61E-16 2.14E-14 3.58E-13 2.41E-12 5.09E-12 6.56E-12 6.38E-12 6.05E-12
 5.77E-12 5.35E-12 4.79E-12 4.04E-12 3.36E-12 2.99E-12
 5.43E-16 2.02E-14 3.01E-13 1.41E-12 2.25E-12 2.50E-12 2.36E-12 2.24E-12
 2.15E-12 2.02E-12 1.85E-12 1.64E-12 1.44E-12 1.33E-12
  25.1748    7  14 /pl=01:ss=51:pb= 1:sz=51/type=excit/ispb = t/isel =   10
 1.00E+10 1.00E+11 1.00E+12 1.00E+13 1.00E+14 1.00E+15 1.00E+16
 4.66E+01 6.99E+01 1.17E+02 2.33E+02 4.66E+02 1.17E+03 2.33E+03 3.49E+03
 4.66E+03 6.99E+03 1.17E+04 2.33E+04 4.66E+04 6.99E+04
 1.52E-17 1.65E-15 6.43E-14 8.73E-13 2.80E-12 4.77E-12 5.06E-12 4.89E-12
 4.69E-12 4.33E-12 3.83E-12 3.14E-12 2.52E-12 2.19E-12
 1.52E-17 1.65E-15 6.43E-14 8.73E-13 2.80E-12 4.77E-12 5.06E-12 4.89E-12
 4.69E-12 4.33E-12 3.83E-12 3.14E-12 2.52E-12 2.19E-12
 1.52E-17 1.65E-15 6.43E-14 8.73E-13 2.80E-12 4.77E-12 5.05E-12 4.89E-12
 4.69E-12 4.33E-12 3.82E-12 3.14E-12 2.52E-12 2.19E-12
 1.52E-17 1.65E-15 6.43E-14 8.72E-13 2.80E-12 4.75E-12 5.04E-12 4.87E-12
 4.67E-12 4.31E-12 3.81E-12 3.13E-12 2.51E-12 2.19E-12
 1.52E-17 1.65E-15 6.42E-14 8.65E-13 2.74E-12 4.61E-12 4.87E-12 4.71E-12
 4.52E-12 4.18E-12 3.71E-12 3.06E-12 2.46E-12 2.15E-12
 1.52E-17 1.64E-15 6.34E-14 8.03E-13 2.34E-12 3.65E-12 3.78E-12 3.66E-12
 3.52E-12 3.28E-12 2.95E-12 2.50E-12 2.07E-12 1.83E-12
 1.51E-17 1.61E-15 5.77E-14 5.82E-13 1.50E-12 2.25E-12 2.27E-12 2.17E-12
 2.06E-12 1.90E-12 1.68E-12 1.40E-12 1.16E-12 1.03E-12
  25.2653    7  14 /pl=01:ss=51:pb= 1:sz=51/type=excit/ispb = t/isel =   11
 1.00E+10 1.00E+11 1.00E+12 1.00E+13 1.00E+14 1.00E+15 1.00E+16
 4.66E+01 6.99E+01 1.17E+02 2.33E+02 4.66E+02 1.17E+03 2.33E+03 3.49E+03
 4.66E+03 6.99E+03 1.17E+04 2.33E+04 4.66E+04 6.99E+04
 3.05E-15 1.17E-13 1.98E-12 1.44E-11 3.39E-11 4.76E-11 4.74E-11 4.49E-11
 4.26E-11 3.90E-11 3.42E-11 2.79E-11 2.24E-11 1.96E-11
 3.05E-15 1.17E-13 1.98E-12 1.44E-11 3.39E-11 4.76E-11 4.74E-11 4.49E-11
 4.26E-11 3.90E-11 3.42E-11 2.79E-11 2.24E-11 1.96E-11
 3.05E-15 1.17E-13 1.98E-12 1.44E-11 3.39E-11 4.76E-11 4.74E-11 4.49E-11
 4.26E-11 3.90E-11 3.42E-11 2.79E-11 2.24E-11 1.96E-11
 3.05E-15 1.17E-13 1.98E-12 1.44E-11 3.38E-11 4.75E-11 4.72E-11 4.47E-11
 4.24E-11 3.89E-11 3.41E-11 2.78E-11 2.24E-11 1.95E-11
 3.05E-15 1.17E-13 1.98E-12 1.43E-11 3.31E-11 4.60E-11 4.56E-11 4.32E-11
 4.10E-11 3.76E-11 3.31E-11 2.71E-11 2.19E-11 1.92E-11
 3.04E-15 1.16E-13 1.94E-12 1.30E-11 2.76E-11 3.55E-11 3.46E-11 3.28E-11
 3.12E-11 2.90E-11 2.59E-11 2.19E-11 1.82E-11 1.62E-11
 2.94E-15 1.09E-13 1.63E-12 7.65E-12 1.22E-11 1.36E-11 1.28E-11 1.21E-11
 1.16E-11 1.09E-11 1.00E-11 8.86E-12 7.81E-12 7.22E-12
  25.5108    7  14 /pl=01:ss=51:pb= 1:sz=51/type=excit/ispb = t/isel =   12
 1.00E+10 1.00E+11 1.00E+12 1.00E+13 1.00E+14 1.00E+15 1.00E+16
 4.66E+01 6.99E+01 1.17E+02 2.33E+02 4.66E+02 1.17E+03 2.33E+03 3.49E+03
 4.66E+03 6.99E+03 1.17E+04 2.33E+04 4.66E+04 6.99E+04
 6.65E-17 4.38E-15 1.14E-13 1.15E-12 3.20E-12 4.97E-12 5.11E-12 4.89E-12
 4.67E-12 4.28E-12 3.76E-12 3.08E-12 2.47E-12 2.15E-12
 6.65E-17 4.38E-15 1.14E-13 1.15E-12 3.20E-12 4.97E-12 5.11E-12 4.89E-12
 4.67E-12 4.28E-12 3.76E-12 3.08E-12 2.47E-12 2.15E-12
 6.65E-17 4.38E-15 1.14E-13 1.15E-12 3.20E-12 4.97E-12 5.11E-12 4.89E-12
 4.67E-12 4.28E-12 3.77E-12 3.08E-12 2.47E-12 2.15E-12
 6.65E-17 4.38E-15 1.14E-13 1.16E-12 3.20E-12 4.98E-12 5.12E-12 4.90E-12
 4.67E-12 4.29E-12 3.77E-12 3.08E-12 2.47E-12 2.15E-12
 6.67E-17 4.39E-15 1.15E-13 1.16E-12 3.23E-12 5.03E-12 5.18E-12 4.95E-12
 4.72E-12 4.33E-12 3.81E-12 3.11E-12 2.49E-12 2.17E-12
 6.82E-17 4.49E-15 1.18E-13 1.22E-12 3.33E-12 5.04E-12 5.13E-12 4.90E-12
 4.68E-12 4.31E-12 3.81E-12 3.14E-12 2.53E-12 2.21E-12
 8.01E-17 5.20E-15 1.36E-13 1.25E-12 3.08E-12 4.42E-12 4.41E-12 4.19E-12
 3.97E-12 3.64E-12 3.20E-12 2.63E-12 2.12E-12 1.86E-12
  26.4056    7  14 /pl=01:ss=51:pb= 1:sz=51/type=excit/ispb = t/isel =   13
 1.00E+10 1.00E+11 1.00E+12 1.00E+13 1.00E+14 1.00E+15 1.00E+16
 4.66E+01 6.99E+01 1.17E+02 2.33E+02 4.66E+02 1.17E+03 2.33E+03 3.49E+03
 4.66E+03 6.99E+03 1.17E+04 2.33E+04 4.66E+04 6.99E+04
 1.00E-16 5.30E-15 1.16E-13 1.02E-12 2.61E-12 3.87E-12 3.91E-12 3.72E-12
 3.56E-12 3.28E-12 2.91E-12 2.40E-12 1.96E-12 1.72E-12
 1.00E-16 5.30E-15 1.16E-13 1.02E-12 2.61E-12 3.87E-12 3.91E-12 3.72E-12
 3.56E-12 3.28E-12 2.91E-12 2.40E-12 1.96E-12 1.72E-12
 1.00E-16 5.30E-15 1.16E-13 1.02E-12 2.61E-12 3.87E-12 3.91E-12 3.72E-12
 3.55E-12 3.28E-12 2.91E-12 2.40E-12 1.96E-12 1.72E-12
 1.00E-16 5.30E-15 1.16E-13 1.02E-12 2.60E-12 3.85E-12 3.90E-12 3.70E-12
 3.54E-12 3.27E-12 2.90E-12 2.40E-12 1.95E-12 1.72E-12
 1.00E-16 5.30E-15 1.16E-13 1.01E-12 2.55E-12 3.73E-12 3.76E-12 3.57E-12
 3.42E-12 3.16E-12 2.81E-12 2.33E-12 1.91E-12 1.68E-12
 9.99E-17 5.26E-15 1.13E-13 9.15E-13 2.09E-12 2.83E-12 2.79E-12 2.66E-12
 2.56E-12 2.39E-12 2.17E-12 1.86E-12 1.57E-12 1.41E-12
 9.62E-17 4.92E-15 9.40E-14 5.26E-13 9.43E-13 1.15E-12 1.11E-12 1.06E-12
 1.02E-12 9.53E-13 8.74E-13 7.67E-13 6.73E-13 6.22E-13
  27.8564    7  14 /pl=01:ss=51:pb= 1:sz=51/type=excit/ispb = t/isel =   14
 1.00E+10 1.00E+11 1.00E+12 1.00E+13 1.00E+14 1.00E+15 1.00E+16
 4.66E+01 6.99E+01 1.17E+02 2.33E+02 4.66E+02 1.17E+03 2.33E+03 3.49E+03
 4.66E+03 6.99E+03 1.17E+04 2.33E+04 4.66E+04 6.99E+04
 8.71E-15 1.72E-13 1.72E-12 8.43E-12 1.63E-11 2.03E-11 1.95E-11 1.82E-11
 1.71E-11 1.55E-11 1.36E-11 1.10E-11 8.80E-12 7.67E-12
 8.71E-15 1.72E-13 1.72E-12 8.43E-12 1.63E-11 2.03E-11 1.95E-11 1.82E-11
 1.71E-11 1.55E-11 1.36E-11 1.10E-11 8.80E-12 7.67E-12
 8.71E-15 1.72E-13 1.72E-12 8.43E-12 1.63E-11 2.03E-11 1.94E-11 1.81E-11
 1.71E-11 1.55E-11 1.35E-11 1.10E-11 8.80E-12 7.67E-12
 8.71E-15 1.72E-13 1.72E-12 8.42E-12 1.62E-11 2.02E-11 1.94E-11 1.81E-11
 1.71E-11 1.55E-11 1.35E-11 1.10E-11 8.77E-12 7.65E-12
 8.71E-15 1.72E-13 1.71E-12 8.32E-12 1.58E-11 1.95E-11 1.86E-11 1.73E-11
 1.64E-11 1.49E-11 1.30E-11 1.06E-11 8.55E-12 7.48E-12
 8.65E-15 1.70E-13 1.67E-12 7.44E-12 1.26E-11 1.41E-11 1.31E-11 1.23E-11
 1.17E-11 1.08E-11 9.64E-12 8.16E-12 6.81E-12 6.08E-12
 8.19E-15 1.56E-13 1.32E-12 3.63E-12 4.21E-12 3.93E-12 3.52E-12 3.28E-12
 3.14E-12 2.93E-12 2.70E-12 2.43E-12 2.20E-12 2.07E-12
  28.3781    7  14 /pl=01:ss=51:pb= 1:sz=51/type=excit/ispb = t/isel =   15
 1.00E+10 1.00E+11 1.00E+12 1.00E+13 1.00E+14 1.00E+15 1.00E+16
 4.66E+01 6.99E+01 1.17E+02 2.33E+02 4.66E+02 1.17E+03 2.33E+03 3.49E+03
 4.66E+03 6.99E+03 1.17E+04 2.33E+04 4.66E+04 6.99E+04
 1.60E-15 6.11E-14 1.04E-12 7.54E-12 1.77E-11 2.49E-11 2.48E-11 2.35E-11
 2.23E-11 2.04E-11 1.79E-11 1.46E-11 1.17E-11 1.02E-11
 1.60E-15 6.11E-14 1.04E-12 7.54E-12 1.77E-11 2.49E-11 2.48E-11 2.35E-11
 2.23E-11 2.04E-11 1.79E-11 1.46E-11 1.17E-11 1.02E-11
 1.60E-15 6.11E-14 1.04E-12 7.53E-12 1.77E-11 2.49E-11 2.48E-11 2.35E-11
 2.23E-11 2.04E-11 1.79E-11 1.46E-11 1.17E-11 1.02E-11
 1.60E-15 6.11E-14 1.04E-12 7.53E-12 1.77E-11 2.48E-11 2.47E-11 2.34E-11
 2.22E-11 2.03E-11 1.78E-11 1.46E-11 1.17E-11 1.02E-11
 1.59E-15 6.11E-14 1.03E-12 7.46E-12 1.73E-11 2.41E-11 2.39E-11 2.26E-11
 2.15E-11 1.97E-11 1.73E-11 1.42E-11 1.15E-11 1.00E-11
 1.59E-15 6.06E-14 1.01E-12 6.82E-12 1.44E-11 1.86E-11 1.81E-11 1.71E-11
 1.63E-11 1.51E-11 1.36E-11 1.14E-11 9.53E-12 8.47E-12
 1.54E-15 5.71E-14 8.53E-13 4.00E-12 6.38E-12 7.10E-12 6.70E-12 6.35E-12
 6.09E-12 5.71E-12 5.25E-12 4.63E-12 4.09E-12 3.78E-12
  29.5735    7  14 /pl=01:ss=51:pb= 1:sz=51/type=excit/ispb = t/isel =   16
 1.00E+10 1.00E+11 1.00E+12 1.00E+13 1.00E+14 1.00E+15 1.00E+16
 4.66E+01 6.99E+01 1.17E+02 2.33E+02 4.66E+02 1.17E+03 2.33E+03 3.49E+03
 4.66E+03 6.99E+03 1.17E+04 2.33E+04 4.66E+04 6.99E+04
 4.46E-16 1.81E-14 3.23E-13 2.43E-12 5.82E-12 8.32E-12 8.30E-12 7.86E-12
 7.47E-12 6.84E-12 5.99E-12 4.91E-12 3.94E-12 3.44E-12
 4.46E-16 1.81E-14 3.23E-13 2.43E-12 5.82E-12 8.32E-12 8.30E-12 7.86E-12
 7.47E-12 6.84E-12 5.99E-12 4.91E-12 3.94E-12 3.44E-12
 4.46E-16 1.81E-14 3.23E-13 2.43E-12 5.82E-12 8.32E-12 8.30E-12 7.86E-12
 7.47E-12 6.84E-12 5.99E-12 4.91E-12 3.94E-12 3.44E-12
 4.46E-16 1.81E-14 3.23E-13 2.43E-12 5.80E-12 8.30E-12 8.27E-12 7.83E-12
 7.44E-12 6.81E-12 5.97E-12 4.90E-12 3.93E-12 3.43E-12
 4.46E-16 1.81E-14 3.23E-13 2.41E-12 5.69E-12 8.05E-12 8.00E-12 7.58E-12
 7.21E-12 6.61E-12 5.81E-12 4.78E-12 3.85E-12 3.37E-12
 4.45E-16 1.80E-14 3.17E-13 2.23E-12 4.84E-12 6.38E-12 6.21E-12 5.88E-12
 5.61E-12 5.18E-12 4.62E-12 3.90E-12 3.22E-12 2.87E-12
 4.34E-16 1.72E-14 2.79E-13 1.57E-12 3.08E-12 3.93E-12 3.78E-12 3.54E-12
 3.34E-12 3.05E-12 2.68E-12 2.21E-12 1.82E-12 1.62E-12
  29.7917    7  14 /pl=01:ss=51:pb= 1:sz=51/type=excit/ispb = t/isel =   17
 1.00E+10 1.00E+11 1.00E+12 1.00E+13 1.00E+14 1.00E+15 1.00E+16
 4.66E+01 6.99E+01 1.17E+02 2.33E+02 4.66E+02 1.17E+03 2.33E+03 3.49E+03
 4.66E+03 6.99E+03 1.17E+04 2.33E+04 4.66E+04 6.99E+04
 2.99E-15 4.81E-14 4.07E-13 1.76E-12 3.18E-12 3.83E-12 3.61E-12 3.37E-12
 3.17E-12 2.87E-12 2.50E-12 2.03E-12 1.63E-12 1.42E-12
 2.99E-15 4.81E-14 4.07E-13 1.76E-12 3.18E-12 3.83E-12 3.61E-12 3.37E-12
 3.17E-12 2.87E-12 2.50E-12 2.03E-12 1.63E-12 1.42E-12
 2.99E-15 4.81E-14 4.07E-13 1.76E-12 3.18E-12 3.82E-12 3.61E-12 3.37E-12
 3.17E-12 2.87E-12 2.50E-12 2.03E-12 1.63E-12 1.42E-12
 2.99E-15 4.81E-14 4.07E-13 1.76E-12 3.18E-12 3.82E-12 3.60E-12 3.36E-12
 3.16E-12 2.86E-12 2.50E-12 2.03E-12 1.63E-12 1.42E-12
 2.99E-15 4.81E-14 4.06E-13 1.74E-12 3.12E-12 3.72E-12 3.50E-12 3.27E-12
 3.08E-12 2.79E-12 2.44E-12 1.99E-12 1.60E-12 1.40E-12
 2.99E-15 4.80E-14 4.01E-13 1.63E-12 2.71E-12 3.03E-12 2.80E-12 2.62E-12
 2.48E-12 2.27E-12 2.01E-12 1.68E-12 1.38E-12 1.23E-12
 3.00E-15 4.70E-14 3.60E-13 1.08E-12 1.42E-12 1.41E-12 1.27E-12 1.18E-12
 1.12E-12 1.03E-12 9.31E-13 8.04E-13 6.92E-13 6.32E-13
  31.3469    7  14 /pl=01:ss=51:pb= 1:sz=51/type=excit/ispb = t/isel =   18
 1.00E+10 1.00E+11 1.00E+12 1.00E+13 1.00E+14 1.00E+15 1.00E+16
 4.66E+01 6.99E+01 1.17E+02 2.33E+02 4.66E+02 1.17E+03 2.33E+03 3.49E+03
 4.66E+03 6.99E+03 1.17E+04 2.33E+04 4.66E+04 6.99E+04
 4.98E-16 1.72E-14 2.67E-13 1.83E-12 4.16E-12 5.75E-12 5.71E-12 5.37E-12
 5.08E-12 4.66E-12 4.08E-12 3.32E-12 2.65E-12 2.31E-12
 4.98E-16 1.72E-14 2.67E-13 1.83E-12 4.16E-12 5.75E-12 5.71E-12 5.37E-12
 5.08E-12 4.66E-12 4.08E-12 3.32E-12 2.65E-12 2.31E-12
 4.98E-16 1.72E-14 2.67E-13 1.83E-12 4.15E-12 5.75E-12 5.71E-12 5.37E-12
 5.08E-12 4.66E-12 4.08E-12 3.32E-12 2.65E-12 2.31E-12
 4.98E-16 1.72E-14 2.67E-13 1.82E-12 4.15E-12 5.74E-12 5.69E-12 5.36E-12
 5.06E-12 4.65E-12 4.07E-12 3.32E-12 2.64E-12 2.31E-12
 4.98E-16 1.71E-14 2.67E-13 1.81E-12 4.08E-12 5.59E-12 5.54E-12 5.21E-12
 4.93E-12 4.53E-12 3.97E-12 3.25E-12 2.60E-12 2.27E-12
 4.97E-16 1.71E-14 2.63E-13 1.70E-12 3.54E-12 4.56E-12 4.44E-12 4.18E-12
 3.97E-12 3.68E-12 3.27E-12 2.74E-12 2.24E-12 1.99E-12
 4.93E-16 1.66E-14 2.35E-13 1.16E-12 1.98E-12 2.31E-12 2.20E-12 2.07E-12
 1.96E-12 1.82E-12 1.64E-12 1.41E-12 1.20E-12 1.09E-12
  31.4977    7  14 /pl=01:ss=51:pb= 1:sz=51/type=excit/ispb = t/isel =   19
 1.00E+10 1.00E+11 1.00E+12 1.00E+13 1.00E+14 1.00E+15 1.00E+16
 4.66E+01 6.99E+01 1.17E+02 2.33E+02 4.66E+02 1.17E+03 2.33E+03 3.49E+03
 4.66E+03 6.99E+03 1.17E+04 2.33E+04 4.66E+04 6.99E+04
 6.79E-14 9.29E-13 6.91E-12 2.71E-11 4.67E-11 5.47E-11 5.11E-11 4.75E-11
 4.45E-11 4.04E-11 3.51E-11 2.85E-11 2.28E-11 1.99E-11
 6.79E-14 9.29E-13 6.91E-12 2.71E-11 4.67E-11 5.47E-11 5.11E-11 4.75E-11
 4.45E-11 4.04E-11 3.51E-11 2.85E-11 2.28E-11 1.99E-11
 6.79E-14 9.29E-13 6.91E-12 2.71E-11 4.67E-11 5.47E-11 5.11E-11 4.74E-11
 4.45E-11 4.03E-11 3.51E-11 2.85E-11 2.28E-11 1.98E-11
 6.79E-14 9.29E-13 6.91E-12 2.70E-11 4.66E-11 5.45E-11 5.09E-11 4.72E-11
 4.43E-11 4.02E-11 3.50E-11 2.84E-11 2.27E-11 1.98E-11
 6.78E-14 9.28E-13 6.89E-12 2.67E-11 4.54E-11 5.25E-11 4.89E-11 4.54E-11
 4.26E-11 3.87E-11 3.38E-11 2.76E-11 2.21E-11 1.94E-11
 6.74E-14 9.19E-13 6.71E-12 2.39E-11 3.62E-11 3.81E-11 3.47E-11 3.22E-11
 3.05E-11 2.81E-11 2.51E-11 2.12E-11 1.77E-11 1.58E-11
 6.40E-14 8.43E-13 5.31E-12 1.14E-11 1.12E-11 9.44E-12 8.23E-12 7.68E-12
 7.34E-12 6.93E-12 6.48E-12 5.95E-12 5.47E-12 5.21E-12
  35.4673    7  14 /pl=01:ss=51:pb= 1:sz=51/type=excit/ispb = t/isel =   20
 1.00E+10 1.00E+11 1.00E+12 1.00E+13 1.00E+14 1.00E+15 1.00E+16
 4.66E+01 6.99E+01 1.17E+02 2.33E+02 4.66E+02 1.17E+03 2.33E+03 3.49E+03
 4.66E+03 6.99E+03 1.17E+04 2.33E+04 4.66E+04 6.99E+04
 5.50E-15 7.52E-14 5.60E-13 2.19E-12 3.79E-12 4.43E-12 4.14E-12 3.84E-12
 3.61E-12 3.27E-12 2.84E-12 2.31E-12 1.85E-12 1.61E-12
 5.50E-15 7.52E-14 5.60E-13 2.19E-12 3.79E-12 4.43E-12 4.14E-12 3.84E-12
 3.61E-12 3.27E-12 2.84E-12 2.31E-12 1.85E-12 1.61E-12
 5.50E-15 7.52E-14 5.60E-13 2.19E-12 3.78E-12 4.43E-12 4.14E-12 3.84E-12
 3.61E-12 3.27E-12 2.84E-12 2.31E-12 1.84E-12 1.61E-12
 5.50E-15 7.52E-14 5.60E-13 2.19E-12 3.77E-12 4.41E-12 4.12E-12 3.83E-12
 3.59E-12 3.26E-12 2.83E-12 2.30E-12 1.84E-12 1.60E-12
 5.49E-15 7.51E-14 5.58E-13 2.17E-12 3.68E-12 4.25E-12 3.96E-12 3.68E-12
 3.45E-12 3.14E-12 2.74E-12 2.23E-12 1.79E-12 1.57E-12
 5.46E-15 7.44E-14 5.43E-13 1.94E-12 2.94E-12 3.09E-12 2.81E-12 2.61E-12
 2.47E-12 2.27E-12 2.03E-12 1.72E-12 1.43E-12 1.28E-12
 5.18E-15 6.83E-14 4.30E-13 9.20E-13 9.11E-13 7.65E-13 6.67E-13 6.22E-13
 5.94E-13 5.61E-13 5.25E-13 4.82E-13 4.43E-13 4.22E-13
  41.4681    7  14 /pl=01:ss=51:pb= 1:sz=51/type=excit/ispb = t/isel =   21
 1.00E+10 1.00E+11 1.00E+12 1.00E+13 1.00E+14 1.00E+15 1.00E+16
 4.66E+01 6.99E+01 1.17E+02 2.33E+02 4.66E+02 1.17E+03 2.33E+03 3.49E+03
 4.66E+03 6.99E+03 1.17E+04 2.33E+04 4.66E+04 6.99E+04
 3.95E-15 7.81E-14 7.79E-13 3.83E-12 7.38E-12 9.22E-12 8.82E-12 8.23E-12
 7.77E-12 7.05E-12 6.15E-12 4.99E-12 3.99E-12 3.48E-12
 3.95E-15 7.81E-14 7.79E-13 3.83E-12 7.38E-12 9.22E-12 8.82E-12 8.23E-12
 7.77E-12 7.05E-12 6.15E-12 4.99E-12 3.99E-12 3.48E-12
 3.95E-15 7.81E-14 7.79E-13 3.83E-12 7.37E-12 9.22E-12 8.82E-12 8.23E-12
 7.77E-12 7.05E-12 6.15E-12 4.99E-12 3.99E-12 3.48E-12
 3.95E-15 7.81E-14 7.78E-13 3.82E-12 7.36E-12 9.18E-12 8.78E-12 8.20E-12
 7.73E-12 7.02E-12 6.12E-12 4.98E-12 3.98E-12 3.47E-12
 3.95E-15 7.81E-14 7.76E-13 3.78E-12 7.17E-12 8.84E-12 8.43E-12 7.87E-12
 7.43E-12 6.75E-12 5.91E-12 4.83E-12 3.88E-12 3.39E-12
 3.92E-15 7.73E-14 7.55E-13 3.38E-12 5.71E-12 6.41E-12 5.96E-12 5.57E-12
 5.30E-12 4.88E-12 4.37E-12 3.70E-12 3.09E-12 2.76E-12
 3.71E-15 7.09E-14 6.00E-13 1.65E-12 1.91E-12 1.78E-12 1.60E-12 1.49E-12
 1.42E-12 1.33E-12 1.23E-12 1.10E-12 9.96E-13 9.39E-13
  48.6374    7  14 /pl=01:ss=51:pb= 1:sz=51/type=excit/ispb = t/isel =   22
 1.00E+10 1.00E+11 1.00E+12 1.00E+13 1.00E+14 1.00E+15 1.00E+16
 4.66E+01 6.99E+01 1.17E+02 2.33E+02 4.66E+02 1.17E+03 2.33E+03 3.49E+03
 4.66E+03 6.99E+03 1.17E+04 2.33E+04 4.66E+04 6.99E+04
 7.74E-15 1.53E-13 1.53E-12 7.50E-12 1.45E-11 1.81E-11 1.73E-11 1.61E-11
 1.52E-11 1.38E-11 1.20E-11 9.78E-12 7.82E-12 6.81E-12
 7.74E-15 1.53E-13 1.53E-12 7.50E-12 1.45E-11 1.81E-11 1.73E-11 1.61E-11
 1.52E-11 1.38E-11 1.20E-11 9.78E-12 7.82E-12 6.81E-12
 7.74E-15 1.53E-13 1.53E-12 7.49E-12 1.44E-11 1.81E-11 1.73E-11 1.61E-11
 1.52E-11 1.38E-11 1.20E-11 9.78E-12 7.82E-12 6.81E-12
 7.74E-15 1.53E-13 1.52E-12 7.49E-12 1.44E-11 1.80E-11 1.72E-11 1.61E-11
 1.52E-11 1.37E-11 1.20E-11 9.75E-12 7.80E-12 6.80E-12
 7.74E-15 1.53E-13 1.52E-12 7.40E-12 1.40E-11 1.73E-11 1.65E-11 1.54E-11
 1.46E-11 1.32E-11 1.16E-11 9.46E-12 7.60E-12 6.64E-12
 7.69E-15 1.51E-13 1.48E-12 6.61E-12 1.12E-11 1.26E-11 1.17E-11 1.09E-11
 1.04E-11 9.57E-12 8.57E-12 7.25E-12 6.05E-12 5.41E-12
 7.27E-15 1.39E-13 1.18E-12 3.23E-12 3.74E-12 3.49E-12 3.13E-12 2.92E-12
 2.79E-12 2.60E-12 2.40E-12 2.16E-12 1.95E-12 1.84E-12
  111.199    7  14 /pl=01:ss=51:pb= 1:sz=51/type=excit/ispb = t/isel =   23
 1.00E+10 1.00E+11 1.00E+12 1.00E+13 1.00E+14 1.00E+15 1.00E+16
 4.66E+01 6.99E+01 1.17E+02 2.33E+02 4.66E+02 1.17E+03 2.33E+03 3.49E+03
 4.66E+03 6.99E+03 1.17E+04 2.33E+04 4.66E+04 6.99E+04
 3.78E-14 9.44E-14 3.30E-13 1.38E-12 2.97E-12 4.55E-12 5.06E-12 5.08E-12
 4.99E-12 4.77E-12 4.40E-12 3.80E-12 3.20E-12 2.86E-12
 3.78E-14 9.44E-14 3.30E-13 1.38E-12 2.97E-12 4.55E-12 5.06E-12 5.08E-12
 4.99E-12 4.77E-12 4.40E-12 3.80E-12 3.20E-12 2.86E-12
 3.78E-14 9.44E-14 3.30E-13 1.38E-12 2.97E-12 4.55E-12 5.06E-12 5.07E-12
 4.99E-12 4.77E-12 4.40E-12 3.80E-12 3.20E-12 2.86E-12
 3.78E-14 9.44E-14 3.30E-13 1.38E-12 2.97E-12 4.55E-12 5.05E-12 5.07E-12
 4.99E-12 4.76E-12 4.39E-12 3.80E-12 3.19E-12 2.86E-12
 3.78E-14 9.44E-14 3.30E-13 1.37E-12 2.95E-12 4.50E-12 4.98E-12 5.00E-12
 4.92E-12 4.70E-12 4.33E-12 3.75E-12 3.16E-12 2.83E-12
 3.80E-14 9.47E-14 3.29E-13 1.34E-12 2.77E-12 4.02E-12 4.36E-12 4.36E-12
 4.29E-12 4.11E-12 3.83E-12 3.36E-12 2.88E-12 2.60E-12
 3.92E-14 9.54E-14 3.08E-13 9.98E-13 1.61E-12 1.94E-12 1.99E-12 1.98E-12
 1.96E-12 1.91E-12 1.83E-12 1.69E-12 1.54E-12 1.45E-12
  122.168    7  14 /pl=01:ss=51:pb= 1:sz=51/type=excit/ispb = t/isel =   24
 1.00E+10 1.00E+11 1.00E+12 1.00E+13 1.00E+14 1.00E+15 1.00E+16
 4.66E+01 6.99E+01 1.17E+02 2.33E+02 4.66E+02 1.17E+03 2.33E+03 3.49E+03
 4.66E+03 6.99E+03 1.17E+04 2.33E+04 4.66E+04 6.99E+04
 9.05E-15 8.36E-14 7.24E-13 3.75E-12 7.84E-12 1.09E-11 1.13E-11 1.10E-11
 1.06E-11 9.94E-12 8.96E-12 7.58E-12 6.27E-12 5.56E-12
 9.05E-15 8.36E-14 7.24E-13 3.75E-12 7.84E-12 1.09E-11 1.13E-11 1.10E-11
 1.06E-11 9.94E-12 8.96E-12 7.58E-12 6.27E-12 5.56E-12
 9.05E-15 8.36E-14 7.24E-13 3.75E-12 7.84E-12 1.09E-11 1.13E-11 1.10E-11
 1.06E-11 9.94E-12 8.96E-12 7.58E-12 6.27E-12 5.56E-12
 9.05E-15 8.36E-14 7.24E-13 3.75E-12 7.84E-12 1.09E-11 1.13E-11 1.10E-11
 1.06E-11 9.94E-12 8.96E-12 7.58E-12 6.27E-12 5.56E-12
 9.05E-15 8.35E-14 7.23E-13 3.74E-12 7.81E-12 1.09E-11 1.13E-11 1.10E-11
 1.06E-11 9.91E-12 8.94E-12 7.56E-12 6.26E-12 5.55E-12
 9.05E-15 8.31E-14 7.13E-13 3.61E-12 7.38E-12 1.01E-11 1.05E-11 1.02E-11
 9.86E-12 9.27E-12 8.41E-12 7.19E-12 6.00E-12 5.35E-12
 9.09E-15 7.94E-14 6.28E-13 2.60E-12 4.75E-12 6.28E-12 6.50E-12 6.38E-12
 6.22E-12 5.92E-12 5.47E-12 4.82E-12 4.16E-12 3.79E-12
  149.390    7  14 /pl=01:ss=51:pb= 1:sz=51/type=excit/ispb = t/isel =   25
 1.00E+10 1.00E+11 1.00E+12 1.00E+13 1.00E+14 1.00E+15 1.00E+16
 4.66E+01 6.99E+01 1.17E+02 2.33E+02 4.66E+02 1.17E+03 2.33E+03 3.49E+03
 4.66E+03 6.99E+03 1.17E+04 2.33E+04 4.66E+04 6.99E+04
 1.24E-15 1.24E-14 1.70E-13 1.24E-12 3.02E-12 4.60E-12 4.92E-12 4.82E-12
 4.67E-12 4.39E-12 3.96E-12 3.34E-12 2.74E-12 2.43E-12
 1.24E-15 1.24E-14 1.70E-13 1.24E-12 3.02E-12 4.60E-12 4.92E-12 4.82E-12
 4.67E-12 4.39E-12 3.96E-12 3.34E-12 2.74E-12 2.43E-12
 1.24E-15 1.24E-14 1.70E-13 1.24E-12 3.02E-12 4.60E-12 4.92E-12 4.82E-12
 4.67E-12 4.39E-12 3.96E-12 3.34E-12 2.74E-12 2.43E-12
 1.25E-15 1.24E-14 1.70E-13 1.24E-12 3.02E-12 4.60E-12 4.92E-12 4.82E-12
 4.67E-12 4.39E-12 3.96E-12 3.34E-12 2.74E-12 2.43E-12
 1.28E-15 1.25E-14 1.70E-13 1.25E-12 3.02E-12 4.60E-12 4.91E-12 4.81E-12
 4.67E-12 4.39E-12 3.96E-12 3.34E-12 2.75E-12 2.43E-12
 1.58E-15 1.34E-14 1.74E-13 1.25E-12 2.96E-12 4.40E-12 4.68E-12 4.60E-12
 4.48E-12 4.23E-12 3.84E-12 3.27E-12 2.72E-12 2.41E-12
 4.26E-15 2.06E-14 1.94E-13 1.07E-12 1.99E-12 2.55E-12 2.66E-12 2.64E-12
 2.60E-12 2.52E-12 2.39E-12 2.18E-12 1.94E-12 1.80E-12
  160.658    7  14 /pl=01:ss=51:pb= 1:sz=51/type=excit/ispb = t/isel =   26
 1.00E+10 1.00E+11 1.00E+12 1.00E+13 1.00E+14 1.00E+15 1.00E+16
 4.66E+01 6.99E+01 1.17E+02 2.33E+02 4.66E+02 1.17E+03 2.33E+03 3.49E+03
 4.66E+03 6.99E+03 1.17E+04 2.33E+04 4.66E+04 6.99E+04
 7.56E-15 6.98E-14 6.04E-13 3.13E-12 6.55E-12 9.11E-12 9.44E-12 9.17E-12
 8.86E-12 8.30E-12 7.48E-12 6.33E-12 5.24E-12 4.65E-12
 7.56E-15 6.98E-14 6.04E-13 3.13E-12 6.55E-12 9.11E-12 9.44E-12 9.17E-12
 8.86E-12 8.30E-12 7.48E-12 6.33E-12 5.24E-12 4.65E-12
 7.56E-15 6.98E-14 6.04E-13 3.13E-12 6.55E-12 9.11E-12 9.44E-12 9.17E-12
 8.86E-12 8.30E-12 7.48E-12 6.33E-12 5.24E-12 4.65E-12
 7.56E-15 6.98E-14 6.04E-13 3.13E-12 6.54E-12 9.11E-12 9.44E-12 9.17E-12
 8.86E-12 8.30E-12 7.48E-12 6.33E-12 5.23E-12 4.64E-12
 7.56E-15 6.98E-14 6.03E-13 3.12E-12 6.52E-12 9.08E-12 9.41E-12 9.15E-12
 8.84E-12 8.28E-12 7.47E-12 6.31E-12 5.22E-12 4.64E-12
 7.56E-15 6.94E-14 5.95E-13 3.01E-12 6.16E-12 8.45E-12 8.73E-12 8.50E-12
 8.23E-12 7.74E-12 7.02E-12 6.00E-12 5.01E-12 4.47E-12
 7.59E-15 6.63E-14 5.25E-13 2.17E-12 3.96E-12 5.25E-12 5.43E-12 5.32E-12
 5.19E-12 4.94E-12 4.57E-12 4.02E-12 3.47E-12 3.16E-12
  165.150    7  14 /pl=01:ss=51:pb= 1:sz=51/type=excit/ispb = t/isel =   27
 1.00E+10 1.00E+11 1.00E+12 1.00E+13 1.00E+14 1.00E+15 1.00E+16
 4.66E+01 6.99E+01 1.17E+02 2.33E+02 4.66E+02 1.17E+03 2.33E+03 3.49E+03
 4.66E+03 6.99E+03 1.17E+04 2.33E+04 4.66E+04 6.99E+04
 2.32E-15 2.46E-14 3.23E-13 2.26E-12 5.40E-12 8.29E-12 9.02E-12 8.92E-12
 8.69E-12 8.23E-12 7.47E-12 6.35E-12 5.26E-12 4.66E-12
 2.32E-15 2.46E-14 3.23E-13 2.26E-12 5.40E-12 8.29E-12 9.02E-12 8.92E-12
 8.69E-12 8.23E-12 7.47E-12 6.35E-12 5.26E-12 4.66E-12
 2.32E-15 2.46E-14 3.23E-13 2.26E-12 5.40E-12 8.29E-12 9.02E-12 8.92E-12
 8.70E-12 8.23E-12 7.47E-12 6.35E-12 5.26E-12 4.66E-12
 2.33E-15 2.46E-14 3.23E-13 2.27E-12 5.41E-12 8.31E-12 9.05E-12 8.95E-12
 8.72E-12 8.26E-12 7.50E-12 6.37E-12 5.27E-12 4.67E-12
 2.44E-15 2.49E-14 3.25E-13 2.29E-12 5.51E-12 8.53E-12 9.32E-12 9.23E-12
 8.99E-12 8.50E-12 7.71E-12 6.54E-12 5.39E-12 4.77E-12
 3.48E-15 2.80E-14 3.43E-13 2.49E-12 6.24E-12 9.99E-12 1.11E-11 1.10E-11
 1.07E-11 1.01E-11 9.18E-12 7.73E-12 6.31E-12 5.54E-12
 1.30E-14 5.54E-14 4.75E-13 3.07E-12 6.52E-12 9.05E-12 9.70E-12 9.72E-12
 9.61E-12 9.34E-12 8.84E-12 7.97E-12 6.98E-12 6.37E-12
  179.846    7  14 /pl=01:ss=51:pb= 1:sz=51/type=excit/ispb = t/isel =   28
 1.00E+10 1.00E+11 1.00E+12 1.00E+13 1.00E+14 1.00E+15 1.00E+16
 4.66E+01 6.99E+01 1.17E+02 2.33E+02 4.66E+02 1.17E+03 2.33E+03 3.49E+03
 4.66E+03 6.99E+03 1.17E+04 2.33E+04 4.66E+04 6.99E+04
 6.40E-14 1.96E-13 7.88E-13 3.33E-12 7.03E-12 1.03E-11 1.11E-11 1.10E-11
 1.08E-11 1.03E-11 9.40E-12 8.09E-12 6.79E-12 6.07E-12
 6.40E-14 1.96E-13 7.88E-13 3.33E-12 7.03E-12 1.03E-11 1.11E-11 1.10E-11
 1.08E-11 1.03E-11 9.40E-12 8.09E-12 6.79E-12 6.07E-12
 6.40E-14 1.96E-13 7.88E-13 3.33E-12 7.03E-12 1.03E-11 1.11E-11 1.10E-11
 1.08E-11 1.03E-11 9.40E-12 8.09E-12 6.79E-12 6.07E-12
 6.40E-14 1.96E-13 7.88E-13 3.33E-12 7.03E-12 1.03E-11 1.11E-11 1.10E-11
 1.08E-11 1.03E-11 9.40E-12 8.09E-12 6.79E-12 6.07E-12
 6.40E-14 1.96E-13 7.87E-13 3.32E-12 6.99E-12 1.02E-11 1.10E-11 1.09E-11
 1.07E-11 1.02E-11 9.32E-12 8.03E-12 6.75E-12 6.04E-12
 6.38E-14 1.95E-13 7.79E-13 3.23E-12 6.59E-12 9.35E-12 9.98E-12 9.89E-12
 9.69E-12 9.24E-12 8.54E-12 7.45E-12 6.33E-12 5.70E-12
 6.24E-14 1.86E-13 7.11E-13 2.51E-12 4.34E-12 5.48E-12 5.67E-12 5.61E-12
 5.52E-12 5.33E-12 5.04E-12 4.57E-12 4.07E-12 3.77E-12
  183.840    7  14 /pl=01:ss=51:pb= 1:sz=51/type=excit/ispb = t/isel =   29
 1.00E+10 1.00E+11 1.00E+12 1.00E+13 1.00E+14 1.00E+15 1.00E+16
 4.66E+01 6.99E+01 1.17E+02 2.33E+02 4.66E+02 1.17E+03 2.33E+03 3.49E+03
 4.66E+03 6.99E+03 1.17E+04 2.33E+04 4.66E+04 6.99E+04
 4.31E-14 1.08E-13 3.76E-13 1.57E-12 3.39E-12 5.19E-12 5.76E-12 5.78E-12
 5.69E-12 5.44E-12 5.01E-12 4.33E-12 3.64E-12 3.26E-12
 4.31E-14 1.08E-13 3.76E-13 1.57E-12 3.39E-12 5.19E-12 5.76E-12 5.78E-12
 5.69E-12 5.44E-12 5.01E-12 4.33E-12 3.64E-12 3.26E-12
 4.31E-14 1.08E-13 3.76E-13 1.57E-12 3.39E-12 5.19E-12 5.76E-12 5.78E-12
 5.69E-12 5.44E-12 5.01E-12 4.33E-12 3.64E-12 3.26E-12
 4.31E-14 1.08E-13 3.76E-13 1.57E-12 3.39E-12 5.18E-12 5.75E-12 5.77E-12
 5.68E-12 5.43E-12 5.00E-12 4.33E-12 3.64E-12 3.26E-12
 4.31E-14 1.08E-13 3.76E-13 1.57E-12 3.36E-12 5.12E-12 5.68E-12 5.69E-12
 5.60E-12 5.35E-12 4.94E-12 4.28E-12 3.60E-12 3.23E-12
 4.33E-14 1.08E-13 3.75E-13 1.53E-12 3.15E-12 4.58E-12 4.97E-12 4.97E-12
 4.89E-12 4.69E-12 4.36E-12 3.83E-12 3.28E-12 2.96E-12
 4.47E-14 1.09E-13 3.51E-13 1.14E-12 1.83E-12 2.21E-12 2.27E-12 2.26E-12
 2.23E-12 2.17E-12 2.08E-12 1.93E-12 1.76E-12 1.65E-12
  192.764    7  14 /pl=01:ss=51:pb= 1:sz=51/type=excit/ispb = t/isel =   30
 1.00E+10 1.00E+11 1.00E+12 1.00E+13 1.00E+14 1.00E+15 1.00E+16
 4.66E+01 6.99E+01 1.17E+02 2.33E+02 4.66E+02 1.17E+03 2.33E+03 3.49E+03
 4.66E+03 6.99E+03 1.17E+04 2.33E+04 4.66E+04 6.99E+04
 4.91E-14 1.23E-13 4.29E-13 1.79E-12 3.86E-12 5.92E-12 6.57E-12 6.59E-12
 6.49E-12 6.20E-12 5.71E-12 4.94E-12 4.15E-12 3.71E-12
 4.91E-14 1.23E-13 4.29E-13 1.79E-12 3.86E-12 5.92E-12 6.57E-12 6.59E-12
 6.49E-12 6.20E-12 5.71E-12 4.94E-12 4.15E-12 3.71E-12
 4.91E-14 1.23E-13 4.29E-13 1.79E-12 3.86E-12 5.91E-12 6.57E-12 6.59E-12
 6.49E-12 6.20E-12 5.71E-12 4.94E-12 4.15E-12 3.71E-12
 4.91E-14 1.23E-13 4.29E-13 1.79E-12 3.86E-12 5.91E-12 6.56E-12 6.58E-12
 6.48E-12 6.19E-12 5.71E-12 4.93E-12 4.15E-12 3.71E-12
 4.91E-14 1.23E-13 4.29E-13 1.78E-12 3.84E-12 5.84E-12 6.47E-12 6.49E-12
 6.39E-12 6.10E-12 5.63E-12 4.88E-12 4.11E-12 3.68E-12
 4.94E-14 1.23E-13 4.27E-13 1.74E-12 3.59E-12 5.22E-12 5.67E-12 5.66E-12
 5.57E-12 5.35E-12 4.97E-12 4.37E-12 3.74E-12 3.38E-12
 5.10E-14 1.24E-13 4.00E-13 1.30E-12 2.09E-12 2.52E-12 2.59E-12 2.57E-12
 2.54E-12 2.48E-12 2.37E-12 2.20E-12 2.01E-12 1.89E-12
  215.942    7  14 /pl=01:ss=51:pb= 1:sz=51/type=excit/ispb = t/isel =   31
 1.00E+10 1.00E+11 1.00E+12 1.00E+13 1.00E+14 1.00E+15 1.00E+16
 4.66E+01 6.99E+01 1.17E+02 2.33E+02 4.66E+02 1.17E+03 2.33E+03 3.49E+03
 4.66E+03 6.99E+03 1.17E+04 2.33E+04 4.66E+04 6.99E+04
 2.60E-15 3.20E-14 3.06E-13 1.57E-12 3.21E-12 4.45E-12 4.67E-12 4.57E-12
 4.43E-12 4.15E-12 3.75E-12 3.17E-12 2.61E-12 2.31E-12
 2.60E-15 3.20E-14 3.06E-13 1.57E-12 3.21E-12 4.45E-12 4.67E-12 4.57E-12
 4.43E-12 4.15E-12 3.75E-12 3.17E-12 2.61E-12 2.31E-12
 2.60E-15 3.20E-14 3.06E-13 1.57E-12 3.21E-12 4.45E-12 4.67E-12 4.57E-12
 4.43E-12 4.15E-12 3.75E-12 3.17E-12 2.61E-12 2.31E-12
 2.61E-15 3.21E-14 3.06E-13 1.57E-12 3.20E-12 4.44E-12 4.66E-12 4.56E-12
 4.42E-12 4.15E-12 3.75E-12 3.16E-12 2.61E-12 2.31E-12
 2.66E-15 3.22E-14 3.06E-13 1.56E-12 3.17E-12 4.38E-12 4.59E-12 4.50E-12
 4.36E-12 4.10E-12 3.71E-12 3.14E-12 2.59E-12 2.30E-12
 3.19E-15 3.35E-14 3.04E-13 1.48E-12 2.87E-12 3.90E-12 4.08E-12 4.01E-12
 3.90E-12 3.69E-12 3.37E-12 2.89E-12 2.42E-12 2.17E-12
 7.38E-15 4.28E-14 2.83E-13 1.04E-12 1.76E-12 2.24E-12 2.32E-12 2.30E-12
 2.26E-12 2.17E-12 2.04E-12 1.83E-12 1.61E-12 1.48E-12
  219.221    7  14 /pl=01:ss=51:pb= 1:sz=51/type=excit/ispb = t/isel =   32
 1.00E+10 1.00E+11 1.00E+12 1.00E+13 1.00E+14 1.00E+15 1.00E+16
 4.66E+01 6.99E+01 1.17E+02 2.33E+02 4.66E+02 1.17E+03 2.33E+03 3.49E+03
 4.66E+03 6.99E+03 1.17E+04 2.33E+04 4.66E+04 6.99E+04
 2.90E-14 7.71E-14 3.13E-13 1.50E-12 3.28E-12 4.72E-12 4.95E-12 4.83E-12
 4.67E-12 4.39E-12 3.96E-12 3.36E-12 2.78E-12 2.47E-12
 2.90E-14 7.71E-14 3.13E-13 1.50E-12 3.28E-12 4.72E-12 4.95E-12 4.83E-12
 4.67E-12 4.39E-12 3.96E-12 3.36E-12 2.78E-12 2.47E-12
 2.90E-14 7.71E-14 3.13E-13 1.50E-12 3.27E-12 4.72E-12 4.95E-12 4.83E-12
 4.67E-12 4.39E-12 3.96E-12 3.36E-12 2.78E-12 2.47E-12
 2.90E-14 7.71E-14 3.13E-13 1.50E-12 3.27E-12 4.70E-12 4.93E-12 4.81E-12
 4.66E-12 4.38E-12 3.95E-12 3.35E-12 2.78E-12 2.46E-12
 2.89E-14 7.70E-14 3.12E-13 1.48E-12 3.20E-12 4.56E-12 4.78E-12 4.66E-12
 4.52E-12 4.25E-12 3.85E-12 3.28E-12 2.73E-12 2.42E-12
 2.86E-14 7.59E-14 3.02E-13 1.34E-12 2.64E-12 3.53E-12 3.66E-12 3.59E-12
 3.50E-12 3.34E-12 3.08E-12 2.70E-12 2.31E-12 2.09E-12
 2.62E-14 6.68E-14 2.34E-13 6.98E-13 1.00E-12 1.14E-12 1.15E-12 1.15E-12
 1.14E-12 1.12E-12 1.08E-12 1.03E-12 9.58E-13 9.15E-13
  232.029    7  14 /pl=01:ss=51:pb= 1:sz=51/type=excit/ispb = t/isel =   33
 1.00E+10 1.00E+11 1.00E+12 1.00E+13 1.00E+14 1.00E+15 1.00E+16
 4.66E+01 6.99E+01 1.17E+02 2.33E+02 4.66E+02 1.17E+03 2.33E+03 3.49E+03
 4.66E+03 6.99E+03 1.17E+04 2.33E+04 4.66E+04 6.99E+04
 1.44E-13 3.85E-13 1.56E-12 7.47E-12 1.63E-11 2.35E-11 2.47E-11 2.41E-11
 2.33E-11 2.19E-11 1.98E-11 1.67E-11 1.39E-11 1.23E-11
 1.44E-13 3.85E-13 1.56E-12 7.47E-12 1.63E-11 2.35E-11 2.47E-11 2.41E-11
 2.33E-11 2.19E-11 1.98E-11 1.67E-11 1.39E-11 1.23E-11
 1.44E-13 3.85E-13 1.56E-12 7.47E-12 1.63E-11 2.35E-11 2.47E-11 2.41E-11
 2.33E-11 2.19E-11 1.98E-11 1.67E-11 1.39E-11 1.23E-11
 1.44E-13 3.84E-13 1.56E-12 7.46E-12 1.63E-11 2.34E-11 2.46E-11 2.40E-11
 2.32E-11 2.18E-11 1.97E-11 1.67E-11 1.38E-11 1.23E-11
 1.44E-13 3.84E-13 1.56E-12 7.38E-12 1.59E-11 2.27E-11 2.38E-11 2.32E-11
 2.25E-11 2.12E-11 1.92E-11 1.63E-11 1.36E-11 1.21E-11
 1.43E-13 3.78E-13 1.51E-12 6.66E-12 1.31E-11 1.76E-11 1.82E-11 1.79E-11
 1.75E-11 1.66E-11 1.54E-11 1.34E-11 1.15E-11 1.04E-11
 1.31E-13 3.33E-13 1.17E-12 3.48E-12 5.00E-12 5.67E-12 5.76E-12 5.72E-12
 5.67E-12 5.56E-12 5.40E-12 5.11E-12 4.78E-12 4.56E-12
  254.201    7  14 /pl=01:ss=51:pb= 1:sz=51/type=excit/ispb = t/isel =   34
 1.00E+10 1.00E+11 1.00E+12 1.00E+13 1.00E+14 1.00E+15 1.00E+16
 4.66E+01 6.99E+01 1.17E+02 2.33E+02 4.66E+02 1.17E+03 2.33E+03 3.49E+03
 4.66E+03 6.99E+03 1.17E+04 2.33E+04 4.66E+04 6.99E+04
 9.77E-14 2.99E-13 1.20E-12 5.09E-12 1.07E-11 1.58E-11 1.70E-11 1.68E-11
 1.65E-11 1.56E-11 1.43E-11 1.23E-11 1.04E-11 9.26E-12
 9.77E-14 2.99E-13 1.20E-12 5.09E-12 1.07E-11 1.58E-11 1.70E-11 1.68E-11
 1.65E-11 1.56E-11 1.43E-11 1.23E-11 1.04E-11 9.26E-12
 9.77E-14 2.99E-13 1.20E-12 5.08E-12 1.07E-11 1.58E-11 1.70E-11 1.68E-11
 1.65E-11 1.56E-11 1.43E-11 1.23E-11 1.04E-11 9.26E-12
 9.77E-14 2.99E-13 1.20E-12 5.08E-12 1.07E-11 1.57E-11 1.70E-11 1.68E-11
 1.65E-11 1.56E-11 1.43E-11 1.23E-11 1.04E-11 9.25E-12
 9.76E-14 2.99E-13 1.20E-12 5.07E-12 1.07E-11 1.56E-11 1.68E-11 1.67E-11
 1.63E-11 1.55E-11 1.42E-11 1.22E-11 1.03E-11 9.20E-12
 9.73E-14 2.97E-13 1.19E-12 4.92E-12 1.00E-11 1.43E-11 1.52E-11 1.51E-11
 1.48E-11 1.41E-11 1.30E-11 1.14E-11 9.66E-12 8.70E-12
 9.51E-14 2.83E-13 1.08E-12 3.83E-12 6.62E-12 8.36E-12 8.65E-12 8.56E-12
 8.42E-12 8.13E-12 7.68E-12 6.97E-12 6.20E-12 5.75E-12
  265.013    7  14 /pl=01:ss=51:pb= 1:sz=51/type=excit/ispb = t/isel =   35
 1.00E+10 1.00E+11 1.00E+12 1.00E+13 1.00E+14 1.00E+15 1.00E+16
 4.66E+01 6.99E+01 1.17E+02 2.33E+02 4.66E+02 1.17E+03 2.33E+03 3.49E+03
 4.66E+03 6.99E+03 1.17E+04 2.33E+04 4.66E+04 6.99E+04
 1.17E-12 1.98E-12 6.45E-12 3.05E-11 6.75E-11 1.01E-10 1.09E-10 1.08E-10
 1.05E-10 9.99E-11 9.12E-11 7.81E-11 6.53E-11 5.82E-11
 1.17E-12 1.98E-12 6.45E-12 3.05E-11 6.75E-11 1.01E-10 1.09E-10 1.08E-10
 1.05E-10 9.99E-11 9.12E-11 7.81E-11 6.53E-11 5.82E-11
 1.17E-12 1.98E-12 6.45E-12 3.05E-11 6.75E-11 1.01E-10 1.09E-10 1.08E-10
 1.05E-10 9.98E-11 9.12E-11 7.81E-11 6.53E-11 5.82E-11
 1.17E-12 1.98E-12 6.45E-12 3.05E-11 6.74E-11 1.00E-10 1.09E-10 1.07E-10
 1.05E-10 9.96E-11 9.10E-11 7.79E-11 6.52E-11 5.81E-11
 1.17E-12 1.98E-12 6.44E-12 3.03E-11 6.63E-11 9.79E-11 1.06E-10 1.05E-10
 1.02E-10 9.72E-11 8.89E-11 7.65E-11 6.42E-11 5.73E-11
 1.17E-12 1.97E-12 6.36E-12 2.82E-11 5.65E-11 7.74E-11 8.21E-11 8.15E-11
 8.01E-11 7.70E-11 7.18E-11 6.36E-11 5.50E-11 4.99E-11
 1.15E-12 1.90E-12 5.54E-12 1.53E-11 1.89E-11 1.92E-11 1.91E-11 1.91E-11
 1.91E-11 1.92E-11 1.92E-11 1.91E-11 1.88E-11 1.84E-11
  277.837    7  14 /pl=01:ss=51:pb= 1:sz=51/type=excit/ispb = t/isel =   36
 1.00E+10 1.00E+11 1.00E+12 1.00E+13 1.00E+14 1.00E+15 1.00E+16
 4.66E+01 6.99E+01 1.17E+02 2.33E+02 4.66E+02 1.17E+03 2.33E+03 3.49E+03
 4.66E+03 6.99E+03 1.17E+04 2.33E+04 4.66E+04 6.99E+04
 1.62E-13 3.83E-13 1.54E-12 7.17E-12 1.55E-11 2.32E-11 2.55E-11 2.54E-11
 2.49E-11 2.37E-11 2.18E-11 1.88E-11 1.58E-11 1.41E-11
 1.62E-13 3.83E-13 1.54E-12 7.17E-12 1.55E-11 2.32E-11 2.55E-11 2.54E-11
 2.49E-11 2.37E-11 2.18E-11 1.88E-11 1.58E-11 1.41E-11
 1.62E-13 3.83E-13 1.54E-12 7.17E-12 1.55E-11 2.32E-11 2.55E-11 2.54E-11
 2.49E-11 2.37E-11 2.18E-11 1.88E-11 1.58E-11 1.41E-11
 1.62E-13 3.83E-13 1.54E-12 7.17E-12 1.55E-11 2.32E-11 2.55E-11 2.54E-11
 2.49E-11 2.37E-11 2.18E-11 1.88E-11 1.58E-11 1.41E-11
 1.62E-13 3.84E-13 1.54E-12 7.16E-12 1.55E-11 2.32E-11 2.54E-11 2.53E-11
 2.48E-11 2.36E-11 2.17E-11 1.87E-11 1.57E-11 1.40E-11
 1.63E-13 3.86E-13 1.54E-12 7.12E-12 1.51E-11 2.20E-11 2.38E-11 2.37E-11
 2.32E-11 2.22E-11 2.05E-11 1.78E-11 1.51E-11 1.36E-11
 1.74E-13 4.03E-13 1.53E-12 5.78E-12 9.52E-12 1.15E-11 1.18E-11 1.18E-11
 1.17E-11 1.14E-11 1.10E-11 1.02E-11 9.32E-12 8.75E-12
  281.421    7  14 /pl=01:ss=51:pb= 1:sz=51/type=excit/ispb = t/isel =   37
 1.00E+10 1.00E+11 1.00E+12 1.00E+13 1.00E+14 1.00E+15 1.00E+16
 4.66E+01 6.99E+01 1.17E+02 2.33E+02 4.66E+02 1.17E+03 2.33E+03 3.49E+03
 4.66E+03 6.99E+03 1.17E+04 2.33E+04 4.66E+04 6.99E+04
 2.49E-12 4.05E-12 1.16E-11 4.90E-11 1.05E-10 1.55E-10 1.70E-10 1.69E-10
 1.65E-10 1.58E-10 1.45E-10 1.25E-10 1.05E-10 9.43E-11
 2.49E-12 4.05E-12 1.16E-11 4.90E-11 1.05E-10 1.55E-10 1.70E-10 1.69E-10
 1.65E-10 1.58E-10 1.45E-10 1.25E-10 1.05E-10 9.43E-11
 2.49E-12 4.05E-12 1.16E-11 4.89E-11 1.05E-10 1.55E-10 1.69E-10 1.69E-10
 1.65E-10 1.58E-10 1.45E-10 1.25E-10 1.05E-10 9.43E-11
 2.49E-12 4.05E-12 1.16E-11 4.89E-11 1.04E-10 1.55E-10 1.69E-10 1.68E-10
 1.65E-10 1.57E-10 1.44E-10 1.25E-10 1.05E-10 9.40E-11
 2.49E-12 4.05E-12 1.16E-11 4.82E-11 1.01E-10 1.48E-10 1.61E-10 1.60E-10
 1.57E-10 1.50E-10 1.39E-10 1.21E-10 1.02E-10 9.17E-11
 2.47E-12 4.00E-12 1.12E-11 4.21E-11 7.72E-11 1.01E-10 1.07E-10 1.06E-10
 1.05E-10 1.02E-10 9.71E-11 8.82E-11 7.82E-11 7.21E-11
 2.31E-12 3.59E-12 8.21E-12 1.57E-11 1.61E-11 1.51E-11 1.49E-11 1.50E-11
 1.51E-11 1.53E-11 1.56E-11 1.61E-11 1.65E-11 1.67E-11
  295.925    7  14 /pl=01:ss=51:pb= 1:sz=51/type=excit/ispb = t/isel =   38
 1.00E+10 1.00E+11 1.00E+12 1.00E+13 1.00E+14 1.00E+15 1.00E+16
 4.66E+01 6.99E+01 1.17E+02 2.33E+02 4.66E+02 1.17E+03 2.33E+03 3.49E+03
 4.66E+03 6.99E+03 1.17E+04 2.33E+04 4.66E+04 6.99E+04
 1.40E-13 3.30E-13 1.32E-12 6.17E-12 1.34E-11 2.00E-11 2.19E-11 2.19E-11
 2.15E-11 2.04E-11 1.88E-11 1.62E-11 1.36E-11 1.21E-11
 1.40E-13 3.30E-13 1.32E-12 6.17E-12 1.34E-11 2.00E-11 2.19E-11 2.19E-11
 2.15E-11 2.04E-11 1.88E-11 1.62E-11 1.36E-11 1.21E-11
 1.40E-13 3.30E-13 1.32E-12 6.17E-12 1.34E-11 2.00E-11 2.19E-11 2.19E-11
 2.15E-11 2.04E-11 1.88E-11 1.62E-11 1.36E-11 1.21E-11
 1.40E-13 3.30E-13 1.32E-12 6.17E-12 1.34E-11 2.00E-11 2.19E-11 2.19E-11
 2.14E-11 2.04E-11 1.88E-11 1.62E-11 1.36E-11 1.21E-11
 1.40E-13 3.30E-13 1.32E-12 6.17E-12 1.34E-11 2.00E-11 2.18E-11 2.18E-11
 2.14E-11 2.04E-11 1.87E-11 1.61E-11 1.35E-11 1.21E-11
 1.41E-13 3.32E-13 1.33E-12 6.13E-12 1.30E-11 1.89E-11 2.05E-11 2.04E-11
 2.00E-11 1.91E-11 1.77E-11 1.54E-11 1.30E-11 1.17E-11
 1.50E-13 3.47E-13 1.32E-12 4.98E-12 8.20E-12 9.90E-12 1.02E-11 1.01E-11
 1.00E-11 9.82E-12 9.44E-12 8.79E-12 8.02E-12 7.54E-12
  298.737    7  14 /pl=01:ss=51:pb= 1:sz=51/type=excit/ispb = t/isel =   39
 1.00E+10 1.00E+11 1.00E+12 1.00E+13 1.00E+14 1.00E+15 1.00E+16
 4.66E+01 6.99E+01 1.17E+02 2.33E+02 4.66E+02 1.17E+03 2.33E+03 3.49E+03
 4.66E+03 6.99E+03 1.17E+04 2.33E+04 4.66E+04 6.99E+04
 9.07E-14 2.15E-13 8.60E-13 4.01E-12 8.69E-12 1.30E-11 1.43E-11 1.42E-11
 1.39E-11 1.33E-11 1.22E-11 1.05E-11 8.83E-12 7.89E-12
 9.07E-14 2.15E-13 8.60E-13 4.01E-12 8.69E-12 1.30E-11 1.43E-11 1.42E-11
 1.39E-11 1.33E-11 1.22E-11 1.05E-11 8.83E-12 7.89E-12
 9.07E-14 2.15E-13 8.60E-13 4.01E-12 8.69E-12 1.30E-11 1.43E-11 1.42E-11
 1.39E-11 1.33E-11 1.22E-11 1.05E-11 8.83E-12 7.89E-12
 9.07E-14 2.15E-13 8.60E-13 4.01E-12 8.69E-12 1.30E-11 1.43E-11 1.42E-11
 1.39E-11 1.33E-11 1.22E-11 1.05E-11 8.82E-12 7.89E-12
 9.08E-14 2.15E-13 8.60E-13 4.01E-12 8.68E-12 1.30E-11 1.42E-11 1.42E-11
 1.39E-11 1.32E-11 1.22E-11 1.05E-11 8.80E-12 7.86E-12
 9.14E-14 2.16E-13 8.62E-13 3.98E-12 8.46E-12 1.23E-11 1.33E-11 1.33E-11
 1.30E-11 1.24E-11 1.15E-11 9.98E-12 8.46E-12 7.60E-12
 9.73E-14 2.26E-13 8.58E-13 3.24E-12 5.33E-12 6.44E-12 6.63E-12 6.60E-12
 6.53E-12 6.38E-12 6.14E-12 5.71E-12 5.22E-12 4.90E-12
  373.710    7  14 /pl=01:ss=51:pb= 1:sz=51/type=excit/ispb = t/isel =   40
 1.00E+10 1.00E+11 1.00E+12 1.00E+13 1.00E+14 1.00E+15 1.00E+16
 4.66E+01 6.99E+01 1.17E+02 2.33E+02 4.66E+02 1.17E+03 2.33E+03 3.49E+03
 4.66E+03 6.99E+03 1.17E+04 2.33E+04 4.66E+04 6.99E+04
 1.16E-15 1.23E-14 1.62E-13 1.13E-12 2.70E-12 4.14E-12 4.51E-12 4.46E-12
 4.35E-12 4.11E-12 3.74E-12 3.18E-12 2.63E-12 2.33E-12
 1.16E-15 1.23E-14 1.62E-13 1.13E-12 2.70E-12 4.14E-12 4.51E-12 4.46E-12
 4.35E-12 4.11E-12 3.74E-12 3.18E-12 2.63E-12 2.33E-12
 1.16E-15 1.23E-14 1.62E-13 1.13E-12 2.70E-12 4.15E-12 4.51E-12 4.46E-12
 4.35E-12 4.11E-12 3.74E-12 3.18E-12 2.63E-12 2.33E-12
 1.17E-15 1.23E-14 1.62E-13 1.13E-12 2.70E-12 4.16E-12 4.53E-12 4.48E-12
 4.36E-12 4.13E-12 3.75E-12 3.19E-12 2.63E-12 2.34E-12
 1.22E-15 1.25E-14 1.63E-13 1.14E-12 2.75E-12 4.27E-12 4.66E-12 4.61E-12
 4.50E-12 4.25E-12 3.85E-12 3.27E-12 2.70E-12 2.39E-12
 1.74E-15 1.40E-14 1.72E-13 1.24E-12 3.12E-12 4.99E-12 5.53E-12 5.49E-12
 5.36E-12 5.07E-12 4.59E-12 3.87E-12 3.15E-12 2.77E-12
 6.50E-15 2.77E-14 2.37E-13 1.53E-12 3.26E-12 4.53E-12 4.85E-12 4.86E-12
 4.80E-12 4.67E-12 4.42E-12 3.99E-12 3.49E-12 3.19E-12
  509.926    7  14 /pl=01:ss=51:pb= 1:sz=51/type=excit/ispb = t/isel =   41
 1.00E+10 1.00E+11 1.00E+12 1.00E+13 1.00E+14 1.00E+15 1.00E+16
 4.66E+01 6.99E+01 1.17E+02 2.33E+02 4.66E+02 1.17E+03 2.33E+03 3.49E+03
 4.66E+03 6.99E+03 1.17E+04 2.33E+04 4.66E+04 6.99E+04
 3.09E-14 9.46E-14 3.80E-13 1.61E-12 3.39E-12 4.99E-12 5.38E-12 5.33E-12
 5.21E-12 4.95E-12 4.54E-12 3.91E-12 3.28E-12 2.93E-12
 3.09E-14 9.46E-14 3.80E-13 1.61E-12 3.39E-12 4.99E-12 5.38E-12 5.33E-12
 5.21E-12 4.95E-12 4.54E-12 3.91E-12 3.28E-12 2.93E-12
 3.09E-14 9.46E-14 3.80E-13 1.61E-12 3.39E-12 4.99E-12 5.38E-12 5.33E-12
 5.21E-12 4.95E-12 4.54E-12 3.91E-12 3.28E-12 2.93E-12
 3.09E-14 9.45E-14 3.80E-13 1.61E-12 3.39E-12 4.98E-12 5.37E-12 5.32E-12
 5.21E-12 4.95E-12 4.53E-12 3.90E-12 3.28E-12 2.93E-12
 3.09E-14 9.45E-14 3.80E-13 1.60E-12 3.37E-12 4.94E-12 5.32E-12 5.27E-12
 5.16E-12 4.90E-12 4.50E-12 3.88E-12 3.26E-12 2.91E-12
 3.08E-14 9.40E-14 3.76E-13 1.56E-12 3.18E-12 4.51E-12 4.82E-12 4.77E-12
 4.68E-12 4.46E-12 4.12E-12 3.59E-12 3.06E-12 2.75E-12
 3.01E-14 8.96E-14 3.43E-13 1.21E-12 2.09E-12 2.65E-12 2.74E-12 2.71E-12
 2.66E-12 2.57E-12 2.43E-12 2.20E-12 1.96E-12 1.82E-12
  529.633    7  14 /pl=01:ss=51:pb= 1:sz=51/type=excit/ispb = t/isel =   42
 1.00E+10 1.00E+11 1.00E+12 1.00E+13 1.00E+14 1.00E+15 1.00E+16
 4.66E+01 6.99E+01 1.17E+02 2.33E+02 4.66E+02 1.17E+03 2.33E+03 3.49E+03
 4.66E+03 6.99E+03 1.17E+04 2.33E+04 4.66E+04 6.99E+04
 3.44E-13 5.59E-13 1.60E-12 6.76E-12 1.45E-11 2.15E-11 2.34E-11 2.33E-11
 2.28E-11 2.18E-11 2.00E-11 1.73E-11 1.45E-11 1.30E-11
 3.44E-13 5.59E-13 1.60E-12 6.76E-12 1.45E-11 2.15E-11 2.34E-11 2.33E-11
 2.28E-11 2.18E-11 2.00E-11 1.73E-11 1.45E-11 1.30E-11
 3.44E-13 5.59E-13 1.60E-12 6.75E-12 1.45E-11 2.14E-11 2.34E-11 2.33E-11
 2.28E-11 2.18E-11 2.00E-11 1.73E-11 1.45E-11 1.30E-11
 3.44E-13 5.59E-13 1.60E-12 6.75E-12 1.44E-11 2.14E-11 2.33E-11 2.32E-11
 2.27E-11 2.17E-11 1.99E-11 1.72E-11 1.45E-11 1.30E-11
 3.44E-13 5.59E-13 1.60E-12 6.65E-12 1.40E-11 2.05E-11 2.22E-11 2.21E-11
 2.17E-11 2.07E-11 1.91E-11 1.66E-11 1.41E-11 1.26E-11
 3.41E-13 5.52E-13 1.54E-12 5.81E-12 1.07E-11 1.39E-11 1.47E-11 1.47E-11
 1.45E-11 1.41E-11 1.34E-11 1.22E-11 1.08E-11 9.95E-12
 3.19E-13 4.95E-13 1.13E-12 2.17E-12 2.22E-12 2.09E-12 2.06E-12 2.07E-12
 2.08E-12 2.11E-12 2.15E-12 2.22E-12 2.28E-12 2.31E-12
  543.399    7  14 /pl=01:ss=51:pb= 1:sz=51/type=excit/ispb = t/isel =   43
 1.00E+10 1.00E+11 1.00E+12 1.00E+13 1.00E+14 1.00E+15 1.00E+16
 4.66E+01 6.99E+01 1.17E+02 2.33E+02 4.66E+02 1.17E+03 2.33E+03 3.49E+03
 4.66E+03 6.99E+03 1.17E+04 2.33E+04 4.66E+04 6.99E+04
 2.97E-14 7.43E-14 2.60E-13 1.08E-12 2.34E-12 3.58E-12 3.98E-12 3.99E-12
 3.93E-12 3.75E-12 3.46E-12 2.99E-12 2.52E-12 2.25E-12
 2.97E-14 7.43E-14 2.60E-13 1.08E-12 2.34E-12 3.58E-12 3.98E-12 3.99E-12
 3.93E-12 3.75E-12 3.46E-12 2.99E-12 2.52E-12 2.25E-12
 2.97E-14 7.43E-14 2.60E-13 1.08E-12 2.34E-12 3.58E-12 3.98E-12 3.99E-12
 3.93E-12 3.75E-12 3.46E-12 2.99E-12 2.52E-12 2.25E-12
 2.97E-14 7.43E-14 2.60E-13 1.08E-12 2.34E-12 3.58E-12 3.97E-12 3.99E-12
 3.92E-12 3.75E-12 3.45E-12 2.99E-12 2.51E-12 2.25E-12
 2.98E-14 7.43E-14 2.60E-13 1.08E-12 2.32E-12 3.54E-12 3.92E-12 3.93E-12
 3.87E-12 3.70E-12 3.41E-12 2.95E-12 2.49E-12 2.23E-12
 2.99E-14 7.45E-14 2.59E-13 1.05E-12 2.18E-12 3.16E-12 3.43E-12 3.43E-12
 3.37E-12 3.24E-12 3.01E-12 2.64E-12 2.26E-12 2.05E-12
 3.09E-14 7.51E-14 2.42E-13 7.85E-13 1.26E-12 1.53E-12 1.57E-12 1.56E-12
 1.54E-12 1.50E-12 1.44E-12 1.33E-12 1.21E-12 1.14E-12
  566.636    7  14 /pl=01:ss=51:pb= 1:sz=51/type=excit/ispb = t/isel =   44
 1.00E+10 1.00E+11 1.00E+12 1.00E+13 1.00E+14 1.00E+15 1.00E+16
 4.66E+01 6.99E+01 1.17E+02 2.33E+02 4.66E+02 1.17E+03 2.33E+03 3.49E+03
 4.66E+03 6.99E+03 1.17E+04 2.33E+04 4.66E+04 6.99E+04
 1.01E-13 2.57E-13 6.44E-13 1.95E-12 4.08E-12 6.26E-12 6.82E-12 6.77E-12
 6.60E-12 6.25E-12 5.70E-12 4.86E-12 4.05E-12 3.60E-12
 1.01E-13 2.57E-13 6.44E-13 1.95E-12 4.08E-12 6.26E-12 6.82E-12 6.77E-12
 6.60E-12 6.25E-12 5.70E-12 4.86E-12 4.05E-12 3.60E-12
 1.01E-13 2.57E-13 6.44E-13 1.95E-12 4.08E-12 6.26E-12 6.81E-12 6.76E-12
 6.60E-12 6.25E-12 5.70E-12 4.86E-12 4.05E-12 3.60E-12
 1.01E-13 2.57E-13 6.44E-13 1.95E-12 4.08E-12 6.24E-12 6.79E-12 6.75E-12
 6.58E-12 6.23E-12 5.68E-12 4.85E-12 4.04E-12 3.59E-12
 1.00E-13 2.56E-13 6.41E-13 1.93E-12 4.00E-12 6.08E-12 6.60E-12 6.56E-12
 6.41E-12 6.07E-12 5.55E-12 4.76E-12 3.97E-12 3.54E-12
 9.88E-14 2.51E-13 6.19E-13 1.77E-12 3.40E-12 4.83E-12 5.17E-12 5.14E-12
 5.05E-12 4.84E-12 4.50E-12 3.96E-12 3.40E-12 3.08E-12
 8.50E-14 2.08E-13 4.55E-13 9.67E-13 1.43E-12 1.72E-12 1.77E-12 1.77E-12
 1.75E-12 1.72E-12 1.66E-12 1.56E-12 1.45E-12 1.37E-12
  600.492    7  14 /pl=01:ss=51:pb= 1:sz=51/type=excit/ispb = t/isel =   45
 1.00E+10 1.00E+11 1.00E+12 1.00E+13 1.00E+14 1.00E+15 1.00E+16
 4.66E+01 6.99E+01 1.17E+02 2.33E+02 4.66E+02 1.17E+03 2.33E+03 3.49E+03
 4.66E+03 6.99E+03 1.17E+04 2.33E+04 4.66E+04 6.99E+04
 1.19E-12 1.49E-12 2.81E-12 9.21E-12 1.88E-11 2.78E-11 3.06E-11 3.06E-11
 3.01E-11 2.88E-11 2.66E-11 2.31E-11 1.96E-11 1.76E-11
 1.19E-12 1.49E-12 2.81E-12 9.21E-12 1.88E-11 2.78E-11 3.06E-11 3.06E-11
 3.01E-11 2.88E-11 2.66E-11 2.31E-11 1.96E-11 1.76E-11
 1.19E-12 1.49E-12 2.81E-12 9.21E-12 1.88E-11 2.78E-11 3.06E-11 3.06E-11
 3.01E-11 2.88E-11 2.66E-11 2.31E-11 1.96E-11 1.75E-11
 1.19E-12 1.49E-12 2.81E-12 9.18E-12 1.86E-11 2.75E-11 3.03E-11 3.03E-11
 2.98E-11 2.85E-11 2.64E-11 2.29E-11 1.94E-11 1.74E-11
 1.19E-12 1.48E-12 2.79E-12 8.91E-12 1.75E-11 2.51E-11 2.73E-11 2.74E-11
 2.70E-11 2.59E-11 2.42E-11 2.13E-11 1.82E-11 1.65E-11
 1.16E-12 1.43E-12 2.59E-12 6.78E-12 1.02E-11 1.18E-11 1.22E-11 1.22E-11
 1.22E-11 1.21E-11 1.19E-11 1.13E-11 1.06E-11 1.00E-11
 9.13E-13 1.06E-12 1.40E-12 1.32E-12 9.45E-13 7.68E-13 7.41E-13 7.47E-13
 7.57E-13 7.79E-13 8.18E-13 8.83E-13 9.64E-13 1.02E-12
  711.035    7  14 /pl=01:ss=51:pb= 1:sz=51/type=excit/ispb = t/isel =   46
 1.00E+10 1.00E+11 1.00E+12 1.00E+13 1.00E+14 1.00E+15 1.00E+16
 4.66E+01 6.99E+01 1.17E+02 2.33E+02 4.66E+02 1.17E+03 2.33E+03 3.49E+03
 4.66E+03 6.99E+03 1.17E+04 2.33E+04 4.66E+04 6.99E+04
 1.31E-13 3.78E-13 1.65E-12 7.76E-12 1.70E-11 2.56E-11 2.82E-11 2.82E-11
 2.78E-11 2.66E-11 2.46E-11 2.14E-11 1.82E-11 1.63E-11
 1.31E-13 3.78E-13 1.65E-12 7.76E-12 1.70E-11 2.56E-11 2.82E-11 2.82E-11
 2.78E-11 2.66E-11 2.46E-11 2.14E-11 1.82E-11 1.63E-11
 1.31E-13 3.78E-13 1.65E-12 7.76E-12 1.70E-11 2.56E-11 2.82E-11 2.82E-11
 2.78E-11 2.66E-11 2.46E-11 2.14E-11 1.82E-11 1.63E-11
 1.31E-13 3.78E-13 1.65E-12 7.76E-12 1.70E-11 2.56E-11 2.82E-11 2.82E-11
 2.78E-11 2.66E-11 2.46E-11 2.14E-11 1.81E-11 1.63E-11
 1.31E-13 3.78E-13 1.65E-12 7.75E-12 1.69E-11 2.54E-11 2.79E-11 2.79E-11
 2.75E-11 2.64E-11 2.44E-11 2.12E-11 1.80E-11 1.62E-11
 1.32E-13 3.79E-13 1.65E-12 7.60E-12 1.60E-11 2.31E-11 2.51E-11 2.51E-11
 2.47E-11 2.38E-11 2.22E-11 1.96E-11 1.68E-11 1.52E-11
 1.44E-13 3.90E-13 1.60E-12 5.92E-12 9.41E-12 1.11E-11 1.15E-11 1.15E-11
 1.14E-11 1.12E-11 1.09E-11 1.03E-11 9.52E-12 9.01E-12
  1039.10    7  14 /pl=01:ss=51:pb= 1:sz=51/type=excit/ispb = t/isel =   47
 1.00E+10 1.00E+11 1.00E+12 1.00E+13 1.00E+14 1.00E+15 1.00E+16
 4.66E+01 6.99E+01 1.17E+02 2.33E+02 4.66E+02 1.17E+03 2.33E+03 3.49E+03
 4.66E+03 6.99E+03 1.17E+04 2.33E+04 4.66E+04 6.99E+04
 6.16E-14 1.64E-13 6.66E-13 3.19E-12 6.97E-12 1.00E-11 1.05E-11 1.03E-11
 9.95E-12 9.34E-12 8.44E-12 7.15E-12 5.92E-12 5.26E-12
 6.16E-14 1.64E-13 6.66E-13 3.19E-12 6.97E-12 1.00E-11 1.05E-11 1.03E-11
 9.95E-12 9.34E-12 8.44E-12 7.15E-12 5.92E-12 5.26E-12
 6.16E-14 1.64E-13 6.66E-13 3.19E-12 6.97E-12 1.00E-11 1.05E-11 1.03E-11
 9.95E-12 9.34E-12 8.44E-12 7.14E-12 5.92E-12 5.25E-12
 6.16E-14 1.64E-13 6.66E-13 3.19E-12 6.95E-12 1.00E-11 1.05E-11 1.02E-11
 9.91E-12 9.31E-12 8.41E-12 7.13E-12 5.91E-12 5.25E-12
 6.16E-14 1.64E-13 6.64E-13 3.15E-12 6.80E-12 9.71E-12 1.02E-11 9.93E-12
 9.62E-12 9.05E-12 8.19E-12 6.97E-12 5.80E-12 5.16E-12
 6.09E-14 1.62E-13 6.43E-13 2.84E-12 5.61E-12 7.51E-12 7.79E-12 7.64E-12
 7.45E-12 7.10E-12 6.55E-12 5.74E-12 4.91E-12 4.44E-12
 5.58E-14 1.42E-13 4.98E-13 1.49E-12 2.13E-12 2.42E-12 2.46E-12 2.44E-12
 2.42E-12 2.38E-12 2.30E-12 2.18E-12 2.04E-12 1.95E-12
  2387.77    7  14 /pl=01:ss=51:pb= 1:sz=51/type=excit/ispb = t/isel =   48
 1.00E+10 1.00E+11 1.00E+12 1.00E+13 1.00E+14 1.00E+15 1.00E+16
 4.66E+01 6.99E+01 1.17E+02 2.33E+02 4.66E+02 1.17E+03 2.33E+03 3.49E+03
 4.66E+03 6.99E+03 1.17E+04 2.33E+04 4.66E+04 6.99E+04
 2.37E-15 2.37E-14 3.24E-13 2.38E-12 5.77E-12 8.80E-12 9.40E-12 9.21E-12
 8.93E-12 8.39E-12 7.56E-12 6.38E-12 5.24E-12 4.64E-12
 2.38E-15 2.37E-14 3.24E-13 2.38E-12 5.77E-12 8.80E-12 9.40E-12 9.21E-12
 8.93E-12 8.39E-12 7.56E-12 6.38E-12 5.24E-12 4.64E-12
 2.38E-15 2.38E-14 3.24E-13 2.38E-12 5.77E-12 8.80E-12 9.40E-12 9.21E-12
 8.93E-12 8.39E-12 7.56E-12 6.38E-12 5.24E-12 4.64E-12
 2.38E-15 2.38E-14 3.25E-13 2.38E-12 5.77E-12 8.80E-12 9.40E-12 9.21E-12
 8.93E-12 8.39E-12 7.56E-12 6.38E-12 5.24E-12 4.64E-12
 2.44E-15 2.39E-14 3.25E-13 2.38E-12 5.77E-12 8.78E-12 9.39E-12 9.20E-12
 8.92E-12 8.38E-12 7.56E-12 6.38E-12 5.25E-12 4.64E-12
 3.03E-15 2.56E-14 3.32E-13 2.39E-12 5.65E-12 8.40E-12 8.95E-12 8.80E-12
 8.55E-12 8.08E-12 7.34E-12 6.26E-12 5.19E-12 4.61E-12
 8.14E-15 3.93E-14 3.71E-13 2.05E-12 3.81E-12 4.88E-12 5.07E-12 5.04E-12
 4.97E-12 4.82E-12 4.57E-12 4.17E-12 3.71E-12 3.44E-12
  3971.41    7  14 /pl=01:ss=51:pb= 1:sz=51/type=excit/ispb = t/isel =   49
 1.00E+10 1.00E+11 1.00E+12 1.00E+13 1.00E+14 1.00E+15 1.00E+16
 4.66E+01 6.99E+01 1.17E+02 2.33E+02 4.66E+02 1.17E+03 2.33E+03 3.49E+03
 4.66E+03 6.99E+03 1.17E+04 2.33E+04 4.66E+04 6.99E+04
 4.79E-13 8.14E-13 2.35E-12 9.92E-12 2.12E-11 3.14E-11 3.42E-11 3.40E-11
 3.33E-11 3.17E-11 2.92E-11 2.52E-11 2.12E-11 1.90E-11
 4.79E-13 8.14E-13 2.35E-12 9.92E-12 2.12E-11 3.14E-11 3.42E-11 3.40E-11
 3.33E-11 3.17E-11 2.92E-11 2.52E-11 2.12E-11 1.90E-11
 4.79E-13 8.14E-13 2.35E-12 9.92E-12 2.12E-11 3.14E-11 3.42E-11 3.40E-11
 3.33E-11 3.17E-11 2.92E-11 2.52E-11 2.12E-11 1.90E-11
 4.79E-13 8.14E-13 2.35E-12 9.91E-12 2.12E-11 3.13E-11 3.41E-11 3.39E-11
 3.32E-11 3.16E-11 2.91E-11 2.51E-11 2.12E-11 1.89E-11
 4.79E-13 8.13E-13 2.35E-12 9.81E-12 2.08E-11 3.04E-11 3.30E-11 3.29E-11
 3.22E-11 3.07E-11 2.83E-11 2.46E-11 2.08E-11 1.86E-11
 4.76E-13 8.05E-13 2.29E-12 8.94E-12 1.73E-11 2.35E-11 2.50E-11 2.49E-11
 2.45E-11 2.37E-11 2.22E-11 1.99E-11 1.73E-11 1.58E-11
 4.47E-13 7.33E-13 1.83E-12 4.49E-12 5.48E-12 5.62E-12 5.64E-12 5.65E-12
 5.66E-12 5.67E-12 5.68E-12 5.65E-12 5.57E-12 5.48E-12
  4545.45    7  14 /pl=01:ss=51:pb= 1:sz=51/type=excit/ispb = t/isel =   50
 1.00E+10 1.00E+11 1.00E+12 1.00E+13 1.00E+14 1.00E+15 1.00E+16
 4.66E+01 6.99E+01 1.17E+02 2.33E+02 4.66E+02 1.17E+03 2.33E+03 3.49E+03
 4.66E+03 6.99E+03 1.17E+04 2.33E+04 4.66E+04 6.99E+04
 6.82E-13 1.15E-12 3.75E-12 1.77E-11 3.92E-11 5.84E-11 6.32E-11 6.26E-11
 6.11E-11 5.80E-11 5.29E-11 4.53E-11 3.79E-11 3.38E-11
 6.82E-13 1.15E-12 3.75E-12 1.77E-11 3.92E-11 5.84E-11 6.32E-11 6.26E-11
 6.11E-11 5.80E-11 5.29E-11 4.53E-11 3.79E-11 3.38E-11
 6.82E-13 1.15E-12 3.75E-12 1.77E-11 3.92E-11 5.84E-11 6.32E-11 6.26E-11
 6.11E-11 5.80E-11 5.29E-11 4.53E-11 3.79E-11 3.38E-11
 6.82E-13 1.15E-12 3.75E-12 1.77E-11 3.91E-11 5.83E-11 6.30E-11 6.24E-11
 6.09E-11 5.78E-11 5.28E-11 4.52E-11 3.78E-11 3.37E-11
 6.82E-13 1.15E-12 3.74E-12 1.76E-11 3.85E-11 5.68E-11 6.13E-11 6.07E-11
 5.94E-11 5.64E-11 5.16E-11 4.44E-11 3.72E-11 3.33E-11
 6.80E-13 1.14E-12 3.69E-12 1.64E-11 3.28E-11 4.49E-11 4.77E-11 4.73E-11
 4.65E-11 4.47E-11 4.17E-11 3.69E-11 3.19E-11 2.90E-11
 6.68E-13 1.10E-12 3.22E-12 8.90E-12 1.10E-11 1.11E-11 1.11E-11 1.11E-11
 1.11E-11 1.11E-11 1.11E-11 1.11E-11 1.09E-11 1.07E-11
c-------------------------------------------------------------------------------
 
C  root partition information
C  ==========================
C
C  nuclear charge : 74
C  ion charge+1   : 52
C
C  population calculation information
C  ----------------------------------
C
C  population processing code: adas810
C
C  adf04 source file    : adf04_copmm#74_ls_40#w51.dat
C  adf18/a17_p208 file  : NULL
C
C  meta. ion. coeff. selector  : 
 
C  options  : lnorm =T  lpsel =F  lzsel =T  liosel=F
C           : lhsel =F  lrsel =F  lisel =F  lnsel =F
 
C  energy levels
C  -------------
C
C   lv      configuration    (2S+1)L(w-1/2)      energy (cm^-1)
C  ---   ------------------- --------------      --------------
c    1   56                     (2)2(  4.5)             0.0
c    2   56                     (2)0(  0.5)        166530.0
c    3   56                     (4)2(  9.5)        355340.0
c    4   56                     (4)4( 17.5)        377340.0
c    5   56                     (2)3(  6.5)        380520.0
c    6   56                     (2)6( 12.5)        381090.0
c    7   56                     (6)0(  2.5)        517980.0
c    8   56                     (4)3( 13.5)        715263.0
c    9   56                     (2)4(  8.5)        811500.0
c   10   56                     (2)2(  4.5)        899290.0
c   11   56                     (4)1(  5.5)        911370.0
c   12   56                     (2)5( 10.5)        982850.0
c   13   56                     (2)4(  8.5)       1024730.0
c   14   56                     (2)1(  2.5)       1087850.0
c   15   56                     (2)2(  4.5)       1178350.0
c   16   56                     (2)3(  6.5)       1533810.0
c   17   24555566               (2)0(  0.5)       2643940.0
c   18   24555566               (2)1(  2.5)       3174840.0
c   19   24555566               (4)1(  5.5)       3284840.0
c   20   24555566               (4)4( 17.5)       3301040.0
c   21   24555566               (4)2(  9.5)       3356640.0
c   22   24555566               (4)5( 21.5)       3476440.0
c   23   24555566               (2)3(  6.5)       3589840.0
c   24   24555566               (2)3(  6.5)       3613140.0
c   25   24555566               (4)5( 21.5)       3675940.0
c   26   24555566               (4)0(  1.5)       3784740.0
c   27   24555566               (6)2( 14.5)       3875040.0
c   28   24555566               (2)4(  8.5)       3886540.0
c   29   24555566               (2)0(  0.5)       3940040.0
c   30   24555566               (2)6( 12.5)       3957140.0
c   31   24555566               (2)4(  8.5)       3958540.0
c   32   24555566               (2)2(  4.5)       4010840.0
c   33   24555566               (2)2(  4.5)       4063040.0
c   34   24555566               (6)3( 20.5)       4077640.0
c   35   24555566               (2)4(  8.5)       4079940.0
c   36   24555566               (2)2(  4.5)       4171240.0
c   37   24555566               (4)1(  5.5)       4171640.0
c   38   24555566               (4)4( 17.5)       4173440.0
c   39   24555566               (4)3( 13.5)       4214840.0
c   40   24555566               (4)2(  9.5)       4229040.0
c   41   24555566               (6)1(  8.5)       4280440.0
c   42   24555566               (2)1(  2.5)       4324940.0
c   43   24555566               (4)3( 13.5)       4335340.0
c   44   24555566               (2)3(  6.5)       4406140.0
c   45   24555566               (2)2(  4.5)       4432840.0
c   46   24555566               (4)3( 13.5)       4483040.0
c   47   24555566               (4)2(  9.5)       4499040.0
c   48   24555566               (2)1(  2.5)       4550040.0
c   49   24555566               (4)0(  1.5)       4578540.0
c   50   24555566               (2)5( 10.5)       4600640.0
c   51   24555566               (4)6( 25.5)       4635940.0
c   52   24555566               (2)3(  6.5)       4641740.0
c   53   24555566               (4)3( 13.5)       4657940.0
c   54   24555566               (2)2(  4.5)       4698440.0
c   55   24555566               (2)2(  4.5)       4722740.0
c   56   24555566               (2)2(  4.5)       4759340.0
c   57   24555566               (2)3(  6.5)       4762040.0
c   58   24555566               (2)5( 10.5)       4764340.0
c   59   24555566               (4)2(  9.5)       4824440.0
c   60   24555566               (4)1(  5.5)       4860240.0
c   61   24555566               (2)3(  6.5)       4931940.0
c   62   24555566               (4)2(  9.5)       4944640.0
c   63   24555566               (2)5( 10.5)       4955140.0
c   64   24555566               (2)7( 14.5)       4968840.0
c   65   24555566               (2)5( 10.5)       4988940.0
c   66   24555566               (4)3( 13.5)       5027540.0
c   67   24555566               (2)4(  8.5)       5038740.0
c   68   24555566               (2)3(  6.5)       5101440.0
c   69   24555566               (2)4(  8.5)       5146240.0
c   70   24555566               (2)1(  2.5)       5160240.0
c   71   24555566               (2)6( 12.5)       5188540.0
c   72   24555566               (4)4( 17.5)       5279840.0
c   73   24555566               (2)3(  6.5)       5299640.0
c   74   24555566               (4)1(  5.5)       5299740.0
c   75   24555566               (2)5( 10.5)       5430340.0
c   76   24555566               (4)4( 17.5)       5443840.0
c   77   24555566               (2)3(  6.5)       5506040.0
c   78   24555566               (2)4(  8.5)       5521340.0
c   79   24555566               (2)2(  4.5)       5622440.0
c   80   24555566               (4)2(  9.5)       5628640.0
c   81   24555566               (2)4(  8.5)       5712140.0
c   82   24555566               (2)1(  2.5)       5725640.0
c   83   24555566               (2)1(  2.5)       5848640.0
c   84   24555566               (2)1(  2.5)       5966740.0
c   85   46518                  (2)1(  2.5)      15952740.0
c   86   46518                  (2)5( 10.5)      16224740.0
c   87   46518                  (2)3(  6.5)      16503740.0
c   88   46518                  (2)5( 10.5)      16626740.0
c   89   46518                  (2)3(  6.5)      16632740.0
c   90   46518                  (2)7( 14.5)      16681740.0
c   91   46518                  (4)4( 17.5)      16684740.0
c   92   46518                  (4)3( 13.5)      16693740.0
c   93   46518                  (4)4( 17.5)      16725740.0
c   94   46518                  (6)2( 14.5)      16727740.0
c   95   46518                  (2)5( 10.5)      16733740.0
c   96   46518                  (4)3( 13.5)      16742740.0
c   97   46518                  (2)1(  2.5)      16764740.0
c   98   46518                  (2)4(  8.5)      16782740.0
c   99   46518                  (4)1(  5.5)      16797740.0
c  100   46518                  (4)5( 21.5)      16797740.0
c  101   46518                  (2)3(  6.5)      16821740.0
c  102   46518                  (4)2(  9.5)      16824740.0
c  103   46518                  (2)3(  6.5)      16827740.0
c  104   46518                  (2)2(  4.5)      16828740.0
c  105   46518                  (2)3(  6.5)      16841740.0
c  106   46518                  (4)4( 17.5)      16854740.0
c  107   46518                  (4)6( 25.5)      16870740.0
c  108   46518                  (6)3( 20.5)      16877740.0
c  109   46518                  (4)1(  5.5)      16882740.0
c  110   46518                  (4)2(  9.5)      16899740.0
c  111   46518                  (4)3( 13.5)      16951740.0
c  112   46518                  (2)3(  6.5)      16985740.0
c  113   46518                  (2)3(  6.5)      17017740.0
c  114   46518                  (2)4(  8.5)      17027740.0
c  115   46518                  (6)1(  8.5)      17039740.0
c  116   46518                  (2)2(  4.5)      17053740.0
c  117   46518                  (2)6( 12.5)      17127740.0
c  118   46518                  (4)4( 17.5)      17129740.0
c  119   46518                  (4)2(  9.5)      17144740.0
c  120   46518                  (4)3( 13.5)      17191740.0
c  121   46518                  (2)1(  2.5)      17194740.0
c  122   46518                  (2)4(  8.5)      17258740.0
c  123   46518                  (2)1(  2.5)      17272740.0
c  124   46518                  (2)2(  4.5)      17299740.0
c  125   46518                  (4)1(  5.5)      17329740.0
c  126   46518                  (4)1(  5.5)      17338740.0
c  127   46518                  (2)3(  6.5)      17348740.0
c  128   46518                  (4)2(  9.5)      17366740.0
c  129   46518                  (2)6( 12.5)      17389740.0
c  130   46518                  (4)0(  1.5)      17399740.0
c  131   46518                  (2)2(  4.5)      17404740.0
c  132   46518                  (2)4(  8.5)      17412740.0
c  133   46518                  (2)4(  8.5)      17423740.0
c  134   46518                  (2)5( 10.5)      17435740.0
c  135   46518                  (2)5( 10.5)      17440740.0
c  136   46518                  (4)5( 21.5)      17468740.0
c  137   46518                  (4)2(  9.5)      17473740.0
c  138   46518                  (2)3(  6.5)      17495740.0
c  139   46518                  (2)2(  4.5)      17497740.0
c  140   46518                  (2)1(  2.5)      17502740.0
c  141   46518                  (2)1(  2.5)      17534740.0
c  142   46518                  (2)1(  2.5)      17579740.0
c  143   46519                  (2)0(  0.5)      17627740.0
c  144   46518                  (4)2(  9.5)      17753740.0
c  145   46518                  (4)3( 13.5)      17763740.0
c  146   46518                  (2)4(  8.5)      17791740.0
c  147   46518                  (2)2(  4.5)      17833740.0
c  148   46518                  (2)4(  8.5)      17842740.0
c  149   46518                  (2)0(  0.5)      17856740.0
c  150   46518                  (4)0(  1.5)      17896740.0
c  151   46518                  (2)2(  4.5)      17924740.0
c  152   46519                  (2)3(  6.5)      17955740.0
c  153   46518                  (2)2(  4.5)      18000740.0
c  154   46519                  (4)3( 13.5)      18064740.0
c  155   46519                  (4)1(  5.5)      18081740.0
c  156   46519                  (4)4( 17.5)      18128740.0
c  157   46519                  (4)3( 13.5)      18150740.0
c  158   46519                  (4)3( 13.5)      18154740.0
c  159   46519                  (4)5( 21.5)      18230740.0
c  160   46519                  (6)4( 26.5)      18231740.0
c  161   46519                  (4)4( 17.5)      18237740.0
c  162   46519                  (6)0(  2.5)      18246740.0
c  163   46519                  (2)1(  2.5)      18256740.0
c  164   46519                  (6)3( 20.5)      18259740.0
c  165   46519                  (2)7( 14.5)      18261740.0
c  166   46519                  (6)1(  8.5)      18266740.0
c  167   46519                  (2)2(  4.5)      18268740.0
c  168   46519                  (2)8( 16.5)      18273740.0
c  169   46519                  (2)6( 12.5)      18307740.0
c  170   46519                  (2)5( 10.5)      18314740.0
c  171   46519                  (6)2( 14.5)      18316740.0
c  172   46519                  (4)5( 21.5)      18320740.0
c  173   46519                  (2)6( 12.5)      18324740.0
c  174   46519                  (4)3( 13.5)      18328740.0
c  175   46519                  (4)4( 17.5)      18331740.0
c  176   46519                  (4)6( 25.5)      18338740.0
c  177   46519                  (4)1(  5.5)      18339740.0
c  178   46519                  (2)3(  6.5)      18347740.0
c  179   46518                  (2)0(  0.5)      18348740.0
c  180   46519                  (4)2(  9.5)      18355740.0
c  181   46519                  (2)5( 10.5)      18355740.0
c  182   46519                  (4)2(  9.5)      18368740.0
c  183   46519                  (2)1(  2.5)      18372740.0
c  184   46519                  (4)3( 13.5)      18376740.0
c  185   46519                  (4)2(  9.5)      18378740.0
c  186   46519                  (4)2(  9.5)      18410740.0
c  187   46519                  (2)5( 10.5)      18416740.0
c  188   46519                  (2)2(  4.5)      18418740.0
c  189   46519                  (4)6( 25.5)      18420740.0
c  190   46519                  (4)7( 29.5)      18421740.0
c  191   46519                  (2)3(  6.5)      18439740.0
c  192   46519                  (4)5( 21.5)      18439740.0
c  193   46519                  (4)4( 17.5)      18459740.0
c  194   46519                  (4)1(  5.5)      18470740.0
c  195   46519                  (2)3(  6.5)      18476740.0
c  196   46519                  (4)5( 21.5)      18497740.0
c  197   46519                  (4)1(  5.5)      18510740.0
c  198   46519                  (2)4(  8.5)      18531740.0
c  199   46519                  (2)4(  8.5)      18556740.0
c  200   46519                  (2)5( 10.5)      18559740.0
c  201   46519                  (2)3(  6.5)      18561740.0
c  202   46519                  (2)4(  8.5)      18562740.0
c  203   46519                  (2)6( 12.5)      18625740.0
c  204   46519                  (2)2(  4.5)      18636740.0
c  205   46519                  (2)0(  0.5)      18639740.0
c  206   46519                  (4)2(  9.5)      18653740.0
c  207   46519                  (2)2(  4.5)      18655740.0
c  208   46519                  (2)5( 10.5)      18660740.0
c  209   46519                  (4)3( 13.5)      18672740.0
c  210   46519                  (2)4(  8.5)      18700740.0
c  211   46519                  (2)5( 10.5)      18741740.0
c  212   46519                  (4)2(  9.5)      18764740.0
c  213   46519                  (2)0(  0.5)      18774740.0
c  214   46519                  (2)4(  8.5)      18782740.0
c  215   46519                  (4)0(  1.5)      18809740.0
c  216   46519                  (4)2(  9.5)      18814740.0
c  217   46519                  (4)3( 13.5)      18816740.0
c  218   46519                  (2)3(  6.5)      18830740.0
c  219   46519                  (2)6( 12.5)      18836740.0
c  220   46519                  (4)0(  1.5)      18844740.0
c  221   46519                  (2)4(  8.5)      18889740.0
c  222   46519                  (2)1(  2.5)      18896740.0
c  223   4651A                  (2)4(  8.5)      18902740.0
c  224   46519                  (2)1(  2.5)      18909740.0
c  225   46519                  (2)2(  4.5)      18918740.0
c  226   46519                  (2)2(  4.5)      18930740.0
c  227   46519                  (4)1(  5.5)      18941740.0
c  228   46519                  (4)4( 17.5)      18952740.0
c  229   46519                  (2)4(  8.5)      18953740.0
c  230   46519                  (2)5( 10.5)      18961740.0
c  231   4651A                  (2)0(  0.5)      18973740.0
c  232   46519                  (4)3( 13.5)      18975740.0
c  233   46519                  (4)4( 17.5)      18981740.0
c  234   46519                  (2)3(  6.5)      18983740.0
c  235   46519                  (2)2(  4.5)      18985740.0
c  236   46519                  (2)4(  8.5)      19010740.0
c  237   46519                  (2)6( 12.5)      19023740.0
c  238   46519                  (2)4(  8.5)      19045740.0
c  239   46519                  (2)1(  2.5)      19046740.0
c  240   46519                  (2)3(  6.5)      19052740.0
c  241   46519                  (2)4(  8.5)      19065740.0
c  242   46519                  (2)4(  8.5)      19068740.0
c  243   46519                  (2)3(  6.5)      19069740.0
c  244   46519                  (2)3(  6.5)      19078740.0
c  245   46519                  (2)7( 14.5)      19085740.0
c  246   46519                  (2)1(  2.5)      19086740.0
c  247   46519                  (2)5( 10.5)      19091740.0
c  248   46519                  (2)2(  4.5)      19094740.0
c  249   46519                  (2)2(  4.5)      19119740.0
c  250   4651A                  (2)1(  2.5)      19127740.0
c  251   4651A                  (6)3( 20.5)      19145740.0
c  252   46519                  (2)3(  6.5)      19148740.0
c  253   46519                  (2)1(  2.5)      19151740.0
c  254   4651A                  (4)6( 25.5)      19155740.0
c  255   46519                  (2)2(  4.5)      19162740.0
c  256   46519                  (2)2(  4.5)      19194740.0
c  257   46519                  (2)1(  2.5)      19216740.0
c  258   4651A                  (2)6( 12.5)      19242740.0
c  259   4651A                  (2)1(  2.5)      19255740.0
c  260   4651A                  (4)1(  5.5)      19292740.0
c  261   4651A                  (4)4( 17.5)      19295740.0
c  262   4651A                  (6)2( 14.5)      19296740.0
c  263   46519                  (2)3(  6.5)      19318740.0
c  264   4651A                  (2)4(  8.5)      19326740.0
c  265   4651A                  (2)1(  2.5)      19336740.0
c  266   4651A                  (2)2(  4.5)      19349740.0
c  267   4651A                  (6)1(  8.5)      19350740.0
c  268   46519                  (4)1(  5.5)      19362740.0
c  269   4651A                  (2)4(  8.5)      19385740.0
c  270   46519                  (2)2(  4.5)      19393740.0
c  271   4651A                  (4)7( 29.5)      19397740.0
c  272   4651A                  (2)8( 16.5)      19419740.0
c  273   4651A                  (4)5( 21.5)      19431740.0
c  274   4651A                  (2)9( 18.5)      19443740.0
c  275   4651A                  (4)3( 13.5)      19446740.0
c  276   4651A                  (4)2(  9.5)      19458740.0
c  277   4651A                  (4)5( 21.5)      19467740.0
c  278   4651A                  (2)7( 14.5)      19471740.0
c  279   4651A                  (2)5( 10.5)      19475740.0
c  280   46519                  (2)2(  4.5)      19478740.0
c  281   4651A                  (6)5( 32.5)      19490740.0
c  282   4651A                  (4)1(  5.5)      19502740.0
c  283   4651A                  (2)7( 14.5)      19512740.0
c  284   4651A                  (2)5( 10.5)      19524740.0
c  285   4651A                  (2)5( 10.5)      19531740.0
c  286   4651A                  (4)2(  9.5)      19532740.0
c  287   4651A                  (2)4(  8.5)      19555740.0
c  288   4651A                  (4)6( 25.5)      19563740.0
c  289   4651A                  (2)3(  6.5)      19582740.0
c  290   4651A                  (4)2(  9.5)      19583740.0
c  291   4651A                  (2)5( 10.5)      19584740.0
c  292   4651A                  (4)4( 17.5)      19601740.0
c  293   4651A                  (2)4(  8.5)      19607740.0
c  294   4651A                  (4)3( 13.5)      19622740.0
c  295   4651A                  (4)6( 25.5)      19628740.0
c  296   4651A                  (2)3(  6.5)      19636740.0
c  297   4651A                  (2)7( 14.5)      19639740.0
c  298   4651A                  (4)3( 13.5)      19664740.0
c  299   4651A                  (6)4( 26.5)      19672740.0
c  300   4651A                  (4)3( 13.5)      19686740.0
c  301   4651A                  (4)4( 17.5)      19701740.0
c  302   4651A                  (4)2(  9.5)      19714740.0
c  303   4651A                  (4)8( 33.5)      19718740.0
c  304   4651A                  (4)3( 13.5)      19720740.0
c  305   4651A                  (2)3(  6.5)      19722740.0
c  306   4651A                  (2)4(  8.5)      19727740.0
c  307   4651A                  (2)4(  8.5)      19734740.0
c  308   4651A                  (2)3(  6.5)      19735740.0
c  309   4651A                  (2)3(  6.5)      19737740.0
c  310   4651A                  (4)4( 17.5)      19739740.0
c  311   4651A                  (4)4( 17.5)      19740740.0
c  312   4651A                  (4)5( 21.5)      19744740.0
c  313   4651A                  (4)1(  5.5)      19746740.0
c  314   4651A                  (4)3( 13.5)      19754740.0
c  315   4651A                  (2)6( 12.5)      19755740.0
c  316   4651A                  (2)0(  0.5)      19755740.0
c  317   4651A                  (2)5( 10.5)      19755740.0
c  318   4651A                  (4)7( 29.5)      19758740.0
c  319   4651A                  (4)1(  5.5)      19760740.0
c  320   4651A                  (2)2(  4.5)      19767740.0
c  321   4651A                  (2)1(  2.5)      19767740.0
c  322   4651A                  (4)5( 21.5)      19791740.0
c  323   4651A                  (2)2(  4.5)      19792740.0
c  324   4651A                  (2)6( 12.5)      19806740.0
c  325   4651A                  (2)3(  6.5)      19817740.0
c  326   4651A                  (2)5( 10.5)      19820740.0
c  327   4651A                  (4)2(  9.5)      19823740.0
c  328   4651A                  (2)7( 14.5)      19828740.0
c  329   4651A                  (2)8( 16.5)      19831740.0
c  330   4651A                  (4)2(  9.5)      19846740.0
c  331   4651A                  (2)6( 12.5)      19847740.0
c  332   4651A                  (2)4(  8.5)      19848740.0
c  333   4651A                  (2)2(  4.5)      19857740.0
c  334   4651A                  (2)4(  8.5)      19875740.0
c  335   4651A                  (4)4( 17.5)      19876740.0
c  336   4651A                  (2)1(  2.5)      19889740.0
c  337   4651A                  (4)6( 25.5)      19892740.0
c  338   4651A                  (2)5( 10.5)      19905740.0
c  339   4651A                  (2)6( 12.5)      19909740.0
c  340   4651A                  (4)2(  9.5)      19912740.0
c  341   4651A                  (4)3( 13.5)      19912740.0
c  342   4651A                  (4)5( 21.5)      19929740.0
c  343   4651A                  (2)5( 10.5)      19932740.0
c  344   4651A                  (2)3(  6.5)      19951740.0
c  345   4651A                  (4)4( 17.5)      19972740.0
c  346   4651A                  (2)2(  4.5)      19988740.0
c  347   4651A                  (2)2(  4.5)      20017740.0
c  348   4651A                  (2)3(  6.5)      20032740.0
c  349   4651A                  (2)6( 12.5)      20057740.0
c  350   4651A                  (2)2(  4.5)      20076740.0
c  351   4651A                  (4)2(  9.5)      20079740.0
c  352   4651A                  (4)5( 21.5)      20099740.0
c  353   4651A                  (2)5( 10.5)      20117740.0
c  354   4651A                  (2)4(  8.5)      20134740.0
c  355   4651A                  (2)2(  4.5)      20137740.0
c  356   4651A                  (2)4(  8.5)      20165740.0
c  357   4651A                  (2)3(  6.5)      20166740.0
c  358   4651A                  (2)6( 12.5)      20193740.0
c  359   4651A                  (2)3(  6.5)      20194740.0
c  360   4651A                  (2)7( 14.5)      20200740.0
c  361   4651A                  (2)1(  2.5)      20214740.0
c  362   4651A                  (2)1(  2.5)      20217740.0
c  363   4651A                  (4)1(  5.5)      20222740.0
c  364   4651A                  (2)5( 10.5)      20226740.0
c  365   4651A                  (4)3( 13.5)      20228740.0
c  366   4651A                  (2)5( 10.5)      20234740.0
c  367   4651A                  (2)3(  6.5)      20246740.0
c  368   4651A                  (4)4( 17.5)      20253740.0
c  369   4651A                  (2)2(  4.5)      20263740.0
c  370   4651A                  (2)4(  8.5)      20267740.0
c  371   4651A                  (4)0(  1.5)      20274740.0
c  372   4651A                  (2)2(  4.5)      20275740.0
c  373   4651A                  (2)1(  2.5)      20278740.0
c  374   4651A                  (2)6( 12.5)      20281740.0
c  375   4651A                  (2)2(  4.5)      20324740.0
c  376   4651A                  (2)3(  6.5)      20334740.0
c  377   4651A                  (2)2(  4.5)      20334740.0
c  378   4651A                  (2)1(  2.5)      20352740.0
c  379   4651A                  (2)3(  6.5)      20366740.0
c  380   4651A                  (2)3(  6.5)      20472740.0
c  381   4651A                  (2)4(  8.5)      20532740.0
c  382   4651A                  (2)0(  0.5)      20581740.0
c  383   4651A                  (4)0(  1.5)      20717740.0
c  384   4651A                  (2)3(  6.5)      20726740.0
 
 
 
c-------------------------------------------------------------------------------
 
C  superstage partition information
C  ================================
C
C  element symbol   : W
C  parent template  : 
C  partition level  :  1
C  superstage label : 51
C
C  tabulation       : photon emissivity coefft (te,ne)
C  units            : ph. emis coef(cm^3 s^-1); te (ev); ne (cm^-3)
C
C  photon emissivity atomic transitions
C  ------------------------------------
C  
C   isel  wvlen(A)            transition                type  ispb nspb
C                                                             ispp nspp sz    tg pr wr
C  ----- ---------- ----------------------------------- ----- ---- ---- --    -- -- --
C      1   5.07956  300(4)3( 13.5)-  1(2)2(  4.5)       excit   1    1  51   257 42  1
C      2   5.18330  260(4)1(  5.5)-  1(2)2(  4.5)       excit   1    1  51   229 26  2
C      3   5.27054  267(6)1(  8.5)-  4(4)4( 17.5)       excit   1    1  51  1137 45  3
C      4   21.0049   83(2)1(  2.5)- 14(2)1(  2.5)       excit   1    1  51  4070 33  4
C      5   21.2837   54(2)2(  4.5)-  1(2)2(  4.5)       excit   1    1  51    49 48  5
C      6   22.1981   60(4)1(  5.5)-  3(4)2(  9.5)       excit   1    1  51   582 47  6
C      7   23.0662   43(4)3( 13.5)-  1(2)2(  4.5)       excit   1    1  51    40 18  7
C      8   23.1593   54(2)2(  4.5)-  5(2)3(  6.5)       excit   1    1  51  1295 40  8
C      9   25.1256   43(4)3( 13.5)-  3(4)2(  9.5)       excit   1    1  51   565 27  9
C     10   25.1748   77(2)3(  6.5)- 16(2)3(  6.5)       excit   1    1  51  4645 37 10
C     11   25.2653   43(4)3( 13.5)-  4(4)4( 17.5)       excit   1    1  51   916  5 11
C     12   25.5108   62(4)2(  9.5)- 13(2)4(  8.5)       excit   1    1  51  3741 35 12
C     13   26.4056   54(2)2(  4.5)- 11(4)1(  5.5)       excit   1    1  51  3149 49 13
C     14   27.8564   23(2)3(  6.5)-  1(2)2(  4.5)       excit   1    1  51    21 14 14
C     15   28.3781   43(4)3( 13.5)-  9(2)4(  8.5)       excit   1    1  51  2501 10 15
C     16   29.5735   44(2)3(  6.5)- 13(2)4(  8.5)       excit   1    1  51  3725 28 16
C     17   29.7917   21(4)2(  9.5)-  1(2)2(  4.5)       excit   1    1  51    19 50 17
C     18   31.3469   39(4)3( 13.5)- 13(2)4(  8.5)       excit   1    1  51  3721 32 18
C     19   31.4977   18(2)1(  2.5)-  1(2)2(  4.5)       excit   1    1  51    16  4 19
C     20   35.4673   18(2)1(  2.5)-  3(4)2(  9.5)       excit   1    1  51   541 44 20
C     21   41.4681   23(2)3(  6.5)- 15(2)2(  4.5)       excit   1    1  51  4289 24 21
C     22   48.6374   23(2)3(  6.5)- 16(2)3(  6.5)       excit   1    1  51  4595 15 22
C     23   111.199   10(2)2(  4.5)-  1(2)2(  4.5)       excit   1    1  51     8 36 23
C     24   122.168   16(2)3(  6.5)-  8(4)3( 13.5)       excit   1    1  51  2116 19 24
C     25   149.390   13(2)4(  8.5)-  3(4)2(  9.5)       excit   1    1  51   536 39 25
C     26   160.658   16(2)3(  6.5)- 11(4)1(  5.5)       excit   1    1  51  3114 22 26
C     27   165.150   12(2)5( 10.5)-  4(4)4( 17.5)       excit   1    1  51   887 25 27
C     28   179.846   11(4)1(  5.5)-  3(4)2(  9.5)       excit   1    1  51   534 20 28
C     29   183.840   10(2)2(  4.5)-  3(4)2(  9.5)       excit   1    1  51   533 31 29
C     30   192.764   10(2)2(  4.5)-  5(2)3(  6.5)       excit   1    1  51  1254 30 30
C     31   215.942   15(2)2(  4.5)-  8(4)3( 13.5)       excit   1    1  51  2115 41 31
C     32   219.221    9(2)4(  8.5)-  3(4)2(  9.5)       excit   1    1  51   532 38 32
C     33   232.029    9(2)4(  8.5)-  5(2)3(  6.5)       excit   1    1  51  1253 11 33
C     34   254.201   11(4)1(  5.5)-  7(6)0(  2.5)       excit   1    1  51  1803 16 34
C     35   265.013    4(4)4( 17.5)-  1(2)2(  4.5)       excit   1    1  51     3  2 35
C     36   277.837    8(4)3( 13.5)-  3(4)2(  9.5)       excit   1    1  51   531  9 36
C     37   281.421    3(4)2(  9.5)-  1(2)2(  4.5)       excit   1    1  51     2  1 37
C     38   295.925    8(4)3( 13.5)-  4(4)4( 17.5)       excit   1    1  51   883 13 38
C     39   298.737    8(4)3( 13.5)-  5(2)3(  6.5)       excit   1    1  51  1252 17 39
C     40   373.710   12(2)5( 10.5)-  8(4)3( 13.5)       excit   1    1  51  2112 43 40
C     41   509.926   11(4)1(  5.5)-  8(4)3( 13.5)       excit   1    1  51  2111 34 41
C     42   529.633    3(4)2(  9.5)-  2(2)0(  0.5)       excit   1    1  51   322 12 42
C     43   543.399   10(2)2(  4.5)-  8(4)3( 13.5)       excit   1    1  51  2110 46 43
C     44   566.636   14(2)1(  2.5)- 11(4)1(  5.5)       excit   1    1  51  3112 29 44
C     45   600.492    2(2)0(  0.5)-  1(2)2(  4.5)       excit   1    1  51     1  7 45
C     46   711.035    7(6)0(  2.5)-  4(4)4( 17.5)       excit   1    1  51   882  8 46
C     47   1039.10    9(2)4(  8.5)-  8(4)3( 13.5)       excit   1    1  51  2109 21 47
C     48   2387.77   13(2)4(  8.5)- 12(2)5( 10.5)       excit   1    1  51  3422 23 48
C     49   3971.41    5(2)3(  6.5)-  3(4)2(  9.5)       excit   1    1  51   528  6 49
C     50   4545.45    4(4)4( 17.5)-  3(4)2(  9.5)       excit   1    1  51   527  3 50
c-------------------------------------------------------------------------------
                                                                                
C  code     : adas810
C  producer : Adam Foster
C  date     : 15/05/09
                                                                                
c-------------------------------------------------------------------------------

C-----------------------------------------------------------------------
C                               OPEN-ADAS
C                               +++++++++
C
C This file has been downloaded from OPEN-ADAS (http://open.adas.ac.uk)
C on 26-Mar-2025.
C
C TERMS AND CONDITIONS
C --------------------
C
C The user of the OPEN-ADAS system and data (hereinafter "the User")
C accepts the following terms and conditions:
C
C   1. The University of Strathclyde uses all reasonable endeavours to
C      ensure the accuracy of the data provided and any information
C      given, but the University makes no warranty, expressed or implied
C      as to its accuracy, integrity, fitness for purpose and shall not
C      be responsible for the use to which the data is put by the User
C      and/or any consequences arising out of any inaccuracies or
C      omissions.
C
C   2. Any downloaded OPEN-ADAS file is made available for the
C      personal use of the User only.  It must not be used for any
C      commercial application, incorporated into any web site or in
C      any form re-distributed without express prior written permission
C      from the ADAS Project. In particular, but not by way of
C      limitation, it must not be:
C        *  inserted into a managed database structure,
C        *  redistributed along with a modelling or analysis code,
C        *  made available on a public website.
C
C Permission for OPEN-ADAS data incorporation in non-commercial
C code/system development for scientific advance will not be
C unreasonably withheld, but will be subject to written agreement
C on a case by case basis.
C
C The User will indemnify the University of Strathclyde and keep it
C fully and effectively indemnified against each and every claim made
C against the University as a result of the User's use of the data.
C
C-----------------------------------------------------------------------
