   50    /W :35 photon emissivity coefficients/
--------------------------------------------------------------------------------
    1    1    1    1    1    1    1    1    1    1    1    1    1    1
    1    1    1    1    1    1    1    1    1    1    1    1    1    1
    1    1    1    1    1    1    1    1    1    1    1    1    1    1
    1    1    1    1    1    1    1    1    1    1    1    1    1    1
    1    1    1    1    1    1    1    1    1    1    1    1    1    1
    1    1    1    1    1
--------------------------------------------------------------------------------
//#01/p00/ 00/p01/ 01/p02/ 02/p03/ 03/p04/ 04/p05/ 05/p06/ 06/p07/ 07/p08/ 08/  
      p09/ 09/p10/ 10/p11/ 11/p12/ 12/p13/ 13/p14/ 14/p15/ 15/p16/ 16/p17/ 17/  
      p18/ 18/p19/ 19/p20/ 20/p21/ 21/p22/ 22/p23/ 23/p24/ 24/p25/ 25/p26/ 26/  
      p27/ 27/p28/ 28/p29/ 29/p30/ 30/p31/ 31/p32/ 32/p33/ 33/p34/ 34/p35/ 35/  
      p36/ 36/p37/ 37/p38/ 38/p39/ 39/p40/ 40/p41/ 41/p42/ 42/p43/ 43/p44/ 44/  
      p45/ 45/p46/ 46/p47/ 47/p48/ 48/p49/ 49/p50/ 50/p51/ 51/p52/ 52/p53/ 53/  
      p54/ 54/p55/ 55/p56/ 56/p57/ 57/p58/ 58/p59/ 59/p60/ 60/p61/ 61/p62/ 62/  
      p63/ 63/p64/ 64/p65/ 65/p66/ 66/p67/ 67/p68/ 68/p69/ 69/p70/ 70/p71/ 71/  
      p72/ 72/p73/ 73/p74/ 74/                                                  
--------------------------------------------------------------------------------
  46.9776    7  14 /pl=01:ss=35:pb= 1:sz=35/type=excit/ispb = t/isel =    1
 1.00E+10 1.00E+11 1.00E+12 1.00E+13 1.00E+14 1.00E+15 1.00E+16
 2.23E+01 3.35E+01 5.58E+01 1.12E+02 2.23E+02 5.58E+02 1.12E+03 1.68E+03
 2.23E+03 3.35E+03 5.58E+03 1.12E+04 2.23E+04 3.35E+04
 4.45E-15 1.87E-13 3.42E-12 2.64E-11 6.42E-11 9.43E-11 9.81E-11 9.49E-11
 9.21E-11 8.63E-11 7.79E-11 6.65E-11 5.51E-11 4.88E-11
 4.44E-15 1.87E-13 3.40E-12 2.59E-11 6.18E-11 8.98E-11 9.33E-11 9.04E-11
 8.79E-11 8.26E-11 7.49E-11 6.43E-11 5.36E-11 4.76E-11
 4.34E-15 1.82E-13 3.20E-12 2.17E-11 4.64E-11 6.34E-11 6.57E-11 6.43E-11
 6.30E-11 6.01E-11 5.58E-11 4.96E-11 4.29E-11 3.88E-11
 3.59E-15 1.44E-13 2.15E-12 1.10E-11 2.16E-11 2.90E-11 2.99E-11 2.92E-11
 2.86E-11 2.74E-11 2.56E-11 2.30E-11 2.04E-11 1.88E-11
 1.91E-15 7.33E-14 1.04E-12 6.21E-12 1.37E-11 1.92E-11 1.97E-11 1.92E-11
 1.86E-11 1.75E-11 1.60E-11 1.38E-11 1.17E-11 1.05E-11
 1.26E-15 4.80E-14 7.71E-13 5.34E-12 1.24E-11 1.76E-11 1.81E-11 1.75E-11
 1.70E-11 1.59E-11 1.43E-11 1.22E-11 1.01E-11 8.99E-12
 1.17E-15 4.43E-14 7.34E-13 5.23E-12 1.22E-11 1.74E-11 1.79E-11 1.73E-11
 1.68E-11 1.57E-11 1.41E-11 1.20E-11 9.94E-12 8.80E-12
  47.1338    7  14 /pl=01:ss=35:pb= 1:sz=35/type=excit/ispb = t/isel =    2
 1.00E+10 1.00E+11 1.00E+12 1.00E+13 1.00E+14 1.00E+15 1.00E+16
 2.23E+01 3.35E+01 5.58E+01 1.12E+02 2.23E+02 5.58E+02 1.12E+03 1.68E+03
 2.23E+03 3.35E+03 5.58E+03 1.12E+04 2.23E+04 3.35E+04
 2.52E-15 1.06E-13 1.94E-12 1.50E-11 3.64E-11 5.34E-11 5.56E-11 5.38E-11
 5.22E-11 4.89E-11 4.42E-11 3.77E-11 3.12E-11 2.76E-11
 2.52E-15 1.06E-13 1.93E-12 1.47E-11 3.50E-11 5.09E-11 5.29E-11 5.13E-11
 4.98E-11 4.68E-11 4.25E-11 3.64E-11 3.04E-11 2.70E-11
 2.46E-15 1.03E-13 1.81E-12 1.23E-11 2.63E-11 3.60E-11 3.73E-11 3.64E-11
 3.57E-11 3.41E-11 3.16E-11 2.81E-11 2.43E-11 2.20E-11
 2.03E-15 8.18E-14 1.22E-12 6.24E-12 1.23E-11 1.64E-11 1.69E-11 1.66E-11
 1.62E-11 1.55E-11 1.45E-11 1.30E-11 1.15E-11 1.07E-11
 1.08E-15 4.15E-14 5.90E-13 3.52E-12 7.77E-12 1.09E-11 1.12E-11 1.09E-11
 1.06E-11 9.94E-12 9.05E-12 7.82E-12 6.63E-12 5.97E-12
 7.16E-16 2.72E-14 4.37E-13 3.02E-12 7.01E-12 9.99E-12 1.03E-11 9.93E-12
 9.61E-12 9.00E-12 8.13E-12 6.91E-12 5.75E-12 5.10E-12
 6.64E-16 2.51E-14 4.16E-13 2.96E-12 6.92E-12 9.88E-12 1.01E-11 9.82E-12
 9.50E-12 8.89E-12 8.02E-12 6.80E-12 5.63E-12 4.99E-12
  47.8819    7  14 /pl=01:ss=35:pb= 1:sz=35/type=excit/ispb = t/isel =    3
 1.00E+10 1.00E+11 1.00E+12 1.00E+13 1.00E+14 1.00E+15 1.00E+16
 2.23E+01 3.35E+01 5.58E+01 1.12E+02 2.23E+02 5.58E+02 1.12E+03 1.68E+03
 2.23E+03 3.35E+03 5.58E+03 1.12E+04 2.23E+04 3.35E+04
 2.54E-15 1.07E-13 1.95E-12 1.51E-11 3.66E-11 5.38E-11 5.60E-11 5.42E-11
 5.25E-11 4.92E-11 4.45E-11 3.79E-11 3.14E-11 2.78E-11
 2.53E-15 1.07E-13 1.94E-12 1.48E-11 3.53E-11 5.12E-11 5.32E-11 5.16E-11
 5.01E-11 4.71E-11 4.28E-11 3.67E-11 3.06E-11 2.71E-11
 2.48E-15 1.04E-13 1.82E-12 1.24E-11 2.65E-11 3.62E-11 3.75E-11 3.67E-11
 3.59E-11 3.43E-11 3.19E-11 2.83E-11 2.45E-11 2.22E-11
 2.05E-15 8.24E-14 1.23E-12 6.28E-12 1.23E-11 1.65E-11 1.70E-11 1.67E-11
 1.63E-11 1.56E-11 1.46E-11 1.31E-11 1.16E-11 1.07E-11
 1.09E-15 4.18E-14 5.94E-13 3.54E-12 7.82E-12 1.10E-11 1.13E-11 1.09E-11
 1.06E-11 1.00E-11 9.12E-12 7.88E-12 6.68E-12 6.01E-12
 7.21E-16 2.74E-14 4.40E-13 3.05E-12 7.06E-12 1.01E-11 1.03E-11 1.00E-11
 9.68E-12 9.06E-12 8.18E-12 6.96E-12 5.78E-12 5.13E-12
 6.69E-16 2.53E-14 4.19E-13 2.98E-12 6.97E-12 9.95E-12 1.02E-11 9.89E-12
 9.57E-12 8.95E-12 8.07E-12 6.84E-12 5.67E-12 5.02E-12
  49.7701    7  14 /pl=01:ss=35:pb= 1:sz=35/type=excit/ispb = t/isel =    4
 1.00E+10 1.00E+11 1.00E+12 1.00E+13 1.00E+14 1.00E+15 1.00E+16
 2.23E+01 3.35E+01 5.58E+01 1.12E+02 2.23E+02 5.58E+02 1.12E+03 1.68E+03
 2.23E+03 3.35E+03 5.58E+03 1.12E+04 2.23E+04 3.35E+04
 1.07E-15 5.83E-14 1.32E-12 1.19E-11 3.18E-11 4.98E-11 5.28E-11 5.15E-11
 4.98E-11 4.68E-11 4.21E-11 3.54E-11 2.91E-11 2.57E-11
 1.07E-15 5.81E-14 1.31E-12 1.17E-11 3.05E-11 4.73E-11 5.00E-11 4.89E-11
 4.74E-11 4.47E-11 4.03E-11 3.42E-11 2.82E-11 2.50E-11
 1.04E-15 5.64E-14 1.22E-12 9.66E-12 2.24E-11 3.26E-11 3.44E-11 3.39E-11
 3.32E-11 3.18E-11 2.94E-11 2.59E-11 2.22E-11 2.01E-11
 8.59E-16 4.45E-14 8.07E-13 4.87E-12 1.10E-11 1.64E-11 1.72E-11 1.68E-11
 1.64E-11 1.55E-11 1.42E-11 1.23E-11 1.06E-11 9.72E-12
 5.24E-16 2.60E-14 5.16E-13 4.91E-12 1.38E-11 2.17E-11 2.27E-11 2.20E-11
 2.11E-11 1.96E-11 1.73E-11 1.41E-11 1.12E-11 9.70E-12
 7.03E-16 3.51E-14 7.56E-13 6.68E-12 1.73E-11 2.64E-11 2.75E-11 2.68E-11
 2.59E-11 2.43E-11 2.18E-11 1.83E-11 1.50E-11 1.32E-11
 8.53E-16 4.18E-14 8.47E-13 7.04E-12 1.79E-11 2.71E-11 2.82E-11 2.75E-11
 2.66E-11 2.50E-11 2.26E-11 1.91E-11 1.58E-11 1.40E-11
  50.0894    7  14 /pl=01:ss=35:pb= 1:sz=35/type=excit/ispb = t/isel =    5
 1.00E+10 1.00E+11 1.00E+12 1.00E+13 1.00E+14 1.00E+15 1.00E+16
 2.23E+01 3.35E+01 5.58E+01 1.12E+02 2.23E+02 5.58E+02 1.12E+03 1.68E+03
 2.23E+03 3.35E+03 5.58E+03 1.12E+04 2.23E+04 3.35E+04
 4.93E-15 2.07E-13 3.79E-12 2.92E-11 7.10E-11 1.04E-10 1.09E-10 1.05E-10
 1.02E-10 9.54E-11 8.62E-11 7.36E-11 6.10E-11 5.39E-11
 4.91E-15 2.07E-13 3.76E-12 2.86E-11 6.84E-11 9.93E-11 1.03E-10 1.00E-10
 9.72E-11 9.14E-11 8.29E-11 7.11E-11 5.93E-11 5.26E-11
 4.80E-15 2.01E-13 3.54E-12 2.40E-11 5.14E-11 7.02E-11 7.27E-11 7.11E-11
 6.97E-11 6.65E-11 6.18E-11 5.49E-11 4.74E-11 4.30E-11
 3.97E-15 1.60E-13 2.38E-12 1.22E-11 2.39E-11 3.21E-11 3.31E-11 3.23E-11
 3.17E-11 3.03E-11 2.83E-11 2.54E-11 2.25E-11 2.08E-11
 2.12E-15 8.11E-14 1.15E-12 6.87E-12 1.52E-11 2.13E-11 2.19E-11 2.12E-11
 2.06E-11 1.94E-11 1.77E-11 1.53E-11 1.29E-11 1.16E-11
 1.40E-15 5.31E-14 8.53E-13 5.91E-12 1.37E-11 1.95E-11 2.00E-11 1.94E-11
 1.88E-11 1.76E-11 1.59E-11 1.35E-11 1.12E-11 9.95E-12
 1.30E-15 4.90E-14 8.12E-13 5.79E-12 1.35E-11 1.93E-11 1.98E-11 1.92E-11
 1.86E-11 1.73E-11 1.56E-11 1.33E-11 1.10E-11 9.74E-12
  51.2014    7  14 /pl=01:ss=35:pb= 1:sz=35/type=excit/ispb = t/isel =    6
 1.00E+10 1.00E+11 1.00E+12 1.00E+13 1.00E+14 1.00E+15 1.00E+16
 2.23E+01 3.35E+01 5.58E+01 1.12E+02 2.23E+02 5.58E+02 1.12E+03 1.68E+03
 2.23E+03 3.35E+03 5.58E+03 1.12E+04 2.23E+04 3.35E+04
 7.52E-15 2.29E-13 3.22E-12 2.04E-11 4.50E-11 6.23E-11 6.33E-11 6.14E-11
 5.92E-11 5.55E-11 5.05E-11 4.28E-11 3.54E-11 3.15E-11
 7.50E-15 2.28E-13 3.20E-12 2.00E-11 4.35E-11 5.95E-11 6.04E-11 5.87E-11
 5.67E-11 5.33E-11 4.87E-11 4.15E-11 3.45E-11 3.08E-11
 7.34E-15 2.22E-13 3.03E-12 1.71E-11 3.35E-11 4.35E-11 4.40E-11 4.31E-11
 4.20E-11 4.00E-11 3.73E-11 3.28E-11 2.81E-11 2.56E-11
 6.18E-15 1.80E-13 2.12E-12 9.27E-12 1.67E-11 2.12E-11 2.14E-11 2.09E-11
 2.04E-11 1.95E-11 1.82E-11 1.63E-11 1.43E-11 1.33E-11
 3.52E-15 9.80E-14 1.08E-12 5.26E-12 1.04E-11 1.37E-11 1.38E-11 1.34E-11
 1.30E-11 1.22E-11 1.12E-11 9.66E-12 8.20E-12 7.42E-12
 2.30E-15 6.31E-14 7.76E-13 4.39E-12 9.21E-12 1.24E-11 1.24E-11 1.20E-11
 1.16E-11 1.08E-11 9.81E-12 8.34E-12 6.92E-12 6.17E-12
 2.06E-15 5.63E-14 7.26E-13 4.28E-12 9.06E-12 1.22E-11 1.23E-11 1.18E-11
 1.14E-11 1.07E-11 9.64E-12 8.17E-12 6.76E-12 6.00E-12
  51.3342    7  14 /pl=01:ss=35:pb= 1:sz=35/type=excit/ispb = t/isel =    7
 1.00E+10 1.00E+11 1.00E+12 1.00E+13 1.00E+14 1.00E+15 1.00E+16
 2.23E+01 3.35E+01 5.58E+01 1.12E+02 2.23E+02 5.58E+02 1.12E+03 1.68E+03
 2.23E+03 3.35E+03 5.58E+03 1.12E+04 2.23E+04 3.35E+04
 6.45E-15 1.97E-13 2.79E-12 1.77E-11 3.91E-11 5.45E-11 5.56E-11 5.39E-11
 5.20E-11 4.88E-11 4.41E-11 3.75E-11 3.09E-11 2.76E-11
 6.44E-15 1.97E-13 2.78E-12 1.75E-11 3.84E-11 5.33E-11 5.43E-11 5.27E-11
 5.09E-11 4.78E-11 4.33E-11 3.69E-11 3.05E-11 2.73E-11
 6.38E-15 1.94E-13 2.70E-12 1.62E-11 3.37E-11 4.53E-11 4.61E-11 4.49E-11
 4.35E-11 4.11E-11 3.76E-11 3.25E-11 2.73E-11 2.47E-11
 5.92E-15 1.77E-13 2.27E-12 1.16E-11 2.23E-11 2.92E-11 2.94E-11 2.86E-11
 2.78E-11 2.63E-11 2.42E-11 2.12E-11 1.82E-11 1.66E-11
 4.60E-15 1.31E-13 1.54E-12 7.98E-12 1.64E-11 2.20E-11 2.21E-11 2.14E-11
 2.06E-11 1.93E-11 1.75E-11 1.49E-11 1.25E-11 1.12E-11
 3.67E-15 1.01E-13 1.26E-12 7.25E-12 1.54E-11 2.09E-11 2.10E-11 2.03E-11
 1.95E-11 1.82E-11 1.64E-11 1.38E-11 1.14E-11 1.01E-11
 3.46E-15 9.49E-14 1.22E-12 7.17E-12 1.53E-11 2.08E-11 2.09E-11 2.02E-11
 1.94E-11 1.81E-11 1.63E-11 1.37E-11 1.13E-11 1.00E-11
  51.3870    7  14 /pl=01:ss=35:pb= 1:sz=35/type=excit/ispb = t/isel =    8
 1.00E+10 1.00E+11 1.00E+12 1.00E+13 1.00E+14 1.00E+15 1.00E+16
 2.23E+01 3.35E+01 5.58E+01 1.12E+02 2.23E+02 5.58E+02 1.12E+03 1.68E+03
 2.23E+03 3.35E+03 5.58E+03 1.12E+04 2.23E+04 3.35E+04
 6.50E-15 1.98E-13 2.79E-12 1.77E-11 3.89E-11 5.38E-11 5.47E-11 5.30E-11
 5.12E-11 4.79E-11 4.36E-11 3.70E-11 3.06E-11 2.72E-11
 6.48E-15 1.97E-13 2.77E-12 1.73E-11 3.76E-11 5.15E-11 5.22E-11 5.08E-11
 4.90E-11 4.61E-11 4.21E-11 3.58E-11 2.98E-11 2.66E-11
 6.35E-15 1.92E-13 2.62E-12 1.48E-11 2.90E-11 3.76E-11 3.81E-11 3.72E-11
 3.63E-11 3.45E-11 3.22E-11 2.83E-11 2.43E-11 2.21E-11
 5.34E-15 1.56E-13 1.83E-12 8.01E-12 1.45E-11 1.83E-11 1.85E-11 1.81E-11
 1.76E-11 1.68E-11 1.58E-11 1.41E-11 1.24E-11 1.15E-11
 3.04E-15 8.47E-14 9.37E-13 4.55E-12 9.00E-12 1.19E-11 1.19E-11 1.16E-11
 1.12E-11 1.06E-11 9.65E-12 8.35E-12 7.09E-12 6.41E-12
 1.99E-15 5.45E-14 6.71E-13 3.80E-12 7.96E-12 1.07E-11 1.07E-11 1.04E-11
 1.00E-11 9.37E-12 8.48E-12 7.21E-12 5.98E-12 5.33E-12
 1.78E-15 4.87E-14 6.28E-13 3.70E-12 7.83E-12 1.06E-11 1.06E-11 1.02E-11
 9.87E-12 9.23E-12 8.33E-12 7.06E-12 5.84E-12 5.19E-12
  51.8437    7  14 /pl=01:ss=35:pb= 1:sz=35/type=excit/ispb = t/isel =    9
 1.00E+10 1.00E+11 1.00E+12 1.00E+13 1.00E+14 1.00E+15 1.00E+16
 2.23E+01 3.35E+01 5.58E+01 1.12E+02 2.23E+02 5.58E+02 1.12E+03 1.68E+03
 2.23E+03 3.35E+03 5.58E+03 1.12E+04 2.23E+04 3.35E+04
 9.61E-15 2.80E-13 3.81E-12 2.36E-11 5.16E-11 7.19E-11 7.30E-11 7.05E-11
 6.77E-11 6.32E-11 5.67E-11 4.76E-11 3.91E-11 3.45E-11
 9.58E-15 2.79E-13 3.78E-12 2.30E-11 4.94E-11 6.79E-11 6.90E-11 6.68E-11
 6.43E-11 6.01E-11 5.42E-11 4.58E-11 3.79E-11 3.35E-11
 9.33E-15 2.69E-13 3.52E-12 1.88E-11 3.53E-11 4.51E-11 4.57E-11 4.47E-11
 4.35E-11 4.14E-11 3.84E-11 3.39E-11 2.92E-11 2.65E-11
 7.45E-15 2.06E-13 2.18E-12 7.77E-12 1.22E-11 1.48E-11 1.49E-11 1.47E-11
 1.44E-11 1.39E-11 1.31E-11 1.20E-11 1.10E-11 1.03E-11
 3.18E-15 8.10E-14 7.30E-13 2.88E-12 5.50E-12 7.32E-12 7.40E-12 7.16E-12
 6.90E-12 6.47E-12 5.86E-12 5.02E-12 4.25E-12 3.84E-12
 1.46E-15 3.75E-14 4.32E-13 2.39E-12 5.02E-12 6.85E-12 6.93E-12 6.68E-12
 6.41E-12 5.97E-12 5.34E-12 4.47E-12 3.67E-12 3.23E-12
 1.26E-15 3.31E-14 4.10E-13 2.36E-12 4.99E-12 6.83E-12 6.90E-12 6.65E-12
 6.39E-12 5.94E-12 5.32E-12 4.45E-12 3.64E-12 3.21E-12
  52.0570    7  14 /pl=01:ss=35:pb= 1:sz=35/type=excit/ispb = t/isel =   10
 1.00E+10 1.00E+11 1.00E+12 1.00E+13 1.00E+14 1.00E+15 1.00E+16
 2.23E+01 3.35E+01 5.58E+01 1.12E+02 2.23E+02 5.58E+02 1.12E+03 1.68E+03
 2.23E+03 3.35E+03 5.58E+03 1.12E+04 2.23E+04 3.35E+04
 8.60E-15 2.47E-13 3.31E-12 2.03E-11 4.40E-11 6.05E-11 6.14E-11 5.94E-11
 5.72E-11 5.35E-11 4.83E-11 4.08E-11 3.39E-11 3.01E-11
 8.57E-15 2.46E-13 3.29E-12 1.99E-11 4.23E-11 5.75E-11 5.84E-11 5.65E-11
 5.46E-11 5.12E-11 4.64E-11 3.94E-11 3.30E-11 2.93E-11
 8.37E-15 2.39E-13 3.09E-12 1.66E-11 3.16E-11 4.03E-11 4.08E-11 3.99E-11
 3.88E-11 3.70E-11 3.43E-11 3.02E-11 2.62E-11 2.38E-11
 6.87E-15 1.88E-13 2.05E-12 8.22E-12 1.43E-11 1.80E-11 1.82E-11 1.77E-11
 1.73E-11 1.65E-11 1.53E-11 1.37E-11 1.22E-11 1.13E-11
 3.57E-15 9.30E-14 9.70E-13 4.69E-12 9.39E-12 1.25E-11 1.26E-11 1.22E-11
 1.17E-11 1.10E-11 9.95E-12 8.48E-12 7.14E-12 6.40E-12
 2.41E-15 6.24E-14 7.51E-13 4.21E-12 8.77E-12 1.18E-11 1.19E-11 1.14E-11
 1.10E-11 1.03E-11 9.24E-12 7.78E-12 6.45E-12 5.71E-12
 2.29E-15 5.90E-14 7.28E-13 4.16E-12 8.70E-12 1.17E-11 1.18E-11 1.14E-11
 1.09E-11 1.02E-11 9.16E-12 7.70E-12 6.37E-12 5.63E-12
  52.2774    7  14 /pl=01:ss=35:pb= 1:sz=35/type=excit/ispb = t/isel =   11
 1.00E+10 1.00E+11 1.00E+12 1.00E+13 1.00E+14 1.00E+15 1.00E+16
 2.23E+01 3.35E+01 5.58E+01 1.12E+02 2.23E+02 5.58E+02 1.12E+03 1.68E+03
 2.23E+03 3.35E+03 5.58E+03 1.12E+04 2.23E+04 3.35E+04
 1.15E-14 3.51E-13 4.95E-12 3.13E-11 6.90E-11 9.55E-11 9.70E-11 9.41E-11
 9.08E-11 8.51E-11 7.74E-11 6.56E-11 5.43E-11 4.82E-11
 1.15E-14 3.50E-13 4.92E-12 3.08E-11 6.67E-11 9.13E-11 9.27E-11 9.01E-11
 8.70E-11 8.18E-11 7.47E-11 6.36E-11 5.29E-11 4.72E-11
 1.13E-14 3.41E-13 4.65E-12 2.62E-11 5.15E-11 6.67E-11 6.75E-11 6.61E-11
 6.44E-11 6.13E-11 5.71E-11 5.03E-11 4.32E-11 3.92E-11
 9.48E-15 2.77E-13 3.25E-12 1.42E-11 2.57E-11 3.25E-11 3.28E-11 3.21E-11
 3.13E-11 2.99E-11 2.80E-11 2.50E-11 2.20E-11 2.03E-11
 5.41E-15 1.50E-13 1.66E-12 8.07E-12 1.60E-11 2.11E-11 2.12E-11 2.05E-11
 1.99E-11 1.87E-11 1.71E-11 1.48E-11 1.26E-11 1.14E-11
 3.53E-15 9.68E-14 1.19E-12 6.74E-12 1.41E-11 1.90E-11 1.91E-11 1.84E-11
 1.78E-11 1.66E-11 1.50E-11 1.28E-11 1.06E-11 9.46E-12
 3.16E-15 8.64E-14 1.11E-12 6.57E-12 1.39E-11 1.87E-11 1.88E-11 1.82E-11
 1.75E-11 1.64E-11 1.48E-11 1.25E-11 1.04E-11 9.21E-12
  53.1697    7  14 /pl=01:ss=35:pb= 1:sz=35/type=excit/ispb = t/isel =   12
 1.00E+10 1.00E+11 1.00E+12 1.00E+13 1.00E+14 1.00E+15 1.00E+16
 2.23E+01 3.35E+01 5.58E+01 1.12E+02 2.23E+02 5.58E+02 1.12E+03 1.68E+03
 2.23E+03 3.35E+03 5.58E+03 1.12E+04 2.23E+04 3.35E+04
 1.12E-14 3.21E-13 4.31E-12 2.64E-11 5.72E-11 7.86E-11 7.99E-11 7.72E-11
 7.44E-11 6.96E-11 6.28E-11 5.31E-11 4.41E-11 3.91E-11
 1.12E-14 3.20E-13 4.28E-12 2.58E-11 5.50E-11 7.48E-11 7.59E-11 7.35E-11
 7.10E-11 6.66E-11 6.03E-11 5.13E-11 4.29E-11 3.81E-11
 1.09E-14 3.10E-13 4.02E-12 2.16E-11 4.10E-11 5.24E-11 5.31E-11 5.19E-11
 5.05E-11 4.82E-11 4.47E-11 3.93E-11 3.41E-11 3.10E-11
 8.94E-15 2.45E-13 2.66E-12 1.07E-11 1.86E-11 2.34E-11 2.36E-11 2.31E-11
 2.25E-11 2.14E-11 2.00E-11 1.78E-11 1.58E-11 1.46E-11
 4.65E-15 1.21E-13 1.26E-12 6.10E-12 1.22E-11 1.62E-11 1.64E-11 1.58E-11
 1.52E-11 1.43E-11 1.29E-11 1.10E-11 9.29E-12 8.32E-12
 3.13E-15 8.12E-14 9.76E-13 5.47E-12 1.14E-11 1.53E-11 1.54E-11 1.49E-11
 1.43E-11 1.33E-11 1.20E-11 1.01E-11 8.38E-12 7.43E-12
 2.97E-15 7.68E-14 9.46E-13 5.41E-12 1.13E-11 1.52E-11 1.53E-11 1.48E-11
 1.42E-11 1.32E-11 1.19E-11 1.00E-11 8.28E-12 7.32E-12
  56.0358    7  14 /pl=01:ss=35:pb= 1:sz=35/type=excit/ispb = t/isel =   13
 1.00E+10 1.00E+11 1.00E+12 1.00E+13 1.00E+14 1.00E+15 1.00E+16
 2.23E+01 3.35E+01 5.58E+01 1.12E+02 2.23E+02 5.58E+02 1.12E+03 1.68E+03
 2.23E+03 3.35E+03 5.58E+03 1.12E+04 2.23E+04 3.35E+04
 4.61E-14 1.03E-12 1.13E-11 5.97E-11 1.21E-10 1.60E-10 1.60E-10 1.54E-10
 1.47E-10 1.37E-10 1.23E-10 1.03E-10 8.47E-11 7.48E-11
 4.60E-14 1.03E-12 1.12E-11 5.88E-11 1.17E-10 1.54E-10 1.54E-10 1.48E-10
 1.42E-10 1.33E-10 1.19E-10 1.01E-10 8.29E-11 7.34E-11
 4.52E-14 1.01E-12 1.07E-11 5.15E-11 9.47E-11 1.19E-10 1.19E-10 1.15E-10
 1.11E-10 1.05E-10 9.57E-11 8.29E-11 7.01E-11 6.30E-11
 3.94E-14 8.51E-13 8.02E-12 3.13E-11 5.33E-11 6.54E-11 6.51E-11 6.30E-11
 6.09E-11 5.76E-11 5.30E-11 4.65E-11 4.02E-11 3.67E-11
 2.54E-14 5.23E-13 4.64E-12 1.91E-11 3.50E-11 4.44E-11 4.42E-11 4.25E-11
 4.08E-11 3.82E-11 3.45E-11 2.94E-11 2.47E-11 2.21E-11
 1.78E-14 3.58E-13 3.45E-12 1.63E-11 3.14E-11 4.05E-11 4.03E-11 3.86E-11
 3.70E-11 3.44E-11 3.08E-11 2.58E-11 2.12E-11 1.88E-11
 1.62E-14 3.24E-13 3.25E-12 1.59E-11 3.09E-11 4.00E-11 3.98E-11 3.82E-11
 3.65E-11 3.39E-11 3.03E-11 2.54E-11 2.08E-11 1.83E-11
  56.2582    7  14 /pl=01:ss=35:pb= 1:sz=35/type=excit/ispb = t/isel =   14
 1.00E+10 1.00E+11 1.00E+12 1.00E+13 1.00E+14 1.00E+15 1.00E+16
 2.23E+01 3.35E+01 5.58E+01 1.12E+02 2.23E+02 5.58E+02 1.12E+03 1.68E+03
 2.23E+03 3.35E+03 5.58E+03 1.12E+04 2.23E+04 3.35E+04
 7.35E-14 1.64E-12 1.80E-11 9.52E-11 1.92E-10 2.55E-10 2.55E-10 2.45E-10
 2.35E-10 2.19E-10 1.96E-10 1.65E-10 1.35E-10 1.19E-10
 7.34E-14 1.64E-12 1.79E-11 9.37E-11 1.87E-10 2.46E-10 2.46E-10 2.36E-10
 2.27E-10 2.11E-10 1.90E-10 1.61E-10 1.32E-10 1.17E-10
 7.21E-14 1.60E-12 1.71E-11 8.22E-11 1.51E-10 1.90E-10 1.89E-10 1.83E-10
 1.77E-10 1.67E-10 1.53E-10 1.32E-10 1.12E-10 1.01E-10
 6.29E-14 1.36E-12 1.28E-11 4.99E-11 8.50E-11 1.04E-10 1.04E-10 1.01E-10
 9.71E-11 9.19E-11 8.46E-11 7.42E-11 6.42E-11 5.86E-11
 4.05E-14 8.35E-13 7.40E-12 3.05E-11 5.59E-11 7.09E-11 7.05E-11 6.78E-11
 6.51E-11 6.09E-11 5.50E-11 4.70E-11 3.94E-11 3.53E-11
 2.84E-14 5.72E-13 5.50E-12 2.60E-11 5.00E-11 6.46E-11 6.42E-11 6.16E-11
 5.90E-11 5.48E-11 4.91E-11 4.12E-11 3.39E-11 3.00E-11
 2.58E-14 5.18E-13 5.19E-12 2.54E-11 4.93E-11 6.39E-11 6.35E-11 6.09E-11
 5.82E-11 5.41E-11 4.84E-11 4.05E-11 3.32E-11 2.93E-11
  56.5925    7  14 /pl=01:ss=35:pb= 1:sz=35/type=excit/ispb = t/isel =   15
 1.00E+10 1.00E+11 1.00E+12 1.00E+13 1.00E+14 1.00E+15 1.00E+16
 2.23E+01 3.35E+01 5.58E+01 1.12E+02 2.23E+02 5.58E+02 1.12E+03 1.68E+03
 2.23E+03 3.35E+03 5.58E+03 1.12E+04 2.23E+04 3.35E+04
 1.54E-14 3.36E-13 3.63E-12 1.91E-11 3.89E-11 5.28E-11 5.34E-11 5.14E-11
 4.94E-11 4.58E-11 4.10E-11 3.42E-11 2.79E-11 2.45E-11
 1.54E-14 3.38E-13 3.67E-12 1.97E-11 4.11E-11 5.64E-11 5.71E-11 5.48E-11
 5.26E-11 4.86E-11 4.32E-11 3.58E-11 2.90E-11 2.54E-11
 1.61E-14 3.54E-13 4.03E-12 2.43E-11 5.41E-11 7.53E-11 7.57E-11 7.24E-11
 6.92E-11 6.36E-11 5.60E-11 4.57E-11 3.63E-11 3.14E-11
 2.07E-14 4.65E-13 5.68E-12 3.23E-11 6.36E-11 8.26E-11 8.24E-11 7.93E-11
 7.63E-11 7.11E-11 6.40E-11 5.40E-11 4.45E-11 3.93E-11
 2.92E-14 6.20E-13 6.29E-12 2.89E-11 5.41E-11 6.95E-11 6.91E-11 6.65E-11
 6.39E-11 5.96E-11 5.37E-11 4.55E-11 3.77E-11 3.36E-11
 2.86E-14 5.71E-13 5.53E-12 2.61E-11 5.02E-11 6.51E-11 6.47E-11 6.22E-11
 5.96E-11 5.53E-11 4.96E-11 4.16E-11 3.41E-11 3.02E-11
 2.74E-14 5.39E-13 5.32E-12 2.57E-11 4.96E-11 6.45E-11 6.42E-11 6.16E-11
 5.90E-11 5.48E-11 4.90E-11 4.10E-11 3.36E-11 2.96E-11
  56.7006    7  14 /pl=01:ss=35:pb= 1:sz=35/type=excit/ispb = t/isel =   16
 1.00E+10 1.00E+11 1.00E+12 1.00E+13 1.00E+14 1.00E+15 1.00E+16
 2.23E+01 3.35E+01 5.58E+01 1.12E+02 2.23E+02 5.58E+02 1.12E+03 1.68E+03
 2.23E+03 3.35E+03 5.58E+03 1.12E+04 2.23E+04 3.35E+04
 1.11E-14 3.39E-13 4.78E-12 3.04E-11 6.71E-11 9.36E-11 9.55E-11 9.26E-11
 8.93E-11 8.37E-11 7.57E-11 6.44E-11 5.31E-11 4.74E-11
 1.11E-14 3.38E-13 4.77E-12 3.01E-11 6.60E-11 9.15E-11 9.33E-11 9.05E-11
 8.74E-11 8.20E-11 7.43E-11 6.34E-11 5.23E-11 4.68E-11
 1.10E-14 3.34E-13 4.64E-12 2.78E-11 5.78E-11 7.78E-11 7.91E-11 7.70E-11
 7.46E-11 7.05E-11 6.45E-11 5.58E-11 4.69E-11 4.24E-11
 1.02E-14 3.04E-13 3.89E-12 1.99E-11 3.82E-11 5.00E-11 5.05E-11 4.92E-11
 4.77E-11 4.52E-11 4.16E-11 3.64E-11 3.13E-11 2.85E-11
 7.90E-15 2.25E-13 2.65E-12 1.37E-11 2.81E-11 3.78E-11 3.80E-11 3.68E-11
 3.54E-11 3.31E-11 3.00E-11 2.56E-11 2.14E-11 1.92E-11
 6.29E-15 1.73E-13 2.16E-12 1.25E-11 2.64E-11 3.59E-11 3.61E-11 3.48E-11
 3.34E-11 3.12E-11 2.81E-11 2.38E-11 1.96E-11 1.74E-11
 5.94E-15 1.63E-13 2.09E-12 1.23E-11 2.62E-11 3.57E-11 3.59E-11 3.46E-11
 3.32E-11 3.10E-11 2.79E-11 2.36E-11 1.94E-11 1.72E-11
  57.3272    7  14 /pl=01:ss=35:pb= 1:sz=35/type=excit/ispb = t/isel =   17
 1.00E+10 1.00E+11 1.00E+12 1.00E+13 1.00E+14 1.00E+15 1.00E+16
 2.23E+01 3.35E+01 5.58E+01 1.12E+02 2.23E+02 5.58E+02 1.12E+03 1.68E+03
 2.23E+03 3.35E+03 5.58E+03 1.12E+04 2.23E+04 3.35E+04
 5.09E-14 1.14E-12 1.24E-11 6.59E-11 1.33E-10 1.76E-10 1.77E-10 1.70E-10
 1.62E-10 1.51E-10 1.36E-10 1.14E-10 9.34E-11 8.25E-11
 5.08E-14 1.13E-12 1.24E-11 6.48E-11 1.29E-10 1.70E-10 1.70E-10 1.64E-10
 1.57E-10 1.46E-10 1.32E-10 1.11E-10 9.15E-11 8.10E-11
 4.99E-14 1.11E-12 1.18E-11 5.68E-11 1.05E-10 1.31E-10 1.31E-10 1.27E-10
 1.22E-10 1.15E-10 1.06E-10 9.14E-11 7.74E-11 6.96E-11
 4.35E-14 9.39E-13 8.85E-12 3.45E-11 5.88E-11 7.22E-11 7.18E-11 6.96E-11
 6.72E-11 6.36E-11 5.85E-11 5.14E-11 4.44E-11 4.05E-11
 2.80E-14 5.78E-13 5.12E-12 2.11E-11 3.87E-11 4.91E-11 4.88E-11 4.69E-11
 4.50E-11 4.21E-11 3.81E-11 3.25E-11 2.73E-11 2.44E-11
 1.96E-14 3.96E-13 3.81E-12 1.80E-11 3.46E-11 4.47E-11 4.44E-11 4.26E-11
 4.08E-11 3.79E-11 3.40E-11 2.85E-11 2.34E-11 2.07E-11
 1.78E-14 3.58E-13 3.59E-12 1.76E-11 3.41E-11 4.42E-11 4.39E-11 4.21E-11
 4.03E-11 3.74E-11 3.35E-11 2.80E-11 2.30E-11 2.02E-11
  57.5184    7  14 /pl=01:ss=35:pb= 1:sz=35/type=excit/ispb = t/isel =   18
 1.00E+10 1.00E+11 1.00E+12 1.00E+13 1.00E+14 1.00E+15 1.00E+16
 2.23E+01 3.35E+01 5.58E+01 1.12E+02 2.23E+02 5.58E+02 1.12E+03 1.68E+03
 2.23E+03 3.35E+03 5.58E+03 1.12E+04 2.23E+04 3.35E+04
 2.21E-14 4.52E-13 4.63E-12 2.32E-11 4.54E-11 5.90E-11 5.87E-11 5.64E-11
 5.42E-11 5.04E-11 4.53E-11 3.84E-11 3.15E-11 2.81E-11
 2.20E-14 4.50E-13 4.59E-12 2.27E-11 4.37E-11 5.61E-11 5.58E-11 5.37E-11
 5.16E-11 4.82E-11 4.35E-11 3.71E-11 3.06E-11 2.74E-11
 2.15E-14 4.37E-13 4.31E-12 1.89E-11 3.26E-11 3.93E-11 3.89E-11 3.78E-11
 3.67E-11 3.48E-11 3.21E-11 2.84E-11 2.43E-11 2.22E-11
 1.76E-14 3.44E-13 2.86E-12 9.53E-12 1.53E-11 1.84E-11 1.82E-11 1.77E-11
 1.71E-11 1.62E-11 1.50E-11 1.33E-11 1.16E-11 1.07E-11
 9.43E-15 1.76E-13 1.44E-12 5.96E-12 1.10E-11 1.39E-11 1.37E-11 1.32E-11
 1.26E-11 1.18E-11 1.06E-11 9.01E-12 7.49E-12 6.69E-12
 7.04E-15 1.31E-13 1.21E-12 5.55E-12 1.05E-11 1.34E-11 1.33E-11 1.27E-11
 1.22E-11 1.13E-11 1.01E-11 8.54E-12 7.01E-12 6.21E-12
 6.88E-15 1.27E-13 1.18E-12 5.52E-12 1.05E-11 1.33E-11 1.32E-11 1.27E-11
 1.21E-11 1.13E-11 1.01E-11 8.49E-12 6.97E-12 6.16E-12
  58.2183    7  14 /pl=01:ss=35:pb= 1:sz=35/type=excit/ispb = t/isel =   19
 1.00E+10 1.00E+11 1.00E+12 1.00E+13 1.00E+14 1.00E+15 1.00E+16
 2.23E+01 3.35E+01 5.58E+01 1.12E+02 2.23E+02 5.58E+02 1.12E+03 1.68E+03
 2.23E+03 3.35E+03 5.58E+03 1.12E+04 2.23E+04 3.35E+04
 2.91E-14 5.74E-13 5.71E-12 2.80E-11 5.47E-11 7.11E-11 7.07E-11 6.78E-11
 6.48E-11 6.01E-11 5.37E-11 4.52E-11 3.69E-11 3.26E-11
 2.91E-14 5.73E-13 5.69E-12 2.77E-11 5.35E-11 6.90E-11 6.86E-11 6.59E-11
 6.31E-11 5.86E-11 5.25E-11 4.43E-11 3.63E-11 3.21E-11
 2.87E-14 5.64E-13 5.49E-12 2.50E-11 4.52E-11 5.61E-11 5.57E-11 5.38E-11
 5.17E-11 4.85E-11 4.41E-11 3.80E-11 3.19E-11 2.85E-11
 2.59E-14 4.97E-13 4.37E-12 1.63E-11 2.65E-11 3.15E-11 3.12E-11 3.02E-11
 2.92E-11 2.76E-11 2.54E-11 2.24E-11 1.94E-11 1.77E-11
 1.79E-14 3.26E-13 2.54E-12 9.10E-12 1.56E-11 1.93E-11 1.91E-11 1.83E-11
 1.76E-11 1.65E-11 1.49E-11 1.28E-11 1.08E-11 9.74E-12
 1.13E-14 2.01E-13 1.69E-12 7.26E-12 1.34E-11 1.70E-11 1.68E-11 1.61E-11
 1.54E-11 1.43E-11 1.28E-11 1.08E-11 8.84E-12 7.82E-12
 9.64E-15 1.71E-13 1.55E-12 7.03E-12 1.32E-11 1.68E-11 1.66E-11 1.59E-11
 1.52E-11 1.41E-11 1.26E-11 1.05E-11 8.60E-12 7.58E-12
  58.4584    7  14 /pl=01:ss=35:pb= 1:sz=35/type=excit/ispb = t/isel =   20
 1.00E+10 1.00E+11 1.00E+12 1.00E+13 1.00E+14 1.00E+15 1.00E+16
 2.23E+01 3.35E+01 5.58E+01 1.12E+02 2.23E+02 5.58E+02 1.12E+03 1.68E+03
 2.23E+03 3.35E+03 5.58E+03 1.12E+04 2.23E+04 3.35E+04
 8.04E-14 1.58E-12 1.58E-11 7.73E-11 1.51E-10 1.96E-10 1.95E-10 1.87E-10
 1.79E-10 1.66E-10 1.48E-10 1.25E-10 1.02E-10 8.98E-11
 8.03E-14 1.58E-12 1.57E-11 7.64E-11 1.48E-10 1.91E-10 1.89E-10 1.82E-10
 1.74E-10 1.62E-10 1.45E-10 1.22E-10 1.00E-10 8.85E-11
 7.93E-14 1.56E-12 1.52E-11 6.90E-11 1.25E-10 1.55E-10 1.54E-10 1.48E-10
 1.43E-10 1.34E-10 1.22E-10 1.05E-10 8.79E-11 7.86E-11
 7.16E-14 1.37E-12 1.21E-11 4.48E-11 7.31E-11 8.70E-11 8.61E-11 8.33E-11
 8.06E-11 7.63E-11 7.02E-11 6.19E-11 5.35E-11 4.89E-11
 4.94E-14 8.99E-13 7.01E-12 2.51E-11 4.31E-11 5.32E-11 5.26E-11 5.05E-11
 4.86E-11 4.54E-11 4.11E-11 3.53E-11 2.98E-11 2.69E-11
 3.13E-14 5.54E-13 4.67E-12 2.00E-11 3.71E-11 4.69E-11 4.64E-11 4.45E-11
 4.26E-11 3.95E-11 3.53E-11 2.97E-11 2.44E-11 2.16E-11
 2.66E-14 4.72E-13 4.28E-12 1.94E-11 3.64E-11 4.62E-11 4.57E-11 4.38E-11
 4.19E-11 3.88E-11 3.46E-11 2.90E-11 2.37E-11 2.09E-11
  58.7381    7  14 /pl=01:ss=35:pb= 1:sz=35/type=excit/ispb = t/isel =   21
 1.00E+10 1.00E+11 1.00E+12 1.00E+13 1.00E+14 1.00E+15 1.00E+16
 2.23E+01 3.35E+01 5.58E+01 1.12E+02 2.23E+02 5.58E+02 1.12E+03 1.68E+03
 2.23E+03 3.35E+03 5.58E+03 1.12E+04 2.23E+04 3.35E+04
 4.45E-14 8.52E-13 8.28E-12 3.99E-11 7.68E-11 9.88E-11 9.80E-11 9.39E-11
 9.00E-11 8.36E-11 7.50E-11 6.28E-11 5.16E-11 4.57E-11
 4.44E-14 8.49E-13 8.22E-12 3.90E-11 7.38E-11 9.38E-11 9.31E-11 8.93E-11
 8.58E-11 7.99E-11 7.20E-11 6.07E-11 5.02E-11 4.45E-11
 4.33E-14 8.23E-13 7.70E-12 3.24E-11 5.47E-11 6.53E-11 6.46E-11 6.25E-11
 6.06E-11 5.73E-11 5.30E-11 4.62E-11 3.97E-11 3.60E-11
 3.53E-14 6.45E-13 5.06E-12 1.61E-11 2.54E-11 3.03E-11 2.99E-11 2.89E-11
 2.79E-11 2.64E-11 2.43E-11 2.14E-11 1.87E-11 1.72E-11
 1.83E-14 3.19E-13 2.49E-12 9.84E-12 1.77E-11 2.21E-11 2.18E-11 2.09E-11
 2.00E-11 1.86E-11 1.68E-11 1.42E-11 1.18E-11 1.05E-11
 1.31E-14 2.28E-13 2.01E-12 8.91E-12 1.65E-11 2.08E-11 2.05E-11 1.96E-11
 1.88E-11 1.74E-11 1.56E-11 1.30E-11 1.07E-11 9.46E-12
 1.27E-14 2.18E-13 1.96E-12 8.79E-12 1.64E-11 2.07E-11 2.04E-11 1.95E-11
 1.86E-11 1.73E-11 1.54E-11 1.29E-11 1.06E-11 9.32E-12
  58.8799    7  14 /pl=01:ss=35:pb= 1:sz=35/type=excit/ispb = t/isel =   22
 1.00E+10 1.00E+11 1.00E+12 1.00E+13 1.00E+14 1.00E+15 1.00E+16
 2.23E+01 3.35E+01 5.58E+01 1.12E+02 2.23E+02 5.58E+02 1.12E+03 1.68E+03
 2.23E+03 3.35E+03 5.58E+03 1.12E+04 2.23E+04 3.35E+04
 4.68E-14 9.57E-13 9.80E-12 4.90E-11 9.62E-11 1.25E-10 1.24E-10 1.19E-10
 1.15E-10 1.07E-10 9.58E-11 8.12E-11 6.67E-11 5.94E-11
 4.66E-14 9.54E-13 9.73E-12 4.80E-11 9.25E-11 1.19E-10 1.18E-10 1.14E-10
 1.09E-10 1.02E-10 9.21E-11 7.85E-11 6.49E-11 5.79E-11
 4.55E-14 9.25E-13 9.13E-12 4.00E-11 6.89E-11 8.31E-11 8.25E-11 8.01E-11
 7.77E-11 7.37E-11 6.80E-11 6.01E-11 5.15E-11 4.70E-11
 3.73E-14 7.29E-13 6.05E-12 2.02E-11 3.25E-11 3.90E-11 3.86E-11 3.74E-11
 3.62E-11 3.43E-11 3.17E-11 2.81E-11 2.45E-11 2.27E-11
 2.00E-14 3.72E-13 3.06E-12 1.26E-11 2.32E-11 2.93E-11 2.90E-11 2.79E-11
 2.68E-11 2.50E-11 2.25E-11 1.91E-11 1.59E-11 1.42E-11
 1.49E-14 2.77E-13 2.55E-12 1.18E-11 2.23E-11 2.84E-11 2.81E-11 2.69E-11
 2.58E-11 2.40E-11 2.15E-11 1.81E-11 1.48E-11 1.31E-11
 1.46E-14 2.68E-13 2.51E-12 1.17E-11 2.22E-11 2.83E-11 2.80E-11 2.68E-11
 2.57E-11 2.39E-11 2.14E-11 1.80E-11 1.48E-11 1.30E-11
  60.0574    7  14 /pl=01:ss=35:pb= 1:sz=35/type=excit/ispb = t/isel =   23
 1.00E+10 1.00E+11 1.00E+12 1.00E+13 1.00E+14 1.00E+15 1.00E+16
 2.23E+01 3.35E+01 5.58E+01 1.12E+02 2.23E+02 5.58E+02 1.12E+03 1.68E+03
 2.23E+03 3.35E+03 5.58E+03 1.12E+04 2.23E+04 3.35E+04
 2.95E-14 5.28E-13 4.84E-12 2.24E-11 4.24E-11 5.45E-11 5.39E-11 5.13E-11
 4.92E-11 4.56E-11 4.07E-11 3.39E-11 2.77E-11 2.44E-11
 2.94E-14 5.26E-13 4.80E-12 2.19E-11 4.06E-11 5.15E-11 5.09E-11 4.86E-11
 4.67E-11 4.34E-11 3.89E-11 3.26E-11 2.69E-11 2.37E-11
 2.86E-14 5.09E-13 4.48E-12 1.79E-11 2.91E-11 3.43E-11 3.39E-11 3.27E-11
 3.17E-11 3.00E-11 2.77E-11 2.42E-11 2.08E-11 1.88E-11
 2.29E-14 3.88E-13 2.78E-12 7.45E-12 1.02E-11 1.14E-11 1.13E-11 1.09E-11
 1.07E-11 1.02E-11 9.64E-12 8.76E-12 7.93E-12 7.43E-12
 9.68E-15 1.52E-13 9.21E-13 2.62E-12 4.16E-12 5.07E-12 5.02E-12 4.83E-12
 4.66E-12 4.37E-12 3.97E-12 3.42E-12 2.93E-12 2.66E-12
 3.93E-15 6.19E-14 4.66E-13 1.86E-12 3.35E-12 4.25E-12 4.23E-12 4.04E-12
 3.88E-12 3.59E-12 3.21E-12 2.67E-12 2.19E-12 1.94E-12
 3.02E-15 4.87E-14 4.11E-13 1.78E-12 3.26E-12 4.17E-12 4.14E-12 3.96E-12
 3.79E-12 3.51E-12 3.13E-12 2.60E-12 2.12E-12 1.86E-12
  60.1586    7  14 /pl=01:ss=35:pb= 1:sz=35/type=excit/ispb = t/isel =   24
 1.00E+10 1.00E+11 1.00E+12 1.00E+13 1.00E+14 1.00E+15 1.00E+16
 2.23E+01 3.35E+01 5.58E+01 1.12E+02 2.23E+02 5.58E+02 1.12E+03 1.68E+03
 2.23E+03 3.35E+03 5.58E+03 1.12E+04 2.23E+04 3.35E+04
 7.31E-14 1.40E-12 1.36E-11 6.55E-11 1.26E-10 1.62E-10 1.61E-10 1.54E-10
 1.48E-10 1.37E-10 1.23E-10 1.03E-10 8.49E-11 7.51E-11
 7.29E-14 1.39E-12 1.35E-11 6.41E-11 1.21E-10 1.54E-10 1.53E-10 1.47E-10
 1.41E-10 1.31E-10 1.18E-10 9.97E-11 8.24E-11 7.32E-11
 7.11E-14 1.35E-12 1.27E-11 5.32E-11 8.99E-11 1.07E-10 1.06E-10 1.03E-10
 9.96E-11 9.42E-11 8.70E-11 7.60E-11 6.52E-11 5.92E-11
 5.80E-14 1.06E-12 8.31E-12 2.64E-11 4.17E-11 4.97E-11 4.91E-11 4.74E-11
 4.59E-11 4.33E-11 4.00E-11 3.51E-11 3.07E-11 2.83E-11
 3.01E-14 5.25E-13 4.09E-12 1.62E-11 2.90E-11 3.63E-11 3.58E-11 3.43E-11
 3.29E-11 3.06E-11 2.76E-11 2.33E-11 1.94E-11 1.73E-11
 2.16E-14 3.75E-13 3.31E-12 1.46E-11 2.71E-11 3.43E-11 3.38E-11 3.23E-11
 3.09E-11 2.86E-11 2.56E-11 2.14E-11 1.76E-11 1.55E-11
 2.09E-14 3.59E-13 3.21E-12 1.44E-11 2.69E-11 3.40E-11 3.35E-11 3.20E-11
 3.06E-11 2.84E-11 2.54E-11 2.12E-11 1.74E-11 1.53E-11
  60.5206    7  14 /pl=01:ss=35:pb= 1:sz=35/type=excit/ispb = t/isel =   25
 1.00E+10 1.00E+11 1.00E+12 1.00E+13 1.00E+14 1.00E+15 1.00E+16
 2.23E+01 3.35E+01 5.58E+01 1.12E+02 2.23E+02 5.58E+02 1.12E+03 1.68E+03
 2.23E+03 3.35E+03 5.58E+03 1.12E+04 2.23E+04 3.35E+04
 1.71E-14 3.82E-13 4.18E-12 2.21E-11 4.47E-11 5.93E-11 5.94E-11 5.71E-11
 5.46E-11 5.08E-11 4.56E-11 3.83E-11 3.14E-11 2.78E-11
 1.71E-14 3.81E-13 4.16E-12 2.18E-11 4.35E-11 5.71E-11 5.72E-11 5.50E-11
 5.27E-11 4.92E-11 4.42E-11 3.73E-11 3.08E-11 2.72E-11
 1.68E-14 3.73E-13 3.97E-12 1.91E-11 3.52E-11 4.41E-11 4.41E-11 4.27E-11
 4.11E-11 3.88E-11 3.55E-11 3.07E-11 2.60E-11 2.34E-11
 1.46E-14 3.16E-13 2.98E-12 1.16E-11 1.98E-11 2.43E-11 2.42E-11 2.34E-11
 2.26E-11 2.14E-11 1.97E-11 1.73E-11 1.49E-11 1.36E-11
 9.42E-15 1.94E-13 1.72E-12 7.11E-12 1.30E-11 1.65E-11 1.64E-11 1.58E-11
 1.51E-11 1.42E-11 1.28E-11 1.09E-11 9.17E-12 8.22E-12
 6.60E-15 1.33E-13 1.28E-12 6.04E-12 1.16E-11 1.50E-11 1.49E-11 1.43E-11
 1.37E-11 1.27E-11 1.14E-11 9.59E-12 7.88E-12 6.97E-12
 6.00E-15 1.20E-13 1.21E-12 5.91E-12 1.15E-11 1.49E-11 1.48E-11 1.42E-11
 1.35E-11 1.26E-11 1.13E-11 9.42E-12 7.72E-12 6.81E-12
  61.0672    7  14 /pl=01:ss=35:pb= 1:sz=35/type=excit/ispb = t/isel =   26
 1.00E+10 1.00E+11 1.00E+12 1.00E+13 1.00E+14 1.00E+15 1.00E+16
 2.23E+01 3.35E+01 5.58E+01 1.12E+02 2.23E+02 5.58E+02 1.12E+03 1.68E+03
 2.23E+03 3.35E+03 5.58E+03 1.12E+04 2.23E+04 3.35E+04
 1.04E-14 2.87E-13 3.73E-12 2.24E-11 4.83E-11 6.72E-11 6.85E-11 6.62E-11
 6.37E-11 5.93E-11 5.32E-11 4.46E-11 3.65E-11 3.22E-11
 1.04E-14 2.86E-13 3.71E-12 2.19E-11 4.65E-11 6.39E-11 6.50E-11 6.30E-11
 6.07E-11 5.67E-11 5.11E-11 4.31E-11 3.55E-11 3.14E-11
 1.02E-14 2.78E-13 3.48E-12 1.82E-11 3.46E-11 4.47E-11 4.54E-11 4.44E-11
 4.32E-11 4.10E-11 3.77E-11 3.30E-11 2.82E-11 2.55E-11
 8.40E-15 2.20E-13 2.32E-12 9.45E-12 1.74E-11 2.29E-11 2.32E-11 2.25E-11
 2.17E-11 2.04E-11 1.86E-11 1.62E-11 1.39E-11 1.27E-11
 4.99E-15 1.25E-13 1.41E-12 8.24E-12 1.82E-11 2.54E-11 2.56E-11 2.45E-11
 2.34E-11 2.16E-11 1.90E-11 1.56E-11 1.25E-11 1.08E-11
 5.66E-15 1.41E-13 1.74E-12 1.01E-11 2.12E-11 2.89E-11 2.91E-11 2.80E-11
 2.68E-11 2.48E-11 2.21E-11 1.84E-11 1.50E-11 1.31E-11
 6.50E-15 1.60E-13 1.88E-12 1.04E-11 2.17E-11 2.94E-11 2.96E-11 2.85E-11
 2.73E-11 2.54E-11 2.27E-11 1.89E-11 1.55E-11 1.36E-11
  62.6621    7  14 /pl=01:ss=35:pb= 1:sz=35/type=excit/ispb = t/isel =   27
 1.00E+10 1.00E+11 1.00E+12 1.00E+13 1.00E+14 1.00E+15 1.00E+16
 2.23E+01 3.35E+01 5.58E+01 1.12E+02 2.23E+02 5.58E+02 1.12E+03 1.68E+03
 2.23E+03 3.35E+03 5.58E+03 1.12E+04 2.23E+04 3.35E+04
 2.62E-14 5.02E-13 4.88E-12 2.35E-11 4.53E-11 5.83E-11 5.78E-11 5.54E-11
 5.31E-11 4.93E-11 4.43E-11 3.71E-11 3.05E-11 2.70E-11
 2.62E-14 5.01E-13 4.85E-12 2.30E-11 4.36E-11 5.53E-11 5.49E-11 5.27E-11
 5.06E-11 4.71E-11 4.25E-11 3.58E-11 2.96E-11 2.63E-11
 2.55E-14 4.85E-13 4.54E-12 1.91E-11 3.23E-11 3.85E-11 3.81E-11 3.69E-11
 3.58E-11 3.38E-11 3.12E-11 2.73E-11 2.34E-11 2.12E-11
 2.08E-14 3.80E-13 2.98E-12 9.49E-12 1.50E-11 1.78E-11 1.76E-11 1.70E-11
 1.65E-11 1.56E-11 1.44E-11 1.26E-11 1.10E-11 1.01E-11
 1.08E-14 1.88E-13 1.47E-12 5.81E-12 1.04E-11 1.30E-11 1.29E-11 1.23E-11
 1.18E-11 1.10E-11 9.91E-12 8.37E-12 6.97E-12 6.22E-12
 7.74E-15 1.35E-13 1.19E-12 5.26E-12 9.73E-12 1.23E-11 1.21E-11 1.16E-11
 1.11E-11 1.03E-11 9.20E-12 7.70E-12 6.32E-12 5.58E-12
 7.49E-15 1.29E-13 1.15E-12 5.19E-12 9.65E-12 1.22E-11 1.20E-11 1.15E-11
 1.10E-11 1.02E-11 9.11E-12 7.61E-12 6.23E-12 5.50E-12
  63.6224    7  14 /pl=01:ss=35:pb= 1:sz=35/type=excit/ispb = t/isel =   28
 1.00E+10 1.00E+11 1.00E+12 1.00E+13 1.00E+14 1.00E+15 1.00E+16
 2.23E+01 3.35E+01 5.58E+01 1.12E+02 2.23E+02 5.58E+02 1.12E+03 1.68E+03
 2.23E+03 3.35E+03 5.58E+03 1.12E+04 2.23E+04 3.35E+04
 6.85E-14 1.03E-12 8.29E-12 3.47E-11 6.24E-11 7.74E-11 7.58E-11 7.20E-11
 6.86E-11 6.34E-11 5.63E-11 4.68E-11 3.81E-11 3.35E-11
 6.83E-14 1.03E-12 8.23E-12 3.38E-11 5.97E-11 7.32E-11 7.16E-11 6.82E-11
 6.51E-11 6.03E-11 5.39E-11 4.51E-11 3.69E-11 3.26E-11
 6.65E-14 9.93E-13 7.67E-12 2.76E-11 4.28E-11 4.88E-11 4.76E-11 4.58E-11
 4.42E-11 4.17E-11 3.83E-11 3.34E-11 2.85E-11 2.58E-11
 5.31E-14 7.59E-13 4.76E-12 1.16E-11 1.51E-11 1.63E-11 1.58E-11 1.53E-11
 1.49E-11 1.42E-11 1.33E-11 1.21E-11 1.09E-11 1.02E-11
 2.26E-14 2.99E-13 1.60E-12 4.15E-12 6.31E-12 7.40E-12 7.22E-12 6.90E-12
 6.61E-12 6.17E-12 5.58E-12 4.79E-12 4.07E-12 3.68E-12
 9.45E-15 1.25E-13 8.32E-13 3.01E-12 5.16E-12 6.29E-12 6.15E-12 5.85E-12
 5.57E-12 5.14E-12 4.57E-12 3.80E-12 3.10E-12 2.73E-12
 7.41E-15 1.00E-13 7.41E-13 2.89E-12 5.04E-12 6.18E-12 6.04E-12 5.74E-12
 5.46E-12 5.04E-12 4.46E-12 3.70E-12 3.00E-12 2.63E-12
  66.9670    7  14 /pl=01:ss=35:pb= 1:sz=35/type=excit/ispb = t/isel =   29
 1.00E+10 1.00E+11 1.00E+12 1.00E+13 1.00E+14 1.00E+15 1.00E+16
 2.23E+01 3.35E+01 5.58E+01 1.12E+02 2.23E+02 5.58E+02 1.12E+03 1.68E+03
 2.23E+03 3.35E+03 5.58E+03 1.12E+04 2.23E+04 3.35E+04
 2.74E-13 3.58E-12 2.55E-11 9.70E-11 1.65E-10 1.98E-10 1.91E-10 1.82E-10
 1.74E-10 1.61E-10 1.44E-10 1.22E-10 1.00E-10 8.86E-11
 2.73E-13 3.57E-12 2.53E-11 9.50E-11 1.59E-10 1.88E-10 1.82E-10 1.74E-10
 1.66E-10 1.55E-10 1.39E-10 1.18E-10 9.75E-11 8.66E-11
 2.67E-13 3.47E-12 2.39E-11 8.02E-11 1.21E-10 1.35E-10 1.30E-10 1.25E-10
 1.21E-10 1.14E-10 1.04E-10 9.16E-11 7.86E-11 7.12E-11
 2.22E-13 2.78E-12 1.62E-11 4.08E-11 5.51E-11 5.97E-11 5.73E-11 5.51E-11
 5.33E-11 5.05E-11 4.69E-11 4.19E-11 3.71E-11 3.43E-11
 1.18E-13 1.39E-12 7.48E-12 2.11E-11 3.24E-11 3.71E-11 3.56E-11 3.38E-11
 3.24E-11 3.02E-11 2.72E-11 2.33E-11 1.96E-11 1.77E-11
 7.09E-14 8.32E-13 5.21E-12 1.79E-11 2.91E-11 3.40E-11 3.26E-11 3.09E-11
 2.95E-11 2.73E-11 2.44E-11 2.05E-11 1.69E-11 1.49E-11
 6.42E-14 7.52E-13 4.93E-12 1.75E-11 2.88E-11 3.36E-11 3.22E-11 3.05E-11
 2.91E-11 2.69E-11 2.40E-11 2.02E-11 1.66E-11 1.46E-11
  67.2849    7  14 /pl=01:ss=35:pb= 1:sz=35/type=excit/ispb = t/isel =   30
 1.00E+10 1.00E+11 1.00E+12 1.00E+13 1.00E+14 1.00E+15 1.00E+16
 2.23E+01 3.35E+01 5.58E+01 1.12E+02 2.23E+02 5.58E+02 1.12E+03 1.68E+03
 2.23E+03 3.35E+03 5.58E+03 1.12E+04 2.23E+04 3.35E+04
 1.70E-13 2.21E-12 1.58E-11 6.00E-11 1.02E-10 1.22E-10 1.18E-10 1.12E-10
 1.08E-10 9.98E-11 8.92E-11 7.52E-11 6.20E-11 5.49E-11
 1.69E-13 2.21E-12 1.57E-11 5.88E-11 9.86E-11 1.17E-10 1.13E-10 1.07E-10
 1.03E-10 9.57E-11 8.59E-11 7.29E-11 6.04E-11 5.36E-11
 1.65E-13 2.15E-12 1.48E-11 4.96E-11 7.48E-11 8.34E-11 8.05E-11 7.72E-11
 7.46E-11 7.04E-11 6.47E-11 5.67E-11 4.87E-11 4.41E-11
 1.38E-13 1.72E-12 1.00E-11 2.52E-11 3.41E-11 3.69E-11 3.55E-11 3.41E-11
 3.30E-11 3.13E-11 2.90E-11 2.59E-11 2.29E-11 2.13E-11
 7.29E-14 8.60E-13 4.63E-12 1.31E-11 2.01E-11 2.30E-11 2.20E-11 2.09E-11
 2.01E-11 1.87E-11 1.69E-11 1.44E-11 1.22E-11 1.09E-11
 4.39E-14 5.15E-13 3.22E-12 1.11E-11 1.80E-11 2.10E-11 2.02E-11 1.91E-11
 1.82E-11 1.69E-11 1.51E-11 1.27E-11 1.04E-11 9.25E-12
 3.97E-14 4.66E-13 3.05E-12 1.08E-11 1.78E-11 2.08E-11 1.99E-11 1.89E-11
 1.80E-11 1.67E-11 1.49E-11 1.25E-11 1.02E-11 9.06E-12
  68.8197    7  14 /pl=01:ss=35:pb= 1:sz=35/type=excit/ispb = t/isel =   31
 1.00E+10 1.00E+11 1.00E+12 1.00E+13 1.00E+14 1.00E+15 1.00E+16
 2.23E+01 3.35E+01 5.58E+01 1.12E+02 2.23E+02 5.58E+02 1.12E+03 1.68E+03
 2.23E+03 3.35E+03 5.58E+03 1.12E+04 2.23E+04 3.35E+04
 1.13E-13 1.47E-12 1.05E-11 3.99E-11 6.79E-11 8.13E-11 7.87E-11 7.48E-11
 7.15E-11 6.63E-11 5.93E-11 5.00E-11 4.12E-11 3.65E-11
 1.12E-13 1.47E-12 1.04E-11 3.91E-11 6.55E-11 7.75E-11 7.50E-11 7.14E-11
 6.84E-11 6.36E-11 5.71E-11 4.84E-11 4.01E-11 3.56E-11
 1.10E-13 1.43E-12 9.82E-12 3.30E-11 4.97E-11 5.55E-11 5.35E-11 5.13E-11
 4.96E-11 4.68E-11 4.30E-11 3.77E-11 3.23E-11 2.93E-11
 9.15E-14 1.14E-12 6.68E-12 1.68E-11 2.27E-11 2.46E-11 2.36E-11 2.26E-11
 2.19E-11 2.08E-11 1.93E-11 1.72E-11 1.53E-11 1.41E-11
 4.84E-14 5.72E-13 3.08E-12 8.69E-12 1.33E-11 1.53E-11 1.46E-11 1.39E-11
 1.33E-11 1.24E-11 1.12E-11 9.59E-12 8.08E-12 7.28E-12
 2.92E-14 3.42E-13 2.14E-12 7.35E-12 1.20E-11 1.40E-11 1.34E-11 1.27E-11
 1.21E-11 1.12E-11 1.00E-11 8.42E-12 6.94E-12 6.15E-12
 2.64E-14 3.10E-13 2.03E-12 7.20E-12 1.18E-11 1.38E-11 1.33E-11 1.26E-11
 1.20E-11 1.11E-11 9.89E-12 8.29E-12 6.81E-12 6.02E-12
  72.1156    7  14 /pl=01:ss=35:pb= 1:sz=35/type=excit/ispb = t/isel =   32
 1.00E+10 1.00E+11 1.00E+12 1.00E+13 1.00E+14 1.00E+15 1.00E+16
 2.23E+01 3.35E+01 5.58E+01 1.12E+02 2.23E+02 5.58E+02 1.12E+03 1.68E+03
 2.23E+03 3.35E+03 5.58E+03 1.12E+04 2.23E+04 3.35E+04
 1.94E-13 2.54E-12 1.81E-11 6.88E-11 1.17E-10 1.40E-10 1.36E-10 1.29E-10
 1.23E-10 1.14E-10 1.02E-10 8.62E-11 7.11E-11 6.29E-11
 1.94E-13 2.53E-12 1.80E-11 6.74E-11 1.13E-10 1.34E-10 1.29E-10 1.23E-10
 1.18E-10 1.10E-10 9.85E-11 8.35E-11 6.92E-11 6.14E-11
 1.90E-13 2.46E-12 1.69E-11 5.69E-11 8.58E-11 9.56E-11 9.22E-11 8.85E-11
 8.55E-11 8.07E-11 7.41E-11 6.50E-11 5.58E-11 5.05E-11
 1.58E-13 1.97E-12 1.15E-11 2.89E-11 3.91E-11 4.23E-11 4.07E-11 3.91E-11
 3.78E-11 3.58E-11 3.33E-11 2.97E-11 2.63E-11 2.44E-11
 8.35E-14 9.86E-13 5.31E-12 1.50E-11 2.30E-11 2.63E-11 2.53E-11 2.40E-11
 2.30E-11 2.14E-11 1.93E-11 1.65E-11 1.39E-11 1.25E-11
 5.03E-14 5.90E-13 3.69E-12 1.27E-11 2.07E-11 2.41E-11 2.31E-11 2.19E-11
 2.09E-11 1.93E-11 1.73E-11 1.45E-11 1.20E-11 1.06E-11
 4.55E-14 5.34E-13 3.50E-12 1.24E-11 2.04E-11 2.39E-11 2.29E-11 2.17E-11
 2.07E-11 1.91E-11 1.71E-11 1.43E-11 1.17E-11 1.04E-11
  74.6519    7  14 /pl=01:ss=35:pb= 1:sz=35/type=excit/ispb = t/isel =   33
 1.00E+10 1.00E+11 1.00E+12 1.00E+13 1.00E+14 1.00E+15 1.00E+16
 2.23E+01 3.35E+01 5.58E+01 1.12E+02 2.23E+02 5.58E+02 1.12E+03 1.68E+03
 2.23E+03 3.35E+03 5.58E+03 1.12E+04 2.23E+04 3.35E+04
 7.87E-14 1.10E-12 8.29E-12 3.32E-11 5.86E-11 7.31E-11 7.20E-11 6.87E-11
 6.56E-11 6.07E-11 5.39E-11 4.48E-11 3.65E-11 3.21E-11
 7.85E-14 1.09E-12 8.23E-12 3.25E-11 5.64E-11 6.96E-11 6.85E-11 6.55E-11
 6.26E-11 5.81E-11 5.18E-11 4.33E-11 3.55E-11 3.13E-11
 7.67E-14 1.06E-12 7.74E-12 2.72E-11 4.25E-11 4.94E-11 4.85E-11 4.67E-11
 4.51E-11 4.24E-11 3.87E-11 3.35E-11 2.84E-11 2.56E-11
 6.36E-14 8.47E-13 5.26E-12 1.49E-11 2.29E-11 2.71E-11 2.65E-11 2.53E-11
 2.43E-11 2.26E-11 2.04E-11 1.74E-11 1.47E-11 1.33E-11
 3.90E-14 5.02E-13 3.35E-12 1.31E-11 2.31E-11 2.81E-11 2.73E-11 2.59E-11
 2.47E-11 2.26E-11 2.00E-11 1.64E-11 1.32E-11 1.16E-11
 4.15E-14 5.29E-13 3.75E-12 1.44E-11 2.46E-11 2.96E-11 2.87E-11 2.72E-11
 2.59E-11 2.38E-11 2.12E-11 1.75E-11 1.42E-11 1.25E-11
 4.56E-14 5.72E-13 3.92E-12 1.46E-11 2.48E-11 2.98E-11 2.89E-11 2.74E-11
 2.61E-11 2.40E-11 2.13E-11 1.77E-11 1.44E-11 1.26E-11
  394.512    7  14 /pl=01:ss=35:pb= 1:sz=35/type=excit/ispb = t/isel =   34
 1.00E+10 1.00E+11 1.00E+12 1.00E+13 1.00E+14 1.00E+15 1.00E+16
 2.23E+01 3.35E+01 5.58E+01 1.12E+02 2.23E+02 5.58E+02 1.12E+03 1.68E+03
 2.23E+03 3.35E+03 5.58E+03 1.12E+04 2.23E+04 3.35E+04
 2.28E-12 3.64E-12 7.81E-12 2.48E-11 4.81E-11 6.56E-11 6.71E-11 6.51E-11
 6.28E-11 5.88E-11 5.31E-11 4.50E-11 3.72E-11 3.30E-11
 2.28E-12 3.63E-12 7.77E-12 2.44E-11 4.67E-11 6.31E-11 6.45E-11 6.27E-11
 6.05E-11 5.68E-11 5.15E-11 4.38E-11 3.64E-11 3.24E-11
 2.23E-12 3.53E-12 7.37E-12 2.13E-11 3.76E-11 4.87E-11 4.96E-11 4.85E-11
 4.71E-11 4.47E-11 4.11E-11 3.59E-11 3.06E-11 2.76E-11
 1.85E-12 2.86E-12 5.36E-12 1.31E-11 2.18E-11 2.74E-11 2.78E-11 2.72E-11
 2.65E-11 2.52E-11 2.33E-11 2.05E-11 1.78E-11 1.63E-11
 1.06E-12 1.64E-12 3.07E-12 6.35E-12 8.68E-12 9.86E-12 1.00E-11 9.91E-12
 9.81E-12 9.60E-12 9.25E-12 8.67E-12 7.97E-12 7.52E-12
 3.81E-13 5.66E-13 8.29E-13 1.12E-12 1.28E-12 1.37E-12 1.39E-12 1.39E-12
 1.39E-12 1.39E-12 1.39E-12 1.38E-12 1.36E-12 1.35E-12
 5.20E-14 7.51E-14 9.89E-14 1.21E-13 1.35E-13 1.42E-13 1.44E-13 1.45E-13
 1.45E-13 1.46E-13 1.46E-13 1.46E-13 1.46E-13 1.46E-13
  453.861    7  14 /pl=01:ss=35:pb= 1:sz=35/type=excit/ispb = t/isel =   35
 1.00E+10 1.00E+11 1.00E+12 1.00E+13 1.00E+14 1.00E+15 1.00E+16
 2.23E+01 3.35E+01 5.58E+01 1.12E+02 2.23E+02 5.58E+02 1.12E+03 1.68E+03
 2.23E+03 3.35E+03 5.58E+03 1.12E+04 2.23E+04 3.35E+04
 5.10E-12 8.13E-12 1.74E-11 5.54E-11 1.07E-10 1.46E-10 1.50E-10 1.45E-10
 1.40E-10 1.31E-10 1.18E-10 1.00E-10 8.31E-11 7.37E-11
 5.09E-12 8.11E-12 1.73E-11 5.45E-11 1.04E-10 1.41E-10 1.44E-10 1.40E-10
 1.35E-10 1.27E-10 1.15E-10 9.78E-11 8.13E-11 7.23E-11
 4.97E-12 7.89E-12 1.64E-11 4.75E-11 8.39E-11 1.09E-10 1.11E-10 1.08E-10
 1.05E-10 9.98E-11 9.18E-11 8.01E-11 6.84E-11 6.17E-11
 4.14E-12 6.39E-12 1.20E-11 2.93E-11 4.86E-11 6.12E-11 6.21E-11 6.07E-11
 5.91E-11 5.62E-11 5.19E-11 4.58E-11 3.97E-11 3.63E-11
 2.37E-12 3.66E-12 6.86E-12 1.42E-11 1.94E-11 2.20E-11 2.23E-11 2.21E-11
 2.19E-11 2.14E-11 2.06E-11 1.94E-11 1.78E-11 1.68E-11
 8.51E-13 1.26E-12 1.85E-12 2.50E-12 2.86E-12 3.05E-12 3.10E-12 3.11E-12
 3.11E-12 3.11E-12 3.10E-12 3.08E-12 3.04E-12 3.01E-12
 1.16E-13 1.68E-13 2.21E-13 2.71E-13 3.00E-13 3.17E-13 3.22E-13 3.24E-13
 3.25E-13 3.25E-13 3.26E-13 3.27E-13 3.27E-13 3.27E-13
  522.403    7  14 /pl=01:ss=35:pb= 1:sz=35/type=excit/ispb = t/isel =   36
 1.00E+10 1.00E+11 1.00E+12 1.00E+13 1.00E+14 1.00E+15 1.00E+16
 2.23E+01 3.35E+01 5.58E+01 1.12E+02 2.23E+02 5.58E+02 1.12E+03 1.68E+03
 2.23E+03 3.35E+03 5.58E+03 1.12E+04 2.23E+04 3.35E+04
 1.84E-12 3.03E-12 8.42E-12 3.08E-11 5.94E-11 7.98E-11 8.11E-11 7.86E-11
 7.58E-11 7.09E-11 6.40E-11 5.43E-11 4.49E-11 3.98E-11
 1.84E-12 3.03E-12 8.39E-12 3.04E-11 5.80E-11 7.73E-11 7.86E-11 7.62E-11
 7.36E-11 6.90E-11 6.24E-11 5.31E-11 4.41E-11 3.92E-11
 1.83E-12 2.99E-12 8.11E-12 2.72E-11 4.85E-11 6.21E-11 6.29E-11 6.13E-11
 5.95E-11 5.63E-11 5.16E-11 4.49E-11 3.81E-11 3.43E-11
 1.73E-12 2.74E-12 6.44E-12 1.68E-11 2.58E-11 3.08E-11 3.11E-11 3.05E-11
 2.99E-11 2.88E-11 2.71E-11 2.45E-11 2.17E-11 2.00E-11
 1.19E-12 1.71E-12 2.97E-12 4.99E-12 6.01E-12 6.44E-12 6.49E-12 6.47E-12
 6.45E-12 6.39E-12 6.29E-12 6.12E-12 5.89E-12 5.73E-12
 3.16E-13 4.13E-13 5.35E-13 6.52E-13 7.06E-13 7.32E-13 7.38E-13 7.39E-13
 7.39E-13 7.39E-13 7.39E-13 7.38E-13 7.35E-13 7.33E-13
 3.85E-14 4.90E-14 5.87E-14 6.73E-14 7.19E-14 7.42E-14 7.48E-14 7.49E-14
 7.50E-14 7.51E-14 7.53E-14 7.54E-14 7.55E-14 7.55E-14
  661.279    7  14 /pl=01:ss=35:pb= 1:sz=35/type=excit/ispb = t/isel =   37
 1.00E+10 1.00E+11 1.00E+12 1.00E+13 1.00E+14 1.00E+15 1.00E+16
 2.23E+01 3.35E+01 5.58E+01 1.12E+02 2.23E+02 5.58E+02 1.12E+03 1.68E+03
 2.23E+03 3.35E+03 5.58E+03 1.12E+04 2.23E+04 3.35E+04
 4.44E-12 7.33E-12 2.04E-11 7.46E-11 1.44E-10 1.93E-10 1.96E-10 1.90E-10
 1.83E-10 1.72E-10 1.55E-10 1.31E-10 1.09E-10 9.64E-11
 4.44E-12 7.32E-12 2.03E-11 7.36E-11 1.40E-10 1.87E-10 1.90E-10 1.85E-10
 1.78E-10 1.67E-10 1.51E-10 1.28E-10 1.07E-10 9.49E-11
 4.42E-12 7.25E-12 1.96E-11 6.59E-11 1.17E-10 1.50E-10 1.52E-10 1.48E-10
 1.44E-10 1.36E-10 1.25E-10 1.09E-10 9.22E-11 8.31E-11
 4.19E-12 6.64E-12 1.56E-11 4.07E-11 6.25E-11 7.45E-11 7.52E-11 7.39E-11
 7.23E-11 6.96E-11 6.55E-11 5.92E-11 5.25E-11 4.85E-11
 2.89E-12 4.14E-12 7.18E-12 1.21E-11 1.45E-11 1.56E-11 1.57E-11 1.57E-11
 1.56E-11 1.55E-11 1.52E-11 1.48E-11 1.43E-11 1.39E-11
 7.64E-13 9.99E-13 1.29E-12 1.58E-12 1.71E-12 1.77E-12 1.79E-12 1.79E-12
 1.79E-12 1.79E-12 1.79E-12 1.79E-12 1.78E-12 1.77E-12
 9.31E-14 1.19E-13 1.42E-13 1.63E-13 1.74E-13 1.80E-13 1.81E-13 1.81E-13
 1.82E-13 1.82E-13 1.82E-13 1.83E-13 1.83E-13 1.83E-13
  756.184    7  14 /pl=01:ss=35:pb= 1:sz=35/type=excit/ispb = t/isel =   38
 1.00E+10 1.00E+11 1.00E+12 1.00E+13 1.00E+14 1.00E+15 1.00E+16
 2.23E+01 3.35E+01 5.58E+01 1.12E+02 2.23E+02 5.58E+02 1.12E+03 1.68E+03
 2.23E+03 3.35E+03 5.58E+03 1.12E+04 2.23E+04 3.35E+04
 8.11E-12 1.21E-11 2.78E-11 9.33E-11 1.80E-10 2.44E-10 2.50E-10 2.43E-10
 2.34E-10 2.19E-10 1.98E-10 1.68E-10 1.39E-10 1.23E-10
 8.10E-12 1.21E-11 2.77E-11 9.30E-11 1.79E-10 2.43E-10 2.48E-10 2.41E-10
 2.32E-10 2.18E-10 1.97E-10 1.67E-10 1.38E-10 1.23E-10
 8.01E-12 1.19E-11 2.73E-11 9.01E-11 1.68E-10 2.22E-10 2.26E-10 2.19E-10
 2.12E-10 2.00E-10 1.82E-10 1.57E-10 1.31E-10 1.17E-10
 7.29E-12 1.06E-11 2.34E-11 6.16E-11 9.01E-11 1.03E-10 1.04E-10 1.03E-10
 1.02E-10 9.90E-11 9.46E-11 8.75E-11 7.92E-11 7.40E-11
 4.37E-12 5.88E-12 9.51E-12 1.33E-11 1.45E-11 1.49E-11 1.50E-11 1.50E-11
 1.50E-11 1.50E-11 1.49E-11 1.49E-11 1.47E-11 1.46E-11
 9.65E-13 1.14E-12 1.32E-12 1.44E-12 1.48E-12 1.50E-12 1.51E-12 1.51E-12
 1.51E-12 1.51E-12 1.51E-12 1.52E-12 1.52E-12 1.52E-12
 1.11E-13 1.26E-13 1.37E-13 1.44E-13 1.48E-13 1.50E-13 1.50E-13 1.51E-13
 1.51E-13 1.51E-13 1.51E-13 1.51E-13 1.52E-13 1.52E-13
  779.484    7  14 /pl=01:ss=35:pb= 1:sz=35/type=excit/ispb = t/isel =   39
 1.00E+10 1.00E+11 1.00E+12 1.00E+13 1.00E+14 1.00E+15 1.00E+16
 2.23E+01 3.35E+01 5.58E+01 1.12E+02 2.23E+02 5.58E+02 1.12E+03 1.68E+03
 2.23E+03 3.35E+03 5.58E+03 1.12E+04 2.23E+04 3.35E+04
 3.58E-12 5.71E-12 1.22E-11 3.89E-11 7.53E-11 1.03E-10 1.05E-10 1.02E-10
 9.83E-11 9.21E-11 8.31E-11 7.04E-11 5.83E-11 5.17E-11
 3.57E-12 5.69E-12 1.22E-11 3.82E-11 7.31E-11 9.89E-11 1.01E-10 9.82E-11
 9.48E-11 8.90E-11 8.06E-11 6.86E-11 5.70E-11 5.07E-11
 3.49E-12 5.53E-12 1.15E-11 3.33E-11 5.88E-11 7.62E-11 7.77E-11 7.59E-11
 7.38E-11 7.00E-11 6.44E-11 5.62E-11 4.80E-11 4.33E-11
 2.90E-12 4.48E-12 8.39E-12 2.06E-11 3.41E-11 4.29E-11 4.36E-11 4.26E-11
 4.14E-11 3.94E-11 3.64E-11 3.21E-11 2.79E-11 2.55E-11
 1.67E-12 2.57E-12 4.81E-12 9.94E-12 1.36E-11 1.54E-11 1.57E-11 1.55E-11
 1.54E-11 1.50E-11 1.45E-11 1.36E-11 1.25E-11 1.18E-11
 5.97E-13 8.87E-13 1.30E-12 1.76E-12 2.01E-12 2.14E-12 2.17E-12 2.18E-12
 2.18E-12 2.18E-12 2.17E-12 2.16E-12 2.13E-12 2.11E-12
 8.14E-14 1.18E-13 1.55E-13 1.90E-13 2.11E-13 2.23E-13 2.26E-13 2.27E-13
 2.28E-13 2.28E-13 2.29E-13 2.29E-13 2.29E-13 2.29E-13
  798.799    7  14 /pl=01:ss=35:pb= 1:sz=35/type=excit/ispb = t/isel =   40
 1.00E+10 1.00E+11 1.00E+12 1.00E+13 1.00E+14 1.00E+15 1.00E+16
 2.23E+01 3.35E+01 5.58E+01 1.12E+02 2.23E+02 5.58E+02 1.12E+03 1.68E+03
 2.23E+03 3.35E+03 5.58E+03 1.12E+04 2.23E+04 3.35E+04
 2.65E-12 3.94E-12 9.06E-12 3.04E-11 5.86E-11 7.96E-11 8.16E-11 7.91E-11
 7.64E-11 7.15E-11 6.46E-11 5.48E-11 4.53E-11 4.02E-11
 2.64E-12 3.93E-12 9.04E-12 3.03E-11 5.84E-11 7.91E-11 8.10E-11 7.85E-11
 7.58E-11 7.10E-11 6.42E-11 5.45E-11 4.51E-11 4.00E-11
 2.61E-12 3.88E-12 8.89E-12 2.94E-11 5.49E-11 7.22E-11 7.36E-11 7.15E-11
 6.93E-11 6.53E-11 5.95E-11 5.11E-11 4.28E-11 3.82E-11
 2.38E-12 3.47E-12 7.62E-12 2.01E-11 2.94E-11 3.37E-11 3.40E-11 3.36E-11
 3.32E-11 3.23E-11 3.09E-11 2.85E-11 2.58E-11 2.41E-11
 1.43E-12 1.92E-12 3.10E-12 4.35E-12 4.72E-12 4.85E-12 4.88E-12 4.88E-12
 4.89E-12 4.88E-12 4.87E-12 4.85E-12 4.81E-12 4.77E-12
 3.15E-13 3.72E-13 4.32E-13 4.68E-13 4.82E-13 4.89E-13 4.91E-13 4.92E-13
 4.92E-13 4.93E-13 4.94E-13 4.95E-13 4.96E-13 4.96E-13
 3.62E-14 4.12E-14 4.45E-14 4.69E-14 4.82E-14 4.88E-14 4.90E-14 4.91E-14
 4.91E-14 4.92E-14 4.92E-14 4.93E-14 4.94E-14 4.94E-14
  1004.46    7  14 /pl=01:ss=35:pb= 1:sz=35/type=excit/ispb = t/isel =   41
 1.00E+10 1.00E+11 1.00E+12 1.00E+13 1.00E+14 1.00E+15 1.00E+16
 2.23E+01 3.35E+01 5.58E+01 1.12E+02 2.23E+02 5.58E+02 1.12E+03 1.68E+03
 2.23E+03 3.35E+03 5.58E+03 1.12E+04 2.23E+04 3.35E+04
 1.62E-11 2.70E-11 7.77E-11 2.66E-10 4.89E-10 6.40E-10 6.47E-10 6.25E-10
 6.01E-10 5.62E-10 5.06E-10 4.27E-10 3.52E-10 3.11E-10
 1.62E-11 2.70E-11 7.76E-11 2.66E-10 4.90E-10 6.43E-10 6.50E-10 6.27E-10
 6.04E-10 5.64E-10 5.07E-10 4.28E-10 3.53E-10 3.12E-10
 1.63E-11 2.70E-11 7.70E-11 2.64E-10 4.85E-10 6.33E-10 6.41E-10 6.20E-10
 5.98E-10 5.59E-10 5.05E-10 4.28E-10 3.54E-10 3.13E-10
 1.67E-11 2.64E-11 7.12E-11 2.14E-10 3.40E-10 4.07E-10 4.11E-10 4.03E-10
 3.94E-10 3.78E-10 3.53E-10 3.15E-10 2.75E-10 2.52E-10
 1.53E-11 2.08E-11 4.13E-11 7.27E-11 8.53E-11 8.99E-11 9.02E-11 8.99E-11
 8.94E-11 8.86E-11 8.71E-11 8.45E-11 8.12E-11 7.89E-11
 5.81E-12 6.74E-12 8.48E-12 9.76E-12 1.01E-11 1.03E-11 1.03E-11 1.03E-11
 1.03E-11 1.03E-11 1.03E-11 1.02E-11 1.02E-11 1.01E-11
 7.94E-13 8.74E-13 9.54E-13 1.01E-12 1.03E-12 1.04E-12 1.04E-12 1.04E-12
 1.04E-12 1.04E-12 1.04E-12 1.04E-12 1.04E-12 1.04E-12
  1086.46    7  14 /pl=01:ss=35:pb= 1:sz=35/type=excit/ispb = t/isel =   42
 1.00E+10 1.00E+11 1.00E+12 1.00E+13 1.00E+14 1.00E+15 1.00E+16
 2.23E+01 3.35E+01 5.58E+01 1.12E+02 2.23E+02 5.58E+02 1.12E+03 1.68E+03
 2.23E+03 3.35E+03 5.58E+03 1.12E+04 2.23E+04 3.35E+04
 2.73E-12 4.07E-12 9.36E-12 3.14E-11 6.06E-11 8.23E-11 8.43E-11 8.17E-11
 7.89E-11 7.39E-11 6.67E-11 5.66E-11 4.68E-11 4.15E-11
 2.73E-12 4.06E-12 9.35E-12 3.13E-11 6.03E-11 8.17E-11 8.37E-11 8.11E-11
 7.83E-11 7.34E-11 6.63E-11 5.63E-11 4.66E-11 4.13E-11
 2.70E-12 4.01E-12 9.19E-12 3.04E-11 5.67E-11 7.46E-11 7.60E-11 7.39E-11
 7.16E-11 6.74E-11 6.14E-11 5.28E-11 4.42E-11 3.94E-11
 2.46E-12 3.59E-12 7.88E-12 2.07E-11 3.04E-11 3.48E-11 3.52E-11 3.48E-11
 3.43E-11 3.33E-11 3.19E-11 2.95E-11 2.67E-11 2.49E-11
 1.47E-12 1.98E-12 3.20E-12 4.49E-12 4.88E-12 5.02E-12 5.04E-12 5.05E-12
 5.05E-12 5.05E-12 5.04E-12 5.01E-12 4.97E-12 4.93E-12
 3.25E-13 3.85E-13 4.46E-13 4.84E-13 4.98E-13 5.05E-13 5.07E-13 5.08E-13
 5.09E-13 5.09E-13 5.10E-13 5.11E-13 5.12E-13 5.13E-13
 3.74E-14 4.26E-14 4.60E-14 4.85E-14 4.98E-14 5.05E-14 5.06E-14 5.07E-14
 5.08E-14 5.08E-14 5.09E-14 5.10E-14 5.11E-14 5.11E-14
  1150.32    7  14 /pl=01:ss=35:pb= 1:sz=35/type=excit/ispb = t/isel =   43
 1.00E+10 1.00E+11 1.00E+12 1.00E+13 1.00E+14 1.00E+15 1.00E+16
 2.23E+01 3.35E+01 5.58E+01 1.12E+02 2.23E+02 5.58E+02 1.12E+03 1.68E+03
 2.23E+03 3.35E+03 5.58E+03 1.12E+04 2.23E+04 3.35E+04
 3.30E-12 4.91E-12 1.13E-11 3.79E-11 7.31E-11 9.92E-11 1.02E-10 9.86E-11
 9.52E-11 8.92E-11 8.05E-11 6.83E-11 5.65E-11 5.01E-11
 3.29E-12 4.90E-12 1.13E-11 3.78E-11 7.28E-11 9.86E-11 1.01E-10 9.79E-11
 9.45E-11 8.86E-11 8.00E-11 6.79E-11 5.62E-11 4.99E-11
 3.26E-12 4.84E-12 1.11E-11 3.66E-11 6.84E-11 9.01E-11 9.17E-11 8.92E-11
 8.63E-11 8.14E-11 7.41E-11 6.36E-11 5.33E-11 4.76E-11
 2.96E-12 4.33E-12 9.50E-12 2.50E-11 3.66E-11 4.20E-11 4.24E-11 4.19E-11
 4.13E-11 4.02E-11 3.85E-11 3.56E-11 3.22E-11 3.01E-11
 1.78E-12 2.39E-12 3.87E-12 5.42E-12 5.89E-12 6.05E-12 6.08E-12 6.09E-12
 6.09E-12 6.09E-12 6.08E-12 6.05E-12 5.99E-12 5.95E-12
 3.92E-13 4.64E-13 5.38E-13 5.83E-13 6.01E-13 6.10E-13 6.12E-13 6.13E-13
 6.14E-13 6.14E-13 6.15E-13 6.17E-13 6.18E-13 6.18E-13
 4.51E-14 5.14E-14 5.55E-14 5.85E-14 6.01E-14 6.09E-14 6.11E-14 6.12E-14
 6.12E-14 6.13E-14 6.14E-14 6.15E-14 6.16E-14 6.16E-14
  1179.08    7  14 /pl=01:ss=35:pb= 1:sz=35/type=excit/ispb = t/isel =   44
 1.00E+10 1.00E+11 1.00E+12 1.00E+13 1.00E+14 1.00E+15 1.00E+16
 2.23E+01 3.35E+01 5.58E+01 1.12E+02 2.23E+02 5.58E+02 1.12E+03 1.68E+03
 2.23E+03 3.35E+03 5.58E+03 1.12E+04 2.23E+04 3.35E+04
 2.06E-12 3.39E-12 9.42E-12 3.45E-11 6.65E-11 8.93E-11 9.08E-11 8.80E-11
 8.48E-11 7.94E-11 7.17E-11 6.07E-11 5.02E-11 4.46E-11
 2.05E-12 3.39E-12 9.39E-12 3.40E-11 6.50E-11 8.65E-11 8.80E-11 8.53E-11
 8.23E-11 7.72E-11 6.99E-11 5.94E-11 4.93E-11 4.39E-11
 2.04E-12 3.35E-12 9.07E-12 3.05E-11 5.43E-11 6.95E-11 7.04E-11 6.86E-11
 6.66E-11 6.30E-11 5.78E-11 5.02E-11 4.26E-11 3.84E-11
 1.94E-12 3.07E-12 7.21E-12 1.88E-11 2.89E-11 3.45E-11 3.48E-11 3.42E-11
 3.35E-11 3.22E-11 3.03E-11 2.74E-11 2.43E-11 2.24E-11
 1.34E-12 1.92E-12 3.32E-12 5.59E-12 6.72E-12 7.21E-12 7.27E-12 7.25E-12
 7.22E-12 7.15E-12 7.05E-12 6.85E-12 6.59E-12 6.42E-12
 3.53E-13 4.62E-13 5.99E-13 7.29E-13 7.90E-13 8.19E-13 8.26E-13 8.27E-13
 8.28E-13 8.28E-13 8.28E-13 8.26E-13 8.23E-13 8.21E-13
 4.30E-14 5.48E-14 6.57E-14 7.54E-14 8.05E-14 8.31E-14 8.37E-14 8.39E-14
 8.40E-14 8.41E-14 8.43E-14 8.44E-14 8.45E-14 8.45E-14
  1446.97    7  14 /pl=01:ss=35:pb= 1:sz=35/type=excit/ispb = t/isel =   45
 1.00E+10 1.00E+11 1.00E+12 1.00E+13 1.00E+14 1.00E+15 1.00E+16
 2.23E+01 3.35E+01 5.58E+01 1.12E+02 2.23E+02 5.58E+02 1.12E+03 1.68E+03
 2.23E+03 3.35E+03 5.58E+03 1.12E+04 2.23E+04 3.35E+04
 1.70E-12 2.72E-12 5.83E-12 1.85E-11 3.59E-11 4.89E-11 5.00E-11 4.85E-11
 4.68E-11 4.39E-11 3.96E-11 3.35E-11 2.78E-11 2.46E-11
 1.70E-12 2.71E-12 5.79E-12 1.82E-11 3.48E-11 4.71E-11 4.81E-11 4.68E-11
 4.52E-11 4.24E-11 3.84E-11 3.27E-11 2.72E-11 2.41E-11
 1.66E-12 2.64E-12 5.50E-12 1.59E-11 2.80E-11 3.63E-11 3.70E-11 3.62E-11
 3.52E-11 3.34E-11 3.07E-11 2.68E-11 2.28E-11 2.06E-11
 1.38E-12 2.13E-12 4.00E-12 9.80E-12 1.62E-11 2.04E-11 2.08E-11 2.03E-11
 1.97E-11 1.88E-11 1.74E-11 1.53E-11 1.33E-11 1.21E-11
 7.93E-13 1.22E-12 2.29E-12 4.73E-12 6.47E-12 7.36E-12 7.46E-12 7.40E-12
 7.32E-12 7.16E-12 6.90E-12 6.47E-12 5.95E-12 5.61E-12
 2.84E-13 4.22E-13 6.18E-13 8.37E-13 9.56E-13 1.02E-12 1.03E-12 1.04E-12
 1.04E-12 1.04E-12 1.03E-12 1.03E-12 1.01E-12 1.01E-12
 3.88E-14 5.60E-14 7.38E-14 9.05E-14 1.00E-13 1.06E-13 1.08E-13 1.08E-13
 1.08E-13 1.09E-13 1.09E-13 1.09E-13 1.09E-13 1.09E-13
  1689.76    7  14 /pl=01:ss=35:pb= 1:sz=35/type=excit/ispb = t/isel =   46
 1.00E+10 1.00E+11 1.00E+12 1.00E+13 1.00E+14 1.00E+15 1.00E+16
 2.23E+01 3.35E+01 5.58E+01 1.12E+02 2.23E+02 5.58E+02 1.12E+03 1.68E+03
 2.23E+03 3.35E+03 5.58E+03 1.12E+04 2.23E+04 3.35E+04
 2.76E-12 4.55E-12 1.27E-11 4.63E-11 8.93E-11 1.20E-10 1.22E-10 1.18E-10
 1.14E-10 1.07E-10 9.62E-11 8.16E-11 6.74E-11 5.99E-11
 2.76E-12 4.55E-12 1.26E-11 4.57E-11 8.72E-11 1.16E-10 1.18E-10 1.15E-10
 1.11E-10 1.04E-10 9.38E-11 7.98E-11 6.62E-11 5.89E-11
 2.74E-12 4.50E-12 1.22E-11 4.10E-11 7.29E-11 9.33E-11 9.46E-11 9.21E-11
 8.94E-11 8.46E-11 7.76E-11 6.74E-11 5.72E-11 5.16E-11
 2.61E-12 4.13E-12 9.69E-12 2.53E-11 3.88E-11 4.63E-11 4.67E-11 4.59E-11
 4.49E-11 4.32E-11 4.07E-11 3.68E-11 3.26E-11 3.01E-11
 1.80E-12 2.57E-12 4.46E-12 7.50E-12 9.03E-12 9.68E-12 9.76E-12 9.73E-12
 9.69E-12 9.61E-12 9.46E-12 9.20E-12 8.85E-12 8.62E-12
 4.74E-13 6.20E-13 8.04E-13 9.79E-13 1.06E-12 1.10E-12 1.11E-12 1.11E-12
 1.11E-12 1.11E-12 1.11E-12 1.11E-12 1.11E-12 1.10E-12
 5.78E-14 7.36E-14 8.83E-14 1.01E-13 1.08E-13 1.12E-13 1.12E-13 1.13E-13
 1.13E-13 1.13E-13 1.13E-13 1.13E-13 1.13E-13 1.13E-13
  2487.50    7  14 /pl=01:ss=35:pb= 1:sz=35/type=excit/ispb = t/isel =   47
 1.00E+10 1.00E+11 1.00E+12 1.00E+13 1.00E+14 1.00E+15 1.00E+16
 2.23E+01 3.35E+01 5.58E+01 1.12E+02 2.23E+02 5.58E+02 1.12E+03 1.68E+03
 2.23E+03 3.35E+03 5.58E+03 1.12E+04 2.23E+04 3.35E+04
 4.07E-11 5.35E-11 1.28E-10 4.45E-10 8.43E-10 1.11E-09 1.12E-09 1.08E-09
 1.04E-09 9.70E-10 8.74E-10 7.38E-10 6.10E-10 5.40E-10
 4.06E-11 5.33E-11 1.27E-10 4.37E-10 8.15E-10 1.06E-09 1.07E-09 1.04E-09
 9.98E-10 9.34E-10 8.44E-10 7.17E-10 5.95E-10 5.29E-10
 3.99E-11 5.21E-11 1.21E-10 3.74E-10 6.30E-10 7.75E-10 7.79E-10 7.59E-10
 7.38E-10 7.01E-10 6.48E-10 5.68E-10 4.87E-10 4.41E-10
 3.44E-11 4.32E-11 8.43E-11 1.78E-10 2.33E-10 2.54E-10 2.54E-10 2.51E-10
 2.48E-10 2.42E-10 2.34E-10 2.20E-10 2.04E-10 1.94E-10
 1.74E-11 1.97E-11 2.65E-11 3.20E-11 3.26E-11 3.24E-11 3.22E-11 3.21E-11
 3.21E-11 3.21E-11 3.20E-11 3.19E-11 3.18E-11 3.16E-11
 3.29E-12 3.30E-12 3.35E-12 3.30E-12 3.24E-12 3.20E-12 3.17E-12 3.17E-12
 3.16E-12 3.16E-12 3.16E-12 3.16E-12 3.16E-12 3.16E-12
 3.58E-13 3.47E-13 3.38E-13 3.29E-13 3.23E-13 3.18E-13 3.16E-13 3.15E-13
 3.15E-13 3.14E-13 3.14E-13 3.14E-13 3.14E-13 3.14E-13
  2613.97    7  14 /pl=01:ss=35:pb= 1:sz=35/type=excit/ispb = t/isel =   48
 1.00E+10 1.00E+11 1.00E+12 1.00E+13 1.00E+14 1.00E+15 1.00E+16
 2.23E+01 3.35E+01 5.58E+01 1.12E+02 2.23E+02 5.58E+02 1.12E+03 1.68E+03
 2.23E+03 3.35E+03 5.58E+03 1.12E+04 2.23E+04 3.35E+04
 3.74E-12 5.97E-12 1.69E-11 6.30E-11 1.25E-10 1.76E-10 1.84E-10 1.80E-10
 1.74E-10 1.63E-10 1.46E-10 1.23E-10 1.01E-10 8.87E-11
 3.79E-12 6.05E-12 1.73E-11 6.80E-11 1.42E-10 2.05E-10 2.14E-10 2.07E-10
 1.99E-10 1.85E-10 1.65E-10 1.36E-10 1.10E-10 9.60E-11
 4.30E-12 6.77E-12 2.10E-11 1.01E-10 2.26E-10 3.21E-10 3.30E-10 3.20E-10
 3.07E-10 2.85E-10 2.52E-10 2.07E-10 1.64E-10 1.41E-10
 7.64E-12 1.11E-11 3.37E-11 1.08E-10 1.54E-10 1.74E-10 1.76E-10 1.75E-10
 1.73E-10 1.70E-10 1.63E-10 1.52E-10 1.39E-10 1.30E-10
 9.28E-12 1.09E-11 1.71E-11 2.16E-11 2.23E-11 2.26E-11 2.28E-11 2.28E-11
 2.29E-11 2.29E-11 2.28E-11 2.28E-11 2.26E-11 2.25E-11
 2.24E-12 2.26E-12 2.31E-12 2.29E-12 2.26E-12 2.27E-12 2.28E-12 2.29E-12
 2.29E-12 2.30E-12 2.30E-12 2.29E-12 2.29E-12 2.29E-12
 2.56E-13 2.49E-13 2.38E-13 2.29E-13 2.26E-13 2.27E-13 2.28E-13 2.29E-13
 2.29E-13 2.29E-13 2.29E-13 2.29E-13 2.29E-13 2.29E-13
  3016.96    7  14 /pl=01:ss=35:pb= 1:sz=35/type=excit/ispb = t/isel =   49
 1.00E+10 1.00E+11 1.00E+12 1.00E+13 1.00E+14 1.00E+15 1.00E+16
 2.23E+01 3.35E+01 5.58E+01 1.12E+02 2.23E+02 5.58E+02 1.12E+03 1.68E+03
 2.23E+03 3.35E+03 5.58E+03 1.12E+04 2.23E+04 3.35E+04
 1.90E-11 2.49E-11 5.97E-11 2.08E-10 3.93E-10 5.17E-10 5.21E-10 5.03E-10
 4.84E-10 4.52E-10 4.07E-10 3.44E-10 2.84E-10 2.52E-10
 1.89E-11 2.49E-11 5.93E-11 2.04E-10 3.80E-10 4.96E-10 4.99E-10 4.83E-10
 4.65E-10 4.35E-10 3.93E-10 3.34E-10 2.77E-10 2.46E-10
 1.86E-11 2.43E-11 5.63E-11 1.74E-10 2.94E-10 3.61E-10 3.63E-10 3.54E-10
 3.44E-10 3.27E-10 3.02E-10 2.65E-10 2.27E-10 2.06E-10
 1.60E-11 2.01E-11 3.93E-11 8.30E-11 1.09E-10 1.18E-10 1.18E-10 1.17E-10
 1.15E-10 1.13E-10 1.09E-10 1.03E-10 9.52E-11 9.04E-11
 8.12E-12 9.17E-12 1.24E-11 1.49E-11 1.52E-11 1.51E-11 1.50E-11 1.50E-11
 1.50E-11 1.49E-11 1.49E-11 1.49E-11 1.48E-11 1.47E-11
 1.53E-12 1.54E-12 1.56E-12 1.54E-12 1.51E-12 1.49E-12 1.48E-12 1.48E-12
 1.47E-12 1.47E-12 1.47E-12 1.47E-12 1.47E-12 1.47E-12
 1.67E-13 1.62E-13 1.57E-13 1.53E-13 1.51E-13 1.48E-13 1.47E-13 1.47E-13
 1.47E-13 1.47E-13 1.46E-13 1.46E-13 1.46E-13 1.46E-13
  3901.37    7  14 /pl=01:ss=35:pb= 1:sz=35/type=excit/ispb = t/isel =   50
 1.00E+10 1.00E+11 1.00E+12 1.00E+13 1.00E+14 1.00E+15 1.00E+16
 2.23E+01 3.35E+01 5.58E+01 1.12E+02 2.23E+02 5.58E+02 1.12E+03 1.68E+03
 2.23E+03 3.35E+03 5.58E+03 1.12E+04 2.23E+04 3.35E+04
 4.06E-12 6.04E-12 1.39E-11 4.66E-11 8.99E-11 1.22E-10 1.25E-10 1.21E-10
 1.17E-10 1.10E-10 9.90E-11 8.40E-11 6.95E-11 6.16E-11
 4.05E-12 6.03E-12 1.39E-11 4.65E-11 8.95E-11 1.21E-10 1.24E-10 1.20E-10
 1.16E-10 1.09E-10 9.84E-11 8.35E-11 6.92E-11 6.13E-11
 4.01E-12 5.95E-12 1.36E-11 4.51E-11 8.41E-11 1.11E-10 1.13E-10 1.10E-10
 1.06E-10 1.00E-10 9.12E-11 7.83E-11 6.56E-11 5.85E-11
 3.64E-12 5.32E-12 1.17E-11 3.08E-11 4.50E-11 5.17E-11 5.22E-11 5.16E-11
 5.08E-11 4.95E-11 4.73E-11 4.38E-11 3.96E-11 3.70E-11
 2.19E-12 2.94E-12 4.75E-12 6.67E-12 7.24E-12 7.44E-12 7.48E-12 7.49E-12
 7.49E-12 7.49E-12 7.47E-12 7.44E-12 7.37E-12 7.31E-12
 4.82E-13 5.71E-13 6.62E-13 7.18E-13 7.40E-13 7.50E-13 7.53E-13 7.54E-13
 7.55E-13 7.55E-13 7.57E-13 7.59E-13 7.60E-13 7.61E-13
 5.54E-14 6.32E-14 6.83E-14 7.19E-14 7.39E-14 7.49E-14 7.52E-14 7.53E-14
 7.53E-14 7.54E-14 7.55E-14 7.57E-14 7.58E-14 7.58E-14
c-------------------------------------------------------------------------------
 
C  root partition information
C  ==========================
C
C  nuclear charge : 74
C  ion charge+1   : 36
C
C  population calculation information
C  ----------------------------------
C
C  population processing code: adas810
C
C  adf04 source file    : adf04_copmm#74_ls_40#w35.dat
C  adf18/a17_p208 file  : NULL
C
C  meta. ion. coeff. selector  : 
 
C  options  : lnorm =T  lpsel =F  lzsel =T  liosel=F
C           : lhsel =F  lrsel =F  lisel =F  lnsel =F
 
C  energy levels
C  -------------
C
C   lv      configuration    (2S+1)L(w-1/2)      energy (cm^-1)
C  ---   ------------------- --------------      --------------
c    1   39                     (2)1(  2.5)             0.0
c    2   39                     (4)3( 13.5)          7055.0
c    3   39                     (4)1(  5.5)         40201.0
c    4   39                     (2)5( 10.5)         45311.0
c    5   39                     (2)4(  8.5)        106611.0
c    6   39                     (2)3(  6.5)        132243.0
c    7   39                     (2)2(  4.5)        191423.0
c    8   39                     (2)2(  4.5)        260533.0
c    9   606527558549           (6)2( 14.5)       1231573.0
c   10   606527558549           (4)5( 21.5)       1353273.0
c   11   606527558549           (4)1(  5.5)       1355273.0
c   12   606527558549           (4)2(  9.5)       1385373.0
c   13   606527558549           (4)3( 13.5)       1387673.0
c   14   606527558549           (4)4( 17.5)       1434673.0
c   15   606527558549           (2)0(  0.5)       1458873.0
c   16   606527558549           (2)6( 12.5)       1492873.0
c   17   606527558549           (6)3( 20.5)       1493273.0
c   18   606527558549           (2)2(  4.5)       1502173.0
c   19   606527558549           (4)4( 17.5)       1518473.0
c   20   606527558549           (4)3( 13.5)       1530973.0
c   21   2951A                  (2)4(  8.5)       1571473.0
c   22   2951A                  (2)5( 10.5)       1571773.0
c   23   606527558549           (2)1(  2.5)       1571773.0
c   24   606527558549           (4)5( 21.5)       1584273.0
c   25   2951A                  (4)5( 21.5)       1588373.0
c   26   2951A                  (4)2(  9.5)       1590073.0
c   27   2951A                  (4)6( 25.5)       1597873.0
c   28   606527558549           (4)0(  1.5)       1612873.0
c   29   606527558549           (2)1(  2.5)       1621973.0
c   30   606527558549           (2)4(  8.5)       1628873.0
c   31   606527558549           (6)1(  8.5)       1655573.0
c   32   606527558549           (4)0(  1.5)       1657773.0
c   33   2951A                  (2)0(  0.5)       1665073.0
c   34   606527558549           (4)6( 25.5)       1674873.0
c   35   606527558549           (4)3( 13.5)       1679373.0
c   36   2951A                  (2)2(  4.5)       1688173.0
c   37   2951A                  (4)4( 17.5)       1690973.0
c   38   606527558549           (2)1(  2.5)       1698673.0
c   39   606527558549           (2)3(  6.5)       1702473.0
c   40   606527558549           (4)2(  9.5)       1707673.0
c   41   2951A                  (4)3( 13.5)       1711573.0
c   42   2951A                  (4)1(  5.5)       1717673.0
c   43   606527558549           (2)5( 10.5)       1728873.0
c   44   606527558549           (2)3(  6.5)       1737973.0
c   45   606527558549           (4)2(  9.5)       1738573.0
c   46   606527558549           (4)2(  9.5)       1741473.0
c   47   606527558549           (4)4( 17.5)       1742173.0
c   48   2951A                  (2)3(  6.5)       1750773.0
c   49   2951A                  (2)3(  6.5)       1751473.0
c   50   606527558549           (2)3(  6.5)       1756973.0
c   51   2951A                  (2)7( 14.5)       1769573.0
c   52   2951A                  (4)3( 13.5)       1774073.0
c   53   606527558549           (2)6( 12.5)       1774773.0
c   54   606527558549           (4)3( 13.5)       1777273.0
c   55   606527558549           (2)2(  4.5)       1783773.0
c   56   2951A                  (4)2(  9.5)       1784573.0
c   57   2951A                  (2)1(  2.5)       1787573.0
c   58   2951A                  (2)6( 12.5)       1790373.0
c   59   606527558549           (4)1(  5.5)       1796073.0
c   60   2951A                  (2)4(  8.5)       1802973.0
c   61   2951A                  (2)4(  8.5)       1804073.0
c   62   2951A                  (4)4( 17.5)       1805673.0
c   63   2951A                  (2)5( 10.5)       1807673.0
c   64   606527558549           (2)1(  2.5)       1809073.0
c   65   2951A                  (2)6( 12.5)       1810073.0
c   66   606527558549           (4)2(  9.5)       1819373.0
c   67   606527558549           (4)3( 13.5)       1829973.0
c   68   606527558549           (2)4(  8.5)       1832873.0
c   69   606527558549           (2)2(  4.5)       1835373.0
c   70   606527558549           (2)7( 14.5)       1836373.0
c   71   2951A                  (2)5( 10.5)       1839973.0
c   72   606527558549           (2)4(  8.5)       1840973.0
c   73   2951A                  (4)0(  1.5)       1853273.0
c   74   606527558549           (4)4( 17.5)       1866473.0
c   75   2951A                  (2)3(  6.5)       1875173.0
c   76   606527558549           (2)3(  6.5)       1876873.0
c   77   606527558549           (2)4(  8.5)       1880673.0
c   78   2951A                  (2)2(  4.5)       1894073.0
c   79   2951A                  (2)2(  4.5)       1898073.0
c   80   2951A                  (2)4(  8.5)       1905973.0
c   81   606527558549           (2)5( 10.5)       1908773.0
c   82   606527558549           (2)5( 10.5)       1909273.0
c   83   606527558549           (2)5( 10.5)       1914073.0
c   84   606527558549           (2)3(  6.5)       1919773.0
c   85   606527558549           (4)1(  5.5)       1920973.0
c   86   2951A                  (2)3(  6.5)       1924173.0
c   87   2951A                  (2)2(  4.5)       1928673.0
c   88   2951A                  (2)1(  2.5)       1928873.0
c   89   606527558549           (2)4(  8.5)       1930673.0
c   90   606527558549           (2)3(  6.5)       1945973.0
c   91   2951A                  (2)3(  6.5)       1947973.0
c   92   606527558549           (2)4(  8.5)       1952973.0
c   93   606527558549           (2)1(  2.5)       1953073.0
c   94   606527558549           (2)2(  4.5)       1955073.0
c   95   606527558549           (2)2(  4.5)       1962173.0
c   96   2951A                  (2)1(  2.5)       1962573.0
c   97   606527558549           (2)5( 10.5)       1963273.0
c   98   606527558549           (2)2(  4.5)       1973873.0
c   99   606527558549           (2)2(  4.5)       1988673.0
c  100   606527558549           (2)3(  6.5)       2001173.0
c  101   606527558549           (2)3(  6.5)       2006473.0
c  102   606527558549           (2)4(  8.5)       2007873.0
c  103   606527558549           (4)2(  9.5)       2020473.0
c  104   606527558549           (2)1(  2.5)       2044473.0
c  105   606527558549           (4)1(  5.5)       2128673.0
c  106   606527558549           (2)3(  6.5)       2128973.0
c  107   606527558549           (2)1(  2.5)       2269773.0
c  108   606527558549           (2)0(  0.5)       2360073.0
c  109   606527558549           (2)2(  4.5)       2428273.0
c  110   2951B                  (4)1(  5.5)       3762873.0
c  111   2951B                  (4)3( 13.5)       3784173.0
c  112   2951B                  (2)3(  6.5)       3787373.0
c  113   2951B                  (2)4(  8.5)       3790473.0
c  114   2951B                  (2)1(  2.5)       3793073.0
c  115   2951B                  (2)2(  4.5)       3930073.0
c  116   2951B                  (2)0(  0.5)       4006173.0
c  117   2951C                  (4)1(  5.5)       4231073.0
c  118   2951C                  (2)4(  8.5)       4295273.0
c  119   2951C                  (2)5( 10.5)       4330173.0
c  120   2951C                  (2)4(  8.5)       4333573.0
c  121   2951C                  (4)4( 17.5)       4335573.0
c  122   2951C                  (4)3( 13.5)       4352173.0
c  123   2951C                  (4)2(  9.5)       4356673.0
c  124   2951C                  (2)3(  6.5)       4388073.0
c  125   2951C                  (2)1(  2.5)       4409073.0
c  126   2951C                  (2)2(  4.5)       4416073.0
c  127   2951C                  (4)2(  9.5)       4420073.0
c  128   2951C                  (2)0(  0.5)       4441073.0
c  129   2951C                  (4)0(  1.5)       4451973.0
c  130   2951C                  (2)3(  6.5)       4455673.0
c  131   2951C                  (2)2(  4.5)       4461573.0
c  132   2951C                  (2)3(  6.5)       4473273.0
c  133   2951C                  (2)2(  4.5)       4481973.0
c  134   2951C                  (2)1(  2.5)       4570373.0
c  135   2951C                  (2)1(  2.5)       4583873.0
c  136   2951D                  (2)1(  2.5)       4973273.0
c  137   2951D                  (2)3(  6.5)       4980873.0
c  138   2951D                  (4)1(  5.5)       5031673.0
c  139   2951D                  (4)5( 21.5)       5061873.0
c  140   2951D                  (4)4( 17.5)       5063873.0
c  141   2951D                  (2)6( 12.5)       5092273.0
c  142   2951D                  (4)2(  9.5)       5092473.0
c  143   2951D                  (4)3( 13.5)       5098073.0
c  144   2951D                  (4)1(  5.5)       5104773.0
c  145   2951D                  (2)5( 10.5)       5112473.0
c  146   2951D                  (4)2(  9.5)       5112573.0
c  147   2951D                  (2)3(  6.5)       5113173.0
c  148   2951D                  (4)3( 13.5)       5114573.0
c  149   2951D                  (2)5( 10.5)       5125773.0
c  150   2951D                  (2)0(  0.5)       5128973.0
c  151   2951D                  (2)4(  8.5)       5129573.0
c  152   2951D                  (2)1(  2.5)       5154773.0
c  153   2951D                  (2)4(  8.5)       5164173.0
c  154   2951D                  (2)2(  4.5)       5167773.0
c  155   2951D                  (2)4(  8.5)       5200473.0
c  156   2951D                  (2)3(  6.5)       5200873.0
c  157   2951D                  (2)1(  2.5)       5206773.0
c  158   2951D                  (2)2(  4.5)       5210673.0
c  159   2951D                  (2)2(  4.5)       5230173.0
c  160   2951D                  (2)2(  4.5)       5232073.0
c  161   2951D                  (2)3(  6.5)       5250673.0
c  162   2951D                  (2)2(  4.5)       5330473.0
c  163   2951E                  (2)0(  0.5)       5618773.0
c  164   2951E                  (4)3( 13.5)       5760373.0
c  165   2951E                  (2)4(  8.5)       5767373.0
c  166   2951E                  (4)4( 17.5)       5767573.0
c  167   2951E                  (4)5( 21.5)       5780773.0
c  168   2951E                  (2)3(  6.5)       5780773.0
c  169   2951E                  (4)4( 17.5)       5783273.0
c  170   2951E                  (4)6( 25.5)       5786173.0
c  171   2951E                  (4)2(  9.5)       5787473.0
c  172   2951E                  (4)2(  9.5)       5791273.0
c  173   2951E                  (2)2(  4.5)       5791973.0
c  174   2951E                  (2)6( 12.5)       5793573.0
c  175   2951E                  (2)6( 12.5)       5793973.0
c  176   2951E                  (2)5( 10.5)       5794373.0
c  177   2951E                  (2)5( 10.5)       5795773.0
c  178   2951E                  (4)1(  5.5)       5801473.0
c  179   2951E                  (2)3(  6.5)       5810273.0
c  180   2951E                  (2)7( 14.5)       5817473.0
c  181   2951E                  (4)0(  1.5)       5819473.0
c  182   2951E                  (2)2(  4.5)       5827473.0
c  183   2951E                  (2)3(  6.5)       5830973.0
c  184   2951E                  (2)4(  8.5)       5837273.0
c  185   2951E                  (2)4(  8.5)       5842273.0
c  186   2951E                  (4)3( 13.5)       5843673.0
c  187   2951E                  (2)2(  4.5)       5877973.0
c  188   2951E                  (2)3(  6.5)       5885973.0
c  189   2951E                  (2)1(  2.5)       5894873.0
c  190   2951E                  (2)1(  2.5)       5936773.0
c  191   2951E                  (2)5( 10.5)       5943473.0
c  192   2951E                  (2)2(  4.5)       5951073.0
c  193   2951E                  (2)4(  8.5)       5951473.0
c  194   2951E                  (2)1(  2.5)       5952373.0
c  195   2951E                  (2)3(  6.5)       6027673.0
c  196   2951F                  (2)1(  2.5)       6191773.0
c  197   2951F                  (4)7( 29.5)       6229073.0
c  198   2951F                  (2)5( 10.5)       6233673.0
c  199   2951F                  (4)6( 25.5)       6234173.0
c  200   2951F                  (4)5( 21.5)       6244673.0
c  201   2951F                  (4)4( 17.5)       6262473.0
c  202   2951F                  (4)3( 13.5)       6268573.0
c  203   2951F                  (4)1(  5.5)       6270373.0
c  204   2951F                  (4)2(  9.5)       6279573.0
c  205   2951F                  (2)5( 10.5)       6279773.0
c  206   2951F                  (2)3(  6.5)       6281673.0
c  207   2951F                  (2)7( 14.5)       6287073.0
c  208   2951F                  (2)7( 14.5)       6289073.0
c  209   2951F                  (4)4( 17.5)       6293873.0
c  210   2951F                  (2)2(  4.5)       6294573.0
c  211   2951F                  (4)5( 21.5)       6304773.0
c  212   2951F                  (2)5( 10.5)       6306473.0
c  213   2951F                  (2)3(  6.5)       6312173.0
c  214   2951F                  (4)3( 13.5)       6319273.0
c  215   2951F                  (2)4(  8.5)       6330873.0
c  216   2951F                  (2)6( 12.5)       6334873.0
c  217   2951F                  (2)4(  8.5)       6339173.0
c  218   2951F                  (2)6( 12.5)       6352573.0
c  219   2951F                  (2)3(  6.5)       6361973.0
c  220   2951F                  (2)4(  8.5)       6362073.0
c  221   2951F                  (2)6( 12.5)       6362073.0
c  222   2951F                  (2)8( 16.5)       6366873.0
c  223   2951F                  (2)2(  4.5)       6397573.0
c  224   2951F                  (2)2(  4.5)       6414473.0
c  225   2951F                  (2)4(  8.5)       6441873.0
c  226   2951F                  (2)1(  2.5)       6447873.0
c  227   2951F                  (2)3(  6.5)       6448973.0
c  228   2951F                  (2)5( 10.5)       6449673.0
c  229   2951F                  (2)0(  0.5)       6451173.0
c  230   2951F                  (2)4(  8.5)       6523473.0
c  231   2951G                  (4)1(  5.5)       6745373.0
c  232   2951G                  (2)3(  6.5)       6763173.0
c  233   2951G                  (2)1(  2.5)       6764073.0
c  234   2951G                  (4)3( 13.5)       6764273.0
c  235   2951G                  (2)4(  8.5)       6769073.0
c  236   2951G                  (2)2(  4.5)       6909173.0
c  237   2951G                  (2)0(  0.5)       6985673.0
c  238   2951H                  (2)4(  8.5)       7030673.0
c  239   2951H                  (2)3(  6.5)       7043773.0
c  240   2951H                  (4)4( 17.5)       7053073.0
c  241   2951H                  (2)5( 10.5)       7055573.0
c  242   2951H                  (4)1(  5.5)       7063273.0
c  243   2951H                  (2)2(  4.5)       7069173.0
c  244   2951H                  (4)2(  9.5)       7072773.0
c  245   2951H                  (4)2(  9.5)       7075273.0
c  246   2951H                  (4)3( 13.5)       7084673.0
c  247   2951H                  (2)0(  0.5)       7108873.0
c  248   2951H                  (2)3(  6.5)       7110373.0
c  249   2951H                  (4)0(  1.5)       7111073.0
c  250   2951H                  (2)3(  6.5)       7116473.0
c  251   2951H                  (2)2(  4.5)       7120973.0
c  252   2951H                  (2)4(  8.5)       7121473.0
c  253   2951H                  (2)2(  4.5)       7146573.0
c  254   2951H                  (2)1(  2.5)       7164973.0
c  255   2951H                  (2)1(  2.5)       7223773.0
c  256   2951H                  (2)1(  2.5)       7290773.0
c  257   2951I                  (2)2(  4.5)       7375273.0
c  258   2951I                  (2)1(  2.5)       7416473.0
c  259   2951I                  (4)3( 13.5)       7435473.0
c  260   2951I                  (4)2(  9.5)       7435973.0
c  261   2951I                  (4)5( 21.5)       7448273.0
c  262   2951I                  (2)4(  8.5)       7449773.0
c  263   2951I                  (4)4( 17.5)       7449973.0
c  264   2951I                  (2)5( 10.5)       7452373.0
c  265   2951I                  (4)2(  9.5)       7453973.0
c  266   2951I                  (4)1(  5.5)       7461773.0
c  267   2951I                  (2)4(  8.5)       7462573.0
c  268   2951I                  (2)6( 12.5)       7463173.0
c  269   2951I                  (2)5( 10.5)       7467573.0
c  270   2951I                  (2)3(  6.5)       7470973.0
c  271   2951I                  (4)3( 13.5)       7473073.0
c  272   2951I                  (2)0(  0.5)       7474473.0
c  273   2951I                  (4)1(  5.5)       7487773.0
c  274   2951I                  (2)3(  6.5)       7490473.0
c  275   2951I                  (2)3(  6.5)       7507373.0
c  276   2951I                  (2)1(  2.5)       7515473.0
c  277   2951I                  (2)2(  4.5)       7523873.0
c  278   2951I                  (2)2(  4.5)       7564673.0
c  279   2951I                  (2)4(  8.5)       7607573.0
c  280   2951I                  (2)3(  6.5)       7608773.0
c  281   2951I                  (2)1(  2.5)       7617673.0
c  282   2951I                  (2)2(  4.5)       7618773.0
c  283   2951I                  (2)2(  4.5)       7687073.0
c  284   2951J                  (4)2(  9.5)       7771573.0
c  285   2951J                  (4)3( 13.5)       7793273.0
c  286   2951J                  (4)3( 13.5)       7807073.0
c  287   2951J                  (2)3(  6.5)       7814473.0
c  288   2951J                  (4)5( 21.5)       7816073.0
c  289   2951J                  (4)6( 25.5)       7817173.0
c  290   2951J                  (4)4( 17.5)       7820173.0
c  291   2951J                  (2)6( 12.5)       7821773.0
c  292   2951J                  (4)2(  9.5)       7822973.0
c  293   2951J                  (2)5( 10.5)       7824073.0
c  294   2951J                  (2)2(  4.5)       7826673.0
c  295   2951J                  (2)4(  8.5)       7828573.0
c  296   2951J                  (2)6( 12.5)       7828973.0
c  297   2951J                  (2)5( 10.5)       7831273.0
c  298   2951J                  (4)1(  5.5)       7831373.0
c  299   2951J                  (2)7( 14.5)       7842273.0
c  300   2951J                  (2)1(  2.5)       7846973.0
c  301   2951J                  (2)2(  4.5)       7847573.0
c  302   2951J                  (2)3(  6.5)       7847773.0
c  303   2951J                  (4)4( 17.5)       7856873.0
c  304   2951J                  (2)1(  2.5)       7865173.0
c  305   2951J                  (2)4(  8.5)       7876373.0
c  306   2951J                  (2)4(  8.5)       7887573.0
c  307   2951J                  (2)5( 10.5)       7890173.0
c  308   2951J                  (2)2(  4.5)       7899773.0
c  309   2951J                  (2)3(  6.5)       7905073.0
c  310   2951J                  (4)0(  1.5)       7955773.0
c  311   2951J                  (2)0(  0.5)       7969473.0
c  312   2951J                  (2)1(  2.5)       7971173.0
c  313   2951J                  (2)2(  4.5)       7977273.0
c  314   2951J                  (2)4(  8.5)       7978973.0
c  315   2951K                  (2)1(  2.5)       7979273.0
c  316   2951J                  (2)3(  6.5)       7980673.0
c  317   2951K                  (2)3(  6.5)       8020673.0
c  318   2951K                  (4)6( 25.5)       8029173.0
c  319   2951J                  (2)3(  6.5)       8054373.0
c  320   2951K                  (4)4( 17.5)       8057273.0
c  321   2951K                  (4)3( 13.5)       8064473.0
c  322   2951K                  (4)7( 29.5)       8065273.0
c  323   2951K                  (4)5( 21.5)       8066673.0
c  324   2951K                  (2)4(  8.5)       8074373.0
c  325   2951K                  (4)5( 21.5)       8076573.0
c  326   2951K                  (2)6( 12.5)       8077273.0
c  327   2951K                  (4)4( 17.5)       8080273.0
c  328   2951K                  (4)3( 13.5)       8082273.0
c  329   2951K                  (2)6( 12.5)       8083073.0
c  330   2951K                  (2)7( 14.5)       8084273.0
c  331   2951K                  (2)3(  6.5)       8088673.0
c  332   2951K                  (2)5( 10.5)       8090073.0
c  333   2951K                  (2)8( 16.5)       8095473.0
c  334   2951K                  (2)3(  6.5)       8096773.0
c  335   2951K                  (4)2(  9.5)       8098573.0
c  336   2951K                  (2)2(  4.5)       8102973.0
c  337   2951K                  (2)4(  8.5)       8107973.0
c  338   2951K                  (4)1(  5.5)       8120373.0
c  339   2951K                  (2)5( 10.5)       8126373.0
c  340   2951K                  (2)7( 14.5)       8136873.0
c  341   2951K                  (2)1(  2.5)       8144473.0
c  342   2951K                  (2)5( 10.5)       8151373.0
c  343   2951K                  (2)4(  8.5)       8155173.0
c  344   2951K                  (2)5( 10.5)       8166673.0
c  345   2951K                  (2)2(  4.5)       8219073.0
c  346   2951K                  (2)0(  0.5)       8224173.0
c  347   2951K                  (2)2(  4.5)       8228673.0
c  348   2951K                  (2)6( 12.5)       8229473.0
c  349   2951K                  (2)4(  8.5)       8232473.0
c  350   2951K                  (2)3(  6.5)       8235873.0
c  351   2951K                  (2)4(  8.5)       8309273.0
 
 
 
c-------------------------------------------------------------------------------
 
C  superstage partition information
C  ================================
C
C  element symbol   : W
C  parent template  : 
C  partition level  :  1
C  superstage label : 35
C
C  tabulation       : photon emissivity coefft (te,ne)
C  units            : ph. emis coef(cm^3 s^-1); te (ev); ne (cm^-3)
C
C  photon emissivity atomic transitions
C  ------------------------------------
C  
C   isel  wvlen(A)            transition                type  ispb nspb
C                                                             ispp nspp sz    tg pr wr
C  ----- ---------- ----------------------------------- ----- ---- ---- --    -- -- --
C      1   46.9776  105(4)1(  5.5)-  1(2)1(  2.5)       excit   1    1  35    72 23  1
C      2   47.1338  105(4)1(  5.5)-  2(4)3( 13.5)       excit   1    1  35   359 45  2
C      3   47.8819  105(4)1(  5.5)-  3(4)1(  5.5)       excit   1    1  35   686 43  3
C      4   49.7701  107(2)1(  2.5)-  8(2)2(  4.5)       excit   1    1  35  2148 49  4
C      5   50.0894  105(4)1(  5.5)-  6(2)3(  6.5)       excit   1    1  35  1542 19  5
C      6   51.2014   93(2)1(  2.5)-  1(2)1(  2.5)       excit   1    1  35    62 38  6
C      7   51.3342   94(2)2(  4.5)-  2(4)3( 13.5)       excit   1    1  35   348 44  7
C      8   51.3870   93(2)1(  2.5)-  2(4)3( 13.5)       excit   1    1  35   347 46  8
C      9   51.8437   88(2)1(  2.5)-  1(2)1(  2.5)       excit   1    1  35    59 34  9
C     10   52.0570   85(4)1(  5.5)-  1(2)1(  2.5)       excit   1    1  35    56 39 10
C     11   52.2774   93(2)1(  2.5)-  3(4)1(  5.5)       excit   1    1  35   675 24 11
C     12   53.1697   85(4)1(  5.5)-  3(4)1(  5.5)       excit   1    1  35   667 31 12
C     13   56.0358   56(4)2(  9.5)-  1(2)1(  2.5)       excit   1    1  35    42 12 13
C     14   56.2582   56(4)2(  9.5)-  2(4)3( 13.5)       excit   1    1  35   311  4 14
C     15   56.5925   52(4)3( 13.5)-  2(4)3( 13.5)       excit   1    1  35   307 48 15
C     16   56.7006   94(2)2(  4.5)-  7(2)2(  4.5)       excit   1    1  35  1842 25 16
C     17   57.3272   56(4)2(  9.5)-  3(4)1(  5.5)       excit   1    1  35   646 10 17
C     18   57.5184   45(4)2(  9.5)-  1(2)1(  2.5)       excit   1    1  35    33 41 18
C     19   58.2183   42(4)1(  5.5)-  1(2)1(  2.5)       excit   1    1  35    31 35 19
C     20   58.4584   42(4)1(  5.5)-  2(4)3( 13.5)       excit   1    1  35   298  8 20
C     21   58.7381   39(2)3(  6.5)-  1(2)1(  2.5)       excit   1    1  35    28 22 21
C     22   58.8799   45(4)2(  9.5)-  3(4)1(  5.5)       excit   1    1  35   637 16 22
C     23   60.0574   33(2)0(  0.5)-  1(2)1(  2.5)       excit   1    1  35    23 47 23
C     24   60.1586   39(2)3(  6.5)-  3(4)1(  5.5)       excit   1    1  35   632 11 24
C     25   60.5206   56(4)2(  9.5)-  6(2)3(  6.5)       excit   1    1  35  1497 40 25
C     26   61.0672   79(2)2(  4.5)-  8(2)2(  4.5)       excit   1    1  35  2124 36 26
C     27   62.6621   39(2)3(  6.5)-  5(2)4(  8.5)       excit   1    1  35  1182 42 27
C     28   63.6224   23(2)1(  2.5)-  1(2)1(  2.5)       excit   1    1  35    17 32 28
C     29   66.9670   17(6)3( 20.5)-  1(2)1(  2.5)       excit   1    1  35    13  6 29
C     30   67.2849   17(6)3( 20.5)-  2(4)3( 13.5)       excit   1    1  35   273 17 30
C     31   68.8197   17(6)3( 20.5)-  3(4)1(  5.5)       excit   1    1  35   614 29 31
C     32   72.1156   17(6)3( 20.5)-  5(2)4(  8.5)       excit   1    1  35  1167 14 32
C     33   74.6519   20(4)3( 13.5)-  7(2)2(  4.5)       excit   1    1  35  1783 33 33
C     34   394.512    8(2)2(  4.5)-  2(4)3( 13.5)       excit   1    1  35   264 37 34
C     35   453.861    8(2)2(  4.5)-  3(4)1(  5.5)       excit   1    1  35   606 13 35
C     36   522.403    7(2)2(  4.5)-  1(2)1(  2.5)       excit   1    1  35     5 30 36
C     37   661.279    7(2)2(  4.5)-  3(4)1(  5.5)       excit   1    1  35   605  7 37
C     38   756.184    6(2)3(  6.5)-  1(2)1(  2.5)       excit   1    1  35     4  5 38
C     39   779.484    8(2)2(  4.5)-  6(2)3(  6.5)       excit   1    1  35  1455 20 39
C     40   798.799    6(2)3(  6.5)-  2(4)3( 13.5)       excit   1    1  35   262 28 40
C     41   1004.46    5(2)4(  8.5)-  2(4)3( 13.5)       excit   1    1  35   261  2 41
C     42   1086.46    6(2)3(  6.5)-  3(4)1(  5.5)       excit   1    1  35   604 27 42
C     43   1150.32    6(2)3(  6.5)-  4(2)5( 10.5)       excit   1    1  35   902 21 43
C     44   1179.08    7(2)2(  4.5)-  5(2)4(  8.5)       excit   1    1  35  1158 26 44
C     45   1446.97    8(2)2(  4.5)-  7(2)2(  4.5)       excit   1    1  35  1772 50 45
C     46   1689.76    7(2)2(  4.5)-  6(2)3(  6.5)       excit   1    1  35  1454 18 46
C     47   2487.50    3(4)1(  5.5)-  1(2)1(  2.5)       excit   1    1  35     2  1 47
C     48   2613.97    4(2)5( 10.5)-  2(4)3( 13.5)       excit   1    1  35   260  9 48
C     49   3016.96    3(4)1(  5.5)-  2(4)3( 13.5)       excit   1    1  35   259  3 49
C     50   3901.37    6(2)3(  6.5)-  5(2)4(  8.5)       excit   1    1  35  1157 15 50
c-------------------------------------------------------------------------------
                                                                                
C  code     : adas810
C  producer : Adam Foster
C  date     : 15/05/09
                                                                                
c-------------------------------------------------------------------------------

C-----------------------------------------------------------------------
C                               OPEN-ADAS
C                               +++++++++
C
C This file has been downloaded from OPEN-ADAS (http://open.adas.ac.uk)
C on 26-Mar-2025.
C
C TERMS AND CONDITIONS
C --------------------
C
C The user of the OPEN-ADAS system and data (hereinafter "the User")
C accepts the following terms and conditions:
C
C   1. The University of Strathclyde uses all reasonable endeavours to
C      ensure the accuracy of the data provided and any information
C      given, but the University makes no warranty, expressed or implied
C      as to its accuracy, integrity, fitness for purpose and shall not
C      be responsible for the use to which the data is put by the User
C      and/or any consequences arising out of any inaccuracies or
C      omissions.
C
C   2. Any downloaded OPEN-ADAS file is made available for the
C      personal use of the User only.  It must not be used for any
C      commercial application, incorporated into any web site or in
C      any form re-distributed without express prior written permission
C      from the ADAS Project. In particular, but not by way of
C      limitation, it must not be:
C        *  inserted into a managed database structure,
C        *  redistributed along with a modelling or analysis code,
C        *  made available on a public website.
C
C Permission for OPEN-ADAS data incorporation in non-commercial
C code/system development for scientific advance will not be
C unreasonably withheld, but will be subject to written agreement
C on a case by case basis.
C
C The User will indemnify the University of Strathclyde and keep it
C fully and effectively indemnified against each and every claim made
C against the University as a result of the User's use of the data.
C
C-----------------------------------------------------------------------
