   50    /W :16 photon emissivity coefficients/
--------------------------------------------------------------------------------
    1    1    1    1    1    1    1    1    1    1    1    1    1    1
    1    1    1    1    1    1    1    1    1    1    1    1    1    1
    1    1    1    1    1    1    1    1    1    1    1    1    1    1
    1    1    1    1    1    1    1    1    1    1    1    1    1    1
    1    1    1    1    1    1    1    1    1    1    1    1    1    1
    1    1    1    1    1
--------------------------------------------------------------------------------
//#01/p00/ 00/p01/ 01/p02/ 02/p03/ 03/p04/ 04/p05/ 05/p06/ 06/p07/ 07/p08/ 08/  
      p09/ 09/p10/ 10/p11/ 11/p12/ 12/p13/ 13/p14/ 14/p15/ 15/p16/ 16/p17/ 17/  
      p18/ 18/p19/ 19/p20/ 20/p21/ 21/p22/ 22/p23/ 23/p24/ 24/p25/ 25/p26/ 26/  
      p27/ 27/p28/ 28/p29/ 29/p30/ 30/p31/ 31/p32/ 32/p33/ 33/p34/ 34/p35/ 35/  
      p36/ 36/p37/ 37/p38/ 38/p39/ 39/p40/ 40/p41/ 41/p42/ 42/p43/ 43/p44/ 44/  
      p45/ 45/p46/ 46/p47/ 47/p48/ 48/p49/ 49/p50/ 50/p51/ 51/p52/ 52/p53/ 53/  
      p54/ 54/p55/ 55/p56/ 56/p57/ 57/p58/ 58/p59/ 59/p60/ 60/p61/ 61/p62/ 62/  
      p63/ 63/p64/ 64/p65/ 65/p66/ 66/p67/ 67/p68/ 68/p69/ 69/p70/ 70/p71/ 71/  
      p72/ 72/p73/ 73/p74/ 74/                                                  
--------------------------------------------------------------------------------
  188.363    7  14 /pl=01:ss=16:pb= 1:sz=16/type=excit/ispb = t/isel =    1
 1.00E+10 1.00E+11 1.00E+12 1.00E+13 1.00E+14 1.00E+15 1.00E+16
 4.98E+00 7.47E+00 1.25E+01 2.49E+01 4.98E+01 1.25E+02 2.49E+02 3.74E+02
 4.98E+02 7.47E+02 1.25E+03 2.49E+03 4.98E+03 7.47E+03
 3.90E-19 5.13E-16 1.36E-13 6.76E-12 3.82E-11 8.64E-11 9.80E-11 9.57E-11
 9.16E-11 8.37E-11 7.26E-11 5.74E-11 4.43E-11 3.77E-11
 3.61E-19 4.44E-16 9.82E-14 3.96E-12 2.03E-11 4.36E-11 4.88E-11 4.76E-11
 4.56E-11 4.18E-11 3.65E-11 2.94E-11 2.32E-11 2.01E-11
 2.63E-19 2.85E-16 5.75E-14 2.38E-12 1.30E-11 2.88E-11 3.20E-11 3.08E-11
 2.91E-11 2.62E-11 2.23E-11 1.72E-11 1.31E-11 1.10E-11
 1.87E-19 1.92E-16 4.35E-14 2.09E-12 1.19E-11 2.67E-11 2.95E-11 2.83E-11
 2.67E-11 2.39E-11 2.01E-11 1.53E-11 1.13E-11 9.44E-12
 1.66E-19 1.73E-16 4.19E-14 2.07E-12 1.18E-11 2.64E-11 2.92E-11 2.80E-11
 2.64E-11 2.36E-11 1.99E-11 1.51E-11 1.11E-11 9.25E-12
 1.62E-19 1.72E-16 4.20E-14 2.07E-12 1.18E-11 2.64E-11 2.92E-11 2.80E-11
 2.64E-11 2.36E-11 1.99E-11 1.51E-11 1.11E-11 9.25E-12
 1.74E-19 1.83E-16 4.40E-14 2.14E-12 1.21E-11 2.70E-11 2.98E-11 2.86E-11
 2.69E-11 2.41E-11 2.03E-11 1.54E-11 1.13E-11 9.40E-12
  229.192    7  14 /pl=01:ss=16:pb= 1:sz=16/type=excit/ispb = t/isel =    2
 1.00E+10 1.00E+11 1.00E+12 1.00E+13 1.00E+14 1.00E+15 1.00E+16
 4.98E+00 7.47E+00 1.25E+01 2.49E+01 4.98E+01 1.25E+02 2.49E+02 3.74E+02
 4.98E+02 7.47E+02 1.25E+03 2.49E+03 4.98E+03 7.47E+03
 5.52E-14 1.67E-12 2.23E-11 1.25E-10 2.51E-10 3.34E-10 3.39E-10 3.30E-10
 3.21E-10 3.04E-10 2.79E-10 2.43E-10 2.06E-10 1.86E-10
 5.35E-14 1.54E-12 1.81E-11 8.43E-11 1.53E-10 1.94E-10 1.95E-10 1.89E-10
 1.84E-10 1.75E-10 1.62E-10 1.44E-10 1.25E-10 1.14E-10
 4.60E-14 1.17E-12 1.20E-11 5.49E-11 1.05E-10 1.36E-10 1.35E-10 1.30E-10
 1.25E-10 1.17E-10 1.06E-10 9.08E-11 7.62E-11 6.84E-11
 3.70E-14 8.64E-13 9.49E-12 4.89E-11 9.68E-11 1.26E-10 1.26E-10 1.21E-10
 1.16E-10 1.08E-10 9.68E-11 8.16E-11 6.72E-11 5.95E-11
 3.37E-14 7.89E-13 9.16E-12 4.83E-11 9.58E-11 1.25E-10 1.25E-10 1.20E-10
 1.15E-10 1.07E-10 9.56E-11 8.05E-11 6.61E-11 5.84E-11
 3.31E-14 7.80E-13 9.12E-12 4.82E-11 9.57E-11 1.25E-10 1.24E-10 1.19E-10
 1.15E-10 1.07E-10 9.54E-11 8.03E-11 6.60E-11 5.83E-11
 3.28E-14 7.76E-13 9.08E-12 4.79E-11 9.51E-11 1.24E-10 1.24E-10 1.19E-10
 1.14E-10 1.06E-10 9.49E-11 8.00E-11 6.57E-11 5.81E-11
  230.178    7  14 /pl=01:ss=16:pb= 1:sz=16/type=excit/ispb = t/isel =    3
 1.00E+10 1.00E+11 1.00E+12 1.00E+13 1.00E+14 1.00E+15 1.00E+16
 4.98E+00 7.47E+00 1.25E+01 2.49E+01 4.98E+01 1.25E+02 2.49E+02 3.74E+02
 4.98E+02 7.47E+02 1.25E+03 2.49E+03 4.98E+03 7.47E+03
 4.21E-14 1.26E-12 1.74E-11 1.04E-10 2.18E-10 2.94E-10 2.99E-10 2.91E-10
 2.81E-10 2.65E-10 2.42E-10 2.08E-10 1.75E-10 1.56E-10
 4.36E-14 1.27E-12 1.59E-11 7.67E-11 1.40E-10 1.77E-10 1.78E-10 1.73E-10
 1.68E-10 1.60E-10 1.48E-10 1.31E-10 1.13E-10 1.04E-10
 4.23E-14 1.07E-12 1.11E-11 5.02E-11 9.54E-11 1.24E-10 1.24E-10 1.19E-10
 1.14E-10 1.07E-10 9.68E-11 8.27E-11 6.95E-11 6.24E-11
 3.50E-14 8.05E-13 8.76E-12 4.49E-11 8.84E-11 1.15E-10 1.15E-10 1.10E-10
 1.06E-10 9.84E-11 8.84E-11 7.44E-11 6.14E-11 5.43E-11
 3.21E-14 7.38E-13 8.48E-12 4.44E-11 8.75E-11 1.14E-10 1.14E-10 1.09E-10
 1.05E-10 9.74E-11 8.73E-11 7.34E-11 6.04E-11 5.33E-11
 3.13E-14 7.30E-13 8.45E-12 4.43E-11 8.74E-11 1.14E-10 1.14E-10 1.09E-10
 1.05E-10 9.72E-11 8.72E-11 7.33E-11 6.02E-11 5.32E-11
 3.09E-14 7.26E-13 8.42E-12 4.41E-11 8.68E-11 1.13E-10 1.13E-10 1.08E-10
 1.04E-10 9.66E-11 8.68E-11 7.30E-11 6.00E-11 5.30E-11
  234.374    7  14 /pl=01:ss=16:pb= 1:sz=16/type=excit/ispb = t/isel =    4
 1.00E+10 1.00E+11 1.00E+12 1.00E+13 1.00E+14 1.00E+15 1.00E+16
 4.98E+00 7.47E+00 1.25E+01 2.49E+01 4.98E+01 1.25E+02 2.49E+02 3.74E+02
 4.98E+02 7.47E+02 1.25E+03 2.49E+03 4.98E+03 7.47E+03
 7.53E-15 2.81E-13 6.19E-12 5.94E-11 1.45E-10 2.06E-10 2.11E-10 2.04E-10
 1.97E-10 1.84E-10 1.65E-10 1.38E-10 1.12E-10 9.74E-11
 1.35E-14 5.29E-13 9.89E-12 5.81E-11 1.14E-10 1.49E-10 1.51E-10 1.47E-10
 1.42E-10 1.35E-10 1.24E-10 1.08E-10 9.32E-11 8.46E-11
 2.38E-14 7.02E-13 8.38E-12 4.21E-11 8.43E-11 1.12E-10 1.13E-10 1.09E-10
 1.05E-10 9.81E-11 8.88E-11 7.56E-11 6.33E-11 5.67E-11
 2.40E-14 6.13E-13 7.05E-12 3.85E-11 7.93E-11 1.06E-10 1.07E-10 1.03E-10
 9.86E-11 9.18E-11 8.26E-11 6.95E-11 5.73E-11 5.07E-11
 2.29E-14 5.76E-13 6.88E-12 3.82E-11 7.86E-11 1.05E-10 1.06E-10 1.02E-10
 9.77E-11 9.09E-11 8.17E-11 6.87E-11 5.65E-11 5.00E-11
 2.24E-14 5.71E-13 6.87E-12 3.82E-11 7.85E-11 1.05E-10 1.06E-10 1.01E-10
 9.75E-11 9.08E-11 8.16E-11 6.85E-11 5.64E-11 4.99E-11
 2.22E-14 5.68E-13 6.84E-12 3.80E-11 7.80E-11 1.04E-10 1.05E-10 1.01E-10
 9.69E-11 9.03E-11 8.12E-11 6.83E-11 5.62E-11 4.97E-11
  241.332    7  14 /pl=01:ss=16:pb= 1:sz=16/type=excit/ispb = t/isel =    5
 1.00E+10 1.00E+11 1.00E+12 1.00E+13 1.00E+14 1.00E+15 1.00E+16
 4.98E+00 7.47E+00 1.25E+01 2.49E+01 4.98E+01 1.25E+02 2.49E+02 3.74E+02
 4.98E+02 7.47E+02 1.25E+03 2.49E+03 4.98E+03 7.47E+03
 1.72E-14 5.23E-13 6.98E-12 3.90E-11 7.86E-11 1.04E-10 1.06E-10 1.03E-10
 1.00E-10 9.51E-11 8.70E-11 7.58E-11 6.44E-11 5.80E-11
 1.67E-14 4.82E-13 5.65E-12 2.63E-11 4.79E-11 6.06E-11 6.09E-11 5.92E-11
 5.76E-11 5.48E-11 5.06E-11 4.49E-11 3.90E-11 3.57E-11
 1.44E-14 3.65E-13 3.76E-12 1.71E-11 3.27E-11 4.24E-11 4.23E-11 4.07E-11
 3.92E-11 3.67E-11 3.31E-11 2.84E-11 2.38E-11 2.14E-11
 1.15E-14 2.70E-13 2.96E-12 1.53E-11 3.02E-11 3.95E-11 3.94E-11 3.77E-11
 3.62E-11 3.38E-11 3.02E-11 2.55E-11 2.10E-11 1.86E-11
 1.05E-14 2.47E-13 2.86E-12 1.51E-11 2.99E-11 3.91E-11 3.90E-11 3.73E-11
 3.59E-11 3.34E-11 2.99E-11 2.51E-11 2.07E-11 1.83E-11
 1.03E-14 2.44E-13 2.85E-12 1.50E-11 2.99E-11 3.91E-11 3.89E-11 3.73E-11
 3.58E-11 3.33E-11 2.98E-11 2.51E-11 2.06E-11 1.82E-11
 1.02E-14 2.42E-13 2.84E-12 1.50E-11 2.97E-11 3.88E-11 3.86E-11 3.70E-11
 3.56E-11 3.32E-11 2.97E-11 2.50E-11 2.05E-11 1.82E-11
  241.974    7  14 /pl=01:ss=16:pb= 1:sz=16/type=excit/ispb = t/isel =    6
 1.00E+10 1.00E+11 1.00E+12 1.00E+13 1.00E+14 1.00E+15 1.00E+16
 4.98E+00 7.47E+00 1.25E+01 2.49E+01 4.98E+01 1.25E+02 2.49E+02 3.74E+02
 4.98E+02 7.47E+02 1.25E+03 2.49E+03 4.98E+03 7.47E+03
 1.14E-14 3.47E-13 4.63E-12 2.58E-11 5.21E-11 6.92E-11 7.03E-11 6.84E-11
 6.65E-11 6.31E-11 5.77E-11 5.03E-11 4.27E-11 3.85E-11
 1.11E-14 3.20E-13 3.75E-12 1.75E-11 3.18E-11 4.02E-11 4.04E-11 3.93E-11
 3.82E-11 3.64E-11 3.36E-11 2.98E-11 2.59E-11 2.37E-11
 9.53E-15 2.42E-13 2.50E-12 1.14E-11 2.17E-11 2.81E-11 2.80E-11 2.70E-11
 2.60E-11 2.44E-11 2.20E-11 1.88E-11 1.58E-11 1.42E-11
 7.66E-15 1.79E-13 1.97E-12 1.01E-11 2.01E-11 2.62E-11 2.61E-11 2.50E-11
 2.40E-11 2.24E-11 2.01E-11 1.69E-11 1.39E-11 1.23E-11
 7.00E-15 1.64E-13 1.90E-12 1.00E-11 1.99E-11 2.60E-11 2.59E-11 2.48E-11
 2.38E-11 2.22E-11 1.98E-11 1.67E-11 1.37E-11 1.21E-11
 6.85E-15 1.62E-13 1.89E-12 9.99E-12 1.98E-11 2.59E-11 2.58E-11 2.47E-11
 2.37E-11 2.21E-11 1.98E-11 1.67E-11 1.37E-11 1.21E-11
 6.79E-15 1.61E-13 1.88E-12 9.93E-12 1.97E-11 2.57E-11 2.56E-11 2.46E-11
 2.36E-11 2.20E-11 1.97E-11 1.66E-11 1.36E-11 1.20E-11
  242.426    7  14 /pl=01:ss=16:pb= 1:sz=16/type=excit/ispb = t/isel =    7
 1.00E+10 1.00E+11 1.00E+12 1.00E+13 1.00E+14 1.00E+15 1.00E+16
 4.98E+00 7.47E+00 1.25E+01 2.49E+01 4.98E+01 1.25E+02 2.49E+02 3.74E+02
 4.98E+02 7.47E+02 1.25E+03 2.49E+03 4.98E+03 7.47E+03
 2.42E-14 7.25E-13 9.98E-12 6.00E-11 1.25E-10 1.69E-10 1.72E-10 1.67E-10
 1.62E-10 1.52E-10 1.39E-10 1.20E-10 1.00E-10 8.96E-11
 2.50E-14 7.30E-13 9.15E-12 4.41E-11 8.03E-11 1.02E-10 1.02E-10 9.95E-11
 9.66E-11 9.18E-11 8.50E-11 7.50E-11 6.52E-11 5.96E-11
 2.43E-14 6.14E-13 6.36E-12 2.89E-11 5.48E-11 7.10E-11 7.10E-11 6.82E-11
 6.57E-11 6.14E-11 5.56E-11 4.75E-11 4.00E-11 3.59E-11
 2.01E-14 4.62E-13 5.03E-12 2.58E-11 5.08E-11 6.63E-11 6.61E-11 6.34E-11
 6.08E-11 5.66E-11 5.08E-11 4.28E-11 3.53E-11 3.12E-11
 1.84E-14 4.24E-13 4.87E-12 2.55E-11 5.03E-11 6.56E-11 6.55E-11 6.27E-11
 6.02E-11 5.59E-11 5.02E-11 4.22E-11 3.47E-11 3.06E-11
 1.80E-14 4.19E-13 4.86E-12 2.55E-11 5.02E-11 6.55E-11 6.53E-11 6.26E-11
 6.00E-11 5.58E-11 5.01E-11 4.21E-11 3.46E-11 3.06E-11
 1.78E-14 4.17E-13 4.84E-12 2.53E-11 4.99E-11 6.51E-11 6.49E-11 6.22E-11
 5.97E-11 5.55E-11 4.98E-11 4.19E-11 3.45E-11 3.05E-11
  243.074    7  14 /pl=01:ss=16:pb= 1:sz=16/type=excit/ispb = t/isel =    8
 1.00E+10 1.00E+11 1.00E+12 1.00E+13 1.00E+14 1.00E+15 1.00E+16
 4.98E+00 7.47E+00 1.25E+01 2.49E+01 4.98E+01 1.25E+02 2.49E+02 3.74E+02
 4.98E+02 7.47E+02 1.25E+03 2.49E+03 4.98E+03 7.47E+03
 2.03E-14 6.09E-13 8.39E-12 5.04E-11 1.05E-10 1.42E-10 1.44E-10 1.40E-10
 1.36E-10 1.28E-10 1.17E-10 1.00E-10 8.44E-11 7.53E-11
 2.10E-14 6.13E-13 7.69E-12 3.70E-11 6.75E-11 8.54E-11 8.60E-11 8.36E-11
 8.12E-11 7.71E-11 7.14E-11 6.31E-11 5.48E-11 5.01E-11
 2.04E-14 5.16E-13 5.35E-12 2.43E-11 4.60E-11 5.96E-11 5.96E-11 5.73E-11
 5.52E-11 5.16E-11 4.67E-11 3.99E-11 3.36E-11 3.01E-11
 1.69E-14 3.89E-13 4.23E-12 2.17E-11 4.27E-11 5.57E-11 5.56E-11 5.32E-11
 5.11E-11 4.75E-11 4.27E-11 3.59E-11 2.96E-11 2.62E-11
 1.55E-14 3.56E-13 4.09E-12 2.14E-11 4.23E-11 5.52E-11 5.50E-11 5.27E-11
 5.06E-11 4.70E-11 4.22E-11 3.54E-11 2.91E-11 2.58E-11
 1.51E-14 3.53E-13 4.08E-12 2.14E-11 4.22E-11 5.51E-11 5.49E-11 5.26E-11
 5.05E-11 4.69E-11 4.21E-11 3.54E-11 2.91E-11 2.57E-11
 1.49E-14 3.51E-13 4.06E-12 2.13E-11 4.19E-11 5.47E-11 5.45E-11 5.23E-11
 5.02E-11 4.67E-11 4.19E-11 3.52E-11 2.90E-11 2.56E-11
  244.016    7  14 /pl=01:ss=16:pb= 1:sz=16/type=excit/ispb = t/isel =    9
 1.00E+10 1.00E+11 1.00E+12 1.00E+13 1.00E+14 1.00E+15 1.00E+16
 4.98E+00 7.47E+00 1.25E+01 2.49E+01 4.98E+01 1.25E+02 2.49E+02 3.74E+02
 4.98E+02 7.47E+02 1.25E+03 2.49E+03 4.98E+03 7.47E+03
 1.87E-14 5.69E-13 7.59E-12 4.24E-11 8.55E-11 1.14E-10 1.15E-10 1.12E-10
 1.09E-10 1.03E-10 9.47E-11 8.25E-11 7.00E-11 6.31E-11
 1.82E-14 5.25E-13 6.14E-12 2.87E-11 5.22E-11 6.59E-11 6.62E-11 6.44E-11
 6.26E-11 5.96E-11 5.51E-11 4.88E-11 4.25E-11 3.89E-11
 1.56E-14 3.97E-13 4.10E-12 1.86E-11 3.56E-11 4.61E-11 4.60E-11 4.42E-11
 4.26E-11 3.99E-11 3.60E-11 3.09E-11 2.59E-11 2.33E-11
 1.26E-14 2.94E-13 3.23E-12 1.66E-11 3.29E-11 4.30E-11 4.28E-11 4.11E-11
 3.94E-11 3.68E-11 3.29E-11 2.77E-11 2.28E-11 2.02E-11
 1.15E-14 2.68E-13 3.11E-12 1.64E-11 3.26E-11 4.26E-11 4.24E-11 4.06E-11
 3.90E-11 3.63E-11 3.25E-11 2.74E-11 2.25E-11 1.99E-11
 1.12E-14 2.65E-13 3.10E-12 1.64E-11 3.25E-11 4.25E-11 4.23E-11 4.06E-11
 3.89E-11 3.63E-11 3.24E-11 2.73E-11 2.24E-11 1.98E-11
 1.11E-14 2.64E-13 3.09E-12 1.63E-11 3.23E-11 4.22E-11 4.20E-11 4.03E-11
 3.87E-11 3.61E-11 3.23E-11 2.72E-11 2.23E-11 1.97E-11
  245.135    7  14 /pl=01:ss=16:pb= 1:sz=16/type=excit/ispb = t/isel =   10
 1.00E+10 1.00E+11 1.00E+12 1.00E+13 1.00E+14 1.00E+15 1.00E+16
 4.98E+00 7.47E+00 1.25E+01 2.49E+01 4.98E+01 1.25E+02 2.49E+02 3.74E+02
 4.98E+02 7.47E+02 1.25E+03 2.49E+03 4.98E+03 7.47E+03
 1.71E-14 5.12E-13 7.05E-12 4.24E-11 8.84E-11 1.19E-10 1.22E-10 1.18E-10
 1.14E-10 1.08E-10 9.82E-11 8.45E-11 7.09E-11 6.34E-11
 1.77E-14 5.16E-13 6.47E-12 3.12E-11 5.68E-11 7.18E-11 7.23E-11 7.03E-11
 6.83E-11 6.49E-11 6.01E-11 5.30E-11 4.61E-11 4.21E-11
 1.72E-14 4.34E-13 4.50E-12 2.04E-11 3.87E-11 5.02E-11 5.02E-11 4.82E-11
 4.64E-11 4.34E-11 3.93E-11 3.36E-11 2.82E-11 2.53E-11
 1.42E-14 3.27E-13 3.56E-12 1.82E-11 3.59E-11 4.68E-11 4.67E-11 4.48E-11
 4.30E-11 4.00E-11 3.59E-11 3.02E-11 2.49E-11 2.21E-11
 1.30E-14 3.00E-13 3.44E-12 1.80E-11 3.55E-11 4.64E-11 4.63E-11 4.43E-11
 4.25E-11 3.95E-11 3.55E-11 2.98E-11 2.45E-11 2.17E-11
 1.27E-14 2.96E-13 3.43E-12 1.80E-11 3.55E-11 4.63E-11 4.62E-11 4.42E-11
 4.24E-11 3.95E-11 3.54E-11 2.97E-11 2.45E-11 2.16E-11
 1.26E-14 2.95E-13 3.42E-12 1.79E-11 3.53E-11 4.60E-11 4.59E-11 4.40E-11
 4.22E-11 3.92E-11 3.52E-11 2.96E-11 2.44E-11 2.15E-11
  252.636    7  14 /pl=01:ss=16:pb= 1:sz=16/type=excit/ispb = t/isel =   11
 1.00E+10 1.00E+11 1.00E+12 1.00E+13 1.00E+14 1.00E+15 1.00E+16
 4.98E+00 7.47E+00 1.25E+01 2.49E+01 4.98E+01 1.25E+02 2.49E+02 3.74E+02
 4.98E+02 7.47E+02 1.25E+03 2.49E+03 4.98E+03 7.47E+03
 3.81E-13 8.23E-12 8.40E-11 3.87E-10 7.13E-10 9.03E-10 9.04E-10 8.73E-10
 8.45E-10 7.95E-10 7.25E-10 6.26E-10 5.30E-10 4.76E-10
 3.72E-13 7.65E-12 6.85E-11 2.63E-10 4.37E-10 5.25E-10 5.19E-10 5.01E-10
 4.85E-10 4.57E-10 4.20E-10 3.69E-10 3.19E-10 2.91E-10
 3.25E-13 5.85E-12 4.61E-11 1.72E-10 2.99E-10 3.68E-10 3.61E-10 3.45E-10
 3.30E-10 3.07E-10 2.76E-10 2.34E-10 1.95E-10 1.75E-10
 2.60E-13 4.34E-12 3.65E-11 1.54E-10 2.78E-10 3.44E-10 3.37E-10 3.20E-10
 3.06E-10 2.83E-10 2.52E-10 2.11E-10 1.73E-10 1.52E-10
 2.37E-13 3.98E-12 3.54E-11 1.53E-10 2.75E-10 3.41E-10 3.34E-10 3.17E-10
 3.03E-10 2.80E-10 2.49E-10 2.08E-10 1.70E-10 1.50E-10
 2.31E-13 3.93E-12 3.53E-11 1.52E-10 2.75E-10 3.40E-10 3.33E-10 3.17E-10
 3.02E-10 2.79E-10 2.49E-10 2.08E-10 1.69E-10 1.49E-10
 2.27E-13 3.91E-12 3.51E-11 1.51E-10 2.73E-10 3.38E-10 3.31E-10 3.14E-10
 3.01E-10 2.78E-10 2.47E-10 2.07E-10 1.69E-10 1.49E-10
  254.514    7  14 /pl=01:ss=16:pb= 1:sz=16/type=excit/ispb = t/isel =   12
 1.00E+10 1.00E+11 1.00E+12 1.00E+13 1.00E+14 1.00E+15 1.00E+16
 4.98E+00 7.47E+00 1.25E+01 2.49E+01 4.98E+01 1.25E+02 2.49E+02 3.74E+02
 4.98E+02 7.47E+02 1.25E+03 2.49E+03 4.98E+03 7.47E+03
 3.46E-14 7.47E-13 8.54E-12 4.99E-11 1.05E-10 1.40E-10 1.40E-10 1.33E-10
 1.28E-10 1.18E-10 1.05E-10 8.66E-11 7.01E-11 6.11E-11
 4.29E-14 9.44E-13 1.10E-11 5.20E-11 9.19E-11 1.12E-10 1.11E-10 1.06E-10
 1.02E-10 9.59E-11 8.71E-11 7.46E-11 6.30E-11 5.64E-11
 6.57E-14 1.22E-12 1.03E-11 4.01E-11 7.03E-11 8.68E-11 8.52E-11 8.11E-11
 7.75E-11 7.20E-11 6.44E-11 5.42E-11 4.49E-11 4.00E-11
 6.89E-14 1.10E-12 8.88E-12 3.70E-11 6.65E-11 8.24E-11 8.07E-11 7.66E-11
 7.31E-11 6.76E-11 6.01E-11 5.00E-11 4.09E-11 3.60E-11
 6.57E-14 1.04E-12 8.70E-12 3.67E-11 6.60E-11 8.17E-11 8.01E-11 7.60E-11
 7.25E-11 6.70E-11 5.95E-11 4.95E-11 4.04E-11 3.55E-11
 6.43E-14 1.03E-12 8.69E-12 3.66E-11 6.59E-11 8.16E-11 7.99E-11 7.58E-11
 7.23E-11 6.69E-11 5.94E-11 4.94E-11 4.03E-11 3.54E-11
 6.33E-14 1.03E-12 8.64E-12 3.64E-11 6.54E-11 8.10E-11 7.94E-11 7.53E-11
 7.19E-11 6.65E-11 5.91E-11 4.92E-11 4.01E-11 3.53E-11
  258.174    7  14 /pl=01:ss=16:pb= 1:sz=16/type=excit/ispb = t/isel =   13
 1.00E+10 1.00E+11 1.00E+12 1.00E+13 1.00E+14 1.00E+15 1.00E+16
 4.98E+00 7.47E+00 1.25E+01 2.49E+01 4.98E+01 1.25E+02 2.49E+02 3.74E+02
 4.98E+02 7.47E+02 1.25E+03 2.49E+03 4.98E+03 7.47E+03
 1.97E-15 6.21E-14 1.28E-12 1.49E-11 4.40E-11 6.89E-11 7.01E-11 6.62E-11
 6.26E-11 5.64E-11 4.80E-11 3.71E-11 2.77E-11 2.30E-11
 6.30E-15 2.06E-13 4.29E-12 3.30E-11 7.11E-11 9.60E-11 9.65E-11 9.26E-11
 8.89E-11 8.27E-11 7.37E-11 6.16E-11 5.00E-11 4.37E-11
 2.21E-14 5.68E-13 6.67E-12 3.36E-11 6.63E-11 8.75E-11 8.76E-11 8.39E-11
 8.06E-11 7.50E-11 6.71E-11 5.66E-11 4.66E-11 4.13E-11
 2.88E-14 6.34E-13 6.54E-12 3.28E-11 6.47E-11 8.52E-11 8.51E-11 8.14E-11
 7.81E-11 7.25E-11 6.47E-11 5.43E-11 4.44E-11 3.92E-11
 2.87E-14 6.25E-13 6.53E-12 3.27E-11 6.45E-11 8.48E-11 8.47E-11 8.10E-11
 7.77E-11 7.21E-11 6.43E-11 5.39E-11 4.41E-11 3.89E-11
 2.82E-14 6.23E-13 6.53E-12 3.27E-11 6.44E-11 8.47E-11 8.46E-11 8.09E-11
 7.76E-11 7.21E-11 6.42E-11 5.39E-11 4.40E-11 3.88E-11
 2.79E-14 6.20E-13 6.50E-12 3.26E-11 6.40E-11 8.41E-11 8.40E-11 8.04E-11
 7.72E-11 7.17E-11 6.39E-11 5.36E-11 4.39E-11 3.87E-11
  261.031    7  14 /pl=01:ss=16:pb= 1:sz=16/type=excit/ispb = t/isel =   14
 1.00E+10 1.00E+11 1.00E+12 1.00E+13 1.00E+14 1.00E+15 1.00E+16
 4.98E+00 7.47E+00 1.25E+01 2.49E+01 4.98E+01 1.25E+02 2.49E+02 3.74E+02
 4.98E+02 7.47E+02 1.25E+03 2.49E+03 4.98E+03 7.47E+03
 1.03E-13 2.02E-12 1.97E-11 9.22E-11 1.72E-10 2.18E-10 2.17E-10 2.08E-10
 2.00E-10 1.86E-10 1.67E-10 1.41E-10 1.17E-10 1.03E-10
 1.06E-13 2.02E-12 1.83E-11 6.92E-11 1.12E-10 1.33E-10 1.30E-10 1.25E-10
 1.21E-10 1.14E-10 1.04E-10 9.10E-11 7.81E-11 7.10E-11
 1.03E-13 1.71E-12 1.28E-11 4.51E-11 7.59E-11 9.17E-11 8.96E-11 8.52E-11
 8.14E-11 7.56E-11 6.77E-11 5.73E-11 4.77E-11 4.26E-11
 8.51E-14 1.29E-12 1.01E-11 4.03E-11 7.03E-11 8.56E-11 8.34E-11 7.90E-11
 7.53E-11 6.96E-11 6.18E-11 5.15E-11 4.20E-11 3.70E-11
 7.77E-14 1.18E-12 9.79E-12 3.99E-11 6.97E-11 8.48E-11 8.26E-11 7.82E-11
 7.45E-11 6.88E-11 6.10E-11 5.08E-11 4.13E-11 3.63E-11
 7.55E-14 1.17E-12 9.76E-12 3.98E-11 6.95E-11 8.46E-11 8.24E-11 7.81E-11
 7.43E-11 6.87E-11 6.09E-11 5.07E-11 4.12E-11 3.63E-11
 7.44E-14 1.16E-12 9.70E-12 3.95E-11 6.90E-11 8.40E-11 8.18E-11 7.75E-11
 7.38E-11 6.82E-11 6.06E-11 5.04E-11 4.11E-11 3.61E-11
  267.468    7  14 /pl=01:ss=16:pb= 1:sz=16/type=excit/ispb = t/isel =   15
 1.00E+10 1.00E+11 1.00E+12 1.00E+13 1.00E+14 1.00E+15 1.00E+16
 4.98E+00 7.47E+00 1.25E+01 2.49E+01 4.98E+01 1.25E+02 2.49E+02 3.74E+02
 4.98E+02 7.47E+02 1.25E+03 2.49E+03 4.98E+03 7.47E+03
 1.42E-13 3.07E-12 3.14E-11 1.45E-10 2.66E-10 3.37E-10 3.38E-10 3.26E-10
 3.15E-10 2.97E-10 2.71E-10 2.34E-10 1.98E-10 1.78E-10
 1.39E-13 2.86E-12 2.56E-11 9.80E-11 1.63E-10 1.96E-10 1.94E-10 1.87E-10
 1.81E-10 1.71E-10 1.57E-10 1.38E-10 1.19E-10 1.09E-10
 1.21E-13 2.18E-12 1.72E-11 6.43E-11 1.12E-10 1.37E-10 1.35E-10 1.29E-10
 1.23E-10 1.15E-10 1.03E-10 8.74E-11 7.29E-11 6.53E-11
 9.72E-14 1.62E-12 1.36E-11 5.76E-11 1.04E-10 1.29E-10 1.26E-10 1.20E-10
 1.14E-10 1.06E-10 9.41E-11 7.87E-11 6.44E-11 5.69E-11
 8.85E-14 1.48E-12 1.32E-11 5.70E-11 1.03E-10 1.27E-10 1.25E-10 1.18E-10
 1.13E-10 1.05E-10 9.30E-11 7.76E-11 6.34E-11 5.58E-11
 8.61E-14 1.47E-12 1.32E-11 5.69E-11 1.03E-10 1.27E-10 1.24E-10 1.18E-10
 1.13E-10 1.04E-10 9.28E-11 7.75E-11 6.33E-11 5.57E-11
 8.49E-14 1.46E-12 1.31E-11 5.65E-11 1.02E-10 1.26E-10 1.24E-10 1.17E-10
 1.12E-10 1.04E-10 9.24E-11 7.72E-11 6.30E-11 5.55E-11
  268.217    7  14 /pl=01:ss=16:pb= 1:sz=16/type=excit/ispb = t/isel =   16
 1.00E+10 1.00E+11 1.00E+12 1.00E+13 1.00E+14 1.00E+15 1.00E+16
 4.98E+00 7.47E+00 1.25E+01 2.49E+01 4.98E+01 1.25E+02 2.49E+02 3.74E+02
 4.98E+02 7.47E+02 1.25E+03 2.49E+03 4.98E+03 7.47E+03
 2.41E-15 6.58E-14 1.08E-12 1.12E-11 3.58E-11 6.14E-11 6.34E-11 5.97E-11
 5.57E-11 4.96E-11 4.13E-11 3.10E-11 2.26E-11 1.85E-11
 6.30E-15 1.78E-13 3.61E-12 3.89E-11 1.03E-10 1.51E-10 1.53E-10 1.45E-10
 1.38E-10 1.25E-10 1.08E-10 8.56E-11 6.51E-11 5.47E-11
 2.53E-14 6.50E-13 1.06E-11 6.58E-11 1.35E-10 1.79E-10 1.79E-10 1.71E-10
 1.63E-10 1.51E-10 1.34E-10 1.11E-10 9.03E-11 7.92E-11
 6.35E-14 1.34E-12 1.43E-11 7.06E-11 1.38E-10 1.80E-10 1.79E-10 1.71E-10
 1.64E-10 1.52E-10 1.35E-10 1.13E-10 9.17E-11 8.07E-11
 8.12E-14 1.57E-12 1.49E-11 7.12E-11 1.38E-10 1.80E-10 1.79E-10 1.71E-10
 1.64E-10 1.51E-10 1.35E-10 1.12E-10 9.15E-11 8.06E-11
 8.29E-14 1.60E-12 1.50E-11 7.12E-11 1.38E-10 1.80E-10 1.79E-10 1.71E-10
 1.63E-10 1.51E-10 1.35E-10 1.12E-10 9.15E-11 8.06E-11
 8.23E-14 1.59E-12 1.49E-11 7.09E-11 1.37E-10 1.79E-10 1.78E-10 1.70E-10
 1.62E-10 1.51E-10 1.34E-10 1.12E-10 9.12E-11 8.04E-11
  269.565    7  14 /pl=01:ss=16:pb= 1:sz=16/type=excit/ispb = t/isel =   17
 1.00E+10 1.00E+11 1.00E+12 1.00E+13 1.00E+14 1.00E+15 1.00E+16
 4.98E+00 7.47E+00 1.25E+01 2.49E+01 4.98E+01 1.25E+02 2.49E+02 3.74E+02
 4.98E+02 7.47E+02 1.25E+03 2.49E+03 4.98E+03 7.47E+03
 3.82E-14 8.21E-13 8.73E-12 4.40E-11 8.64E-11 1.13E-10 1.13E-10 1.08E-10
 1.04E-10 9.62E-11 8.58E-11 7.22E-11 5.92E-11 5.24E-11
 4.04E-14 8.48E-13 8.55E-12 3.69E-11 6.37E-11 7.78E-11 7.69E-11 7.38E-11
 7.11E-11 6.67E-11 6.04E-11 5.21E-11 4.42E-11 3.98E-11
 4.60E-14 8.42E-13 6.99E-12 2.71E-11 4.76E-11 5.90E-11 5.80E-11 5.52E-11
 5.28E-11 4.89E-11 4.36E-11 3.66E-11 3.03E-11 2.70E-11
 4.59E-14 7.41E-13 6.03E-12 2.52E-11 4.54E-11 5.65E-11 5.54E-11 5.26E-11
 5.02E-11 4.63E-11 4.10E-11 3.42E-11 2.78E-11 2.45E-11
 4.47E-14 7.13E-13 5.96E-12 2.51E-11 4.52E-11 5.62E-11 5.51E-11 5.23E-11
 4.99E-11 4.60E-11 4.08E-11 3.39E-11 2.76E-11 2.43E-11
 4.38E-14 7.10E-13 5.95E-12 2.51E-11 4.51E-11 5.61E-11 5.50E-11 5.22E-11
 4.98E-11 4.60E-11 4.07E-11 3.38E-11 2.75E-11 2.42E-11
 4.32E-14 7.05E-13 5.92E-12 2.49E-11 4.48E-11 5.57E-11 5.46E-11 5.18E-11
 4.95E-11 4.57E-11 4.05E-11 3.37E-11 2.74E-11 2.41E-11
  270.374    7  14 /pl=01:ss=16:pb= 1:sz=16/type=excit/ispb = t/isel =   18
 1.00E+10 1.00E+11 1.00E+12 1.00E+13 1.00E+14 1.00E+15 1.00E+16
 4.98E+00 7.47E+00 1.25E+01 2.49E+01 4.98E+01 1.25E+02 2.49E+02 3.74E+02
 4.98E+02 7.47E+02 1.25E+03 2.49E+03 4.98E+03 7.47E+03
 2.99E-14 6.47E-13 7.40E-12 4.32E-11 9.07E-11 1.21E-10 1.21E-10 1.16E-10
 1.10E-10 1.02E-10 9.09E-11 7.50E-11 6.07E-11 5.29E-11
 3.72E-14 8.18E-13 9.54E-12 4.50E-11 7.95E-11 9.74E-11 9.61E-11 9.21E-11
 8.86E-11 8.31E-11 7.54E-11 6.46E-11 5.45E-11 4.89E-11
 5.69E-14 1.05E-12 8.95E-12 3.47E-11 6.09E-11 7.52E-11 7.38E-11 7.02E-11
 6.71E-11 6.23E-11 5.58E-11 4.69E-11 3.89E-11 3.46E-11
 5.97E-14 9.55E-13 7.69E-12 3.20E-11 5.76E-11 7.13E-11 6.99E-11 6.64E-11
 6.33E-11 5.85E-11 5.20E-11 4.33E-11 3.54E-11 3.11E-11
 5.69E-14 9.02E-13 7.54E-12 3.18E-11 5.71E-11 7.08E-11 6.93E-11 6.58E-11
 6.28E-11 5.80E-11 5.15E-11 4.28E-11 3.49E-11 3.07E-11
 5.56E-14 8.95E-13 7.52E-12 3.17E-11 5.70E-11 7.07E-11 6.92E-11 6.57E-11
 6.26E-11 5.79E-11 5.15E-11 4.28E-11 3.49E-11 3.06E-11
 5.48E-14 8.89E-13 7.48E-12 3.15E-11 5.66E-11 7.01E-11 6.87E-11 6.52E-11
 6.22E-11 5.76E-11 5.12E-11 4.26E-11 3.48E-11 3.05E-11
  272.102    7  14 /pl=01:ss=16:pb= 1:sz=16/type=excit/ispb = t/isel =   19
 1.00E+10 1.00E+11 1.00E+12 1.00E+13 1.00E+14 1.00E+15 1.00E+16
 4.98E+00 7.47E+00 1.25E+01 2.49E+01 4.98E+01 1.25E+02 2.49E+02 3.74E+02
 4.98E+02 7.47E+02 1.25E+03 2.49E+03 4.98E+03 7.47E+03
 3.81E-14 8.18E-13 8.69E-12 4.39E-11 8.61E-11 1.12E-10 1.12E-10 1.08E-10
 1.03E-10 9.59E-11 8.55E-11 7.19E-11 5.90E-11 5.22E-11
 4.03E-14 8.45E-13 8.52E-12 3.67E-11 6.35E-11 7.75E-11 7.66E-11 7.35E-11
 7.08E-11 6.64E-11 6.02E-11 5.19E-11 4.40E-11 3.97E-11
 4.59E-14 8.39E-13 6.96E-12 2.70E-11 4.75E-11 5.88E-11 5.78E-11 5.50E-11
 5.26E-11 4.87E-11 4.34E-11 3.65E-11 3.02E-11 2.69E-11
 4.57E-14 7.38E-13 6.01E-12 2.51E-11 4.53E-11 5.63E-11 5.52E-11 5.24E-11
 5.00E-11 4.62E-11 4.09E-11 3.40E-11 2.77E-11 2.44E-11
 4.45E-14 7.11E-13 5.93E-12 2.50E-11 4.50E-11 5.60E-11 5.49E-11 5.21E-11
 4.97E-11 4.59E-11 4.06E-11 3.38E-11 2.75E-11 2.42E-11
 4.37E-14 7.07E-13 5.93E-12 2.50E-11 4.50E-11 5.59E-11 5.48E-11 5.20E-11
 4.96E-11 4.58E-11 4.05E-11 3.37E-11 2.74E-11 2.41E-11
 4.30E-14 7.02E-13 5.89E-12 2.48E-11 4.46E-11 5.55E-11 5.44E-11 5.16E-11
 4.93E-11 4.55E-11 4.03E-11 3.36E-11 2.73E-11 2.41E-11
  272.927    7  14 /pl=01:ss=16:pb= 1:sz=16/type=excit/ispb = t/isel =   20
 1.00E+10 1.00E+11 1.00E+12 1.00E+13 1.00E+14 1.00E+15 1.00E+16
 4.98E+00 7.47E+00 1.25E+01 2.49E+01 4.98E+01 1.25E+02 2.49E+02 3.74E+02
 4.98E+02 7.47E+02 1.25E+03 2.49E+03 4.98E+03 7.47E+03
 5.68E-14 1.23E-12 1.40E-11 8.19E-11 1.72E-10 2.30E-10 2.30E-10 2.19E-10
 2.10E-10 1.94E-10 1.72E-10 1.42E-10 1.15E-10 1.00E-10
 7.05E-14 1.55E-12 1.81E-11 8.55E-11 1.51E-10 1.85E-10 1.82E-10 1.75E-10
 1.68E-10 1.58E-10 1.43E-10 1.23E-10 1.04E-10 9.27E-11
 1.08E-13 2.00E-12 1.70E-11 6.58E-11 1.16E-10 1.43E-10 1.40E-10 1.33E-10
 1.27E-10 1.18E-10 1.06E-10 8.91E-11 7.39E-11 6.57E-11
 1.13E-13 1.81E-12 1.46E-11 6.08E-11 1.09E-10 1.35E-10 1.33E-10 1.26E-10
 1.20E-10 1.11E-10 9.88E-11 8.22E-11 6.72E-11 5.91E-11
 1.08E-13 1.71E-12 1.43E-11 6.03E-11 1.08E-10 1.34E-10 1.32E-10 1.25E-10
 1.19E-10 1.10E-10 9.78E-11 8.13E-11 6.63E-11 5.83E-11
 1.06E-13 1.70E-12 1.43E-11 6.02E-11 1.08E-10 1.34E-10 1.31E-10 1.25E-10
 1.19E-10 1.10E-10 9.77E-11 8.12E-11 6.62E-11 5.82E-11
 1.04E-13 1.69E-12 1.42E-11 5.99E-11 1.07E-10 1.33E-10 1.30E-10 1.24E-10
 1.18E-10 1.09E-10 9.71E-11 8.08E-11 6.60E-11 5.80E-11
  272.929    7  14 /pl=01:ss=16:pb= 1:sz=16/type=excit/ispb = t/isel =   21
 1.00E+10 1.00E+11 1.00E+12 1.00E+13 1.00E+14 1.00E+15 1.00E+16
 4.98E+00 7.47E+00 1.25E+01 2.49E+01 4.98E+01 1.25E+02 2.49E+02 3.74E+02
 4.98E+02 7.47E+02 1.25E+03 2.49E+03 4.98E+03 7.47E+03
 4.64E-14 7.90E-13 6.84E-12 2.91E-11 5.29E-11 6.66E-11 6.58E-11 6.26E-11
 5.99E-11 5.54E-11 4.93E-11 4.13E-11 3.39E-11 2.99E-11
 4.83E-14 7.97E-13 6.49E-12 2.48E-11 4.10E-11 4.88E-11 4.76E-11 4.53E-11
 4.34E-11 4.04E-11 3.63E-11 3.09E-11 2.58E-11 2.30E-11
 5.66E-14 8.18E-13 5.66E-12 1.93E-11 3.19E-11 3.83E-11 3.71E-11 3.51E-11
 3.35E-11 3.08E-11 2.74E-11 2.29E-11 1.88E-11 1.67E-11
 5.73E-14 7.36E-13 4.96E-12 1.80E-11 3.04E-11 3.65E-11 3.53E-11 3.33E-11
 3.17E-11 2.91E-11 2.57E-11 2.13E-11 1.73E-11 1.51E-11
 5.49E-14 7.01E-13 4.88E-12 1.79E-11 3.02E-11 3.62E-11 3.51E-11 3.31E-11
 3.15E-11 2.89E-11 2.55E-11 2.11E-11 1.71E-11 1.50E-11
 5.36E-14 6.96E-13 4.87E-12 1.79E-11 3.02E-11 3.62E-11 3.50E-11 3.30E-11
 3.14E-11 2.88E-11 2.54E-11 2.10E-11 1.70E-11 1.49E-11
 5.27E-14 6.89E-13 4.83E-12 1.77E-11 2.99E-11 3.59E-11 3.47E-11 3.28E-11
 3.12E-11 2.86E-11 2.53E-11 2.09E-11 1.70E-11 1.49E-11
  273.496    7  14 /pl=01:ss=16:pb= 1:sz=16/type=excit/ispb = t/isel =   22
 1.00E+10 1.00E+11 1.00E+12 1.00E+13 1.00E+14 1.00E+15 1.00E+16
 4.98E+00 7.47E+00 1.25E+01 2.49E+01 4.98E+01 1.25E+02 2.49E+02 3.74E+02
 4.98E+02 7.47E+02 1.25E+03 2.49E+03 4.98E+03 7.47E+03
 8.05E-15 2.02E-13 2.92E-12 2.64E-11 7.49E-11 1.17E-10 1.18E-10 1.10E-10
 1.03E-10 9.24E-11 7.78E-11 5.93E-11 4.38E-11 3.62E-11
 2.25E-14 5.70E-13 9.31E-12 6.76E-11 1.43E-10 1.91E-10 1.90E-10 1.82E-10
 1.73E-10 1.60E-10 1.41E-10 1.16E-10 9.21E-11 7.95E-11
 7.89E-14 1.64E-12 1.64E-11 7.53E-11 1.42E-10 1.83E-10 1.81E-10 1.73E-10
 1.66E-10 1.54E-10 1.37E-10 1.14E-10 9.38E-11 8.28E-11
 1.04E-13 1.89E-12 1.66E-11 7.43E-11 1.40E-10 1.79E-10 1.77E-10 1.69E-10
 1.61E-10 1.49E-10 1.33E-10 1.11E-10 9.02E-11 7.95E-11
 1.03E-13 1.86E-12 1.66E-11 7.44E-11 1.39E-10 1.78E-10 1.77E-10 1.68E-10
 1.61E-10 1.49E-10 1.32E-10 1.10E-10 8.96E-11 7.89E-11
 1.01E-13 1.86E-12 1.66E-11 7.43E-11 1.39E-10 1.78E-10 1.76E-10 1.68E-10
 1.60E-10 1.49E-10 1.32E-10 1.10E-10 8.95E-11 7.88E-11
 9.99E-14 1.85E-12 1.65E-11 7.39E-11 1.38E-10 1.77E-10 1.75E-10 1.67E-10
 1.59E-10 1.48E-10 1.31E-10 1.09E-10 8.92E-11 7.86E-11
  276.368    7  14 /pl=01:ss=16:pb= 1:sz=16/type=excit/ispb = t/isel =   23
 1.00E+10 1.00E+11 1.00E+12 1.00E+13 1.00E+14 1.00E+15 1.00E+16
 4.98E+00 7.47E+00 1.25E+01 2.49E+01 4.98E+01 1.25E+02 2.49E+02 3.74E+02
 4.98E+02 7.47E+02 1.25E+03 2.49E+03 4.98E+03 7.47E+03
 1.68E-14 3.80E-13 6.76E-12 6.32E-11 1.55E-10 2.16E-10 2.14E-10 2.03E-10
 1.92E-10 1.74E-10 1.50E-10 1.18E-10 9.02E-11 7.58E-11
 5.01E-14 1.21E-12 1.87E-11 9.73E-11 1.75E-10 2.16E-10 2.12E-10 2.03E-10
 1.94E-10 1.81E-10 1.62E-10 1.37E-10 1.14E-10 1.01E-10
 1.40E-13 2.50E-12 2.15E-11 8.31E-11 1.45E-10 1.78E-10 1.74E-10 1.66E-10
 1.58E-10 1.46E-10 1.30E-10 1.09E-10 8.96E-11 7.94E-11
 1.67E-13 2.52E-12 1.97E-11 7.91E-11 1.40E-10 1.72E-10 1.67E-10 1.59E-10
 1.51E-10 1.40E-10 1.23E-10 1.03E-10 8.34E-11 7.33E-11
 1.66E-13 2.47E-12 1.96E-11 7.88E-11 1.39E-10 1.71E-10 1.66E-10 1.58E-10
 1.50E-10 1.39E-10 1.23E-10 1.02E-10 8.26E-11 7.25E-11
 1.63E-13 2.46E-12 1.96E-11 7.87E-11 1.39E-10 1.70E-10 1.66E-10 1.58E-10
 1.50E-10 1.38E-10 1.22E-10 1.02E-10 8.25E-11 7.24E-11
 1.61E-13 2.44E-12 1.94E-11 7.82E-11 1.38E-10 1.69E-10 1.65E-10 1.56E-10
 1.49E-10 1.38E-10 1.22E-10 1.01E-10 8.21E-11 7.22E-11
  276.766    7  14 /pl=01:ss=16:pb= 1:sz=16/type=excit/ispb = t/isel =   24
 1.00E+10 1.00E+11 1.00E+12 1.00E+13 1.00E+14 1.00E+15 1.00E+16
 4.98E+00 7.47E+00 1.25E+01 2.49E+01 4.98E+01 1.25E+02 2.49E+02 3.74E+02
 4.98E+02 7.47E+02 1.25E+03 2.49E+03 4.98E+03 7.47E+03
 1.71E-12 2.76E-11 2.16E-10 7.69E-10 1.23E-09 1.44E-09 1.41E-09 1.36E-09
 1.31E-09 1.24E-09 1.13E-09 9.88E-10 8.45E-10 7.65E-10
 1.55E-12 2.32E-11 1.47E-10 4.27E-10 6.27E-10 7.07E-10 6.87E-10 6.59E-10
 6.36E-10 6.00E-10 5.51E-10 4.86E-10 4.23E-10 3.88E-10
 1.06E-12 1.40E-11 8.31E-11 2.54E-10 4.01E-10 4.68E-10 4.51E-10 4.28E-10
 4.08E-10 3.78E-10 3.38E-10 2.85E-10 2.38E-10 2.13E-10
 7.35E-13 9.28E-12 6.26E-11 2.23E-10 3.68E-10 4.33E-10 4.17E-10 3.94E-10
 3.75E-10 3.45E-10 3.05E-10 2.54E-10 2.07E-10 1.82E-10
 6.51E-13 8.33E-12 6.03E-11 2.20E-10 3.64E-10 4.29E-10 4.12E-10 3.90E-10
 3.70E-10 3.41E-10 3.01E-10 2.50E-10 2.03E-10 1.78E-10
 6.31E-13 8.22E-12 6.00E-11 2.20E-10 3.63E-10 4.28E-10 4.12E-10 3.89E-10
 3.70E-10 3.40E-10 3.01E-10 2.49E-10 2.03E-10 1.78E-10
 6.21E-13 8.15E-12 5.96E-11 2.18E-10 3.61E-10 4.24E-10 4.08E-10 3.86E-10
 3.67E-10 3.38E-10 2.99E-10 2.48E-10 2.02E-10 1.77E-10
  276.896    7  14 /pl=01:ss=16:pb= 1:sz=16/type=excit/ispb = t/isel =   25
 1.00E+10 1.00E+11 1.00E+12 1.00E+13 1.00E+14 1.00E+15 1.00E+16
 4.98E+00 7.47E+00 1.25E+01 2.49E+01 4.98E+01 1.25E+02 2.49E+02 3.74E+02
 4.98E+02 7.47E+02 1.25E+03 2.49E+03 4.98E+03 7.47E+03
 2.38E-13 4.66E-12 4.54E-11 2.13E-10 3.97E-10 5.04E-10 5.01E-10 4.80E-10
 4.61E-10 4.30E-10 3.87E-10 3.26E-10 2.69E-10 2.39E-10
 2.44E-13 4.66E-12 4.21E-11 1.60E-10 2.59E-10 3.06E-10 3.01E-10 2.89E-10
 2.79E-10 2.63E-10 2.41E-10 2.10E-10 1.80E-10 1.64E-10
 2.38E-13 3.96E-12 2.96E-11 1.04E-10 1.75E-10 2.12E-10 2.07E-10 1.97E-10
 1.88E-10 1.75E-10 1.56E-10 1.32E-10 1.10E-10 9.83E-11
 1.96E-13 2.97E-12 2.33E-11 9.30E-11 1.62E-10 1.98E-10 1.92E-10 1.82E-10
 1.74E-10 1.61E-10 1.43E-10 1.19E-10 9.69E-11 8.54E-11
 1.79E-13 2.72E-12 2.26E-11 9.20E-11 1.61E-10 1.96E-10 1.91E-10 1.80E-10
 1.72E-10 1.59E-10 1.41E-10 1.17E-10 9.53E-11 8.39E-11
 1.74E-13 2.69E-12 2.25E-11 9.19E-11 1.60E-10 1.95E-10 1.90E-10 1.80E-10
 1.72E-10 1.58E-10 1.41E-10 1.17E-10 9.51E-11 8.37E-11
 1.72E-13 2.67E-12 2.24E-11 9.13E-11 1.59E-10 1.94E-10 1.89E-10 1.79E-10
 1.70E-10 1.57E-10 1.40E-10 1.16E-10 9.47E-11 8.34E-11
  277.127    7  14 /pl=01:ss=16:pb= 1:sz=16/type=excit/ispb = t/isel =   26
 1.00E+10 1.00E+11 1.00E+12 1.00E+13 1.00E+14 1.00E+15 1.00E+16
 4.98E+00 7.47E+00 1.25E+01 2.49E+01 4.98E+01 1.25E+02 2.49E+02 3.74E+02
 4.98E+02 7.47E+02 1.25E+03 2.49E+03 4.98E+03 7.47E+03
 1.12E-12 1.82E-11 1.49E-10 5.86E-10 1.00E-09 1.21E-09 1.19E-09 1.15E-09
 1.10E-09 1.03E-09 9.34E-10 8.00E-10 6.70E-10 6.00E-10
 1.10E-12 1.70E-11 1.22E-10 3.89E-10 5.88E-10 6.70E-10 6.52E-10 6.26E-10
 6.03E-10 5.67E-10 5.20E-10 4.55E-10 3.93E-10 3.58E-10
 9.32E-13 1.26E-11 7.84E-11 2.44E-10 3.88E-10 4.54E-10 4.38E-10 4.16E-10
 3.96E-10 3.67E-10 3.28E-10 2.77E-10 2.30E-10 2.06E-10
 7.17E-13 8.99E-12 6.06E-11 2.16E-10 3.58E-10 4.22E-10 4.06E-10 3.84E-10
 3.65E-10 3.36E-10 2.98E-10 2.47E-10 2.01E-10 1.77E-10
 6.46E-13 8.17E-12 5.85E-11 2.14E-10 3.54E-10 4.18E-10 4.02E-10 3.80E-10
 3.61E-10 3.32E-10 2.94E-10 2.44E-10 1.98E-10 1.74E-10
 6.27E-13 8.07E-12 5.83E-11 2.13E-10 3.53E-10 4.17E-10 4.01E-10 3.79E-10
 3.60E-10 3.31E-10 2.93E-10 2.43E-10 1.98E-10 1.73E-10
 6.16E-13 8.00E-12 5.79E-11 2.12E-10 3.51E-10 4.14E-10 3.98E-10 3.77E-10
 3.58E-10 3.29E-10 2.92E-10 2.42E-10 1.97E-10 1.73E-10
  279.893    7  14 /pl=01:ss=16:pb= 1:sz=16/type=excit/ispb = t/isel =   27
 1.00E+10 1.00E+11 1.00E+12 1.00E+13 1.00E+14 1.00E+15 1.00E+16
 4.98E+00 7.47E+00 1.25E+01 2.49E+01 4.98E+01 1.25E+02 2.49E+02 3.74E+02
 4.98E+02 7.47E+02 1.25E+03 2.49E+03 4.98E+03 7.47E+03
 6.75E-15 1.52E-13 2.71E-12 2.54E-11 6.21E-11 8.66E-11 8.59E-11 8.13E-11
 7.69E-11 6.99E-11 6.02E-11 4.75E-11 3.62E-11 3.04E-11
 2.01E-14 4.86E-13 7.51E-12 3.90E-11 7.04E-11 8.66E-11 8.49E-11 8.13E-11
 7.79E-11 7.26E-11 6.51E-11 5.52E-11 4.57E-11 4.06E-11
 5.61E-14 1.00E-12 8.62E-12 3.34E-11 5.83E-11 7.16E-11 6.99E-11 6.65E-11
 6.34E-11 5.87E-11 5.22E-11 4.38E-11 3.60E-11 3.19E-11
 6.70E-14 1.01E-12 7.91E-12 3.17E-11 5.61E-11 6.89E-11 6.71E-11 6.37E-11
 6.07E-11 5.60E-11 4.95E-11 4.12E-11 3.35E-11 2.94E-11
 6.66E-14 9.91E-13 7.86E-12 3.16E-11 5.58E-11 6.85E-11 6.67E-11 6.33E-11
 6.03E-11 5.56E-11 4.92E-11 4.08E-11 3.31E-11 2.91E-11
 6.55E-14 9.89E-13 7.85E-12 3.16E-11 5.57E-11 6.84E-11 6.66E-11 6.32E-11
 6.02E-11 5.56E-11 4.91E-11 4.08E-11 3.31E-11 2.91E-11
 6.45E-14 9.81E-13 7.80E-12 3.14E-11 5.53E-11 6.79E-11 6.61E-11 6.28E-11
 5.98E-11 5.52E-11 4.88E-11 4.06E-11 3.30E-11 2.90E-11
  280.341    7  14 /pl=01:ss=16:pb= 1:sz=16/type=excit/ispb = t/isel =   28
 1.00E+10 1.00E+11 1.00E+12 1.00E+13 1.00E+14 1.00E+15 1.00E+16
 4.98E+00 7.47E+00 1.25E+01 2.49E+01 4.98E+01 1.25E+02 2.49E+02 3.74E+02
 4.98E+02 7.47E+02 1.25E+03 2.49E+03 4.98E+03 7.47E+03
 6.95E-14 1.70E-12 2.88E-11 1.62E-10 2.93E-10 3.57E-10 3.51E-10 3.35E-10
 3.24E-10 3.02E-10 2.73E-10 2.34E-10 1.95E-10 1.74E-10
 8.68E-14 2.03E-12 2.76E-11 1.08E-10 1.68E-10 1.94E-10 1.89E-10 1.81E-10
 1.75E-10 1.64E-10 1.51E-10 1.32E-10 1.14E-10 1.05E-10
 1.24E-13 2.16E-12 1.85E-11 6.69E-11 1.11E-10 1.33E-10 1.29E-10 1.22E-10
 1.17E-10 1.08E-10 9.66E-11 8.16E-11 6.77E-11 6.05E-11
 1.21E-13 1.80E-12 1.46E-11 5.94E-11 1.03E-10 1.24E-10 1.20E-10 1.13E-10
 1.08E-10 9.90E-11 8.78E-11 7.31E-11 5.95E-11 5.25E-11
 1.13E-13 1.66E-12 1.41E-11 5.87E-11 1.01E-10 1.22E-10 1.18E-10 1.11E-10
 1.06E-10 9.76E-11 8.65E-11 7.19E-11 5.84E-11 5.14E-11
 1.10E-13 1.64E-12 1.41E-11 5.85E-11 1.01E-10 1.22E-10 1.18E-10 1.11E-10
 1.06E-10 9.74E-11 8.63E-11 7.17E-11 5.82E-11 5.13E-11
 1.08E-13 1.63E-12 1.40E-11 5.81E-11 1.00E-10 1.21E-10 1.17E-10 1.10E-10
 1.05E-10 9.67E-11 8.58E-11 7.14E-11 5.80E-11 5.11E-11
  280.435    7  14 /pl=01:ss=16:pb= 1:sz=16/type=excit/ispb = t/isel =   29
 1.00E+10 1.00E+11 1.00E+12 1.00E+13 1.00E+14 1.00E+15 1.00E+16
 4.98E+00 7.47E+00 1.25E+01 2.49E+01 4.98E+01 1.25E+02 2.49E+02 3.74E+02
 4.98E+02 7.47E+02 1.25E+03 2.49E+03 4.98E+03 7.47E+03
 1.21E-13 2.37E-12 2.32E-11 1.08E-10 2.03E-10 2.57E-10 2.55E-10 2.45E-10
 2.35E-10 2.19E-10 1.97E-10 1.66E-10 1.37E-10 1.22E-10
 1.24E-13 2.37E-12 2.15E-11 8.14E-11 1.32E-10 1.56E-10 1.53E-10 1.47E-10
 1.42E-10 1.34E-10 1.23E-10 1.07E-10 9.18E-11 8.35E-11
 1.21E-13 2.02E-12 1.51E-11 5.31E-11 8.93E-11 1.08E-10 1.05E-10 1.00E-10
 9.57E-11 8.89E-11 7.96E-11 6.74E-11 5.60E-11 5.01E-11
 1.00E-13 1.51E-12 1.19E-11 4.74E-11 8.27E-11 1.01E-10 9.80E-11 9.29E-11
 8.85E-11 8.18E-11 7.26E-11 6.05E-11 4.94E-11 4.35E-11
 9.14E-14 1.39E-12 1.15E-11 4.69E-11 8.19E-11 9.97E-11 9.71E-11 9.20E-11
 8.76E-11 8.09E-11 7.18E-11 5.97E-11 4.86E-11 4.27E-11
 8.88E-14 1.37E-12 1.15E-11 4.68E-11 8.17E-11 9.95E-11 9.69E-11 9.18E-11
 8.74E-11 8.07E-11 7.16E-11 5.96E-11 4.85E-11 4.26E-11
 8.74E-14 1.36E-12 1.14E-11 4.65E-11 8.11E-11 9.87E-11 9.62E-11 9.12E-11
 8.68E-11 8.02E-11 7.12E-11 5.93E-11 4.83E-11 4.25E-11
  283.108    7  14 /pl=01:ss=16:pb= 1:sz=16/type=excit/ispb = t/isel =   30
 1.00E+10 1.00E+11 1.00E+12 1.00E+13 1.00E+14 1.00E+15 1.00E+16
 4.98E+00 7.47E+00 1.25E+01 2.49E+01 4.98E+01 1.25E+02 2.49E+02 3.74E+02
 4.98E+02 7.47E+02 1.25E+03 2.49E+03 4.98E+03 7.47E+03
 2.45E-14 5.62E-13 6.31E-12 3.29E-11 6.50E-11 8.49E-11 8.48E-11 8.13E-11
 7.79E-11 7.24E-11 6.47E-11 5.44E-11 4.47E-11 3.94E-11
 2.63E-14 5.89E-13 6.19E-12 2.77E-11 4.90E-11 6.05E-11 5.99E-11 5.75E-11
 5.53E-11 5.18E-11 4.69E-11 4.03E-11 3.39E-11 3.04E-11
 3.10E-14 6.00E-13 5.21E-12 2.09E-11 3.74E-11 4.67E-11 4.60E-11 4.38E-11
 4.19E-11 3.89E-11 3.48E-11 2.93E-11 2.42E-11 2.15E-11
 3.04E-14 5.25E-13 4.48E-12 1.93E-11 3.54E-11 4.43E-11 4.36E-11 4.15E-11
 3.96E-11 3.66E-11 3.25E-11 2.71E-11 2.21E-11 1.95E-11
 2.89E-14 4.96E-13 4.39E-12 1.92E-11 3.51E-11 4.40E-11 4.32E-11 4.11E-11
 3.93E-11 3.63E-11 3.22E-11 2.68E-11 2.18E-11 1.92E-11
 2.83E-14 4.93E-13 4.38E-12 1.92E-11 3.51E-11 4.39E-11 4.32E-11 4.11E-11
 3.92E-11 3.62E-11 3.21E-11 2.67E-11 2.18E-11 1.92E-11
 2.79E-14 4.89E-13 4.36E-12 1.91E-11 3.48E-11 4.36E-11 4.29E-11 4.08E-11
 3.89E-11 3.60E-11 3.20E-11 2.66E-11 2.17E-11 1.91E-11
  294.357    7  14 /pl=01:ss=16:pb= 1:sz=16/type=excit/ispb = t/isel =   31
 1.00E+10 1.00E+11 1.00E+12 1.00E+13 1.00E+14 1.00E+15 1.00E+16
 4.98E+00 7.47E+00 1.25E+01 2.49E+01 4.98E+01 1.25E+02 2.49E+02 3.74E+02
 4.98E+02 7.47E+02 1.25E+03 2.49E+03 4.98E+03 7.47E+03
 1.15E-15 2.39E-14 3.89E-13 6.51E-12 2.90E-11 5.72E-11 5.87E-11 5.39E-11
 4.91E-11 4.18E-11 3.25E-11 2.20E-11 1.42E-11 1.08E-11
 6.51E-15 1.47E-13 4.03E-12 6.45E-11 1.82E-10 2.68E-10 2.67E-10 2.51E-10
 2.36E-10 2.11E-10 1.78E-10 1.36E-10 9.88E-11 8.03E-11
 6.05E-14 1.35E-12 2.41E-11 1.43E-10 2.76E-10 3.54E-10 3.48E-10 3.31E-10
 3.15E-10 2.90E-10 2.55E-10 2.10E-10 1.69E-10 1.47E-10
 2.56E-13 4.17E-12 3.72E-11 1.60E-10 2.89E-10 3.61E-10 3.54E-10 3.36E-10
 3.21E-10 2.95E-10 2.61E-10 2.17E-10 1.75E-10 1.54E-10
 3.57E-13 5.22E-12 3.95E-11 1.62E-10 2.89E-10 3.61E-10 3.54E-10 3.36E-10
 3.20E-10 2.95E-10 2.61E-10 2.17E-10 1.76E-10 1.54E-10
 3.66E-13 5.35E-12 3.98E-11 1.62E-10 2.89E-10 3.61E-10 3.53E-10 3.36E-10
 3.20E-10 2.95E-10 2.61E-10 2.17E-10 1.76E-10 1.54E-10
 3.62E-13 5.32E-12 3.96E-11 1.61E-10 2.87E-10 3.58E-10 3.51E-10 3.34E-10
 3.18E-10 2.93E-10 2.60E-10 2.16E-10 1.75E-10 1.54E-10
  294.666    7  14 /pl=01:ss=16:pb= 1:sz=16/type=excit/ispb = t/isel =   32
 1.00E+10 1.00E+11 1.00E+12 1.00E+13 1.00E+14 1.00E+15 1.00E+16
 4.98E+00 7.47E+00 1.25E+01 2.49E+01 4.98E+01 1.25E+02 2.49E+02 3.74E+02
 4.98E+02 7.47E+02 1.25E+03 2.49E+03 4.98E+03 7.47E+03
 1.35E-13 2.18E-12 1.71E-11 6.09E-11 9.71E-11 1.14E-10 1.12E-10 1.08E-10
 1.04E-10 9.81E-11 8.97E-11 7.82E-11 6.69E-11 6.06E-11
 1.22E-13 1.83E-12 1.17E-11 3.38E-11 4.96E-11 5.59E-11 5.43E-11 5.22E-11
 5.03E-11 4.75E-11 4.36E-11 3.84E-11 3.35E-11 3.07E-11
 8.39E-14 1.11E-12 6.58E-12 2.01E-11 3.17E-11 3.70E-11 3.57E-11 3.38E-11
 3.23E-11 2.99E-11 2.67E-11 2.26E-11 1.88E-11 1.68E-11
 5.81E-14 7.34E-13 4.95E-12 1.77E-11 2.91E-11 3.43E-11 3.30E-11 3.12E-11
 2.96E-11 2.73E-11 2.41E-11 2.01E-11 1.64E-11 1.44E-11
 5.15E-14 6.59E-13 4.77E-12 1.74E-11 2.88E-11 3.39E-11 3.26E-11 3.08E-11
 2.93E-11 2.70E-11 2.38E-11 1.98E-11 1.61E-11 1.41E-11
 4.99E-14 6.50E-13 4.75E-12 1.74E-11 2.88E-11 3.39E-11 3.26E-11 3.08E-11
 2.92E-11 2.69E-11 2.38E-11 1.97E-11 1.60E-11 1.41E-11
 4.91E-14 6.45E-13 4.72E-12 1.73E-11 2.85E-11 3.36E-11 3.23E-11 3.05E-11
 2.90E-11 2.67E-11 2.36E-11 1.96E-11 1.60E-11 1.40E-11
  294.709    7  14 /pl=01:ss=16:pb= 1:sz=16/type=excit/ispb = t/isel =   33
 1.00E+10 1.00E+11 1.00E+12 1.00E+13 1.00E+14 1.00E+15 1.00E+16
 4.98E+00 7.47E+00 1.25E+01 2.49E+01 4.98E+01 1.25E+02 2.49E+02 3.74E+02
 4.98E+02 7.47E+02 1.25E+03 2.49E+03 4.98E+03 7.47E+03
 6.30E-14 1.16E-12 1.56E-11 1.07E-10 2.23E-10 2.91E-10 2.87E-10 2.72E-10
 2.58E-10 2.37E-10 2.07E-10 1.69E-10 1.33E-10 1.14E-10
 1.40E-13 2.69E-12 2.99E-11 1.22E-10 2.01E-10 2.37E-10 2.30E-10 2.20E-10
 2.10E-10 1.96E-10 1.77E-10 1.51E-10 1.26E-10 1.13E-10
 2.94E-13 4.19E-12 2.84E-11 9.41E-11 1.54E-10 1.82E-10 1.77E-10 1.67E-10
 1.59E-10 1.47E-10 1.31E-10 1.10E-10 9.03E-11 8.02E-11
 3.04E-13 3.75E-12 2.43E-11 8.67E-11 1.45E-10 1.73E-10 1.67E-10 1.58E-10
 1.50E-10 1.38E-10 1.22E-10 1.01E-10 8.20E-11 7.21E-11
 2.86E-13 3.52E-12 2.38E-11 8.61E-11 1.44E-10 1.72E-10 1.66E-10 1.56E-10
 1.49E-10 1.37E-10 1.21E-10 1.00E-10 8.09E-11 7.11E-11
 2.79E-13 3.49E-12 2.38E-11 8.59E-11 1.44E-10 1.71E-10 1.65E-10 1.56E-10
 1.48E-10 1.36E-10 1.20E-10 9.98E-11 8.08E-11 7.09E-11
 2.74E-13 3.46E-12 2.36E-11 8.53E-11 1.42E-10 1.70E-10 1.64E-10 1.55E-10
 1.47E-10 1.36E-10 1.20E-10 9.93E-11 8.04E-11 7.07E-11
  295.075    7  14 /pl=01:ss=16:pb= 1:sz=16/type=excit/ispb = t/isel =   34
 1.00E+10 1.00E+11 1.00E+12 1.00E+13 1.00E+14 1.00E+15 1.00E+16
 4.98E+00 7.47E+00 1.25E+01 2.49E+01 4.98E+01 1.25E+02 2.49E+02 3.74E+02
 4.98E+02 7.47E+02 1.25E+03 2.49E+03 4.98E+03 7.47E+03
 5.87E-13 9.48E-12 7.78E-11 3.06E-10 5.22E-10 6.32E-10 6.22E-10 5.98E-10
 5.75E-10 5.38E-10 4.87E-10 4.17E-10 3.50E-10 3.13E-10
 5.74E-13 8.87E-12 6.38E-11 2.03E-10 3.07E-10 3.50E-10 3.40E-10 3.27E-10
 3.15E-10 2.96E-10 2.71E-10 2.37E-10 2.05E-10 1.87E-10
 4.86E-13 6.58E-12 4.09E-11 1.27E-10 2.02E-10 2.37E-10 2.29E-10 2.17E-10
 2.07E-10 1.91E-10 1.71E-10 1.44E-10 1.20E-10 1.07E-10
 3.74E-13 4.69E-12 3.16E-11 1.13E-10 1.87E-10 2.20E-10 2.12E-10 2.00E-10
 1.90E-10 1.75E-10 1.55E-10 1.29E-10 1.05E-10 9.24E-11
 3.37E-13 4.26E-12 3.05E-11 1.11E-10 1.85E-10 2.18E-10 2.10E-10 1.98E-10
 1.88E-10 1.73E-10 1.53E-10 1.27E-10 1.03E-10 9.07E-11
 3.27E-13 4.21E-12 3.04E-11 1.11E-10 1.84E-10 2.17E-10 2.09E-10 1.98E-10
 1.88E-10 1.73E-10 1.53E-10 1.27E-10 1.03E-10 9.05E-11
 3.21E-13 4.17E-12 3.02E-11 1.10E-10 1.83E-10 2.16E-10 2.08E-10 1.96E-10
 1.87E-10 1.72E-10 1.52E-10 1.26E-10 1.03E-10 9.01E-11
  295.624    7  14 /pl=01:ss=16:pb= 1:sz=16/type=excit/ispb = t/isel =   35
 1.00E+10 1.00E+11 1.00E+12 1.00E+13 1.00E+14 1.00E+15 1.00E+16
 4.98E+00 7.47E+00 1.25E+01 2.49E+01 4.98E+01 1.25E+02 2.49E+02 3.74E+02
 4.98E+02 7.47E+02 1.25E+03 2.49E+03 4.98E+03 7.47E+03
 1.18E-13 1.90E-12 1.49E-11 5.32E-11 8.48E-11 9.94E-11 9.76E-11 9.40E-11
 9.08E-11 8.56E-11 7.84E-11 6.83E-11 5.84E-11 5.29E-11
 1.07E-13 1.60E-12 1.02E-11 2.95E-11 4.33E-11 4.88E-11 4.74E-11 4.55E-11
 4.39E-11 4.15E-11 3.81E-11 3.36E-11 2.92E-11 2.68E-11
 7.32E-14 9.68E-13 5.74E-12 1.75E-11 2.77E-11 3.23E-11 3.12E-11 2.95E-11
 2.82E-11 2.61E-11 2.33E-11 1.97E-11 1.64E-11 1.47E-11
 5.08E-14 6.41E-13 4.33E-12 1.54E-11 2.54E-11 2.99E-11 2.88E-11 2.72E-11
 2.59E-11 2.38E-11 2.11E-11 1.75E-11 1.43E-11 1.26E-11
 4.50E-14 5.75E-13 4.16E-12 1.52E-11 2.52E-11 2.96E-11 2.85E-11 2.69E-11
 2.56E-11 2.35E-11 2.08E-11 1.73E-11 1.40E-11 1.23E-11
 4.36E-14 5.68E-13 4.15E-12 1.52E-11 2.51E-11 2.96E-11 2.84E-11 2.69E-11
 2.55E-11 2.35E-11 2.08E-11 1.72E-11 1.40E-11 1.23E-11
 4.29E-14 5.63E-13 4.12E-12 1.51E-11 2.49E-11 2.93E-11 2.82E-11 2.67E-11
 2.53E-11 2.33E-11 2.06E-11 1.71E-11 1.39E-11 1.22E-11
  296.035    7  14 /pl=01:ss=16:pb= 1:sz=16/type=excit/ispb = t/isel =   36
 1.00E+10 1.00E+11 1.00E+12 1.00E+13 1.00E+14 1.00E+15 1.00E+16
 4.98E+00 7.47E+00 1.25E+01 2.49E+01 4.98E+01 1.25E+02 2.49E+02 3.74E+02
 4.98E+02 7.47E+02 1.25E+03 2.49E+03 4.98E+03 7.47E+03
 9.43E-14 1.52E-12 1.25E-11 4.92E-11 8.39E-11 1.02E-10 1.00E-10 9.61E-11
 9.24E-11 8.64E-11 7.83E-11 6.71E-11 5.62E-11 5.03E-11
 9.23E-14 1.43E-12 1.03E-11 3.26E-11 4.93E-11 5.62E-11 5.47E-11 5.25E-11
 5.06E-11 4.76E-11 4.36E-11 3.82E-11 3.30E-11 3.01E-11
 7.82E-14 1.06E-12 6.58E-12 2.04E-11 3.25E-11 3.81E-11 3.68E-11 3.49E-11
 3.33E-11 3.08E-11 2.75E-11 2.32E-11 1.93E-11 1.72E-11
 6.02E-14 7.54E-13 5.08E-12 1.81E-11 3.00E-11 3.54E-11 3.41E-11 3.22E-11
 3.06E-11 2.82E-11 2.50E-11 2.07E-11 1.69E-11 1.49E-11
 5.42E-14 6.85E-13 4.91E-12 1.79E-11 2.97E-11 3.50E-11 3.37E-11 3.19E-11
 3.03E-11 2.79E-11 2.46E-11 2.04E-11 1.66E-11 1.46E-11
 5.26E-14 6.77E-13 4.89E-12 1.79E-11 2.96E-11 3.50E-11 3.37E-11 3.18E-11
 3.02E-11 2.78E-11 2.46E-11 2.04E-11 1.66E-11 1.45E-11
 5.17E-14 6.71E-13 4.86E-12 1.78E-11 2.94E-11 3.47E-11 3.34E-11 3.16E-11
 3.00E-11 2.76E-11 2.45E-11 2.03E-11 1.65E-11 1.45E-11
  299.098    7  14 /pl=01:ss=16:pb= 1:sz=16/type=excit/ispb = t/isel =   37
 1.00E+10 1.00E+11 1.00E+12 1.00E+13 1.00E+14 1.00E+15 1.00E+16
 4.98E+00 7.47E+00 1.25E+01 2.49E+01 4.98E+01 1.25E+02 2.49E+02 3.74E+02
 4.98E+02 7.47E+02 1.25E+03 2.49E+03 4.98E+03 7.47E+03
 8.06E-14 1.30E-12 1.07E-11 4.20E-11 7.17E-11 8.68E-11 8.55E-11 8.21E-11
 7.89E-11 7.39E-11 6.69E-11 5.73E-11 4.81E-11 4.30E-11
 7.88E-14 1.22E-12 8.77E-12 2.79E-11 4.21E-11 4.80E-11 4.67E-11 4.49E-11
 4.32E-11 4.07E-11 3.72E-11 3.26E-11 2.82E-11 2.57E-11
 6.68E-14 9.04E-13 5.62E-12 1.75E-11 2.78E-11 3.25E-11 3.14E-11 2.98E-11
 2.84E-11 2.63E-11 2.35E-11 1.98E-11 1.65E-11 1.47E-11
 5.14E-14 6.44E-13 4.34E-12 1.55E-11 2.56E-11 3.02E-11 2.91E-11 2.75E-11
 2.62E-11 2.41E-11 2.13E-11 1.77E-11 1.44E-11 1.27E-11
 4.63E-14 5.85E-13 4.19E-12 1.53E-11 2.54E-11 2.99E-11 2.88E-11 2.72E-11
 2.59E-11 2.38E-11 2.11E-11 1.75E-11 1.42E-11 1.25E-11
 4.49E-14 5.78E-13 4.18E-12 1.53E-11 2.53E-11 2.99E-11 2.88E-11 2.72E-11
 2.58E-11 2.38E-11 2.10E-11 1.74E-11 1.42E-11 1.24E-11
 4.42E-14 5.73E-13 4.15E-12 1.52E-11 2.51E-11 2.96E-11 2.86E-11 2.70E-11
 2.57E-11 2.36E-11 2.09E-11 1.73E-11 1.41E-11 1.24E-11
  314.523    7  14 /pl=01:ss=16:pb= 1:sz=16/type=excit/ispb = t/isel =   38
 1.00E+10 1.00E+11 1.00E+12 1.00E+13 1.00E+14 1.00E+15 1.00E+16
 4.98E+00 7.47E+00 1.25E+01 2.49E+01 4.98E+01 1.25E+02 2.49E+02 3.74E+02
 4.98E+02 7.47E+02 1.25E+03 2.49E+03 4.98E+03 7.47E+03
 6.90E-14 1.17E-12 1.02E-11 4.32E-11 7.85E-11 9.90E-11 9.77E-11 9.30E-11
 8.89E-11 8.23E-11 7.33E-11 6.13E-11 5.03E-11 4.45E-11
 7.18E-14 1.18E-12 9.63E-12 3.68E-11 6.09E-11 7.25E-11 7.07E-11 6.73E-11
 6.45E-11 6.00E-11 5.39E-11 4.58E-11 3.83E-11 3.42E-11
 8.40E-14 1.22E-12 8.41E-12 2.87E-11 4.74E-11 5.68E-11 5.51E-11 5.21E-11
 4.97E-11 4.58E-11 4.07E-11 3.40E-11 2.79E-11 2.47E-11
 8.52E-14 1.09E-12 7.36E-12 2.68E-11 4.51E-11 5.42E-11 5.25E-11 4.95E-11
 4.71E-11 4.32E-11 3.82E-11 3.16E-11 2.56E-11 2.25E-11
 8.15E-14 1.04E-12 7.24E-12 2.66E-11 4.49E-11 5.38E-11 5.21E-11 4.91E-11
 4.67E-11 4.29E-11 3.78E-11 3.13E-11 2.53E-11 2.22E-11
 7.97E-14 1.03E-12 7.23E-12 2.66E-11 4.48E-11 5.37E-11 5.20E-11 4.91E-11
 4.66E-11 4.28E-11 3.78E-11 3.12E-11 2.53E-11 2.22E-11
 7.83E-14 1.02E-12 7.17E-12 2.64E-11 4.44E-11 5.33E-11 5.16E-11 4.87E-11
 4.63E-11 4.25E-11 3.76E-11 3.11E-11 2.52E-11 2.21E-11
  314.816    7  14 /pl=01:ss=16:pb= 1:sz=16/type=excit/ispb = t/isel =   39
 1.00E+10 1.00E+11 1.00E+12 1.00E+13 1.00E+14 1.00E+15 1.00E+16
 4.98E+00 7.47E+00 1.25E+01 2.49E+01 4.98E+01 1.25E+02 2.49E+02 3.74E+02
 4.98E+02 7.47E+02 1.25E+03 2.49E+03 4.98E+03 7.47E+03
 1.38E-14 2.55E-13 3.43E-12 2.35E-11 4.89E-11 6.38E-11 6.28E-11 5.95E-11
 5.66E-11 5.19E-11 4.55E-11 3.70E-11 2.91E-11 2.50E-11
 3.08E-14 5.89E-13 6.54E-12 2.68E-11 4.40E-11 5.19E-11 5.05E-11 4.81E-11
 4.61E-11 4.30E-11 3.88E-11 3.31E-11 2.77E-11 2.48E-11
 6.45E-14 9.19E-13 6.23E-12 2.06E-11 3.36E-11 4.00E-11 3.87E-11 3.67E-11
 3.49E-11 3.23E-11 2.87E-11 2.41E-11 1.98E-11 1.76E-11
 6.65E-14 8.21E-13 5.33E-12 1.90E-11 3.18E-11 3.79E-11 3.66E-11 3.46E-11
 3.29E-11 3.02E-11 2.67E-11 2.22E-11 1.80E-11 1.58E-11
 6.28E-14 7.71E-13 5.22E-12 1.89E-11 3.15E-11 3.76E-11 3.63E-11 3.43E-11
 3.26E-11 3.00E-11 2.64E-11 2.19E-11 1.77E-11 1.56E-11
 6.12E-14 7.65E-13 5.21E-12 1.88E-11 3.15E-11 3.75E-11 3.62E-11 3.42E-11
 3.25E-11 2.99E-11 2.64E-11 2.19E-11 1.77E-11 1.55E-11
 6.01E-14 7.57E-13 5.17E-12 1.87E-11 3.12E-11 3.72E-11 3.59E-11 3.39E-11
 3.23E-11 2.97E-11 2.62E-11 2.18E-11 1.76E-11 1.55E-11
  2175.19    7  14 /pl=01:ss=16:pb= 1:sz=16/type=excit/ispb = t/isel =   40
 1.00E+10 1.00E+11 1.00E+12 1.00E+13 1.00E+14 1.00E+15 1.00E+16
 4.98E+00 7.47E+00 1.25E+01 2.49E+01 4.98E+01 1.25E+02 2.49E+02 3.74E+02
 4.98E+02 7.47E+02 1.25E+03 2.49E+03 4.98E+03 7.47E+03
 1.53E-12 2.39E-12 6.83E-12 3.60E-11 9.08E-11 1.40E-10 1.44E-10 1.38E-10
 1.32E-10 1.20E-10 1.05E-10 8.34E-11 6.43E-11 5.46E-11
 1.51E-12 2.51E-12 9.95E-12 4.04E-11 6.30E-11 7.28E-11 7.37E-11 7.30E-11
 7.21E-11 7.02E-11 6.72E-11 6.19E-11 5.56E-11 5.15E-11
 1.50E-12 2.50E-12 6.07E-12 8.96E-12 9.53E-12 9.63E-12 9.65E-12 9.66E-12
 9.66E-12 9.66E-12 9.65E-12 9.62E-12 9.55E-12 9.49E-12
 6.48E-13 7.76E-13 9.35E-13 9.96E-13 9.94E-13 9.82E-13 9.80E-13 9.82E-13
 9.82E-13 9.84E-13 9.87E-13 9.90E-13 9.93E-13 9.95E-13
 9.06E-14 9.72E-14 9.93E-14 1.01E-13 9.97E-14 9.82E-14 9.80E-14 9.81E-14
 9.82E-14 9.84E-14 9.87E-14 9.91E-14 9.94E-14 9.96E-14
 9.29E-15 9.97E-15 9.99E-15 1.01E-14 9.96E-15 9.82E-15 9.79E-15 9.81E-15
 9.81E-15 9.83E-15 9.86E-15 9.90E-15 9.94E-15 9.96E-15
 9.26E-16 9.99E-16 1.00E-15 1.01E-15 9.93E-16 9.77E-16 9.74E-16 9.76E-16
 9.77E-16 9.80E-16 9.83E-16 9.87E-16 9.92E-16 9.93E-16
  2236.14    7  14 /pl=01:ss=16:pb= 1:sz=16/type=excit/ispb = t/isel =   41
 1.00E+10 1.00E+11 1.00E+12 1.00E+13 1.00E+14 1.00E+15 1.00E+16
 4.98E+00 7.47E+00 1.25E+01 2.49E+01 4.98E+01 1.25E+02 2.49E+02 3.74E+02
 4.98E+02 7.47E+02 1.25E+03 2.49E+03 4.98E+03 7.47E+03
 7.74E-12 1.12E-11 2.40E-11 7.28E-11 1.24E-10 1.53E-10 1.54E-10 1.49E-10
 1.45E-10 1.37E-10 1.26E-10 1.09E-10 9.17E-11 8.20E-11
 6.58E-12 9.17E-12 1.62E-11 2.65E-11 2.92E-11 2.95E-11 2.96E-11 2.96E-11
 2.95E-11 2.95E-11 2.94E-11 2.90E-11 2.84E-11 2.78E-11
 2.38E-12 2.79E-12 2.96E-12 2.91E-12 2.83E-12 2.76E-12 2.76E-12 2.76E-12
 2.77E-12 2.78E-12 2.80E-12 2.82E-12 2.86E-12 2.87E-12
 2.78E-13 2.96E-13 2.89E-13 2.84E-13 2.76E-13 2.69E-13 2.68E-13 2.68E-13
 2.68E-13 2.69E-13 2.70E-13 2.71E-13 2.73E-13 2.73E-13
 2.67E-14 2.86E-14 2.88E-14 2.83E-14 2.75E-14 2.68E-14 2.67E-14 2.66E-14
 2.67E-14 2.67E-14 2.68E-14 2.69E-14 2.71E-14 2.71E-14
 2.61E-15 2.84E-15 2.88E-15 2.83E-15 2.75E-15 2.68E-15 2.66E-15 2.66E-15
 2.66E-15 2.67E-15 2.68E-15 2.69E-15 2.70E-15 2.71E-15
 2.59E-16 2.84E-16 2.88E-16 2.83E-16 2.74E-16 2.66E-16 2.65E-16 2.65E-16
 2.65E-16 2.66E-16 2.67E-16 2.68E-16 2.70E-16 2.70E-16
  3499.81    7  14 /pl=01:ss=16:pb= 1:sz=16/type=excit/ispb = t/isel =   42
 1.00E+10 1.00E+11 1.00E+12 1.00E+13 1.00E+14 1.00E+15 1.00E+16
 4.98E+00 7.47E+00 1.25E+01 2.49E+01 4.98E+01 1.25E+02 2.49E+02 3.74E+02
 4.98E+02 7.47E+02 1.25E+03 2.49E+03 4.98E+03 7.47E+03
 2.64E-12 4.46E-12 1.34E-11 5.04E-11 9.25E-11 1.18E-10 1.19E-10 1.15E-10
 1.12E-10 1.05E-10 9.55E-11 8.17E-11 6.79E-11 6.02E-11
 2.64E-12 4.39E-12 1.11E-11 2.19E-11 2.54E-11 2.63E-11 2.64E-11 2.63E-11
 2.63E-11 2.62E-11 2.60E-11 2.54E-11 2.46E-11 2.40E-11
 1.53E-12 2.01E-12 2.48E-12 2.61E-12 2.60E-12 2.57E-12 2.57E-12 2.58E-12
 2.59E-12 2.60E-12 2.61E-12 2.64E-12 2.66E-12 2.67E-12
 2.32E-13 2.55E-13 2.56E-13 2.60E-13 2.57E-13 2.54E-13 2.53E-13 2.53E-13
 2.54E-13 2.55E-13 2.56E-13 2.57E-13 2.59E-13 2.60E-13
 2.34E-14 2.55E-14 2.58E-14 2.60E-14 2.57E-14 2.53E-14 2.52E-14 2.53E-14
 2.53E-14 2.54E-14 2.55E-14 2.57E-14 2.58E-14 2.59E-14
 2.30E-15 2.55E-15 2.59E-15 2.60E-15 2.57E-15 2.53E-15 2.52E-15 2.52E-15
 2.53E-15 2.54E-15 2.55E-15 2.56E-15 2.58E-15 2.58E-15
 2.28E-16 2.54E-16 2.59E-16 2.60E-16 2.56E-16 2.51E-16 2.51E-16 2.51E-16
 2.52E-16 2.53E-16 2.54E-16 2.56E-16 2.57E-16 2.58E-16
  3772.59    7  14 /pl=01:ss=16:pb= 1:sz=16/type=excit/ispb = t/isel =   43
 1.00E+10 1.00E+11 1.00E+12 1.00E+13 1.00E+14 1.00E+15 1.00E+16
 4.98E+00 7.47E+00 1.25E+01 2.49E+01 4.98E+01 1.25E+02 2.49E+02 3.74E+02
 4.98E+02 7.47E+02 1.25E+03 2.49E+03 4.98E+03 7.47E+03
 1.69E-11 2.96E-11 1.12E-10 3.83E-10 5.86E-10 6.73E-10 6.75E-10 6.64E-10
 6.53E-10 6.31E-10 5.98E-10 5.44E-10 4.82E-10 4.44E-10
 1.54E-11 2.51E-11 6.08E-11 8.37E-11 8.03E-11 7.63E-11 7.58E-11 7.62E-11
 7.67E-11 7.75E-11 7.89E-11 8.09E-11 8.27E-11 8.36E-11
 6.43E-12 7.45E-12 7.85E-12 6.85E-12 6.26E-12 5.92E-12 5.85E-12 5.84E-12
 5.85E-12 5.87E-12 5.93E-12 6.02E-12 6.13E-12 6.22E-12
 7.96E-13 7.44E-13 6.88E-13 6.35E-13 5.93E-13 5.63E-13 5.54E-13 5.52E-13
 5.52E-13 5.52E-13 5.54E-13 5.56E-13 5.59E-13 5.61E-13
 7.71E-14 7.11E-14 6.77E-14 6.31E-14 5.89E-14 5.59E-14 5.50E-14 5.48E-14
 5.48E-14 5.48E-14 5.49E-14 5.50E-14 5.52E-14 5.54E-14
 7.54E-15 7.07E-15 6.76E-15 6.31E-15 5.88E-15 5.58E-15 5.49E-15 5.47E-15
 5.47E-15 5.47E-15 5.48E-15 5.50E-15 5.51E-15 5.53E-15
 7.48E-16 7.06E-16 6.75E-16 6.29E-16 5.86E-16 5.55E-16 5.46E-16 5.44E-16
 5.44E-16 5.44E-16 5.46E-16 5.48E-16 5.50E-16 5.51E-16
  3936.08    7  14 /pl=01:ss=16:pb= 1:sz=16/type=excit/ispb = t/isel =   44
 1.00E+10 1.00E+11 1.00E+12 1.00E+13 1.00E+14 1.00E+15 1.00E+16
 4.98E+00 7.47E+00 1.25E+01 2.49E+01 4.98E+01 1.25E+02 2.49E+02 3.74E+02
 4.98E+02 7.47E+02 1.25E+03 2.49E+03 4.98E+03 7.47E+03
 2.66E-12 5.38E-12 2.25E-11 8.88E-11 1.53E-10 1.87E-10 1.89E-10 1.84E-10
 1.80E-10 1.71E-10 1.58E-10 1.39E-10 1.19E-10 1.07E-10
 2.81E-12 5.47E-12 1.61E-11 2.84E-11 3.07E-11 3.07E-11 3.08E-11 3.08E-11
 3.09E-11 3.10E-11 3.11E-11 3.11E-11 3.09E-11 3.06E-11
 1.60E-12 2.23E-12 2.84E-12 2.86E-12 2.77E-12 2.71E-12 2.71E-12 2.71E-12
 2.72E-12 2.73E-12 2.75E-12 2.78E-12 2.82E-12 2.84E-12
 2.34E-13 2.64E-13 2.75E-13 2.76E-13 2.69E-13 2.63E-13 2.62E-13 2.62E-13
 2.62E-13 2.63E-13 2.64E-13 2.65E-13 2.66E-13 2.67E-13
 2.35E-14 2.60E-14 2.74E-14 2.75E-14 2.68E-14 2.62E-14 2.60E-14 2.60E-14
 2.61E-14 2.61E-14 2.62E-14 2.63E-14 2.64E-14 2.65E-14
 2.31E-15 2.60E-15 2.74E-15 2.75E-15 2.68E-15 2.61E-15 2.60E-15 2.60E-15
 2.60E-15 2.61E-15 2.62E-15 2.63E-15 2.64E-15 2.65E-15
 2.29E-16 2.59E-16 2.74E-16 2.74E-16 2.67E-16 2.60E-16 2.59E-16 2.59E-16
 2.59E-16 2.60E-16 2.61E-16 2.62E-16 2.63E-16 2.64E-16
  4164.06    7  14 /pl=01:ss=16:pb= 1:sz=16/type=excit/ispb = t/isel =   45
 1.00E+10 1.00E+11 1.00E+12 1.00E+13 1.00E+14 1.00E+15 1.00E+16
 4.98E+00 7.47E+00 1.25E+01 2.49E+01 4.98E+01 1.25E+02 2.49E+02 3.74E+02
 4.98E+02 7.47E+02 1.25E+03 2.49E+03 4.98E+03 7.47E+03
 1.42E-12 2.38E-12 7.16E-12 2.69E-11 4.95E-11 6.31E-11 6.36E-11 6.16E-11
 5.97E-11 5.62E-11 5.11E-11 4.37E-11 3.63E-11 3.22E-11
 1.41E-12 2.35E-12 5.94E-12 1.17E-11 1.36E-11 1.41E-11 1.41E-11 1.41E-11
 1.41E-11 1.40E-11 1.39E-11 1.36E-11 1.32E-11 1.28E-11
 8.16E-13 1.07E-12 1.32E-12 1.40E-12 1.39E-12 1.38E-12 1.38E-12 1.38E-12
 1.38E-12 1.39E-12 1.40E-12 1.41E-12 1.42E-12 1.43E-12
 1.24E-13 1.36E-13 1.37E-13 1.39E-13 1.38E-13 1.36E-13 1.35E-13 1.36E-13
 1.36E-13 1.36E-13 1.37E-13 1.38E-13 1.39E-13 1.39E-13
 1.25E-14 1.36E-14 1.38E-14 1.39E-14 1.37E-14 1.35E-14 1.35E-14 1.35E-14
 1.35E-14 1.36E-14 1.36E-14 1.37E-14 1.38E-14 1.38E-14
 1.23E-15 1.36E-15 1.38E-15 1.39E-15 1.37E-15 1.35E-15 1.35E-15 1.35E-15
 1.35E-15 1.36E-15 1.36E-15 1.37E-15 1.38E-15 1.38E-15
 1.22E-16 1.36E-16 1.38E-16 1.39E-16 1.37E-16 1.34E-16 1.34E-16 1.34E-16
 1.35E-16 1.35E-16 1.36E-16 1.37E-16 1.38E-16 1.38E-16
  4338.77    7  14 /pl=01:ss=16:pb= 1:sz=16/type=excit/ispb = t/isel =   46
 1.00E+10 1.00E+11 1.00E+12 1.00E+13 1.00E+14 1.00E+15 1.00E+16
 4.98E+00 7.47E+00 1.25E+01 2.49E+01 4.98E+01 1.25E+02 2.49E+02 3.74E+02
 4.98E+02 7.47E+02 1.25E+03 2.49E+03 4.98E+03 7.47E+03
 7.15E-12 1.48E-11 5.52E-11 1.19E-10 1.37E-10 1.40E-10 1.40E-10 1.41E-10
 1.41E-10 1.41E-10 1.40E-10 1.38E-10 1.34E-10 1.31E-10
 4.94E-12 7.89E-12 1.27E-11 1.19E-11 1.03E-11 9.40E-12 9.33E-12 9.41E-12
 9.51E-12 9.69E-12 9.99E-12 1.05E-11 1.11E-11 1.14E-11
 1.10E-12 1.15E-12 1.00E-12 8.00E-13 7.12E-13 6.66E-13 6.56E-13 6.55E-13
 6.57E-13 6.60E-13 6.66E-13 6.79E-13 6.96E-13 7.08E-13
 1.03E-13 9.24E-14 8.05E-14 7.19E-14 6.62E-14 6.23E-14 6.12E-14 6.10E-14
 6.09E-14 6.09E-14 6.11E-14 6.14E-14 6.18E-14 6.20E-14
 9.50E-15 8.52E-15 7.81E-15 7.12E-15 6.55E-15 6.16E-15 6.06E-15 6.03E-15
 6.03E-15 6.03E-15 6.03E-15 6.06E-15 6.08E-15 6.10E-15
 9.23E-16 8.43E-16 7.80E-16 7.11E-16 6.54E-16 6.15E-16 6.05E-16 6.02E-16
 6.01E-16 6.01E-16 6.02E-16 6.05E-16 6.07E-16 6.08E-16
 9.15E-17 8.42E-17 7.79E-17 7.09E-17 6.51E-17 6.12E-17 6.01E-17 5.99E-17
 5.98E-17 5.98E-17 6.00E-17 6.02E-17 6.05E-17 6.06E-17
  4391.55    7  14 /pl=01:ss=16:pb= 1:sz=16/type=excit/ispb = t/isel =   47
 1.00E+10 1.00E+11 1.00E+12 1.00E+13 1.00E+14 1.00E+15 1.00E+16
 4.98E+00 7.47E+00 1.25E+01 2.49E+01 4.98E+01 1.25E+02 2.49E+02 3.74E+02
 4.98E+02 7.47E+02 1.25E+03 2.49E+03 4.98E+03 7.47E+03
 1.06E-11 1.53E-11 3.27E-11 9.94E-11 1.70E-10 2.09E-10 2.10E-10 2.04E-10
 1.98E-10 1.87E-10 1.72E-10 1.49E-10 1.25E-10 1.12E-10
 8.99E-12 1.25E-11 2.22E-11 3.62E-11 3.99E-11 4.04E-11 4.04E-11 4.04E-11
 4.04E-11 4.03E-11 4.02E-11 3.96E-11 3.87E-11 3.80E-11
 3.26E-12 3.82E-12 4.04E-12 3.97E-12 3.86E-12 3.78E-12 3.77E-12 3.77E-12
 3.78E-12 3.79E-12 3.82E-12 3.86E-12 3.90E-12 3.93E-12
 3.80E-13 4.04E-13 3.95E-13 3.87E-13 3.77E-13 3.68E-13 3.66E-13 3.66E-13
 3.66E-13 3.67E-13 3.69E-13 3.70E-13 3.72E-13 3.73E-13
 3.65E-14 3.90E-14 3.94E-14 3.87E-14 3.76E-14 3.66E-14 3.64E-14 3.64E-14
 3.64E-14 3.65E-14 3.66E-14 3.68E-14 3.70E-14 3.70E-14
 3.56E-15 3.88E-15 3.94E-15 3.87E-15 3.75E-15 3.66E-15 3.64E-15 3.64E-15
 3.64E-15 3.65E-15 3.66E-15 3.67E-15 3.69E-15 3.70E-15
 3.53E-16 3.88E-16 3.94E-16 3.86E-16 3.74E-16 3.64E-16 3.62E-16 3.62E-16
 3.62E-16 3.63E-16 3.65E-16 3.66E-16 3.68E-16 3.69E-16
  4556.02    7  14 /pl=01:ss=16:pb= 1:sz=16/type=excit/ispb = t/isel =   48
 1.00E+10 1.00E+11 1.00E+12 1.00E+13 1.00E+14 1.00E+15 1.00E+16
 4.98E+00 7.47E+00 1.25E+01 2.49E+01 4.98E+01 1.25E+02 2.49E+02 3.74E+02
 4.98E+02 7.47E+02 1.25E+03 2.49E+03 4.98E+03 7.47E+03
 3.77E-11 7.26E-11 2.72E-10 6.67E-10 8.33E-10 8.78E-10 8.79E-10 8.74E-10
 8.69E-10 8.59E-10 8.41E-10 8.06E-10 7.58E-10 7.25E-10
 2.84E-11 4.53E-11 8.23E-11 8.46E-11 7.44E-11 6.85E-11 6.79E-11 6.84E-11
 6.90E-11 7.03E-11 7.22E-11 7.54E-11 7.89E-11 8.09E-11
 7.28E-12 7.84E-12 7.30E-12 5.88E-12 5.21E-12 4.86E-12 4.78E-12 4.77E-12
 4.77E-12 4.80E-12 4.84E-12 4.94E-12 5.05E-12 5.13E-12
 6.94E-13 6.43E-13 5.90E-13 5.29E-13 4.84E-13 4.54E-13 4.45E-13 4.43E-13
 4.42E-13 4.42E-13 4.43E-13 4.45E-13 4.47E-13 4.48E-13
 6.41E-14 5.95E-14 5.73E-14 5.24E-14 4.80E-14 4.50E-14 4.41E-14 4.38E-14
 4.38E-14 4.38E-14 4.37E-14 4.39E-14 4.40E-14 4.40E-14
 6.24E-15 5.89E-15 5.72E-15 5.23E-15 4.79E-15 4.49E-15 4.40E-15 4.38E-15
 4.37E-15 4.37E-15 4.37E-15 4.38E-15 4.39E-15 4.39E-15
 6.19E-16 5.88E-16 5.71E-16 5.21E-16 4.77E-16 4.46E-16 4.37E-16 4.35E-16
 4.35E-16 4.35E-16 4.35E-16 4.36E-16 4.37E-16 4.38E-16
  4556.43    7  14 /pl=01:ss=16:pb= 1:sz=16/type=excit/ispb = t/isel =   49
 1.00E+10 1.00E+11 1.00E+12 1.00E+13 1.00E+14 1.00E+15 1.00E+16
 4.98E+00 7.47E+00 1.25E+01 2.49E+01 4.98E+01 1.25E+02 2.49E+02 3.74E+02
 4.98E+02 7.47E+02 1.25E+03 2.49E+03 4.98E+03 7.47E+03
 1.18E-12 2.38E-12 9.97E-12 3.93E-11 6.78E-11 8.30E-11 8.36E-11 8.16E-11
 7.95E-11 7.57E-11 7.01E-11 6.15E-11 5.25E-11 4.72E-11
 1.24E-12 2.42E-12 7.12E-12 1.26E-11 1.36E-11 1.36E-11 1.36E-11 1.36E-11
 1.37E-11 1.37E-11 1.38E-11 1.38E-11 1.37E-11 1.35E-11
 7.09E-13 9.87E-13 1.26E-12 1.27E-12 1.23E-12 1.20E-12 1.20E-12 1.20E-12
 1.20E-12 1.21E-12 1.22E-12 1.23E-12 1.25E-12 1.26E-12
 1.04E-13 1.17E-13 1.22E-13 1.22E-13 1.19E-13 1.16E-13 1.16E-13 1.16E-13
 1.16E-13 1.16E-13 1.17E-13 1.17E-13 1.18E-13 1.18E-13
 1.04E-14 1.15E-14 1.21E-14 1.22E-14 1.19E-14 1.16E-14 1.15E-14 1.15E-14
 1.15E-14 1.16E-14 1.16E-14 1.17E-14 1.17E-14 1.17E-14
 1.02E-15 1.15E-15 1.21E-15 1.22E-15 1.19E-15 1.16E-15 1.15E-15 1.15E-15
 1.15E-15 1.15E-15 1.16E-15 1.16E-15 1.17E-15 1.17E-15
 1.01E-16 1.15E-16 1.21E-16 1.21E-16 1.18E-16 1.15E-16 1.14E-16 1.14E-16
 1.15E-16 1.15E-16 1.15E-16 1.16E-16 1.17E-16 1.17E-16
  4614.25    7  14 /pl=01:ss=16:pb= 1:sz=16/type=excit/ispb = t/isel =   50
 1.00E+10 1.00E+11 1.00E+12 1.00E+13 1.00E+14 1.00E+15 1.00E+16
 4.98E+00 7.47E+00 1.25E+01 2.49E+01 4.98E+01 1.25E+02 2.49E+02 3.74E+02
 4.98E+02 7.47E+02 1.25E+03 2.49E+03 4.98E+03 7.47E+03
 5.09E-12 7.38E-12 1.58E-11 4.79E-11 8.17E-11 1.01E-10 1.01E-10 9.81E-11
 9.52E-11 9.02E-11 8.27E-11 7.16E-11 6.04E-11 5.39E-11
 4.33E-12 6.03E-12 1.07E-11 1.74E-11 1.92E-11 1.94E-11 1.94E-11 1.94E-11
 1.94E-11 1.94E-11 1.93E-11 1.91E-11 1.87E-11 1.83E-11
 1.57E-12 1.84E-12 1.95E-12 1.91E-12 1.86E-12 1.82E-12 1.81E-12 1.82E-12
 1.82E-12 1.83E-12 1.84E-12 1.86E-12 1.88E-12 1.89E-12
 1.83E-13 1.95E-13 1.90E-13 1.87E-13 1.82E-13 1.77E-13 1.76E-13 1.76E-13
 1.76E-13 1.77E-13 1.77E-13 1.78E-13 1.79E-13 1.80E-13
 1.76E-14 1.88E-14 1.90E-14 1.86E-14 1.81E-14 1.76E-14 1.75E-14 1.75E-14
 1.75E-14 1.76E-14 1.76E-14 1.77E-14 1.78E-14 1.78E-14
 1.71E-15 1.87E-15 1.90E-15 1.86E-15 1.81E-15 1.76E-15 1.75E-15 1.75E-15
 1.75E-15 1.76E-15 1.76E-15 1.77E-15 1.78E-15 1.78E-15
 1.70E-16 1.87E-16 1.90E-16 1.86E-16 1.80E-16 1.75E-16 1.74E-16 1.74E-16
 1.74E-16 1.75E-16 1.76E-16 1.76E-16 1.77E-16 1.78E-16
c-------------------------------------------------------------------------------
 
C  root partition information
C  ==========================
C
C  nuclear charge : 74
C  ion charge+1   : 17
C
C  population calculation information
C  ----------------------------------
C
C  population processing code: adas810
C
C  adf04 source file    : adf04_copmm#74_ls_40#w16.dat
C  adf18/a17_p208 file  : NULL
C
C  meta. ion. coeff. selector  : 
 
C  options  : lnorm =T  lpsel =F  lzsel =T  liosel=F
C           : lhsel =F  lrsel =F  lisel =F  lnsel =F
 
C  energy levels
C  -------------
C
C   lv      configuration    (2S+1)L(w-1/2)      energy (cm^-1)
C  ---   ------------------- --------------      --------------
c    1   60961A51B             (5) 6( 32.0)             0.0
c    2   60961A51B             (3) 6( 19.0)         21949.0
c    3   60961A51B             (5) 0(  2.0)         22587.0
c    4   60961A51B             (5) 3( 17.0)         23048.0
c    5   60961A51B             (3) 5( 16.0)         26507.0
c    6   60961A51B             (3) 0(  1.0)         40353.0
c    7   60961A51B             (1) 2(  2.0)         43074.0
c    8   60961A51B             (5) 4( 22.0)         44720.0
c    9   60961A51B             (3) 7( 22.0)         45973.0
c   10   60961A51B             (3) 3( 10.0)         48454.0
c   11   60961A51B             (3) 4( 13.0)         50522.0
c   12   60961A51B             (1) 4(  4.0)         53708.0
c   13   60961A51B             (1) 7(  7.0)         57591.3
c   14   60962A                (3) 5( 16.0)         59462.6
c   15   60961A51B             (3) 2(  7.0)         63771.5
c   16   60961A51B             (5) 2( 12.0)         63986.1
c   17   60961A51B             (3) 4( 13.0)         64849.4
c   18   60962A                (3) 3( 10.0)         66766.2
c   19   60961A51B             (3) 1(  4.0)         68066.2
c   20   60961A51B             (1) 5(  5.0)         68978.3
c   21   60961A51B             (3) 6( 19.0)         70199.8
c   22   60961A51B             (3) 8( 25.0)         73140.0
c   23   60961A51B             (1) 6(  6.0)         78259.0
c   24   60961A51B             (1) 2(  2.0)         78966.0
c   25   60961A51B             (1) 1(  1.0)         79631.0
c   26   60961A51B             (3) 5( 16.0)         86157.0
c   27   60961A51B             (1) 8(  8.0)         87680.0
c   28   60961A51B             (3) 2(  7.0)         87792.0
c   29   60962A                (1) 4(  4.0)         87823.0
c   30   60961A51B             (1) 5(  5.0)         94492.0
c   31   60961A51B             (3) 2(  7.0)         95369.0
c   32   60962A                (1) 2(  2.0)         98429.0
c   33   60961A51B             (3) 3( 10.0)        101213.0
c   34   60962A                (1) 6(  6.0)        108457.0
c   35   60962A                (3) 1(  4.0)        116265.0
c   36   60961A51B             (3) 4( 13.0)        118439.0
c   37   60961A51B             (1) 3(  3.0)        119029.0
c   38   60961A51B             (1) 4(  4.0)        130329.0
c   39   60961A51B             (3) 3( 10.0)        167556.0
c   40   60961A51B             (1) 3(  3.0)        179506.0
c   41   60962A                (1) 0(  0.0)        180526.0
c   42   60961A51C             (1) 5(  5.0)        341896.0
c   43   60961A51C             (1) 1(  1.0)        350706.0
c   44   60961A51C             (1) 6(  6.0)        351136.0
c   45   60961A51C             (1) 3(  3.0)        352406.0
c   46   60961A51C             (5) 7( 37.0)        360846.0
c   47   60961A51C             (5) 5( 27.0)        361316.0
c   48   60961A51C             (5) 3( 17.0)        362366.0
c   49   60961A51C             (3) 4( 13.0)        366396.0
c   50   60961A51C             (1) 1(  1.0)        370036.0
c   51   60961A51C             (5) 1(  7.0)        379296.0
c   52   60961A51C             (1) 4(  4.0)        379326.0
c   53   60961A51C             (3) 7( 22.0)        383096.0
c   54   60961A51C             (3) 6( 19.0)        383786.0
c   55   60961A51C             (1) 6(  6.0)        385356.0
c   56   60961A51C             (3) 8( 25.0)        385696.0
c   57   60961A51C             (3) 1(  4.0)        389896.0
c   58   60961A51C             (5) 4( 22.0)        392906.0
c   59   60961A51C             (3) 4( 13.0)        394016.0
c   60   60961A51C             (5) 6( 32.0)        395826.0
c   61   60961A51C             (3) 3( 10.0)        401676.0
c   62   60961A51C             (3) 7( 22.0)        409166.0
c   63   60961A51C             (5) 5( 27.0)        410356.0
c   64   60961A51C             (3) 9( 28.0)        410556.0
c   65   60961A51C             (3) 7( 22.0)        412806.0
c   66   60961A51C             (3) 6( 19.0)        418806.0
c   67   60961A51C             (3) 1(  4.0)        422146.0
c   68   60961A51C             (3) 2(  7.0)        424016.0
c   69   60961A51C             (3) 1(  4.0)        424116.0
c   70   60961A51C             (5) 1(  7.0)        424336.0
c   71   60961A51C             (3) 5( 16.0)        425436.0
c   72   60961A51C             (3) 5( 16.0)        426426.0
c   73   60961A51C             (3) 3( 10.0)        426716.0
c   74   60961A51C             (5) 3( 17.0)        428926.0
c   75   60961A51C             (5) 4( 22.0)        432056.0
c   76   60961A51C             (3) 6( 19.0)        434446.0
c   77   60961A51C             (3) 5( 16.0)        436316.0
c   78   60961A51C             (3) 3( 10.0)        441306.0
c   79   60961A51C             (3) 5( 16.0)        441426.0
c   80   60961A51C             (3) 5( 16.0)        443846.0
c   81   60961A51C             (3) 3( 10.0)        445396.0
c   82   60961A51C             (5) 3( 17.0)        446416.0
c   83   60961A51C             (3) 4( 13.0)        447406.0
c   84   60961A51C             (3) 1(  4.0)        448546.0
c   85   60961A51C             (5) 2( 12.0)        449716.0
c   86   60961A51C             (3) 2(  7.0)        451536.0
c   87   60961A51C             (3) 0(  1.0)        451916.0
c   88   60961A51C             (1) 2(  2.0)        457646.0
c   89   60961A51C             (3) 3( 10.0)        457826.0
c   90   60961A51C             (3) 6( 19.0)        460556.0
c   91   60961A51C             (3) 4( 13.0)        461746.0
c   92   60961A51C             (3) 4( 13.0)        462696.0
c   93   60961A51C             (1) 4(  4.0)        464596.0
c   94   60961A51C             (3) 2(  7.0)        464826.0
c   95   60961A51C             (1) 4(  4.0)        467696.0
c   96   60961A51C             (3) 2(  7.0)        468976.0
c   97   60961A51C             (1) 7(  7.0)        469236.0
c   98   60961A51C             (3) 2(  7.0)        469726.0
c   99   60961A51C             (1) 5(  5.0)        470896.0
c  100   60961A51C             (1) 8(  8.0)        471416.0
c  101   60961A51C             (1) 6(  6.0)        471976.0
c  102   60961A51C             (3) 6( 19.0)        472796.0
c  103   60961A51C             (1) 4(  4.0)        473986.0
c  104   60961A51C             (3) 1(  4.0)        476266.0
c  105   60961A51C             (3) 4( 13.0)        479936.0
c  106   60961A51C             (3) 7( 22.0)        480076.0
c  107   60961A51C             (3) 3( 10.0)        481526.0
c  108   60961A51C             (1) 7(  7.0)        485926.0
c  109   60961A51C             (3) 3( 10.0)        488266.0
c  110   60961A51C             (1) 5(  5.0)        489096.0
c  111   60961A51C             (1) 2(  2.0)        491216.0
c  112   60961A51C             (1) 1(  1.0)        491806.0
c  113   60961A51C             (1) 2(  2.0)        493046.0
c  114   60961A51C             (1) 7(  7.0)        493066.0
c  115   60961A51C             (1) 9(  9.0)        498626.0
c  116   60961A51C             (3) 3( 10.0)        500776.0
c  117   60961A51C             (1) 5(  5.0)        501326.0
c  118   60961A51C             (5) 2( 12.0)        504466.0
c  119   60961A51C             (3) 5( 16.0)        507946.0
c  120   60961A51C             (3) 5( 16.0)        508706.0
c  121   60961A51C             (1) 3(  3.0)        508716.0
c  122   60961A51C             (3) 8( 25.0)        510846.0
c  123   60961A51C             (3) 2(  7.0)        513886.0
c  124   60961A51C             (3) 4( 13.0)        514906.0
c  125   60961A51C             (1) 5(  5.0)        522456.0
c  126   60961A51C             (1) 6(  6.0)        522516.0
c  127   60961A51C             (1) 8(  8.0)        522856.0
c  128   60961A51C             (1) 3(  3.0)        525726.0
c  129   60961A51C             (3) 2(  7.0)        526676.0
c  130   60961A51C             (1) 0(  0.0)        527856.0
c  131   60961A51C             (1) 2(  2.0)        529996.0
c  132   60961A51C             (1) 4(  4.0)        539376.0
c  133   60961A51C             (1) 3(  3.0)        549636.0
c  134   60961A51C             (1) 3(  3.0)        550586.0
c  135   60961A51C             (1) 2(  2.0)        553246.0
c  136   60961A51C             (3) 4( 13.0)        555916.0
c  137   60961A51C             (1) 4(  4.0)        563856.0
c  138   60961A51C             (3) 3( 10.0)        609426.0
c  139   60961A51C             (1) 3(  3.0)        611536.0
c  140   60961A51D             (5) 4( 22.0)        886246.0
c  141   60961A51D             (5) 5( 27.0)        888696.0
c  142   60961A51D             (5) 8( 42.0)        891736.0
c  143   60961A51D             (5) 7( 37.0)        897436.0
c  144   60961A51D             (3) 8( 25.0)        897596.0
c  145   60961A51D             (5) 6( 32.0)        900096.0
c  146   60961A51D             (3) 7( 22.0)        901216.0
c  147   60961A51D             (5) 3( 17.0)        906506.0
c  148   60961A51D             (5) 2( 12.0)        909856.0
c  149   60961A51D             (5) 2( 12.0)        910376.0
c  150   60961A51D             (3) 4( 13.0)        912786.0
c  151   60961A51D             (5) 4( 22.0)        913396.0
c  152   60961A51D             (3) 6( 19.0)        914556.0
c  153   60961A51D             (1) 3(  3.0)        914616.0
c  154   60961A51D             (1) 5(  5.0)        914836.0
c  155   60961A51D             (3) 6( 19.0)        917666.0
c  156   60961A51D             (1) 6(  6.0)        918456.0
c  157   60961A51D             (3) 4( 13.0)        920236.0
c  158   60961A51D             (1) 7(  7.0)        921336.0
c  159   60961A51D             (1) 2(  2.0)        923146.0
c  160   60961A51D             (3) 5( 16.0)        923646.0
c  161   60961A51D             (3) 7( 22.0)        925306.0
c  162   60961A51D             (3) 9( 28.0)        925366.0
c  163   60961A51D             (5) 0(  2.0)        925806.0
c  164   60961A51D             (3) 5( 16.0)        927416.0
c  165   60961A51D             (3) 4( 13.0)        928096.0
c  166   60961A51D             (5) 4( 22.0)        928106.0
c  167   60961A51D             (1) 4(  4.0)        928886.0
c  168   60961A51D             (1) 8(  8.0)        930206.0
c  169   60961A51D             (3) 3( 10.0)        932496.0
c  170   60961A51D             (3) 5( 16.0)        932606.0
c  171   60961A51D             (1) 6(  6.0)        932886.0
c  172   60961A51D             (3) 2(  7.0)        934336.0
c  173   60961A51D             (5) 1(  7.0)        934586.0
c  174   60961A51D             (5) 6( 32.0)        935886.0
c  175   60961A51D             (1) 0(  0.0)        936336.0
c  176   60961A51D             (3) 1(  4.0)        936746.0
c  177   60961A51D             (3) 0(  1.0)        937126.0
c  178   60961A51D             (1) 1(  1.0)        937266.0
c  179   60961A51D             (5) 5( 27.0)        937456.0
c  180   60961A51D             (3) 3( 10.0)        940296.0
c  181   60961A51D             (3) 3( 10.0)        941096.0
c  182   60961A51D             (3) 5( 16.0)        941786.0
c  183   60961A51D             (3) 3( 10.0)        942656.0
c  184   60961A51D             (5) 2( 12.0)        943666.0
c  185   60961A51D             (3) 2(  7.0)        944076.0
c  186   60961A51D             (3) 6( 19.0)        944196.0
c  187   60961A51D             (1) 4(  4.0)        944256.0
c  188   60961A51D             (3) 4( 13.0)        944826.0
c  189   60961A51D             (1) 5(  5.0)        945256.0
c  190   60961A51D             (3) 8( 25.0)        946546.0
c  191   60961A51D             (3) 2(  7.0)        946746.0
c  192   60961A51D             (3) 1(  4.0)        946746.0
c  193   60961A51D             (1) 6(  6.0)        948456.0
c  194   60961A51D             (3)10( 31.0)        949546.0
c  195   60961A51D             (5) 5( 27.0)        949806.0
c  196   60961A51D             (1) 9(  9.0)        950226.0
c  197   60961A51D             (5) 3( 17.0)        951346.0
c  198   60961A51D             (1) 5(  5.0)        951386.0
c  199   60961A51D             (3) 7( 22.0)        951446.0
c  200   60961A51D             (3) 1(  4.0)        952806.0
c  201   60961A51D             (5) 1(  7.0)        952866.0
c  202   60961A51D             (1) 2(  2.0)        953496.0
c  203   60961A51D             (3) 2(  7.0)        953876.0
c  204   60961A51D             (3) 4( 13.0)        953936.0
c  205   60961A51D             (3) 8( 25.0)        954076.0
c  206   60961A51D             (1) 3(  3.0)        955176.0
c  207   60961A51D             (3) 5( 16.0)        955186.0
c  208   60961A51D             (3) 4( 13.0)        955236.0
c  209   60961A51D             (3) 3( 10.0)        955286.0
c  210   60961A51D             (3) 5( 16.0)        955826.0
c  211   60961A51D             (3) 6( 19.0)        957626.0
c  212   60961A51D             (3) 6( 19.0)        958796.0
c  213   60961A51D             (5) 4( 22.0)        959796.0
c  214   60961A51D             (3) 2(  7.0)        960006.0
c  215   60961A51D             (3) 6( 19.0)        960666.0
c  216   60961A51D             (3) 2(  7.0)        961186.0
c  217   60961A51D             (3) 4( 13.0)        961696.0
c  218   60961A51D             (3) 2(  7.0)        961976.0
c  219   60961A51D             (1) 7(  7.0)        962016.0
c  220   60961A51D             (1) 4(  4.0)        962306.0
c  221   60961A51D             (3) 4( 13.0)        962566.0
c  222   60961A51D             (3) 3( 10.0)        963896.0
c  223   60961A51D             (1) 7(  7.0)        964346.0
c  224   60961A51D             (3) 6( 19.0)        964786.0
c  225   60961A51D             (1) 8(  8.0)        966156.0
c  226   60961A51D             (3) 6( 19.0)        966486.0
c  227   60961A51D             (3) 7( 22.0)        967256.0
c  228   60961A51D             (3) 7( 22.0)        967536.0
c  229   60961A51D             (3) 9( 28.0)        968736.0
c  230   60961A51D             (3) 5( 16.0)        968836.0
c  231   60961A51D             (1) 1(  1.0)        968956.0
c  232   60961A51D             (1) 7(  7.0)        969596.0
c  233   60961A51D             (1) 0(  0.0)        970686.0
c  234   60961A51D             (1) 6(  6.0)        971256.0
c  235   60961A51D             (3) 5( 16.0)        971716.0
c  236   60961A51D             (3) 4( 13.0)        972096.0
c  237   60961A51D             (1)10( 10.0)        973356.0
c  238   60961A51D             (3) 1(  4.0)        974096.0
c  239   60961A51D             (3) 3( 10.0)        974166.0
c  240   60961A51D             (5) 2( 12.0)        975536.0
c  241   60961A51D             (1) 3(  3.0)        976036.0
c  242   60961A51D             (1) 4(  4.0)        976406.0
c  243   60961A51D             (1) 3(  3.0)        977906.0
c  244   60961A51D             (3) 7( 22.0)        978036.0
c  245   60961A51D             (5) 3( 17.0)        978686.0
c  246   60961A51D             (1) 2(  2.0)        980086.0
c  247   60961A51D             (1) 8(  8.0)        981446.0
c  248   60961A51D             (3) 2(  7.0)        983986.0
c  249   60961A51D             (3) 0(  1.0)        984836.0
c  250   60961A51D             (1) 7(  7.0)        985666.0
c  251   60961A51D             (3) 1(  4.0)        986816.0
c  252   60961A51D             (3) 5( 16.0)        987256.0
c  253   60961A51D             (3) 3( 10.0)        987976.0
c  254   60961A51D             (3) 1(  4.0)        989486.0
c  255   60961A51D             (1) 5(  5.0)        989546.0
c  256   60961A51D             (3) 3( 10.0)        990646.0
c  257   60961A51D             (3) 3( 10.0)        990796.0
c  258   60961A51D             (3) 6( 19.0)        991266.0
c  259   60961A51D             (3) 0(  1.0)        992836.0
c  260   60961A51D             (3) 4( 13.0)        992986.0
c  261   60961A51D             (1) 4(  4.0)        993096.0
c  262   60961A51D             (1) 6(  6.0)        993176.0
c  263   60961A51D             (1) 9(  9.0)        993986.0
c  264   60961A51D             (3) 8( 25.0)        994506.0
c  265   60961A51D             (3) 4( 13.0)        995226.0
c  266   60961A51D             (1) 3(  3.0)        995586.0
c  267   60961A51D             (1) 2(  2.0)        995736.0
c  268   60961A51D             (1) 6(  6.0)        995756.0
c  269   60961A51D             (1) 2(  2.0)        997026.0
c  270   60961A51D             (1) 1(  1.0)        997766.0
c  271   60961A51D             (1) 4(  4.0)        998006.0
c  272   60961A51D             (1) 5(  5.0)       1000176.0
c  273   60961A51D             (1) 4(  4.0)       1000606.0
c  274   60961A51D             (3) 5( 16.0)       1003856.0
c  275   60961A51D             (1) 4(  4.0)       1005656.0
c  276   60961A51D             (3) 2(  7.0)       1008006.0
c  277   60961A51D             (1) 2(  2.0)       1008906.0
c  278   60961A51D             (1) 1(  1.0)       1009476.0
c  279   60961A51D             (3) 2(  7.0)       1014346.0
c  280   60961A51D             (3) 4( 13.0)       1017666.0
c  281   60961A51D             (1) 3(  3.0)       1018156.0
c  282   60961A51D             (1) 6(  6.0)       1018686.0
c  283   60961A51D             (1) 5(  5.0)       1021316.0
c  284   60961A51D             (1) 3(  3.0)       1024936.0
c  285   60961A51D             (1) 3(  3.0)       1031816.0
c  286   60961A51D             (3) 3( 10.0)       1031976.0
c  287   60961A51D             (1) 4(  4.0)       1033246.0
c  288   60961A51D             (1) 5(  5.0)       1037576.0
c  289   60961A51D             (3) 1(  4.0)       1043526.0
c  290   60961A51D             (3) 5( 16.0)       1056646.0
c  291   60961A51D             (3) 2(  7.0)       1063876.0
c  292   60961A51D             (1) 5(  5.0)       1066276.0
c  293   60961A51D             (3) 3( 10.0)       1075276.0
c  294   60961A51D             (1) 2(  2.0)       1075376.0
c  295   60961A51D             (1) 1(  1.0)       1075876.0
c  296   60961A51D             (3) 4( 13.0)       1077176.0
c  297   60961A51D             (1) 3(  3.0)       1086176.0
 
 
 
c-------------------------------------------------------------------------------
 
C  superstage partition information
C  ================================
C
C  element symbol   : W
C  parent template  : 
C  partition level  :  1
C  superstage label : 16
C
C  tabulation       : photon emissivity coefft (te,ne)
C  units            : ph. emis coef(cm^3 s^-1); te (ev); ne (cm^-3)
C
C  photon emissivity atomic transitions
C  ------------------------------------
C  
C   isel  wvlen(A)            transition                type  ispb nspb
C                                                             ispp nspp sz    tg pr wr
C  ----- ---------- ----------------------------------- ----- ---- ---- --    -- -- --
C      1   188.363  142(5)8( 42.0)- 46(5)7( 37.0)       excit   1    1  16  8829 39  1
C      2   229.192   77(3)5( 16.0)-  1(5)6( 32.0)       excit   1    1  16    66  9  2
C      3   230.178   76(3)6( 19.0)-  1(5)6( 32.0)       excit   1    1  16    65 11  3
C      4   234.374   85(5)2( 12.0)-  4(5)3( 17.0)       excit   1    1  16   762 17  4
C      5   241.332   77(3)5( 16.0)-  2(3)6( 19.0)       excit   1    1  16   323 34  5
C      6   241.974   77(3)5( 16.0)-  4(5)3( 17.0)       excit   1    1  16   754 44  6
C      7   242.426   76(3)6( 19.0)-  2(3)6( 19.0)       excit   1    1  16   322 20  7
C      8   243.074   76(3)6( 19.0)-  4(5)3( 17.0)       excit   1    1  16   753 22  8
C      9   244.016   77(3)5( 16.0)-  5(3)5( 16.0)       excit   1    1  16  1019 30  9
C     10   245.135   76(3)6( 19.0)-  5(3)5( 16.0)       excit   1    1  16  1018 26 10
C     11   252.636   60(5)6( 32.0)-  1(5)6( 32.0)       excit   1    1  16    51  3 11
C     12   254.514   58(5)4( 22.0)-  1(5)6( 32.0)       excit   1    1  16    49 25 12
C     13   258.174   75(5)4( 22.0)-  8(5)4( 22.0)       excit   1    1  16  1607 45 13
C     14   261.031   53(3)7( 22.0)-  1(5)6( 32.0)       excit   1    1  16    45 15 14
C     15   267.468   60(5)6( 32.0)-  2(3)6( 19.0)       excit   1    1  16   310 10 15
C     16   268.217   66(3)6( 19.0)-  9(3)7( 22.0)       excit   1    1  16  1858 49 16
C     17   269.565   59(3)4( 13.0)-  4(5)3( 17.0)       excit   1    1  16   737 32 17
C     18   270.374   58(5)4( 22.0)-  4(5)3( 17.0)       excit   1    1  16   736 27 18
C     19   272.102   59(3)4( 13.0)-  5(3)5( 16.0)       excit   1    1  16  1004 33 19
C     20   272.927   58(5)4( 22.0)-  5(3)5( 16.0)       excit   1    1  16  1003 14 20
C     21   272.929   49(3)4( 13.0)-  1(5)6( 32.0)       excit   1    1  16    42 46 21
C     22   273.496   63(5)5( 27.0)-  8(5)4( 22.0)       excit   1    1  16  1596 29 22
C     23   276.368   54(3)6( 19.0)-  2(3)6( 19.0)       excit   1    1  16   305 16 23
C     24   276.766   47(5)5( 27.0)-  1(5)6( 32.0)       excit   1    1  16    40  1 24
C     25   276.896   53(3)7( 22.0)-  2(3)6( 19.0)       excit   1    1  16   304  7 25
C     26   277.127   46(5)7( 37.0)-  1(5)6( 32.0)       excit   1    1  16    39  2 26
C     27   279.893   54(3)6( 19.0)-  5(3)5( 16.0)       excit   1    1  16  1000 41 27
C     28   280.341   51(5)1(  7.0)-  3(5)0(  2.0)       excit   1    1  16   528  8 28
C     29   280.435   53(3)7( 22.0)-  5(3)5( 16.0)       excit   1    1  16   999 13 29
C     30   283.108   61(3)3( 10.0)- 10(3)3( 10.0)       excit   1    1  16  2044 42 30
C     31   294.357   56(3)8( 25.0)-  9(3)7( 22.0)       excit   1    1  16  1850 50 31
C     32   294.666   47(5)5( 27.0)-  2(3)6( 19.0)       excit   1    1  16   300 31 32
C     33   294.709   48(5)3( 17.0)-  4(5)3( 17.0)       excit   1    1  16   727 12 33
C     34   295.075   46(5)7( 37.0)-  2(3)6( 19.0)       excit   1    1  16   299  6 34
C     35   295.624   47(5)5( 27.0)-  4(5)3( 17.0)       excit   1    1  16   726 37 35
C     36   296.035   46(5)7( 37.0)-  4(5)3( 17.0)       excit   1    1  16   725 36 36
C     37   299.098   46(5)7( 37.0)-  5(3)5( 16.0)       excit   1    1  16   993 40 37
C     38   314.523   49(3)4( 13.0)- 10(3)3( 10.0)       excit   1    1  16  2035 38 38
C     39   314.816   48(5)3( 17.0)-  8(5)4( 22.0)       excit   1    1  16  1581 48 39
C     40   2175.19    9(3)7( 22.0)-  1(5)6( 32.0)       excit   1    1  16     7 23 40
C     41   2236.14    8(5)4( 22.0)-  1(5)6( 32.0)       excit   1    1  16     6 21 41
C     42   3499.81   11(3)4( 13.0)-  2(3)6( 19.0)       excit   1    1  16   272 28 42
C     43   3772.59    5(3)5( 16.0)-  1(5)6( 32.0)       excit   1    1  16     4  5 43
C     44   3936.08   10(3)3( 10.0)-  4(5)3( 17.0)       excit   1    1  16   690 19 44
C     45   4164.06   11(3)4( 13.0)-  5(3)5( 16.0)       excit   1    1  16   963 47 45
C     46   4338.77    4(5)3( 17.0)-  1(5)6( 32.0)       excit   1    1  16     3 24 46
C     47   4391.55    8(5)4( 22.0)-  2(3)6( 19.0)       excit   1    1  16   269 18 47
C     48   4556.02    2(3)6( 19.0)-  1(5)6( 32.0)       excit   1    1  16     1  4 48
C     49   4556.43   10(3)3( 10.0)-  5(3)5( 16.0)       excit   1    1  16   962 43 49
C     50   4614.25    8(5)4( 22.0)-  4(5)3( 17.0)       excit   1    1  16   688 35 50
c-------------------------------------------------------------------------------
                                                                                
C  code     : adas810
C  producer : Adam Foster
C  date     : 15/05/09
                                                                                
c-------------------------------------------------------------------------------

C-----------------------------------------------------------------------
C                               OPEN-ADAS
C                               +++++++++
C
C This file has been downloaded from OPEN-ADAS (http://open.adas.ac.uk)
C on 26-Mar-2025.
C
C TERMS AND CONDITIONS
C --------------------
C
C The user of the OPEN-ADAS system and data (hereinafter "the User")
C accepts the following terms and conditions:
C
C   1. The University of Strathclyde uses all reasonable endeavours to
C      ensure the accuracy of the data provided and any information
C      given, but the University makes no warranty, expressed or implied
C      as to its accuracy, integrity, fitness for purpose and shall not
C      be responsible for the use to which the data is put by the User
C      and/or any consequences arising out of any inaccuracies or
C      omissions.
C
C   2. Any downloaded OPEN-ADAS file is made available for the
C      personal use of the User only.  It must not be used for any
C      commercial application, incorporated into any web site or in
C      any form re-distributed without express prior written permission
C      from the ADAS Project. In particular, but not by way of
C      limitation, it must not be:
C        *  inserted into a managed database structure,
C        *  redistributed along with a modelling or analysis code,
C        *  made available on a public website.
C
C Permission for OPEN-ADAS data incorporation in non-commercial
C code/system development for scientific advance will not be
C unreasonably withheld, but will be subject to written agreement
C on a case by case basis.
C
C The User will indemnify the University of Strathclyde and keep it
C fully and effectively indemnified against each and every claim made
C against the University as a result of the User's use of the data.
C
C-----------------------------------------------------------------------
