   50    /W :54 photon emissivity coefficients/
--------------------------------------------------------------------------------
    1    1    1    1    1    1    1    1    1    1    1    1    1    1
    1    1    1    1    1    1    1    1    1    1    1    1    1    1
    1    1    1    1    1    1    1    1    1    1    1    1    1    1
    1    1    1    1    1    1    1    1    1    1    1    1    1    1
    1    1    1    1    1    1    1    1    1    1    1    1    1    1
    1    1    1    1    1
--------------------------------------------------------------------------------
//#01/p00/ 00/p01/ 01/p02/ 02/p03/ 03/p04/ 04/p05/ 05/p06/ 06/p07/ 07/p08/ 08/  
      p09/ 09/p10/ 10/p11/ 11/p12/ 12/p13/ 13/p14/ 14/p15/ 15/p16/ 16/p17/ 17/  
      p18/ 18/p19/ 19/p20/ 20/p21/ 21/p22/ 22/p23/ 23/p24/ 24/p25/ 25/p26/ 26/  
      p27/ 27/p28/ 28/p29/ 29/p30/ 30/p31/ 31/p32/ 32/p33/ 33/p34/ 34/p35/ 35/  
      p36/ 36/p37/ 37/p38/ 38/p39/ 39/p40/ 40/p41/ 41/p42/ 42/p43/ 43/p44/ 44/  
      p45/ 45/p46/ 46/p47/ 47/p48/ 48/p49/ 49/p50/ 50/p51/ 51/p52/ 52/p53/ 53/  
      p54/ 54/p55/ 55/p56/ 56/p57/ 57/p58/ 58/p59/ 59/p60/ 60/p61/ 61/p62/ 62/  
      p63/ 63/p64/ 64/p65/ 65/p66/ 66/p67/ 67/p68/ 68/p69/ 69/p70/ 70/p71/ 71/  
      p72/ 72/p73/ 73/p74/ 74/                                                  
--------------------------------------------------------------------------------
  4.86685    7  14 /pl=01:ss=54:pb= 1:sz=54/type=excit/ispb = t/isel =    1
 1.00E+10 1.00E+11 1.00E+12 1.00E+13 1.00E+14 1.00E+15 1.00E+16
 5.21E+01 7.82E+01 1.30E+02 2.61E+02 5.21E+02 1.30E+03 2.61E+03 3.91E+03
 5.21E+03 7.82E+03 1.30E+04 2.61E+04 5.21E+04 7.82E+04
 5.44E-32 5.41E-25 1.96E-19 2.50E-15 2.43E-13 3.04E-12 6.26E-12 7.66E-12
 8.38E-12 9.02E-12 9.34E-12 9.10E-12 8.40E-12 7.84E-12
 5.45E-32 5.42E-25 1.96E-19 2.50E-15 2.43E-13 3.04E-12 6.26E-12 7.67E-12
 8.38E-12 9.02E-12 9.34E-12 9.10E-12 8.40E-12 7.84E-12
 5.46E-32 5.42E-25 1.96E-19 2.50E-15 2.43E-13 3.04E-12 6.25E-12 7.66E-12
 8.37E-12 9.02E-12 9.33E-12 9.10E-12 8.40E-12 7.83E-12
 5.45E-32 5.42E-25 1.96E-19 2.49E-15 2.42E-13 3.03E-12 6.22E-12 7.62E-12
 8.33E-12 8.98E-12 9.29E-12 9.07E-12 8.37E-12 7.81E-12
 5.45E-32 5.41E-25 1.95E-19 2.46E-15 2.37E-13 2.96E-12 6.08E-12 7.45E-12
 8.15E-12 8.79E-12 9.11E-12 8.91E-12 8.25E-12 7.70E-12
 5.41E-32 5.36E-25 1.90E-19 2.30E-15 2.12E-13 2.59E-12 5.32E-12 6.54E-12
 7.19E-12 7.80E-12 8.17E-12 8.10E-12 7.60E-12 7.16E-12
 5.13E-32 5.00E-25 1.62E-19 1.66E-15 1.45E-13 1.76E-12 3.63E-12 4.48E-12
 4.93E-12 5.38E-12 5.67E-12 5.71E-12 5.46E-12 5.21E-12
  4.90417    7  14 /pl=01:ss=54:pb= 1:sz=54/type=excit/ispb = t/isel =    2
 1.00E+10 1.00E+11 1.00E+12 1.00E+13 1.00E+14 1.00E+15 1.00E+16
 5.21E+01 7.82E+01 1.30E+02 2.61E+02 5.21E+02 1.30E+03 2.61E+03 3.91E+03
 5.21E+03 7.82E+03 1.30E+04 2.61E+04 5.21E+04 7.82E+04
 1.81E-32 1.63E-25 5.44E-20 6.55E-16 6.26E-14 8.10E-13 1.71E-12 2.11E-12
 2.31E-12 2.49E-12 2.56E-12 2.48E-12 2.26E-12 2.11E-12
 1.81E-32 1.64E-25 5.44E-20 6.55E-16 6.26E-14 8.10E-13 1.71E-12 2.11E-12
 2.31E-12 2.49E-12 2.56E-12 2.48E-12 2.26E-12 2.11E-12
 1.81E-32 1.64E-25 5.44E-20 6.55E-16 6.26E-14 8.10E-13 1.71E-12 2.11E-12
 2.31E-12 2.49E-12 2.57E-12 2.48E-12 2.26E-12 2.11E-12
 1.81E-32 1.64E-25 5.45E-20 6.57E-16 6.30E-14 8.16E-13 1.72E-12 2.12E-12
 2.33E-12 2.50E-12 2.58E-12 2.49E-12 2.27E-12 2.12E-12
 1.82E-32 1.64E-25 5.51E-20 6.84E-16 6.77E-14 8.92E-13 1.88E-12 2.32E-12
 2.53E-12 2.71E-12 2.77E-12 2.64E-12 2.39E-12 2.21E-12
 1.89E-32 1.72E-25 6.20E-20 9.39E-16 1.06E-13 1.48E-12 3.11E-12 3.80E-12
 4.12E-12 4.35E-12 4.35E-12 4.00E-12 3.46E-12 3.12E-12
 2.54E-32 2.42E-25 1.11E-19 1.93E-15 2.04E-13 2.68E-12 5.63E-12 6.93E-12
 7.59E-12 8.13E-12 8.32E-12 7.89E-12 7.02E-12 6.39E-12
  4.91550    7  14 /pl=01:ss=54:pb= 1:sz=54/type=excit/ispb = t/isel =    3
 1.00E+10 1.00E+11 1.00E+12 1.00E+13 1.00E+14 1.00E+15 1.00E+16
 5.21E+01 7.82E+01 1.30E+02 2.61E+02 5.21E+02 1.30E+03 2.61E+03 3.91E+03
 5.21E+03 7.82E+03 1.30E+04 2.61E+04 5.21E+04 7.82E+04
 1.86E-32 1.61E-25 5.23E-20 6.11E-16 5.71E-14 7.33E-13 1.55E-12 1.92E-12
 2.12E-12 2.29E-12 2.38E-12 2.33E-12 2.15E-12 2.01E-12
 1.85E-32 1.60E-25 5.23E-20 6.11E-16 5.71E-14 7.33E-13 1.55E-12 1.92E-12
 2.12E-12 2.29E-12 2.38E-12 2.33E-12 2.14E-12 2.01E-12
 1.85E-32 1.60E-25 5.23E-20 6.11E-16 5.71E-14 7.33E-13 1.55E-12 1.92E-12
 2.11E-12 2.29E-12 2.38E-12 2.33E-12 2.14E-12 2.01E-12
 1.85E-32 1.60E-25 5.23E-20 6.10E-16 5.71E-14 7.32E-13 1.54E-12 1.92E-12
 2.11E-12 2.29E-12 2.38E-12 2.33E-12 2.14E-12 2.01E-12
 1.85E-32 1.60E-25 5.23E-20 6.13E-16 5.77E-14 7.43E-13 1.57E-12 1.94E-12
 2.14E-12 2.31E-12 2.40E-12 2.35E-12 2.15E-12 2.01E-12
 1.87E-32 1.62E-25 5.36E-20 6.62E-16 6.50E-14 8.53E-13 1.80E-12 2.22E-12
 2.44E-12 2.62E-12 2.69E-12 2.60E-12 2.35E-12 2.18E-12
 2.02E-32 1.78E-25 6.37E-20 8.46E-16 8.17E-14 1.05E-12 2.22E-12 2.75E-12
 3.02E-12 3.26E-12 3.37E-12 3.27E-12 2.98E-12 2.76E-12
  4.91700    7  14 /pl=01:ss=54:pb= 1:sz=54/type=excit/ispb = t/isel =    4
 1.00E+10 1.00E+11 1.00E+12 1.00E+13 1.00E+14 1.00E+15 1.00E+16
 5.21E+01 7.82E+01 1.30E+02 2.61E+02 5.21E+02 1.30E+03 2.61E+03 3.91E+03
 5.21E+03 7.82E+03 1.30E+04 2.61E+04 5.21E+04 7.82E+04
 5.23E-32 4.14E-25 1.27E-19 1.39E-15 1.26E-13 1.57E-12 3.27E-12 4.04E-12
 4.45E-12 4.83E-12 5.03E-12 4.96E-12 4.59E-12 4.30E-12
 5.22E-32 4.13E-25 1.27E-19 1.39E-15 1.26E-13 1.57E-12 3.27E-12 4.04E-12
 4.45E-12 4.83E-12 5.03E-12 4.96E-12 4.59E-12 4.30E-12
 5.22E-32 4.13E-25 1.27E-19 1.39E-15 1.26E-13 1.57E-12 3.26E-12 4.03E-12
 4.45E-12 4.83E-12 5.03E-12 4.96E-12 4.59E-12 4.30E-12
 5.22E-32 4.13E-25 1.27E-19 1.39E-15 1.25E-13 1.56E-12 3.25E-12 4.02E-12
 4.43E-12 4.81E-12 5.01E-12 4.94E-12 4.58E-12 4.29E-12
 5.22E-32 4.13E-25 1.26E-19 1.37E-15 1.23E-13 1.53E-12 3.19E-12 3.95E-12
 4.35E-12 4.73E-12 4.93E-12 4.87E-12 4.52E-12 4.24E-12
 5.20E-32 4.11E-25 1.24E-19 1.31E-15 1.14E-13 1.38E-12 2.88E-12 3.58E-12
 3.96E-12 4.32E-12 4.54E-12 4.53E-12 4.25E-12 4.01E-12
 5.03E-32 3.94E-25 1.13E-19 1.04E-15 8.48E-14 1.02E-12 2.12E-12 2.64E-12
 2.92E-12 3.21E-12 3.39E-12 3.43E-12 3.27E-12 3.12E-12
  4.94081    7  14 /pl=01:ss=54:pb= 1:sz=54/type=excit/ispb = t/isel =    5
 1.00E+10 1.00E+11 1.00E+12 1.00E+13 1.00E+14 1.00E+15 1.00E+16
 5.21E+01 7.82E+01 1.30E+02 2.61E+02 5.21E+02 1.30E+03 2.61E+03 3.91E+03
 5.21E+03 7.82E+03 1.30E+04 2.61E+04 5.21E+04 7.82E+04
 7.10E-32 5.20E-25 1.48E-19 1.57E-15 1.38E-13 1.69E-12 3.50E-12 4.33E-12
 4.76E-12 5.17E-12 5.39E-12 5.30E-12 4.91E-12 4.60E-12
 7.08E-32 5.19E-25 1.48E-19 1.57E-15 1.38E-13 1.69E-12 3.50E-12 4.33E-12
 4.76E-12 5.17E-12 5.38E-12 5.29E-12 4.90E-12 4.60E-12
 7.08E-32 5.19E-25 1.48E-19 1.57E-15 1.38E-13 1.69E-12 3.50E-12 4.33E-12
 4.76E-12 5.16E-12 5.38E-12 5.29E-12 4.90E-12 4.60E-12
 7.08E-32 5.19E-25 1.48E-19 1.57E-15 1.37E-13 1.68E-12 3.49E-12 4.31E-12
 4.74E-12 5.14E-12 5.36E-12 5.28E-12 4.89E-12 4.58E-12
 7.07E-32 5.18E-25 1.47E-19 1.55E-15 1.36E-13 1.66E-12 3.43E-12 4.25E-12
 4.67E-12 5.07E-12 5.29E-12 5.21E-12 4.83E-12 4.54E-12
 7.06E-32 5.16E-25 1.46E-19 1.50E-15 1.28E-13 1.55E-12 3.21E-12 3.98E-12
 4.38E-12 4.77E-12 5.00E-12 4.96E-12 4.63E-12 4.36E-12
 6.93E-32 5.04E-25 1.37E-19 1.30E-15 1.05E-13 1.25E-12 2.60E-12 3.23E-12
 3.56E-12 3.89E-12 4.10E-12 4.11E-12 3.88E-12 3.69E-12
  4.95904    7  14 /pl=01:ss=54:pb= 1:sz=54/type=excit/ispb = t/isel =    6
 1.00E+10 1.00E+11 1.00E+12 1.00E+13 1.00E+14 1.00E+15 1.00E+16
 5.21E+01 7.82E+01 1.30E+02 2.61E+02 5.21E+02 1.30E+03 2.61E+03 3.91E+03
 5.21E+03 7.82E+03 1.30E+04 2.61E+04 5.21E+04 7.82E+04
 9.20E-32 6.77E-25 1.92E-19 2.05E-15 1.85E-13 2.33E-12 4.86E-12 6.01E-12
 6.55E-12 7.05E-12 7.25E-12 6.97E-12 6.31E-12 5.85E-12
 9.22E-32 6.78E-25 1.92E-19 2.05E-15 1.85E-13 2.33E-12 4.86E-12 6.01E-12
 6.55E-12 7.05E-12 7.25E-12 6.97E-12 6.31E-12 5.85E-12
 9.23E-32 6.78E-25 1.92E-19 2.05E-15 1.85E-13 2.32E-12 4.86E-12 6.01E-12
 6.54E-12 7.05E-12 7.25E-12 6.96E-12 6.31E-12 5.84E-12
 9.22E-32 6.78E-25 1.91E-19 2.04E-15 1.84E-13 2.31E-12 4.84E-12 5.98E-12
 6.51E-12 7.02E-12 7.22E-12 6.94E-12 6.29E-12 5.83E-12
 9.21E-32 6.77E-25 1.90E-19 2.02E-15 1.80E-13 2.26E-12 4.72E-12 5.84E-12
 6.37E-12 6.87E-12 7.07E-12 6.81E-12 6.19E-12 5.75E-12
 9.14E-32 6.70E-25 1.86E-19 1.88E-15 1.60E-13 1.97E-12 4.11E-12 5.11E-12
 5.59E-12 6.07E-12 6.32E-12 6.18E-12 5.69E-12 5.32E-12
 8.65E-32 6.23E-25 1.57E-19 1.33E-15 1.08E-13 1.31E-12 2.76E-12 3.44E-12
 3.77E-12 4.12E-12 4.32E-12 4.29E-12 4.03E-12 3.82E-12
  4.96652    7  14 /pl=01:ss=54:pb= 1:sz=54/type=excit/ispb = t/isel =    7
 1.00E+10 1.00E+11 1.00E+12 1.00E+13 1.00E+14 1.00E+15 1.00E+16
 5.21E+01 7.82E+01 1.30E+02 2.61E+02 5.21E+02 1.30E+03 2.61E+03 3.91E+03
 5.21E+03 7.82E+03 1.30E+04 2.61E+04 5.21E+04 7.82E+04
 2.02E-32 1.48E-25 4.21E-20 4.46E-16 3.92E-14 4.80E-13 9.95E-13 1.23E-12
 1.35E-12 1.47E-12 1.53E-12 1.50E-12 1.39E-12 1.31E-12
 2.01E-32 1.47E-25 4.20E-20 4.46E-16 3.92E-14 4.79E-13 9.95E-13 1.23E-12
 1.35E-12 1.47E-12 1.53E-12 1.50E-12 1.39E-12 1.31E-12
 2.01E-32 1.47E-25 4.20E-20 4.46E-16 3.92E-14 4.79E-13 9.94E-13 1.23E-12
 1.35E-12 1.47E-12 1.53E-12 1.50E-12 1.39E-12 1.30E-12
 2.01E-32 1.47E-25 4.20E-20 4.45E-16 3.90E-14 4.77E-13 9.90E-13 1.22E-12
 1.35E-12 1.46E-12 1.52E-12 1.50E-12 1.39E-12 1.30E-12
 2.01E-32 1.47E-25 4.18E-20 4.41E-16 3.85E-14 4.70E-13 9.75E-13 1.21E-12
 1.33E-12 1.44E-12 1.50E-12 1.48E-12 1.37E-12 1.29E-12
 2.00E-32 1.46E-25 4.14E-20 4.27E-16 3.65E-14 4.40E-13 9.12E-13 1.13E-12
 1.24E-12 1.36E-12 1.42E-12 1.41E-12 1.31E-12 1.24E-12
 1.97E-32 1.43E-25 3.90E-20 3.68E-16 2.99E-14 3.55E-13 7.37E-13 9.16E-13
 1.01E-12 1.11E-12 1.16E-12 1.17E-12 1.10E-12 1.05E-12
  5.63380    7  14 /pl=01:ss=54:pb= 1:sz=54/type=excit/ispb = t/isel =    8
 1.00E+10 1.00E+11 1.00E+12 1.00E+13 1.00E+14 1.00E+15 1.00E+16
 5.21E+01 7.82E+01 1.30E+02 2.61E+02 5.21E+02 1.30E+03 2.61E+03 3.91E+03
 5.21E+03 7.82E+03 1.30E+04 2.61E+04 5.21E+04 7.82E+04
 1.10E-32 1.28E-25 5.23E-20 7.29E-16 7.27E-14 8.84E-13 1.69E-12 1.95E-12
 2.02E-12 1.99E-12 1.82E-12 1.48E-12 1.14E-12 9.55E-13
 1.10E-32 1.28E-25 5.23E-20 7.29E-16 7.27E-14 8.84E-13 1.69E-12 1.95E-12
 2.02E-12 1.99E-12 1.82E-12 1.48E-12 1.14E-12 9.55E-13
 1.10E-32 1.29E-25 5.23E-20 7.29E-16 7.27E-14 8.83E-13 1.69E-12 1.95E-12
 2.02E-12 1.99E-12 1.82E-12 1.48E-12 1.14E-12 9.55E-13
 1.10E-32 1.28E-25 5.23E-20 7.27E-16 7.24E-14 8.79E-13 1.68E-12 1.94E-12
 2.01E-12 1.98E-12 1.81E-12 1.47E-12 1.13E-12 9.52E-13
 1.10E-32 1.28E-25 5.20E-20 7.18E-16 7.10E-14 8.58E-13 1.64E-12 1.89E-12
 1.96E-12 1.94E-12 1.78E-12 1.45E-12 1.11E-12 9.38E-13
 1.09E-32 1.27E-25 5.08E-20 6.68E-16 6.31E-14 7.46E-13 1.43E-12 1.65E-12
 1.72E-12 1.71E-12 1.58E-12 1.31E-12 1.02E-12 8.69E-13
 1.04E-32 1.18E-25 4.28E-20 4.75E-16 4.22E-14 4.94E-13 9.49E-13 1.10E-12
 1.15E-12 1.15E-12 1.07E-12 9.01E-13 7.19E-13 6.20E-13
  18.9976    7  14 /pl=01:ss=54:pb= 1:sz=54/type=excit/ispb = t/isel =    9
 1.00E+10 1.00E+11 1.00E+12 1.00E+13 1.00E+14 1.00E+15 1.00E+16
 5.21E+01 7.82E+01 1.30E+02 2.61E+02 5.21E+02 1.30E+03 2.61E+03 3.91E+03
 5.21E+03 7.82E+03 1.30E+04 2.61E+04 5.21E+04 7.82E+04
 4.53E-16 2.33E-14 5.00E-13 4.28E-12 1.08E-11 1.57E-11 1.58E-11 1.52E-11
 1.45E-11 1.35E-11 1.20E-11 9.95E-12 8.08E-12 7.12E-12
 4.51E-16 2.32E-14 4.99E-13 4.27E-12 1.08E-11 1.57E-11 1.58E-11 1.52E-11
 1.45E-11 1.35E-11 1.20E-11 9.95E-12 8.08E-12 7.11E-12
 4.51E-16 2.32E-14 4.99E-13 4.27E-12 1.08E-11 1.57E-11 1.58E-11 1.52E-11
 1.45E-11 1.35E-11 1.19E-11 9.94E-12 8.08E-12 7.11E-12
 4.51E-16 2.32E-14 4.99E-13 4.26E-12 1.08E-11 1.56E-11 1.58E-11 1.51E-11
 1.45E-11 1.34E-11 1.19E-11 9.91E-12 8.06E-12 7.09E-12
 4.51E-16 2.32E-14 4.96E-13 4.22E-12 1.06E-11 1.53E-11 1.55E-11 1.49E-11
 1.42E-11 1.32E-11 1.17E-11 9.76E-12 7.95E-12 7.01E-12
 4.49E-16 2.30E-14 4.88E-13 4.01E-12 9.75E-12 1.38E-11 1.39E-11 1.34E-11
 1.28E-11 1.20E-11 1.07E-11 9.05E-12 7.45E-12 6.60E-12
 4.34E-16 2.21E-14 4.41E-13 3.16E-12 7.16E-12 9.89E-12 9.97E-12 9.65E-12
 9.27E-12 8.69E-12 7.86E-12 6.74E-12 5.66E-12 5.09E-12
  20.6658    7  14 /pl=01:ss=54:pb= 1:sz=54/type=excit/ispb = t/isel =   10
 1.00E+10 1.00E+11 1.00E+12 1.00E+13 1.00E+14 1.00E+15 1.00E+16
 5.21E+01 7.82E+01 1.30E+02 2.61E+02 5.21E+02 1.30E+03 2.61E+03 3.91E+03
 5.21E+03 7.82E+03 1.30E+04 2.61E+04 5.21E+04 7.82E+04
 2.61E-16 9.52E-15 1.56E-13 1.10E-12 2.51E-12 3.47E-12 3.49E-12 3.34E-12
 3.19E-12 2.95E-12 2.62E-12 2.17E-12 1.76E-12 1.55E-12
 2.60E-16 9.50E-15 1.56E-13 1.10E-12 2.51E-12 3.47E-12 3.49E-12 3.34E-12
 3.19E-12 2.95E-12 2.62E-12 2.17E-12 1.76E-12 1.55E-12
 2.60E-16 9.50E-15 1.56E-13 1.10E-12 2.51E-12 3.47E-12 3.49E-12 3.34E-12
 3.19E-12 2.95E-12 2.62E-12 2.17E-12 1.76E-12 1.55E-12
 2.60E-16 9.50E-15 1.56E-13 1.10E-12 2.51E-12 3.47E-12 3.49E-12 3.34E-12
 3.19E-12 2.95E-12 2.62E-12 2.17E-12 1.76E-12 1.55E-12
 2.60E-16 9.50E-15 1.56E-13 1.11E-12 2.56E-12 3.56E-12 3.57E-12 3.42E-12
 3.26E-12 3.01E-12 2.66E-12 2.20E-12 1.78E-12 1.56E-12
 2.63E-16 9.65E-15 1.62E-13 1.24E-12 3.05E-12 4.34E-12 4.34E-12 4.13E-12
 3.92E-12 3.58E-12 3.13E-12 2.53E-12 2.01E-12 1.74E-12
 2.94E-16 1.10E-14 2.07E-13 1.74E-12 4.19E-12 5.82E-12 5.78E-12 5.50E-12
 5.24E-12 4.80E-12 4.23E-12 3.45E-12 2.75E-12 2.38E-12
  21.1233    7  14 /pl=01:ss=54:pb= 1:sz=54/type=excit/ispb = t/isel =   11
 1.00E+10 1.00E+11 1.00E+12 1.00E+13 1.00E+14 1.00E+15 1.00E+16
 5.21E+01 7.82E+01 1.30E+02 2.61E+02 5.21E+02 1.30E+03 2.61E+03 3.91E+03
 5.21E+03 7.82E+03 1.30E+04 2.61E+04 5.21E+04 7.82E+04
 7.85E-16 2.87E-14 4.71E-13 3.31E-12 7.58E-12 1.05E-11 1.05E-11 1.01E-11
 9.62E-12 8.89E-12 7.89E-12 6.55E-12 5.31E-12 4.67E-12
 7.83E-16 2.86E-14 4.70E-13 3.31E-12 7.57E-12 1.05E-11 1.05E-11 1.01E-11
 9.62E-12 8.89E-12 7.89E-12 6.55E-12 5.31E-12 4.66E-12
 7.83E-16 2.86E-14 4.70E-13 3.30E-12 7.57E-12 1.05E-11 1.05E-11 1.01E-11
 9.62E-12 8.89E-12 7.89E-12 6.55E-12 5.31E-12 4.66E-12
 7.83E-16 2.86E-14 4.70E-13 3.30E-12 7.57E-12 1.05E-11 1.05E-11 1.01E-11
 9.62E-12 8.88E-12 7.88E-12 6.54E-12 5.31E-12 4.66E-12
 7.83E-16 2.86E-14 4.71E-13 3.33E-12 7.72E-12 1.07E-11 1.08E-11 1.03E-11
 9.83E-12 9.06E-12 8.01E-12 6.63E-12 5.36E-12 4.70E-12
 7.93E-16 2.91E-14 4.89E-13 3.74E-12 9.18E-12 1.31E-11 1.31E-11 1.24E-11
 1.18E-11 1.08E-11 9.42E-12 7.63E-12 6.05E-12 5.24E-12
 8.87E-16 3.32E-14 6.25E-13 5.25E-12 1.26E-11 1.75E-11 1.74E-11 1.66E-11
 1.58E-11 1.45E-11 1.27E-11 1.04E-11 8.28E-12 7.17E-12
  21.4497    7  14 /pl=01:ss=54:pb= 1:sz=54/type=excit/ispb = t/isel =   12
 1.00E+10 1.00E+11 1.00E+12 1.00E+13 1.00E+14 1.00E+15 1.00E+16
 5.21E+01 7.82E+01 1.30E+02 2.61E+02 5.21E+02 1.30E+03 2.61E+03 3.91E+03
 5.21E+03 7.82E+03 1.30E+04 2.61E+04 5.21E+04 7.82E+04
 2.45E-15 8.31E-14 1.27E-12 8.55E-12 1.92E-11 2.58E-11 2.53E-11 2.39E-11
 2.27E-11 2.07E-11 1.82E-11 1.49E-11 1.19E-11 1.04E-11
 2.45E-15 8.33E-14 1.27E-12 8.56E-12 1.92E-11 2.58E-11 2.53E-11 2.39E-11
 2.27E-11 2.07E-11 1.82E-11 1.49E-11 1.19E-11 1.04E-11
 2.46E-15 8.33E-14 1.27E-12 8.55E-12 1.92E-11 2.58E-11 2.52E-11 2.39E-11
 2.26E-11 2.07E-11 1.82E-11 1.49E-11 1.19E-11 1.04E-11
 2.46E-15 8.33E-14 1.27E-12 8.54E-12 1.92E-11 2.57E-11 2.52E-11 2.38E-11
 2.26E-11 2.07E-11 1.82E-11 1.49E-11 1.19E-11 1.04E-11
 2.45E-15 8.32E-14 1.26E-12 8.51E-12 1.91E-11 2.57E-11 2.51E-11 2.38E-11
 2.25E-11 2.06E-11 1.81E-11 1.48E-11 1.18E-11 1.03E-11
 2.46E-15 8.31E-14 1.26E-12 8.61E-12 1.95E-11 2.64E-11 2.59E-11 2.45E-11
 2.32E-11 2.12E-11 1.86E-11 1.52E-11 1.21E-11 1.05E-11
 2.50E-15 8.45E-14 1.30E-12 9.00E-12 2.03E-11 2.75E-11 2.71E-11 2.57E-11
 2.44E-11 2.24E-11 1.97E-11 1.61E-11 1.29E-11 1.12E-11
  21.5949    7  14 /pl=01:ss=54:pb= 1:sz=54/type=excit/ispb = t/isel =   13
 1.00E+10 1.00E+11 1.00E+12 1.00E+13 1.00E+14 1.00E+15 1.00E+16
 5.21E+01 7.82E+01 1.30E+02 2.61E+02 5.21E+02 1.30E+03 2.61E+03 3.91E+03
 5.21E+03 7.82E+03 1.30E+04 2.61E+04 5.21E+04 7.82E+04
 2.89E-15 9.81E-14 1.49E-12 1.01E-11 2.27E-11 3.05E-11 2.98E-11 2.82E-11
 2.67E-11 2.45E-11 2.15E-11 1.76E-11 1.41E-11 1.23E-11
 2.90E-15 9.83E-14 1.49E-12 1.01E-11 2.27E-11 3.05E-11 2.98E-11 2.82E-11
 2.67E-11 2.45E-11 2.15E-11 1.76E-11 1.41E-11 1.23E-11
 2.90E-15 9.83E-14 1.49E-12 1.01E-11 2.27E-11 3.05E-11 2.98E-11 2.82E-11
 2.67E-11 2.45E-11 2.15E-11 1.76E-11 1.41E-11 1.23E-11
 2.90E-15 9.83E-14 1.49E-12 1.01E-11 2.26E-11 3.04E-11 2.97E-11 2.81E-11
 2.67E-11 2.44E-11 2.14E-11 1.75E-11 1.40E-11 1.23E-11
 2.90E-15 9.81E-14 1.49E-12 1.00E-11 2.26E-11 3.03E-11 2.97E-11 2.80E-11
 2.66E-11 2.43E-11 2.14E-11 1.75E-11 1.40E-11 1.22E-11
 2.90E-15 9.81E-14 1.49E-12 1.02E-11 2.30E-11 3.12E-11 3.06E-11 2.89E-11
 2.74E-11 2.51E-11 2.20E-11 1.79E-11 1.43E-11 1.24E-11
 2.95E-15 9.98E-14 1.54E-12 1.06E-11 2.39E-11 3.24E-11 3.20E-11 3.03E-11
 2.88E-11 2.64E-11 2.32E-11 1.90E-11 1.52E-11 1.32E-11
  22.6230    7  14 /pl=01:ss=54:pb= 1:sz=54/type=excit/ispb = t/isel =   14
 1.00E+10 1.00E+11 1.00E+12 1.00E+13 1.00E+14 1.00E+15 1.00E+16
 5.21E+01 7.82E+01 1.30E+02 2.61E+02 5.21E+02 1.30E+03 2.61E+03 3.91E+03
 5.21E+03 7.82E+03 1.30E+04 2.61E+04 5.21E+04 7.82E+04
 3.20E-16 8.98E-15 1.18E-13 7.19E-13 1.56E-12 2.07E-12 2.03E-12 1.91E-12
 1.81E-12 1.64E-12 1.43E-12 1.14E-12 9.01E-13 7.80E-13
 3.21E-16 9.00E-15 1.18E-13 7.19E-13 1.56E-12 2.07E-12 2.03E-12 1.91E-12
 1.81E-12 1.64E-12 1.43E-12 1.14E-12 9.02E-13 7.80E-13
 3.21E-16 9.00E-15 1.18E-13 7.19E-13 1.56E-12 2.07E-12 2.03E-12 1.91E-12
 1.81E-12 1.64E-12 1.43E-12 1.14E-12 9.01E-13 7.80E-13
 3.21E-16 9.00E-15 1.18E-13 7.17E-13 1.55E-12 2.06E-12 2.02E-12 1.90E-12
 1.80E-12 1.64E-12 1.42E-12 1.14E-12 8.99E-13 7.78E-13
 3.20E-16 8.98E-15 1.18E-13 7.11E-13 1.53E-12 2.03E-12 1.98E-12 1.87E-12
 1.78E-12 1.61E-12 1.40E-12 1.13E-12 8.89E-13 7.70E-13
 3.19E-16 8.92E-15 1.16E-13 6.82E-13 1.43E-12 1.88E-12 1.84E-12 1.74E-12
 1.65E-12 1.51E-12 1.32E-12 1.07E-12 8.50E-13 7.40E-13
 3.10E-16 8.58E-15 1.06E-13 5.72E-13 1.16E-12 1.52E-12 1.50E-12 1.42E-12
 1.35E-12 1.24E-12 1.09E-12 8.96E-13 7.23E-13 6.34E-13
  22.7847    7  14 /pl=01:ss=54:pb= 1:sz=54/type=excit/ispb = t/isel =   15
 1.00E+10 1.00E+11 1.00E+12 1.00E+13 1.00E+14 1.00E+15 1.00E+16
 5.21E+01 7.82E+01 1.30E+02 2.61E+02 5.21E+02 1.30E+03 2.61E+03 3.91E+03
 5.21E+03 7.82E+03 1.30E+04 2.61E+04 5.21E+04 7.82E+04
 1.37E-15 3.84E-14 5.05E-13 3.08E-12 6.66E-12 8.87E-12 8.67E-12 8.18E-12
 7.75E-12 7.03E-12 6.11E-12 4.90E-12 3.86E-12 3.34E-12
 1.37E-15 3.85E-14 5.06E-13 3.08E-12 6.66E-12 8.87E-12 8.67E-12 8.18E-12
 7.75E-12 7.03E-12 6.11E-12 4.90E-12 3.86E-12 3.34E-12
 1.37E-15 3.85E-14 5.06E-13 3.08E-12 6.66E-12 8.86E-12 8.67E-12 8.18E-12
 7.75E-12 7.03E-12 6.11E-12 4.90E-12 3.86E-12 3.34E-12
 1.37E-15 3.85E-14 5.05E-13 3.07E-12 6.64E-12 8.82E-12 8.63E-12 8.14E-12
 7.72E-12 7.00E-12 6.08E-12 4.88E-12 3.85E-12 3.33E-12
 1.37E-15 3.84E-14 5.03E-13 3.04E-12 6.55E-12 8.68E-12 8.49E-12 8.01E-12
 7.60E-12 6.90E-12 6.00E-12 4.82E-12 3.80E-12 3.30E-12
 1.36E-15 3.82E-14 4.96E-13 2.92E-12 6.13E-12 8.03E-12 7.86E-12 7.44E-12
 7.07E-12 6.44E-12 5.64E-12 4.57E-12 3.64E-12 3.17E-12
 1.33E-15 3.67E-14 4.53E-13 2.45E-12 4.98E-12 6.51E-12 6.41E-12 6.08E-12
 5.79E-12 5.30E-12 4.67E-12 3.84E-12 3.09E-12 2.71E-12
  23.1572    7  14 /pl=01:ss=54:pb= 1:sz=54/type=excit/ispb = t/isel =   16
 1.00E+10 1.00E+11 1.00E+12 1.00E+13 1.00E+14 1.00E+15 1.00E+16
 5.21E+01 7.82E+01 1.30E+02 2.61E+02 5.21E+02 1.30E+03 2.61E+03 3.91E+03
 5.21E+03 7.82E+03 1.30E+04 2.61E+04 5.21E+04 7.82E+04
 3.09E-15 7.52E-14 8.92E-13 4.93E-12 1.01E-11 1.30E-11 1.26E-11 1.19E-11
 1.12E-11 1.02E-11 8.95E-12 7.24E-12 5.81E-12 5.04E-12
 3.08E-15 7.50E-14 8.91E-13 4.93E-12 1.01E-11 1.30E-11 1.26E-11 1.19E-11
 1.12E-11 1.02E-11 8.94E-12 7.24E-12 5.81E-12 5.04E-12
 3.08E-15 7.50E-14 8.91E-13 4.93E-12 1.01E-11 1.30E-11 1.26E-11 1.19E-11
 1.12E-11 1.02E-11 8.94E-12 7.23E-12 5.80E-12 5.04E-12
 3.08E-15 7.49E-14 8.90E-13 4.91E-12 1.01E-11 1.30E-11 1.25E-11 1.18E-11
 1.12E-11 1.01E-11 8.91E-12 7.21E-12 5.79E-12 5.03E-12
 3.08E-15 7.48E-14 8.87E-13 4.87E-12 9.94E-12 1.28E-11 1.24E-11 1.16E-11
 1.10E-11 1.00E-11 8.79E-12 7.12E-12 5.73E-12 4.97E-12
 3.07E-15 7.45E-14 8.79E-13 4.74E-12 9.45E-12 1.20E-11 1.16E-11 1.09E-11
 1.04E-11 9.46E-12 8.34E-12 6.81E-12 5.50E-12 4.80E-12
 3.02E-15 7.30E-14 8.36E-13 4.24E-12 8.20E-12 1.03E-11 9.98E-12 9.42E-12
 8.92E-12 8.16E-12 7.21E-12 5.91E-12 4.80E-12 4.21E-12
  23.2217    7  14 /pl=01:ss=54:pb= 1:sz=54/type=excit/ispb = t/isel =   17
 1.00E+10 1.00E+11 1.00E+12 1.00E+13 1.00E+14 1.00E+15 1.00E+16
 5.21E+01 7.82E+01 1.30E+02 2.61E+02 5.21E+02 1.30E+03 2.61E+03 3.91E+03
 5.21E+03 7.82E+03 1.30E+04 2.61E+04 5.21E+04 7.82E+04
 1.29E-15 3.38E-14 4.25E-13 2.43E-12 5.01E-12 6.51E-12 6.40E-12 6.08E-12
 5.83E-12 5.35E-12 4.75E-12 3.93E-12 3.19E-12 2.79E-12
 1.29E-15 3.37E-14 4.24E-13 2.43E-12 5.01E-12 6.51E-12 6.40E-12 6.08E-12
 5.83E-12 5.35E-12 4.75E-12 3.93E-12 3.19E-12 2.79E-12
 1.29E-15 3.37E-14 4.24E-13 2.43E-12 5.01E-12 6.52E-12 6.41E-12 6.09E-12
 5.83E-12 5.35E-12 4.75E-12 3.93E-12 3.19E-12 2.79E-12
 1.29E-15 3.37E-14 4.25E-13 2.44E-12 5.05E-12 6.59E-12 6.48E-12 6.15E-12
 5.89E-12 5.40E-12 4.79E-12 3.96E-12 3.21E-12 2.80E-12
 1.30E-15 3.39E-14 4.31E-13 2.57E-12 5.55E-12 7.42E-12 7.28E-12 6.88E-12
 6.55E-12 5.96E-12 5.23E-12 4.25E-12 3.40E-12 2.95E-12
 1.36E-15 3.60E-14 5.00E-13 3.79E-12 9.65E-12 1.37E-11 1.34E-11 1.25E-11
 1.17E-11 1.05E-11 8.85E-12 6.82E-12 5.15E-12 4.33E-12
 1.95E-15 5.47E-14 9.88E-13 8.58E-12 2.02E-11 2.70E-11 2.62E-11 2.47E-11
 2.32E-11 2.10E-11 1.81E-11 1.43E-11 1.10E-11 9.36E-12
  23.2801    7  14 /pl=01:ss=54:pb= 1:sz=54/type=excit/ispb = t/isel =   18
 1.00E+10 1.00E+11 1.00E+12 1.00E+13 1.00E+14 1.00E+15 1.00E+16
 5.21E+01 7.82E+01 1.30E+02 2.61E+02 5.21E+02 1.30E+03 2.61E+03 3.91E+03
 5.21E+03 7.82E+03 1.30E+04 2.61E+04 5.21E+04 7.82E+04
 3.22E-15 7.66E-14 8.95E-13 4.86E-12 9.80E-12 1.26E-11 1.22E-11 1.15E-11
 1.09E-11 1.00E-11 8.82E-12 7.24E-12 5.84E-12 5.11E-12
 3.21E-15 7.64E-14 8.94E-13 4.86E-12 9.80E-12 1.25E-11 1.22E-11 1.15E-11
 1.09E-11 1.00E-11 8.81E-12 7.24E-12 5.84E-12 5.11E-12
 3.20E-15 7.64E-14 8.94E-13 4.86E-12 9.80E-12 1.25E-11 1.22E-11 1.15E-11
 1.09E-11 1.00E-11 8.81E-12 7.24E-12 5.84E-12 5.11E-12
 3.21E-15 7.64E-14 8.94E-13 4.86E-12 9.79E-12 1.25E-11 1.22E-11 1.15E-11
 1.09E-11 9.99E-12 8.80E-12 7.23E-12 5.83E-12 5.10E-12
 3.21E-15 7.66E-14 8.95E-13 4.85E-12 9.75E-12 1.25E-11 1.21E-11 1.14E-11
 1.08E-11 9.93E-12 8.75E-12 7.19E-12 5.80E-12 5.08E-12
 3.22E-15 7.68E-14 8.93E-13 4.78E-12 9.48E-12 1.20E-11 1.17E-11 1.10E-11
 1.05E-11 9.61E-12 8.49E-12 7.00E-12 5.67E-12 4.97E-12
 3.20E-15 7.61E-14 8.75E-13 4.58E-12 9.03E-12 1.15E-11 1.11E-11 1.05E-11
 9.93E-12 9.08E-12 7.99E-12 6.56E-12 5.29E-12 4.64E-12
  23.4539    7  14 /pl=01:ss=54:pb= 1:sz=54/type=excit/ispb = t/isel =   19
 1.00E+10 1.00E+11 1.00E+12 1.00E+13 1.00E+14 1.00E+15 1.00E+16
 5.21E+01 7.82E+01 1.30E+02 2.61E+02 5.21E+02 1.30E+03 2.61E+03 3.91E+03
 5.21E+03 7.82E+03 1.30E+04 2.61E+04 5.21E+04 7.82E+04
 3.36E-15 8.28E-14 9.81E-13 5.50E-12 1.12E-11 1.44E-11 1.39E-11 1.32E-11
 1.25E-11 1.14E-11 1.00E-11 8.17E-12 6.56E-12 5.71E-12
 3.37E-15 8.30E-14 9.82E-13 5.50E-12 1.12E-11 1.44E-11 1.39E-11 1.32E-11
 1.25E-11 1.14E-11 1.00E-11 8.17E-12 6.56E-12 5.71E-12
 3.37E-15 8.30E-14 9.82E-13 5.50E-12 1.12E-11 1.44E-11 1.39E-11 1.32E-11
 1.25E-11 1.14E-11 1.00E-11 8.17E-12 6.56E-12 5.71E-12
 3.37E-15 8.30E-14 9.81E-13 5.49E-12 1.12E-11 1.44E-11 1.39E-11 1.31E-11
 1.24E-11 1.14E-11 9.98E-12 8.14E-12 6.54E-12 5.70E-12
 3.36E-15 8.28E-14 9.76E-13 5.42E-12 1.10E-11 1.40E-11 1.35E-11 1.28E-11
 1.21E-11 1.11E-11 9.78E-12 8.00E-12 6.44E-12 5.62E-12
 3.34E-15 8.19E-14 9.53E-13 5.04E-12 9.76E-12 1.22E-11 1.18E-11 1.12E-11
 1.07E-11 9.82E-12 8.73E-12 7.25E-12 5.92E-12 5.21E-12
 3.16E-15 7.62E-14 8.04E-13 3.58E-12 6.52E-12 8.09E-12 7.87E-12 7.52E-12
 7.18E-12 6.66E-12 5.97E-12 5.03E-12 4.20E-12 3.75E-12
  23.5682    7  14 /pl=01:ss=54:pb= 1:sz=54/type=excit/ispb = t/isel =   20
 1.00E+10 1.00E+11 1.00E+12 1.00E+13 1.00E+14 1.00E+15 1.00E+16
 5.21E+01 7.82E+01 1.30E+02 2.61E+02 5.21E+02 1.30E+03 2.61E+03 3.91E+03
 5.21E+03 7.82E+03 1.30E+04 2.61E+04 5.21E+04 7.82E+04
 1.06E-15 2.44E-14 2.75E-13 1.46E-12 2.96E-12 3.82E-12 3.73E-12 3.52E-12
 3.35E-12 3.06E-12 2.67E-12 2.17E-12 1.73E-12 1.51E-12
 1.06E-15 2.43E-14 2.75E-13 1.46E-12 2.96E-12 3.82E-12 3.73E-12 3.52E-12
 3.34E-12 3.06E-12 2.67E-12 2.17E-12 1.73E-12 1.51E-12
 1.06E-15 2.43E-14 2.75E-13 1.46E-12 2.96E-12 3.82E-12 3.73E-12 3.52E-12
 3.34E-12 3.06E-12 2.67E-12 2.17E-12 1.73E-12 1.51E-12
 1.06E-15 2.43E-14 2.75E-13 1.46E-12 2.96E-12 3.82E-12 3.73E-12 3.52E-12
 3.35E-12 3.06E-12 2.67E-12 2.17E-12 1.73E-12 1.51E-12
 1.06E-15 2.43E-14 2.75E-13 1.48E-12 3.03E-12 3.94E-12 3.84E-12 3.62E-12
 3.43E-12 3.13E-12 2.73E-12 2.21E-12 1.75E-12 1.52E-12
 1.07E-15 2.48E-14 2.88E-13 1.69E-12 3.71E-12 4.95E-12 4.82E-12 4.51E-12
 4.25E-12 3.83E-12 3.29E-12 2.60E-12 2.02E-12 1.73E-12
 1.22E-15 2.88E-14 3.81E-13 2.49E-12 5.33E-12 6.91E-12 6.69E-12 6.27E-12
 5.93E-12 5.36E-12 4.63E-12 3.70E-12 2.89E-12 2.48E-12
  23.7331    7  14 /pl=01:ss=54:pb= 1:sz=54/type=excit/ispb = t/isel =   21
 1.00E+10 1.00E+11 1.00E+12 1.00E+13 1.00E+14 1.00E+15 1.00E+16
 5.21E+01 7.82E+01 1.30E+02 2.61E+02 5.21E+02 1.30E+03 2.61E+03 3.91E+03
 5.21E+03 7.82E+03 1.30E+04 2.61E+04 5.21E+04 7.82E+04
 3.53E-15 8.59E-14 1.02E-12 5.63E-12 1.15E-11 1.49E-11 1.44E-11 1.36E-11
 1.28E-11 1.17E-11 1.02E-11 8.27E-12 6.64E-12 5.76E-12
 3.52E-15 8.57E-14 1.02E-12 5.63E-12 1.15E-11 1.49E-11 1.44E-11 1.36E-11
 1.28E-11 1.17E-11 1.02E-11 8.27E-12 6.64E-12 5.76E-12
 3.52E-15 8.57E-14 1.02E-12 5.63E-12 1.15E-11 1.49E-11 1.44E-11 1.35E-11
 1.28E-11 1.16E-11 1.02E-11 8.27E-12 6.63E-12 5.76E-12
 3.52E-15 8.57E-14 1.02E-12 5.62E-12 1.15E-11 1.48E-11 1.43E-11 1.35E-11
 1.28E-11 1.16E-11 1.02E-11 8.24E-12 6.62E-12 5.75E-12
 3.52E-15 8.56E-14 1.01E-12 5.57E-12 1.14E-11 1.46E-11 1.41E-11 1.33E-11
 1.26E-11 1.14E-11 1.00E-11 8.14E-12 6.54E-12 5.69E-12
 3.51E-15 8.52E-14 1.00E-12 5.41E-12 1.08E-11 1.37E-11 1.33E-11 1.25E-11
 1.18E-11 1.08E-11 9.54E-12 7.78E-12 6.29E-12 5.48E-12
 3.45E-15 8.35E-14 9.56E-13 4.84E-12 9.38E-12 1.18E-11 1.14E-11 1.08E-11
 1.02E-11 9.32E-12 8.24E-12 6.75E-12 5.49E-12 4.81E-12
  23.8623    7  14 /pl=01:ss=54:pb= 1:sz=54/type=excit/ispb = t/isel =   22
 1.00E+10 1.00E+11 1.00E+12 1.00E+13 1.00E+14 1.00E+15 1.00E+16
 5.21E+01 7.82E+01 1.30E+02 2.61E+02 5.21E+02 1.30E+03 2.61E+03 3.91E+03
 5.21E+03 7.82E+03 1.30E+04 2.61E+04 5.21E+04 7.82E+04
 7.73E-16 1.84E-14 2.15E-13 1.17E-12 2.36E-12 3.02E-12 2.92E-12 2.77E-12
 2.62E-12 2.41E-12 2.12E-12 1.74E-12 1.40E-12 1.23E-12
 7.70E-16 1.84E-14 2.15E-13 1.17E-12 2.35E-12 3.02E-12 2.92E-12 2.77E-12
 2.62E-12 2.40E-12 2.12E-12 1.74E-12 1.40E-12 1.23E-12
 7.70E-16 1.84E-14 2.15E-13 1.17E-12 2.35E-12 3.02E-12 2.92E-12 2.77E-12
 2.62E-12 2.40E-12 2.12E-12 1.74E-12 1.40E-12 1.23E-12
 7.70E-16 1.84E-14 2.15E-13 1.17E-12 2.35E-12 3.01E-12 2.92E-12 2.76E-12
 2.62E-12 2.40E-12 2.12E-12 1.74E-12 1.40E-12 1.23E-12
 7.72E-16 1.84E-14 2.15E-13 1.16E-12 2.34E-12 2.99E-12 2.90E-12 2.75E-12
 2.60E-12 2.39E-12 2.10E-12 1.73E-12 1.39E-12 1.22E-12
 7.75E-16 1.85E-14 2.15E-13 1.15E-12 2.28E-12 2.89E-12 2.80E-12 2.65E-12
 2.52E-12 2.31E-12 2.04E-12 1.68E-12 1.36E-12 1.19E-12
 7.69E-16 1.83E-14 2.10E-13 1.10E-12 2.17E-12 2.75E-12 2.67E-12 2.52E-12
 2.39E-12 2.18E-12 1.92E-12 1.58E-12 1.27E-12 1.11E-12
  24.1650    7  14 /pl=01:ss=54:pb= 1:sz=54/type=excit/ispb = t/isel =   23
 1.00E+10 1.00E+11 1.00E+12 1.00E+13 1.00E+14 1.00E+15 1.00E+16
 5.21E+01 7.82E+01 1.30E+02 2.61E+02 5.21E+02 1.30E+03 2.61E+03 3.91E+03
 5.21E+03 7.82E+03 1.30E+04 2.61E+04 5.21E+04 7.82E+04
 3.85E-15 8.85E-14 1.00E-12 5.32E-12 1.08E-11 1.39E-11 1.36E-11 1.28E-11
 1.22E-11 1.11E-11 9.72E-12 7.89E-12 6.29E-12 5.48E-12
 3.84E-15 8.83E-14 9.99E-13 5.32E-12 1.08E-11 1.39E-11 1.36E-11 1.28E-11
 1.22E-11 1.11E-11 9.71E-12 7.89E-12 6.29E-12 5.48E-12
 3.84E-15 8.83E-14 9.99E-13 5.32E-12 1.08E-11 1.39E-11 1.36E-11 1.28E-11
 1.22E-11 1.11E-11 9.71E-12 7.89E-12 6.29E-12 5.48E-12
 3.84E-15 8.83E-14 9.98E-13 5.32E-12 1.08E-11 1.39E-11 1.36E-11 1.28E-11
 1.22E-11 1.11E-11 9.71E-12 7.89E-12 6.29E-12 5.48E-12
 3.84E-15 8.84E-14 1.00E-12 5.38E-12 1.10E-11 1.43E-11 1.40E-11 1.32E-11
 1.25E-11 1.14E-11 9.91E-12 8.02E-12 6.37E-12 5.53E-12
 3.90E-15 9.00E-14 1.05E-12 6.15E-12 1.35E-11 1.80E-11 1.75E-11 1.64E-11
 1.55E-11 1.39E-11 1.20E-11 9.46E-12 7.34E-12 6.29E-12
 4.43E-15 1.05E-13 1.38E-12 9.05E-12 1.93E-11 2.51E-11 2.43E-11 2.28E-11
 2.15E-11 1.95E-11 1.68E-11 1.34E-11 1.05E-11 9.00E-12
  24.5152    7  14 /pl=01:ss=54:pb= 1:sz=54/type=excit/ispb = t/isel =   24
 1.00E+10 1.00E+11 1.00E+12 1.00E+13 1.00E+14 1.00E+15 1.00E+16
 5.21E+01 7.82E+01 1.30E+02 2.61E+02 5.21E+02 1.30E+03 2.61E+03 3.91E+03
 5.21E+03 7.82E+03 1.30E+04 2.61E+04 5.21E+04 7.82E+04
 1.46E-15 2.94E-14 2.96E-13 1.46E-12 2.81E-12 3.43E-12 3.24E-12 3.02E-12
 2.85E-12 2.59E-12 2.27E-12 1.85E-12 1.48E-12 1.29E-12
 1.46E-15 2.95E-14 2.96E-13 1.46E-12 2.81E-12 3.43E-12 3.24E-12 3.02E-12
 2.85E-12 2.59E-12 2.27E-12 1.85E-12 1.48E-12 1.29E-12
 1.46E-15 2.95E-14 2.96E-13 1.46E-12 2.81E-12 3.43E-12 3.24E-12 3.02E-12
 2.85E-12 2.59E-12 2.27E-12 1.85E-12 1.48E-12 1.29E-12
 1.46E-15 2.95E-14 2.96E-13 1.46E-12 2.80E-12 3.41E-12 3.23E-12 3.01E-12
 2.84E-12 2.58E-12 2.26E-12 1.84E-12 1.48E-12 1.29E-12
 1.46E-15 2.94E-14 2.95E-13 1.45E-12 2.76E-12 3.36E-12 3.18E-12 2.96E-12
 2.80E-12 2.54E-12 2.23E-12 1.82E-12 1.46E-12 1.28E-12
 1.46E-15 2.92E-14 2.91E-13 1.39E-12 2.59E-12 3.11E-12 2.95E-12 2.75E-12
 2.61E-12 2.38E-12 2.09E-12 1.72E-12 1.39E-12 1.22E-12
 1.42E-15 2.81E-14 2.65E-13 1.16E-12 2.09E-12 2.51E-12 2.39E-12 2.24E-12
 2.12E-12 1.94E-12 1.72E-12 1.42E-12 1.16E-12 1.03E-12
  24.9646    7  14 /pl=01:ss=54:pb= 1:sz=54/type=excit/ispb = t/isel =   25
 1.00E+10 1.00E+11 1.00E+12 1.00E+13 1.00E+14 1.00E+15 1.00E+16
 5.21E+01 7.82E+01 1.30E+02 2.61E+02 5.21E+02 1.30E+03 2.61E+03 3.91E+03
 5.21E+03 7.82E+03 1.30E+04 2.61E+04 5.21E+04 7.82E+04
 1.55E-14 3.13E-13 3.15E-12 1.56E-11 2.99E-11 3.64E-11 3.45E-11 3.21E-11
 3.03E-11 2.75E-11 2.41E-11 1.96E-11 1.57E-11 1.37E-11
 1.55E-14 3.13E-13 3.15E-12 1.56E-11 2.99E-11 3.64E-11 3.45E-11 3.21E-11
 3.03E-11 2.75E-11 2.41E-11 1.96E-11 1.57E-11 1.37E-11
 1.56E-14 3.13E-13 3.15E-12 1.56E-11 2.99E-11 3.64E-11 3.44E-11 3.21E-11
 3.03E-11 2.75E-11 2.41E-11 1.96E-11 1.57E-11 1.37E-11
 1.55E-14 3.13E-13 3.15E-12 1.55E-11 2.98E-11 3.62E-11 3.43E-11 3.20E-11
 3.02E-11 2.74E-11 2.40E-11 1.96E-11 1.57E-11 1.37E-11
 1.55E-14 3.13E-13 3.13E-12 1.54E-11 2.94E-11 3.57E-11 3.38E-11 3.15E-11
 2.97E-11 2.70E-11 2.37E-11 1.93E-11 1.55E-11 1.36E-11
 1.55E-14 3.11E-13 3.09E-12 1.48E-11 2.75E-11 3.30E-11 3.13E-11 2.92E-11
 2.77E-11 2.53E-11 2.22E-11 1.83E-11 1.48E-11 1.30E-11
 1.50E-14 2.99E-13 2.82E-12 1.23E-11 2.22E-11 2.67E-11 2.54E-11 2.38E-11
 2.25E-11 2.06E-11 1.82E-11 1.51E-11 1.23E-11 1.09E-11
  25.1615    7  14 /pl=01:ss=54:pb= 1:sz=54/type=excit/ispb = t/isel =   26
 1.00E+10 1.00E+11 1.00E+12 1.00E+13 1.00E+14 1.00E+15 1.00E+16
 5.21E+01 7.82E+01 1.30E+02 2.61E+02 5.21E+02 1.30E+03 2.61E+03 3.91E+03
 5.21E+03 7.82E+03 1.30E+04 2.61E+04 5.21E+04 7.82E+04
 2.13E-15 4.29E-14 4.31E-13 2.13E-12 4.09E-12 4.99E-12 4.72E-12 4.40E-12
 4.16E-12 3.78E-12 3.30E-12 2.69E-12 2.16E-12 1.88E-12
 2.13E-15 4.29E-14 4.32E-13 2.13E-12 4.10E-12 4.99E-12 4.72E-12 4.40E-12
 4.16E-12 3.78E-12 3.30E-12 2.69E-12 2.16E-12 1.88E-12
 2.13E-15 4.29E-14 4.32E-13 2.13E-12 4.09E-12 4.99E-12 4.72E-12 4.40E-12
 4.15E-12 3.77E-12 3.30E-12 2.69E-12 2.16E-12 1.88E-12
 2.13E-15 4.29E-14 4.31E-13 2.13E-12 4.08E-12 4.97E-12 4.70E-12 4.38E-12
 4.14E-12 3.76E-12 3.29E-12 2.68E-12 2.15E-12 1.88E-12
 2.13E-15 4.28E-14 4.30E-13 2.11E-12 4.03E-12 4.89E-12 4.63E-12 4.31E-12
 4.07E-12 3.71E-12 3.24E-12 2.65E-12 2.13E-12 1.86E-12
 2.12E-15 4.26E-14 4.23E-13 2.02E-12 3.77E-12 4.53E-12 4.29E-12 4.01E-12
 3.79E-12 3.46E-12 3.05E-12 2.51E-12 2.03E-12 1.78E-12
 2.06E-15 4.09E-14 3.86E-13 1.68E-12 3.04E-12 3.65E-12 3.48E-12 3.26E-12
 3.09E-12 2.83E-12 2.50E-12 2.07E-12 1.69E-12 1.49E-12
  27.3314    7  14 /pl=01:ss=54:pb= 1:sz=54/type=excit/ispb = t/isel =   27
 1.00E+10 1.00E+11 1.00E+12 1.00E+13 1.00E+14 1.00E+15 1.00E+16
 5.21E+01 7.82E+01 1.30E+02 2.61E+02 5.21E+02 1.30E+03 2.61E+03 3.91E+03
 5.21E+03 7.82E+03 1.30E+04 2.61E+04 5.21E+04 7.82E+04
 4.79E-15 1.16E-13 1.38E-12 7.64E-12 1.57E-11 2.02E-11 1.95E-11 1.84E-11
 1.74E-11 1.58E-11 1.39E-11 1.12E-11 9.00E-12 7.81E-12
 4.78E-15 1.16E-13 1.38E-12 7.64E-12 1.56E-11 2.02E-11 1.95E-11 1.84E-11
 1.74E-11 1.58E-11 1.39E-11 1.12E-11 9.00E-12 7.81E-12
 4.78E-15 1.16E-13 1.38E-12 7.63E-12 1.56E-11 2.02E-11 1.95E-11 1.84E-11
 1.74E-11 1.58E-11 1.39E-11 1.12E-11 9.00E-12 7.81E-12
 4.78E-15 1.16E-13 1.38E-12 7.62E-12 1.56E-11 2.01E-11 1.94E-11 1.83E-11
 1.73E-11 1.57E-11 1.38E-11 1.12E-11 8.97E-12 7.79E-12
 4.77E-15 1.16E-13 1.37E-12 7.55E-12 1.54E-11 1.98E-11 1.92E-11 1.80E-11
 1.70E-11 1.55E-11 1.36E-11 1.10E-11 8.87E-12 7.71E-12
 4.76E-15 1.16E-13 1.36E-12 7.34E-12 1.47E-11 1.86E-11 1.80E-11 1.70E-11
 1.61E-11 1.47E-11 1.29E-11 1.05E-11 8.53E-12 7.44E-12
 4.68E-15 1.13E-13 1.30E-12 6.56E-12 1.27E-11 1.60E-11 1.55E-11 1.46E-11
 1.38E-11 1.26E-11 1.12E-11 9.15E-12 7.44E-12 6.52E-12
  27.5028    7  14 /pl=01:ss=54:pb= 1:sz=54/type=excit/ispb = t/isel =   28
 1.00E+10 1.00E+11 1.00E+12 1.00E+13 1.00E+14 1.00E+15 1.00E+16
 5.21E+01 7.82E+01 1.30E+02 2.61E+02 5.21E+02 1.30E+03 2.61E+03 3.91E+03
 5.21E+03 7.82E+03 1.30E+04 2.61E+04 5.21E+04 7.82E+04
 2.15E-15 5.12E-14 5.98E-13 3.24E-12 6.55E-12 8.38E-12 8.13E-12 7.70E-12
 7.29E-12 6.69E-12 5.89E-12 4.83E-12 3.90E-12 3.41E-12
 2.14E-15 5.11E-14 5.97E-13 3.24E-12 6.55E-12 8.38E-12 8.13E-12 7.69E-12
 7.29E-12 6.68E-12 5.89E-12 4.83E-12 3.90E-12 3.41E-12
 2.14E-15 5.10E-14 5.97E-13 3.24E-12 6.54E-12 8.38E-12 8.13E-12 7.69E-12
 7.29E-12 6.68E-12 5.89E-12 4.83E-12 3.90E-12 3.41E-12
 2.14E-15 5.11E-14 5.97E-13 3.24E-12 6.54E-12 8.37E-12 8.12E-12 7.68E-12
 7.28E-12 6.67E-12 5.88E-12 4.83E-12 3.89E-12 3.41E-12
 2.15E-15 5.12E-14 5.98E-13 3.24E-12 6.51E-12 8.32E-12 8.06E-12 7.63E-12
 7.23E-12 6.63E-12 5.85E-12 4.80E-12 3.88E-12 3.39E-12
 2.15E-15 5.13E-14 5.97E-13 3.19E-12 6.33E-12 8.04E-12 7.79E-12 7.37E-12
 6.99E-12 6.42E-12 5.67E-12 4.67E-12 3.78E-12 3.32E-12
 2.14E-15 5.08E-14 5.85E-13 3.06E-12 6.03E-12 7.65E-12 7.41E-12 7.00E-12
 6.63E-12 6.07E-12 5.34E-12 4.38E-12 3.54E-12 3.10E-12
  29.3022    7  14 /pl=01:ss=54:pb= 1:sz=54/type=excit/ispb = t/isel =   29
 1.00E+10 1.00E+11 1.00E+12 1.00E+13 1.00E+14 1.00E+15 1.00E+16
 5.21E+01 7.82E+01 1.30E+02 2.61E+02 5.21E+02 1.30E+03 2.61E+03 3.91E+03
 5.21E+03 7.82E+03 1.30E+04 2.61E+04 5.21E+04 7.82E+04
 1.09E-14 1.29E-13 8.57E-13 3.06E-12 5.03E-12 5.72E-12 5.48E-12 5.14E-12
 4.88E-12 4.48E-12 3.94E-12 3.23E-12 2.60E-12 2.27E-12
 1.08E-14 1.28E-13 8.56E-13 3.06E-12 5.03E-12 5.72E-12 5.47E-12 5.14E-12
 4.88E-12 4.48E-12 3.94E-12 3.23E-12 2.60E-12 2.27E-12
 1.08E-14 1.28E-13 8.56E-13 3.05E-12 5.03E-12 5.72E-12 5.47E-12 5.13E-12
 4.88E-12 4.48E-12 3.94E-12 3.23E-12 2.60E-12 2.27E-12
 1.08E-14 1.28E-13 8.56E-13 3.05E-12 5.02E-12 5.71E-12 5.46E-12 5.12E-12
 4.87E-12 4.47E-12 3.93E-12 3.22E-12 2.59E-12 2.27E-12
 1.08E-14 1.28E-13 8.55E-13 3.06E-12 5.06E-12 5.77E-12 5.52E-12 5.17E-12
 4.91E-12 4.50E-12 3.95E-12 3.23E-12 2.60E-12 2.27E-12
 1.09E-14 1.29E-13 8.72E-13 3.25E-12 5.57E-12 6.47E-12 6.16E-12 5.75E-12
 5.44E-12 4.94E-12 4.30E-12 3.47E-12 2.76E-12 2.39E-12
 1.16E-14 1.39E-13 1.01E-12 3.99E-12 6.74E-12 7.73E-12 7.31E-12 6.83E-12
 6.45E-12 5.86E-12 5.10E-12 4.13E-12 3.27E-12 2.83E-12
  30.2305    7  14 /pl=01:ss=54:pb= 1:sz=54/type=excit/ispb = t/isel =   30
 1.00E+10 1.00E+11 1.00E+12 1.00E+13 1.00E+14 1.00E+15 1.00E+16
 5.21E+01 7.82E+01 1.30E+02 2.61E+02 5.21E+02 1.30E+03 2.61E+03 3.91E+03
 5.21E+03 7.82E+03 1.30E+04 2.61E+04 5.21E+04 7.82E+04
 4.74E-15 5.62E-14 3.74E-13 1.33E-12 2.20E-12 2.50E-12 2.39E-12 2.24E-12
 2.13E-12 1.96E-12 1.72E-12 1.41E-12 1.13E-12 9.92E-13
 4.73E-15 5.61E-14 3.74E-13 1.33E-12 2.20E-12 2.50E-12 2.39E-12 2.24E-12
 2.13E-12 1.96E-12 1.72E-12 1.41E-12 1.13E-12 9.92E-13
 4.73E-15 5.61E-14 3.74E-13 1.33E-12 2.20E-12 2.50E-12 2.39E-12 2.24E-12
 2.13E-12 1.96E-12 1.72E-12 1.41E-12 1.13E-12 9.92E-13
 4.73E-15 5.61E-14 3.74E-13 1.33E-12 2.19E-12 2.49E-12 2.39E-12 2.24E-12
 2.13E-12 1.95E-12 1.72E-12 1.41E-12 1.13E-12 9.91E-13
 4.73E-15 5.60E-14 3.73E-13 1.34E-12 2.21E-12 2.52E-12 2.41E-12 2.26E-12
 2.14E-12 1.97E-12 1.73E-12 1.41E-12 1.13E-12 9.91E-13
 4.76E-15 5.65E-14 3.81E-13 1.42E-12 2.43E-12 2.82E-12 2.69E-12 2.51E-12
 2.37E-12 2.16E-12 1.88E-12 1.52E-12 1.20E-12 1.04E-12
 5.07E-15 6.09E-14 4.39E-13 1.74E-12 2.94E-12 3.37E-12 3.19E-12 2.98E-12
 2.82E-12 2.56E-12 2.23E-12 1.80E-12 1.43E-12 1.23E-12
  30.3820    7  14 /pl=01:ss=54:pb= 1:sz=54/type=excit/ispb = t/isel =   31
 1.00E+10 1.00E+11 1.00E+12 1.00E+13 1.00E+14 1.00E+15 1.00E+16
 5.21E+01 7.82E+01 1.30E+02 2.61E+02 5.21E+02 1.30E+03 2.61E+03 3.91E+03
 5.21E+03 7.82E+03 1.30E+04 2.61E+04 5.21E+04 7.82E+04
 7.98E-15 9.39E-14 6.16E-13 2.24E-12 3.76E-12 4.67E-12 4.82E-12 4.69E-12
 4.53E-12 4.21E-12 3.74E-12 3.07E-12 2.45E-12 2.13E-12
 8.00E-15 9.40E-14 6.17E-13 2.24E-12 3.77E-12 4.67E-12 4.82E-12 4.69E-12
 4.53E-12 4.21E-12 3.74E-12 3.07E-12 2.45E-12 2.13E-12
 8.00E-15 9.40E-14 6.17E-13 2.24E-12 3.76E-12 4.67E-12 4.82E-12 4.69E-12
 4.53E-12 4.21E-12 3.74E-12 3.07E-12 2.45E-12 2.13E-12
 8.00E-15 9.40E-14 6.16E-13 2.23E-12 3.76E-12 4.66E-12 4.80E-12 4.68E-12
 4.52E-12 4.20E-12 3.73E-12 3.06E-12 2.45E-12 2.12E-12
 8.00E-15 9.39E-14 6.15E-13 2.23E-12 3.76E-12 4.66E-12 4.80E-12 4.67E-12
 4.51E-12 4.19E-12 3.72E-12 3.05E-12 2.44E-12 2.11E-12
 8.02E-15 9.42E-14 6.21E-13 2.30E-12 3.95E-12 4.88E-12 4.97E-12 4.81E-12
 4.63E-12 4.29E-12 3.80E-12 3.11E-12 2.48E-12 2.15E-12
 8.34E-15 9.83E-14 6.73E-13 2.59E-12 4.37E-12 5.25E-12 5.25E-12 5.04E-12
 4.84E-12 4.48E-12 3.97E-12 3.27E-12 2.62E-12 2.28E-12
  31.1419    7  14 /pl=01:ss=54:pb= 1:sz=54/type=excit/ispb = t/isel =   32
 1.00E+10 1.00E+11 1.00E+12 1.00E+13 1.00E+14 1.00E+15 1.00E+16
 5.21E+01 7.82E+01 1.30E+02 2.61E+02 5.21E+02 1.30E+03 2.61E+03 3.91E+03
 5.21E+03 7.82E+03 1.30E+04 2.61E+04 5.21E+04 7.82E+04
 1.46E-14 1.48E-13 8.65E-13 2.80E-12 4.39E-12 5.06E-12 4.97E-12 4.77E-12
 4.57E-12 4.25E-12 3.78E-12 3.14E-12 2.55E-12 2.24E-12
 1.46E-14 1.47E-13 8.64E-13 2.80E-12 4.39E-12 5.06E-12 4.97E-12 4.77E-12
 4.57E-12 4.25E-12 3.78E-12 3.14E-12 2.55E-12 2.24E-12
 1.46E-14 1.47E-13 8.64E-13 2.80E-12 4.38E-12 5.06E-12 4.96E-12 4.77E-12
 4.57E-12 4.24E-12 3.78E-12 3.14E-12 2.54E-12 2.24E-12
 1.46E-14 1.47E-13 8.63E-13 2.79E-12 4.37E-12 5.04E-12 4.94E-12 4.75E-12
 4.55E-12 4.23E-12 3.77E-12 3.13E-12 2.54E-12 2.23E-12
 1.46E-14 1.47E-13 8.60E-13 2.77E-12 4.31E-12 4.96E-12 4.87E-12 4.69E-12
 4.50E-12 4.18E-12 3.73E-12 3.10E-12 2.51E-12 2.21E-12
 1.45E-14 1.46E-13 8.48E-13 2.65E-12 4.02E-12 4.62E-12 4.60E-12 4.46E-12
 4.30E-12 4.02E-12 3.60E-12 3.01E-12 2.45E-12 2.16E-12
 1.41E-14 1.41E-13 7.80E-13 2.19E-12 3.14E-12 3.70E-12 3.86E-12 3.82E-12
 3.73E-12 3.52E-12 3.19E-12 2.69E-12 2.20E-12 1.95E-12
  31.6558    7  14 /pl=01:ss=54:pb= 1:sz=54/type=excit/ispb = t/isel =   33
 1.00E+10 1.00E+11 1.00E+12 1.00E+13 1.00E+14 1.00E+15 1.00E+16
 5.21E+01 7.82E+01 1.30E+02 2.61E+02 5.21E+02 1.30E+03 2.61E+03 3.91E+03
 5.21E+03 7.82E+03 1.30E+04 2.61E+04 5.21E+04 7.82E+04
 1.65E-13 1.70E-12 1.00E-11 3.35E-11 5.34E-11 5.81E-11 5.24E-11 4.78E-11
 4.45E-11 3.98E-11 3.42E-11 2.72E-11 2.14E-11 1.85E-11
 1.65E-13 1.70E-12 1.01E-11 3.35E-11 5.34E-11 5.81E-11 5.24E-11 4.78E-11
 4.45E-11 3.98E-11 3.42E-11 2.72E-11 2.14E-11 1.85E-11
 1.65E-13 1.70E-12 1.01E-11 3.35E-11 5.34E-11 5.81E-11 5.23E-11 4.78E-11
 4.45E-11 3.98E-11 3.41E-11 2.71E-11 2.14E-11 1.85E-11
 1.65E-13 1.70E-12 1.00E-11 3.34E-11 5.32E-11 5.78E-11 5.21E-11 4.76E-11
 4.43E-11 3.96E-11 3.40E-11 2.71E-11 2.14E-11 1.85E-11
 1.65E-13 1.70E-12 1.00E-11 3.30E-11 5.22E-11 5.65E-11 5.09E-11 4.65E-11
 4.33E-11 3.88E-11 3.33E-11 2.66E-11 2.10E-11 1.82E-11
 1.64E-13 1.68E-12 9.77E-12 3.09E-11 4.67E-11 4.94E-11 4.45E-11 4.09E-11
 3.82E-11 3.44E-11 2.99E-11 2.42E-11 1.94E-11 1.69E-11
 1.56E-13 1.57E-12 8.31E-12 2.24E-11 3.20E-11 3.36E-11 3.04E-11 2.80E-11
 2.62E-11 2.38E-11 2.08E-11 1.71E-11 1.40E-11 1.24E-11
  31.8146    7  14 /pl=01:ss=54:pb= 1:sz=54/type=excit/ispb = t/isel =   34
 1.00E+10 1.00E+11 1.00E+12 1.00E+13 1.00E+14 1.00E+15 1.00E+16
 5.21E+01 7.82E+01 1.30E+02 2.61E+02 5.21E+02 1.30E+03 2.61E+03 3.91E+03
 5.21E+03 7.82E+03 1.30E+04 2.61E+04 5.21E+04 7.82E+04
 6.55E-14 6.27E-13 3.52E-12 1.12E-11 1.73E-11 1.88E-11 1.72E-11 1.59E-11
 1.49E-11 1.34E-11 1.16E-11 9.41E-12 7.48E-12 6.51E-12
 6.53E-14 6.25E-13 3.52E-12 1.12E-11 1.73E-11 1.88E-11 1.72E-11 1.59E-11
 1.49E-11 1.34E-11 1.16E-11 9.40E-12 7.48E-12 6.51E-12
 6.52E-14 6.25E-13 3.52E-12 1.12E-11 1.73E-11 1.88E-11 1.72E-11 1.59E-11
 1.49E-11 1.34E-11 1.16E-11 9.40E-12 7.48E-12 6.51E-12
 6.52E-14 6.25E-13 3.52E-12 1.11E-11 1.72E-11 1.88E-11 1.71E-11 1.58E-11
 1.48E-11 1.34E-11 1.16E-11 9.37E-12 7.46E-12 6.49E-12
 6.52E-14 6.24E-13 3.50E-12 1.10E-11 1.69E-11 1.84E-11 1.68E-11 1.55E-11
 1.45E-11 1.31E-11 1.14E-11 9.24E-12 7.36E-12 6.41E-12
 6.50E-14 6.21E-13 3.45E-12 1.05E-11 1.56E-11 1.66E-11 1.52E-11 1.40E-11
 1.32E-11 1.20E-11 1.05E-11 8.57E-12 6.91E-12 6.05E-12
 6.28E-14 5.95E-13 3.11E-12 8.28E-12 1.14E-11 1.19E-11 1.09E-11 1.01E-11
 9.58E-12 8.75E-12 7.72E-12 6.43E-12 5.28E-12 4.69E-12
  31.9732    7  14 /pl=01:ss=54:pb= 1:sz=54/type=excit/ispb = t/isel =   35
 1.00E+10 1.00E+11 1.00E+12 1.00E+13 1.00E+14 1.00E+15 1.00E+16
 5.21E+01 7.82E+01 1.30E+02 2.61E+02 5.21E+02 1.30E+03 2.61E+03 3.91E+03
 5.21E+03 7.82E+03 1.30E+04 2.61E+04 5.21E+04 7.82E+04
 1.51E-14 1.56E-13 9.21E-13 3.07E-12 4.90E-12 5.33E-12 4.80E-12 4.38E-12
 4.08E-12 3.65E-12 3.13E-12 2.49E-12 1.97E-12 1.70E-12
 1.52E-14 1.56E-13 9.22E-13 3.07E-12 4.90E-12 5.33E-12 4.80E-12 4.38E-12
 4.08E-12 3.65E-12 3.13E-12 2.49E-12 1.97E-12 1.70E-12
 1.52E-14 1.56E-13 9.22E-13 3.07E-12 4.89E-12 5.32E-12 4.80E-12 4.38E-12
 4.08E-12 3.64E-12 3.13E-12 2.49E-12 1.96E-12 1.70E-12
 1.52E-14 1.56E-13 9.21E-13 3.07E-12 4.87E-12 5.30E-12 4.77E-12 4.36E-12
 4.06E-12 3.63E-12 3.12E-12 2.48E-12 1.96E-12 1.69E-12
 1.51E-14 1.56E-13 9.16E-13 3.03E-12 4.78E-12 5.18E-12 4.67E-12 4.26E-12
 3.97E-12 3.55E-12 3.06E-12 2.44E-12 1.93E-12 1.67E-12
 1.50E-14 1.54E-13 8.95E-13 2.83E-12 4.28E-12 4.53E-12 4.08E-12 3.75E-12
 3.50E-12 3.16E-12 2.74E-12 2.22E-12 1.78E-12 1.55E-12
 1.43E-14 1.44E-13 7.62E-13 2.05E-12 2.93E-12 3.08E-12 2.79E-12 2.57E-12
 2.41E-12 2.18E-12 1.91E-12 1.57E-12 1.28E-12 1.13E-12
  32.2656    7  14 /pl=01:ss=54:pb= 1:sz=54/type=excit/ispb = t/isel =   36
 1.00E+10 1.00E+11 1.00E+12 1.00E+13 1.00E+14 1.00E+15 1.00E+16
 5.21E+01 7.82E+01 1.30E+02 2.61E+02 5.21E+02 1.30E+03 2.61E+03 3.91E+03
 5.21E+03 7.82E+03 1.30E+04 2.61E+04 5.21E+04 7.82E+04
 2.35E-13 2.32E-12 1.32E-11 4.27E-11 6.71E-11 7.24E-11 6.51E-11 5.93E-11
 5.52E-11 4.93E-11 4.23E-11 3.36E-11 2.66E-11 2.29E-11
 2.36E-13 2.32E-12 1.32E-11 4.28E-11 6.71E-11 7.24E-11 6.51E-11 5.93E-11
 5.52E-11 4.93E-11 4.23E-11 3.36E-11 2.66E-11 2.29E-11
 2.36E-13 2.32E-12 1.32E-11 4.27E-11 6.71E-11 7.23E-11 6.50E-11 5.93E-11
 5.51E-11 4.93E-11 4.23E-11 3.36E-11 2.66E-11 2.29E-11
 2.36E-13 2.32E-12 1.32E-11 4.26E-11 6.68E-11 7.20E-11 6.47E-11 5.90E-11
 5.49E-11 4.91E-11 4.21E-11 3.34E-11 2.65E-11 2.29E-11
 2.35E-13 2.32E-12 1.31E-11 4.21E-11 6.56E-11 7.04E-11 6.33E-11 5.77E-11
 5.37E-11 4.81E-11 4.13E-11 3.29E-11 2.61E-11 2.26E-11
 2.34E-13 2.30E-12 1.28E-11 3.94E-11 5.89E-11 6.19E-11 5.57E-11 5.10E-11
 4.76E-11 4.29E-11 3.72E-11 3.00E-11 2.42E-11 2.10E-11
 2.22E-13 2.15E-12 1.10E-11 2.90E-11 4.10E-11 4.29E-11 3.88E-11 3.56E-11
 3.33E-11 3.02E-11 2.64E-11 2.16E-11 1.77E-11 1.56E-11
  32.5954    7  14 /pl=01:ss=54:pb= 1:sz=54/type=excit/ispb = t/isel =   37
 1.00E+10 1.00E+11 1.00E+12 1.00E+13 1.00E+14 1.00E+15 1.00E+16
 5.21E+01 7.82E+01 1.30E+02 2.61E+02 5.21E+02 1.30E+03 2.61E+03 3.91E+03
 5.21E+03 7.82E+03 1.30E+04 2.61E+04 5.21E+04 7.82E+04
 3.40E-14 3.36E-13 1.91E-12 6.19E-12 9.71E-12 1.05E-11 9.42E-12 8.59E-12
 7.98E-12 7.14E-12 6.12E-12 4.86E-12 3.85E-12 3.32E-12
 3.41E-14 3.36E-13 1.91E-12 6.19E-12 9.71E-12 1.05E-11 9.42E-12 8.59E-12
 7.98E-12 7.14E-12 6.12E-12 4.86E-12 3.85E-12 3.32E-12
 3.41E-14 3.36E-13 1.91E-12 6.19E-12 9.71E-12 1.05E-11 9.41E-12 8.58E-12
 7.98E-12 7.14E-12 6.12E-12 4.86E-12 3.85E-12 3.32E-12
 3.41E-14 3.36E-13 1.91E-12 6.17E-12 9.67E-12 1.04E-11 9.37E-12 8.54E-12
 7.94E-12 7.11E-12 6.09E-12 4.84E-12 3.83E-12 3.31E-12
 3.41E-14 3.35E-13 1.90E-12 6.10E-12 9.49E-12 1.02E-11 9.16E-12 8.36E-12
 7.77E-12 6.96E-12 5.98E-12 4.76E-12 3.78E-12 3.26E-12
 3.38E-14 3.32E-13 1.85E-12 5.71E-12 8.52E-12 8.96E-12 8.06E-12 7.38E-12
 6.89E-12 6.21E-12 5.38E-12 4.35E-12 3.50E-12 3.04E-12
 3.22E-14 3.11E-13 1.59E-12 4.19E-12 5.94E-12 6.20E-12 5.61E-12 5.15E-12
 4.82E-12 4.37E-12 3.81E-12 3.12E-12 2.56E-12 2.26E-12
  32.8979    7  14 /pl=01:ss=54:pb= 1:sz=54/type=excit/ispb = t/isel =   38
 1.00E+10 1.00E+11 1.00E+12 1.00E+13 1.00E+14 1.00E+15 1.00E+16
 5.21E+01 7.82E+01 1.30E+02 2.61E+02 5.21E+02 1.30E+03 2.61E+03 3.91E+03
 5.21E+03 7.82E+03 1.30E+04 2.61E+04 5.21E+04 7.82E+04
 2.53E-14 2.22E-13 1.18E-12 3.54E-12 5.37E-12 5.85E-12 5.43E-12 5.06E-12
 4.76E-12 4.30E-12 3.74E-12 3.03E-12 2.39E-12 2.08E-12
 2.53E-14 2.22E-13 1.18E-12 3.53E-12 5.37E-12 5.85E-12 5.43E-12 5.06E-12
 4.76E-12 4.30E-12 3.74E-12 3.03E-12 2.39E-12 2.08E-12
 2.53E-14 2.22E-13 1.18E-12 3.53E-12 5.36E-12 5.85E-12 5.43E-12 5.06E-12
 4.76E-12 4.30E-12 3.74E-12 3.03E-12 2.39E-12 2.08E-12
 2.53E-14 2.22E-13 1.18E-12 3.53E-12 5.35E-12 5.83E-12 5.41E-12 5.04E-12
 4.74E-12 4.29E-12 3.73E-12 3.02E-12 2.39E-12 2.07E-12
 2.52E-14 2.22E-13 1.17E-12 3.51E-12 5.31E-12 5.78E-12 5.36E-12 5.00E-12
 4.70E-12 4.25E-12 3.69E-12 2.99E-12 2.37E-12 2.06E-12
 2.52E-14 2.21E-13 1.17E-12 3.49E-12 5.25E-12 5.68E-12 5.26E-12 4.90E-12
 4.61E-12 4.17E-12 3.63E-12 2.94E-12 2.33E-12 2.03E-12
 2.54E-14 2.23E-13 1.17E-12 3.37E-12 4.90E-12 5.20E-12 4.80E-12 4.48E-12
 4.21E-12 3.82E-12 3.34E-12 2.73E-12 2.19E-12 1.91E-12
  32.9781    7  14 /pl=01:ss=54:pb= 1:sz=54/type=excit/ispb = t/isel =   39
 1.00E+10 1.00E+11 1.00E+12 1.00E+13 1.00E+14 1.00E+15 1.00E+16
 5.21E+01 7.82E+01 1.30E+02 2.61E+02 5.21E+02 1.30E+03 2.61E+03 3.91E+03
 5.21E+03 7.82E+03 1.30E+04 2.61E+04 5.21E+04 7.82E+04
 1.11E-14 1.06E-13 5.92E-13 1.86E-12 2.88E-12 3.32E-12 3.27E-12 3.14E-12
 3.01E-12 2.79E-12 2.47E-12 2.04E-12 1.65E-12 1.44E-12
 1.11E-14 1.06E-13 5.92E-13 1.86E-12 2.88E-12 3.32E-12 3.27E-12 3.14E-12
 3.01E-12 2.79E-12 2.47E-12 2.04E-12 1.64E-12 1.44E-12
 1.11E-14 1.06E-13 5.92E-13 1.86E-12 2.88E-12 3.32E-12 3.28E-12 3.14E-12
 3.01E-12 2.79E-12 2.47E-12 2.04E-12 1.65E-12 1.44E-12
 1.11E-14 1.06E-13 5.92E-13 1.87E-12 2.90E-12 3.35E-12 3.30E-12 3.16E-12
 3.03E-12 2.80E-12 2.48E-12 2.05E-12 1.65E-12 1.44E-12
 1.11E-14 1.06E-13 5.99E-13 1.95E-12 3.13E-12 3.66E-12 3.58E-12 3.41E-12
 3.26E-12 2.99E-12 2.63E-12 2.15E-12 1.71E-12 1.49E-12
 1.16E-14 1.12E-13 6.77E-13 2.70E-12 4.98E-12 6.04E-12 5.78E-12 5.40E-12
 5.08E-12 4.56E-12 3.90E-12 3.05E-12 2.33E-12 1.98E-12
 1.58E-14 1.59E-13 1.23E-12 5.59E-12 9.60E-12 1.09E-11 1.02E-11 9.53E-12
 8.99E-12 8.14E-12 7.06E-12 5.64E-12 4.38E-12 3.73E-12
  33.3870    7  14 /pl=01:ss=54:pb= 1:sz=54/type=excit/ispb = t/isel =   40
 1.00E+10 1.00E+11 1.00E+12 1.00E+13 1.00E+14 1.00E+15 1.00E+16
 5.21E+01 7.82E+01 1.30E+02 2.61E+02 5.21E+02 1.30E+03 2.61E+03 3.91E+03
 5.21E+03 7.82E+03 1.30E+04 2.61E+04 5.21E+04 7.82E+04
 1.98E-13 1.80E-12 9.56E-12 2.96E-11 4.55E-11 4.94E-11 4.51E-11 4.16E-11
 3.89E-11 3.49E-11 3.00E-11 2.39E-11 1.88E-11 1.62E-11
 1.99E-13 1.80E-12 9.57E-12 2.96E-11 4.55E-11 4.94E-11 4.51E-11 4.16E-11
 3.89E-11 3.49E-11 3.00E-11 2.39E-11 1.88E-11 1.62E-11
 1.99E-13 1.80E-12 9.57E-12 2.96E-11 4.55E-11 4.93E-11 4.51E-11 4.16E-11
 3.89E-11 3.49E-11 3.00E-11 2.39E-11 1.88E-11 1.62E-11
 1.99E-13 1.80E-12 9.56E-12 2.95E-11 4.53E-11 4.91E-11 4.49E-11 4.14E-11
 3.87E-11 3.47E-11 2.99E-11 2.38E-11 1.87E-11 1.62E-11
 1.99E-13 1.80E-12 9.51E-12 2.91E-11 4.44E-11 4.79E-11 4.38E-11 4.04E-11
 3.78E-11 3.40E-11 2.93E-11 2.34E-11 1.84E-11 1.59E-11
 1.97E-13 1.78E-12 9.28E-12 2.71E-11 3.95E-11 4.17E-11 3.81E-11 3.53E-11
 3.31E-11 3.00E-11 2.61E-11 2.12E-11 1.69E-11 1.48E-11
 1.87E-13 1.66E-12 7.84E-12 1.93E-11 2.65E-11 2.77E-11 2.55E-11 2.37E-11
 2.23E-11 2.03E-11 1.78E-11 1.47E-11 1.20E-11 1.06E-11
  34.0725    7  14 /pl=01:ss=54:pb= 1:sz=54/type=excit/ispb = t/isel =   41
 1.00E+10 1.00E+11 1.00E+12 1.00E+13 1.00E+14 1.00E+15 1.00E+16
 5.21E+01 7.82E+01 1.30E+02 2.61E+02 5.21E+02 1.30E+03 2.61E+03 3.91E+03
 5.21E+03 7.82E+03 1.30E+04 2.61E+04 5.21E+04 7.82E+04
 2.02E-14 1.77E-13 9.40E-13 2.82E-12 4.27E-12 4.66E-12 4.32E-12 4.03E-12
 3.79E-12 3.43E-12 2.98E-12 2.41E-12 1.91E-12 1.66E-12
 2.01E-14 1.77E-13 9.39E-13 2.81E-12 4.27E-12 4.66E-12 4.32E-12 4.03E-12
 3.79E-12 3.43E-12 2.98E-12 2.41E-12 1.91E-12 1.66E-12
 2.01E-14 1.77E-13 9.39E-13 2.81E-12 4.27E-12 4.66E-12 4.32E-12 4.03E-12
 3.79E-12 3.42E-12 2.98E-12 2.41E-12 1.91E-12 1.66E-12
 2.01E-14 1.77E-13 9.38E-13 2.81E-12 4.26E-12 4.64E-12 4.31E-12 4.01E-12
 3.77E-12 3.41E-12 2.97E-12 2.40E-12 1.90E-12 1.65E-12
 2.01E-14 1.76E-13 9.35E-13 2.79E-12 4.23E-12 4.60E-12 4.27E-12 3.98E-12
 3.74E-12 3.38E-12 2.94E-12 2.38E-12 1.89E-12 1.64E-12
 2.01E-14 1.76E-13 9.33E-13 2.78E-12 4.18E-12 4.53E-12 4.19E-12 3.90E-12
 3.67E-12 3.32E-12 2.89E-12 2.34E-12 1.86E-12 1.62E-12
 2.02E-14 1.77E-13 9.33E-13 2.68E-12 3.90E-12 4.14E-12 3.82E-12 3.56E-12
 3.35E-12 3.04E-12 2.66E-12 2.17E-12 1.74E-12 1.52E-12
  35.6517    7  14 /pl=01:ss=54:pb= 1:sz=54/type=excit/ispb = t/isel =   42
 1.00E+10 1.00E+11 1.00E+12 1.00E+13 1.00E+14 1.00E+15 1.00E+16
 5.21E+01 7.82E+01 1.30E+02 2.61E+02 5.21E+02 1.30E+03 2.61E+03 3.91E+03
 5.21E+03 7.82E+03 1.30E+04 2.61E+04 5.21E+04 7.82E+04
 1.06E-14 8.44E-14 4.09E-13 1.18E-12 1.76E-12 2.02E-12 1.99E-12 1.90E-12
 1.82E-12 1.67E-12 1.47E-12 1.19E-12 9.42E-13 8.14E-13
 1.06E-14 8.45E-14 4.10E-13 1.18E-12 1.76E-12 2.02E-12 1.99E-12 1.90E-12
 1.82E-12 1.67E-12 1.47E-12 1.19E-12 9.42E-13 8.14E-13
 1.06E-14 8.45E-14 4.10E-13 1.18E-12 1.77E-12 2.02E-12 1.99E-12 1.90E-12
 1.82E-12 1.67E-12 1.47E-12 1.19E-12 9.42E-13 8.14E-13
 1.06E-14 8.45E-14 4.10E-13 1.18E-12 1.78E-12 2.04E-12 2.01E-12 1.92E-12
 1.83E-12 1.68E-12 1.48E-12 1.19E-12 9.46E-13 8.17E-13
 1.06E-14 8.50E-14 4.16E-13 1.25E-12 1.96E-12 2.29E-12 2.23E-12 2.12E-12
 2.02E-12 1.83E-12 1.59E-12 1.27E-12 9.96E-13 8.55E-13
 1.12E-14 9.05E-14 4.87E-13 1.87E-12 3.44E-12 4.18E-12 3.97E-12 3.69E-12
 3.45E-12 3.06E-12 2.57E-12 1.96E-12 1.46E-12 1.21E-12
 1.63E-14 1.40E-13 9.85E-13 4.27E-12 7.15E-12 8.05E-12 7.51E-12 6.97E-12
 6.55E-12 5.87E-12 5.02E-12 3.93E-12 2.99E-12 2.52E-12
  35.9052    7  14 /pl=01:ss=54:pb= 1:sz=54/type=excit/ispb = t/isel =   43
 1.00E+10 1.00E+11 1.00E+12 1.00E+13 1.00E+14 1.00E+15 1.00E+16
 5.21E+01 7.82E+01 1.30E+02 2.61E+02 5.21E+02 1.30E+03 2.61E+03 3.91E+03
 5.21E+03 7.82E+03 1.30E+04 2.61E+04 5.21E+04 7.82E+04
 1.22E-14 8.81E-14 3.96E-13 1.06E-12 1.51E-12 1.58E-12 1.43E-12 1.32E-12
 1.24E-12 1.11E-12 9.62E-13 7.76E-13 6.14E-13 5.33E-13
 1.21E-14 8.79E-14 3.95E-13 1.06E-12 1.51E-12 1.58E-12 1.43E-12 1.32E-12
 1.24E-12 1.11E-12 9.62E-13 7.75E-13 6.14E-13 5.33E-13
 1.21E-14 8.79E-14 3.95E-13 1.06E-12 1.51E-12 1.58E-12 1.43E-12 1.32E-12
 1.24E-12 1.11E-12 9.61E-13 7.75E-13 6.14E-13 5.33E-13
 1.21E-14 8.79E-14 3.95E-13 1.06E-12 1.51E-12 1.58E-12 1.43E-12 1.32E-12
 1.23E-12 1.11E-12 9.58E-13 7.73E-13 6.12E-13 5.32E-13
 1.21E-14 8.78E-14 3.94E-13 1.05E-12 1.49E-12 1.56E-12 1.41E-12 1.30E-12
 1.22E-12 1.10E-12 9.49E-13 7.66E-13 6.07E-13 5.27E-13
 1.21E-14 8.75E-14 3.91E-13 1.03E-12 1.44E-12 1.50E-12 1.36E-12 1.26E-12
 1.18E-12 1.07E-12 9.26E-13 7.49E-13 5.95E-13 5.17E-13
 1.20E-14 8.65E-14 3.78E-13 9.38E-13 1.27E-12 1.32E-12 1.21E-12 1.13E-12
 1.06E-12 9.66E-13 8.41E-13 6.86E-13 5.49E-13 4.79E-13
  36.1780    7  14 /pl=01:ss=54:pb= 1:sz=54/type=excit/ispb = t/isel =   44
 1.00E+10 1.00E+11 1.00E+12 1.00E+13 1.00E+14 1.00E+15 1.00E+16
 5.21E+01 7.82E+01 1.30E+02 2.61E+02 5.21E+02 1.30E+03 2.61E+03 3.91E+03
 5.21E+03 7.82E+03 1.30E+04 2.61E+04 5.21E+04 7.82E+04
 2.23E-13 1.59E-12 7.03E-12 1.85E-11 2.62E-11 2.72E-11 2.45E-11 2.26E-11
 2.11E-11 1.90E-11 1.65E-11 1.33E-11 1.06E-11 9.20E-12
 2.23E-13 1.58E-12 7.03E-12 1.85E-11 2.62E-11 2.72E-11 2.45E-11 2.26E-11
 2.11E-11 1.90E-11 1.65E-11 1.33E-11 1.06E-11 9.20E-12
 2.23E-13 1.58E-12 7.02E-12 1.85E-11 2.62E-11 2.72E-11 2.45E-11 2.26E-11
 2.11E-11 1.90E-11 1.64E-11 1.33E-11 1.06E-11 9.20E-12
 2.23E-13 1.58E-12 7.02E-12 1.85E-11 2.61E-11 2.71E-11 2.44E-11 2.25E-11
 2.10E-11 1.89E-11 1.64E-11 1.33E-11 1.06E-11 9.18E-12
 2.22E-13 1.58E-12 6.99E-12 1.83E-11 2.57E-11 2.66E-11 2.40E-11 2.21E-11
 2.06E-11 1.86E-11 1.61E-11 1.31E-11 1.04E-11 9.07E-12
 2.22E-13 1.57E-12 6.89E-12 1.75E-11 2.38E-11 2.42E-11 2.18E-11 2.01E-11
 1.88E-11 1.71E-11 1.49E-11 1.22E-11 9.82E-12 8.60E-12
 2.15E-13 1.51E-12 6.27E-12 1.41E-11 1.79E-11 1.78E-11 1.61E-11 1.49E-11
 1.40E-11 1.28E-11 1.13E-11 9.35E-12 7.66E-12 6.79E-12
  39.0680    7  14 /pl=01:ss=54:pb= 1:sz=54/type=excit/ispb = t/isel =   45
 1.00E+10 1.00E+11 1.00E+12 1.00E+13 1.00E+14 1.00E+15 1.00E+16
 5.21E+01 7.82E+01 1.30E+02 2.61E+02 5.21E+02 1.30E+03 2.61E+03 3.91E+03
 5.21E+03 7.82E+03 1.30E+04 2.61E+04 5.21E+04 7.82E+04
 3.84E-15 4.46E-14 2.94E-13 1.04E-12 1.73E-12 2.14E-12 2.19E-12 2.14E-12
 2.06E-12 1.91E-12 1.70E-12 1.39E-12 1.11E-12 9.63E-13
 3.84E-15 4.46E-14 2.94E-13 1.05E-12 1.74E-12 2.15E-12 2.20E-12 2.15E-12
 2.07E-12 1.92E-12 1.70E-12 1.40E-12 1.11E-12 9.65E-13
 3.86E-15 4.49E-14 2.98E-13 1.08E-12 1.81E-12 2.24E-12 2.29E-12 2.22E-12
 2.14E-12 1.98E-12 1.75E-12 1.43E-12 1.13E-12 9.80E-13
 4.04E-15 4.77E-14 3.37E-13 1.35E-12 2.36E-12 2.90E-12 2.89E-12 2.77E-12
 2.64E-12 2.41E-12 2.09E-12 1.67E-12 1.30E-12 1.11E-12
 5.38E-15 6.61E-14 5.14E-13 2.06E-12 3.52E-12 4.22E-12 4.15E-12 3.96E-12
 3.76E-12 3.44E-12 2.99E-12 2.39E-12 1.86E-12 1.58E-12
 8.14E-15 9.69E-14 6.86E-13 2.64E-12 4.58E-12 5.57E-12 5.45E-12 5.19E-12
 4.91E-12 4.47E-12 3.87E-12 3.09E-12 2.41E-12 2.06E-12
 9.53E-15 1.15E-13 8.97E-13 3.92E-12 6.91E-12 8.28E-12 8.02E-12 7.59E-12
 7.17E-12 6.52E-12 5.63E-12 4.48E-12 3.46E-12 2.95E-12
  121.026    7  14 /pl=01:ss=54:pb= 1:sz=54/type=excit/ispb = t/isel =   46
 1.00E+10 1.00E+11 1.00E+12 1.00E+13 1.00E+14 1.00E+15 1.00E+16
 5.21E+01 7.82E+01 1.30E+02 2.61E+02 5.21E+02 1.30E+03 2.61E+03 3.91E+03
 5.21E+03 7.82E+03 1.30E+04 2.61E+04 5.21E+04 7.82E+04
 5.01E-14 1.23E-13 4.57E-13 1.50E-12 2.53E-12 3.13E-12 3.17E-12 3.07E-12
 2.95E-12 2.74E-12 2.43E-12 2.00E-12 1.61E-12 1.40E-12
 4.99E-14 1.23E-13 4.56E-13 1.49E-12 2.52E-12 3.12E-12 3.16E-12 3.06E-12
 2.94E-12 2.73E-12 2.42E-12 2.00E-12 1.61E-12 1.40E-12
 4.97E-14 1.22E-13 4.51E-13 1.46E-12 2.43E-12 2.99E-12 3.04E-12 2.95E-12
 2.84E-12 2.64E-12 2.35E-12 1.95E-12 1.57E-12 1.38E-12
 4.80E-14 1.17E-13 4.07E-13 1.16E-12 1.78E-12 2.14E-12 2.20E-12 2.16E-12
 2.11E-12 2.00E-12 1.84E-12 1.58E-12 1.32E-12 1.18E-12
 3.54E-14 7.96E-14 2.06E-13 3.89E-13 4.96E-13 5.67E-13 5.94E-13 6.02E-13
 6.02E-13 5.96E-13 5.82E-13 5.52E-13 5.13E-13 4.88E-13
 9.77E-15 1.91E-14 3.55E-14 5.53E-14 6.89E-14 7.90E-14 8.32E-14 8.46E-14
 8.49E-14 8.47E-14 8.36E-14 8.14E-14 7.85E-14 7.68E-14
 1.18E-15 2.31E-15 4.61E-15 8.31E-15 1.08E-14 1.24E-14 1.29E-14 1.31E-14
 1.30E-14 1.29E-14 1.26E-14 1.21E-14 1.15E-14 1.12E-14
  151.628    7  14 /pl=01:ss=54:pb= 1:sz=54/type=excit/ispb = t/isel =   47
 1.00E+10 1.00E+11 1.00E+12 1.00E+13 1.00E+14 1.00E+15 1.00E+16
 5.21E+01 7.82E+01 1.30E+02 2.61E+02 5.21E+02 1.30E+03 2.61E+03 3.91E+03
 5.21E+03 7.82E+03 1.30E+04 2.61E+04 5.21E+04 7.82E+04
 1.22E-13 3.54E-13 2.30E-12 1.13E-11 2.25E-11 2.93E-11 2.91E-11 2.78E-11
 2.65E-11 2.44E-11 2.16E-11 1.77E-11 1.44E-11 1.25E-11
 1.22E-13 3.53E-13 2.30E-12 1.13E-11 2.25E-11 2.93E-11 2.91E-11 2.78E-11
 2.65E-11 2.44E-11 2.16E-11 1.77E-11 1.43E-11 1.25E-11
 1.22E-13 3.53E-13 2.30E-12 1.13E-11 2.26E-11 2.94E-11 2.92E-11 2.78E-11
 2.66E-11 2.44E-11 2.17E-11 1.78E-11 1.44E-11 1.25E-11
 1.23E-13 3.58E-13 2.33E-12 1.15E-11 2.30E-11 3.00E-11 2.97E-11 2.83E-11
 2.70E-11 2.48E-11 2.20E-11 1.80E-11 1.45E-11 1.27E-11
 1.32E-13 3.85E-13 2.48E-12 1.20E-11 2.38E-11 3.09E-11 3.07E-11 2.93E-11
 2.79E-11 2.57E-11 2.27E-11 1.86E-11 1.50E-11 1.31E-11
 1.52E-13 4.32E-13 2.60E-12 1.21E-11 2.35E-11 3.02E-11 3.00E-11 2.87E-11
 2.75E-11 2.54E-11 2.26E-11 1.86E-11 1.51E-11 1.32E-11
 1.66E-13 4.60E-13 2.60E-12 1.04E-11 1.77E-11 2.15E-11 2.14E-11 2.08E-11
 2.01E-11 1.90E-11 1.74E-11 1.50E-11 1.27E-11 1.14E-11
  180.272    7  14 /pl=01:ss=54:pb= 1:sz=54/type=excit/ispb = t/isel =   48
 1.00E+10 1.00E+11 1.00E+12 1.00E+13 1.00E+14 1.00E+15 1.00E+16
 5.21E+01 7.82E+01 1.30E+02 2.61E+02 5.21E+02 1.30E+03 2.61E+03 3.91E+03
 5.21E+03 7.82E+03 1.30E+04 2.61E+04 5.21E+04 7.82E+04
 2.04E-14 5.92E-14 3.84E-13 1.89E-12 3.76E-12 4.90E-12 4.86E-12 4.64E-12
 4.43E-12 4.08E-12 3.61E-12 2.97E-12 2.40E-12 2.10E-12
 2.03E-14 5.90E-14 3.84E-13 1.89E-12 3.76E-12 4.90E-12 4.86E-12 4.64E-12
 4.43E-12 4.08E-12 3.61E-12 2.97E-12 2.40E-12 2.10E-12
 2.04E-14 5.91E-14 3.84E-13 1.89E-12 3.77E-12 4.92E-12 4.87E-12 4.65E-12
 4.44E-12 4.09E-12 3.62E-12 2.97E-12 2.40E-12 2.10E-12
 2.06E-14 5.98E-14 3.90E-13 1.92E-12 3.84E-12 5.01E-12 4.96E-12 4.74E-12
 4.51E-12 4.15E-12 3.67E-12 3.01E-12 2.43E-12 2.12E-12
 2.21E-14 6.44E-14 4.14E-13 2.01E-12 3.98E-12 5.17E-12 5.12E-12 4.89E-12
 4.67E-12 4.29E-12 3.80E-12 3.12E-12 2.51E-12 2.19E-12
 2.54E-14 7.22E-14 4.35E-13 2.03E-12 3.93E-12 5.05E-12 5.02E-12 4.80E-12
 4.59E-12 4.24E-12 3.77E-12 3.11E-12 2.52E-12 2.21E-12
 2.77E-14 7.69E-14 4.34E-13 1.74E-12 2.96E-12 3.59E-12 3.58E-12 3.48E-12
 3.37E-12 3.18E-12 2.91E-12 2.51E-12 2.12E-12 1.90E-12
  954.271    7  14 /pl=01:ss=54:pb= 1:sz=54/type=excit/ispb = t/isel =   49
 1.00E+10 1.00E+11 1.00E+12 1.00E+13 1.00E+14 1.00E+15 1.00E+16
 5.21E+01 7.82E+01 1.30E+02 2.61E+02 5.21E+02 1.30E+03 2.61E+03 3.91E+03
 5.21E+03 7.82E+03 1.30E+04 2.61E+04 5.21E+04 7.82E+04
 2.42E-12 3.20E-12 9.01E-12 3.19E-11 5.88E-11 7.48E-11 7.49E-11 7.20E-11
 6.92E-11 6.43E-11 5.75E-11 4.80E-11 3.93E-11 3.46E-11
 2.42E-12 3.20E-12 9.01E-12 3.19E-11 5.88E-11 7.48E-11 7.49E-11 7.20E-11
 6.92E-11 6.43E-11 5.75E-11 4.80E-11 3.93E-11 3.46E-11
 2.42E-12 3.20E-12 9.00E-12 3.19E-11 5.87E-11 7.47E-11 7.48E-11 7.20E-11
 6.91E-11 6.42E-11 5.75E-11 4.80E-11 3.93E-11 3.46E-11
 2.41E-12 3.20E-12 8.99E-12 3.18E-11 5.84E-11 7.42E-11 7.43E-11 7.15E-11
 6.87E-11 6.39E-11 5.72E-11 4.78E-11 3.91E-11 3.45E-11
 2.41E-12 3.19E-12 8.93E-12 3.12E-11 5.66E-11 7.13E-11 7.13E-11 6.87E-11
 6.61E-11 6.16E-11 5.53E-11 4.64E-11 3.82E-11 3.37E-11
 2.38E-12 3.14E-12 8.57E-12 2.73E-11 4.49E-11 5.35E-11 5.34E-11 5.19E-11
 5.03E-11 4.76E-11 4.38E-11 3.80E-11 3.23E-11 2.90E-11
 2.16E-12 2.77E-12 6.19E-12 1.21E-11 1.44E-11 1.50E-11 1.49E-11 1.48E-11
 1.47E-11 1.44E-11 1.41E-11 1.35E-11 1.27E-11 1.22E-11
  3188.98    7  14 /pl=01:ss=54:pb= 1:sz=54/type=excit/ispb = t/isel =   50
 1.00E+10 1.00E+11 1.00E+12 1.00E+13 1.00E+14 1.00E+15 1.00E+16
 5.21E+01 7.82E+01 1.30E+02 2.61E+02 5.21E+02 1.30E+03 2.61E+03 3.91E+03
 5.21E+03 7.82E+03 1.30E+04 2.61E+04 5.21E+04 7.82E+04
 2.43E-12 3.22E-12 9.07E-12 3.22E-11 5.92E-11 7.53E-11 7.54E-11 7.25E-11
 6.97E-11 6.47E-11 5.79E-11 4.84E-11 3.96E-11 3.49E-11
 2.43E-12 3.22E-12 9.07E-12 3.21E-11 5.92E-11 7.53E-11 7.54E-11 7.25E-11
 6.97E-11 6.47E-11 5.79E-11 4.84E-11 3.96E-11 3.49E-11
 2.43E-12 3.22E-12 9.07E-12 3.21E-11 5.91E-11 7.52E-11 7.53E-11 7.25E-11
 6.96E-11 6.47E-11 5.79E-11 4.83E-11 3.95E-11 3.49E-11
 2.43E-12 3.22E-12 9.06E-12 3.20E-11 5.88E-11 7.47E-11 7.48E-11 7.20E-11
 6.92E-11 6.43E-11 5.75E-11 4.81E-11 3.94E-11 3.47E-11
 2.43E-12 3.21E-12 8.99E-12 3.14E-11 5.70E-11 7.18E-11 7.18E-11 6.92E-11
 6.66E-11 6.20E-11 5.57E-11 4.67E-11 3.84E-11 3.40E-11
 2.40E-12 3.16E-12 8.63E-12 2.75E-11 4.52E-11 5.38E-11 5.37E-11 5.22E-11
 5.07E-11 4.80E-11 4.41E-11 3.83E-11 3.25E-11 2.92E-11
 2.18E-12 2.78E-12 6.24E-12 1.22E-11 1.45E-11 1.51E-11 1.50E-11 1.49E-11
 1.47E-11 1.45E-11 1.42E-11 1.35E-11 1.28E-11 1.23E-11
c-------------------------------------------------------------------------------
 
C  root partition information
C  ==========================
C
C  nuclear charge : 74
C  ion charge+1   : 55
C
C  population calculation information
C  ----------------------------------
C
C  population processing code: adas810
C
C  adf04 source file    : adf04_copmm#74_ls_40#w54.dat
C  adf18/a17_p208 file  : NULL
C
C  meta. ion. coeff. selector  : 
 
C  options  : lnorm =T  lpsel =F  lzsel =T  liosel=F
C           : lhsel =F  lrsel =F  lisel =F  lnsel =F
 
C  energy levels
C  -------------
C
C   lv      configuration    (2S+1)L(w-1/2)      energy (cm^-1)
C  ---   ------------------- --------------      --------------
c    1   26                     (3)1(  4.0)             0.0
c    2   26                     (1)4(  4.0)         73434.0
c    3   26                     (3)3( 10.0)        104792.0
c    4   26                     (1)2(  2.0)        659510.0
c    5   26                     (1)0(  0.0)        826270.0
c    6   24555536               (5)0(  2.0)       2127110.0
c    7   24555536               (1)0(  0.0)       2183910.0
c    8   24555536               (1)6(  6.0)       2202610.0
c    9   24555536               (1)2(  2.0)       2250810.0
c   10   24555536               (3)0(  1.0)       2252310.0
c   11   24555536               (1)5(  5.0)       2308610.0
c   12   24555536               (3)5( 16.0)       2670010.0
c   13   24555536               (3)1(  4.0)       2764110.0
c   14   24555536               (1)3(  3.0)       2785110.0
c   15   24555536               (1)4(  4.0)       2872210.0
c   16   24555536               (3)4( 13.0)       2909710.0
c   17   24555536               (1)2(  2.0)       2932310.0
c   18   24555536               (1)2(  2.0)       3039710.0
c   19   24555536               (1)5(  5.0)       3068610.0
c   20   24555536               (5)4( 22.0)       3137110.0
c   21   24555536               (1)1(  1.0)       3143210.0
c   22   24555536               (1)4(  4.0)       3172710.0
c   23   24555536               (5)3( 17.0)       3191310.0
c   24   24555536               (5)2( 12.0)       3211110.0
c   25   24555536               (1)3(  3.0)       3232410.0
c   26   24555536               (3)2(  7.0)       3385910.0
c   27   24555536               (3)5( 16.0)       3396210.0
c   28   24555536               (3)1(  4.0)       3401110.0
c   29   24555536               (3)3( 10.0)       3412710.0
c   30   24555536               (1)2(  2.0)       3622510.0
c   31   24555536               (3)2(  7.0)       3628110.0
c   32   24555536               (1)4(  4.0)       3675310.0
c   33   24555536               (1)3(  3.0)       3684010.0
c   34   24555536               (1)1(  1.0)       3772710.0
c   35   24555536               (3)4( 13.0)       3808810.0
c   36   24555536               (1)1(  1.0)       3859410.0
c   37   24555536               (3)3( 10.0)       3912210.0
c   38   24555536               (3)2(  7.0)       4079110.0
c   39   24555536               (5)2( 12.0)       4241310.0
c   40   24555536               (3)3( 10.0)       4243010.0
c   41   24555536               (5)1(  7.0)       4295510.0
c   42   24555536               (3)2(  7.0)       4318310.0
c   43   24555536               (3)6( 19.0)       4337110.0
c   44   24555536               (3)2(  7.0)       4394010.0
c   45   24555536               (3)2(  7.0)       4411110.0
c   46   24555536               (3)4( 13.0)       4493710.0
c   47   24555536               (3)1(  4.0)       4546210.0
c   48   24555536               (3)3( 10.0)       4635510.0
c   49   24555536               (3)4( 13.0)       4735510.0
c   50   24555536               (3)1(  4.0)       4808310.0
c   51   24555536               (3)3( 10.0)       4838910.0
c   52   24555536               (3)0(  1.0)       5263810.0
c   53   24555536               (1)3(  3.0)       6275810.0
c   54   16519                  (1)3(  3.0)      19060610.0
c   55   16519                  (3)0(  1.0)      19101610.0
c   56   16519                  (3)4( 13.0)      19246610.0
c   57   16519                  (3)2(  7.0)      19283610.0
c   58   16519                  (3)3( 10.0)      19427610.0
c   59   16519                  (1)2(  2.0)      19466610.0
c   60   24555526518            (5)0(  2.0)      19474610.0
c   61   16519                  (1)4(  4.0)      19481610.0
c   62   16519                  (3)1(  4.0)      19579610.0
c   63   16519                  (1)1(  1.0)      19660610.0
c   64   16519                  (1)0(  0.0)      19838610.0
c   65   24555526518            (1)0(  0.0)      19960610.0
c   66   24555526518            (1)5(  5.0)      20002610.0
c   67   1651A                  (1)4(  4.0)      20039610.0
c   68   24555526518            (5)2( 12.0)      20074610.0
c   69   24555526518            (3)5( 16.0)      20116610.0
c   70   24555526518            (5)1(  7.0)      20190610.0
c   71   24555526518            (3)1(  4.0)      20211610.0
c   72   24555526518            (5)4( 22.0)      20216610.0
c   73   1651A                  (3)5( 16.0)      20238610.0
c   74   1651A                  (3)2(  7.0)      20239610.0
c   75   24555526518            (5)2( 12.0)      20262610.0
c   76   24555526518            (5)3( 17.0)      20274610.0
c   77   1651A                  (3)1(  4.0)      20337610.0
c   78   24555526518            (5)1(  7.0)      20382610.0
c   79   24555526518            (3)0(  1.0)      20437610.0
c   80   24555526518            (1)2(  2.0)      20447610.0
c   81   1651A                  (3)3( 10.0)      20448610.0
c   82   1651A                  (3)4( 13.0)      20495610.0
c   83   24555526518            (3)3( 10.0)      20497610.0
c   84   24555526518            (3)0(  1.0)      20536610.0
c   85   24555526518            (1)2(  2.0)      20552610.0
c   86   24555526518            (3)2(  7.0)      20553610.0
c   87   24555526518            (1)3(  3.0)      20558610.0
c   88   24555526518            (3)0(  1.0)      20579610.0
c   89   24555526518            (1)5(  5.0)      20612610.0
c   90   24555526518            (5)1(  7.0)      20619610.0
c   91   1651A                  (1)5(  5.0)      20620610.0
c   92   24555526518            (1)3(  3.0)      20630610.0
c   93   24555526518            (3)0(  1.0)      20632610.0
c   94   24555526518            (3)4( 13.0)      20647610.0
c   95   24555526518            (1)1(  1.0)      20670610.0
c   96   1651A                  (1)2(  2.0)      20686610.0
c   97   24555526518            (1)3(  3.0)      20690610.0
c   98   24555526518            (1)4(  4.0)      20698610.0
c   99   1651A                  (1)3(  3.0)      20720610.0
c  100   24555526518            (3)3( 10.0)      20744610.0
c  101   24555526518            (1)1(  1.0)      20755610.0
c  102   24555526518            (1)2(  2.0)      20755610.0
c  103   24555526518            (3)3( 10.0)      20765610.0
c  104   1651A                  (1)1(  1.0)      20769610.0
c  105   24555526518            (3)6( 19.0)      20774610.0
c  106   24555526518            (3)3( 10.0)      20781610.0
c  107   24555526518            (1)2(  2.0)      20788610.0
c  108   24555526518            (1)4(  4.0)      20818610.0
c  109   24555526518            (3)1(  4.0)      20857610.0
c  110   24555526518            (3)3( 10.0)      20884610.0
c  111   24555526518            (5)5( 27.0)      20925610.0
c  112   24555526518            (3)3( 10.0)      20970610.0
c  113   24555526518            (3)4( 13.0)      20972610.0
c  114   24555526518            (3)5( 16.0)      20998610.0
c  115   24555526518            (3)4( 13.0)      21028610.0
c  116   24555526518            (3)1(  4.0)      21058610.0
c  117   24555526518            (5)3( 17.0)      21094610.0
c  118   24555526519            (1)0(  0.0)      21112610.0
c  119   24555526519            (1)3(  3.0)      21117610.0
c  120   24555526518            (3)3( 10.0)      21117610.0
c  121   24555526518            (1)1(  1.0)      21192610.0
c  122   24555526518            (3)2(  7.0)      21219610.0
c  123   24555526518            (3)3( 10.0)      21221610.0
c  124   24555526518            (3)2(  7.0)      21305610.0
c  125   24555526518            (3)2(  7.0)      21313610.0
c  126   24555526518            (3)2(  7.0)      21339610.0
c  127   24555526518            (3)4( 13.0)      21357610.0
c  128   24555526518            (3)4( 13.0)      21377610.0
c  129   24555526518            (1)3(  3.0)      21413610.0
c  130   24555526518            (3)4( 13.0)      21427610.0
c  131   24555526518            (5)2( 12.0)      21431610.0
c  132   24555526518            (3)2(  7.0)      21438610.0
c  133   24555526518            (1)1(  1.0)      21447610.0
c  134   24555526518            (3)2(  7.0)      21456610.0
c  135   24555526519            (5)1(  7.0)      21472610.0
c  136   24555526518            (3)5( 16.0)      21493610.0
c  137   24555526518            (5)1(  7.0)      21500610.0
c  138   24555526518            (1)2(  2.0)      21556610.0
c  139   24555526518            (1)3(  3.0)      21559610.0
c  140   24555526518            (1)1(  1.0)      21585610.0
c  141   24555526518            (1)2(  2.0)      21602610.0
c  142   24555526519            (5)1(  7.0)      21612610.0
c  143   24555526519            (1)1(  1.0)      21621610.0
c  144   24555526518            (3)4( 13.0)      21626610.0
c  145   24555526519            (5)0(  2.0)      21627610.0
c  146   24555526519            (5)3( 17.0)      21666610.0
c  147   24555526519            (1)4(  4.0)      21669610.0
c  148   24555526519            (5)1(  7.0)      21672610.0
c  149   24555526518            (1)0(  0.0)      21680610.0
c  150   24555526519            (3)0(  1.0)      21698610.0
c  151   24555526519            (3)2(  7.0)      21701610.0
c  152   24555526518            (3)2(  7.0)      21711610.0
c  153   24555526518            (3)3( 10.0)      21712610.0
c  154   24555526518            (5)3( 17.0)      21721610.0
c  155   24555526519            (3)1(  4.0)      21727610.0
c  156   24555526519            (5)3( 17.0)      21761610.0
c  157   24555526519            (1)5(  5.0)      21764610.0
c  158   24555526518            (3)4( 13.0)      21764610.0
c  159   24555526519            (5)2( 12.0)      21769610.0
c  160   24555526518            (5)4( 22.0)      21770610.0
c  161   24555526519            (3)5( 16.0)      21784610.0
c  162   24555526519            (3)4( 13.0)      21787610.0
c  163   24555526519            (3)4( 13.0)      21799610.0
c  164   24555526519            (1)4(  4.0)      21818610.0
c  165   24555526519            (5)2( 12.0)      21826610.0
c  166   24555526518            (3)3( 10.0)      21832610.0
c  167   24555526519            (3)0(  1.0)      21833610.0
c  168   24555526519            (1)4(  4.0)      21837610.0
c  169   24555526519            (1)2(  2.0)      21853610.0
c  170   24555526519            (1)3(  3.0)      21863610.0
c  171   24555526519            (1)1(  1.0)      21867610.0
c  172   24555526519            (1)6(  6.0)      21876610.0
c  173   24555526518            (3)1(  4.0)      21897610.0
c  174   24555526518            (3)1(  4.0)      21900610.0
c  175   24555526519            (3)3( 10.0)      21902610.0
c  176   24555526519            (3)3( 10.0)      21905610.0
c  177   24555526519            (1)2(  2.0)      21909610.0
c  178   24555526519            (3)5( 16.0)      21929610.0
c  179   24555526518            (3)2(  7.0)      21935610.0
c  180   24555526519            (1)2(  2.0)      21945610.0
c  181   24555526519            (1)5(  5.0)      21958610.0
c  182   24555526519            (3)4( 13.0)      21967610.0
c  183   24555526518            (3)2(  7.0)      22019610.0
c  184   24555526519            (1)3(  3.0)      22022610.0
c  185   24555526519            (5)5( 27.0)      22040610.0
c  186   24555526519            (3)1(  4.0)      22045610.0
c  187   24555526519            (5)2( 12.0)      22048610.0
c  188   24555526519            (3)2(  7.0)      22130610.0
c  189   24555526518            (3)2(  7.0)      22148610.0
c  190   24555526518            (3)3( 10.0)      22175610.0
c  191   24555526519            (3)1(  4.0)      22204610.0
c  192   24555526518            (5)2( 12.0)      22222610.0
c  193   24555526519            (3)4( 13.0)      22241610.0
c  194   24555526518            (1)3(  3.0)      22278610.0
c  195   24555526518            (3)5( 16.0)      22301610.0
c  196   24555526518            (3)1(  4.0)      22304610.0
c  197   24555526519            (5)4( 22.0)      22316610.0
c  198   24555526518            (3)2(  7.0)      22334610.0
c  199   24555526518            (3)1(  4.0)      22340610.0
c  200   24555526518            (5)3( 17.0)      22343610.0
c  201   24555526519            (1)1(  1.0)      22348610.0
c  202   24555526519            (1)2(  2.0)      22360610.0
c  203   24555526519            (3)1(  4.0)      22377610.0
c  204   24555526519            (1)3(  3.0)      22388610.0
c  205   24555526519            (1)5(  5.0)      22396610.0
c  206   24555526519            (3)2(  7.0)      22397610.0
c  207   24555526519            (5)4( 22.0)      22399610.0
c  208   24555526519            (1)1(  1.0)      22409610.0
c  209   24555526519            (3)3( 10.0)      22412610.0
c  210   24555526519            (3)2(  7.0)      22417610.0
c  211   24555526519            (1)5(  5.0)      22421610.0
c  212   24555526519            (5)4( 22.0)      22437610.0
c  213   24555526519            (5)5( 27.0)      22437610.0
c  214   24555526519            (3)7( 22.0)      22440610.0
c  215   24555526519            (3)3( 10.0)      22462610.0
c  216   24555526519            (3)2(  7.0)      22473610.0
c  217   24555526519            (3)2(  7.0)      22482610.0
c  218   24555526519            (3)6( 19.0)      22486610.0
c  219   24555526519            (1)2(  2.0)      22500610.0
c  220   24555526519            (5)6( 32.0)      22503610.0
c  221   24555526519            (1)0(  0.0)      22506610.0
c  222   24555526519            (1)3(  3.0)      22518610.0
c  223   24555526519            (1)3(  3.0)      22527610.0
c  224   24555526519            (3)0(  1.0)      22532610.0
c  225   24555526519            (5)4( 22.0)      22537610.0
c  226   24555526519            (1)4(  4.0)      22542610.0
c  227   24555526519            (3)1(  4.0)      22550610.0
c  228   24555526519            (5)3( 17.0)      22557610.0
c  229   24555526519            (3)1(  4.0)      22559610.0
c  230   24555526519            (1)3(  3.0)      22564610.0
c  231   24555526519            (3)6( 19.0)      22578610.0
c  232   24555526518            (3)1(  4.0)      22580610.0
c  233   24555526519            (1)1(  1.0)      22608610.0
c  234   24555526518            (1)4(  4.0)      22614610.0
c  235   24555526519            (1)2(  2.0)      22614610.0
c  236   24555526519            (3)6( 19.0)      22625610.0
c  237   24555526518            (1)2(  2.0)      22633610.0
c  238   24555526519            (1)2(  2.0)      22654610.0
c  239   24555526519            (3)4( 13.0)      22657610.0
c  240   24555526519            (3)3( 10.0)      22658610.0
c  241   24555526519            (3)3( 10.0)      22660610.0
c  242   24555526519            (1)3(  3.0)      22663610.0
c  243   24555526519            (3)5( 16.0)      22674610.0
c  244   24555526519            (5)3( 17.0)      22681610.0
c  245   24555526518            (3)1(  4.0)      22686610.0
c  246   24555526519            (5)2( 12.0)      22695610.0
c  247   24555526519            (1)0(  0.0)      22697610.0
c  248   24555526518            (3)2(  7.0)      22700610.0
c  249   24555526519            (1)1(  1.0)      22705610.0
c  250   24555526519            (3)3( 10.0)      22731610.0
c  251   24555526519            (1)3(  3.0)      22769610.0
c  252   24555526519            (3)5( 16.0)      22770610.0
c  253   24555526519            (1)2(  2.0)      22774610.0
c  254   24555526519            (1)1(  1.0)      22823610.0
c  255   24555526518            (3)3( 10.0)      22847610.0
c  256   24555526519            (1)1(  1.0)      22863610.0
c  257   24555526519            (3)4( 13.0)      22876610.0
c  258   24555526519            (3)3( 10.0)      22876610.0
c  259   24555526518            (3)1(  4.0)      22879610.0
c  260   24555526519            (5)1(  7.0)      22891610.0
c  261   24555526519            (3)5( 16.0)      22942610.0
c  262   24555526519            (3)3( 10.0)      22952610.0
c  263   24555526518            (1)5(  5.0)      22960610.0
c  264   24555526519            (3)2(  7.0)      23046610.0
c  265   24555526519            (5)3( 17.0)      23052610.0
c  266   24555526519            (3)4( 13.0)      23062610.0
c  267   24555526519            (3)5( 16.0)      23090610.0
c  268   24555526518            (1)2(  2.0)      23091610.0
c  269   24555526519            (3)2(  7.0)      23114610.0
c  270   24555526519            (3)2(  7.0)      23127610.0
c  271   24555526519            (3)4( 13.0)      23160610.0
c  272   24555526519            (3)4( 13.0)      23164610.0
c  273   24555526519            (3)2(  7.0)      23169610.0
c  274   24555526519            (3)2(  7.0)      23171610.0
c  275   24555526519            (3)3( 10.0)      23184610.0
c  276   24555526519            (3)3( 10.0)      23246610.0
c  277   24555526519            (3)1(  4.0)      23250610.0
c  278   24555526519            (3)1(  4.0)      23251610.0
c  279   24555526519            (3)2(  7.0)      23278610.0
c  280   24555526518            (1)4(  4.0)      23286610.0
c  281   24555526519            (3)2(  7.0)      23331610.0
c  282   24555526519            (3)3( 10.0)      23338610.0
c  283   24555526518            (3)1(  4.0)      23342610.0
c  284   24555526519            (3)1(  4.0)      23354610.0
c  285   24555526519            (3)3( 10.0)      23359610.0
c  286   24555526519            (3)4( 13.0)      23400610.0
c  287   24555526518            (1)6(  6.0)      23406610.0
c  288   24555526519            (3)5( 16.0)      23415610.0
c  289   24555526519            (3)6( 19.0)      23424610.0
c  290   24555526519            (5)2( 12.0)      23484610.0
c  291   24555526519            (3)1(  4.0)      23529610.0
c  292   24555526519            (3)4( 13.0)      23536610.0
c  293   24555526519            (3)3( 10.0)      23543610.0
c  294   24555526519            (3)3( 10.0)      23549610.0
c  295   24555526519            (3)1(  4.0)      23562610.0
c  296   24555526518            (1)3(  3.0)      23580610.0
c  297   24555526519            (3)4( 13.0)      23599610.0
c  298   24555526519            (5)2( 12.0)      23616610.0
c  299   24555526519            (3)2(  7.0)      23640610.0
c  300   24555526518            (1)2(  2.0)      23642610.0
c  301   24555526519            (3)1(  4.0)      23648610.0
c  302   24555526518            (1)1(  1.0)      23649610.0
c  303   24555526518            (1)0(  0.0)      23674610.0
c  304   24555526519            (3)3( 10.0)      23787610.0
c  305   24555526519            (3)2(  7.0)      23810610.0
c  306   24555526518            (1)3(  3.0)      23978610.0
c  307   24555526518            (1)4(  4.0)      23978610.0
c  308   24555526518            (1)1(  1.0)      23991610.0
c  309   24555526518            (1)4(  4.0)      24009610.0
c  310   24555526519            (3)5( 16.0)      24022610.0
c  311   24555526519            (3)1(  4.0)      24060610.0
c  312   24555526519            (3)2(  7.0)      24115610.0
c  313   24555526519            (3)3( 10.0)      24158610.0
c  314   24555526519            (3)2(  7.0)      24168610.0
c  315   24555526519            (1)4(  4.0)      24203610.0
c  316   24555526519            (3)4( 13.0)      24210610.0
c  317   24555526519            (3)0(  1.0)      24221610.0
c  318   24555526519            (1)4(  4.0)      24303610.0
c  319   24555526519            (3)0(  1.0)      24468610.0
c  320   24555526519            (1)3(  3.0)      24513610.0
c  321   24555526519            (3)2(  7.0)      24546610.0
c  322   24555526519            (1)7(  7.0)      24568610.0
c  323   24555526519            (1)2(  2.0)      24572610.0
c  324   24555526519            (1)4(  4.0)      24587610.0
c  325   24555526519            (1)6(  6.0)      24611610.0
c  326   24555526519            (1)3(  3.0)      24642610.0
c  327   24555526519            (1)5(  5.0)      24717610.0
c  328   24555526519            (1)2(  2.0)      24768610.0
c  329   24555526519            (1)1(  1.0)      24771610.0
c  330   24555526519            (1)4(  4.0)      24772610.0
c  331   24555526519            (1)2(  2.0)      24840610.0
c  332   24555526519            (5)0(  2.0)      24914610.0
c  333   24555526519            (1)6(  6.0)      24966610.0
c  334   24555526519            (1)5(  5.0)      24970610.0
c  335   24555526519            (1)2(  2.0)      25127610.0
c  336   24555526519            (1)3(  3.0)      25130610.0
c  337   24555526519            (1)4(  4.0)      25176610.0
c  338   1651D                  (1)3(  3.0)      27325610.0
c  339   1651D                  (3)0(  1.0)      27346610.0
c  340   1651D                  (3)4( 13.0)      27546610.0
c  341   1651D                  (3)2(  7.0)      27583610.0
c  342   1651D                  (3)3( 10.0)      27737610.0
c  343   1651E                  (1)4(  4.0)      27780610.0
c  344   1651D                  (1)2(  2.0)      27830610.0
c  345   1651D                  (1)4(  4.0)      27837610.0
c  346   1651D                  (3)1(  4.0)      27847610.0
c  347   1651D                  (1)1(  1.0)      27935610.0
c  348   1651E                  (3)2(  7.0)      27976610.0
c  349   1651D                  (1)0(  0.0)      28001610.0
c  350   1651E                  (3)5( 16.0)      28004610.0
c  351   1651F                  (1)5(  5.0)      28037610.0
c  352   1651F                  (1)4(  4.0)      28042610.0
c  353   1651F                  (1)6(  6.0)      28053610.0
c  354   1651E                  (3)1(  4.0)      28058610.0
c  355   1651F                  (3)2(  7.0)      28170610.0
c  356   1651E                  (3)3( 10.0)      28216610.0
c  357   1651E                  (3)4( 13.0)      28224610.0
c  358   1651E                  (1)5(  5.0)      28366610.0
c  359   1651E                  (1)2(  2.0)      28404610.0
c  360   1651E                  (1)3(  3.0)      28416610.0
c  361   1651E                  (1)1(  1.0)      28438610.0
c  362   1651F                  (3)5( 16.0)      28472610.0
c  363   1651F                  (3)6( 19.0)      28474610.0
c  364   1651F                  (3)4( 13.0)      28478610.0
c  365   1651F                  (3)3( 10.0)      28644610.0
c  366   1651F                  (1)3(  3.0)      28660610.0
c  367   1651F                  (1)2(  2.0)      28676610.0
c  368   1651I                  (1)3(  3.0)      31719610.0
c  369   1651I                  (3)0(  1.0)      31730610.0
c  370   1651I                  (3)4( 13.0)      31952610.0
c  371   1651J                  (1)4(  4.0)      31971610.0
c  372   1651I                  (3)2(  7.0)      31989610.0
c  373   1651K                  (1)5(  5.0)      32113610.0
c  374   1651K                  (1)4(  4.0)      32116610.0
c  375   1651K                  (1)6(  6.0)      32121610.0
c  376   1651I                  (3)3( 10.0)      32152610.0
c  377   1651J                  (3)2(  7.0)      32169610.0
c  378   1651J                  (3)5( 16.0)      32203610.0
c  379   1651I                  (3)1(  4.0)      32205610.0
c  380   1651K                  (3)2(  7.0)      32240610.0
c  381   1651J                  (3)1(  4.0)      32244610.0
c  382   1651I                  (1)4(  4.0)      32272610.0
c  383   1651I                  (1)1(  1.0)      32330610.0
c  384   1651I                  (1)2(  2.0)      32345610.0
c  385   1651I                  (1)0(  0.0)      32363610.0
c  386   1651J                  (3)4( 13.0)      32416610.0
c  387   1651J                  (3)3( 10.0)      32419610.0
c  388   1651K                  (3)6( 19.0)      32549610.0
c  389   1651K                  (3)5( 16.0)      32552610.0
c  390   1651K                  (3)4( 13.0)      32558610.0
c  391   1651J                  (1)5(  5.0)      32565610.0
c  392   1651J                  (1)2(  2.0)      32588610.0
c  393   1651J                  (1)3(  3.0)      32594610.0
c  394   1651J                  (1)1(  1.0)      32606610.0
c  395   1651K                  (3)3( 10.0)      32721610.0
c  396   1651K                  (1)3(  3.0)      32730610.0
c  397   1651K                  (1)2(  2.0)      32739610.0
c  398   1651O                  (1)3(  3.0)      34333610.0
c  399   1651O                  (3)0(  1.0)      34340610.0
c  400   1651P                  (1)4(  4.0)      34488610.0
c  401   1651O                  (3)4( 13.0)      34573610.0
c  402   1651Q                  (1)5(  5.0)      34575610.0
c  403   1651Q                  (1)4(  4.0)      34577610.0
c  404   1651Q                  (1)6(  6.0)      34581610.0
c  405   1651O                  (3)2(  7.0)      34609610.0
c  406   1651P                  (3)2(  7.0)      34688610.0
c  407   1651Q                  (3)2(  7.0)      34700610.0
c  408   1651P                  (3)5( 16.0)      34724610.0
c  409   1651P                  (3)1(  4.0)      34760610.0
c  410   1651O                  (3)3( 10.0)      34778610.0
c  411   1651O                  (3)1(  4.0)      34841610.0
c  412   1651O                  (1)4(  4.0)      34908610.0
c  413   1651P                  (3)4( 13.0)      34936610.0
c  414   1651P                  (3)3( 10.0)      34943610.0
c  415   1651O                  (1)1(  1.0)      34945610.0
c  416   1651O                  (1)2(  2.0)      34953610.0
c  417   1651O                  (1)0(  0.0)      34964610.0
c  418   1651Q                  (3)6( 19.0)      35012610.0
c  419   1651Q                  (3)5( 16.0)      35016610.0
c  420   1651Q                  (3)4( 13.0)      35023610.0
c  421   1651P                  (1)5(  5.0)      35088610.0
c  422   1651P                  (1)2(  2.0)      35103610.0
c  423   1651P                  (1)3(  3.0)      35106610.0
c  424   1651P                  (1)1(  1.0)      35113610.0
c  425   1651Q                  (3)3( 10.0)      35184610.0
c  426   1651Q                  (1)3(  3.0)      35190610.0
c  427   1651Q                  (1)2(  2.0)      35195610.0
c  428   1651V                  (1)3(  3.0)      36015610.0
c  429   1651V                  (3)0(  1.0)      36019610.0
c  430   1651W                  (1)4(  4.0)      36117610.0
c  431   1651W                  (1)5(  5.0)      36121610.0
c  432   1651X                  (1)5(  5.0)      36174610.0
c  433   1651X                  (1)4(  4.0)      36176610.0
c  434   1651X                  (1)6(  6.0)      36178610.0
c  435   1651V                  (3)4( 13.0)      36258610.0
c  436   1651V                  (3)2(  7.0)      36294610.0
c  437   1651X                  (3)2(  7.0)      36298610.0
c  438   1651W                  (3)2(  7.0)      36318610.0
c  439   1651W                  (3)1(  4.0)      36389610.0
c  440   1651V                  (3)3( 10.0)      36467610.0
c  441   1651V                  (3)1(  4.0)      36534610.0
c  442   1651W                  (3)5( 16.0)      36554610.0
c  443   1651W                  (3)4( 13.0)      36566610.0
c  444   1651W                  (3)3( 10.0)      36575610.0
c  445   1651V                  (1)4(  4.0)      36602610.0
c  446   1651X                  (3)6( 19.0)      36611610.0
c  447   1651X                  (3)5( 16.0)      36616610.0
c  448   1651X                  (3)4( 13.0)      36624610.0
c  449   1651V                  (1)1(  1.0)      36626610.0
c  450   1651V                  (1)2(  2.0)      36631610.0
c  451   1651V                  (1)0(  0.0)      36638610.0
c  452   1651W                  (1)2(  2.0)      36730610.0
c  453   1651W                  (1)3(  3.0)      36732610.0
c  454   1651W                  (1)1(  1.0)      36737610.0
c  455   1651X                  (3)3( 10.0)      36784610.0
c  456   1651X                  (1)3(  3.0)      36788610.0
c  457   1651X                  (1)2(  2.0)      36791610.0
 
 
 
c-------------------------------------------------------------------------------
 
C  superstage partition information
C  ================================
C
C  element symbol   : W
C  parent template  : 
C  partition level  :  1
C  superstage label : 54
C
C  tabulation       : photon emissivity coefft (te,ne)
C  units            : ph. emis coef(cm^3 s^-1); te (ev); ne (cm^-3)
C
C  photon emissivity atomic transitions
C  ------------------------------------
C  
C   isel  wvlen(A)            transition                type  ispb nspb
C                                                             ispp nspp sz    tg pr wr
C  ----- ---------- ----------------------------------- ----- ---- ---- --    -- -- --
C      1   4.86685   91(1)5(  5.0)-  2(1)4(  4.0)       excit   1    1  54   446 21  1
C      2   4.90417   82(3)4( 13.0)-  3(3)3( 10.0)       excit   1    1  54   804 42  2
C      3   4.91550   81(3)3( 10.0)-  3(3)3( 10.0)       excit   1    1  54   803 44  3
C      4   4.91700   77(3)1(  4.0)-  1(3)1(  4.0)       excit   1    1  54    64 30  4
C      5   4.94081   74(3)2(  7.0)-  1(3)1(  4.0)       excit   1    1  54    61 28  5
C      6   4.95904   73(3)5( 16.0)-  2(1)4(  4.0)       excit   1    1  54   432 24  6
C      7   4.96652   74(3)2(  7.0)-  3(3)3( 10.0)       excit   1    1  54   796 50  7
C      8   5.63380  108(1)4(  4.0)- 19(1)5(  5.0)       excit   1    1  54  6123 47  8
C      9   18.9976   52(3)0(  1.0)-  1(3)1(  4.0)       excit   1    1  54    42 13  9
C     10   20.6658   51(3)3( 10.0)-  1(3)1(  4.0)       excit   1    1  54    41 37 10
C     11   21.1233   51(3)3( 10.0)-  3(3)3( 10.0)       excit   1    1  54   773 19 11
C     12   21.4497   49(3)4( 13.0)-  2(1)4(  4.0)       excit   1    1  54   414 10 12
C     13   21.5949   49(3)4( 13.0)-  3(3)3( 10.0)       excit   1    1  54   771  7 13
C     14   22.6230   46(3)4( 13.0)-  2(1)4(  4.0)       excit   1    1  54   412 46 14
C     15   22.7847   46(3)4( 13.0)-  3(3)3( 10.0)       excit   1    1  54   768 22 15
C     16   23.1572   42(3)2(  7.0)-  1(3)1(  4.0)       excit   1    1  54    33 17 16
C     17   23.2217   45(3)2(  7.0)-  3(3)3( 10.0)       excit   1    1  54   767 25 17
C     18   23.2801   41(5)1(  7.0)-  1(3)1(  4.0)       excit   1    1  54    32 18 18
C     19   23.4539   43(3)6( 19.0)-  2(1)4(  4.0)       excit   1    1  54   409 15 19
C     20   23.5682   40(3)3( 10.0)-  1(3)1(  4.0)       excit   1    1  54    31 36 20
C     21   23.7331   42(3)2(  7.0)-  3(3)3( 10.0)       excit   1    1  54   764 14 21
C     22   23.8623   41(5)1(  7.0)-  3(3)3( 10.0)       excit   1    1  54   763 41 22
C     23   24.1650   40(3)3( 10.0)-  3(3)3( 10.0)       excit   1    1  54   762 16 23
C     24   24.5152   38(3)2(  7.0)-  1(3)1(  4.0)       excit   1    1  54    29 38 24
C     25   24.9646   38(3)2(  7.0)-  2(1)4(  4.0)       excit   1    1  54   404  6 25
C     26   25.1615   38(3)2(  7.0)-  3(3)3( 10.0)       excit   1    1  54   760 32 26
C     27   27.3314   42(3)2(  7.0)-  4(1)2(  2.0)       excit   1    1  54  1200 11 27
C     28   27.5028   41(5)1(  7.0)-  4(1)2(  2.0)       excit   1    1  54  1199 23 28
C     29   29.3022   29(3)3( 10.0)-  1(3)1(  4.0)       excit   1    1  54    21 27 29
C     30   30.2305   29(3)3( 10.0)-  3(3)3( 10.0)       excit   1    1  54   751 43 30
C     31   30.3820   27(3)5( 16.0)-  3(3)3( 10.0)       excit   1    1  54   749 34 31
C     32   31.1419   24(5)2( 12.0)-  1(3)1(  4.0)       excit   1    1  54    17 31 32
C     33   31.6558   25(1)3(  3.0)-  2(1)4(  4.0)       excit   1    1  54   395  4 33
C     34   31.8146   21(1)1(  1.0)-  1(3)1(  4.0)       excit   1    1  54    15 12 34
C     35   31.9732   25(1)3(  3.0)-  3(3)3( 10.0)       excit   1    1  54   747 29 35
C     36   32.2656   22(1)4(  4.0)-  2(1)4(  4.0)       excit   1    1  54   392  3 36
C     37   32.5954   22(1)4(  4.0)-  3(3)3( 10.0)       excit   1    1  54   744 20 37
C     38   32.8979   18(1)2(  2.0)-  1(3)1(  4.0)       excit   1    1  54    13 26 38
C     39   32.9781   20(5)4( 22.0)-  3(3)3( 10.0)       excit   1    1  54   742 39 39
C     40   33.3870   19(1)5(  5.0)-  2(1)4(  4.0)       excit   1    1  54   390  5 40
C     41   34.0725   18(1)2(  2.0)-  3(3)3( 10.0)       excit   1    1  54   740 35 41
C     42   35.6517   16(3)4( 13.0)-  3(3)3( 10.0)       excit   1    1  54   738 48 42
C     43   35.9052   14(1)3(  3.0)-  1(3)1(  4.0)       excit   1    1  54    10 49 43
C     44   36.1780   13(3)1(  4.0)-  1(3)1(  4.0)       excit   1    1  54     9  9 44
C     45   39.0680   26(3)2(  7.0)-  5(1)0(  0.0)       excit   1    1  54  1552 45 45
C     46   121.026    5(1)0(  0.0)-  1(3)1(  4.0)       excit   1    1  54     4 40 46
C     47   151.628    4(1)2(  2.0)-  1(3)1(  4.0)       excit   1    1  54     3  8 47
C     48   180.272    4(1)2(  2.0)-  3(3)3( 10.0)       excit   1    1  54   728 33 48
C     49   954.271    3(3)3( 10.0)-  1(3)1(  4.0)       excit   1    1  54     2  2 49
C     50   3188.98    3(3)3( 10.0)-  2(1)4(  4.0)       excit   1    1  54   383  1 50
c-------------------------------------------------------------------------------
                                                                                
C  code     : adas810
C  producer : Adam Foster
C  date     : 15/05/09
                                                                                
c-------------------------------------------------------------------------------

C-----------------------------------------------------------------------
C                               OPEN-ADAS
C                               +++++++++
C
C This file has been downloaded from OPEN-ADAS (http://open.adas.ac.uk)
C on 26-Mar-2025.
C
C TERMS AND CONDITIONS
C --------------------
C
C The user of the OPEN-ADAS system and data (hereinafter "the User")
C accepts the following terms and conditions:
C
C   1. The University of Strathclyde uses all reasonable endeavours to
C      ensure the accuracy of the data provided and any information
C      given, but the University makes no warranty, expressed or implied
C      as to its accuracy, integrity, fitness for purpose and shall not
C      be responsible for the use to which the data is put by the User
C      and/or any consequences arising out of any inaccuracies or
C      omissions.
C
C   2. Any downloaded OPEN-ADAS file is made available for the
C      personal use of the User only.  It must not be used for any
C      commercial application, incorporated into any web site or in
C      any form re-distributed without express prior written permission
C      from the ADAS Project. In particular, but not by way of
C      limitation, it must not be:
C        *  inserted into a managed database structure,
C        *  redistributed along with a modelling or analysis code,
C        *  made available on a public website.
C
C Permission for OPEN-ADAS data incorporation in non-commercial
C code/system development for scientific advance will not be
C unreasonably withheld, but will be subject to written agreement
C on a case by case basis.
C
C The User will indemnify the University of Strathclyde and keep it
C fully and effectively indemnified against each and every claim made
C against the University as a result of the User's use of the data.
C
C-----------------------------------------------------------------------
