   50    /W :28 photon emissivity coefficients/
--------------------------------------------------------------------------------
    1    1    1    1    1    1    1    1    1    1    1    1    1    1
    1    1    1    1    1    1    1    1    1    1    1    1    1    1
    1    1    1    1    1    1    1    1    1    1    1    1    1    1
    1    1    1    1    1    1    1    1    1    1    1    1    1    1
    1    1    1    1    1    1    1    1    1    1    1    1    1    1
    1    1    1    1    1
--------------------------------------------------------------------------------
//#01/p00/ 00/p01/ 01/p02/ 02/p03/ 03/p04/ 04/p05/ 05/p06/ 06/p07/ 07/p08/ 08/  
      p09/ 09/p10/ 10/p11/ 11/p12/ 12/p13/ 13/p14/ 14/p15/ 15/p16/ 16/p17/ 17/  
      p18/ 18/p19/ 19/p20/ 20/p21/ 21/p22/ 22/p23/ 23/p24/ 24/p25/ 25/p26/ 26/  
      p27/ 27/p28/ 28/p29/ 29/p30/ 30/p31/ 31/p32/ 32/p33/ 33/p34/ 34/p35/ 35/  
      p36/ 36/p37/ 37/p38/ 38/p39/ 39/p40/ 40/p41/ 41/p42/ 42/p43/ 43/p44/ 44/  
      p45/ 45/p46/ 46/p47/ 47/p48/ 48/p49/ 49/p50/ 50/p51/ 51/p52/ 52/p53/ 53/  
      p54/ 54/p55/ 55/p56/ 56/p57/ 57/p58/ 58/p59/ 59/p60/ 60/p61/ 61/p62/ 62/  
      p63/ 63/p64/ 64/p65/ 65/p66/ 66/p67/ 67/p68/ 68/p69/ 69/p70/ 70/p71/ 71/  
      p72/ 72/p73/ 73/p74/ 74/                                                  
--------------------------------------------------------------------------------
  13.1501    7  14 /pl=01:ss=28:pb= 1:sz=28/type=excit/ispb = t/isel =    1
 1.00E+10 1.00E+11 1.00E+12 1.00E+13 1.00E+14 1.00E+15 1.00E+16
 1.45E+01 2.17E+01 3.62E+01 7.25E+01 1.45E+02 3.62E+02 7.25E+02 1.09E+03
 1.45E+03 2.17E+03 3.62E+03 7.25E+03 1.45E+04 2.17E+04
 1.94E-39 4.30E-30 1.23E-22 4.44E-17 2.36E-14 8.43E-13 2.47E-12 3.42E-12
 4.00E-12 4.68E-12 5.28E-12 5.76E-12 5.82E-12 5.70E-12
 1.94E-39 4.30E-30 1.23E-22 4.44E-17 2.36E-14 8.43E-13 2.47E-12 3.42E-12
 4.00E-12 4.68E-12 5.28E-12 5.76E-12 5.82E-12 5.70E-12
 1.94E-39 4.30E-30 1.23E-22 4.44E-17 2.36E-14 8.43E-13 2.47E-12 3.42E-12
 4.00E-12 4.68E-12 5.28E-12 5.76E-12 5.82E-12 5.70E-12
 1.94E-39 4.30E-30 1.23E-22 4.44E-17 2.36E-14 8.43E-13 2.47E-12 3.42E-12
 4.00E-12 4.68E-12 5.28E-12 5.76E-12 5.82E-12 5.70E-12
 1.94E-39 4.30E-30 1.23E-22 4.44E-17 2.36E-14 8.43E-13 2.47E-12 3.42E-12
 4.00E-12 4.68E-12 5.28E-12 5.76E-12 5.82E-12 5.70E-12
 1.94E-39 4.30E-30 1.23E-22 4.44E-17 2.36E-14 8.42E-13 2.46E-12 3.41E-12
 4.00E-12 4.67E-12 5.27E-12 5.75E-12 5.81E-12 5.69E-12
 1.94E-39 4.31E-30 1.23E-22 4.45E-17 2.36E-14 8.36E-13 2.43E-12 3.37E-12
 3.94E-12 4.60E-12 5.19E-12 5.67E-12 5.73E-12 5.62E-12
  14.1724    7  14 /pl=01:ss=28:pb= 1:sz=28/type=excit/ispb = t/isel =    2
 1.00E+10 1.00E+11 1.00E+12 1.00E+13 1.00E+14 1.00E+15 1.00E+16
 1.45E+01 2.17E+01 3.62E+01 7.25E+01 1.45E+02 3.62E+02 7.25E+02 1.09E+03
 1.45E+03 2.17E+03 3.62E+03 7.25E+03 1.45E+04 2.17E+04
 3.80E-37 1.70E-28 1.31E-21 1.66E-16 5.33E-14 1.50E-12 4.22E-12 5.89E-12
 6.93E-12 8.13E-12 9.25E-12 9.98E-12 9.91E-12 9.59E-12
 3.80E-37 1.70E-28 1.31E-21 1.66E-16 5.33E-14 1.50E-12 4.22E-12 5.89E-12
 6.93E-12 8.13E-12 9.25E-12 9.98E-12 9.91E-12 9.59E-12
 3.80E-37 1.70E-28 1.31E-21 1.66E-16 5.33E-14 1.50E-12 4.22E-12 5.89E-12
 6.93E-12 8.13E-12 9.25E-12 9.98E-12 9.91E-12 9.59E-12
 3.80E-37 1.70E-28 1.31E-21 1.66E-16 5.33E-14 1.50E-12 4.22E-12 5.89E-12
 6.93E-12 8.13E-12 9.25E-12 9.98E-12 9.91E-12 9.59E-12
 3.80E-37 1.70E-28 1.31E-21 1.66E-16 5.33E-14 1.50E-12 4.22E-12 5.88E-12
 6.93E-12 8.13E-12 9.25E-12 9.98E-12 9.91E-12 9.59E-12
 3.81E-37 1.70E-28 1.31E-21 1.66E-16 5.32E-14 1.50E-12 4.21E-12 5.87E-12
 6.91E-12 8.11E-12 9.23E-12 9.96E-12 9.89E-12 9.57E-12
 3.81E-37 1.71E-28 1.31E-21 1.66E-16 5.32E-14 1.48E-12 4.16E-12 5.80E-12
 6.82E-12 8.00E-12 9.10E-12 9.82E-12 9.76E-12 9.45E-12
  16.0457    7  14 /pl=01:ss=28:pb= 1:sz=28/type=excit/ispb = t/isel =    3
 1.00E+10 1.00E+11 1.00E+12 1.00E+13 1.00E+14 1.00E+15 1.00E+16
 1.45E+01 2.17E+01 3.62E+01 7.25E+01 1.45E+02 3.62E+02 7.25E+02 1.09E+03
 1.45E+03 2.17E+03 3.62E+03 7.25E+03 1.45E+04 2.17E+04
 1.08E-33 4.68E-26 5.57E-20 1.80E-15 2.90E-13 5.23E-12 1.28E-11 1.71E-11
 1.97E-11 2.30E-11 2.61E-11 2.83E-11 2.84E-11 2.75E-11
 1.08E-33 4.68E-26 5.57E-20 1.80E-15 2.90E-13 5.23E-12 1.28E-11 1.71E-11
 1.97E-11 2.30E-11 2.61E-11 2.83E-11 2.84E-11 2.75E-11
 1.08E-33 4.68E-26 5.57E-20 1.80E-15 2.90E-13 5.23E-12 1.28E-11 1.71E-11
 1.97E-11 2.30E-11 2.61E-11 2.83E-11 2.84E-11 2.75E-11
 1.08E-33 4.68E-26 5.57E-20 1.80E-15 2.90E-13 5.23E-12 1.28E-11 1.71E-11
 1.97E-11 2.30E-11 2.61E-11 2.83E-11 2.84E-11 2.75E-11
 1.08E-33 4.68E-26 5.57E-20 1.80E-15 2.90E-13 5.23E-12 1.28E-11 1.70E-11
 1.97E-11 2.30E-11 2.61E-11 2.83E-11 2.84E-11 2.75E-11
 1.08E-33 4.68E-26 5.57E-20 1.80E-15 2.90E-13 5.23E-12 1.27E-11 1.70E-11
 1.97E-11 2.29E-11 2.60E-11 2.82E-11 2.83E-11 2.74E-11
 1.08E-33 4.69E-26 5.58E-20 1.81E-15 2.89E-13 5.19E-12 1.26E-11 1.68E-11
 1.94E-11 2.26E-11 2.56E-11 2.78E-11 2.80E-11 2.71E-11
  17.1454    7  14 /pl=01:ss=28:pb= 1:sz=28/type=excit/ispb = t/isel =    4
 1.00E+10 1.00E+11 1.00E+12 1.00E+13 1.00E+14 1.00E+15 1.00E+16
 1.45E+01 2.17E+01 3.62E+01 7.25E+01 1.45E+02 3.62E+02 7.25E+02 1.09E+03
 1.45E+03 2.17E+03 3.62E+03 7.25E+03 1.45E+04 2.17E+04
 4.37E-32 6.06E-25 3.06E-19 6.00E-15 8.80E-13 1.63E-11 3.89E-11 5.00E-11
 5.59E-11 6.14E-11 6.45E-11 6.37E-11 5.92E-11 5.55E-11
 4.37E-32 6.06E-25 3.06E-19 6.00E-15 8.80E-13 1.63E-11 3.89E-11 5.00E-11
 5.59E-11 6.14E-11 6.45E-11 6.37E-11 5.92E-11 5.55E-11
 4.37E-32 6.06E-25 3.06E-19 6.00E-15 8.80E-13 1.63E-11 3.89E-11 5.00E-11
 5.59E-11 6.14E-11 6.45E-11 6.37E-11 5.92E-11 5.55E-11
 4.37E-32 6.06E-25 3.06E-19 6.00E-15 8.80E-13 1.63E-11 3.89E-11 5.00E-11
 5.59E-11 6.14E-11 6.45E-11 6.37E-11 5.92E-11 5.55E-11
 4.37E-32 6.07E-25 3.06E-19 6.00E-15 8.80E-13 1.63E-11 3.89E-11 5.00E-11
 5.59E-11 6.14E-11 6.45E-11 6.37E-11 5.91E-11 5.55E-11
 4.38E-32 6.07E-25 3.06E-19 6.01E-15 8.80E-13 1.62E-11 3.88E-11 4.99E-11
 5.58E-11 6.13E-11 6.44E-11 6.36E-11 5.90E-11 5.54E-11
 4.46E-32 6.17E-25 3.10E-19 6.05E-15 8.81E-13 1.62E-11 3.84E-11 4.94E-11
 5.51E-11 6.05E-11 6.35E-11 6.27E-11 5.83E-11 5.48E-11
  18.0852    7  14 /pl=01:ss=28:pb= 1:sz=28/type=excit/ispb = t/isel =    5
 1.00E+10 1.00E+11 1.00E+12 1.00E+13 1.00E+14 1.00E+15 1.00E+16
 1.45E+01 2.17E+01 3.62E+01 7.25E+01 1.45E+02 3.62E+02 7.25E+02 1.09E+03
 1.45E+03 2.17E+03 3.62E+03 7.25E+03 1.45E+04 2.17E+04
 8.27E-37 5.81E-28 6.33E-21 1.03E-15 3.50E-13 9.13E-12 2.27E-11 2.86E-11
 3.09E-11 3.19E-11 3.00E-11 2.50E-11 1.95E-11 1.65E-11
 8.27E-37 5.81E-28 6.33E-21 1.03E-15 3.50E-13 9.13E-12 2.27E-11 2.86E-11
 3.09E-11 3.19E-11 3.00E-11 2.50E-11 1.95E-11 1.65E-11
 8.27E-37 5.81E-28 6.33E-21 1.03E-15 3.50E-13 9.13E-12 2.27E-11 2.86E-11
 3.09E-11 3.19E-11 3.00E-11 2.50E-11 1.95E-11 1.65E-11
 8.27E-37 5.81E-28 6.33E-21 1.03E-15 3.50E-13 9.13E-12 2.27E-11 2.86E-11
 3.09E-11 3.19E-11 3.00E-11 2.50E-11 1.95E-11 1.65E-11
 8.27E-37 5.81E-28 6.33E-21 1.03E-15 3.50E-13 9.13E-12 2.27E-11 2.86E-11
 3.09E-11 3.18E-11 3.00E-11 2.50E-11 1.95E-11 1.65E-11
 8.28E-37 5.81E-28 6.33E-21 1.03E-15 3.50E-13 9.12E-12 2.26E-11 2.85E-11
 3.08E-11 3.18E-11 2.99E-11 2.50E-11 1.95E-11 1.65E-11
 8.29E-37 5.82E-28 6.34E-21 1.03E-15 3.49E-13 9.05E-12 2.24E-11 2.82E-11
 3.04E-11 3.13E-11 2.95E-11 2.47E-11 1.92E-11 1.63E-11
  19.3748    7  14 /pl=01:ss=28:pb= 1:sz=28/type=excit/ispb = t/isel =    6
 1.00E+10 1.00E+11 1.00E+12 1.00E+13 1.00E+14 1.00E+15 1.00E+16
 1.45E+01 2.17E+01 3.62E+01 7.25E+01 1.45E+02 3.62E+02 7.25E+02 1.09E+03
 1.45E+03 2.17E+03 3.62E+03 7.25E+03 1.45E+04 2.17E+04
 2.38E-36 5.88E-28 2.78E-21 2.45E-16 6.24E-14 1.40E-12 3.39E-12 4.28E-12
 4.67E-12 4.89E-12 4.80E-12 4.29E-12 3.65E-12 3.26E-12
 2.38E-36 5.88E-28 2.78E-21 2.45E-16 6.24E-14 1.40E-12 3.39E-12 4.28E-12
 4.67E-12 4.89E-12 4.80E-12 4.29E-12 3.65E-12 3.26E-12
 2.38E-36 5.88E-28 2.78E-21 2.45E-16 6.24E-14 1.40E-12 3.39E-12 4.28E-12
 4.67E-12 4.89E-12 4.80E-12 4.29E-12 3.65E-12 3.26E-12
 2.38E-36 5.88E-28 2.78E-21 2.45E-16 6.24E-14 1.40E-12 3.39E-12 4.28E-12
 4.67E-12 4.89E-12 4.80E-12 4.29E-12 3.65E-12 3.26E-12
 2.38E-36 5.88E-28 2.78E-21 2.45E-16 6.24E-14 1.40E-12 3.39E-12 4.28E-12
 4.67E-12 4.89E-12 4.80E-12 4.29E-12 3.65E-12 3.26E-12
 2.38E-36 5.89E-28 2.78E-21 2.45E-16 6.24E-14 1.40E-12 3.38E-12 4.27E-12
 4.66E-12 4.88E-12 4.79E-12 4.29E-12 3.64E-12 3.26E-12
 2.41E-36 5.94E-28 2.80E-21 2.46E-16 6.24E-14 1.39E-12 3.35E-12 4.22E-12
 4.61E-12 4.82E-12 4.73E-12 4.23E-12 3.60E-12 3.22E-12
  20.7602    7  14 /pl=01:ss=28:pb= 1:sz=28/type=excit/ispb = t/isel =    7
 1.00E+10 1.00E+11 1.00E+12 1.00E+13 1.00E+14 1.00E+15 1.00E+16
 1.45E+01 2.17E+01 3.62E+01 7.25E+01 1.45E+02 3.62E+02 7.25E+02 1.09E+03
 1.45E+03 2.17E+03 3.62E+03 7.25E+03 1.45E+04 2.17E+04
 9.16E-34 8.45E-26 1.81E-19 8.74E-15 1.62E-12 2.97E-11 6.62E-11 8.06E-11
 8.60E-11 8.76E-11 8.25E-11 6.91E-11 5.45E-11 4.67E-11
 9.16E-34 8.45E-26 1.81E-19 8.74E-15 1.62E-12 2.97E-11 6.62E-11 8.06E-11
 8.60E-11 8.76E-11 8.25E-11 6.91E-11 5.45E-11 4.67E-11
 9.16E-34 8.45E-26 1.81E-19 8.74E-15 1.62E-12 2.97E-11 6.62E-11 8.06E-11
 8.60E-11 8.76E-11 8.25E-11 6.91E-11 5.45E-11 4.67E-11
 9.16E-34 8.45E-26 1.81E-19 8.74E-15 1.62E-12 2.97E-11 6.61E-11 8.06E-11
 8.60E-11 8.76E-11 8.25E-11 6.91E-11 5.45E-11 4.67E-11
 9.16E-34 8.45E-26 1.81E-19 8.74E-15 1.62E-12 2.97E-11 6.61E-11 8.06E-11
 8.60E-11 8.76E-11 8.25E-11 6.91E-11 5.45E-11 4.67E-11
 9.16E-34 8.45E-26 1.81E-19 8.74E-15 1.62E-12 2.96E-11 6.60E-11 8.04E-11
 8.58E-11 8.74E-11 8.23E-11 6.90E-11 5.44E-11 4.66E-11
 9.18E-34 8.46E-26 1.81E-19 8.74E-15 1.62E-12 2.94E-11 6.53E-11 7.94E-11
 8.46E-11 8.62E-11 8.11E-11 6.81E-11 5.37E-11 4.61E-11
  20.8250    7  14 /pl=01:ss=28:pb= 1:sz=28/type=excit/ispb = t/isel =    8
 1.00E+10 1.00E+11 1.00E+12 1.00E+13 1.00E+14 1.00E+15 1.00E+16
 1.45E+01 2.17E+01 3.62E+01 7.25E+01 1.45E+02 3.62E+02 7.25E+02 1.09E+03
 1.45E+03 2.17E+03 3.62E+03 7.25E+03 1.45E+04 2.17E+04
 6.46E-28 4.71E-22 2.13E-17 6.18E-14 3.24E-12 3.31E-11 6.90E-11 8.80E-11
 9.95E-11 1.12E-10 1.25E-10 1.32E-10 1.30E-10 1.25E-10
 6.46E-28 4.71E-22 2.13E-17 6.18E-14 3.24E-12 3.31E-11 6.90E-11 8.80E-11
 9.95E-11 1.12E-10 1.25E-10 1.32E-10 1.30E-10 1.25E-10
 6.46E-28 4.71E-22 2.13E-17 6.18E-14 3.24E-12 3.31E-11 6.90E-11 8.80E-11
 9.95E-11 1.12E-10 1.25E-10 1.32E-10 1.30E-10 1.25E-10
 6.46E-28 4.71E-22 2.13E-17 6.18E-14 3.24E-12 3.31E-11 6.90E-11 8.80E-11
 9.95E-11 1.12E-10 1.25E-10 1.32E-10 1.30E-10 1.25E-10
 6.46E-28 4.71E-22 2.13E-17 6.18E-14 3.24E-12 3.31E-11 6.90E-11 8.79E-11
 9.94E-11 1.12E-10 1.25E-10 1.32E-10 1.30E-10 1.25E-10
 6.47E-28 4.71E-22 2.13E-17 6.18E-14 3.24E-12 3.30E-11 6.89E-11 8.78E-11
 9.92E-11 1.12E-10 1.24E-10 1.32E-10 1.30E-10 1.25E-10
 6.50E-28 4.73E-22 2.14E-17 6.19E-14 3.24E-12 3.28E-11 6.82E-11 8.67E-11
 9.79E-11 1.11E-10 1.23E-10 1.30E-10 1.28E-10 1.24E-10
  21.5354    7  14 /pl=01:ss=28:pb= 1:sz=28/type=excit/ispb = t/isel =    9
 1.00E+10 1.00E+11 1.00E+12 1.00E+13 1.00E+14 1.00E+15 1.00E+16
 1.45E+01 2.17E+01 3.62E+01 7.25E+01 1.45E+02 3.62E+02 7.25E+02 1.09E+03
 1.45E+03 2.17E+03 3.62E+03 7.25E+03 1.45E+04 2.17E+04
 2.34E-27 1.31E-21 6.09E-17 2.10E-13 1.15E-11 1.12E-10 2.14E-10 2.54E-10
 2.72E-10 2.84E-10 2.82E-10 2.61E-10 2.30E-10 2.10E-10
 2.34E-27 1.31E-21 6.09E-17 2.10E-13 1.15E-11 1.12E-10 2.14E-10 2.54E-10
 2.72E-10 2.84E-10 2.82E-10 2.61E-10 2.30E-10 2.10E-10
 2.34E-27 1.31E-21 6.09E-17 2.10E-13 1.15E-11 1.12E-10 2.14E-10 2.54E-10
 2.72E-10 2.84E-10 2.82E-10 2.61E-10 2.30E-10 2.10E-10
 2.34E-27 1.31E-21 6.09E-17 2.10E-13 1.15E-11 1.12E-10 2.14E-10 2.54E-10
 2.72E-10 2.84E-10 2.82E-10 2.61E-10 2.30E-10 2.10E-10
 2.34E-27 1.31E-21 6.09E-17 2.10E-13 1.15E-11 1.12E-10 2.14E-10 2.54E-10
 2.72E-10 2.84E-10 2.82E-10 2.61E-10 2.30E-10 2.10E-10
 2.34E-27 1.31E-21 6.09E-17 2.10E-13 1.15E-11 1.11E-10 2.13E-10 2.53E-10
 2.71E-10 2.83E-10 2.81E-10 2.60E-10 2.30E-10 2.09E-10
 2.34E-27 1.31E-21 6.09E-17 2.09E-13 1.15E-11 1.11E-10 2.11E-10 2.50E-10
 2.67E-10 2.79E-10 2.77E-10 2.57E-10 2.27E-10 2.07E-10
  23.8690    7  14 /pl=01:ss=28:pb= 1:sz=28/type=excit/ispb = t/isel =   10
 1.00E+10 1.00E+11 1.00E+12 1.00E+13 1.00E+14 1.00E+15 1.00E+16
 1.45E+01 2.17E+01 3.62E+01 7.25E+01 1.45E+02 3.62E+02 7.25E+02 1.09E+03
 1.45E+03 2.17E+03 3.62E+03 7.25E+03 1.45E+04 2.17E+04
 3.88E-32 6.01E-25 3.12E-19 5.27E-15 5.92E-13 8.21E-12 1.70E-11 2.04E-11
 2.17E-11 2.22E-11 2.13E-11 1.86E-11 1.54E-11 1.36E-11
 3.88E-32 6.01E-25 3.12E-19 5.27E-15 5.92E-13 8.21E-12 1.70E-11 2.04E-11
 2.17E-11 2.22E-11 2.13E-11 1.86E-11 1.54E-11 1.36E-11
 3.88E-32 6.01E-25 3.12E-19 5.27E-15 5.92E-13 8.21E-12 1.70E-11 2.04E-11
 2.17E-11 2.22E-11 2.13E-11 1.86E-11 1.54E-11 1.36E-11
 3.88E-32 6.01E-25 3.12E-19 5.27E-15 5.92E-13 8.21E-12 1.70E-11 2.04E-11
 2.17E-11 2.22E-11 2.13E-11 1.86E-11 1.54E-11 1.36E-11
 3.88E-32 6.01E-25 3.12E-19 5.27E-15 5.92E-13 8.21E-12 1.70E-11 2.04E-11
 2.17E-11 2.22E-11 2.13E-11 1.86E-11 1.54E-11 1.36E-11
 3.89E-32 6.02E-25 3.12E-19 5.28E-15 5.92E-13 8.21E-12 1.70E-11 2.03E-11
 2.16E-11 2.21E-11 2.12E-11 1.86E-11 1.54E-11 1.36E-11
 3.96E-32 6.10E-25 3.15E-19 5.30E-15 5.93E-13 8.17E-12 1.68E-11 2.01E-11
 2.14E-11 2.19E-11 2.10E-11 1.83E-11 1.52E-11 1.35E-11
  27.3923    7  14 /pl=01:ss=28:pb= 1:sz=28/type=excit/ispb = t/isel =   11
 1.00E+10 1.00E+11 1.00E+12 1.00E+13 1.00E+14 1.00E+15 1.00E+16
 1.45E+01 2.17E+01 3.62E+01 7.25E+01 1.45E+02 3.62E+02 7.25E+02 1.09E+03
 1.45E+03 2.17E+03 3.62E+03 7.25E+03 1.45E+04 2.17E+04
 6.51E-29 2.16E-22 3.24E-17 2.13E-13 1.46E-11 1.49E-10 2.77E-10 3.19E-10
 3.32E-10 3.32E-10 3.09E-10 2.57E-10 2.03E-10 1.74E-10
 6.51E-29 2.16E-22 3.24E-17 2.13E-13 1.46E-11 1.49E-10 2.77E-10 3.19E-10
 3.32E-10 3.32E-10 3.09E-10 2.57E-10 2.03E-10 1.74E-10
 6.51E-29 2.16E-22 3.24E-17 2.13E-13 1.46E-11 1.49E-10 2.77E-10 3.19E-10
 3.32E-10 3.32E-10 3.09E-10 2.57E-10 2.03E-10 1.74E-10
 6.51E-29 2.16E-22 3.24E-17 2.13E-13 1.46E-11 1.49E-10 2.77E-10 3.19E-10
 3.32E-10 3.32E-10 3.09E-10 2.57E-10 2.03E-10 1.74E-10
 6.51E-29 2.16E-22 3.24E-17 2.13E-13 1.46E-11 1.48E-10 2.77E-10 3.19E-10
 3.32E-10 3.32E-10 3.09E-10 2.57E-10 2.03E-10 1.74E-10
 6.51E-29 2.16E-22 3.24E-17 2.13E-13 1.46E-11 1.48E-10 2.76E-10 3.18E-10
 3.31E-10 3.31E-10 3.08E-10 2.56E-10 2.03E-10 1.74E-10
 6.53E-29 2.16E-22 3.25E-17 2.13E-13 1.46E-11 1.47E-10 2.73E-10 3.15E-10
 3.27E-10 3.27E-10 3.04E-10 2.53E-10 2.00E-10 1.71E-10
  29.1902    7  14 /pl=01:ss=28:pb= 1:sz=28/type=excit/ispb = t/isel =   12
 1.00E+10 1.00E+11 1.00E+12 1.00E+13 1.00E+14 1.00E+15 1.00E+16
 1.45E+01 2.17E+01 3.62E+01 7.25E+01 1.45E+02 3.62E+02 7.25E+02 1.09E+03
 1.45E+03 2.17E+03 3.62E+03 7.25E+03 1.45E+04 2.17E+04
 1.47E-22 2.16E-18 4.59E-15 1.47E-12 2.61E-11 1.38E-10 2.28E-10 2.63E-10
 2.80E-10 2.94E-10 2.97E-10 2.85E-10 2.58E-10 2.40E-10
 1.47E-22 2.16E-18 4.59E-15 1.47E-12 2.61E-11 1.38E-10 2.28E-10 2.63E-10
 2.80E-10 2.94E-10 2.97E-10 2.85E-10 2.58E-10 2.40E-10
 1.47E-22 2.16E-18 4.59E-15 1.47E-12 2.61E-11 1.38E-10 2.28E-10 2.63E-10
 2.80E-10 2.94E-10 2.97E-10 2.85E-10 2.58E-10 2.40E-10
 1.48E-22 2.16E-18 4.59E-15 1.47E-12 2.61E-11 1.38E-10 2.28E-10 2.64E-10
 2.80E-10 2.94E-10 2.97E-10 2.85E-10 2.58E-10 2.40E-10
 1.52E-22 2.21E-18 4.67E-15 1.49E-12 2.63E-11 1.39E-10 2.29E-10 2.65E-10
 2.81E-10 2.95E-10 2.98E-10 2.85E-10 2.59E-10 2.40E-10
 1.90E-22 2.67E-18 5.40E-15 1.65E-12 2.83E-11 1.47E-10 2.39E-10 2.74E-10
 2.91E-10 3.03E-10 3.05E-10 2.90E-10 2.62E-10 2.43E-10
 5.61E-22 6.72E-18 1.08E-14 2.59E-12 3.92E-11 1.87E-10 2.94E-10 3.31E-10
 3.46E-10 3.55E-10 3.51E-10 3.26E-10 2.89E-10 2.64E-10
  29.2341    7  14 /pl=01:ss=28:pb= 1:sz=28/type=excit/ispb = t/isel =   13
 1.00E+10 1.00E+11 1.00E+12 1.00E+13 1.00E+14 1.00E+15 1.00E+16
 1.45E+01 2.17E+01 3.62E+01 7.25E+01 1.45E+02 3.62E+02 7.25E+02 1.09E+03
 1.45E+03 2.17E+03 3.62E+03 7.25E+03 1.45E+04 2.17E+04
 4.59E-36 1.13E-27 5.37E-21 4.73E-16 1.20E-13 2.71E-12 6.54E-12 8.26E-12
 9.02E-12 9.43E-12 9.27E-12 8.29E-12 7.04E-12 6.30E-12
 4.59E-36 1.13E-27 5.37E-21 4.73E-16 1.20E-13 2.71E-12 6.54E-12 8.26E-12
 9.02E-12 9.43E-12 9.27E-12 8.29E-12 7.04E-12 6.30E-12
 4.59E-36 1.13E-27 5.37E-21 4.73E-16 1.20E-13 2.71E-12 6.54E-12 8.26E-12
 9.02E-12 9.43E-12 9.27E-12 8.29E-12 7.04E-12 6.30E-12
 4.59E-36 1.13E-27 5.37E-21 4.73E-16 1.20E-13 2.71E-12 6.54E-12 8.26E-12
 9.02E-12 9.43E-12 9.27E-12 8.29E-12 7.04E-12 6.30E-12
 4.59E-36 1.13E-27 5.37E-21 4.73E-16 1.20E-13 2.71E-12 6.54E-12 8.26E-12
 9.01E-12 9.43E-12 9.27E-12 8.29E-12 7.04E-12 6.29E-12
 4.59E-36 1.14E-27 5.37E-21 4.73E-16 1.20E-13 2.70E-12 6.53E-12 8.24E-12
 9.00E-12 9.41E-12 9.25E-12 8.27E-12 7.03E-12 6.29E-12
 4.65E-36 1.15E-27 5.40E-21 4.74E-16 1.20E-13 2.69E-12 6.47E-12 8.15E-12
 8.89E-12 9.30E-12 9.14E-12 8.17E-12 6.95E-12 6.22E-12
  33.8749    7  14 /pl=01:ss=28:pb= 1:sz=28/type=excit/ispb = t/isel =   14
 1.00E+10 1.00E+11 1.00E+12 1.00E+13 1.00E+14 1.00E+15 1.00E+16
 1.45E+01 2.17E+01 3.62E+01 7.25E+01 1.45E+02 3.62E+02 7.25E+02 1.09E+03
 1.45E+03 2.17E+03 3.62E+03 7.25E+03 1.45E+04 2.17E+04
 7.33E-37 3.28E-28 2.51E-21 3.20E-16 1.03E-13 2.88E-12 8.13E-12 1.13E-11
 1.33E-11 1.57E-11 1.78E-11 1.92E-11 1.91E-11 1.85E-11
 7.33E-37 3.28E-28 2.51E-21 3.20E-16 1.03E-13 2.88E-12 8.13E-12 1.13E-11
 1.33E-11 1.57E-11 1.78E-11 1.92E-11 1.91E-11 1.85E-11
 7.33E-37 3.28E-28 2.51E-21 3.20E-16 1.03E-13 2.88E-12 8.13E-12 1.13E-11
 1.33E-11 1.57E-11 1.78E-11 1.92E-11 1.91E-11 1.85E-11
 7.33E-37 3.28E-28 2.51E-21 3.20E-16 1.03E-13 2.88E-12 8.13E-12 1.13E-11
 1.33E-11 1.57E-11 1.78E-11 1.92E-11 1.91E-11 1.85E-11
 7.33E-37 3.28E-28 2.51E-21 3.20E-16 1.03E-13 2.88E-12 8.13E-12 1.13E-11
 1.33E-11 1.57E-11 1.78E-11 1.92E-11 1.91E-11 1.85E-11
 7.33E-37 3.28E-28 2.51E-21 3.20E-16 1.03E-13 2.88E-12 8.11E-12 1.13E-11
 1.33E-11 1.56E-11 1.78E-11 1.92E-11 1.91E-11 1.84E-11
 7.34E-37 3.29E-28 2.52E-21 3.20E-16 1.02E-13 2.86E-12 8.02E-12 1.12E-11
 1.31E-11 1.54E-11 1.75E-11 1.89E-11 1.88E-11 1.82E-11
  34.3330    7  14 /pl=01:ss=28:pb= 1:sz=28/type=excit/ispb = t/isel =   15
 1.00E+10 1.00E+11 1.00E+12 1.00E+13 1.00E+14 1.00E+15 1.00E+16
 1.45E+01 2.17E+01 3.62E+01 7.25E+01 1.45E+02 3.62E+02 7.25E+02 1.09E+03
 1.45E+03 2.17E+03 3.62E+03 7.25E+03 1.45E+04 2.17E+04
 1.14E-20 3.86E-17 2.43E-14 2.93E-12 3.10E-11 1.19E-10 1.72E-10 1.88E-10
 1.93E-10 1.93E-10 1.86E-10 1.68E-10 1.46E-10 1.32E-10
 1.14E-20 3.86E-17 2.43E-14 2.93E-12 3.10E-11 1.19E-10 1.72E-10 1.88E-10
 1.93E-10 1.93E-10 1.86E-10 1.68E-10 1.46E-10 1.32E-10
 1.14E-20 3.86E-17 2.43E-14 2.93E-12 3.10E-11 1.19E-10 1.72E-10 1.88E-10
 1.93E-10 1.93E-10 1.86E-10 1.68E-10 1.46E-10 1.32E-10
 1.14E-20 3.86E-17 2.43E-14 2.93E-12 3.10E-11 1.18E-10 1.72E-10 1.88E-10
 1.93E-10 1.93E-10 1.86E-10 1.68E-10 1.46E-10 1.32E-10
 1.14E-20 3.85E-17 2.43E-14 2.91E-12 3.07E-11 1.18E-10 1.71E-10 1.86E-10
 1.92E-10 1.92E-10 1.85E-10 1.67E-10 1.45E-10 1.32E-10
 1.14E-20 3.80E-17 2.35E-14 2.75E-12 2.86E-11 1.09E-10 1.59E-10 1.75E-10
 1.80E-10 1.82E-10 1.76E-10 1.61E-10 1.41E-10 1.28E-10
 1.10E-20 3.39E-17 1.80E-14 1.76E-12 1.68E-11 6.30E-11 9.50E-11 1.07E-10
 1.13E-10 1.18E-10 1.19E-10 1.16E-10 1.07E-10 1.01E-10
  38.2852    7  14 /pl=01:ss=28:pb= 1:sz=28/type=excit/ispb = t/isel =   16
 1.00E+10 1.00E+11 1.00E+12 1.00E+13 1.00E+14 1.00E+15 1.00E+16
 1.45E+01 2.17E+01 3.62E+01 7.25E+01 1.45E+02 3.62E+02 7.25E+02 1.09E+03
 1.45E+03 2.17E+03 3.62E+03 7.25E+03 1.45E+04 2.17E+04
 1.35E-37 1.06E-28 1.28E-21 2.25E-16 8.05E-14 2.18E-12 5.58E-12 7.12E-12
 7.80E-12 8.19E-12 7.94E-12 6.89E-12 5.57E-12 4.84E-12
 1.35E-37 1.06E-28 1.28E-21 2.25E-16 8.05E-14 2.18E-12 5.58E-12 7.12E-12
 7.80E-12 8.19E-12 7.94E-12 6.89E-12 5.57E-12 4.84E-12
 1.35E-37 1.06E-28 1.28E-21 2.25E-16 8.05E-14 2.18E-12 5.58E-12 7.12E-12
 7.80E-12 8.19E-12 7.94E-12 6.89E-12 5.57E-12 4.84E-12
 1.35E-37 1.06E-28 1.28E-21 2.25E-16 8.05E-14 2.18E-12 5.58E-12 7.12E-12
 7.80E-12 8.19E-12 7.94E-12 6.89E-12 5.57E-12 4.84E-12
 1.35E-37 1.06E-28 1.28E-21 2.25E-16 8.05E-14 2.18E-12 5.58E-12 7.12E-12
 7.80E-12 8.19E-12 7.94E-12 6.89E-12 5.57E-12 4.84E-12
 1.35E-37 1.06E-28 1.28E-21 2.25E-16 8.05E-14 2.18E-12 5.57E-12 7.11E-12
 7.78E-12 8.17E-12 7.93E-12 6.87E-12 5.56E-12 4.83E-12
 1.35E-37 1.06E-28 1.28E-21 2.25E-16 8.03E-14 2.16E-12 5.50E-12 7.01E-12
 7.68E-12 8.06E-12 7.81E-12 6.78E-12 5.48E-12 4.77E-12
  38.2853    7  14 /pl=01:ss=28:pb= 1:sz=28/type=excit/ispb = t/isel =   17
 1.00E+10 1.00E+11 1.00E+12 1.00E+13 1.00E+14 1.00E+15 1.00E+16
 1.45E+01 2.17E+01 3.62E+01 7.25E+01 1.45E+02 3.62E+02 7.25E+02 1.09E+03
 1.45E+03 2.17E+03 3.62E+03 7.25E+03 1.45E+04 2.17E+04
 1.29E-31 7.68E-25 1.95E-19 2.05E-15 1.90E-13 2.46E-12 5.17E-12 6.39E-12
 7.00E-12 7.55E-12 7.80E-12 7.60E-12 6.97E-12 6.51E-12
 1.29E-31 7.68E-25 1.95E-19 2.05E-15 1.90E-13 2.46E-12 5.17E-12 6.39E-12
 7.00E-12 7.55E-12 7.80E-12 7.60E-12 6.97E-12 6.51E-12
 1.29E-31 7.68E-25 1.95E-19 2.05E-15 1.90E-13 2.46E-12 5.17E-12 6.39E-12
 7.00E-12 7.55E-12 7.80E-12 7.60E-12 6.97E-12 6.51E-12
 1.29E-31 7.68E-25 1.95E-19 2.05E-15 1.90E-13 2.46E-12 5.17E-12 6.39E-12
 7.00E-12 7.55E-12 7.80E-12 7.60E-12 6.97E-12 6.51E-12
 1.29E-31 7.69E-25 1.95E-19 2.05E-15 1.90E-13 2.46E-12 5.17E-12 6.39E-12
 7.00E-12 7.55E-12 7.80E-12 7.60E-12 6.97E-12 6.51E-12
 1.31E-31 7.80E-25 1.97E-19 2.07E-15 1.91E-13 2.47E-12 5.18E-12 6.40E-12
 7.01E-12 7.56E-12 7.80E-12 7.60E-12 6.97E-12 6.51E-12
 1.53E-31 8.72E-25 2.12E-19 2.15E-15 1.97E-13 2.51E-12 5.23E-12 6.44E-12
 7.04E-12 7.58E-12 7.81E-12 7.60E-12 6.97E-12 6.51E-12
  39.4046    7  14 /pl=01:ss=28:pb= 1:sz=28/type=excit/ispb = t/isel =   18
 1.00E+10 1.00E+11 1.00E+12 1.00E+13 1.00E+14 1.00E+15 1.00E+16
 1.45E+01 2.17E+01 3.62E+01 7.25E+01 1.45E+02 3.62E+02 7.25E+02 1.09E+03
 1.45E+03 2.17E+03 3.62E+03 7.25E+03 1.45E+04 2.17E+04
 5.20E-36 7.43E-28 2.32E-21 1.62E-16 4.42E-14 1.22E-12 3.30E-12 4.37E-12
 4.90E-12 5.35E-12 5.44E-12 5.10E-12 4.46E-12 4.04E-12
 5.20E-36 7.43E-28 2.32E-21 1.62E-16 4.42E-14 1.22E-12 3.30E-12 4.37E-12
 4.90E-12 5.35E-12 5.44E-12 5.10E-12 4.46E-12 4.04E-12
 5.20E-36 7.43E-28 2.32E-21 1.62E-16 4.42E-14 1.22E-12 3.30E-12 4.37E-12
 4.90E-12 5.35E-12 5.44E-12 5.10E-12 4.46E-12 4.04E-12
 5.20E-36 7.43E-28 2.32E-21 1.62E-16 4.42E-14 1.22E-12 3.30E-12 4.37E-12
 4.90E-12 5.35E-12 5.44E-12 5.10E-12 4.46E-12 4.04E-12
 5.21E-36 7.43E-28 2.32E-21 1.62E-16 4.43E-14 1.22E-12 3.30E-12 4.37E-12
 4.90E-12 5.35E-12 5.44E-12 5.10E-12 4.46E-12 4.04E-12
 5.26E-36 7.50E-28 2.34E-21 1.63E-16 4.44E-14 1.22E-12 3.30E-12 4.37E-12
 4.90E-12 5.34E-12 5.43E-12 5.09E-12 4.46E-12 4.03E-12
 5.80E-36 8.06E-28 2.45E-21 1.68E-16 4.50E-14 1.23E-12 3.29E-12 4.34E-12
 4.86E-12 5.30E-12 5.39E-12 5.05E-12 4.43E-12 4.01E-12
  40.8354    7  14 /pl=01:ss=28:pb= 1:sz=28/type=excit/ispb = t/isel =   19
 1.00E+10 1.00E+11 1.00E+12 1.00E+13 1.00E+14 1.00E+15 1.00E+16
 1.45E+01 2.17E+01 3.62E+01 7.25E+01 1.45E+02 3.62E+02 7.25E+02 1.09E+03
 1.45E+03 2.17E+03 3.62E+03 7.25E+03 1.45E+04 2.17E+04
 4.08E-32 6.31E-25 3.27E-19 5.53E-15 6.21E-13 8.62E-12 1.78E-11 2.14E-11
 2.27E-11 2.33E-11 2.23E-11 1.95E-11 1.62E-11 1.43E-11
 4.08E-32 6.31E-25 3.27E-19 5.53E-15 6.21E-13 8.62E-12 1.78E-11 2.14E-11
 2.27E-11 2.33E-11 2.23E-11 1.95E-11 1.62E-11 1.43E-11
 4.08E-32 6.31E-25 3.27E-19 5.53E-15 6.21E-13 8.62E-12 1.78E-11 2.14E-11
 2.27E-11 2.33E-11 2.23E-11 1.95E-11 1.62E-11 1.43E-11
 4.08E-32 6.31E-25 3.27E-19 5.53E-15 6.21E-13 8.62E-12 1.78E-11 2.14E-11
 2.27E-11 2.33E-11 2.23E-11 1.95E-11 1.62E-11 1.43E-11
 4.08E-32 6.31E-25 3.27E-19 5.53E-15 6.21E-13 8.62E-12 1.78E-11 2.14E-11
 2.27E-11 2.33E-11 2.23E-11 1.95E-11 1.62E-11 1.43E-11
 4.08E-32 6.32E-25 3.27E-19 5.54E-15 6.22E-13 8.61E-12 1.78E-11 2.13E-11
 2.27E-11 2.32E-11 2.23E-11 1.95E-11 1.62E-11 1.43E-11
 4.15E-32 6.40E-25 3.30E-19 5.57E-15 6.23E-13 8.58E-12 1.77E-11 2.11E-11
 2.24E-11 2.30E-11 2.20E-11 1.93E-11 1.60E-11 1.41E-11
  40.8671    7  14 /pl=01:ss=28:pb= 1:sz=28/type=excit/ispb = t/isel =   20
 1.00E+10 1.00E+11 1.00E+12 1.00E+13 1.00E+14 1.00E+15 1.00E+16
 1.45E+01 2.17E+01 3.62E+01 7.25E+01 1.45E+02 3.62E+02 7.25E+02 1.09E+03
 1.45E+03 2.17E+03 3.62E+03 7.25E+03 1.45E+04 2.17E+04
 1.56E-39 3.47E-30 9.95E-23 3.59E-17 1.91E-14 6.81E-13 1.99E-12 2.76E-12
 3.23E-12 3.78E-12 4.26E-12 4.65E-12 4.70E-12 4.60E-12
 1.56E-39 3.47E-30 9.95E-23 3.59E-17 1.91E-14 6.81E-13 1.99E-12 2.76E-12
 3.23E-12 3.78E-12 4.26E-12 4.65E-12 4.70E-12 4.60E-12
 1.56E-39 3.47E-30 9.95E-23 3.59E-17 1.91E-14 6.81E-13 1.99E-12 2.76E-12
 3.23E-12 3.78E-12 4.26E-12 4.65E-12 4.70E-12 4.60E-12
 1.56E-39 3.47E-30 9.95E-23 3.59E-17 1.91E-14 6.81E-13 1.99E-12 2.76E-12
 3.23E-12 3.78E-12 4.26E-12 4.65E-12 4.70E-12 4.60E-12
 1.56E-39 3.47E-30 9.95E-23 3.59E-17 1.91E-14 6.81E-13 1.99E-12 2.76E-12
 3.23E-12 3.78E-12 4.26E-12 4.65E-12 4.70E-12 4.60E-12
 1.56E-39 3.47E-30 9.95E-23 3.59E-17 1.91E-14 6.80E-13 1.99E-12 2.75E-12
 3.23E-12 3.77E-12 4.25E-12 4.64E-12 4.69E-12 4.59E-12
 1.57E-39 3.48E-30 9.97E-23 3.59E-17 1.90E-14 6.75E-13 1.97E-12 2.72E-12
 3.18E-12 3.72E-12 4.19E-12 4.58E-12 4.63E-12 4.54E-12
  41.3429    7  14 /pl=01:ss=28:pb= 1:sz=28/type=excit/ispb = t/isel =   21
 1.00E+10 1.00E+11 1.00E+12 1.00E+13 1.00E+14 1.00E+15 1.00E+16
 1.45E+01 2.17E+01 3.62E+01 7.25E+01 1.45E+02 3.62E+02 7.25E+02 1.09E+03
 1.45E+03 2.17E+03 3.62E+03 7.25E+03 1.45E+04 2.17E+04
 1.65E-24 1.63E-19 1.48E-15 1.21E-12 3.07E-11 1.83E-10 2.98E-10 3.33E-10
 3.46E-10 3.49E-10 3.35E-10 3.01E-10 2.59E-10 2.34E-10
 1.65E-24 1.63E-19 1.48E-15 1.21E-12 3.07E-11 1.83E-10 2.98E-10 3.33E-10
 3.46E-10 3.49E-10 3.35E-10 3.01E-10 2.59E-10 2.34E-10
 1.65E-24 1.63E-19 1.48E-15 1.21E-12 3.07E-11 1.83E-10 2.98E-10 3.33E-10
 3.46E-10 3.49E-10 3.35E-10 3.01E-10 2.59E-10 2.34E-10
 1.65E-24 1.63E-19 1.48E-15 1.21E-12 3.07E-11 1.83E-10 2.98E-10 3.33E-10
 3.46E-10 3.49E-10 3.35E-10 3.01E-10 2.59E-10 2.34E-10
 1.65E-24 1.63E-19 1.49E-15 1.22E-12 3.07E-11 1.83E-10 2.98E-10 3.34E-10
 3.46E-10 3.49E-10 3.35E-10 3.01E-10 2.59E-10 2.34E-10
 1.67E-24 1.64E-19 1.50E-15 1.22E-12 3.08E-11 1.84E-10 2.98E-10 3.34E-10
 3.46E-10 3.49E-10 3.35E-10 3.01E-10 2.59E-10 2.34E-10
 1.84E-24 1.77E-19 1.58E-15 1.26E-12 3.15E-11 1.86E-10 3.00E-10 3.34E-10
 3.46E-10 3.48E-10 3.34E-10 2.99E-10 2.57E-10 2.32E-10
  41.4491    7  14 /pl=01:ss=28:pb= 1:sz=28/type=excit/ispb = t/isel =   22
 1.00E+10 1.00E+11 1.00E+12 1.00E+13 1.00E+14 1.00E+15 1.00E+16
 1.45E+01 2.17E+01 3.62E+01 7.25E+01 1.45E+02 3.62E+02 7.25E+02 1.09E+03
 1.45E+03 2.17E+03 3.62E+03 7.25E+03 1.45E+04 2.17E+04
 2.23E-37 1.57E-28 1.71E-21 2.77E-16 9.43E-14 2.46E-12 6.12E-12 7.71E-12
 8.34E-12 8.59E-12 8.09E-12 6.76E-12 5.26E-12 4.45E-12
 2.23E-37 1.57E-28 1.71E-21 2.77E-16 9.43E-14 2.46E-12 6.12E-12 7.71E-12
 8.34E-12 8.59E-12 8.09E-12 6.76E-12 5.26E-12 4.45E-12
 2.23E-37 1.57E-28 1.71E-21 2.77E-16 9.43E-14 2.46E-12 6.12E-12 7.71E-12
 8.34E-12 8.59E-12 8.09E-12 6.76E-12 5.26E-12 4.45E-12
 2.23E-37 1.57E-28 1.71E-21 2.77E-16 9.43E-14 2.46E-12 6.12E-12 7.71E-12
 8.34E-12 8.59E-12 8.09E-12 6.76E-12 5.26E-12 4.45E-12
 2.23E-37 1.57E-28 1.71E-21 2.77E-16 9.43E-14 2.46E-12 6.12E-12 7.71E-12
 8.34E-12 8.59E-12 8.09E-12 6.75E-12 5.25E-12 4.45E-12
 2.23E-37 1.57E-28 1.71E-21 2.77E-16 9.43E-14 2.46E-12 6.11E-12 7.69E-12
 8.32E-12 8.57E-12 8.07E-12 6.74E-12 5.25E-12 4.45E-12
 2.24E-37 1.57E-28 1.71E-21 2.77E-16 9.41E-14 2.44E-12 6.04E-12 7.60E-12
 8.21E-12 8.45E-12 7.96E-12 6.65E-12 5.18E-12 4.39E-12
  46.9559    7  14 /pl=01:ss=28:pb= 1:sz=28/type=excit/ispb = t/isel =   23
 1.00E+10 1.00E+11 1.00E+12 1.00E+13 1.00E+14 1.00E+15 1.00E+16
 1.45E+01 2.17E+01 3.62E+01 7.25E+01 1.45E+02 3.62E+02 7.25E+02 1.09E+03
 1.45E+03 2.17E+03 3.62E+03 7.25E+03 1.45E+04 2.17E+04
 3.66E-40 2.17E-30 1.30E-22 7.66E-17 4.98E-14 1.95E-12 5.71E-12 7.70E-12
 8.78E-12 9.60E-12 9.72E-12 8.80E-12 7.30E-12 6.41E-12
 3.66E-40 2.17E-30 1.30E-22 7.66E-17 4.98E-14 1.95E-12 5.71E-12 7.70E-12
 8.78E-12 9.60E-12 9.72E-12 8.80E-12 7.30E-12 6.41E-12
 3.66E-40 2.17E-30 1.30E-22 7.66E-17 4.98E-14 1.95E-12 5.71E-12 7.70E-12
 8.78E-12 9.60E-12 9.72E-12 8.80E-12 7.30E-12 6.41E-12
 3.66E-40 2.17E-30 1.30E-22 7.66E-17 4.98E-14 1.95E-12 5.71E-12 7.70E-12
 8.78E-12 9.60E-12 9.72E-12 8.80E-12 7.30E-12 6.41E-12
 3.66E-40 2.17E-30 1.30E-22 7.65E-17 4.98E-14 1.95E-12 5.71E-12 7.70E-12
 8.78E-12 9.59E-12 9.71E-12 8.80E-12 7.30E-12 6.41E-12
 3.66E-40 2.17E-30 1.30E-22 7.65E-17 4.98E-14 1.95E-12 5.70E-12 7.68E-12
 8.76E-12 9.57E-12 9.69E-12 8.78E-12 7.28E-12 6.40E-12
 3.66E-40 2.17E-30 1.30E-22 7.65E-17 4.97E-14 1.93E-12 5.63E-12 7.58E-12
 8.64E-12 9.44E-12 9.55E-12 8.66E-12 7.19E-12 6.32E-12
  46.9866    7  14 /pl=01:ss=28:pb= 1:sz=28/type=excit/ispb = t/isel =   24
 1.00E+10 1.00E+11 1.00E+12 1.00E+13 1.00E+14 1.00E+15 1.00E+16
 1.45E+01 2.17E+01 3.62E+01 7.25E+01 1.45E+02 3.62E+02 7.25E+02 1.09E+03
 1.45E+03 2.17E+03 3.62E+03 7.25E+03 1.45E+04 2.17E+04
 1.32E-33 5.72E-26 6.81E-20 2.21E-15 3.54E-13 6.40E-12 1.56E-11 2.08E-11
 2.41E-11 2.81E-11 3.19E-11 3.46E-11 3.47E-11 3.36E-11
 1.32E-33 5.72E-26 6.81E-20 2.21E-15 3.54E-13 6.40E-12 1.56E-11 2.08E-11
 2.41E-11 2.81E-11 3.19E-11 3.46E-11 3.47E-11 3.36E-11
 1.32E-33 5.72E-26 6.81E-20 2.21E-15 3.54E-13 6.40E-12 1.56E-11 2.08E-11
 2.41E-11 2.81E-11 3.19E-11 3.46E-11 3.47E-11 3.36E-11
 1.32E-33 5.72E-26 6.81E-20 2.21E-15 3.54E-13 6.40E-12 1.56E-11 2.08E-11
 2.41E-11 2.81E-11 3.19E-11 3.46E-11 3.47E-11 3.36E-11
 1.32E-33 5.72E-26 6.81E-20 2.21E-15 3.54E-13 6.40E-12 1.56E-11 2.08E-11
 2.41E-11 2.81E-11 3.19E-11 3.46E-11 3.47E-11 3.36E-11
 1.32E-33 5.72E-26 6.81E-20 2.21E-15 3.54E-13 6.39E-12 1.56E-11 2.08E-11
 2.41E-11 2.80E-11 3.18E-11 3.45E-11 3.46E-11 3.35E-11
 1.33E-33 5.73E-26 6.82E-20 2.21E-15 3.54E-13 6.34E-12 1.54E-11 2.05E-11
 2.38E-11 2.76E-11 3.13E-11 3.40E-11 3.42E-11 3.31E-11
  48.9103    7  14 /pl=01:ss=28:pb= 1:sz=28/type=excit/ispb = t/isel =   25
 1.00E+10 1.00E+11 1.00E+12 1.00E+13 1.00E+14 1.00E+15 1.00E+16
 1.45E+01 2.17E+01 3.62E+01 7.25E+01 1.45E+02 3.62E+02 7.25E+02 1.09E+03
 1.45E+03 2.17E+03 3.62E+03 7.25E+03 1.45E+04 2.17E+04
 2.42E-36 5.99E-28 2.83E-21 2.50E-16 6.35E-14 1.43E-12 3.45E-12 4.36E-12
 4.76E-12 4.98E-12 4.89E-12 4.38E-12 3.72E-12 3.32E-12
 2.42E-36 5.99E-28 2.83E-21 2.50E-16 6.35E-14 1.43E-12 3.45E-12 4.36E-12
 4.76E-12 4.98E-12 4.89E-12 4.38E-12 3.72E-12 3.32E-12
 2.42E-36 5.99E-28 2.83E-21 2.50E-16 6.35E-14 1.43E-12 3.45E-12 4.36E-12
 4.76E-12 4.98E-12 4.89E-12 4.38E-12 3.72E-12 3.32E-12
 2.42E-36 5.99E-28 2.83E-21 2.50E-16 6.35E-14 1.43E-12 3.45E-12 4.36E-12
 4.76E-12 4.98E-12 4.89E-12 4.38E-12 3.72E-12 3.32E-12
 2.42E-36 5.99E-28 2.83E-21 2.50E-16 6.35E-14 1.43E-12 3.45E-12 4.36E-12
 4.76E-12 4.98E-12 4.89E-12 4.37E-12 3.72E-12 3.32E-12
 2.43E-36 6.00E-28 2.84E-21 2.50E-16 6.35E-14 1.43E-12 3.45E-12 4.35E-12
 4.75E-12 4.97E-12 4.88E-12 4.37E-12 3.71E-12 3.32E-12
 2.45E-36 6.05E-28 2.85E-21 2.50E-16 6.36E-14 1.42E-12 3.42E-12 4.30E-12
 4.69E-12 4.91E-12 4.82E-12 4.31E-12 3.67E-12 3.28E-12
  54.3901    7  14 /pl=01:ss=28:pb= 1:sz=28/type=excit/ispb = t/isel =   26
 1.00E+10 1.00E+11 1.00E+12 1.00E+13 1.00E+14 1.00E+15 1.00E+16
 1.45E+01 2.17E+01 3.62E+01 7.25E+01 1.45E+02 3.62E+02 7.25E+02 1.09E+03
 1.45E+03 2.17E+03 3.62E+03 7.25E+03 1.45E+04 2.17E+04
 2.82E-30 7.66E-24 9.86E-19 5.84E-15 3.90E-13 3.99E-12 7.43E-12 8.56E-12
 8.88E-12 8.82E-12 8.14E-12 6.80E-12 5.43E-12 4.69E-12
 2.82E-30 7.66E-24 9.86E-19 5.84E-15 3.90E-13 3.99E-12 7.43E-12 8.56E-12
 8.88E-12 8.82E-12 8.14E-12 6.80E-12 5.43E-12 4.69E-12
 2.82E-30 7.66E-24 9.86E-19 5.84E-15 3.90E-13 3.99E-12 7.43E-12 8.56E-12
 8.88E-12 8.82E-12 8.14E-12 6.80E-12 5.43E-12 4.69E-12
 2.82E-30 7.66E-24 9.86E-19 5.84E-15 3.90E-13 3.99E-12 7.43E-12 8.56E-12
 8.88E-12 8.82E-12 8.15E-12 6.80E-12 5.43E-12 4.69E-12
 2.84E-30 7.71E-24 9.91E-19 5.86E-15 3.91E-13 4.00E-12 7.45E-12 8.58E-12
 8.90E-12 8.83E-12 8.16E-12 6.81E-12 5.43E-12 4.69E-12
 3.02E-30 8.12E-24 1.03E-18 6.06E-15 4.02E-13 4.09E-12 7.60E-12 8.74E-12
 9.06E-12 8.98E-12 8.28E-12 6.90E-12 5.49E-12 4.73E-12
 4.78E-30 1.17E-23 1.35E-18 7.25E-15 4.63E-13 4.59E-12 8.45E-12 9.67E-12
 1.00E-11 9.88E-12 9.07E-12 7.50E-12 5.91E-12 5.07E-12
  54.4239    7  14 /pl=01:ss=28:pb= 1:sz=28/type=excit/ispb = t/isel =   27
 1.00E+10 1.00E+11 1.00E+12 1.00E+13 1.00E+14 1.00E+15 1.00E+16
 1.45E+01 2.17E+01 3.62E+01 7.25E+01 1.45E+02 3.62E+02 7.25E+02 1.09E+03
 1.45E+03 2.17E+03 3.62E+03 7.25E+03 1.45E+04 2.17E+04
 6.12E-37 2.35E-28 1.61E-21 1.89E-16 5.59E-14 1.41E-12 3.74E-12 5.06E-12
 5.85E-12 6.76E-12 7.56E-12 8.04E-12 7.98E-12 7.73E-12
 6.12E-37 2.35E-28 1.61E-21 1.89E-16 5.59E-14 1.41E-12 3.74E-12 5.06E-12
 5.85E-12 6.76E-12 7.56E-12 8.04E-12 7.98E-12 7.73E-12
 6.12E-37 2.35E-28 1.61E-21 1.89E-16 5.59E-14 1.41E-12 3.74E-12 5.06E-12
 5.85E-12 6.76E-12 7.56E-12 8.04E-12 7.98E-12 7.73E-12
 6.12E-37 2.35E-28 1.61E-21 1.89E-16 5.59E-14 1.41E-12 3.74E-12 5.06E-12
 5.85E-12 6.76E-12 7.56E-12 8.04E-12 7.98E-12 7.73E-12
 6.12E-37 2.35E-28 1.61E-21 1.89E-16 5.59E-14 1.41E-12 3.74E-12 5.05E-12
 5.85E-12 6.76E-12 7.56E-12 8.04E-12 7.98E-12 7.73E-12
 6.12E-37 2.35E-28 1.61E-21 1.89E-16 5.59E-14 1.41E-12 3.73E-12 5.04E-12
 5.84E-12 6.74E-12 7.54E-12 8.02E-12 7.96E-12 7.72E-12
 6.12E-37 2.36E-28 1.61E-21 1.89E-16 5.58E-14 1.40E-12 3.69E-12 4.98E-12
 5.76E-12 6.65E-12 7.44E-12 7.91E-12 7.86E-12 7.62E-12
  57.7797    7  14 /pl=01:ss=28:pb= 1:sz=28/type=excit/ispb = t/isel =   28
 1.00E+10 1.00E+11 1.00E+12 1.00E+13 1.00E+14 1.00E+15 1.00E+16
 1.45E+01 2.17E+01 3.62E+01 7.25E+01 1.45E+02 3.62E+02 7.25E+02 1.09E+03
 1.45E+03 2.17E+03 3.62E+03 7.25E+03 1.45E+04 2.17E+04
 1.08E-41 2.04E-31 3.12E-23 3.68E-17 3.37E-14 1.60E-12 4.87E-12 6.57E-12
 7.37E-12 7.95E-12 7.74E-12 6.73E-12 5.35E-12 4.59E-12
 1.07E-41 2.04E-31 3.12E-23 3.68E-17 3.37E-14 1.60E-12 4.87E-12 6.57E-12
 7.37E-12 7.95E-12 7.74E-12 6.73E-12 5.35E-12 4.59E-12
 1.07E-41 2.04E-31 3.12E-23 3.68E-17 3.37E-14 1.60E-12 4.87E-12 6.57E-12
 7.37E-12 7.95E-12 7.74E-12 6.73E-12 5.35E-12 4.59E-12
 1.07E-41 2.04E-31 3.12E-23 3.68E-17 3.37E-14 1.60E-12 4.87E-12 6.57E-12
 7.37E-12 7.95E-12 7.74E-12 6.73E-12 5.35E-12 4.59E-12
 1.07E-41 2.04E-31 3.12E-23 3.68E-17 3.37E-14 1.60E-12 4.87E-12 6.57E-12
 7.37E-12 7.95E-12 7.74E-12 6.73E-12 5.35E-12 4.59E-12
 1.07E-41 2.04E-31 3.12E-23 3.68E-17 3.37E-14 1.59E-12 4.86E-12 6.56E-12
 7.35E-12 7.93E-12 7.72E-12 6.72E-12 5.34E-12 4.59E-12
 1.07E-41 2.04E-31 3.12E-23 3.68E-17 3.36E-14 1.58E-12 4.80E-12 6.47E-12
 7.25E-12 7.82E-12 7.61E-12 6.63E-12 5.27E-12 4.53E-12
  57.7959    7  14 /pl=01:ss=28:pb= 1:sz=28/type=excit/ispb = t/isel =   29
 1.00E+10 1.00E+11 1.00E+12 1.00E+13 1.00E+14 1.00E+15 1.00E+16
 1.45E+01 2.17E+01 3.62E+01 7.25E+01 1.45E+02 3.62E+02 7.25E+02 1.09E+03
 1.45E+03 2.17E+03 3.62E+03 7.25E+03 1.45E+04 2.17E+04
 1.88E-43 1.24E-32 4.87E-24 1.16E-17 1.53E-14 9.03E-13 3.01E-12 4.22E-12
 4.87E-12 5.39E-12 5.49E-12 4.96E-12 4.08E-12 3.55E-12
 2.07E-43 1.24E-32 4.87E-24 1.16E-17 1.53E-14 9.03E-13 3.01E-12 4.22E-12
 4.87E-12 5.39E-12 5.49E-12 4.96E-12 4.08E-12 3.55E-12
 1.99E-43 1.24E-32 4.87E-24 1.16E-17 1.53E-14 9.03E-13 3.01E-12 4.22E-12
 4.87E-12 5.39E-12 5.49E-12 4.96E-12 4.08E-12 3.55E-12
 1.99E-43 1.24E-32 4.87E-24 1.16E-17 1.53E-14 9.03E-13 3.01E-12 4.22E-12
 4.87E-12 5.39E-12 5.49E-12 4.96E-12 4.08E-12 3.55E-12
 1.99E-43 1.24E-32 4.87E-24 1.16E-17 1.53E-14 9.03E-13 3.01E-12 4.22E-12
 4.87E-12 5.39E-12 5.49E-12 4.96E-12 4.08E-12 3.55E-12
 1.99E-43 1.24E-32 4.87E-24 1.16E-17 1.53E-14 9.01E-13 3.00E-12 4.21E-12
 4.86E-12 5.38E-12 5.48E-12 4.95E-12 4.07E-12 3.54E-12
 2.00E-43 1.24E-32 4.87E-24 1.16E-17 1.52E-14 8.95E-13 2.97E-12 4.16E-12
 4.79E-12 5.30E-12 5.40E-12 4.88E-12 4.02E-12 3.50E-12
  57.7995    7  14 /pl=01:ss=28:pb= 1:sz=28/type=excit/ispb = t/isel =   30
 1.00E+10 1.00E+11 1.00E+12 1.00E+13 1.00E+14 1.00E+15 1.00E+16
 1.45E+01 2.17E+01 3.62E+01 7.25E+01 1.45E+02 3.62E+02 7.25E+02 1.09E+03
 1.45E+03 2.17E+03 3.62E+03 7.25E+03 1.45E+04 2.17E+04
 5.63E-43 1.70E-32 4.17E-24 7.06E-18 7.80E-15 4.26E-13 1.45E-12 2.14E-12
 2.60E-12 3.20E-12 3.86E-12 4.52E-12 4.85E-12 4.85E-12
 4.88E-43 1.70E-32 4.17E-24 7.06E-18 7.80E-15 4.26E-13 1.45E-12 2.14E-12
 2.60E-12 3.20E-12 3.86E-12 4.52E-12 4.85E-12 4.85E-12
 4.96E-43 1.70E-32 4.17E-24 7.06E-18 7.80E-15 4.26E-13 1.45E-12 2.14E-12
 2.60E-12 3.20E-12 3.86E-12 4.52E-12 4.85E-12 4.85E-12
 4.96E-43 1.70E-32 4.17E-24 7.06E-18 7.80E-15 4.26E-13 1.45E-12 2.14E-12
 2.60E-12 3.20E-12 3.86E-12 4.52E-12 4.85E-12 4.85E-12
 4.96E-43 1.70E-32 4.17E-24 7.06E-18 7.80E-15 4.26E-13 1.45E-12 2.14E-12
 2.60E-12 3.20E-12 3.85E-12 4.52E-12 4.85E-12 4.85E-12
 4.96E-43 1.70E-32 4.17E-24 7.06E-18 7.80E-15 4.25E-13 1.45E-12 2.13E-12
 2.59E-12 3.19E-12 3.85E-12 4.51E-12 4.84E-12 4.84E-12
 4.97E-43 1.71E-32 4.17E-24 7.07E-18 7.79E-15 4.22E-13 1.43E-12 2.10E-12
 2.56E-12 3.15E-12 3.79E-12 4.45E-12 4.78E-12 4.78E-12
  58.8192    7  14 /pl=01:ss=28:pb= 1:sz=28/type=excit/ispb = t/isel =   31
 1.00E+10 1.00E+11 1.00E+12 1.00E+13 1.00E+14 1.00E+15 1.00E+16
 1.45E+01 2.17E+01 3.62E+01 7.25E+01 1.45E+02 3.62E+02 7.25E+02 1.09E+03
 1.45E+03 2.17E+03 3.62E+03 7.25E+03 1.45E+04 2.17E+04
 1.75E-34 1.61E-26 3.45E-20 1.67E-15 3.10E-13 5.66E-12 1.26E-11 1.54E-11
 1.64E-11 1.67E-11 1.57E-11 1.32E-11 1.04E-11 8.90E-12
 1.75E-34 1.61E-26 3.45E-20 1.67E-15 3.10E-13 5.66E-12 1.26E-11 1.54E-11
 1.64E-11 1.67E-11 1.57E-11 1.32E-11 1.04E-11 8.90E-12
 1.75E-34 1.61E-26 3.45E-20 1.67E-15 3.10E-13 5.66E-12 1.26E-11 1.54E-11
 1.64E-11 1.67E-11 1.57E-11 1.32E-11 1.04E-11 8.90E-12
 1.75E-34 1.61E-26 3.45E-20 1.67E-15 3.10E-13 5.66E-12 1.26E-11 1.54E-11
 1.64E-11 1.67E-11 1.57E-11 1.32E-11 1.04E-11 8.90E-12
 1.75E-34 1.61E-26 3.45E-20 1.67E-15 3.09E-13 5.66E-12 1.26E-11 1.54E-11
 1.64E-11 1.67E-11 1.57E-11 1.32E-11 1.04E-11 8.90E-12
 1.75E-34 1.61E-26 3.45E-20 1.67E-15 3.09E-13 5.65E-12 1.26E-11 1.53E-11
 1.64E-11 1.67E-11 1.57E-11 1.32E-11 1.04E-11 8.89E-12
 1.75E-34 1.61E-26 3.46E-20 1.67E-15 3.09E-13 5.61E-12 1.25E-11 1.52E-11
 1.61E-11 1.64E-11 1.55E-11 1.30E-11 1.02E-11 8.78E-12
  59.3428    7  14 /pl=01:ss=28:pb= 1:sz=28/type=excit/ispb = t/isel =   32
 1.00E+10 1.00E+11 1.00E+12 1.00E+13 1.00E+14 1.00E+15 1.00E+16
 1.45E+01 2.17E+01 3.62E+01 7.25E+01 1.45E+02 3.62E+02 7.25E+02 1.09E+03
 1.45E+03 2.17E+03 3.62E+03 7.25E+03 1.45E+04 2.17E+04
 2.68E-14 2.68E-12 9.80E-11 1.27E-09 3.98E-09 7.02E-09 7.84E-09 7.83E-09
 7.67E-09 7.29E-09 6.66E-09 5.70E-09 4.74E-09 4.20E-09
 2.68E-14 2.68E-12 9.80E-11 1.27E-09 3.98E-09 7.02E-09 7.84E-09 7.83E-09
 7.67E-09 7.29E-09 6.66E-09 5.70E-09 4.74E-09 4.20E-09
 2.68E-14 2.68E-12 9.80E-11 1.27E-09 3.98E-09 7.02E-09 7.84E-09 7.83E-09
 7.67E-09 7.29E-09 6.66E-09 5.70E-09 4.74E-09 4.20E-09
 2.68E-14 2.68E-12 9.80E-11 1.27E-09 3.98E-09 7.02E-09 7.84E-09 7.82E-09
 7.67E-09 7.29E-09 6.66E-09 5.70E-09 4.74E-09 4.20E-09
 2.68E-14 2.68E-12 9.80E-11 1.27E-09 3.98E-09 7.02E-09 7.84E-09 7.82E-09
 7.67E-09 7.29E-09 6.66E-09 5.70E-09 4.74E-09 4.20E-09
 2.68E-14 2.68E-12 9.80E-11 1.27E-09 3.98E-09 7.01E-09 7.83E-09 7.81E-09
 7.65E-09 7.27E-09 6.65E-09 5.69E-09 4.73E-09 4.19E-09
 2.68E-14 2.68E-12 9.80E-11 1.26E-09 3.97E-09 6.96E-09 7.74E-09 7.71E-09
 7.55E-09 7.17E-09 6.56E-09 5.61E-09 4.67E-09 4.14E-09
  70.2732    7  14 /pl=01:ss=28:pb= 1:sz=28/type=excit/ispb = t/isel =   33
 1.00E+10 1.00E+11 1.00E+12 1.00E+13 1.00E+14 1.00E+15 1.00E+16
 1.45E+01 2.17E+01 3.62E+01 7.25E+01 1.45E+02 3.62E+02 7.25E+02 1.09E+03
 1.45E+03 2.17E+03 3.62E+03 7.25E+03 1.45E+04 2.17E+04
 3.80E-37 3.00E-28 3.62E-21 6.35E-16 2.27E-13 6.16E-12 1.57E-11 2.01E-11
 2.20E-11 2.31E-11 2.24E-11 1.94E-11 1.57E-11 1.37E-11
 3.80E-37 3.00E-28 3.62E-21 6.35E-16 2.27E-13 6.16E-12 1.57E-11 2.01E-11
 2.20E-11 2.31E-11 2.24E-11 1.94E-11 1.57E-11 1.37E-11
 3.80E-37 3.00E-28 3.62E-21 6.35E-16 2.27E-13 6.16E-12 1.57E-11 2.01E-11
 2.20E-11 2.31E-11 2.24E-11 1.94E-11 1.57E-11 1.37E-11
 3.80E-37 3.00E-28 3.62E-21 6.35E-16 2.27E-13 6.16E-12 1.57E-11 2.01E-11
 2.20E-11 2.31E-11 2.24E-11 1.94E-11 1.57E-11 1.37E-11
 3.80E-37 3.00E-28 3.62E-21 6.35E-16 2.27E-13 6.15E-12 1.57E-11 2.01E-11
 2.20E-11 2.31E-11 2.24E-11 1.94E-11 1.57E-11 1.37E-11
 3.80E-37 3.00E-28 3.62E-21 6.35E-16 2.27E-13 6.15E-12 1.57E-11 2.01E-11
 2.20E-11 2.31E-11 2.24E-11 1.94E-11 1.57E-11 1.36E-11
 3.80E-37 3.00E-28 3.62E-21 6.35E-16 2.27E-13 6.10E-12 1.55E-11 1.98E-11
 2.17E-11 2.27E-11 2.20E-11 1.91E-11 1.55E-11 1.35E-11
  70.3883    7  14 /pl=01:ss=28:pb= 1:sz=28/type=excit/ispb = t/isel =   34
 1.00E+10 1.00E+11 1.00E+12 1.00E+13 1.00E+14 1.00E+15 1.00E+16
 1.45E+01 2.17E+01 3.62E+01 7.25E+01 1.45E+02 3.62E+02 7.25E+02 1.09E+03
 1.45E+03 2.17E+03 3.62E+03 7.25E+03 1.45E+04 2.17E+04
 3.64E-31 2.17E-24 5.51E-19 5.79E-15 5.38E-13 6.95E-12 1.46E-11 1.81E-11
 1.98E-11 2.14E-11 2.21E-11 2.15E-11 1.97E-11 1.84E-11
 3.64E-31 2.17E-24 5.51E-19 5.79E-15 5.38E-13 6.95E-12 1.46E-11 1.81E-11
 1.98E-11 2.14E-11 2.21E-11 2.15E-11 1.97E-11 1.84E-11
 3.64E-31 2.17E-24 5.51E-19 5.79E-15 5.38E-13 6.95E-12 1.46E-11 1.81E-11
 1.98E-11 2.14E-11 2.21E-11 2.15E-11 1.97E-11 1.84E-11
 3.64E-31 2.17E-24 5.51E-19 5.79E-15 5.38E-13 6.95E-12 1.46E-11 1.81E-11
 1.98E-11 2.14E-11 2.21E-11 2.15E-11 1.97E-11 1.84E-11
 3.65E-31 2.18E-24 5.52E-19 5.80E-15 5.38E-13 6.96E-12 1.46E-11 1.81E-11
 1.98E-11 2.14E-11 2.21E-11 2.15E-11 1.97E-11 1.84E-11
 3.71E-31 2.21E-24 5.57E-19 5.84E-15 5.41E-13 6.98E-12 1.47E-11 1.81E-11
 1.98E-11 2.14E-11 2.21E-11 2.15E-11 1.97E-11 1.84E-11
 4.32E-31 2.47E-24 5.99E-19 6.09E-15 5.56E-13 7.09E-12 1.48E-11 1.82E-11
 1.99E-11 2.14E-11 2.21E-11 2.15E-11 1.97E-11 1.84E-11
  84.6525    7  14 /pl=01:ss=28:pb= 1:sz=28/type=excit/ispb = t/isel =   35
 1.00E+10 1.00E+11 1.00E+12 1.00E+13 1.00E+14 1.00E+15 1.00E+16
 1.45E+01 2.17E+01 3.62E+01 7.25E+01 1.45E+02 3.62E+02 7.25E+02 1.09E+03
 1.45E+03 2.17E+03 3.62E+03 7.25E+03 1.45E+04 2.17E+04
 1.42E-37 6.38E-29 4.89E-22 6.21E-17 1.99E-14 5.61E-13 1.58E-12 2.20E-12
 2.59E-12 3.05E-12 3.46E-12 3.74E-12 3.71E-12 3.59E-12
 1.42E-37 6.38E-29 4.89E-22 6.21E-17 1.99E-14 5.61E-13 1.58E-12 2.20E-12
 2.59E-12 3.05E-12 3.46E-12 3.74E-12 3.71E-12 3.59E-12
 1.42E-37 6.38E-29 4.89E-22 6.21E-17 1.99E-14 5.61E-13 1.58E-12 2.20E-12
 2.59E-12 3.05E-12 3.46E-12 3.74E-12 3.71E-12 3.59E-12
 1.42E-37 6.38E-29 4.89E-22 6.21E-17 1.99E-14 5.61E-13 1.58E-12 2.20E-12
 2.59E-12 3.05E-12 3.46E-12 3.74E-12 3.71E-12 3.59E-12
 1.42E-37 6.38E-29 4.89E-22 6.21E-17 1.99E-14 5.61E-13 1.58E-12 2.20E-12
 2.59E-12 3.04E-12 3.46E-12 3.74E-12 3.71E-12 3.59E-12
 1.42E-37 6.38E-29 4.89E-22 6.21E-17 1.99E-14 5.60E-13 1.58E-12 2.20E-12
 2.59E-12 3.04E-12 3.46E-12 3.73E-12 3.70E-12 3.58E-12
 1.43E-37 6.39E-29 4.90E-22 6.22E-17 1.99E-14 5.56E-13 1.56E-12 2.17E-12
 2.55E-12 2.99E-12 3.41E-12 3.67E-12 3.66E-12 3.54E-12
  93.1738    7  14 /pl=01:ss=28:pb= 1:sz=28/type=excit/ispb = t/isel =   36
 1.00E+10 1.00E+11 1.00E+12 1.00E+13 1.00E+14 1.00E+15 1.00E+16
 1.45E+01 2.17E+01 3.62E+01 7.25E+01 1.45E+02 3.62E+02 7.25E+02 1.09E+03
 1.45E+03 2.17E+03 3.62E+03 7.25E+03 1.45E+04 2.17E+04
 1.83E-39 4.07E-30 1.17E-22 4.21E-17 2.24E-14 7.98E-13 2.33E-12 3.24E-12
 3.79E-12 4.43E-12 5.00E-12 5.45E-12 5.51E-12 5.39E-12
 1.83E-39 4.07E-30 1.17E-22 4.21E-17 2.24E-14 7.98E-13 2.33E-12 3.24E-12
 3.79E-12 4.43E-12 5.00E-12 5.45E-12 5.51E-12 5.39E-12
 1.83E-39 4.07E-30 1.17E-22 4.21E-17 2.24E-14 7.98E-13 2.33E-12 3.24E-12
 3.79E-12 4.43E-12 5.00E-12 5.45E-12 5.51E-12 5.39E-12
 1.83E-39 4.07E-30 1.17E-22 4.21E-17 2.24E-14 7.98E-13 2.33E-12 3.24E-12
 3.79E-12 4.43E-12 5.00E-12 5.45E-12 5.51E-12 5.39E-12
 1.83E-39 4.07E-30 1.17E-22 4.21E-17 2.24E-14 7.98E-13 2.33E-12 3.24E-12
 3.79E-12 4.43E-12 5.00E-12 5.45E-12 5.51E-12 5.39E-12
 1.83E-39 4.07E-30 1.17E-22 4.21E-17 2.23E-14 7.97E-13 2.33E-12 3.23E-12
 3.78E-12 4.42E-12 4.99E-12 5.44E-12 5.50E-12 5.38E-12
 1.84E-39 4.08E-30 1.17E-22 4.21E-17 2.23E-14 7.91E-13 2.30E-12 3.19E-12
 3.73E-12 4.36E-12 4.92E-12 5.37E-12 5.43E-12 5.32E-12
  93.2186    7  14 /pl=01:ss=28:pb= 1:sz=28/type=excit/ispb = t/isel =   37
 1.00E+10 1.00E+11 1.00E+12 1.00E+13 1.00E+14 1.00E+15 1.00E+16
 1.45E+01 2.17E+01 3.62E+01 7.25E+01 1.45E+02 3.62E+02 7.25E+02 1.09E+03
 1.45E+03 2.17E+03 3.62E+03 7.25E+03 1.45E+04 2.17E+04
 4.87E-32 7.55E-25 3.91E-19 6.62E-15 7.43E-13 1.03E-11 2.13E-11 2.56E-11
 2.72E-11 2.78E-11 2.67E-11 2.33E-11 1.94E-11 1.71E-11
 4.87E-32 7.55E-25 3.91E-19 6.62E-15 7.43E-13 1.03E-11 2.13E-11 2.56E-11
 2.72E-11 2.78E-11 2.67E-11 2.33E-11 1.94E-11 1.71E-11
 4.87E-32 7.55E-25 3.91E-19 6.62E-15 7.43E-13 1.03E-11 2.13E-11 2.56E-11
 2.72E-11 2.78E-11 2.67E-11 2.33E-11 1.94E-11 1.71E-11
 4.87E-32 7.55E-25 3.91E-19 6.62E-15 7.43E-13 1.03E-11 2.13E-11 2.56E-11
 2.72E-11 2.78E-11 2.67E-11 2.33E-11 1.94E-11 1.71E-11
 4.88E-32 7.55E-25 3.91E-19 6.62E-15 7.43E-13 1.03E-11 2.13E-11 2.56E-11
 2.72E-11 2.78E-11 2.67E-11 2.33E-11 1.94E-11 1.71E-11
 4.88E-32 7.56E-25 3.92E-19 6.62E-15 7.43E-13 1.03E-11 2.13E-11 2.55E-11
 2.71E-11 2.78E-11 2.66E-11 2.33E-11 1.93E-11 1.71E-11
 4.96E-32 7.65E-25 3.95E-19 6.66E-15 7.45E-13 1.03E-11 2.11E-11 2.53E-11
 2.68E-11 2.75E-11 2.63E-11 2.30E-11 1.91E-11 1.69E-11
  111.557    7  14 /pl=01:ss=28:pb= 1:sz=28/type=excit/ispb = t/isel =   38
 1.00E+10 1.00E+11 1.00E+12 1.00E+13 1.00E+14 1.00E+15 1.00E+16
 1.45E+01 2.17E+01 3.62E+01 7.25E+01 1.45E+02 3.62E+02 7.25E+02 1.09E+03
 1.45E+03 2.17E+03 3.62E+03 7.25E+03 1.45E+04 2.17E+04
 2.94E-34 1.27E-26 1.51E-20 4.90E-16 7.88E-14 1.42E-12 3.47E-12 4.63E-12
 5.37E-12 6.25E-12 7.08E-12 7.68E-12 7.71E-12 7.47E-12
 2.94E-34 1.27E-26 1.51E-20 4.90E-16 7.88E-14 1.42E-12 3.47E-12 4.63E-12
 5.37E-12 6.25E-12 7.08E-12 7.68E-12 7.71E-12 7.47E-12
 2.94E-34 1.27E-26 1.51E-20 4.90E-16 7.88E-14 1.42E-12 3.47E-12 4.63E-12
 5.37E-12 6.25E-12 7.08E-12 7.68E-12 7.71E-12 7.47E-12
 2.94E-34 1.27E-26 1.51E-20 4.90E-16 7.88E-14 1.42E-12 3.47E-12 4.63E-12
 5.37E-12 6.25E-12 7.08E-12 7.68E-12 7.71E-12 7.47E-12
 2.94E-34 1.27E-26 1.51E-20 4.90E-16 7.88E-14 1.42E-12 3.46E-12 4.63E-12
 5.36E-12 6.24E-12 7.08E-12 7.68E-12 7.71E-12 7.47E-12
 2.94E-34 1.27E-26 1.51E-20 4.90E-16 7.88E-14 1.42E-12 3.46E-12 4.62E-12
 5.35E-12 6.23E-12 7.07E-12 7.67E-12 7.70E-12 7.46E-12
 2.95E-34 1.27E-26 1.52E-20 4.91E-16 7.86E-14 1.41E-12 3.42E-12 4.56E-12
 5.28E-12 6.14E-12 6.96E-12 7.56E-12 7.60E-12 7.36E-12
  130.373    7  14 /pl=01:ss=28:pb= 1:sz=28/type=excit/ispb = t/isel =   39
 1.00E+10 1.00E+11 1.00E+12 1.00E+13 1.00E+14 1.00E+15 1.00E+16
 1.45E+01 2.17E+01 3.62E+01 7.25E+01 1.45E+02 3.62E+02 7.25E+02 1.09E+03
 1.45E+03 2.17E+03 3.62E+03 7.25E+03 1.45E+04 2.17E+04
 4.90E-36 7.00E-28 2.19E-21 1.53E-16 4.17E-14 1.15E-12 3.11E-12 4.12E-12
 4.62E-12 5.04E-12 5.13E-12 4.80E-12 4.21E-12 3.80E-12
 4.90E-36 7.00E-28 2.19E-21 1.53E-16 4.17E-14 1.15E-12 3.11E-12 4.12E-12
 4.62E-12 5.04E-12 5.13E-12 4.80E-12 4.21E-12 3.80E-12
 4.90E-36 7.00E-28 2.19E-21 1.53E-16 4.17E-14 1.15E-12 3.11E-12 4.12E-12
 4.62E-12 5.04E-12 5.13E-12 4.80E-12 4.21E-12 3.80E-12
 4.90E-36 7.00E-28 2.19E-21 1.53E-16 4.17E-14 1.15E-12 3.11E-12 4.12E-12
 4.62E-12 5.04E-12 5.13E-12 4.80E-12 4.21E-12 3.80E-12
 4.91E-36 7.01E-28 2.19E-21 1.53E-16 4.17E-14 1.15E-12 3.11E-12 4.12E-12
 4.62E-12 5.04E-12 5.13E-12 4.80E-12 4.21E-12 3.80E-12
 4.96E-36 7.07E-28 2.20E-21 1.54E-16 4.18E-14 1.15E-12 3.11E-12 4.12E-12
 4.62E-12 5.04E-12 5.12E-12 4.80E-12 4.20E-12 3.80E-12
 5.47E-36 7.60E-28 2.31E-21 1.58E-16 4.24E-14 1.16E-12 3.10E-12 4.09E-12
 4.59E-12 5.00E-12 5.08E-12 4.76E-12 4.17E-12 3.78E-12
  143.112    7  14 /pl=01:ss=28:pb= 1:sz=28/type=excit/ispb = t/isel =   40
 1.00E+10 1.00E+11 1.00E+12 1.00E+13 1.00E+14 1.00E+15 1.00E+16
 1.45E+01 2.17E+01 3.62E+01 7.25E+01 1.45E+02 3.62E+02 7.25E+02 1.09E+03
 1.45E+03 2.17E+03 3.62E+03 7.25E+03 1.45E+04 2.17E+04
 1.80E-34 1.80E-26 4.14E-20 2.13E-15 4.25E-13 8.49E-12 2.03E-11 2.61E-11
 2.90E-11 3.14E-11 3.19E-11 2.97E-11 2.56E-11 2.29E-11
 1.80E-34 1.80E-26 4.14E-20 2.13E-15 4.25E-13 8.49E-12 2.03E-11 2.61E-11
 2.90E-11 3.14E-11 3.19E-11 2.97E-11 2.56E-11 2.29E-11
 1.80E-34 1.80E-26 4.14E-20 2.13E-15 4.25E-13 8.49E-12 2.03E-11 2.61E-11
 2.90E-11 3.14E-11 3.19E-11 2.97E-11 2.56E-11 2.29E-11
 1.80E-34 1.80E-26 4.14E-20 2.13E-15 4.25E-13 8.49E-12 2.03E-11 2.61E-11
 2.90E-11 3.14E-11 3.19E-11 2.97E-11 2.56E-11 2.29E-11
 1.80E-34 1.80E-26 4.14E-20 2.13E-15 4.25E-13 8.49E-12 2.03E-11 2.61E-11
 2.90E-11 3.13E-11 3.19E-11 2.96E-11 2.56E-11 2.29E-11
 1.80E-34 1.80E-26 4.14E-20 2.13E-15 4.25E-13 8.48E-12 2.03E-11 2.60E-11
 2.89E-11 3.13E-11 3.18E-11 2.96E-11 2.55E-11 2.29E-11
 1.81E-34 1.81E-26 4.15E-20 2.14E-15 4.24E-13 8.42E-12 2.01E-11 2.57E-11
 2.85E-11 3.08E-11 3.14E-11 2.92E-11 2.52E-11 2.26E-11
  143.268    7  14 /pl=01:ss=28:pb= 1:sz=28/type=excit/ispb = t/isel =   41
 1.00E+10 1.00E+11 1.00E+12 1.00E+13 1.00E+14 1.00E+15 1.00E+16
 1.45E+01 2.17E+01 3.62E+01 7.25E+01 1.45E+02 3.62E+02 7.25E+02 1.09E+03
 1.45E+03 2.17E+03 3.62E+03 7.25E+03 1.45E+04 2.17E+04
 6.02E-28 4.39E-22 1.99E-17 5.76E-14 3.02E-12 3.08E-11 6.43E-11 8.20E-11
 9.27E-11 1.05E-10 1.16E-10 1.23E-10 1.21E-10 1.17E-10
 6.02E-28 4.39E-22 1.99E-17 5.76E-14 3.02E-12 3.08E-11 6.43E-11 8.20E-11
 9.27E-11 1.05E-10 1.16E-10 1.23E-10 1.21E-10 1.17E-10
 6.02E-28 4.39E-22 1.99E-17 5.76E-14 3.02E-12 3.08E-11 6.43E-11 8.20E-11
 9.27E-11 1.05E-10 1.16E-10 1.23E-10 1.21E-10 1.17E-10
 6.02E-28 4.39E-22 1.99E-17 5.76E-14 3.02E-12 3.08E-11 6.43E-11 8.20E-11
 9.27E-11 1.05E-10 1.16E-10 1.23E-10 1.21E-10 1.17E-10
 6.02E-28 4.39E-22 1.99E-17 5.76E-14 3.02E-12 3.08E-11 6.43E-11 8.20E-11
 9.27E-11 1.05E-10 1.16E-10 1.23E-10 1.21E-10 1.17E-10
 6.03E-28 4.39E-22 1.99E-17 5.76E-14 3.02E-12 3.08E-11 6.42E-11 8.18E-11
 9.25E-11 1.05E-10 1.16E-10 1.23E-10 1.21E-10 1.17E-10
 6.06E-28 4.41E-22 2.00E-17 5.77E-14 3.02E-12 3.06E-11 6.35E-11 8.08E-11
 9.13E-11 1.03E-10 1.14E-10 1.21E-10 1.19E-10 1.15E-10
  147.469    7  14 /pl=01:ss=28:pb= 1:sz=28/type=excit/ispb = t/isel =   42
 1.00E+10 1.00E+11 1.00E+12 1.00E+13 1.00E+14 1.00E+15 1.00E+16
 1.45E+01 2.17E+01 3.62E+01 7.25E+01 1.45E+02 3.62E+02 7.25E+02 1.09E+03
 1.45E+03 2.17E+03 3.62E+03 7.25E+03 1.45E+04 2.17E+04
 8.23E-25 8.14E-20 7.42E-16 6.07E-13 1.53E-11 9.15E-11 1.49E-10 1.67E-10
 1.73E-10 1.74E-10 1.68E-10 1.51E-10 1.30E-10 1.17E-10
 8.23E-25 8.14E-20 7.42E-16 6.07E-13 1.53E-11 9.15E-11 1.49E-10 1.67E-10
 1.73E-10 1.74E-10 1.68E-10 1.51E-10 1.30E-10 1.17E-10
 8.23E-25 8.14E-20 7.42E-16 6.07E-13 1.53E-11 9.15E-11 1.49E-10 1.67E-10
 1.73E-10 1.74E-10 1.68E-10 1.51E-10 1.30E-10 1.17E-10
 8.23E-25 8.14E-20 7.42E-16 6.07E-13 1.53E-11 9.15E-11 1.49E-10 1.67E-10
 1.73E-10 1.74E-10 1.68E-10 1.51E-10 1.30E-10 1.17E-10
 8.24E-25 8.15E-20 7.43E-16 6.08E-13 1.53E-11 9.16E-11 1.49E-10 1.67E-10
 1.73E-10 1.74E-10 1.68E-10 1.51E-10 1.30E-10 1.17E-10
 8.33E-25 8.22E-20 7.48E-16 6.11E-13 1.54E-11 9.18E-11 1.49E-10 1.67E-10
 1.73E-10 1.74E-10 1.68E-10 1.50E-10 1.29E-10 1.17E-10
 9.21E-25 8.87E-20 7.88E-16 6.32E-13 1.58E-11 9.29E-11 1.50E-10 1.67E-10
 1.73E-10 1.74E-10 1.67E-10 1.50E-10 1.29E-10 1.16E-10
  148.162    7  14 /pl=01:ss=28:pb= 1:sz=28/type=excit/ispb = t/isel =   43
 1.00E+10 1.00E+11 1.00E+12 1.00E+13 1.00E+14 1.00E+15 1.00E+16
 1.45E+01 2.17E+01 3.62E+01 7.25E+01 1.45E+02 3.62E+02 7.25E+02 1.09E+03
 1.45E+03 2.17E+03 3.62E+03 7.25E+03 1.45E+04 2.17E+04
 2.83E-32 3.92E-25 1.98E-19 3.88E-15 5.69E-13 1.05E-11 2.51E-11 3.24E-11
 3.61E-11 3.97E-11 4.17E-11 4.12E-11 3.83E-11 3.59E-11
 2.83E-32 3.92E-25 1.98E-19 3.88E-15 5.69E-13 1.05E-11 2.51E-11 3.24E-11
 3.61E-11 3.97E-11 4.17E-11 4.12E-11 3.83E-11 3.59E-11
 2.83E-32 3.92E-25 1.98E-19 3.88E-15 5.69E-13 1.05E-11 2.51E-11 3.24E-11
 3.61E-11 3.97E-11 4.17E-11 4.12E-11 3.83E-11 3.59E-11
 2.83E-32 3.92E-25 1.98E-19 3.88E-15 5.69E-13 1.05E-11 2.51E-11 3.24E-11
 3.61E-11 3.97E-11 4.17E-11 4.12E-11 3.83E-11 3.59E-11
 2.83E-32 3.92E-25 1.98E-19 3.88E-15 5.69E-13 1.05E-11 2.51E-11 3.23E-11
 3.61E-11 3.97E-11 4.17E-11 4.12E-11 3.82E-11 3.59E-11
 2.83E-32 3.93E-25 1.98E-19 3.88E-15 5.69E-13 1.05E-11 2.51E-11 3.23E-11
 3.61E-11 3.96E-11 4.16E-11 4.11E-11 3.82E-11 3.58E-11
 2.89E-32 3.99E-25 2.00E-19 3.91E-15 5.70E-13 1.04E-11 2.49E-11 3.19E-11
 3.56E-11 3.91E-11 4.11E-11 4.06E-11 3.77E-11 3.54E-11
  162.790    7  14 /pl=01:ss=28:pb= 1:sz=28/type=excit/ispb = t/isel =   44
 1.00E+10 1.00E+11 1.00E+12 1.00E+13 1.00E+14 1.00E+15 1.00E+16
 1.45E+01 2.17E+01 3.62E+01 7.25E+01 1.45E+02 3.62E+02 7.25E+02 1.09E+03
 1.45E+03 2.17E+03 3.62E+03 7.25E+03 1.45E+04 2.17E+04
 3.13E-36 7.75E-28 3.67E-21 3.23E-16 8.22E-14 1.85E-12 4.47E-12 5.64E-12
 6.16E-12 6.45E-12 6.33E-12 5.66E-12 4.81E-12 4.30E-12
 3.13E-36 7.75E-28 3.67E-21 3.23E-16 8.22E-14 1.85E-12 4.47E-12 5.64E-12
 6.16E-12 6.45E-12 6.33E-12 5.66E-12 4.81E-12 4.30E-12
 3.13E-36 7.75E-28 3.67E-21 3.23E-16 8.22E-14 1.85E-12 4.47E-12 5.64E-12
 6.16E-12 6.45E-12 6.33E-12 5.66E-12 4.81E-12 4.30E-12
 3.13E-36 7.75E-28 3.67E-21 3.23E-16 8.22E-14 1.85E-12 4.47E-12 5.64E-12
 6.16E-12 6.45E-12 6.33E-12 5.66E-12 4.81E-12 4.30E-12
 3.14E-36 7.75E-28 3.67E-21 3.23E-16 8.22E-14 1.85E-12 4.47E-12 5.64E-12
 6.16E-12 6.44E-12 6.33E-12 5.66E-12 4.81E-12 4.30E-12
 3.14E-36 7.76E-28 3.67E-21 3.23E-16 8.22E-14 1.85E-12 4.46E-12 5.63E-12
 6.15E-12 6.43E-12 6.32E-12 5.65E-12 4.80E-12 4.29E-12
 3.18E-36 7.83E-28 3.69E-21 3.24E-16 8.22E-14 1.84E-12 4.42E-12 5.57E-12
 6.08E-12 6.35E-12 6.24E-12 5.58E-12 4.75E-12 4.25E-12
  180.531    7  14 /pl=01:ss=28:pb= 1:sz=28/type=excit/ispb = t/isel =   45
 1.00E+10 1.00E+11 1.00E+12 1.00E+13 1.00E+14 1.00E+15 1.00E+16
 1.45E+01 2.17E+01 3.62E+01 7.25E+01 1.45E+02 3.62E+02 7.25E+02 1.09E+03
 1.45E+03 2.17E+03 3.62E+03 7.25E+03 1.45E+04 2.17E+04
 1.28E-37 5.72E-29 4.38E-22 5.57E-17 1.79E-14 5.03E-13 1.42E-12 1.97E-12
 2.33E-12 2.73E-12 3.11E-12 3.35E-12 3.33E-12 3.22E-12
 1.28E-37 5.72E-29 4.38E-22 5.57E-17 1.79E-14 5.03E-13 1.42E-12 1.97E-12
 2.33E-12 2.73E-12 3.11E-12 3.35E-12 3.33E-12 3.22E-12
 1.28E-37 5.72E-29 4.38E-22 5.57E-17 1.79E-14 5.03E-13 1.42E-12 1.97E-12
 2.33E-12 2.73E-12 3.11E-12 3.35E-12 3.33E-12 3.22E-12
 1.28E-37 5.72E-29 4.38E-22 5.57E-17 1.79E-14 5.03E-13 1.42E-12 1.97E-12
 2.33E-12 2.73E-12 3.11E-12 3.35E-12 3.33E-12 3.22E-12
 1.28E-37 5.72E-29 4.38E-22 5.57E-17 1.79E-14 5.03E-13 1.42E-12 1.97E-12
 2.32E-12 2.73E-12 3.10E-12 3.35E-12 3.33E-12 3.22E-12
 1.28E-37 5.72E-29 4.38E-22 5.57E-17 1.79E-14 5.02E-13 1.41E-12 1.97E-12
 2.32E-12 2.72E-12 3.10E-12 3.34E-12 3.32E-12 3.21E-12
 1.28E-37 5.73E-29 4.39E-22 5.57E-17 1.78E-14 4.98E-13 1.40E-12 1.94E-12
 2.29E-12 2.68E-12 3.05E-12 3.29E-12 3.28E-12 3.17E-12
  187.311    7  14 /pl=01:ss=28:pb= 1:sz=28/type=excit/ispb = t/isel =   46
 1.00E+10 1.00E+11 1.00E+12 1.00E+13 1.00E+14 1.00E+15 1.00E+16
 1.45E+01 2.17E+01 3.62E+01 7.25E+01 1.45E+02 3.62E+02 7.25E+02 1.09E+03
 1.45E+03 2.17E+03 3.62E+03 7.25E+03 1.45E+04 2.17E+04
 9.92E-31 3.29E-24 4.94E-19 3.24E-15 2.23E-13 2.26E-12 4.22E-12 4.86E-12
 5.06E-12 5.06E-12 4.70E-12 3.91E-12 3.10E-12 2.65E-12
 9.92E-31 3.29E-24 4.94E-19 3.24E-15 2.23E-13 2.26E-12 4.22E-12 4.86E-12
 5.06E-12 5.06E-12 4.70E-12 3.91E-12 3.10E-12 2.65E-12
 9.92E-31 3.29E-24 4.94E-19 3.24E-15 2.23E-13 2.26E-12 4.22E-12 4.86E-12
 5.06E-12 5.06E-12 4.70E-12 3.91E-12 3.10E-12 2.65E-12
 9.92E-31 3.29E-24 4.94E-19 3.24E-15 2.23E-13 2.26E-12 4.22E-12 4.86E-12
 5.06E-12 5.06E-12 4.70E-12 3.91E-12 3.10E-12 2.65E-12
 9.92E-31 3.29E-24 4.94E-19 3.24E-15 2.23E-13 2.26E-12 4.22E-12 4.86E-12
 5.06E-12 5.06E-12 4.70E-12 3.91E-12 3.09E-12 2.65E-12
 9.93E-31 3.29E-24 4.94E-19 3.24E-15 2.23E-13 2.26E-12 4.21E-12 4.85E-12
 5.05E-12 5.04E-12 4.69E-12 3.91E-12 3.09E-12 2.64E-12
 9.95E-31 3.29E-24 4.95E-19 3.24E-15 2.22E-13 2.24E-12 4.16E-12 4.79E-12
 4.98E-12 4.98E-12 4.63E-12 3.85E-12 3.05E-12 2.61E-12
  194.545    7  14 /pl=01:ss=28:pb= 1:sz=28/type=excit/ispb = t/isel =   47
 1.00E+10 1.00E+11 1.00E+12 1.00E+13 1.00E+14 1.00E+15 1.00E+16
 1.45E+01 2.17E+01 3.62E+01 7.25E+01 1.45E+02 3.62E+02 7.25E+02 1.09E+03
 1.45E+03 2.17E+03 3.62E+03 7.25E+03 1.45E+04 2.17E+04
 1.47E-28 2.93E-22 2.94E-17 1.46E-13 8.97E-12 8.99E-11 1.70E-10 1.99E-10
 2.10E-10 2.13E-10 2.04E-10 1.78E-10 1.48E-10 1.31E-10
 1.47E-28 2.93E-22 2.94E-17 1.46E-13 8.97E-12 8.99E-11 1.70E-10 1.99E-10
 2.10E-10 2.13E-10 2.04E-10 1.78E-10 1.48E-10 1.31E-10
 1.47E-28 2.93E-22 2.94E-17 1.46E-13 8.97E-12 8.99E-11 1.70E-10 1.99E-10
 2.10E-10 2.13E-10 2.04E-10 1.78E-10 1.48E-10 1.31E-10
 1.47E-28 2.93E-22 2.94E-17 1.46E-13 8.97E-12 8.99E-11 1.70E-10 1.99E-10
 2.10E-10 2.13E-10 2.04E-10 1.78E-10 1.48E-10 1.31E-10
 1.47E-28 2.93E-22 2.94E-17 1.46E-13 8.97E-12 8.99E-11 1.70E-10 1.98E-10
 2.09E-10 2.13E-10 2.04E-10 1.78E-10 1.48E-10 1.31E-10
 1.47E-28 2.93E-22 2.94E-17 1.46E-13 8.97E-12 8.97E-11 1.70E-10 1.98E-10
 2.09E-10 2.13E-10 2.03E-10 1.77E-10 1.48E-10 1.31E-10
 1.47E-28 2.93E-22 2.93E-17 1.45E-13 8.94E-12 8.90E-11 1.68E-10 1.95E-10
 2.06E-10 2.10E-10 2.00E-10 1.75E-10 1.46E-10 1.29E-10
  194.869    7  14 /pl=01:ss=28:pb= 1:sz=28/type=excit/ispb = t/isel =   48
 1.00E+10 1.00E+11 1.00E+12 1.00E+13 1.00E+14 1.00E+15 1.00E+16
 1.45E+01 2.17E+01 3.62E+01 7.25E+01 1.45E+02 3.62E+02 7.25E+02 1.09E+03
 1.45E+03 2.17E+03 3.62E+03 7.25E+03 1.45E+04 2.17E+04
 5.93E-23 8.69E-19 1.85E-15 5.93E-13 1.05E-11 5.57E-11 9.19E-11 1.06E-10
 1.13E-10 1.18E-10 1.20E-10 1.15E-10 1.04E-10 9.66E-11
 5.93E-23 8.69E-19 1.85E-15 5.93E-13 1.05E-11 5.57E-11 9.19E-11 1.06E-10
 1.13E-10 1.18E-10 1.20E-10 1.15E-10 1.04E-10 9.66E-11
 5.94E-23 8.69E-19 1.85E-15 5.93E-13 1.05E-11 5.57E-11 9.20E-11 1.06E-10
 1.13E-10 1.18E-10 1.20E-10 1.15E-10 1.04E-10 9.66E-11
 5.95E-23 8.71E-19 1.85E-15 5.93E-13 1.05E-11 5.57E-11 9.20E-11 1.06E-10
 1.13E-10 1.18E-10 1.20E-10 1.15E-10 1.04E-10 9.66E-11
 6.11E-23 8.90E-19 1.88E-15 6.00E-13 1.06E-11 5.61E-11 9.24E-11 1.07E-10
 1.13E-10 1.19E-10 1.20E-10 1.15E-10 1.04E-10 9.67E-11
 7.66E-23 1.08E-18 2.18E-15 6.63E-13 1.14E-11 5.91E-11 9.64E-11 1.11E-10
 1.17E-10 1.22E-10 1.23E-10 1.17E-10 1.06E-10 9.79E-11
 2.26E-22 2.71E-18 4.36E-15 1.04E-12 1.58E-11 7.53E-11 1.18E-10 1.33E-10
 1.40E-10 1.43E-10 1.41E-10 1.31E-10 1.16E-10 1.06E-10
  279.702    7  14 /pl=01:ss=28:pb= 1:sz=28/type=excit/ispb = t/isel =   49
 1.00E+10 1.00E+11 1.00E+12 1.00E+13 1.00E+14 1.00E+15 1.00E+16
 1.45E+01 2.17E+01 3.62E+01 7.25E+01 1.45E+02 3.62E+02 7.25E+02 1.09E+03
 1.45E+03 2.17E+03 3.62E+03 7.25E+03 1.45E+04 2.17E+04
 4.48E-34 1.94E-26 2.31E-20 7.48E-16 1.20E-13 2.17E-12 5.29E-12 7.07E-12
 8.19E-12 9.53E-12 1.08E-11 1.17E-11 1.18E-11 1.14E-11
 4.48E-34 1.94E-26 2.31E-20 7.48E-16 1.20E-13 2.17E-12 5.29E-12 7.07E-12
 8.19E-12 9.53E-12 1.08E-11 1.17E-11 1.18E-11 1.14E-11
 4.48E-34 1.94E-26 2.31E-20 7.48E-16 1.20E-13 2.17E-12 5.29E-12 7.07E-12
 8.19E-12 9.53E-12 1.08E-11 1.17E-11 1.18E-11 1.14E-11
 4.48E-34 1.94E-26 2.31E-20 7.48E-16 1.20E-13 2.17E-12 5.29E-12 7.07E-12
 8.18E-12 9.53E-12 1.08E-11 1.17E-11 1.18E-11 1.14E-11
 4.48E-34 1.94E-26 2.31E-20 7.48E-16 1.20E-13 2.17E-12 5.29E-12 7.07E-12
 8.18E-12 9.53E-12 1.08E-11 1.17E-11 1.18E-11 1.14E-11
 4.48E-34 1.94E-26 2.31E-20 7.48E-16 1.20E-13 2.17E-12 5.28E-12 7.05E-12
 8.17E-12 9.50E-12 1.08E-11 1.17E-11 1.17E-11 1.14E-11
 4.50E-34 1.94E-26 2.31E-20 7.49E-16 1.20E-13 2.15E-12 5.22E-12 6.96E-12
 8.06E-12 9.37E-12 1.06E-11 1.15E-11 1.16E-11 1.12E-11
  285.673    7  14 /pl=01:ss=28:pb= 1:sz=28/type=excit/ispb = t/isel =   50
 1.00E+10 1.00E+11 1.00E+12 1.00E+13 1.00E+14 1.00E+15 1.00E+16
 1.45E+01 2.17E+01 3.62E+01 7.25E+01 1.45E+02 3.62E+02 7.25E+02 1.09E+03
 1.45E+03 2.17E+03 3.62E+03 7.25E+03 1.45E+04 2.17E+04
 1.63E-32 2.52E-25 1.31E-19 2.21E-15 2.48E-13 3.44E-12 7.13E-12 8.54E-12
 9.08E-12 9.29E-12 8.92E-12 7.79E-12 6.47E-12 5.71E-12
 1.63E-32 2.52E-25 1.31E-19 2.21E-15 2.48E-13 3.44E-12 7.13E-12 8.54E-12
 9.08E-12 9.29E-12 8.92E-12 7.79E-12 6.47E-12 5.71E-12
 1.63E-32 2.52E-25 1.31E-19 2.21E-15 2.48E-13 3.44E-12 7.13E-12 8.54E-12
 9.08E-12 9.29E-12 8.92E-12 7.79E-12 6.47E-12 5.71E-12
 1.63E-32 2.52E-25 1.31E-19 2.21E-15 2.48E-13 3.44E-12 7.13E-12 8.54E-12
 9.08E-12 9.29E-12 8.92E-12 7.79E-12 6.47E-12 5.71E-12
 1.63E-32 2.52E-25 1.31E-19 2.21E-15 2.48E-13 3.44E-12 7.12E-12 8.54E-12
 9.08E-12 9.29E-12 8.91E-12 7.79E-12 6.47E-12 5.71E-12
 1.63E-32 2.52E-25 1.31E-19 2.21E-15 2.48E-13 3.44E-12 7.11E-12 8.52E-12
 9.06E-12 9.28E-12 8.90E-12 7.78E-12 6.46E-12 5.70E-12
 1.66E-32 2.55E-25 1.32E-19 2.22E-15 2.49E-13 3.42E-12 7.05E-12 8.44E-12
 8.96E-12 9.17E-12 8.79E-12 7.69E-12 6.39E-12 5.65E-12
c-------------------------------------------------------------------------------
 
C  root partition information
C  ==========================
C
C  nuclear charge : 74
C  ion charge+1   : 29
C
C  population calculation information
C  ----------------------------------
C
C  population processing code: adas810
C
C  adf04 source file    : adf04_copmm#74_ca_40#w28_t3.dat
C  adf18/a17_p208 file  : NULL
C
C  meta. ion. coeff. selector  : 
 
C  options  : lnorm =T  lpsel =F  lzsel =T  liosel=F
C           : lhsel =F  lrsel =F  lisel =F  lnsel =F
 
C  energy levels
C  -------------
C
C   lv      configuration    (2S+1)L(w-1/2)      energy (cm^-1)
C  ---   ------------------- --------------      --------------
c    1   609                    (0)0(  0.0)             0.0
c    2   9951A                  (0)0( 69.5)       1685125.4
c    3   9951B                  (0)0(  9.5)       2912646.4
c    4   9951C                  (0)0( 29.5)       3425810.7
c    5   9951D                  (0)0( 49.0)       4103921.1
c    6   60652755860951B        (0)0(  5.5)       4643521.2
c    7   9951E                  (0)0( 69.5)       4801915.9
c    8   60652755860951C        (0)0( 17.5)       5157541.5
c    9   9951G                  (0)0(  9.5)       5264381.7
c   10   9951F                  (0)0( 89.5)       5335787.7
c   11   9951H                  (0)0( 29.5)       5524612.6
c   12   60652755860951D        (0)0( 29.5)       5832480.5
c   13   9951I                  (0)0( 49.0)       5874663.5
c   14   9951J                  (0)0( 69.5)       6232187.5
c   15   9951M                  (0)0(  9.5)       6491310.1
c   16   9951K                  (0)0( 89.5)       6502042.4
c   17   60652755860951E        (0)0( 41.5)       6531232.5
c   18   9951N                  (0)0( 29.5)       6641694.0
c   19   9951O                  (0)0( 49.0)       6846474.7
c   20   60652755860951G        (0)0(  5.5)       6994971.2
c   21   9951P                  (0)0( 69.5)       7055963.2
c   22   9951Q                  (0)0( 89.5)       7214511.6
c   23   60652755860951H        (0)0( 17.5)       7255498.4
c   24   60652755860951I        (0)0( 29.5)       7604495.8
c   25   60652755860951J        (0)0( 41.5)       7962140.5
c   26   60652755860951M        (0)0(  5.5)       8221866.7
c   27   60652755860951N        (0)0( 17.5)       8372404.3
c   28   60652755860951O        (0)0( 29.5)       8576592.4
c   29   60652755860951P        (0)0( 41.5)       8786190.5
 
 
 
c-------------------------------------------------------------------------------
 
C  superstage partition information
C  ================================
C
C  element symbol   : W
C  parent template  : 
C  partition level  :  1
C  superstage label : 28
C
C  tabulation       : photon emissivity coefft (te,ne)
C  units            : ph. emis coef(cm^3 s^-1); te (ev); ne (cm^-3)
C
C  photon emissivity atomic transitions
C  ------------------------------------
C  
C   isel  wvlen(A)            transition                type  ispb nspb
C                                                             ispp nspp sz    tg pr wr
C  ----- ---------- ----------------------------------- ----- ---- ---- --    -- -- --
C      1   13.1501   24(0)0( 29.5)-  1(0)0(  0.0)       excit   1    1  28    23 39  1
C      2   14.1724   21(0)0( 69.5)-  1(0)0(  0.0)       excit   1    1  28    15 27  2
C      3   16.0457   14(0)0( 69.5)-  1(0)0(  0.0)       excit   1    1  28    10 18  3
C      4   17.1454   12(0)0( 29.5)-  1(0)0(  0.0)       excit   1    1  28    19 13  4
C      5   18.0852   22(0)0( 89.5)-  2(0)0( 69.5)       excit   1    1  28    40 17  5
C      6   19.3748   19(0)0( 49.0)-  2(0)0( 69.5)       excit   1    1  28    38 46  6
C      7   20.7602   16(0)0( 89.5)-  2(0)0( 69.5)       excit   1    1  28    36 12  7
C      8   20.8250    7(0)0( 69.5)-  1(0)0(  0.0)       excit   1    1  28     5  9  8
C      9   21.5354    6(0)0(  5.5)-  1(0)0(  0.0)       excit   1    1  28    17  5  9
C     10   23.8690   13(0)0( 49.0)-  2(0)0( 69.5)       excit   1    1  28    34 22 10
C     11   27.3923   10(0)0( 89.5)-  2(0)0( 69.5)       excit   1    1  28    32  3 11
C     12   29.1902    4(0)0( 29.5)-  1(0)0(  0.0)       excit   1    1  28     3  4 12
C     13   29.2341   19(0)0( 49.0)-  4(0)0( 29.5)       excit   1    1  28    57 29 13
C     14   33.8749   21(0)0( 69.5)-  5(0)0( 49.0)       excit   1    1  28    69 24 14
C     15   34.3330    3(0)0(  9.5)-  1(0)0(  0.0)       excit   1    1  28     2  7 15
C     16   38.2852   23(0)0( 17.5)-  6(0)0(  5.5)       excit   1    1  28   126 33 16
C     17   38.2853   11(0)0( 29.5)-  3(0)0(  9.5)       excit   1    1  28    44 36 17
C     18   39.4046   18(0)0( 29.5)-  5(0)0( 49.0)       excit   1    1  28    67 42 18
C     19   40.8354   13(0)0( 49.0)-  4(0)0( 29.5)       excit   1    1  28    53 20 19
C     20   40.8671   24(0)0( 29.5)-  8(0)0( 17.5)       excit   1    1  28   135 48 20
C     21   41.3429    5(0)0( 49.0)-  2(0)0( 69.5)       excit   1    1  28    30  2 21
C     22   41.4491   22(0)0( 89.5)-  7(0)0( 69.5)       excit   1    1  28    79 32 22
C     23   46.9559   25(0)0( 41.5)- 12(0)0( 29.5)       excit   1    1  28   145 28 23
C     24   46.9866   14(0)0( 69.5)-  5(0)0( 49.0)       excit   1    1  28    64 15 24
C     25   48.9103   19(0)0( 49.0)-  7(0)0( 69.5)       excit   1    1  28    77 45 25
C     26   54.3901    9(0)0(  9.5)-  4(0)0( 29.5)       excit   1    1  28    51 31 26
C     27   54.4239   20(0)0(  5.5)-  8(0)0( 17.5)       excit   1    1  28   133 34 27
C     28   57.7797   27(0)0( 17.5)- 18(0)0( 29.5)       excit   1    1  28   117 35 28
C     29   57.7959   29(0)0( 41.5)- 21(0)0( 69.5)       excit   1    1  28   122 41 29
C     30   57.7995   28(0)0( 29.5)- 19(0)0( 49.0)       excit   1    1  28   120 47 30
C     31   58.8192   16(0)0( 89.5)-  7(0)0( 69.5)       excit   1    1  28    75 25 31
C     32   59.3428    2(0)0( 69.5)-  1(0)0(  0.0)       excit   1    1  28     1  1 32
C     33   70.2732   23(0)0( 17.5)- 12(0)0( 29.5)       excit   1    1  28   143 21 33
C     34   70.3883   11(0)0( 29.5)-  5(0)0( 49.0)       excit   1    1  28    62 23 34
C     35   84.6525   21(0)0( 69.5)- 13(0)0( 49.0)       excit   1    1  28   102 49 35
C     36   93.1738   24(0)0( 29.5)- 17(0)0( 41.5)       excit   1    1  28   151 40 36
C     37   93.2186   13(0)0( 49.0)-  7(0)0( 69.5)       excit   1    1  28    73 19 37
C     38   111.557   14(0)0( 69.5)- 10(0)0( 89.5)       excit   1    1  28    81 37 38
C     39   130.373   18(0)0( 29.5)- 13(0)0( 49.0)       excit   1    1  28   100 43 39
C     40   143.112   17(0)0( 41.5)- 12(0)0( 29.5)       excit   1    1  28   141 16 40
C     41   143.268    7(0)0( 69.5)-  5(0)0( 49.0)       excit   1    1  28    59 10 41
C     42   147.469    5(0)0( 49.0)-  4(0)0( 29.5)       excit   1    1  28    49  8 42
C     43   148.162   12(0)0( 29.5)-  8(0)0( 17.5)       excit   1    1  28   131 14 43
C     44   162.790   19(0)0( 49.0)- 14(0)0( 69.5)       excit   1    1  28   106 38 44
C     45   180.531   21(0)0( 69.5)- 16(0)0( 89.5)       excit   1    1  28   110 50 45
C     46   187.311   10(0)0( 89.5)-  7(0)0( 69.5)       excit   1    1  28    71 44 46
C     47   194.545    8(0)0( 17.5)-  6(0)0(  5.5)       excit   1    1  28   123  6 47
C     48   194.869    4(0)0( 29.5)-  3(0)0(  9.5)       excit   1    1  28    41 11 48
C     49   279.702   14(0)0( 69.5)- 13(0)0( 49.0)       excit   1    1  28    97 26 49
C     50   285.673   13(0)0( 49.0)- 11(0)0( 29.5)       excit   1    1  28    91 30 50
c-------------------------------------------------------------------------------
                                                                                
C  code     : adas810
C  producer : Adam Foster
C  date     : 18/05/09
                                                                                
c-------------------------------------------------------------------------------

C-----------------------------------------------------------------------
C                               OPEN-ADAS
C                               +++++++++
C
C This file has been downloaded from OPEN-ADAS (http://open.adas.ac.uk)
C on 26-Mar-2025.
C
C TERMS AND CONDITIONS
C --------------------
C
C The user of the OPEN-ADAS system and data (hereinafter "the User")
C accepts the following terms and conditions:
C
C   1. The University of Strathclyde uses all reasonable endeavours to
C      ensure the accuracy of the data provided and any information
C      given, but the University makes no warranty, expressed or implied
C      as to its accuracy, integrity, fitness for purpose and shall not
C      be responsible for the use to which the data is put by the User
C      and/or any consequences arising out of any inaccuracies or
C      omissions.
C
C   2. Any downloaded OPEN-ADAS file is made available for the
C      personal use of the User only.  It must not be used for any
C      commercial application, incorporated into any web site or in
C      any form re-distributed without express prior written permission
C      from the ADAS Project. In particular, but not by way of
C      limitation, it must not be:
C        *  inserted into a managed database structure,
C        *  redistributed along with a modelling or analysis code,
C        *  made available on a public website.
C
C Permission for OPEN-ADAS data incorporation in non-commercial
C code/system development for scientific advance will not be
C unreasonably withheld, but will be subject to written agreement
C on a case by case basis.
C
C The User will indemnify the University of Strathclyde and keep it
C fully and effectively indemnified against each and every claim made
C against the University as a result of the User's use of the data.
C
C-----------------------------------------------------------------------
