   50    /W :64 photon emissivity coefficients/
--------------------------------------------------------------------------------
    1    1    1    1    1    1    1    1    1    1    1    1    1    1
    1    1    1    1    1    1    1    1    1    1    1    1    1    1
    1    1    1    1    1    1    1    1    1    1    1    1    1    1
    1    1    1    1    1    1    1    1    1    1    1    1    1    1
    1    1    1    1    1    1    1    1    1    1    1    1    1    1
    1    1    1    1    1
--------------------------------------------------------------------------------
//#01/p00/ 00/p01/ 01/p02/ 02/p03/ 03/p04/ 04/p05/ 05/p06/ 06/p07/ 07/p08/ 08/  
      p09/ 09/p10/ 10/p11/ 11/p12/ 12/p13/ 13/p14/ 14/p15/ 15/p16/ 16/p17/ 17/  
      p18/ 18/p19/ 19/p20/ 20/p21/ 21/p22/ 22/p23/ 23/p24/ 24/p25/ 25/p26/ 26/  
      p27/ 27/p28/ 28/p29/ 29/p30/ 30/p31/ 31/p32/ 32/p33/ 33/p34/ 34/p35/ 35/  
      p36/ 36/p37/ 37/p38/ 38/p39/ 39/p40/ 40/p41/ 41/p42/ 42/p43/ 43/p44/ 44/  
      p45/ 45/p46/ 46/p47/ 47/p48/ 48/p49/ 49/p50/ 50/p51/ 51/p52/ 52/p53/ 53/  
      p54/ 54/p55/ 55/p56/ 56/p57/ 57/p58/ 58/p59/ 59/p60/ 60/p61/ 61/p62/ 62/  
      p63/ 63/p64/ 64/p65/ 65/p66/ 66/p67/ 67/p68/ 68/p69/ 69/p70/ 70/p71/ 71/  
      p72/ 72/p73/ 73/p74/ 74/                                                  
--------------------------------------------------------------------------------
  1.00196    7  14 /pl=01:ss=64:pb= 1:sz=64/type=excit/ispb = t/isel =    1
 1.00E+10 1.00E+11 1.00E+12 1.00E+13 1.00E+14 1.00E+15 1.00E+16
 7.28E+01 1.09E+02 1.82E+02 3.64E+02 7.28E+02 1.82E+03 3.64E+03 5.46E+03
 7.28E+03 1.09E+04 1.82E+04 3.64E+04 7.28E+04 1.09E+05
 1.00E-74 1.00E-74 3.33E-41 1.20E-26 2.07E-19 3.63E-15 7.98E-14 2.08E-13
 3.26E-13 4.92E-13 6.50E-13 7.45E-13 7.42E-13 7.12E-13
 1.00E-74 1.00E-74 3.00E-41 1.20E-26 2.07E-19 3.63E-15 7.98E-14 2.08E-13
 3.26E-13 4.92E-13 6.50E-13 7.45E-13 7.42E-13 7.12E-13
 1.00E-74 1.00E-74 2.96E-41 1.20E-26 2.07E-19 3.63E-15 7.98E-14 2.08E-13
 3.26E-13 4.92E-13 6.50E-13 7.45E-13 7.42E-13 7.12E-13
 1.00E-74 1.00E-74 2.95E-41 1.20E-26 2.07E-19 3.63E-15 7.98E-14 2.08E-13
 3.26E-13 4.92E-13 6.50E-13 7.45E-13 7.42E-13 7.12E-13
 1.00E-74 1.00E-74 2.95E-41 1.20E-26 2.07E-19 3.63E-15 7.98E-14 2.08E-13
 3.26E-13 4.92E-13 6.50E-13 7.45E-13 7.42E-13 7.12E-13
 1.00E-74 1.00E-74 2.95E-41 1.20E-26 2.07E-19 3.63E-15 7.98E-14 2.08E-13
 3.26E-13 4.92E-13 6.50E-13 7.45E-13 7.42E-13 7.12E-13
 1.00E-74 1.00E-74 2.95E-41 1.20E-26 2.07E-19 3.63E-15 7.98E-14 2.08E-13
 3.26E-13 4.92E-13 6.50E-13 7.45E-13 7.42E-13 7.12E-13
  1.02724    7  14 /pl=01:ss=64:pb= 1:sz=64/type=excit/ispb = t/isel =    2
 1.00E+10 1.00E+11 1.00E+12 1.00E+13 1.00E+14 1.00E+15 1.00E+16
 7.28E+01 1.09E+02 1.82E+02 3.64E+02 7.28E+02 1.82E+03 3.64E+03 5.46E+03
 7.28E+03 1.09E+04 1.82E+04 3.64E+04 7.28E+04 1.09E+05
 1.00E-74 1.00E-74 2.62E-42 4.68E-28 5.81E-21 1.04E-16 2.55E-15 6.96E-15
 1.12E-14 1.71E-14 2.28E-14 2.59E-14 2.53E-14 2.40E-14
 1.00E-74 1.00E-74 2.62E-42 4.68E-28 5.81E-21 1.04E-16 2.55E-15 6.96E-15
 1.12E-14 1.71E-14 2.28E-14 2.59E-14 2.53E-14 2.40E-14
 1.00E-74 1.00E-74 2.62E-42 4.68E-28 5.81E-21 1.04E-16 2.55E-15 6.96E-15
 1.12E-14 1.71E-14 2.28E-14 2.59E-14 2.53E-14 2.40E-14
 1.00E-74 1.00E-74 2.61E-42 4.68E-28 5.81E-21 1.04E-16 2.55E-15 6.96E-15
 1.12E-14 1.71E-14 2.28E-14 2.59E-14 2.53E-14 2.40E-14
 1.00E-74 1.00E-74 2.61E-42 4.68E-28 5.81E-21 1.04E-16 2.55E-15 6.96E-15
 1.12E-14 1.71E-14 2.28E-14 2.59E-14 2.53E-14 2.40E-14
 1.00E-74 1.00E-74 2.61E-42 4.68E-28 5.81E-21 1.04E-16 2.55E-15 6.96E-15
 1.12E-14 1.71E-14 2.28E-14 2.59E-14 2.53E-14 2.40E-14
 1.00E-74 1.00E-74 2.61E-42 4.68E-28 5.81E-21 1.04E-16 2.55E-15 6.96E-15
 1.12E-14 1.71E-14 2.28E-14 2.59E-14 2.53E-14 2.40E-14
  1.13465    7  14 /pl=01:ss=64:pb= 1:sz=64/type=excit/ispb = t/isel =    3
 1.00E+10 1.00E+11 1.00E+12 1.00E+13 1.00E+14 1.00E+15 1.00E+16
 7.28E+01 1.09E+02 1.82E+02 3.64E+02 7.28E+02 1.82E+03 3.64E+03 5.46E+03
 7.28E+03 1.09E+04 1.82E+04 3.64E+04 7.28E+04 1.09E+05
 1.00E-74 1.00E-74 2.14E-37 1.38E-24 3.10E-18 1.58E-14 2.25E-13 5.04E-13
 7.26E-13 9.92E-13 1.18E-12 1.17E-12 1.00E-12 8.82E-13
 1.00E-74 1.00E-74 2.14E-37 1.38E-24 3.10E-18 1.58E-14 2.25E-13 5.04E-13
 7.26E-13 9.92E-13 1.18E-12 1.17E-12 1.00E-12 8.82E-13
 1.00E-74 1.00E-74 2.14E-37 1.38E-24 3.10E-18 1.58E-14 2.25E-13 5.04E-13
 7.26E-13 9.92E-13 1.18E-12 1.17E-12 1.00E-12 8.82E-13
 1.00E-74 1.00E-74 2.14E-37 1.38E-24 3.10E-18 1.58E-14 2.25E-13 5.04E-13
 7.26E-13 9.92E-13 1.18E-12 1.17E-12 1.00E-12 8.82E-13
 1.00E-74 1.00E-74 2.14E-37 1.38E-24 3.10E-18 1.58E-14 2.25E-13 5.04E-13
 7.26E-13 9.92E-13 1.18E-12 1.17E-12 1.00E-12 8.82E-13
 1.00E-74 1.00E-74 2.14E-37 1.38E-24 3.10E-18 1.58E-14 2.25E-13 5.04E-13
 7.26E-13 9.92E-13 1.18E-12 1.17E-12 1.00E-12 8.82E-13
 1.00E-74 1.00E-74 2.14E-37 1.38E-24 3.10E-18 1.58E-14 2.25E-13 5.04E-13
 7.26E-13 9.92E-13 1.18E-12 1.17E-12 1.00E-12 8.82E-13
  1.17137    7  14 /pl=01:ss=64:pb= 1:sz=64/type=excit/ispb = t/isel =    4
 1.00E+10 1.00E+11 1.00E+12 1.00E+13 1.00E+14 1.00E+15 1.00E+16
 7.28E+01 1.09E+02 1.82E+02 3.64E+02 7.28E+02 1.82E+03 3.64E+03 5.46E+03
 7.28E+03 1.09E+04 1.82E+04 3.64E+04 7.28E+04 1.09E+05
 1.00E-74 1.00E-74 4.63E-36 5.59E-24 5.69E-18 1.99E-14 2.72E-13 6.20E-13
 9.09E-13 1.29E-12 1.64E-12 1.84E-12 1.82E-12 1.75E-12
 1.00E-74 1.00E-74 4.63E-36 5.59E-24 5.69E-18 1.99E-14 2.72E-13 6.20E-13
 9.09E-13 1.29E-12 1.64E-12 1.84E-12 1.82E-12 1.75E-12
 1.00E-74 1.00E-74 4.63E-36 5.59E-24 5.69E-18 1.99E-14 2.72E-13 6.20E-13
 9.09E-13 1.29E-12 1.64E-12 1.84E-12 1.82E-12 1.75E-12
 1.00E-74 1.00E-74 4.63E-36 5.59E-24 5.69E-18 1.99E-14 2.72E-13 6.20E-13
 9.09E-13 1.29E-12 1.64E-12 1.84E-12 1.82E-12 1.75E-12
 1.00E-74 1.00E-74 4.63E-36 5.59E-24 5.69E-18 1.99E-14 2.72E-13 6.20E-13
 9.09E-13 1.29E-12 1.64E-12 1.84E-12 1.82E-12 1.75E-12
 1.00E-74 1.00E-74 4.63E-36 5.59E-24 5.69E-18 1.99E-14 2.72E-13 6.20E-13
 9.09E-13 1.29E-12 1.64E-12 1.84E-12 1.82E-12 1.75E-12
 1.00E-74 1.00E-74 4.63E-36 5.59E-24 5.69E-18 1.99E-14 2.72E-13 6.20E-13
 9.09E-13 1.29E-12 1.64E-12 1.84E-12 1.82E-12 1.75E-12
  1.30546    7  14 /pl=01:ss=64:pb= 1:sz=64/type=excit/ispb = t/isel =    5
 1.00E+10 1.00E+11 1.00E+12 1.00E+13 1.00E+14 1.00E+15 1.00E+16
 7.28E+01 1.09E+02 1.82E+02 3.64E+02 7.28E+02 1.82E+03 3.64E+03 5.46E+03
 7.28E+03 1.09E+04 1.82E+04 3.64E+04 7.28E+04 1.09E+05
 1.00E-74 1.00E-74 2.65E-33 3.99E-22 1.31E-16 2.14E-13 2.16E-12 4.41E-12
 6.14E-12 8.32E-12 1.02E-11 1.14E-11 1.14E-11 1.10E-11
 1.00E-74 1.00E-74 2.65E-33 3.99E-22 1.31E-16 2.14E-13 2.16E-12 4.41E-12
 6.14E-12 8.32E-12 1.02E-11 1.14E-11 1.14E-11 1.10E-11
 1.00E-74 1.00E-74 2.65E-33 3.99E-22 1.31E-16 2.14E-13 2.16E-12 4.41E-12
 6.14E-12 8.32E-12 1.02E-11 1.14E-11 1.14E-11 1.10E-11
 1.00E-74 1.00E-74 2.65E-33 3.99E-22 1.31E-16 2.14E-13 2.16E-12 4.41E-12
 6.14E-12 8.32E-12 1.02E-11 1.14E-11 1.14E-11 1.10E-11
 1.00E-74 1.00E-74 2.65E-33 3.99E-22 1.31E-16 2.14E-13 2.16E-12 4.41E-12
 6.14E-12 8.32E-12 1.02E-11 1.14E-11 1.14E-11 1.10E-11
 1.00E-74 1.00E-74 2.65E-33 3.99E-22 1.31E-16 2.14E-13 2.16E-12 4.41E-12
 6.14E-12 8.32E-12 1.02E-11 1.14E-11 1.14E-11 1.10E-11
 1.00E-74 1.00E-74 2.65E-33 3.99E-22 1.31E-16 2.14E-13 2.16E-12 4.41E-12
 6.14E-12 8.32E-12 1.02E-11 1.14E-11 1.14E-11 1.10E-11
  1.35439    7  14 /pl=01:ss=64:pb= 1:sz=64/type=excit/ispb = t/isel =    6
 1.00E+10 1.00E+11 1.00E+12 1.00E+13 1.00E+14 1.00E+15 1.00E+16
 7.28E+01 1.09E+02 1.82E+02 3.64E+02 7.28E+02 1.82E+03 3.64E+03 5.46E+03
 7.28E+03 1.09E+04 1.82E+04 3.64E+04 7.28E+04 1.09E+05
 1.00E-74 1.00E-74 1.75E-33 1.03E-22 2.13E-17 2.81E-14 2.91E-13 6.08E-13
 8.57E-13 1.16E-12 1.39E-12 1.44E-12 1.31E-12 1.20E-12
 1.00E-74 1.00E-74 1.75E-33 1.03E-22 2.13E-17 2.81E-14 2.91E-13 6.08E-13
 8.57E-13 1.16E-12 1.39E-12 1.44E-12 1.31E-12 1.20E-12
 1.00E-74 1.00E-74 1.75E-33 1.03E-22 2.13E-17 2.81E-14 2.91E-13 6.08E-13
 8.57E-13 1.16E-12 1.39E-12 1.44E-12 1.31E-12 1.20E-12
 1.00E-74 1.00E-74 1.75E-33 1.03E-22 2.13E-17 2.81E-14 2.91E-13 6.08E-13
 8.57E-13 1.16E-12 1.39E-12 1.44E-12 1.31E-12 1.20E-12
 1.00E-74 6.03E-48 1.75E-33 1.03E-22 2.13E-17 2.81E-14 2.91E-13 6.08E-13
 8.57E-13 1.16E-12 1.39E-12 1.44E-12 1.31E-12 1.20E-12
 1.00E-74 6.03E-48 1.75E-33 1.03E-22 2.13E-17 2.81E-14 2.91E-13 6.08E-13
 8.57E-13 1.16E-12 1.39E-12 1.44E-12 1.31E-12 1.20E-12
 1.00E-74 6.27E-48 1.75E-33 1.03E-22 2.13E-17 2.81E-14 2.91E-13 6.08E-13
 8.57E-13 1.16E-12 1.39E-12 1.44E-12 1.31E-12 1.20E-12
  1.41749    7  14 /pl=01:ss=64:pb= 1:sz=64/type=excit/ispb = t/isel =    7
 1.00E+10 1.00E+11 1.00E+12 1.00E+13 1.00E+14 1.00E+15 1.00E+16
 7.28E+01 1.09E+02 1.82E+02 3.64E+02 7.28E+02 1.82E+03 3.64E+03 5.46E+03
 7.28E+03 1.09E+04 1.82E+04 3.64E+04 7.28E+04 1.09E+05
 1.00E-74 1.00E-74 7.91E-33 2.76E-22 4.88E-17 6.25E-14 6.67E-13 1.42E-12
 2.03E-12 2.80E-12 3.41E-12 3.60E-12 3.34E-12 3.09E-12
 1.00E-74 1.00E-74 7.91E-33 2.76E-22 4.88E-17 6.25E-14 6.67E-13 1.42E-12
 2.03E-12 2.80E-12 3.41E-12 3.60E-12 3.34E-12 3.09E-12
 1.00E-74 1.00E-74 7.91E-33 2.76E-22 4.88E-17 6.25E-14 6.67E-13 1.42E-12
 2.03E-12 2.80E-12 3.41E-12 3.60E-12 3.34E-12 3.09E-12
 1.00E-74 1.00E-74 7.91E-33 2.76E-22 4.88E-17 6.25E-14 6.67E-13 1.42E-12
 2.03E-12 2.80E-12 3.41E-12 3.60E-12 3.34E-12 3.09E-12
 1.00E-74 1.00E-74 7.91E-33 2.76E-22 4.88E-17 6.25E-14 6.67E-13 1.42E-12
 2.03E-12 2.80E-12 3.41E-12 3.60E-12 3.34E-12 3.09E-12
 1.00E-74 6.92E-47 7.91E-33 2.76E-22 4.88E-17 6.25E-14 6.67E-13 1.42E-12
 2.03E-12 2.80E-12 3.41E-12 3.60E-12 3.34E-12 3.09E-12
 1.00E-74 9.00E-47 7.91E-33 2.76E-22 4.88E-17 6.25E-14 6.67E-13 1.42E-12
 2.03E-12 2.80E-12 3.41E-12 3.60E-12 3.34E-12 3.09E-12
  2.03652    7  14 /pl=01:ss=64:pb= 1:sz=64/type=excit/ispb = t/isel =    8
 1.00E+10 1.00E+11 1.00E+12 1.00E+13 1.00E+14 1.00E+15 1.00E+16
 7.28E+01 1.09E+02 1.82E+02 3.64E+02 7.28E+02 1.82E+03 3.64E+03 5.46E+03
 7.28E+03 1.09E+04 1.82E+04 3.64E+04 7.28E+04 1.09E+05
 1.00E-74 1.00E-74 1.00E-74 4.66E-31 2.32E-22 2.99E-17 1.25E-15 3.97E-15
 6.83E-15 1.11E-14 1.50E-14 1.63E-14 1.44E-14 1.27E-14
 1.00E-74 1.00E-74 1.00E-74 4.66E-31 2.32E-22 2.99E-17 1.25E-15 3.97E-15
 6.83E-15 1.11E-14 1.50E-14 1.63E-14 1.44E-14 1.27E-14
 1.00E-74 1.00E-74 1.00E-74 4.66E-31 2.32E-22 2.99E-17 1.25E-15 3.97E-15
 6.83E-15 1.11E-14 1.50E-14 1.63E-14 1.44E-14 1.27E-14
 1.00E-74 1.00E-74 1.00E-74 4.66E-31 2.32E-22 2.99E-17 1.25E-15 3.97E-15
 6.83E-15 1.11E-14 1.50E-14 1.63E-14 1.44E-14 1.27E-14
 1.00E-74 1.00E-74 1.00E-74 4.66E-31 2.32E-22 2.99E-17 1.25E-15 3.97E-15
 6.83E-15 1.11E-14 1.50E-14 1.63E-14 1.44E-14 1.27E-14
 1.00E-74 1.00E-74 1.00E-74 4.66E-31 2.32E-22 2.99E-17 1.25E-15 3.97E-15
 6.83E-15 1.11E-14 1.50E-14 1.63E-14 1.44E-14 1.27E-14
 1.00E-74 1.00E-74 1.53E-48 4.66E-31 2.32E-22 2.99E-17 1.25E-15 3.97E-15
 6.83E-15 1.11E-14 1.50E-14 1.63E-14 1.44E-14 1.27E-14
  2.17327    7  14 /pl=01:ss=64:pb= 1:sz=64/type=excit/ispb = t/isel =    9
 1.00E+10 1.00E+11 1.00E+12 1.00E+13 1.00E+14 1.00E+15 1.00E+16
 7.28E+01 1.09E+02 1.82E+02 3.64E+02 7.28E+02 1.82E+03 3.64E+03 5.46E+03
 7.28E+03 1.09E+04 1.82E+04 3.64E+04 7.28E+04 1.09E+05
 1.00E-74 1.00E-74 1.00E-74 1.66E-30 8.58E-22 1.14E-16 4.83E-15 1.56E-14
 2.71E-14 4.51E-14 6.40E-14 7.65E-14 7.70E-14 7.39E-14
 1.00E-74 1.00E-74 1.00E-74 1.66E-30 8.58E-22 1.14E-16 4.83E-15 1.56E-14
 2.71E-14 4.51E-14 6.40E-14 7.65E-14 7.70E-14 7.39E-14
 1.00E-74 1.00E-74 1.00E-74 1.66E-30 8.58E-22 1.14E-16 4.83E-15 1.56E-14
 2.71E-14 4.51E-14 6.40E-14 7.65E-14 7.70E-14 7.39E-14
 1.00E-74 1.00E-74 1.00E-74 1.66E-30 8.58E-22 1.14E-16 4.83E-15 1.56E-14
 2.71E-14 4.51E-14 6.40E-14 7.65E-14 7.70E-14 7.39E-14
 1.00E-74 1.00E-74 1.00E-74 1.66E-30 8.58E-22 1.14E-16 4.83E-15 1.56E-14
 2.71E-14 4.51E-14 6.40E-14 7.65E-14 7.70E-14 7.39E-14
 1.00E-74 1.00E-74 1.00E-74 1.66E-30 8.58E-22 1.14E-16 4.83E-15 1.56E-14
 2.71E-14 4.51E-14 6.40E-14 7.65E-14 7.70E-14 7.39E-14
 1.00E-74 1.00E-74 3.25E-48 1.66E-30 8.58E-22 1.14E-16 4.83E-15 1.56E-14
 2.71E-14 4.51E-14 6.40E-14 7.65E-14 7.70E-14 7.39E-14
  2.19843    7  14 /pl=01:ss=64:pb= 1:sz=64/type=excit/ispb = t/isel =   10
 1.00E+10 1.00E+11 1.00E+12 1.00E+13 1.00E+14 1.00E+15 1.00E+16
 7.28E+01 1.09E+02 1.82E+02 3.64E+02 7.28E+02 1.82E+03 3.64E+03 5.46E+03
 7.28E+03 1.09E+04 1.82E+04 3.64E+04 7.28E+04 1.09E+05
 1.00E-74 1.00E-74 1.00E-74 3.16E-30 8.74E-22 7.98E-17 2.98E-15 9.16E-15
 1.54E-14 2.46E-14 3.29E-14 3.57E-14 3.21E-14 2.86E-14
 1.00E-74 1.00E-74 1.00E-74 3.16E-30 8.74E-22 7.98E-17 2.98E-15 9.16E-15
 1.54E-14 2.46E-14 3.29E-14 3.57E-14 3.21E-14 2.86E-14
 1.00E-74 1.00E-74 1.00E-74 3.16E-30 8.74E-22 7.98E-17 2.98E-15 9.16E-15
 1.54E-14 2.46E-14 3.29E-14 3.57E-14 3.21E-14 2.86E-14
 1.00E-74 1.00E-74 1.00E-74 3.16E-30 8.74E-22 7.98E-17 2.98E-15 9.16E-15
 1.54E-14 2.46E-14 3.29E-14 3.57E-14 3.21E-14 2.86E-14
 1.00E-74 1.00E-74 1.00E-74 3.16E-30 8.74E-22 7.98E-17 2.98E-15 9.16E-15
 1.54E-14 2.46E-14 3.29E-14 3.57E-14 3.21E-14 2.86E-14
 1.00E-74 1.00E-74 2.41E-47 3.16E-30 8.74E-22 7.98E-17 2.98E-15 9.16E-15
 1.54E-14 2.46E-14 3.29E-14 3.57E-14 3.21E-14 2.86E-14
 1.00E-74 1.00E-74 3.13E-47 3.16E-30 8.74E-22 7.98E-17 2.98E-15 9.16E-15
 1.54E-14 2.46E-14 3.29E-14 3.57E-14 3.21E-14 2.86E-14
  2.30770    7  14 /pl=01:ss=64:pb= 1:sz=64/type=excit/ispb = t/isel =   11
 1.00E+10 1.00E+11 1.00E+12 1.00E+13 1.00E+14 1.00E+15 1.00E+16
 7.28E+01 1.09E+02 1.82E+02 3.64E+02 7.28E+02 1.82E+03 3.64E+03 5.46E+03
 7.28E+03 1.09E+04 1.82E+04 3.64E+04 7.28E+04 1.09E+05
 1.00E-74 1.00E-74 1.00E-74 5.36E-31 2.80E-22 3.74E-17 1.58E-15 5.10E-15
 8.84E-15 1.45E-14 2.00E-14 2.27E-14 2.09E-14 1.90E-14
 1.00E-74 1.00E-74 1.00E-74 5.36E-31 2.80E-22 3.74E-17 1.58E-15 5.10E-15
 8.84E-15 1.45E-14 2.00E-14 2.27E-14 2.09E-14 1.90E-14
 1.00E-74 1.00E-74 1.00E-74 5.36E-31 2.80E-22 3.74E-17 1.58E-15 5.10E-15
 8.84E-15 1.45E-14 2.00E-14 2.27E-14 2.09E-14 1.90E-14
 1.00E-74 1.00E-74 1.00E-74 5.36E-31 2.80E-22 3.74E-17 1.58E-15 5.10E-15
 8.84E-15 1.45E-14 2.00E-14 2.27E-14 2.09E-14 1.90E-14
 1.00E-74 1.00E-74 1.00E-74 5.36E-31 2.80E-22 3.74E-17 1.58E-15 5.10E-15
 8.84E-15 1.45E-14 2.00E-14 2.27E-14 2.09E-14 1.90E-14
 1.00E-74 1.00E-74 1.00E-74 5.36E-31 2.80E-22 3.74E-17 1.58E-15 5.10E-15
 8.84E-15 1.45E-14 2.00E-14 2.27E-14 2.09E-14 1.90E-14
 1.00E-74 1.00E-74 1.00E-74 5.36E-31 2.80E-22 3.74E-17 1.58E-15 5.10E-15
 8.84E-15 1.45E-14 2.00E-14 2.27E-14 2.09E-14 1.90E-14
  2.35204    7  14 /pl=01:ss=64:pb= 1:sz=64/type=excit/ispb = t/isel =   12
 1.00E+10 1.00E+11 1.00E+12 1.00E+13 1.00E+14 1.00E+15 1.00E+16
 7.28E+01 1.09E+02 1.82E+02 3.64E+02 7.28E+02 1.82E+03 3.64E+03 5.46E+03
 7.28E+03 1.09E+04 1.82E+04 3.64E+04 7.28E+04 1.09E+05
 1.00E-74 1.00E-74 1.00E-74 1.02E-29 2.92E-21 2.72E-16 1.03E-14 3.21E-14
 5.47E-14 8.94E-14 1.25E-13 1.48E-13 1.48E-13 1.43E-13
 1.00E-74 1.00E-74 1.00E-74 1.02E-29 2.92E-21 2.72E-16 1.03E-14 3.21E-14
 5.47E-14 8.94E-14 1.25E-13 1.48E-13 1.48E-13 1.43E-13
 1.00E-74 1.00E-74 1.00E-74 1.02E-29 2.92E-21 2.72E-16 1.03E-14 3.21E-14
 5.47E-14 8.94E-14 1.25E-13 1.48E-13 1.48E-13 1.43E-13
 1.00E-74 1.00E-74 1.00E-74 1.02E-29 2.92E-21 2.72E-16 1.03E-14 3.21E-14
 5.47E-14 8.94E-14 1.25E-13 1.48E-13 1.48E-13 1.43E-13
 1.00E-74 1.00E-74 1.00E-74 1.02E-29 2.92E-21 2.72E-16 1.03E-14 3.21E-14
 5.47E-14 8.94E-14 1.25E-13 1.48E-13 1.48E-13 1.43E-13
 1.00E-74 1.00E-74 1.05E-46 1.02E-29 2.92E-21 2.72E-16 1.03E-14 3.21E-14
 5.47E-14 8.94E-14 1.25E-13 1.48E-13 1.48E-13 1.43E-13
 1.00E-74 1.00E-74 8.93E-47 1.02E-29 2.92E-21 2.72E-16 1.03E-14 3.21E-14
 5.47E-14 8.94E-14 1.25E-13 1.48E-13 1.48E-13 1.43E-13
  2.50704    7  14 /pl=01:ss=64:pb= 1:sz=64/type=excit/ispb = t/isel =   13
 1.00E+10 1.00E+11 1.00E+12 1.00E+13 1.00E+14 1.00E+15 1.00E+16
 7.28E+01 1.09E+02 1.82E+02 3.64E+02 7.28E+02 1.82E+03 3.64E+03 5.46E+03
 7.28E+03 1.09E+04 1.82E+04 3.64E+04 7.28E+04 1.09E+05
 1.00E-74 1.00E-74 1.00E-74 3.14E-30 9.19E-22 8.69E-17 3.28E-15 1.02E-14
 1.73E-14 2.80E-14 3.81E-14 4.26E-14 3.95E-14 3.57E-14
 1.00E-74 1.00E-74 1.00E-74 3.14E-30 9.19E-22 8.69E-17 3.28E-15 1.02E-14
 1.73E-14 2.80E-14 3.81E-14 4.26E-14 3.95E-14 3.57E-14
 1.00E-74 1.00E-74 1.00E-74 3.14E-30 9.19E-22 8.69E-17 3.28E-15 1.02E-14
 1.73E-14 2.80E-14 3.81E-14 4.26E-14 3.95E-14 3.57E-14
 1.00E-74 1.00E-74 1.00E-74 3.14E-30 9.19E-22 8.69E-17 3.28E-15 1.02E-14
 1.73E-14 2.80E-14 3.81E-14 4.26E-14 3.95E-14 3.57E-14
 1.00E-74 1.00E-74 1.00E-74 3.14E-30 9.19E-22 8.69E-17 3.28E-15 1.02E-14
 1.73E-14 2.80E-14 3.81E-14 4.26E-14 3.95E-14 3.57E-14
 1.00E-74 1.00E-74 1.00E-74 3.14E-30 9.19E-22 8.69E-17 3.28E-15 1.02E-14
 1.73E-14 2.80E-14 3.81E-14 4.26E-14 3.95E-14 3.57E-14
 1.00E-74 1.00E-74 2.36E-47 3.14E-30 9.19E-22 8.69E-17 3.28E-15 1.02E-14
 1.73E-14 2.80E-14 3.81E-14 4.26E-14 3.95E-14 3.57E-14
  2.53584    7  14 /pl=01:ss=64:pb= 1:sz=64/type=excit/ispb = t/isel =   14
 1.00E+10 1.00E+11 1.00E+12 1.00E+13 1.00E+14 1.00E+15 1.00E+16
 7.28E+01 1.09E+02 1.82E+02 3.64E+02 7.28E+02 1.82E+03 3.64E+03 5.46E+03
 7.28E+03 1.09E+04 1.82E+04 3.64E+04 7.28E+04 1.09E+05
 1.00E-74 1.00E-74 1.00E-74 5.85E-29 5.93E-21 3.09E-16 9.68E-15 2.82E-14
 4.63E-14 7.21E-14 9.49E-14 1.03E-13 9.33E-14 8.42E-14
 1.00E-74 1.00E-74 1.00E-74 5.85E-29 5.93E-21 3.09E-16 9.68E-15 2.82E-14
 4.63E-14 7.21E-14 9.49E-14 1.03E-13 9.33E-14 8.42E-14
 1.00E-74 1.00E-74 1.00E-74 5.85E-29 5.93E-21 3.09E-16 9.68E-15 2.82E-14
 4.63E-14 7.21E-14 9.49E-14 1.03E-13 9.33E-14 8.42E-14
 1.00E-74 1.00E-74 4.05E-45 5.85E-29 5.93E-21 3.09E-16 9.68E-15 2.82E-14
 4.63E-14 7.21E-14 9.49E-14 1.03E-13 9.33E-14 8.42E-14
 1.00E-74 1.00E-74 4.45E-45 5.85E-29 5.93E-21 3.09E-16 9.68E-15 2.82E-14
 4.63E-14 7.21E-14 9.49E-14 1.03E-13 9.33E-14 8.42E-14
 1.00E-74 1.00E-74 4.41E-45 5.85E-29 5.93E-21 3.09E-16 9.68E-15 2.82E-14
 4.63E-14 7.21E-14 9.49E-14 1.03E-13 9.33E-14 8.42E-14
 1.00E-74 1.00E-74 4.40E-45 5.85E-29 5.93E-21 3.09E-16 9.68E-15 2.82E-14
 4.63E-14 7.21E-14 9.49E-14 1.03E-13 9.33E-14 8.42E-14
  2.72466    7  14 /pl=01:ss=64:pb= 1:sz=64/type=excit/ispb = t/isel =   15
 1.00E+10 1.00E+11 1.00E+12 1.00E+13 1.00E+14 1.00E+15 1.00E+16
 7.28E+01 1.09E+02 1.82E+02 3.64E+02 7.28E+02 1.82E+03 3.64E+03 5.46E+03
 7.28E+03 1.09E+04 1.82E+04 3.64E+04 7.28E+04 1.09E+05
 1.00E-74 1.00E-74 1.00E-74 1.64E-28 1.76E-20 9.12E-16 2.85E-14 8.33E-14
 1.38E-13 2.20E-13 3.00E-13 3.51E-13 3.51E-13 3.37E-13
 1.00E-74 1.00E-74 1.00E-74 1.64E-28 1.76E-20 9.12E-16 2.85E-14 8.33E-14
 1.38E-13 2.20E-13 3.00E-13 3.51E-13 3.51E-13 3.37E-13
 1.00E-74 1.00E-74 1.00E-74 1.64E-28 1.76E-20 9.12E-16 2.85E-14 8.33E-14
 1.38E-13 2.20E-13 3.00E-13 3.51E-13 3.51E-13 3.37E-13
 1.00E-74 1.00E-74 9.26E-45 1.64E-28 1.76E-20 9.12E-16 2.85E-14 8.33E-14
 1.38E-13 2.20E-13 3.00E-13 3.51E-13 3.51E-13 3.37E-13
 1.00E-74 1.00E-74 1.02E-44 1.64E-28 1.76E-20 9.12E-16 2.85E-14 8.33E-14
 1.38E-13 2.20E-13 3.00E-13 3.51E-13 3.51E-13 3.37E-13
 1.00E-74 1.00E-74 1.04E-44 1.64E-28 1.76E-20 9.12E-16 2.85E-14 8.33E-14
 1.38E-13 2.20E-13 3.00E-13 3.51E-13 3.51E-13 3.37E-13
 1.00E-74 1.00E-74 1.04E-44 1.64E-28 1.76E-20 9.12E-16 2.85E-14 8.33E-14
 1.38E-13 2.20E-13 3.00E-13 3.51E-13 3.51E-13 3.37E-13
  2.81931    7  14 /pl=01:ss=64:pb= 1:sz=64/type=excit/ispb = t/isel =   16
 1.00E+10 1.00E+11 1.00E+12 1.00E+13 1.00E+14 1.00E+15 1.00E+16
 7.28E+01 1.09E+02 1.82E+02 3.64E+02 7.28E+02 1.82E+03 3.64E+03 5.46E+03
 7.28E+03 1.09E+04 1.82E+04 3.64E+04 7.28E+04 1.09E+05
 1.00E-74 1.00E-74 1.00E-74 7.78E-30 7.49E-22 3.99E-17 1.29E-15 3.81E-15
 6.34E-15 1.01E-14 1.39E-14 1.62E-14 1.62E-14 1.56E-14
 1.00E-74 1.00E-74 1.00E-74 7.78E-30 7.49E-22 3.99E-17 1.29E-15 3.81E-15
 6.34E-15 1.01E-14 1.39E-14 1.62E-14 1.62E-14 1.56E-14
 1.00E-74 1.00E-74 1.00E-74 7.78E-30 7.49E-22 3.99E-17 1.29E-15 3.81E-15
 6.34E-15 1.01E-14 1.39E-14 1.62E-14 1.62E-14 1.56E-14
 1.00E-74 1.00E-74 1.00E-74 7.78E-30 7.49E-22 3.99E-17 1.29E-15 3.81E-15
 6.34E-15 1.01E-14 1.39E-14 1.62E-14 1.62E-14 1.56E-14
 1.00E-74 1.00E-74 9.05E-46 7.78E-30 7.49E-22 3.99E-17 1.29E-15 3.81E-15
 6.34E-15 1.01E-14 1.39E-14 1.62E-14 1.62E-14 1.56E-14
 1.00E-74 1.00E-74 7.24E-46 7.78E-30 7.49E-22 3.99E-17 1.29E-15 3.81E-15
 6.34E-15 1.01E-14 1.39E-14 1.62E-14 1.62E-14 1.56E-14
 1.00E-74 1.00E-74 7.20E-46 7.78E-30 7.49E-22 3.99E-17 1.29E-15 3.81E-15
 6.34E-15 1.01E-14 1.39E-14 1.62E-14 1.62E-14 1.56E-14
  2.92599    7  14 /pl=01:ss=64:pb= 1:sz=64/type=excit/ispb = t/isel =   17
 1.00E+10 1.00E+11 1.00E+12 1.00E+13 1.00E+14 1.00E+15 1.00E+16
 7.28E+01 1.09E+02 1.82E+02 3.64E+02 7.28E+02 1.82E+03 3.64E+03 5.46E+03
 7.28E+03 1.09E+04 1.82E+04 3.64E+04 7.28E+04 1.09E+05
 1.00E-74 1.00E-74 1.00E-74 4.66E-29 5.16E-21 2.74E-16 8.56E-15 2.50E-14
 4.10E-14 6.43E-14 8.59E-14 9.49E-14 8.72E-14 7.89E-14
 1.00E-74 1.00E-74 1.00E-74 4.66E-29 5.16E-21 2.74E-16 8.56E-15 2.50E-14
 4.10E-14 6.43E-14 8.59E-14 9.49E-14 8.72E-14 7.89E-14
 1.00E-74 1.00E-74 1.00E-74 4.66E-29 5.16E-21 2.74E-16 8.56E-15 2.50E-14
 4.10E-14 6.43E-14 8.59E-14 9.49E-14 8.72E-14 7.89E-14
 1.00E-74 1.00E-74 1.00E-74 4.66E-29 5.16E-21 2.74E-16 8.56E-15 2.50E-14
 4.10E-14 6.43E-14 8.59E-14 9.49E-14 8.72E-14 7.89E-14
 1.00E-74 1.00E-74 2.48E-45 4.66E-29 5.16E-21 2.74E-16 8.56E-15 2.50E-14
 4.10E-14 6.43E-14 8.59E-14 9.49E-14 8.72E-14 7.89E-14
 1.00E-74 1.00E-74 2.73E-45 4.66E-29 5.16E-21 2.74E-16 8.56E-15 2.50E-14
 4.10E-14 6.43E-14 8.59E-14 9.49E-14 8.72E-14 7.89E-14
 1.00E-74 1.00E-74 2.71E-45 4.66E-29 5.16E-21 2.74E-16 8.56E-15 2.50E-14
 4.10E-14 6.43E-14 8.59E-14 9.49E-14 8.72E-14 7.89E-14
  2.99574    7  14 /pl=01:ss=64:pb= 1:sz=64/type=excit/ispb = t/isel =   18
 1.00E+10 1.00E+11 1.00E+12 1.00E+13 1.00E+14 1.00E+15 1.00E+16
 7.28E+01 1.09E+02 1.82E+02 3.64E+02 7.28E+02 1.82E+03 3.64E+03 5.46E+03
 7.28E+03 1.09E+04 1.82E+04 3.64E+04 7.28E+04 1.09E+05
 1.00E-74 1.00E-74 1.00E-74 1.11E-29 1.13E-21 5.87E-17 1.84E-15 5.36E-15
 8.81E-15 1.37E-14 1.81E-14 1.96E-14 1.78E-14 1.60E-14
 1.00E-74 1.00E-74 1.00E-74 1.11E-29 1.13E-21 5.87E-17 1.84E-15 5.36E-15
 8.81E-15 1.37E-14 1.81E-14 1.96E-14 1.78E-14 1.60E-14
 1.00E-74 1.00E-74 1.00E-74 1.11E-29 1.13E-21 5.87E-17 1.84E-15 5.36E-15
 8.81E-15 1.37E-14 1.81E-14 1.96E-14 1.78E-14 1.60E-14
 1.00E-74 1.00E-74 7.71E-46 1.11E-29 1.13E-21 5.87E-17 1.84E-15 5.36E-15
 8.81E-15 1.37E-14 1.81E-14 1.96E-14 1.78E-14 1.60E-14
 1.00E-74 1.00E-74 8.48E-46 1.11E-29 1.13E-21 5.87E-17 1.84E-15 5.36E-15
 8.81E-15 1.37E-14 1.81E-14 1.96E-14 1.78E-14 1.60E-14
 1.00E-74 1.00E-74 8.40E-46 1.11E-29 1.13E-21 5.87E-17 1.84E-15 5.36E-15
 8.81E-15 1.37E-14 1.81E-14 1.96E-14 1.78E-14 1.60E-14
 1.00E-74 1.00E-74 8.37E-46 1.11E-29 1.13E-21 5.87E-17 1.84E-15 5.36E-15
 8.81E-15 1.37E-14 1.81E-14 1.96E-14 1.78E-14 1.60E-14
  3.55241    7  14 /pl=01:ss=64:pb= 1:sz=64/type=excit/ispb = t/isel =   19
 1.00E+10 1.00E+11 1.00E+12 1.00E+13 1.00E+14 1.00E+15 1.00E+16
 7.28E+01 1.09E+02 1.82E+02 3.64E+02 7.28E+02 1.82E+03 3.64E+03 5.46E+03
 7.28E+03 1.09E+04 1.82E+04 3.64E+04 7.28E+04 1.09E+05
 1.00E-74 1.00E-74 3.55E-41 9.83E-27 1.44E-19 2.52E-15 5.68E-14 1.50E-13
 2.36E-13 3.52E-13 4.51E-13 4.85E-13 4.42E-13 4.04E-13
 1.00E-74 1.00E-74 3.47E-41 9.83E-27 1.44E-19 2.52E-15 5.68E-14 1.50E-13
 2.36E-13 3.52E-13 4.51E-13 4.85E-13 4.42E-13 4.04E-13
 1.00E-74 1.00E-74 3.50E-41 9.83E-27 1.44E-19 2.52E-15 5.68E-14 1.50E-13
 2.36E-13 3.52E-13 4.51E-13 4.85E-13 4.42E-13 4.04E-13
 1.00E-74 1.00E-74 3.50E-41 9.83E-27 1.44E-19 2.52E-15 5.68E-14 1.50E-13
 2.36E-13 3.52E-13 4.51E-13 4.85E-13 4.42E-13 4.04E-13
 1.00E-74 1.00E-74 3.50E-41 9.83E-27 1.44E-19 2.52E-15 5.68E-14 1.50E-13
 2.36E-13 3.52E-13 4.51E-13 4.85E-13 4.42E-13 4.04E-13
 1.00E-74 1.00E-74 3.50E-41 9.83E-27 1.44E-19 2.52E-15 5.68E-14 1.50E-13
 2.36E-13 3.52E-13 4.51E-13 4.85E-13 4.42E-13 4.04E-13
 1.00E-74 1.00E-74 3.50E-41 9.83E-27 1.44E-19 2.52E-15 5.68E-14 1.50E-13
 2.36E-13 3.52E-13 4.51E-13 4.85E-13 4.42E-13 4.04E-13
  3.55969    7  14 /pl=01:ss=64:pb= 1:sz=64/type=excit/ispb = t/isel =   20
 1.00E+10 1.00E+11 1.00E+12 1.00E+13 1.00E+14 1.00E+15 1.00E+16
 7.28E+01 1.09E+02 1.82E+02 3.64E+02 7.28E+02 1.82E+03 3.64E+03 5.46E+03
 7.28E+03 1.09E+04 1.82E+04 3.64E+04 7.28E+04 1.09E+05
 1.00E-74 1.00E-74 1.00E-74 2.63E-29 2.53E-21 1.24E-16 3.86E-15 1.14E-14
 1.92E-14 3.14E-14 4.56E-14 5.92E-14 6.62E-14 6.74E-14
 1.00E-74 1.00E-74 1.00E-74 2.63E-29 2.53E-21 1.24E-16 3.86E-15 1.14E-14
 1.92E-14 3.14E-14 4.56E-14 5.92E-14 6.62E-14 6.74E-14
 1.00E-74 1.00E-74 1.00E-74 2.63E-29 2.53E-21 1.24E-16 3.86E-15 1.14E-14
 1.92E-14 3.14E-14 4.56E-14 5.92E-14 6.62E-14 6.74E-14
 1.00E-74 1.00E-74 1.00E-74 2.63E-29 2.53E-21 1.24E-16 3.86E-15 1.14E-14
 1.92E-14 3.14E-14 4.56E-14 5.92E-14 6.62E-14 6.74E-14
 1.00E-74 1.00E-74 2.14E-45 2.63E-29 2.53E-21 1.24E-16 3.86E-15 1.14E-14
 1.92E-14 3.14E-14 4.56E-14 5.92E-14 6.62E-14 6.74E-14
 1.00E-74 1.00E-74 2.21E-45 2.63E-29 2.53E-21 1.24E-16 3.86E-15 1.14E-14
 1.92E-14 3.14E-14 4.56E-14 5.92E-14 6.62E-14 6.74E-14
 1.00E-74 1.00E-74 2.22E-45 2.63E-29 2.53E-21 1.24E-16 3.86E-15 1.14E-14
 1.92E-14 3.14E-14 4.56E-14 5.92E-14 6.62E-14 6.74E-14
  3.85049    7  14 /pl=01:ss=64:pb= 1:sz=64/type=excit/ispb = t/isel =   21
 1.00E+10 1.00E+11 1.00E+12 1.00E+13 1.00E+14 1.00E+15 1.00E+16
 7.28E+01 1.09E+02 1.82E+02 3.64E+02 7.28E+02 1.82E+03 3.64E+03 5.46E+03
 7.28E+03 1.09E+04 1.82E+04 3.64E+04 7.28E+04 1.09E+05
 1.00E-74 1.00E-74 5.38E-41 1.94E-26 3.34E-19 5.86E-15 1.29E-13 3.36E-13
 5.27E-13 7.94E-13 1.05E-12 1.20E-12 1.20E-12 1.15E-12
 1.00E-74 1.00E-74 4.84E-41 1.94E-26 3.34E-19 5.86E-15 1.29E-13 3.36E-13
 5.27E-13 7.94E-13 1.05E-12 1.20E-12 1.20E-12 1.15E-12
 1.00E-74 1.00E-74 4.77E-41 1.94E-26 3.34E-19 5.86E-15 1.29E-13 3.36E-13
 5.27E-13 7.94E-13 1.05E-12 1.20E-12 1.20E-12 1.15E-12
 1.00E-74 1.00E-74 4.77E-41 1.94E-26 3.34E-19 5.86E-15 1.29E-13 3.36E-13
 5.27E-13 7.94E-13 1.05E-12 1.20E-12 1.20E-12 1.15E-12
 1.00E-74 1.00E-74 4.77E-41 1.94E-26 3.34E-19 5.86E-15 1.29E-13 3.36E-13
 5.27E-13 7.94E-13 1.05E-12 1.20E-12 1.20E-12 1.15E-12
 1.00E-74 1.00E-74 4.76E-41 1.94E-26 3.34E-19 5.86E-15 1.29E-13 3.36E-13
 5.27E-13 7.94E-13 1.05E-12 1.20E-12 1.20E-12 1.15E-12
 1.00E-74 1.00E-74 4.76E-41 1.94E-26 3.34E-19 5.86E-15 1.29E-13 3.36E-13
 5.27E-13 7.94E-13 1.05E-12 1.20E-12 1.20E-12 1.15E-12
  3.85267    7  14 /pl=01:ss=64:pb= 1:sz=64/type=excit/ispb = t/isel =   22
 1.00E+10 1.00E+11 1.00E+12 1.00E+13 1.00E+14 1.00E+15 1.00E+16
 7.28E+01 1.09E+02 1.82E+02 3.64E+02 7.28E+02 1.82E+03 3.64E+03 5.46E+03
 7.28E+03 1.09E+04 1.82E+04 3.64E+04 7.28E+04 1.09E+05
 1.00E-74 1.00E-74 1.00E-74 1.14E-28 1.30E-20 6.97E-16 2.17E-14 6.29E-14
 1.03E-13 1.59E-13 2.06E-13 2.18E-13 1.90E-13 1.67E-13
 1.00E-74 1.00E-74 1.00E-74 1.14E-28 1.30E-20 6.97E-16 2.17E-14 6.29E-14
 1.03E-13 1.59E-13 2.06E-13 2.18E-13 1.90E-13 1.67E-13
 1.00E-74 1.00E-74 1.00E-74 1.14E-28 1.30E-20 6.97E-16 2.17E-14 6.29E-14
 1.03E-13 1.59E-13 2.06E-13 2.18E-13 1.90E-13 1.67E-13
 1.00E-74 1.00E-74 1.00E-74 1.14E-28 1.30E-20 6.97E-16 2.17E-14 6.29E-14
 1.03E-13 1.59E-13 2.06E-13 2.18E-13 1.90E-13 1.67E-13
 1.00E-74 1.00E-74 7.17E-45 1.14E-28 1.30E-20 6.97E-16 2.17E-14 6.29E-14
 1.03E-13 1.59E-13 2.06E-13 2.18E-13 1.90E-13 1.67E-13
 1.00E-74 1.00E-74 7.00E-45 1.14E-28 1.30E-20 6.97E-16 2.17E-14 6.29E-14
 1.03E-13 1.59E-13 2.06E-13 2.18E-13 1.90E-13 1.67E-13
 1.00E-74 1.00E-74 7.07E-45 1.14E-28 1.30E-20 6.97E-16 2.17E-14 6.29E-14
 1.03E-13 1.59E-13 2.06E-13 2.18E-13 1.90E-13 1.67E-13
  4.22232    7  14 /pl=01:ss=64:pb= 1:sz=64/type=excit/ispb = t/isel =   23
 1.00E+10 1.00E+11 1.00E+12 1.00E+13 1.00E+14 1.00E+15 1.00E+16
 7.28E+01 1.09E+02 1.82E+02 3.64E+02 7.28E+02 1.82E+03 3.64E+03 5.46E+03
 7.28E+03 1.09E+04 1.82E+04 3.64E+04 7.28E+04 1.09E+05
 1.00E-74 1.00E-74 1.00E-74 4.61E-27 8.55E-20 1.55E-15 3.41E-14 8.87E-14
 1.38E-13 2.05E-13 2.63E-13 2.82E-13 2.57E-13 2.32E-13
 1.00E-74 1.00E-74 1.10E-41 4.61E-27 8.55E-20 1.55E-15 3.41E-14 8.87E-14
 1.38E-13 2.05E-13 2.63E-13 2.82E-13 2.57E-13 2.32E-13
 1.00E-74 1.00E-74 9.51E-42 4.61E-27 8.55E-20 1.55E-15 3.41E-14 8.87E-14
 1.38E-13 2.05E-13 2.63E-13 2.82E-13 2.57E-13 2.32E-13
 1.00E-74 1.00E-74 9.58E-42 4.61E-27 8.55E-20 1.55E-15 3.41E-14 8.87E-14
 1.38E-13 2.05E-13 2.63E-13 2.82E-13 2.57E-13 2.32E-13
 1.00E-74 1.00E-74 9.60E-42 4.61E-27 8.55E-20 1.55E-15 3.41E-14 8.87E-14
 1.38E-13 2.05E-13 2.63E-13 2.82E-13 2.57E-13 2.32E-13
 1.00E-74 1.00E-74 9.60E-42 4.61E-27 8.55E-20 1.55E-15 3.41E-14 8.87E-14
 1.38E-13 2.05E-13 2.63E-13 2.82E-13 2.57E-13 2.32E-13
 1.00E-74 1.00E-74 9.60E-42 4.61E-27 8.55E-20 1.55E-15 3.41E-14 8.87E-14
 1.38E-13 2.05E-13 2.63E-13 2.82E-13 2.57E-13 2.32E-13
  4.25276    7  14 /pl=01:ss=64:pb= 1:sz=64/type=excit/ispb = t/isel =   24
 1.00E+10 1.00E+11 1.00E+12 1.00E+13 1.00E+14 1.00E+15 1.00E+16
 7.28E+01 1.09E+02 1.82E+02 3.64E+02 7.28E+02 1.82E+03 3.64E+03 5.46E+03
 7.28E+03 1.09E+04 1.82E+04 3.64E+04 7.28E+04 1.09E+05
 1.00E-74 1.00E-74 1.00E-74 1.29E-28 9.17E-21 3.74E-16 1.07E-14 3.00E-14
 4.84E-14 7.38E-14 9.55E-14 1.01E-13 8.87E-14 7.84E-14
 1.00E-74 1.00E-74 1.00E-74 1.29E-28 9.17E-21 3.74E-16 1.07E-14 3.00E-14
 4.84E-14 7.38E-14 9.55E-14 1.01E-13 8.87E-14 7.84E-14
 1.00E-74 1.00E-74 1.00E-74 1.29E-28 9.17E-21 3.74E-16 1.07E-14 3.00E-14
 4.84E-14 7.38E-14 9.55E-14 1.01E-13 8.87E-14 7.84E-14
 1.00E-74 1.00E-74 1.96E-44 1.29E-28 9.17E-21 3.74E-16 1.07E-14 3.00E-14
 4.84E-14 7.38E-14 9.55E-14 1.01E-13 8.87E-14 7.84E-14
 1.00E-74 1.00E-74 2.15E-44 1.29E-28 9.17E-21 3.74E-16 1.07E-14 3.00E-14
 4.84E-14 7.38E-14 9.55E-14 1.01E-13 8.87E-14 7.84E-14
 1.00E-74 1.00E-74 2.17E-44 1.29E-28 9.17E-21 3.74E-16 1.07E-14 3.00E-14
 4.84E-14 7.38E-14 9.55E-14 1.01E-13 8.87E-14 7.84E-14
 1.00E-74 1.00E-74 2.18E-44 1.29E-28 9.17E-21 3.74E-16 1.07E-14 3.00E-14
 4.84E-14 7.38E-14 9.55E-14 1.01E-13 8.87E-14 7.84E-14
  4.25282    7  14 /pl=01:ss=64:pb= 1:sz=64/type=excit/ispb = t/isel =   25
 1.00E+10 1.00E+11 1.00E+12 1.00E+13 1.00E+14 1.00E+15 1.00E+16
 7.28E+01 1.09E+02 1.82E+02 3.64E+02 7.28E+02 1.82E+03 3.64E+03 5.46E+03
 7.28E+03 1.09E+04 1.82E+04 3.64E+04 7.28E+04 1.09E+05
 1.00E-74 1.00E-74 9.84E-42 1.76E-27 2.18E-20 3.91E-16 9.56E-15 2.61E-14
 4.19E-14 6.43E-14 8.56E-14 9.72E-14 9.50E-14 9.02E-14
 1.00E-74 1.00E-74 9.84E-42 1.76E-27 2.18E-20 3.91E-16 9.56E-15 2.61E-14
 4.19E-14 6.43E-14 8.56E-14 9.72E-14 9.50E-14 9.02E-14
 1.00E-74 1.00E-74 9.84E-42 1.76E-27 2.18E-20 3.91E-16 9.56E-15 2.61E-14
 4.19E-14 6.43E-14 8.56E-14 9.72E-14 9.50E-14 9.02E-14
 1.00E-74 1.00E-74 9.80E-42 1.76E-27 2.18E-20 3.91E-16 9.56E-15 2.61E-14
 4.19E-14 6.43E-14 8.56E-14 9.72E-14 9.50E-14 9.02E-14
 1.00E-74 1.00E-74 9.80E-42 1.76E-27 2.18E-20 3.91E-16 9.56E-15 2.61E-14
 4.19E-14 6.43E-14 8.56E-14 9.72E-14 9.50E-14 9.02E-14
 1.00E-74 1.00E-74 9.80E-42 1.76E-27 2.18E-20 3.91E-16 9.56E-15 2.61E-14
 4.19E-14 6.43E-14 8.56E-14 9.72E-14 9.50E-14 9.02E-14
 1.00E-74 1.00E-74 9.80E-42 1.76E-27 2.18E-20 3.91E-16 9.56E-15 2.61E-14
 4.19E-14 6.43E-14 8.56E-14 9.72E-14 9.50E-14 9.02E-14
  4.48377    7  14 /pl=01:ss=64:pb= 1:sz=64/type=excit/ispb = t/isel =   26
 1.00E+10 1.00E+11 1.00E+12 1.00E+13 1.00E+14 1.00E+15 1.00E+16
 7.28E+01 1.09E+02 1.82E+02 3.64E+02 7.28E+02 1.82E+03 3.64E+03 5.46E+03
 7.28E+03 1.09E+04 1.82E+04 3.64E+04 7.28E+04 1.09E+05
 1.00E-74 1.00E-74 1.00E-74 1.96E-31 9.80E-23 1.26E-17 5.28E-16 1.68E-15
 2.88E-15 4.67E-15 6.32E-15 6.86E-15 6.07E-15 5.34E-15
 1.00E-74 1.00E-74 1.00E-74 1.96E-31 9.80E-23 1.26E-17 5.28E-16 1.68E-15
 2.88E-15 4.67E-15 6.32E-15 6.86E-15 6.07E-15 5.34E-15
 1.00E-74 1.00E-74 1.00E-74 1.96E-31 9.80E-23 1.26E-17 5.28E-16 1.68E-15
 2.88E-15 4.67E-15 6.32E-15 6.86E-15 6.07E-15 5.34E-15
 1.00E-74 1.00E-74 1.00E-74 1.96E-31 9.80E-23 1.26E-17 5.28E-16 1.68E-15
 2.88E-15 4.67E-15 6.32E-15 6.86E-15 6.07E-15 5.34E-15
 1.00E-74 1.00E-74 1.00E-74 1.96E-31 9.80E-23 1.26E-17 5.28E-16 1.68E-15
 2.88E-15 4.67E-15 6.32E-15 6.86E-15 6.07E-15 5.34E-15
 1.00E-74 1.00E-74 1.00E-74 1.96E-31 9.80E-23 1.26E-17 5.28E-16 1.68E-15
 2.88E-15 4.67E-15 6.32E-15 6.86E-15 6.07E-15 5.34E-15
 1.00E-74 1.00E-74 6.45E-49 1.96E-31 9.80E-23 1.26E-17 5.28E-16 1.68E-15
 2.88E-15 4.67E-15 6.32E-15 6.86E-15 6.07E-15 5.34E-15
  4.52573    7  14 /pl=01:ss=64:pb= 1:sz=64/type=excit/ispb = t/isel =   27
 1.00E+10 1.00E+11 1.00E+12 1.00E+13 1.00E+14 1.00E+15 1.00E+16
 7.28E+01 1.09E+02 1.82E+02 3.64E+02 7.28E+02 1.82E+03 3.64E+03 5.46E+03
 7.28E+03 1.09E+04 1.82E+04 3.64E+04 7.28E+04 1.09E+05
 1.00E-74 1.00E-74 9.25E-42 2.56E-27 3.76E-20 6.56E-16 1.48E-14 3.92E-14
 6.16E-14 9.18E-14 1.18E-13 1.27E-13 1.15E-13 1.05E-13
 1.00E-74 1.00E-74 9.06E-42 2.56E-27 3.76E-20 6.56E-16 1.48E-14 3.92E-14
 6.16E-14 9.18E-14 1.18E-13 1.27E-13 1.15E-13 1.05E-13
 1.00E-74 1.00E-74 9.12E-42 2.56E-27 3.76E-20 6.56E-16 1.48E-14 3.92E-14
 6.16E-14 9.18E-14 1.18E-13 1.27E-13 1.15E-13 1.05E-13
 1.00E-74 1.00E-74 9.13E-42 2.56E-27 3.76E-20 6.56E-16 1.48E-14 3.92E-14
 6.16E-14 9.18E-14 1.18E-13 1.27E-13 1.15E-13 1.05E-13
 1.00E-74 1.00E-74 9.13E-42 2.56E-27 3.76E-20 6.56E-16 1.48E-14 3.92E-14
 6.16E-14 9.18E-14 1.18E-13 1.27E-13 1.15E-13 1.05E-13
 1.00E-74 1.00E-74 9.13E-42 2.56E-27 3.76E-20 6.56E-16 1.48E-14 3.92E-14
 6.16E-14 9.18E-14 1.18E-13 1.27E-13 1.15E-13 1.05E-13
 1.00E-74 1.00E-74 9.13E-42 2.56E-27 3.76E-20 6.56E-16 1.48E-14 3.92E-14
 6.16E-14 9.18E-14 1.18E-13 1.27E-13 1.15E-13 1.05E-13
  4.52734    7  14 /pl=01:ss=64:pb= 1:sz=64/type=excit/ispb = t/isel =   28
 1.00E+10 1.00E+11 1.00E+12 1.00E+13 1.00E+14 1.00E+15 1.00E+16
 7.28E+01 1.09E+02 1.82E+02 3.64E+02 7.28E+02 1.82E+03 3.64E+03 5.46E+03
 7.28E+03 1.09E+04 1.82E+04 3.64E+04 7.28E+04 1.09E+05
 1.00E-74 1.00E-74 1.00E-74 6.82E-30 6.57E-22 3.23E-17 1.00E-15 2.96E-15
 4.98E-15 8.16E-15 1.18E-14 1.54E-14 1.72E-14 1.75E-14
 1.00E-74 1.00E-74 1.00E-74 6.82E-30 6.57E-22 3.23E-17 1.00E-15 2.96E-15
 4.98E-15 8.16E-15 1.18E-14 1.54E-14 1.72E-14 1.75E-14
 1.00E-74 1.00E-74 1.00E-74 6.82E-30 6.57E-22 3.23E-17 1.00E-15 2.96E-15
 4.98E-15 8.16E-15 1.18E-14 1.54E-14 1.72E-14 1.75E-14
 1.00E-74 1.00E-74 1.00E-74 6.82E-30 6.57E-22 3.23E-17 1.00E-15 2.96E-15
 4.98E-15 8.16E-15 1.18E-14 1.54E-14 1.72E-14 1.75E-14
 1.00E-74 1.00E-74 5.55E-46 6.82E-30 6.57E-22 3.23E-17 1.00E-15 2.96E-15
 4.98E-15 8.16E-15 1.18E-14 1.54E-14 1.72E-14 1.75E-14
 1.00E-74 1.00E-74 5.73E-46 6.82E-30 6.57E-22 3.23E-17 1.00E-15 2.96E-15
 4.98E-15 8.16E-15 1.18E-14 1.54E-14 1.72E-14 1.75E-14
 1.00E-74 1.00E-74 5.77E-46 6.82E-30 6.57E-22 3.23E-17 1.00E-15 2.96E-15
 4.98E-15 8.16E-15 1.18E-14 1.54E-14 1.72E-14 1.75E-14
  4.72799    7  14 /pl=01:ss=64:pb= 1:sz=64/type=excit/ispb = t/isel =   29
 1.00E+10 1.00E+11 1.00E+12 1.00E+13 1.00E+14 1.00E+15 1.00E+16
 7.28E+01 1.09E+02 1.82E+02 3.64E+02 7.28E+02 1.82E+03 3.64E+03 5.46E+03
 7.28E+03 1.09E+04 1.82E+04 3.64E+04 7.28E+04 1.09E+05
 1.00E-74 1.00E-74 1.00E-74 6.97E-31 3.60E-22 4.77E-17 2.02E-15 6.55E-15
 1.14E-14 1.89E-14 2.68E-14 3.21E-14 3.23E-14 3.10E-14
 1.00E-74 1.00E-74 1.00E-74 6.97E-31 3.60E-22 4.77E-17 2.02E-15 6.55E-15
 1.14E-14 1.89E-14 2.68E-14 3.21E-14 3.23E-14 3.10E-14
 1.00E-74 1.00E-74 1.00E-74 6.97E-31 3.60E-22 4.77E-17 2.02E-15 6.55E-15
 1.14E-14 1.89E-14 2.68E-14 3.21E-14 3.23E-14 3.10E-14
 1.00E-74 1.00E-74 1.00E-74 6.97E-31 3.60E-22 4.77E-17 2.02E-15 6.55E-15
 1.14E-14 1.89E-14 2.68E-14 3.21E-14 3.23E-14 3.10E-14
 1.00E-74 1.00E-74 1.00E-74 6.97E-31 3.60E-22 4.77E-17 2.02E-15 6.55E-15
 1.14E-14 1.89E-14 2.68E-14 3.21E-14 3.23E-14 3.10E-14
 1.00E-74 1.00E-74 1.00E-74 6.97E-31 3.60E-22 4.77E-17 2.02E-15 6.55E-15
 1.14E-14 1.89E-14 2.68E-14 3.21E-14 3.23E-14 3.10E-14
 1.00E-74 1.00E-74 1.36E-48 6.97E-31 3.60E-22 4.77E-17 2.02E-15 6.55E-15
 1.14E-14 1.89E-14 2.68E-14 3.21E-14 3.23E-14 3.10E-14
  4.96780    7  14 /pl=01:ss=64:pb= 1:sz=64/type=excit/ispb = t/isel =   30
 1.00E+10 1.00E+11 1.00E+12 1.00E+13 1.00E+14 1.00E+15 1.00E+16
 7.28E+01 1.09E+02 1.82E+02 3.64E+02 7.28E+02 1.82E+03 3.64E+03 5.46E+03
 7.28E+03 1.09E+04 1.82E+04 3.64E+04 7.28E+04 1.09E+05
 1.00E-74 1.00E-74 1.00E-74 3.14E-31 1.64E-22 2.20E-17 9.28E-16 2.99E-15
 5.18E-15 8.51E-15 1.17E-14 1.33E-14 1.23E-14 1.11E-14
 1.00E-74 1.00E-74 1.00E-74 3.14E-31 1.64E-22 2.20E-17 9.28E-16 2.99E-15
 5.18E-15 8.51E-15 1.17E-14 1.33E-14 1.23E-14 1.11E-14
 1.00E-74 1.00E-74 1.00E-74 3.14E-31 1.64E-22 2.20E-17 9.28E-16 2.99E-15
 5.18E-15 8.51E-15 1.17E-14 1.33E-14 1.23E-14 1.11E-14
 1.00E-74 1.00E-74 1.00E-74 3.14E-31 1.64E-22 2.20E-17 9.28E-16 2.99E-15
 5.18E-15 8.51E-15 1.17E-14 1.33E-14 1.23E-14 1.11E-14
 1.00E-74 1.00E-74 1.00E-74 3.14E-31 1.64E-22 2.20E-17 9.28E-16 2.99E-15
 5.18E-15 8.51E-15 1.17E-14 1.33E-14 1.23E-14 1.11E-14
 1.00E-74 1.00E-74 1.00E-74 3.14E-31 1.64E-22 2.20E-17 9.28E-16 2.99E-15
 5.18E-15 8.51E-15 1.17E-14 1.33E-14 1.23E-14 1.11E-14
 1.00E-74 1.00E-74 1.00E-74 3.14E-31 1.64E-22 2.20E-17 9.28E-16 2.99E-15
 5.18E-15 8.51E-15 1.17E-14 1.33E-14 1.23E-14 1.11E-14
  5.35149    7  14 /pl=01:ss=64:pb= 1:sz=64/type=excit/ispb = t/isel =   31
 1.00E+10 1.00E+11 1.00E+12 1.00E+13 1.00E+14 1.00E+15 1.00E+16
 7.28E+01 1.09E+02 1.82E+02 3.64E+02 7.28E+02 1.82E+03 3.64E+03 5.46E+03
 7.28E+03 1.09E+04 1.82E+04 3.64E+04 7.28E+04 1.09E+05
 1.00E-74 1.00E-74 1.00E-74 1.30E-30 3.59E-22 3.28E-17 1.22E-15 3.76E-15
 6.33E-15 1.01E-14 1.35E-14 1.47E-14 1.32E-14 1.18E-14
 1.00E-74 1.00E-74 1.00E-74 1.30E-30 3.59E-22 3.28E-17 1.22E-15 3.76E-15
 6.33E-15 1.01E-14 1.35E-14 1.47E-14 1.32E-14 1.18E-14
 1.00E-74 1.00E-74 1.00E-74 1.30E-30 3.59E-22 3.28E-17 1.22E-15 3.76E-15
 6.33E-15 1.01E-14 1.35E-14 1.47E-14 1.32E-14 1.18E-14
 1.00E-74 1.00E-74 1.00E-74 1.30E-30 3.59E-22 3.28E-17 1.22E-15 3.76E-15
 6.33E-15 1.01E-14 1.35E-14 1.47E-14 1.32E-14 1.18E-14
 1.00E-74 1.00E-74 1.00E-74 1.30E-30 3.59E-22 3.28E-17 1.22E-15 3.76E-15
 6.33E-15 1.01E-14 1.35E-14 1.47E-14 1.32E-14 1.18E-14
 1.00E-74 1.00E-74 9.89E-48 1.30E-30 3.59E-22 3.28E-17 1.22E-15 3.76E-15
 6.33E-15 1.01E-14 1.35E-14 1.47E-14 1.32E-14 1.18E-14
 1.00E-74 1.00E-74 1.29E-47 1.30E-30 3.59E-22 3.28E-17 1.22E-15 3.76E-15
 6.33E-15 1.01E-14 1.35E-14 1.47E-14 1.32E-14 1.18E-14
  5.66468    7  14 /pl=01:ss=64:pb= 1:sz=64/type=excit/ispb = t/isel =   32
 1.00E+10 1.00E+11 1.00E+12 1.00E+13 1.00E+14 1.00E+15 1.00E+16
 7.28E+01 1.09E+02 1.82E+02 3.64E+02 7.28E+02 1.82E+03 3.64E+03 5.46E+03
 7.28E+03 1.09E+04 1.82E+04 3.64E+04 7.28E+04 1.09E+05
 1.00E-74 1.00E-74 1.00E-74 4.13E-30 1.18E-21 1.10E-16 4.18E-15 1.30E-14
 2.22E-14 3.62E-14 5.07E-14 6.02E-14 6.00E-14 5.79E-14
 1.00E-74 1.00E-74 1.00E-74 4.13E-30 1.18E-21 1.10E-16 4.18E-15 1.30E-14
 2.22E-14 3.62E-14 5.07E-14 6.02E-14 6.00E-14 5.79E-14
 1.00E-74 1.00E-74 1.00E-74 4.13E-30 1.18E-21 1.10E-16 4.18E-15 1.30E-14
 2.22E-14 3.62E-14 5.07E-14 6.02E-14 6.00E-14 5.79E-14
 1.00E-74 1.00E-74 1.00E-74 4.13E-30 1.18E-21 1.10E-16 4.18E-15 1.30E-14
 2.22E-14 3.62E-14 5.07E-14 6.02E-14 6.00E-14 5.79E-14
 1.00E-74 1.00E-74 1.00E-74 4.13E-30 1.18E-21 1.10E-16 4.18E-15 1.30E-14
 2.22E-14 3.62E-14 5.07E-14 6.02E-14 6.00E-14 5.79E-14
 1.00E-74 1.00E-74 4.26E-47 4.13E-30 1.18E-21 1.10E-16 4.18E-15 1.30E-14
 2.22E-14 3.62E-14 5.07E-14 6.02E-14 6.00E-14 5.79E-14
 1.00E-74 1.00E-74 3.62E-47 4.13E-30 1.18E-21 1.10E-16 4.18E-15 1.30E-14
 2.22E-14 3.62E-14 5.07E-14 6.02E-14 6.00E-14 5.79E-14
  5.99373    7  14 /pl=01:ss=64:pb= 1:sz=64/type=excit/ispb = t/isel =   33
 1.00E+10 1.00E+11 1.00E+12 1.00E+13 1.00E+14 1.00E+15 1.00E+16
 7.28E+01 1.09E+02 1.82E+02 3.64E+02 7.28E+02 1.82E+03 3.64E+03 5.46E+03
 7.28E+03 1.09E+04 1.82E+04 3.64E+04 7.28E+04 1.09E+05
 1.00E-74 1.00E-74 1.00E-74 1.80E-30 5.28E-22 4.99E-17 1.88E-15 5.84E-15
 9.92E-15 1.61E-14 2.19E-14 2.45E-14 2.27E-14 2.05E-14
 1.00E-74 1.00E-74 1.00E-74 1.80E-30 5.28E-22 4.99E-17 1.88E-15 5.84E-15
 9.92E-15 1.61E-14 2.19E-14 2.45E-14 2.27E-14 2.05E-14
 1.00E-74 1.00E-74 1.00E-74 1.80E-30 5.28E-22 4.99E-17 1.88E-15 5.84E-15
 9.92E-15 1.61E-14 2.19E-14 2.45E-14 2.27E-14 2.05E-14
 1.00E-74 1.00E-74 1.00E-74 1.80E-30 5.28E-22 4.99E-17 1.88E-15 5.84E-15
 9.92E-15 1.61E-14 2.19E-14 2.45E-14 2.27E-14 2.05E-14
 1.00E-74 1.00E-74 1.00E-74 1.80E-30 5.28E-22 4.99E-17 1.88E-15 5.84E-15
 9.92E-15 1.61E-14 2.19E-14 2.45E-14 2.27E-14 2.05E-14
 1.00E-74 1.00E-74 1.00E-74 1.80E-30 5.28E-22 4.99E-17 1.88E-15 5.84E-15
 9.92E-15 1.61E-14 2.19E-14 2.45E-14 2.27E-14 2.05E-14
 1.00E-74 1.00E-74 1.36E-47 1.80E-30 5.28E-22 4.99E-17 1.88E-15 5.84E-15
 9.92E-15 1.61E-14 2.19E-14 2.45E-14 2.27E-14 2.05E-14
  6.16161    7  14 /pl=01:ss=64:pb= 1:sz=64/type=excit/ispb = t/isel =   34
 1.00E+10 1.00E+11 1.00E+12 1.00E+13 1.00E+14 1.00E+15 1.00E+16
 7.28E+01 1.09E+02 1.82E+02 3.64E+02 7.28E+02 1.82E+03 3.64E+03 5.46E+03
 7.28E+03 1.09E+04 1.82E+04 3.64E+04 7.28E+04 1.09E+05
 1.00E-74 1.00E-74 1.00E-74 5.77E-31 1.60E-22 1.46E-17 5.44E-16 1.67E-15
 2.82E-15 4.50E-15 6.01E-15 6.52E-15 5.85E-15 5.23E-15
 1.00E-74 1.00E-74 1.00E-74 5.77E-31 1.60E-22 1.46E-17 5.44E-16 1.67E-15
 2.82E-15 4.50E-15 6.01E-15 6.52E-15 5.85E-15 5.23E-15
 1.00E-74 1.00E-74 1.00E-74 5.77E-31 1.60E-22 1.46E-17 5.44E-16 1.67E-15
 2.82E-15 4.50E-15 6.01E-15 6.52E-15 5.85E-15 5.23E-15
 1.00E-74 1.00E-74 1.00E-74 5.77E-31 1.60E-22 1.46E-17 5.44E-16 1.67E-15
 2.82E-15 4.50E-15 6.01E-15 6.52E-15 5.85E-15 5.23E-15
 1.00E-74 1.00E-74 1.00E-74 5.77E-31 1.60E-22 1.46E-17 5.44E-16 1.67E-15
 2.82E-15 4.50E-15 6.01E-15 6.52E-15 5.85E-15 5.23E-15
 1.00E-74 1.00E-74 4.40E-48 5.77E-31 1.60E-22 1.46E-17 5.44E-16 1.67E-15
 2.82E-15 4.50E-15 6.01E-15 6.52E-15 5.85E-15 5.23E-15
 1.00E-74 1.00E-74 5.72E-48 5.77E-31 1.60E-22 1.46E-17 5.44E-16 1.67E-15
 2.82E-15 4.50E-15 6.01E-15 6.52E-15 5.85E-15 5.23E-15
  7.91510    7  14 /pl=01:ss=64:pb= 1:sz=64/type=excit/ispb = t/isel =   35
 1.00E+10 1.00E+11 1.00E+12 1.00E+13 1.00E+14 1.00E+15 1.00E+16
 7.28E+01 1.09E+02 1.82E+02 3.64E+02 7.28E+02 1.82E+03 3.64E+03 5.46E+03
 7.28E+03 1.09E+04 1.82E+04 3.64E+04 7.28E+04 1.09E+05
 1.00E-74 1.00E-74 1.00E-74 2.19E-29 2.22E-21 1.15E-16 3.62E-15 1.05E-14
 1.73E-14 2.69E-14 3.55E-14 3.85E-14 3.49E-14 3.15E-14
 1.00E-74 1.00E-74 1.00E-74 2.19E-29 2.22E-21 1.15E-16 3.62E-15 1.05E-14
 1.73E-14 2.69E-14 3.55E-14 3.85E-14 3.49E-14 3.15E-14
 1.00E-74 1.00E-74 1.00E-74 2.19E-29 2.22E-21 1.15E-16 3.62E-15 1.05E-14
 1.73E-14 2.69E-14 3.55E-14 3.85E-14 3.49E-14 3.15E-14
 1.00E-74 1.00E-74 1.51E-45 2.19E-29 2.22E-21 1.15E-16 3.62E-15 1.05E-14
 1.73E-14 2.69E-14 3.55E-14 3.85E-14 3.49E-14 3.15E-14
 1.00E-74 1.00E-74 1.66E-45 2.19E-29 2.22E-21 1.15E-16 3.62E-15 1.05E-14
 1.73E-14 2.69E-14 3.55E-14 3.85E-14 3.49E-14 3.15E-14
 1.00E-74 1.00E-74 1.65E-45 2.19E-29 2.22E-21 1.15E-16 3.62E-15 1.05E-14
 1.73E-14 2.69E-14 3.55E-14 3.85E-14 3.49E-14 3.15E-14
 1.00E-74 1.00E-74 1.64E-45 2.19E-29 2.22E-21 1.15E-16 3.62E-15 1.05E-14
 1.73E-14 2.69E-14 3.55E-14 3.85E-14 3.49E-14 3.15E-14
  8.44681    7  14 /pl=01:ss=64:pb= 1:sz=64/type=excit/ispb = t/isel =   36
 1.00E+10 1.00E+11 1.00E+12 1.00E+13 1.00E+14 1.00E+15 1.00E+16
 7.28E+01 1.09E+02 1.82E+02 3.64E+02 7.28E+02 1.82E+03 3.64E+03 5.46E+03
 7.28E+03 1.09E+04 1.82E+04 3.64E+04 7.28E+04 1.09E+05
 1.00E-74 1.00E-74 1.00E-74 5.99E-29 6.43E-21 3.34E-16 1.04E-14 3.05E-14
 5.06E-14 8.04E-14 1.10E-13 1.29E-13 1.28E-13 1.23E-13
 1.00E-74 1.00E-74 1.00E-74 5.99E-29 6.43E-21 3.34E-16 1.04E-14 3.05E-14
 5.06E-14 8.04E-14 1.10E-13 1.29E-13 1.28E-13 1.23E-13
 1.00E-74 1.00E-74 1.00E-74 5.99E-29 6.43E-21 3.34E-16 1.04E-14 3.05E-14
 5.06E-14 8.04E-14 1.10E-13 1.29E-13 1.28E-13 1.23E-13
 1.00E-74 1.00E-74 3.39E-45 5.99E-29 6.43E-21 3.34E-16 1.04E-14 3.05E-14
 5.06E-14 8.04E-14 1.10E-13 1.29E-13 1.28E-13 1.23E-13
 1.00E-74 1.00E-74 3.73E-45 5.99E-29 6.43E-21 3.34E-16 1.04E-14 3.05E-14
 5.06E-14 8.04E-14 1.10E-13 1.29E-13 1.28E-13 1.23E-13
 1.00E-74 1.00E-74 3.80E-45 5.99E-29 6.43E-21 3.34E-16 1.04E-14 3.05E-14
 5.06E-14 8.04E-14 1.10E-13 1.29E-13 1.28E-13 1.23E-13
 1.00E-74 1.00E-74 3.79E-45 5.99E-29 6.43E-21 3.34E-16 1.04E-14 3.05E-14
 5.06E-14 8.04E-14 1.10E-13 1.29E-13 1.28E-13 1.23E-13
  9.11333    7  14 /pl=01:ss=64:pb= 1:sz=64/type=excit/ispb = t/isel =   37
 1.00E+10 1.00E+11 1.00E+12 1.00E+13 1.00E+14 1.00E+15 1.00E+16
 7.28E+01 1.09E+02 1.82E+02 3.64E+02 7.28E+02 1.82E+03 3.64E+03 5.46E+03
 7.28E+03 1.09E+04 1.82E+04 3.64E+04 7.28E+04 1.09E+05
 1.00E-74 1.00E-74 1.00E-74 2.46E-29 2.73E-21 1.45E-16 4.53E-15 1.32E-14
 2.17E-14 3.41E-14 4.55E-14 5.02E-14 4.62E-14 4.18E-14
 1.00E-74 1.00E-74 1.00E-74 2.46E-29 2.73E-21 1.45E-16 4.53E-15 1.32E-14
 2.17E-14 3.41E-14 4.55E-14 5.02E-14 4.62E-14 4.18E-14
 1.00E-74 1.00E-74 1.00E-74 2.46E-29 2.73E-21 1.45E-16 4.53E-15 1.32E-14
 2.17E-14 3.41E-14 4.55E-14 5.02E-14 4.62E-14 4.18E-14
 1.00E-74 1.00E-74 1.00E-74 2.46E-29 2.73E-21 1.45E-16 4.53E-15 1.32E-14
 2.17E-14 3.41E-14 4.55E-14 5.02E-14 4.62E-14 4.18E-14
 1.00E-74 1.00E-74 1.31E-45 2.46E-29 2.73E-21 1.45E-16 4.53E-15 1.32E-14
 2.17E-14 3.41E-14 4.55E-14 5.02E-14 4.62E-14 4.18E-14
 1.00E-74 1.00E-74 1.44E-45 2.46E-29 2.73E-21 1.45E-16 4.53E-15 1.32E-14
 2.17E-14 3.41E-14 4.55E-14 5.02E-14 4.62E-14 4.18E-14
 1.00E-74 1.00E-74 1.44E-45 2.46E-29 2.73E-21 1.45E-16 4.53E-15 1.32E-14
 2.17E-14 3.41E-14 4.55E-14 5.02E-14 4.62E-14 4.18E-14
  9.42807    7  14 /pl=01:ss=64:pb= 1:sz=64/type=excit/ispb = t/isel =   38
 1.00E+10 1.00E+11 1.00E+12 1.00E+13 1.00E+14 1.00E+15 1.00E+16
 7.28E+01 1.09E+02 1.82E+02 3.64E+02 7.28E+02 1.82E+03 3.64E+03 5.46E+03
 7.28E+03 1.09E+04 1.82E+04 3.64E+04 7.28E+04 1.09E+05
 1.00E-74 1.00E-74 1.00E-74 5.49E-30 5.29E-22 2.82E-17 9.09E-16 2.69E-15
 4.48E-15 7.14E-15 9.79E-15 1.15E-14 1.15E-14 1.10E-14
 1.00E-74 1.00E-74 1.00E-74 5.49E-30 5.29E-22 2.82E-17 9.09E-16 2.69E-15
 4.48E-15 7.14E-15 9.79E-15 1.15E-14 1.15E-14 1.10E-14
 1.00E-74 1.00E-74 1.00E-74 5.49E-30 5.29E-22 2.82E-17 9.09E-16 2.69E-15
 4.48E-15 7.14E-15 9.79E-15 1.15E-14 1.15E-14 1.10E-14
 1.00E-74 1.00E-74 1.00E-74 5.49E-30 5.29E-22 2.82E-17 9.09E-16 2.69E-15
 4.48E-15 7.14E-15 9.79E-15 1.15E-14 1.15E-14 1.10E-14
 1.00E-74 1.00E-74 6.39E-46 5.49E-30 5.29E-22 2.82E-17 9.09E-16 2.69E-15
 4.48E-15 7.14E-15 9.79E-15 1.15E-14 1.15E-14 1.10E-14
 1.00E-74 1.00E-74 5.11E-46 5.49E-30 5.29E-22 2.82E-17 9.09E-16 2.69E-15
 4.48E-15 7.14E-15 9.79E-15 1.15E-14 1.15E-14 1.10E-14
 1.00E-74 1.00E-74 5.08E-46 5.49E-30 5.29E-22 2.82E-17 9.09E-16 2.69E-15
 4.48E-15 7.14E-15 9.79E-15 1.15E-14 1.15E-14 1.10E-14
  9.75510    7  14 /pl=01:ss=64:pb= 1:sz=64/type=excit/ispb = t/isel =   39
 1.00E+10 1.00E+11 1.00E+12 1.00E+13 1.00E+14 1.00E+15 1.00E+16
 7.28E+01 1.09E+02 1.82E+02 3.64E+02 7.28E+02 1.82E+03 3.64E+03 5.46E+03
 7.28E+03 1.09E+04 1.82E+04 3.64E+04 7.28E+04 1.09E+05
 1.00E-74 1.00E-74 1.00E-74 3.37E-30 3.62E-22 1.88E-17 5.87E-16 1.71E-15
 2.84E-15 4.52E-15 6.18E-15 7.23E-15 7.22E-15 6.93E-15
 1.00E-74 1.00E-74 1.00E-74 3.37E-30 3.62E-22 1.88E-17 5.87E-16 1.71E-15
 2.84E-15 4.52E-15 6.18E-15 7.23E-15 7.22E-15 6.93E-15
 1.00E-74 1.00E-74 1.00E-74 3.37E-30 3.62E-22 1.88E-17 5.87E-16 1.71E-15
 2.84E-15 4.52E-15 6.18E-15 7.23E-15 7.22E-15 6.93E-15
 1.00E-74 1.00E-74 1.91E-46 3.37E-30 3.62E-22 1.88E-17 5.87E-16 1.71E-15
 2.84E-15 4.52E-15 6.18E-15 7.23E-15 7.22E-15 6.93E-15
 1.00E-74 1.00E-74 2.10E-46 3.37E-30 3.62E-22 1.88E-17 5.87E-16 1.71E-15
 2.84E-15 4.52E-15 6.18E-15 7.23E-15 7.22E-15 6.93E-15
 1.00E-74 1.00E-74 2.13E-46 3.37E-30 3.62E-22 1.88E-17 5.87E-16 1.71E-15
 2.84E-15 4.52E-15 6.18E-15 7.23E-15 7.22E-15 6.93E-15
 1.00E-74 1.00E-74 2.13E-46 3.37E-30 3.62E-22 1.88E-17 5.87E-16 1.71E-15
 2.84E-15 4.52E-15 6.18E-15 7.23E-15 7.22E-15 6.93E-15
  9.82588    7  14 /pl=01:ss=64:pb= 1:sz=64/type=excit/ispb = t/isel =   40
 1.00E+10 1.00E+11 1.00E+12 1.00E+13 1.00E+14 1.00E+15 1.00E+16
 7.28E+01 1.09E+02 1.82E+02 3.64E+02 7.28E+02 1.82E+03 3.64E+03 5.46E+03
 7.28E+03 1.09E+04 1.82E+04 3.64E+04 7.28E+04 1.09E+05
 1.00E-74 1.00E-74 1.00E-74 1.32E-29 1.34E-21 6.95E-17 2.18E-15 6.34E-15
 1.04E-14 1.62E-14 2.14E-14 2.32E-14 2.10E-14 1.90E-14
 1.00E-74 1.00E-74 1.00E-74 1.32E-29 1.34E-21 6.95E-17 2.18E-15 6.34E-15
 1.04E-14 1.62E-14 2.14E-14 2.32E-14 2.10E-14 1.90E-14
 1.00E-74 1.00E-74 1.00E-74 1.32E-29 1.34E-21 6.95E-17 2.18E-15 6.34E-15
 1.04E-14 1.62E-14 2.14E-14 2.32E-14 2.10E-14 1.90E-14
 1.00E-74 1.00E-74 9.12E-46 1.32E-29 1.34E-21 6.95E-17 2.18E-15 6.34E-15
 1.04E-14 1.62E-14 2.14E-14 2.32E-14 2.10E-14 1.90E-14
 1.00E-74 1.00E-74 1.00E-45 1.32E-29 1.34E-21 6.95E-17 2.18E-15 6.34E-15
 1.04E-14 1.62E-14 2.14E-14 2.32E-14 2.10E-14 1.90E-14
 1.00E-74 1.00E-74 9.94E-46 1.32E-29 1.34E-21 6.95E-17 2.18E-15 6.34E-15
 1.04E-14 1.62E-14 2.14E-14 2.32E-14 2.10E-14 1.90E-14
 1.00E-74 1.00E-74 9.91E-46 1.32E-29 1.34E-21 6.95E-17 2.18E-15 6.34E-15
 1.04E-14 1.62E-14 2.14E-14 2.32E-14 2.10E-14 1.90E-14
  10.1360    7  14 /pl=01:ss=64:pb= 1:sz=64/type=excit/ispb = t/isel =   41
 1.00E+10 1.00E+11 1.00E+12 1.00E+13 1.00E+14 1.00E+15 1.00E+16
 7.28E+01 1.09E+02 1.82E+02 3.64E+02 7.28E+02 1.82E+03 3.64E+03 5.46E+03
 7.28E+03 1.09E+04 1.82E+04 3.64E+04 7.28E+04 1.09E+05
 1.00E-74 1.00E-74 1.00E-74 3.44E-31 1.78E-22 2.35E-17 9.99E-16 3.23E-15
 5.61E-15 9.33E-15 1.32E-14 1.58E-14 1.59E-14 1.53E-14
 1.00E-74 1.00E-74 1.00E-74 3.44E-31 1.78E-22 2.35E-17 9.99E-16 3.23E-15
 5.61E-15 9.33E-15 1.32E-14 1.58E-14 1.59E-14 1.53E-14
 1.00E-74 1.00E-74 1.00E-74 3.44E-31 1.78E-22 2.35E-17 9.99E-16 3.23E-15
 5.61E-15 9.33E-15 1.32E-14 1.58E-14 1.59E-14 1.53E-14
 1.00E-74 1.00E-74 1.00E-74 3.44E-31 1.78E-22 2.35E-17 9.99E-16 3.23E-15
 5.61E-15 9.33E-15 1.32E-14 1.58E-14 1.59E-14 1.53E-14
 1.00E-74 1.00E-74 1.00E-74 3.44E-31 1.78E-22 2.35E-17 9.99E-16 3.23E-15
 5.61E-15 9.33E-15 1.32E-14 1.58E-14 1.59E-14 1.53E-14
 1.00E-74 1.00E-74 1.00E-74 3.44E-31 1.78E-22 2.35E-17 9.99E-16 3.23E-15
 5.61E-15 9.33E-15 1.32E-14 1.58E-14 1.59E-14 1.53E-14
 1.00E-74 1.00E-74 6.73E-49 3.44E-31 1.78E-22 2.35E-17 9.99E-16 3.23E-15
 5.61E-15 9.33E-15 1.32E-14 1.58E-14 1.59E-14 1.53E-14
  10.6401    7  14 /pl=01:ss=64:pb= 1:sz=64/type=excit/ispb = t/isel =   42
 1.00E+10 1.00E+11 1.00E+12 1.00E+13 1.00E+14 1.00E+15 1.00E+16
 7.28E+01 1.09E+02 1.82E+02 3.64E+02 7.28E+02 1.82E+03 3.64E+03 5.46E+03
 7.28E+03 1.09E+04 1.82E+04 3.64E+04 7.28E+04 1.09E+05
 1.00E-74 1.00E-74 1.00E-74 1.78E-31 9.34E-23 1.25E-17 5.27E-16 1.70E-15
 2.94E-15 4.83E-15 6.65E-15 7.55E-15 6.96E-15 6.31E-15
 1.00E-74 1.00E-74 1.00E-74 1.78E-31 9.34E-23 1.25E-17 5.27E-16 1.70E-15
 2.94E-15 4.83E-15 6.65E-15 7.55E-15 6.96E-15 6.31E-15
 1.00E-74 1.00E-74 1.00E-74 1.78E-31 9.34E-23 1.25E-17 5.27E-16 1.70E-15
 2.94E-15 4.83E-15 6.65E-15 7.55E-15 6.96E-15 6.31E-15
 1.00E-74 1.00E-74 1.00E-74 1.78E-31 9.34E-23 1.25E-17 5.27E-16 1.70E-15
 2.94E-15 4.83E-15 6.65E-15 7.55E-15 6.96E-15 6.31E-15
 1.00E-74 1.00E-74 1.00E-74 1.78E-31 9.34E-23 1.25E-17 5.27E-16 1.70E-15
 2.94E-15 4.83E-15 6.65E-15 7.55E-15 6.96E-15 6.31E-15
 1.00E-74 1.00E-74 1.00E-74 1.78E-31 9.34E-23 1.25E-17 5.27E-16 1.70E-15
 2.94E-15 4.83E-15 6.65E-15 7.55E-15 6.96E-15 6.31E-15
 1.00E-74 1.00E-74 1.00E-74 1.78E-31 9.34E-23 1.25E-17 5.27E-16 1.70E-15
 2.94E-15 4.83E-15 6.65E-15 7.55E-15 6.96E-15 6.31E-15
  14.8578    7  14 /pl=01:ss=64:pb= 1:sz=64/type=excit/ispb = t/isel =   43
 1.00E+10 1.00E+11 1.00E+12 1.00E+13 1.00E+14 1.00E+15 1.00E+16
 7.28E+01 1.09E+02 1.82E+02 3.64E+02 7.28E+02 1.82E+03 3.64E+03 5.46E+03
 7.28E+03 1.09E+04 1.82E+04 3.64E+04 7.28E+04 1.09E+05
 1.00E-74 1.00E-74 1.00E-74 6.03E-31 1.67E-22 1.52E-17 5.68E-16 1.75E-15
 2.94E-15 4.70E-15 6.28E-15 6.81E-15 6.12E-15 5.46E-15
 1.00E-74 1.00E-74 1.00E-74 6.03E-31 1.67E-22 1.52E-17 5.68E-16 1.75E-15
 2.94E-15 4.70E-15 6.28E-15 6.81E-15 6.12E-15 5.46E-15
 1.00E-74 1.00E-74 1.00E-74 6.03E-31 1.67E-22 1.52E-17 5.68E-16 1.75E-15
 2.94E-15 4.70E-15 6.28E-15 6.81E-15 6.12E-15 5.46E-15
 1.00E-74 1.00E-74 1.00E-74 6.03E-31 1.67E-22 1.52E-17 5.68E-16 1.75E-15
 2.94E-15 4.70E-15 6.28E-15 6.81E-15 6.12E-15 5.46E-15
 1.00E-74 1.00E-74 1.00E-74 6.03E-31 1.67E-22 1.52E-17 5.68E-16 1.75E-15
 2.94E-15 4.70E-15 6.28E-15 6.81E-15 6.12E-15 5.46E-15
 1.00E-74 1.00E-74 4.60E-48 6.03E-31 1.67E-22 1.52E-17 5.68E-16 1.75E-15
 2.94E-15 4.70E-15 6.28E-15 6.81E-15 6.12E-15 5.46E-15
 1.00E-74 1.00E-74 5.98E-48 6.03E-31 1.67E-22 1.52E-17 5.68E-16 1.75E-15
 2.94E-15 4.70E-15 6.28E-15 6.81E-15 6.12E-15 5.46E-15
  15.7025    7  14 /pl=01:ss=64:pb= 1:sz=64/type=excit/ispb = t/isel =   44
 1.00E+10 1.00E+11 1.00E+12 1.00E+13 1.00E+14 1.00E+15 1.00E+16
 7.28E+01 1.09E+02 1.82E+02 3.64E+02 7.28E+02 1.82E+03 3.64E+03 5.46E+03
 7.28E+03 1.09E+04 1.82E+04 3.64E+04 7.28E+04 1.09E+05
 1.00E-74 1.00E-74 1.00E-74 1.85E-30 5.32E-22 4.96E-17 1.88E-15 5.84E-15
 9.95E-15 1.63E-14 2.27E-14 2.70E-14 2.69E-14 2.60E-14
 1.00E-74 1.00E-74 1.00E-74 1.85E-30 5.32E-22 4.96E-17 1.88E-15 5.84E-15
 9.95E-15 1.63E-14 2.27E-14 2.70E-14 2.69E-14 2.60E-14
 1.00E-74 1.00E-74 1.00E-74 1.85E-30 5.32E-22 4.96E-17 1.88E-15 5.84E-15
 9.95E-15 1.63E-14 2.27E-14 2.70E-14 2.69E-14 2.60E-14
 1.00E-74 1.00E-74 1.00E-74 1.85E-30 5.32E-22 4.96E-17 1.88E-15 5.84E-15
 9.95E-15 1.63E-14 2.27E-14 2.70E-14 2.69E-14 2.60E-14
 1.00E-74 1.00E-74 1.00E-74 1.85E-30 5.32E-22 4.96E-17 1.88E-15 5.84E-15
 9.95E-15 1.63E-14 2.27E-14 2.70E-14 2.69E-14 2.60E-14
 1.00E-74 1.00E-74 1.91E-47 1.85E-30 5.32E-22 4.96E-17 1.88E-15 5.84E-15
 9.95E-15 1.63E-14 2.27E-14 2.70E-14 2.69E-14 2.60E-14
 1.00E-74 1.00E-74 1.62E-47 1.85E-30 5.32E-22 4.96E-17 1.88E-15 5.84E-15
 9.95E-15 1.63E-14 2.27E-14 2.70E-14 2.69E-14 2.60E-14
  16.7985    7  14 /pl=01:ss=64:pb= 1:sz=64/type=excit/ispb = t/isel =   45
 1.00E+10 1.00E+11 1.00E+12 1.00E+13 1.00E+14 1.00E+15 1.00E+16
 7.28E+01 1.09E+02 1.82E+02 3.64E+02 7.28E+02 1.82E+03 3.64E+03 5.46E+03
 7.28E+03 1.09E+04 1.82E+04 3.64E+04 7.28E+04 1.09E+05
 1.00E-74 1.00E-74 1.00E-74 9.47E-31 2.77E-22 2.62E-17 9.89E-16 3.07E-15
 5.21E-15 8.43E-15 1.15E-14 1.29E-14 1.19E-14 1.08E-14
 1.00E-74 1.00E-74 1.00E-74 9.47E-31 2.77E-22 2.62E-17 9.89E-16 3.07E-15
 5.21E-15 8.43E-15 1.15E-14 1.29E-14 1.19E-14 1.08E-14
 1.00E-74 1.00E-74 1.00E-74 9.47E-31 2.77E-22 2.62E-17 9.89E-16 3.07E-15
 5.21E-15 8.43E-15 1.15E-14 1.29E-14 1.19E-14 1.08E-14
 1.00E-74 1.00E-74 1.00E-74 9.47E-31 2.77E-22 2.62E-17 9.89E-16 3.07E-15
 5.21E-15 8.43E-15 1.15E-14 1.29E-14 1.19E-14 1.08E-14
 1.00E-74 1.00E-74 1.00E-74 9.47E-31 2.77E-22 2.62E-17 9.89E-16 3.07E-15
 5.21E-15 8.43E-15 1.15E-14 1.29E-14 1.19E-14 1.08E-14
 1.00E-74 1.00E-74 1.00E-74 9.47E-31 2.77E-22 2.62E-17 9.89E-16 3.07E-15
 5.21E-15 8.43E-15 1.15E-14 1.29E-14 1.19E-14 1.08E-14
 1.00E-74 1.00E-74 7.12E-48 9.47E-31 2.77E-22 2.62E-17 9.89E-16 3.07E-15
 5.21E-15 8.43E-15 1.15E-14 1.29E-14 1.19E-14 1.08E-14
  18.1873    7  14 /pl=01:ss=64:pb= 1:sz=64/type=excit/ispb = t/isel =   46
 1.00E+10 1.00E+11 1.00E+12 1.00E+13 1.00E+14 1.00E+15 1.00E+16
 7.28E+01 1.09E+02 1.82E+02 3.64E+02 7.28E+02 1.82E+03 3.64E+03 5.46E+03
 7.28E+03 1.09E+04 1.82E+04 3.64E+04 7.28E+04 1.09E+05
 1.00E-74 1.00E-74 1.00E-74 5.74E-31 1.59E-22 1.45E-17 5.40E-16 1.66E-15
 2.80E-15 4.47E-15 5.98E-15 6.48E-15 5.82E-15 5.20E-15
 1.00E-74 1.00E-74 1.00E-74 5.74E-31 1.59E-22 1.45E-17 5.40E-16 1.66E-15
 2.80E-15 4.47E-15 5.98E-15 6.48E-15 5.82E-15 5.20E-15
 1.00E-74 1.00E-74 1.00E-74 5.74E-31 1.59E-22 1.45E-17 5.40E-16 1.66E-15
 2.80E-15 4.47E-15 5.98E-15 6.48E-15 5.82E-15 5.20E-15
 1.00E-74 1.00E-74 1.00E-74 5.74E-31 1.59E-22 1.45E-17 5.40E-16 1.66E-15
 2.80E-15 4.47E-15 5.98E-15 6.48E-15 5.82E-15 5.20E-15
 1.00E-74 1.00E-74 1.00E-74 5.74E-31 1.59E-22 1.45E-17 5.40E-16 1.66E-15
 2.80E-15 4.47E-15 5.98E-15 6.48E-15 5.82E-15 5.20E-15
 1.00E-74 1.00E-74 4.37E-48 5.74E-31 1.59E-22 1.45E-17 5.40E-16 1.66E-15
 2.80E-15 4.47E-15 5.98E-15 6.48E-15 5.82E-15 5.20E-15
 1.00E-74 1.00E-74 5.68E-48 5.74E-31 1.59E-22 1.45E-17 5.40E-16 1.66E-15
 2.80E-15 4.47E-15 5.98E-15 6.48E-15 5.82E-15 5.20E-15
  26.2226    7  14 /pl=01:ss=64:pb= 1:sz=64/type=excit/ispb = t/isel =   47
 1.00E+10 1.00E+11 1.00E+12 1.00E+13 1.00E+14 1.00E+15 1.00E+16
 7.28E+01 1.09E+02 1.82E+02 3.64E+02 7.28E+02 1.82E+03 3.64E+03 5.46E+03
 7.28E+03 1.09E+04 1.82E+04 3.64E+04 7.28E+04 1.09E+05
 1.00E-74 1.00E-74 1.00E-74 1.76E-31 9.10E-23 1.21E-17 5.12E-16 1.66E-15
 2.88E-15 4.78E-15 6.79E-15 8.11E-15 8.16E-15 7.84E-15
 1.00E-74 1.00E-74 1.00E-74 1.76E-31 9.10E-23 1.21E-17 5.12E-16 1.66E-15
 2.88E-15 4.78E-15 6.79E-15 8.11E-15 8.16E-15 7.84E-15
 1.00E-74 1.00E-74 1.00E-74 1.76E-31 9.10E-23 1.21E-17 5.12E-16 1.66E-15
 2.88E-15 4.78E-15 6.79E-15 8.11E-15 8.16E-15 7.84E-15
 1.00E-74 1.00E-74 1.00E-74 1.76E-31 9.10E-23 1.21E-17 5.12E-16 1.66E-15
 2.88E-15 4.78E-15 6.79E-15 8.11E-15 8.16E-15 7.84E-15
 1.00E-74 1.00E-74 1.00E-74 1.76E-31 9.10E-23 1.21E-17 5.12E-16 1.66E-15
 2.88E-15 4.78E-15 6.79E-15 8.11E-15 8.16E-15 7.84E-15
 1.00E-74 1.00E-74 1.00E-74 1.76E-31 9.10E-23 1.21E-17 5.12E-16 1.66E-15
 2.88E-15 4.78E-15 6.79E-15 8.11E-15 8.16E-15 7.84E-15
 1.00E-74 1.00E-74 3.45E-49 1.76E-31 9.10E-23 1.21E-17 5.12E-16 1.66E-15
 2.88E-15 4.78E-15 6.79E-15 8.11E-15 8.16E-15 7.84E-15
  30.4247    7  14 /pl=01:ss=64:pb= 1:sz=64/type=excit/ispb = t/isel =   48
 1.00E+10 1.00E+11 1.00E+12 1.00E+13 1.00E+14 1.00E+15 1.00E+16
 7.28E+01 1.09E+02 1.82E+02 3.64E+02 7.28E+02 1.82E+03 3.64E+03 5.46E+03
 7.28E+03 1.09E+04 1.82E+04 3.64E+04 7.28E+04 1.09E+05
 1.00E-74 1.00E-74 3.12E-33 1.84E-22 3.79E-17 5.01E-14 5.18E-13 1.08E-12
 1.53E-12 2.07E-12 2.48E-12 2.57E-12 2.34E-12 2.14E-12
 1.00E-74 1.00E-74 3.12E-33 1.84E-22 3.79E-17 5.01E-14 5.18E-13 1.08E-12
 1.53E-12 2.07E-12 2.48E-12 2.57E-12 2.34E-12 2.14E-12
 1.00E-74 1.00E-74 3.12E-33 1.84E-22 3.79E-17 5.01E-14 5.18E-13 1.08E-12
 1.53E-12 2.07E-12 2.48E-12 2.57E-12 2.34E-12 2.14E-12
 1.00E-74 1.00E-74 3.12E-33 1.84E-22 3.79E-17 5.01E-14 5.18E-13 1.08E-12
 1.53E-12 2.07E-12 2.48E-12 2.57E-12 2.34E-12 2.14E-12
 1.00E-74 1.07E-47 3.12E-33 1.84E-22 3.79E-17 5.01E-14 5.18E-13 1.08E-12
 1.53E-12 2.07E-12 2.48E-12 2.57E-12 2.34E-12 2.14E-12
 1.00E-74 1.07E-47 3.12E-33 1.84E-22 3.79E-17 5.01E-14 5.18E-13 1.08E-12
 1.53E-12 2.07E-12 2.48E-12 2.57E-12 2.34E-12 2.14E-12
 1.00E-74 1.12E-47 3.12E-33 1.84E-22 3.79E-17 5.01E-14 5.18E-13 1.08E-12
 1.53E-12 2.07E-12 2.48E-12 2.57E-12 2.34E-12 2.14E-12
  36.1377    7  14 /pl=01:ss=64:pb= 1:sz=64/type=excit/ispb = t/isel =   49
 1.00E+10 1.00E+11 1.00E+12 1.00E+13 1.00E+14 1.00E+15 1.00E+16
 7.28E+01 1.09E+02 1.82E+02 3.64E+02 7.28E+02 1.82E+03 3.64E+03 5.46E+03
 7.28E+03 1.09E+04 1.82E+04 3.64E+04 7.28E+04 1.09E+05
 1.00E-74 1.00E-74 4.38E-36 6.59E-25 2.17E-19 3.54E-16 3.58E-15 7.29E-15
 1.02E-14 1.38E-14 1.69E-14 1.88E-14 1.88E-14 1.82E-14
 1.00E-74 1.00E-74 4.38E-36 6.59E-25 2.17E-19 3.54E-16 3.58E-15 7.29E-15
 1.02E-14 1.38E-14 1.69E-14 1.88E-14 1.88E-14 1.82E-14
 1.00E-74 1.00E-74 4.38E-36 6.59E-25 2.17E-19 3.54E-16 3.58E-15 7.29E-15
 1.02E-14 1.38E-14 1.69E-14 1.88E-14 1.88E-14 1.82E-14
 1.00E-74 1.00E-74 4.38E-36 6.59E-25 2.17E-19 3.54E-16 3.58E-15 7.29E-15
 1.02E-14 1.38E-14 1.69E-14 1.88E-14 1.88E-14 1.82E-14
 1.00E-74 1.00E-74 4.38E-36 6.59E-25 2.17E-19 3.54E-16 3.58E-15 7.29E-15
 1.02E-14 1.38E-14 1.69E-14 1.88E-14 1.88E-14 1.82E-14
 1.00E-74 1.00E-74 4.38E-36 6.59E-25 2.17E-19 3.54E-16 3.58E-15 7.29E-15
 1.02E-14 1.38E-14 1.69E-14 1.88E-14 1.88E-14 1.82E-14
 1.00E-74 1.00E-74 4.38E-36 6.59E-25 2.17E-19 3.54E-16 3.58E-15 7.29E-15
 1.02E-14 1.38E-14 1.69E-14 1.88E-14 1.88E-14 1.82E-14
  36.2008    7  14 /pl=01:ss=64:pb= 1:sz=64/type=excit/ispb = t/isel =   50
 1.00E+10 1.00E+11 1.00E+12 1.00E+13 1.00E+14 1.00E+15 1.00E+16
 7.28E+01 1.09E+02 1.82E+02 3.64E+02 7.28E+02 1.82E+03 3.64E+03 5.46E+03
 7.28E+03 1.09E+04 1.82E+04 3.64E+04 7.28E+04 1.09E+05
 1.00E-74 1.00E-74 1.94E-38 1.25E-25 2.81E-19 1.43E-15 2.04E-14 4.56E-14
 6.58E-14 8.99E-14 1.07E-13 1.06E-13 9.10E-14 7.99E-14
 1.00E-74 1.00E-74 1.94E-38 1.25E-25 2.81E-19 1.43E-15 2.04E-14 4.56E-14
 6.58E-14 8.99E-14 1.07E-13 1.06E-13 9.10E-14 7.99E-14
 1.00E-74 1.00E-74 1.94E-38 1.25E-25 2.81E-19 1.43E-15 2.04E-14 4.56E-14
 6.58E-14 8.99E-14 1.07E-13 1.06E-13 9.10E-14 7.99E-14
 1.00E-74 1.00E-74 1.94E-38 1.25E-25 2.81E-19 1.43E-15 2.04E-14 4.56E-14
 6.58E-14 8.99E-14 1.07E-13 1.06E-13 9.10E-14 7.99E-14
 1.00E-74 1.00E-74 1.94E-38 1.25E-25 2.81E-19 1.43E-15 2.04E-14 4.56E-14
 6.58E-14 8.99E-14 1.07E-13 1.06E-13 9.10E-14 7.99E-14
 1.00E-74 1.00E-74 1.94E-38 1.25E-25 2.81E-19 1.43E-15 2.04E-14 4.56E-14
 6.58E-14 8.99E-14 1.07E-13 1.06E-13 9.10E-14 7.99E-14
 1.00E-74 1.00E-74 1.94E-38 1.25E-25 2.81E-19 1.43E-15 2.04E-14 4.56E-14
 6.58E-14 8.99E-14 1.07E-13 1.06E-13 9.10E-14 7.99E-14
c-------------------------------------------------------------------------------
 
C  root partition information
C  ==========================
C
C  nuclear charge : 74
C  ion charge+1   : 65
C
C  population calculation information
C  ----------------------------------
C
C  population processing code: adas810
C
C  adf04 source file    : adf04_copmm#74_ca_40#w64_t3.dat
C  adf18/a17_p208 file  : NULL
C
C  meta. ion. coeff. selector  : 
 
C  options  : lnorm =T  lpsel =F  lzsel =T  liosel=F
C           : lhsel =F  lrsel =F  lisel =F  lnsel =F
 
C  energy levels
C  -------------
C
C   lv      configuration    (2S+1)L(w-1/2)      energy (cm^-1)
C  ---   ------------------- --------------      --------------
c    1   22563                  (0)0(  0.0)             0.0
c    2   22553514               (0)0(  5.5)      70547286.2
c    3   22553515               (0)0( 17.5)      73834092.7
c    4   22553516               (0)0( 29.5)      76601282.3
c    5   12563514               (0)0(  1.5)      82128429.8
c    6   12563515               (0)0(  5.5)      85370331.9
c    7   12563516               (0)0(  9.5)      88132704.0
c    8   22553517               (0)0(  5.5)      97347923.3
c    9   22553518               (0)0( 17.5)      98697186.9
c   10   22553519               (0)0( 29.5)      99804787.0
c   11   2255351A               (0)0( 41.5)     100284920.4
c   12   12563517               (0)0(  1.5)     108884491.8
c   13   2255351B               (0)0(  5.5)     109303808.8
c   14   2255351C               (0)0( 17.5)     109981996.0
c   15   12563518               (0)0(  5.5)     110220751.4
c   16   2255351D               (0)0( 29.5)     110535971.7
c   17   2255351E               (0)0( 41.5)     110777722.9
c   18   12563519               (0)0(  9.5)     111326376.2
c   19   2255351G               (0)0(  5.5)     115647072.3
c   20   2255351H               (0)0( 17.5)     116034302.2
c   21   2255351I               (0)0( 29.5)     116350422.3
c   22   2255351J               (0)0( 41.5)     116488899.8
c   23   2255351M               (0)0(  5.5)     119409271.6
c   24   2255351N               (0)0( 17.5)     119650561.9
c   25   2255351O               (0)0( 29.5)     119847803.7
c   26   2255351P               (0)0( 41.5)     119934419.3
c   27   11522563514            (0)0(  1.5)     548621708.6
c   28   11522563515            (0)0(  5.5)     551868417.2
c   29   11522563516            (0)0(  9.5)     554789601.1
 
 
 
c-------------------------------------------------------------------------------
 
C  superstage partition information
C  ================================
C
C  element symbol   : W
C  parent template  : 
C  partition level  :  1
C  superstage label : 64
C
C  tabulation       : photon emissivity coefft (te,ne)
C  units            : ph. emis coef(cm^3 s^-1); te (ev); ne (cm^-3)
C
C  photon emissivity atomic transitions
C  ------------------------------------
C  
C   isel  wvlen(A)            transition                type  ispb nspb
C                                                             ispp nspp sz    tg pr wr
C  ----- ---------- ----------------------------------- ----- ---- ---- --    -- -- --
C      1   1.00196   10(0)0( 29.5)-  1(0)0(  0.0)       excit   1    1  64     6  8  1
C      2   1.02724    8(0)0(  5.5)-  1(0)0(  0.0)       excit   1    1  64     4 30  2
C      3   1.13465    7(0)0(  9.5)-  1(0)0(  0.0)       excit   1    1  64    25  7  3
C      4   1.17137    6(0)0(  5.5)-  1(0)0(  0.0)       excit   1    1  64    24  4  4
C      5   1.30546    4(0)0( 29.5)-  1(0)0(  0.0)       excit   1    1  64     3  1  5
C      6   1.35439    3(0)0( 17.5)-  1(0)0(  0.0)       excit   1    1  64     2  5  6
C      7   1.41749    2(0)0(  5.5)-  1(0)0(  0.0)       excit   1    1  64     1  2  7
C      8   2.03652   24(0)0( 17.5)-  2(0)0(  5.5)       excit   1    1  64    41 37  8
C      9   2.17327   25(0)0( 29.5)-  3(0)0( 17.5)       excit   1    1  64    58 21  9
C     10   2.19843   20(0)0( 17.5)-  2(0)0(  5.5)       excit   1    1  64    38 27 10
C     11   2.30770   26(0)0( 41.5)-  4(0)0( 29.5)       excit   1    1  64    75 33 11
C     12   2.35204   21(0)0( 29.5)-  3(0)0( 17.5)       excit   1    1  64    54 13 12
C     13   2.50704   22(0)0( 41.5)-  4(0)0( 29.5)       excit   1    1  64    71 25 13
C     14   2.53584   14(0)0( 17.5)-  2(0)0(  5.5)       excit   1    1  64    35 17 14
C     15   2.72466   16(0)0( 29.5)-  3(0)0( 17.5)       excit   1    1  64    50 10 15
C     16   2.81931   13(0)0(  5.5)-  3(0)0( 17.5)       excit   1    1  64    48 38 16
C     17   2.92599   17(0)0( 41.5)-  4(0)0( 29.5)       excit   1    1  64    67 20 17
C     18   2.99574   14(0)0( 17.5)-  4(0)0( 29.5)       excit   1    1  64    65 34 18
C     19   3.55241    9(0)0( 17.5)-  2(0)0(  5.5)       excit   1    1  64    32  9 19
C     20   3.55969   15(0)0(  5.5)-  5(0)0(  1.5)       excit   1    1  64   187 22 20
C     21   3.85049   10(0)0( 29.5)-  3(0)0( 17.5)       excit   1    1  64    46  6 21
C     22   3.85267   18(0)0(  9.5)-  6(0)0(  5.5)       excit   1    1  64   193 12 22
C     23   4.22232   11(0)0( 41.5)-  4(0)0( 29.5)       excit   1    1  64    63 11 23
C     24   4.25276   12(0)0(  1.5)-  6(0)0(  5.5)       excit   1    1  64   191 18 24
C     25   4.25282    8(0)0(  5.5)-  3(0)0( 17.5)       excit   1    1  64    44 19 25
C     26   4.48377   24(0)0( 17.5)-  8(0)0(  5.5)       excit   1    1  64    85 47 26
C     27   4.52573    9(0)0( 17.5)-  4(0)0( 29.5)       excit   1    1  64    61 15 27
C     28   4.52734   15(0)0(  5.5)-  7(0)0(  9.5)       excit   1    1  64   196 36 28
C     29   4.72799   25(0)0( 29.5)-  9(0)0( 17.5)       excit   1    1  64    99 28 29
C     30   4.96780   26(0)0( 41.5)- 10(0)0( 29.5)       excit   1    1  64   113 41 30
C     31   5.35149   20(0)0( 17.5)-  8(0)0(  5.5)       excit   1    1  64    82 40 31
C     32   5.66468   21(0)0( 29.5)-  9(0)0( 17.5)       excit   1    1  64    95 23 32
C     33   5.99373   22(0)0( 41.5)- 10(0)0( 29.5)       excit   1    1  64   109 31 33
C     34   6.16161   20(0)0( 17.5)- 10(0)0( 29.5)       excit   1    1  64   107 49 34
C     35   7.91510   14(0)0( 17.5)-  8(0)0(  5.5)       excit   1    1  64    79 26 35
C     36   8.44681   16(0)0( 29.5)-  9(0)0( 17.5)       excit   1    1  64    91 14 36
C     37   9.11333   17(0)0( 41.5)- 10(0)0( 29.5)       excit   1    1  64   105 24 37
C     38   9.42807   13(0)0(  5.5)-  9(0)0( 17.5)       excit   1    1  64    89 43 38
C     39   9.75510   16(0)0( 29.5)- 11(0)0( 41.5)       excit   1    1  64   115 46 39
C     40   9.82588   14(0)0( 17.5)- 10(0)0( 29.5)       excit   1    1  64   103 32 40
C     41   10.1360   25(0)0( 29.5)- 14(0)0( 17.5)       excit   1    1  64   139 39 41
C     42   10.6401   26(0)0( 41.5)- 16(0)0( 29.5)       excit   1    1  64   149 45 42
C     43   14.8578   20(0)0( 17.5)- 13(0)0(  5.5)       excit   1    1  64   126 48 43
C     44   15.7025   21(0)0( 29.5)- 14(0)0( 17.5)       excit   1    1  64   135 29 44
C     45   16.7985   22(0)0( 41.5)- 16(0)0( 29.5)       excit   1    1  64   145 42 45
C     46   18.1873   20(0)0( 17.5)- 16(0)0( 29.5)       excit   1    1  64   143 50 46
C     47   26.2226   25(0)0( 29.5)- 20(0)0( 17.5)       excit   1    1  64   165 44 47
C     48   30.4247    3(0)0( 17.5)-  2(0)0(  5.5)       excit   1    1  64    29  3 48
C     49   36.1377    4(0)0( 29.5)-  3(0)0( 17.5)       excit   1    1  64    43 35 49
C     50   36.2008    7(0)0(  9.5)-  6(0)0(  5.5)       excit   1    1  64   190 16 50
c-------------------------------------------------------------------------------
                                                                                
C  code     : adas810
C  producer : Adam Foster
C  date     : 15/05/09
                                                                                
c-------------------------------------------------------------------------------

C-----------------------------------------------------------------------
C                               OPEN-ADAS
C                               +++++++++
C
C This file has been downloaded from OPEN-ADAS (http://open.adas.ac.uk)
C on 26-Mar-2025.
C
C TERMS AND CONDITIONS
C --------------------
C
C The user of the OPEN-ADAS system and data (hereinafter "the User")
C accepts the following terms and conditions:
C
C   1. The University of Strathclyde uses all reasonable endeavours to
C      ensure the accuracy of the data provided and any information
C      given, but the University makes no warranty, expressed or implied
C      as to its accuracy, integrity, fitness for purpose and shall not
C      be responsible for the use to which the data is put by the User
C      and/or any consequences arising out of any inaccuracies or
C      omissions.
C
C   2. Any downloaded OPEN-ADAS file is made available for the
C      personal use of the User only.  It must not be used for any
C      commercial application, incorporated into any web site or in
C      any form re-distributed without express prior written permission
C      from the ADAS Project. In particular, but not by way of
C      limitation, it must not be:
C        *  inserted into a managed database structure,
C        *  redistributed along with a modelling or analysis code,
C        *  made available on a public website.
C
C Permission for OPEN-ADAS data incorporation in non-commercial
C code/system development for scientific advance will not be
C unreasonably withheld, but will be subject to written agreement
C on a case by case basis.
C
C The User will indemnify the University of Strathclyde and keep it
C fully and effectively indemnified against each and every claim made
C against the University as a result of the User's use of the data.
C
C-----------------------------------------------------------------------
