   50    /W :57 photon emissivity coefficients/
--------------------------------------------------------------------------------
    1    1    1    1    1    1    1    1    1    1    1    1    1    1
    1    1    1    1    1    1    1    1    1    1    1    1    1    1
    1    1    1    1    1    1    1    1    1    1    1    1    1    1
    1    1    1    1    1    1    1    1    1    1    1    1    1    1
    1    1    1    1    1    1    1    1    1    1    1    1    1    1
    1    1    1    1    1
--------------------------------------------------------------------------------
//#01/p00/ 00/p01/ 01/p02/ 02/p03/ 03/p04/ 04/p05/ 05/p06/ 06/p07/ 07/p08/ 08/  
      p09/ 09/p10/ 10/p11/ 11/p12/ 12/p13/ 13/p14/ 14/p15/ 15/p16/ 16/p17/ 17/  
      p18/ 18/p19/ 19/p20/ 20/p21/ 21/p22/ 22/p23/ 23/p24/ 24/p25/ 25/p26/ 26/  
      p27/ 27/p28/ 28/p29/ 29/p30/ 30/p31/ 31/p32/ 32/p33/ 33/p34/ 34/p35/ 35/  
      p36/ 36/p37/ 37/p38/ 38/p39/ 39/p40/ 40/p41/ 41/p42/ 42/p43/ 43/p44/ 44/  
      p45/ 45/p46/ 46/p47/ 47/p48/ 48/p49/ 49/p50/ 50/p51/ 51/p52/ 52/p53/ 53/  
      p54/ 54/p55/ 55/p56/ 56/p57/ 57/p58/ 58/p59/ 59/p60/ 60/p61/ 61/p62/ 62/  
      p63/ 63/p64/ 64/p65/ 65/p66/ 66/p67/ 67/p68/ 68/p69/ 69/p70/ 70/p71/ 71/  
      p72/ 72/p73/ 73/p74/ 74/                                                  
--------------------------------------------------------------------------------
  3.13244    7  14 /pl=01:ss=57:pb= 1:sz=57/type=excit/ispb = t/isel =    1
 1.00E+10 1.00E+11 1.00E+12 1.00E+13 1.00E+14 1.00E+15 1.00E+16
 5.80E+01 8.70E+01 1.45E+02 2.90E+02 5.80E+02 1.45E+03 2.90E+03 4.35E+03
 5.80E+03 8.70E+03 1.45E+04 2.90E+04 5.80E+04 8.70E+04
 2.74E-41 1.53E-31 9.60E-24 5.89E-18 3.99E-15 1.66E-13 5.16E-13 7.27E-13
 8.58E-13 1.01E-12 1.13E-12 1.20E-12 1.18E-12 1.14E-12
 2.46E-41 1.53E-31 9.60E-24 5.89E-18 3.99E-15 1.66E-13 5.16E-13 7.27E-13
 8.58E-13 1.01E-12 1.13E-12 1.20E-12 1.18E-12 1.14E-12
 2.45E-41 1.53E-31 9.60E-24 5.89E-18 3.99E-15 1.66E-13 5.16E-13 7.27E-13
 8.58E-13 1.01E-12 1.13E-12 1.20E-12 1.18E-12 1.14E-12
 2.45E-41 1.53E-31 9.60E-24 5.89E-18 3.99E-15 1.66E-13 5.16E-13 7.27E-13
 8.58E-13 1.01E-12 1.13E-12 1.20E-12 1.18E-12 1.14E-12
 2.45E-41 1.53E-31 9.60E-24 5.89E-18 3.99E-15 1.66E-13 5.16E-13 7.27E-13
 8.58E-13 1.01E-12 1.13E-12 1.20E-12 1.18E-12 1.14E-12
 2.45E-41 1.53E-31 9.60E-24 5.89E-18 3.99E-15 1.66E-13 5.16E-13 7.27E-13
 8.58E-13 1.01E-12 1.13E-12 1.20E-12 1.18E-12 1.14E-12
 2.45E-41 1.53E-31 9.60E-24 5.89E-18 3.99E-15 1.66E-13 5.15E-13 7.27E-13
 8.58E-13 1.01E-12 1.13E-12 1.20E-12 1.18E-12 1.14E-12
  3.77331    7  14 /pl=01:ss=57:pb= 1:sz=57/type=excit/ispb = t/isel =    2
 1.00E+10 1.00E+11 1.00E+12 1.00E+13 1.00E+14 1.00E+15 1.00E+16
 5.80E+01 8.70E+01 1.45E+02 2.90E+02 5.80E+02 1.45E+03 2.90E+03 4.35E+03
 5.80E+03 8.70E+03 1.45E+04 2.90E+04 5.80E+04 8.70E+04
 2.29E-36 3.00E-28 8.55E-22 5.16E-17 1.11E-14 2.44E-13 6.42E-13 8.77E-13
 1.03E-12 1.21E-12 1.38E-12 1.51E-12 1.52E-12 1.48E-12
 2.29E-36 3.00E-28 8.55E-22 5.16E-17 1.11E-14 2.44E-13 6.42E-13 8.77E-13
 1.03E-12 1.21E-12 1.38E-12 1.51E-12 1.52E-12 1.48E-12
 2.29E-36 3.00E-28 8.55E-22 5.16E-17 1.11E-14 2.44E-13 6.42E-13 8.77E-13
 1.03E-12 1.21E-12 1.38E-12 1.51E-12 1.52E-12 1.48E-12
 2.29E-36 3.00E-28 8.55E-22 5.16E-17 1.11E-14 2.44E-13 6.42E-13 8.77E-13
 1.03E-12 1.21E-12 1.38E-12 1.51E-12 1.52E-12 1.48E-12
 2.29E-36 3.00E-28 8.55E-22 5.16E-17 1.11E-14 2.44E-13 6.42E-13 8.77E-13
 1.03E-12 1.21E-12 1.38E-12 1.51E-12 1.52E-12 1.48E-12
 2.29E-36 3.00E-28 8.55E-22 5.16E-17 1.11E-14 2.44E-13 6.42E-13 8.77E-13
 1.03E-12 1.21E-12 1.38E-12 1.51E-12 1.52E-12 1.48E-12
 2.29E-36 3.00E-28 8.55E-22 5.16E-17 1.11E-14 2.44E-13 6.42E-13 8.77E-13
 1.03E-12 1.21E-12 1.38E-12 1.51E-12 1.52E-12 1.48E-12
  3.88592    7  14 /pl=01:ss=57:pb= 1:sz=57/type=excit/ispb = t/isel =    3
 1.00E+10 1.00E+11 1.00E+12 1.00E+13 1.00E+14 1.00E+15 1.00E+16
 5.80E+01 8.70E+01 1.45E+02 2.90E+02 5.80E+02 1.45E+03 2.90E+03 4.35E+03
 5.80E+03 8.70E+03 1.45E+04 2.90E+04 5.80E+04 8.70E+04
 6.66E-36 5.21E-28 1.02E-21 4.89E-17 9.69E-15 2.11E-13 5.52E-13 7.46E-13
 8.64E-13 9.94E-13 1.11E-12 1.17E-12 1.15E-12 1.12E-12
 6.66E-36 5.21E-28 1.02E-21 4.89E-17 9.69E-15 2.11E-13 5.52E-13 7.46E-13
 8.64E-13 9.94E-13 1.11E-12 1.17E-12 1.15E-12 1.12E-12
 6.66E-36 5.21E-28 1.02E-21 4.89E-17 9.69E-15 2.11E-13 5.52E-13 7.46E-13
 8.64E-13 9.94E-13 1.11E-12 1.17E-12 1.15E-12 1.12E-12
 6.66E-36 5.21E-28 1.02E-21 4.89E-17 9.69E-15 2.11E-13 5.52E-13 7.46E-13
 8.64E-13 9.94E-13 1.11E-12 1.17E-12 1.15E-12 1.12E-12
 6.66E-36 5.21E-28 1.02E-21 4.89E-17 9.69E-15 2.11E-13 5.52E-13 7.46E-13
 8.64E-13 9.94E-13 1.11E-12 1.17E-12 1.15E-12 1.12E-12
 6.66E-36 5.21E-28 1.02E-21 4.89E-17 9.69E-15 2.11E-13 5.52E-13 7.46E-13
 8.64E-13 9.93E-13 1.11E-12 1.17E-12 1.15E-12 1.12E-12
 6.66E-36 5.21E-28 1.02E-21 4.89E-17 9.69E-15 2.11E-13 5.52E-13 7.46E-13
 8.63E-13 9.93E-13 1.11E-12 1.17E-12 1.15E-12 1.12E-12
  4.00017    7  14 /pl=01:ss=57:pb= 1:sz=57/type=excit/ispb = t/isel =    4
 1.00E+10 1.00E+11 1.00E+12 1.00E+13 1.00E+14 1.00E+15 1.00E+16
 5.80E+01 8.70E+01 1.45E+02 2.90E+02 5.80E+02 1.45E+03 2.90E+03 4.35E+03
 5.80E+03 8.70E+03 1.45E+04 2.90E+04 5.80E+04 8.70E+04
 2.53E-35 1.17E-27 1.51E-21 5.30E-17 9.06E-15 1.81E-13 4.59E-13 6.14E-13
 7.06E-13 8.06E-13 8.92E-13 9.43E-13 9.23E-13 8.92E-13
 2.53E-35 1.17E-27 1.51E-21 5.30E-17 9.06E-15 1.81E-13 4.59E-13 6.14E-13
 7.06E-13 8.06E-13 8.92E-13 9.43E-13 9.23E-13 8.92E-13
 2.53E-35 1.17E-27 1.51E-21 5.30E-17 9.06E-15 1.81E-13 4.59E-13 6.14E-13
 7.06E-13 8.06E-13 8.92E-13 9.43E-13 9.23E-13 8.92E-13
 2.53E-35 1.17E-27 1.51E-21 5.30E-17 9.06E-15 1.81E-13 4.59E-13 6.14E-13
 7.06E-13 8.06E-13 8.92E-13 9.43E-13 9.23E-13 8.92E-13
 2.53E-35 1.17E-27 1.51E-21 5.30E-17 9.06E-15 1.81E-13 4.59E-13 6.14E-13
 7.06E-13 8.06E-13 8.92E-13 9.43E-13 9.23E-13 8.92E-13
 2.53E-35 1.17E-27 1.51E-21 5.30E-17 9.06E-15 1.81E-13 4.59E-13 6.14E-13
 7.06E-13 8.06E-13 8.92E-13 9.43E-13 9.23E-13 8.92E-13
 2.53E-35 1.17E-27 1.51E-21 5.30E-17 9.07E-15 1.81E-13 4.59E-13 6.14E-13
 7.06E-13 8.06E-13 8.92E-13 9.43E-13 9.23E-13 8.91E-13
  4.04531    7  14 /pl=01:ss=57:pb= 1:sz=57/type=excit/ispb = t/isel =    5
 1.00E+10 1.00E+11 1.00E+12 1.00E+13 1.00E+14 1.00E+15 1.00E+16
 5.80E+01 8.70E+01 1.45E+02 2.90E+02 5.80E+02 1.45E+03 2.90E+03 4.35E+03
 5.80E+03 8.70E+03 1.45E+04 2.90E+04 5.80E+04 8.70E+04
 3.10E-34 1.14E-26 1.17E-20 3.30E-16 4.84E-14 8.49E-13 2.09E-12 2.80E-12
 3.26E-12 3.79E-12 4.28E-12 4.63E-12 4.61E-12 4.47E-12
 3.10E-34 1.14E-26 1.17E-20 3.30E-16 4.84E-14 8.49E-13 2.09E-12 2.80E-12
 3.26E-12 3.79E-12 4.28E-12 4.63E-12 4.61E-12 4.47E-12
 3.10E-34 1.14E-26 1.17E-20 3.30E-16 4.84E-14 8.49E-13 2.09E-12 2.80E-12
 3.26E-12 3.79E-12 4.28E-12 4.63E-12 4.61E-12 4.47E-12
 3.10E-34 1.14E-26 1.17E-20 3.30E-16 4.84E-14 8.49E-13 2.09E-12 2.80E-12
 3.26E-12 3.79E-12 4.28E-12 4.63E-12 4.61E-12 4.47E-12
 3.10E-34 1.14E-26 1.17E-20 3.30E-16 4.84E-14 8.49E-13 2.09E-12 2.80E-12
 3.26E-12 3.79E-12 4.28E-12 4.63E-12 4.61E-12 4.47E-12
 3.10E-34 1.14E-26 1.17E-20 3.30E-16 4.84E-14 8.49E-13 2.09E-12 2.80E-12
 3.26E-12 3.79E-12 4.28E-12 4.63E-12 4.61E-12 4.47E-12
 3.10E-34 1.14E-26 1.17E-20 3.30E-16 4.84E-14 8.48E-13 2.09E-12 2.80E-12
 3.25E-12 3.79E-12 4.28E-12 4.63E-12 4.61E-12 4.47E-12
  4.05812    7  14 /pl=01:ss=57:pb= 1:sz=57/type=excit/ispb = t/isel =    6
 1.00E+10 1.00E+11 1.00E+12 1.00E+13 1.00E+14 1.00E+15 1.00E+16
 5.80E+01 8.70E+01 1.45E+02 2.90E+02 5.80E+02 1.45E+03 2.90E+03 4.35E+03
 5.80E+03 8.70E+03 1.45E+04 2.90E+04 5.80E+04 8.70E+04
 1.05E-34 3.65E-27 3.60E-21 9.82E-17 1.45E-14 2.64E-13 6.58E-13 8.80E-13
 1.02E-12 1.18E-12 1.32E-12 1.41E-12 1.40E-12 1.36E-12
 1.05E-34 3.65E-27 3.60E-21 9.82E-17 1.45E-14 2.64E-13 6.58E-13 8.80E-13
 1.02E-12 1.18E-12 1.32E-12 1.41E-12 1.40E-12 1.36E-12
 1.05E-34 3.65E-27 3.60E-21 9.82E-17 1.45E-14 2.64E-13 6.58E-13 8.80E-13
 1.02E-12 1.18E-12 1.32E-12 1.41E-12 1.40E-12 1.36E-12
 1.05E-34 3.65E-27 3.60E-21 9.82E-17 1.45E-14 2.64E-13 6.58E-13 8.80E-13
 1.02E-12 1.18E-12 1.32E-12 1.41E-12 1.40E-12 1.36E-12
 1.05E-34 3.65E-27 3.60E-21 9.82E-17 1.45E-14 2.64E-13 6.58E-13 8.80E-13
 1.02E-12 1.18E-12 1.32E-12 1.41E-12 1.40E-12 1.36E-12
 1.05E-34 3.65E-27 3.60E-21 9.82E-17 1.45E-14 2.64E-13 6.58E-13 8.80E-13
 1.02E-12 1.18E-12 1.32E-12 1.41E-12 1.40E-12 1.36E-12
 1.05E-34 3.65E-27 3.60E-21 9.82E-17 1.45E-14 2.63E-13 6.57E-13 8.80E-13
 1.02E-12 1.18E-12 1.32E-12 1.41E-12 1.40E-12 1.36E-12
  4.05894    7  14 /pl=01:ss=57:pb= 1:sz=57/type=excit/ispb = t/isel =    7
 1.00E+10 1.00E+11 1.00E+12 1.00E+13 1.00E+14 1.00E+15 1.00E+16
 5.80E+01 8.70E+01 1.45E+02 2.90E+02 5.80E+02 1.45E+03 2.90E+03 4.35E+03
 5.80E+03 8.70E+03 1.45E+04 2.90E+04 5.80E+04 8.70E+04
 1.28E-34 4.46E-27 4.39E-21 1.20E-16 1.78E-14 3.26E-13 8.14E-13 1.09E-12
 1.25E-12 1.44E-12 1.61E-12 1.71E-12 1.70E-12 1.64E-12
 1.28E-34 4.46E-27 4.39E-21 1.20E-16 1.78E-14 3.26E-13 8.14E-13 1.09E-12
 1.25E-12 1.44E-12 1.61E-12 1.71E-12 1.70E-12 1.64E-12
 1.28E-34 4.46E-27 4.39E-21 1.20E-16 1.78E-14 3.26E-13 8.14E-13 1.09E-12
 1.25E-12 1.44E-12 1.61E-12 1.71E-12 1.70E-12 1.64E-12
 1.28E-34 4.46E-27 4.39E-21 1.20E-16 1.78E-14 3.26E-13 8.14E-13 1.09E-12
 1.25E-12 1.44E-12 1.61E-12 1.71E-12 1.70E-12 1.64E-12
 1.28E-34 4.46E-27 4.39E-21 1.20E-16 1.78E-14 3.26E-13 8.14E-13 1.09E-12
 1.25E-12 1.44E-12 1.61E-12 1.71E-12 1.70E-12 1.64E-12
 1.28E-34 4.46E-27 4.39E-21 1.20E-16 1.78E-14 3.26E-13 8.14E-13 1.09E-12
 1.25E-12 1.44E-12 1.61E-12 1.71E-12 1.70E-12 1.64E-12
 1.28E-34 4.46E-27 4.39E-21 1.20E-16 1.78E-14 3.26E-13 8.14E-13 1.09E-12
 1.25E-12 1.44E-12 1.61E-12 1.71E-12 1.70E-12 1.64E-12
  4.24485    7  14 /pl=01:ss=57:pb= 1:sz=57/type=excit/ispb = t/isel =    8
 1.00E+10 1.00E+11 1.00E+12 1.00E+13 1.00E+14 1.00E+15 1.00E+16
 5.80E+01 8.70E+01 1.45E+02 2.90E+02 5.80E+02 1.45E+03 2.90E+03 4.35E+03
 5.80E+03 8.70E+03 1.45E+04 2.90E+04 5.80E+04 8.70E+04
 1.13E-33 1.82E-26 9.68E-21 1.66E-16 1.95E-14 3.11E-13 7.44E-13 9.82E-13
 1.13E-12 1.29E-12 1.43E-12 1.52E-12 1.50E-12 1.45E-12
 1.13E-33 1.82E-26 9.68E-21 1.66E-16 1.95E-14 3.11E-13 7.44E-13 9.82E-13
 1.13E-12 1.29E-12 1.43E-12 1.52E-12 1.50E-12 1.45E-12
 1.13E-33 1.82E-26 9.68E-21 1.66E-16 1.95E-14 3.11E-13 7.44E-13 9.82E-13
 1.13E-12 1.29E-12 1.43E-12 1.52E-12 1.50E-12 1.45E-12
 1.13E-33 1.82E-26 9.68E-21 1.66E-16 1.95E-14 3.11E-13 7.44E-13 9.82E-13
 1.13E-12 1.29E-12 1.43E-12 1.52E-12 1.50E-12 1.45E-12
 1.13E-33 1.82E-26 9.68E-21 1.66E-16 1.95E-14 3.11E-13 7.44E-13 9.82E-13
 1.13E-12 1.29E-12 1.43E-12 1.52E-12 1.50E-12 1.45E-12
 1.13E-33 1.82E-26 9.68E-21 1.66E-16 1.95E-14 3.11E-13 7.44E-13 9.82E-13
 1.13E-12 1.29E-12 1.43E-12 1.52E-12 1.50E-12 1.45E-12
 1.13E-33 1.82E-26 9.68E-21 1.66E-16 1.95E-14 3.11E-13 7.44E-13 9.82E-13
 1.13E-12 1.29E-12 1.43E-12 1.52E-12 1.50E-12 1.45E-12
  4.35181    7  14 /pl=01:ss=57:pb= 1:sz=57/type=excit/ispb = t/isel =    9
 1.00E+10 1.00E+11 1.00E+12 1.00E+13 1.00E+14 1.00E+15 1.00E+16
 5.80E+01 8.70E+01 1.45E+02 2.90E+02 5.80E+02 1.45E+03 2.90E+03 4.35E+03
 5.80E+03 8.70E+03 1.45E+04 2.90E+04 5.80E+04 8.70E+04
 1.78E-32 1.89E-25 7.24E-20 9.66E-16 9.82E-14 1.39E-12 3.21E-12 4.21E-12
 4.83E-12 5.57E-12 6.24E-12 6.70E-12 6.64E-12 6.44E-12
 1.78E-32 1.89E-25 7.24E-20 9.66E-16 9.82E-14 1.39E-12 3.21E-12 4.21E-12
 4.83E-12 5.57E-12 6.24E-12 6.70E-12 6.64E-12 6.44E-12
 1.78E-32 1.89E-25 7.24E-20 9.66E-16 9.82E-14 1.39E-12 3.21E-12 4.21E-12
 4.83E-12 5.57E-12 6.24E-12 6.70E-12 6.64E-12 6.44E-12
 1.78E-32 1.89E-25 7.24E-20 9.66E-16 9.82E-14 1.39E-12 3.21E-12 4.21E-12
 4.83E-12 5.57E-12 6.24E-12 6.70E-12 6.64E-12 6.44E-12
 1.78E-32 1.89E-25 7.24E-20 9.66E-16 9.82E-14 1.39E-12 3.21E-12 4.21E-12
 4.83E-12 5.57E-12 6.24E-12 6.70E-12 6.64E-12 6.44E-12
 1.78E-32 1.89E-25 7.24E-20 9.66E-16 9.82E-14 1.39E-12 3.21E-12 4.21E-12
 4.83E-12 5.56E-12 6.24E-12 6.70E-12 6.64E-12 6.44E-12
 1.78E-32 1.89E-25 7.24E-20 9.66E-16 9.81E-14 1.39E-12 3.21E-12 4.21E-12
 4.83E-12 5.56E-12 6.24E-12 6.70E-12 6.64E-12 6.44E-12
  4.47029    7  14 /pl=01:ss=57:pb= 1:sz=57/type=excit/ispb = t/isel =   10
 1.00E+10 1.00E+11 1.00E+12 1.00E+13 1.00E+14 1.00E+15 1.00E+16
 5.80E+01 8.70E+01 1.45E+02 2.90E+02 5.80E+02 1.45E+03 2.90E+03 4.35E+03
 5.80E+03 8.70E+03 1.45E+04 2.90E+04 5.80E+04 8.70E+04
 9.59E-34 1.96E-26 1.27E-20 2.47E-16 2.91E-14 4.04E-13 8.20E-13 9.64E-13
 1.01E-12 1.01E-12 9.31E-13 7.66E-13 5.92E-13 5.01E-13
 9.59E-34 1.96E-26 1.27E-20 2.47E-16 2.91E-14 4.04E-13 8.20E-13 9.64E-13
 1.01E-12 1.01E-12 9.31E-13 7.66E-13 5.92E-13 5.01E-13
 9.59E-34 1.96E-26 1.27E-20 2.47E-16 2.91E-14 4.04E-13 8.20E-13 9.64E-13
 1.01E-12 1.01E-12 9.31E-13 7.66E-13 5.92E-13 5.01E-13
 9.59E-34 1.96E-26 1.27E-20 2.47E-16 2.91E-14 4.04E-13 8.20E-13 9.64E-13
 1.01E-12 1.01E-12 9.31E-13 7.66E-13 5.92E-13 5.01E-13
 9.59E-34 1.96E-26 1.27E-20 2.47E-16 2.91E-14 4.04E-13 8.20E-13 9.64E-13
 1.01E-12 1.01E-12 9.31E-13 7.66E-13 5.92E-13 5.01E-13
 9.59E-34 1.96E-26 1.27E-20 2.47E-16 2.91E-14 4.04E-13 8.20E-13 9.64E-13
 1.01E-12 1.01E-12 9.31E-13 7.66E-13 5.92E-13 5.01E-13
 9.59E-34 1.96E-26 1.27E-20 2.47E-16 2.91E-14 4.04E-13 8.20E-13 9.64E-13
 1.01E-12 1.01E-12 9.31E-13 7.66E-13 5.92E-13 5.01E-13
  4.56175    7  14 /pl=01:ss=57:pb= 1:sz=57/type=excit/ispb = t/isel =   11
 1.00E+10 1.00E+11 1.00E+12 1.00E+13 1.00E+14 1.00E+15 1.00E+16
 5.80E+01 8.70E+01 1.45E+02 2.90E+02 5.80E+02 1.45E+03 2.90E+03 4.35E+03
 5.80E+03 8.70E+03 1.45E+04 2.90E+04 5.80E+04 8.70E+04
 5.08E-36 5.96E-28 1.56E-21 8.65E-17 1.72E-14 3.28E-13 7.41E-13 9.04E-13
 9.65E-13 9.85E-13 9.26E-13 7.76E-13 6.08E-13 5.17E-13
 5.08E-36 5.96E-28 1.56E-21 8.65E-17 1.72E-14 3.28E-13 7.41E-13 9.04E-13
 9.65E-13 9.85E-13 9.26E-13 7.76E-13 6.08E-13 5.17E-13
 5.08E-36 5.96E-28 1.56E-21 8.65E-17 1.72E-14 3.28E-13 7.41E-13 9.04E-13
 9.65E-13 9.85E-13 9.26E-13 7.76E-13 6.08E-13 5.17E-13
 5.08E-36 5.96E-28 1.56E-21 8.65E-17 1.72E-14 3.28E-13 7.41E-13 9.04E-13
 9.65E-13 9.85E-13 9.26E-13 7.76E-13 6.08E-13 5.17E-13
 5.08E-36 5.96E-28 1.56E-21 8.65E-17 1.72E-14 3.28E-13 7.41E-13 9.04E-13
 9.65E-13 9.85E-13 9.26E-13 7.76E-13 6.08E-13 5.17E-13
 5.08E-36 5.96E-28 1.56E-21 8.65E-17 1.72E-14 3.28E-13 7.41E-13 9.04E-13
 9.65E-13 9.85E-13 9.26E-13 7.76E-13 6.08E-13 5.17E-13
 5.08E-36 5.96E-28 1.56E-21 8.65E-17 1.72E-14 3.28E-13 7.41E-13 9.04E-13
 9.65E-13 9.84E-13 9.26E-13 7.75E-13 6.07E-13 5.17E-13
  4.56768    7  14 /pl=01:ss=57:pb= 1:sz=57/type=excit/ispb = t/isel =   12
 1.00E+10 1.00E+11 1.00E+12 1.00E+13 1.00E+14 1.00E+15 1.00E+16
 5.80E+01 8.70E+01 1.45E+02 2.90E+02 5.80E+02 1.45E+03 2.90E+03 4.35E+03
 5.80E+03 8.70E+03 1.45E+04 2.90E+04 5.80E+04 8.70E+04
 6.80E-32 3.36E-25 7.01E-20 5.99E-16 4.99E-14 6.68E-13 1.50E-12 1.91E-12
 2.14E-12 2.35E-12 2.46E-12 2.43E-12 2.26E-12 2.11E-12
 6.80E-32 3.36E-25 7.01E-20 5.99E-16 4.99E-14 6.68E-13 1.50E-12 1.91E-12
 2.14E-12 2.35E-12 2.46E-12 2.43E-12 2.26E-12 2.11E-12
 6.80E-32 3.36E-25 7.01E-20 5.99E-16 4.99E-14 6.68E-13 1.50E-12 1.91E-12
 2.14E-12 2.35E-12 2.46E-12 2.43E-12 2.26E-12 2.11E-12
 6.80E-32 3.36E-25 7.01E-20 5.99E-16 4.99E-14 6.68E-13 1.50E-12 1.91E-12
 2.14E-12 2.35E-12 2.46E-12 2.43E-12 2.26E-12 2.11E-12
 6.80E-32 3.36E-25 7.01E-20 5.99E-16 4.99E-14 6.68E-13 1.50E-12 1.91E-12
 2.14E-12 2.35E-12 2.46E-12 2.43E-12 2.26E-12 2.11E-12
 6.80E-32 3.36E-25 7.01E-20 5.99E-16 4.99E-14 6.68E-13 1.50E-12 1.91E-12
 2.14E-12 2.35E-12 2.46E-12 2.43E-12 2.26E-12 2.11E-12
 6.80E-32 3.36E-25 7.01E-20 5.99E-16 4.99E-14 6.68E-13 1.50E-12 1.91E-12
 2.14E-12 2.35E-12 2.46E-12 2.43E-12 2.26E-12 2.11E-12
  4.57206    7  14 /pl=01:ss=57:pb= 1:sz=57/type=excit/ispb = t/isel =   13
 1.00E+10 1.00E+11 1.00E+12 1.00E+13 1.00E+14 1.00E+15 1.00E+16
 5.80E+01 8.70E+01 1.45E+02 2.90E+02 5.80E+02 1.45E+03 2.90E+03 4.35E+03
 5.80E+03 8.70E+03 1.45E+04 2.90E+04 5.80E+04 8.70E+04
 9.70E-32 4.68E-25 9.58E-20 7.94E-16 6.38E-14 7.79E-13 1.71E-12 2.20E-12
 2.50E-12 2.84E-12 3.15E-12 3.34E-12 3.29E-12 3.17E-12
 9.70E-32 4.68E-25 9.58E-20 7.94E-16 6.38E-14 7.79E-13 1.71E-12 2.20E-12
 2.50E-12 2.84E-12 3.15E-12 3.34E-12 3.29E-12 3.17E-12
 9.70E-32 4.68E-25 9.58E-20 7.94E-16 6.38E-14 7.79E-13 1.71E-12 2.20E-12
 2.50E-12 2.84E-12 3.15E-12 3.34E-12 3.29E-12 3.17E-12
 9.70E-32 4.68E-25 9.58E-20 7.94E-16 6.38E-14 7.79E-13 1.71E-12 2.20E-12
 2.50E-12 2.84E-12 3.15E-12 3.34E-12 3.29E-12 3.17E-12
 9.70E-32 4.68E-25 9.58E-20 7.94E-16 6.38E-14 7.79E-13 1.71E-12 2.20E-12
 2.50E-12 2.84E-12 3.15E-12 3.34E-12 3.29E-12 3.17E-12
 9.70E-32 4.68E-25 9.58E-20 7.94E-16 6.38E-14 7.79E-13 1.71E-12 2.20E-12
 2.50E-12 2.84E-12 3.15E-12 3.34E-12 3.29E-12 3.17E-12
 9.70E-32 4.68E-25 9.58E-20 7.94E-16 6.38E-14 7.78E-13 1.71E-12 2.20E-12
 2.50E-12 2.84E-12 3.14E-12 3.33E-12 3.29E-12 3.17E-12
  4.63195    7  14 /pl=01:ss=57:pb= 1:sz=57/type=excit/ispb = t/isel =   14
 1.00E+10 1.00E+11 1.00E+12 1.00E+13 1.00E+14 1.00E+15 1.00E+16
 5.80E+01 8.70E+01 1.45E+02 2.90E+02 5.80E+02 1.45E+03 2.90E+03 4.35E+03
 5.80E+03 8.70E+03 1.45E+04 2.90E+04 5.80E+04 8.70E+04
 6.95E-34 1.47E-26 9.78E-21 1.95E-16 2.33E-14 3.25E-13 6.60E-13 7.77E-13
 8.14E-13 8.13E-13 7.51E-13 6.18E-13 4.78E-13 4.04E-13
 6.95E-34 1.47E-26 9.78E-21 1.95E-16 2.33E-14 3.25E-13 6.60E-13 7.77E-13
 8.14E-13 8.13E-13 7.51E-13 6.18E-13 4.78E-13 4.04E-13
 6.95E-34 1.47E-26 9.78E-21 1.95E-16 2.33E-14 3.25E-13 6.60E-13 7.77E-13
 8.14E-13 8.13E-13 7.51E-13 6.18E-13 4.78E-13 4.04E-13
 6.95E-34 1.47E-26 9.78E-21 1.95E-16 2.33E-14 3.25E-13 6.60E-13 7.77E-13
 8.14E-13 8.13E-13 7.51E-13 6.18E-13 4.78E-13 4.04E-13
 6.95E-34 1.47E-26 9.78E-21 1.95E-16 2.33E-14 3.25E-13 6.60E-13 7.77E-13
 8.14E-13 8.13E-13 7.51E-13 6.18E-13 4.78E-13 4.04E-13
 6.95E-34 1.47E-26 9.78E-21 1.95E-16 2.33E-14 3.25E-13 6.60E-13 7.77E-13
 8.14E-13 8.13E-13 7.51E-13 6.18E-13 4.78E-13 4.04E-13
 6.95E-34 1.47E-26 9.78E-21 1.95E-16 2.33E-14 3.25E-13 6.60E-13 7.77E-13
 8.14E-13 8.13E-13 7.51E-13 6.18E-13 4.78E-13 4.04E-13
  4.68489    7  14 /pl=01:ss=57:pb= 1:sz=57/type=excit/ispb = t/isel =   15
 1.00E+10 1.00E+11 1.00E+12 1.00E+13 1.00E+14 1.00E+15 1.00E+16
 5.80E+01 8.70E+01 1.45E+02 2.90E+02 5.80E+02 1.45E+03 2.90E+03 4.35E+03
 5.80E+03 8.70E+03 1.45E+04 2.90E+04 5.80E+04 8.70E+04
 1.69E-33 3.01E-26 1.73E-20 3.14E-16 3.53E-14 4.83E-13 9.69E-13 1.14E-12
 1.20E-12 1.20E-12 1.12E-12 9.26E-13 7.27E-13 6.18E-13
 1.69E-33 3.01E-26 1.73E-20 3.14E-16 3.53E-14 4.83E-13 9.69E-13 1.14E-12
 1.20E-12 1.20E-12 1.12E-12 9.26E-13 7.27E-13 6.18E-13
 1.69E-33 3.01E-26 1.73E-20 3.14E-16 3.53E-14 4.83E-13 9.69E-13 1.14E-12
 1.20E-12 1.20E-12 1.12E-12 9.26E-13 7.27E-13 6.18E-13
 1.69E-33 3.01E-26 1.73E-20 3.14E-16 3.53E-14 4.83E-13 9.69E-13 1.14E-12
 1.20E-12 1.20E-12 1.12E-12 9.26E-13 7.27E-13 6.18E-13
 1.69E-33 3.01E-26 1.73E-20 3.14E-16 3.53E-14 4.83E-13 9.69E-13 1.14E-12
 1.20E-12 1.20E-12 1.12E-12 9.26E-13 7.27E-13 6.18E-13
 1.69E-33 3.01E-26 1.73E-20 3.14E-16 3.53E-14 4.83E-13 9.69E-13 1.14E-12
 1.20E-12 1.20E-12 1.12E-12 9.26E-13 7.27E-13 6.18E-13
 1.69E-33 3.01E-26 1.74E-20 3.14E-16 3.53E-14 4.83E-13 9.69E-13 1.14E-12
 1.20E-12 1.20E-12 1.12E-12 9.26E-13 7.27E-13 6.18E-13
  4.68764    7  14 /pl=01:ss=57:pb= 1:sz=57/type=excit/ispb = t/isel =   16
 1.00E+10 1.00E+11 1.00E+12 1.00E+13 1.00E+14 1.00E+15 1.00E+16
 5.80E+01 8.70E+01 1.45E+02 2.90E+02 5.80E+02 1.45E+03 2.90E+03 4.35E+03
 5.80E+03 8.70E+03 1.45E+04 2.90E+04 5.80E+04 8.70E+04
 3.04E-36 4.70E-28 1.52E-21 9.96E-17 2.16E-14 4.31E-13 9.91E-13 1.22E-12
 1.31E-12 1.33E-12 1.26E-12 1.06E-12 8.32E-13 7.08E-13
 3.04E-36 4.70E-28 1.52E-21 9.96E-17 2.16E-14 4.31E-13 9.91E-13 1.22E-12
 1.31E-12 1.33E-12 1.26E-12 1.06E-12 8.32E-13 7.08E-13
 3.04E-36 4.70E-28 1.52E-21 9.96E-17 2.16E-14 4.31E-13 9.91E-13 1.22E-12
 1.31E-12 1.33E-12 1.26E-12 1.06E-12 8.32E-13 7.08E-13
 3.04E-36 4.70E-28 1.52E-21 9.96E-17 2.16E-14 4.31E-13 9.91E-13 1.22E-12
 1.31E-12 1.33E-12 1.26E-12 1.06E-12 8.32E-13 7.08E-13
 3.04E-36 4.70E-28 1.52E-21 9.96E-17 2.16E-14 4.31E-13 9.91E-13 1.22E-12
 1.31E-12 1.33E-12 1.26E-12 1.06E-12 8.32E-13 7.08E-13
 3.04E-36 4.70E-28 1.52E-21 9.96E-17 2.16E-14 4.31E-13 9.91E-13 1.22E-12
 1.31E-12 1.33E-12 1.26E-12 1.06E-12 8.32E-13 7.08E-13
 3.04E-36 4.70E-28 1.52E-21 9.96E-17 2.16E-14 4.31E-13 9.91E-13 1.22E-12
 1.31E-12 1.33E-12 1.26E-12 1.06E-12 8.32E-13 7.08E-13
  4.70834    7  14 /pl=01:ss=57:pb= 1:sz=57/type=excit/ispb = t/isel =   17
 1.00E+10 1.00E+11 1.00E+12 1.00E+13 1.00E+14 1.00E+15 1.00E+16
 5.80E+01 8.70E+01 1.45E+02 2.90E+02 5.80E+02 1.45E+03 2.90E+03 4.35E+03
 5.80E+03 8.70E+03 1.45E+04 2.90E+04 5.80E+04 8.70E+04
 1.20E-32 1.10E-25 3.70E-20 4.47E-16 4.16E-14 4.97E-13 9.63E-13 1.11E-12
 1.16E-12 1.15E-12 1.06E-12 8.69E-13 6.73E-13 5.71E-13
 1.20E-32 1.10E-25 3.70E-20 4.47E-16 4.16E-14 4.97E-13 9.63E-13 1.11E-12
 1.16E-12 1.15E-12 1.06E-12 8.69E-13 6.73E-13 5.71E-13
 1.20E-32 1.10E-25 3.70E-20 4.47E-16 4.16E-14 4.97E-13 9.63E-13 1.11E-12
 1.16E-12 1.15E-12 1.06E-12 8.69E-13 6.73E-13 5.71E-13
 1.20E-32 1.10E-25 3.70E-20 4.47E-16 4.16E-14 4.97E-13 9.63E-13 1.11E-12
 1.16E-12 1.15E-12 1.06E-12 8.69E-13 6.73E-13 5.71E-13
 1.20E-32 1.10E-25 3.70E-20 4.47E-16 4.16E-14 4.97E-13 9.63E-13 1.11E-12
 1.16E-12 1.15E-12 1.06E-12 8.69E-13 6.73E-13 5.71E-13
 1.20E-32 1.10E-25 3.70E-20 4.47E-16 4.16E-14 4.97E-13 9.63E-13 1.11E-12
 1.16E-12 1.15E-12 1.06E-12 8.69E-13 6.73E-13 5.71E-13
 1.20E-32 1.10E-25 3.70E-20 4.47E-16 4.16E-14 4.97E-13 9.63E-13 1.11E-12
 1.16E-12 1.15E-12 1.06E-12 8.69E-13 6.73E-13 5.71E-13
  4.78768    7  14 /pl=01:ss=57:pb= 1:sz=57/type=excit/ispb = t/isel =   18
 1.00E+10 1.00E+11 1.00E+12 1.00E+13 1.00E+14 1.00E+15 1.00E+16
 5.80E+01 8.70E+01 1.45E+02 2.90E+02 5.80E+02 1.45E+03 2.90E+03 4.35E+03
 5.80E+03 8.70E+03 1.45E+04 2.90E+04 5.80E+04 8.70E+04
 2.25E-31 5.47E-25 6.47E-20 3.63E-16 2.50E-14 3.18E-13 7.23E-13 9.27E-13
 1.04E-12 1.14E-12 1.20E-12 1.18E-12 1.10E-12 1.03E-12
 2.25E-31 5.47E-25 6.47E-20 3.63E-16 2.50E-14 3.18E-13 7.23E-13 9.27E-13
 1.04E-12 1.14E-12 1.20E-12 1.18E-12 1.10E-12 1.03E-12
 2.25E-31 5.47E-25 6.47E-20 3.63E-16 2.50E-14 3.18E-13 7.23E-13 9.27E-13
 1.04E-12 1.14E-12 1.20E-12 1.18E-12 1.10E-12 1.03E-12
 2.25E-31 5.47E-25 6.47E-20 3.63E-16 2.50E-14 3.18E-13 7.23E-13 9.27E-13
 1.04E-12 1.14E-12 1.20E-12 1.18E-12 1.10E-12 1.03E-12
 2.25E-31 5.47E-25 6.47E-20 3.63E-16 2.50E-14 3.18E-13 7.23E-13 9.27E-13
 1.04E-12 1.14E-12 1.20E-12 1.18E-12 1.10E-12 1.03E-12
 2.25E-31 5.47E-25 6.47E-20 3.63E-16 2.50E-14 3.18E-13 7.23E-13 9.27E-13
 1.04E-12 1.14E-12 1.20E-12 1.18E-12 1.10E-12 1.03E-12
 2.25E-31 5.47E-25 6.47E-20 3.63E-16 2.50E-14 3.18E-13 7.23E-13 9.27E-13
 1.04E-12 1.14E-12 1.20E-12 1.18E-12 1.10E-12 1.03E-12
  4.78856    7  14 /pl=01:ss=57:pb= 1:sz=57/type=excit/ispb = t/isel =   19
 1.00E+10 1.00E+11 1.00E+12 1.00E+13 1.00E+14 1.00E+15 1.00E+16
 5.80E+01 8.70E+01 1.45E+02 2.90E+02 5.80E+02 1.45E+03 2.90E+03 4.35E+03
 5.80E+03 8.70E+03 1.45E+04 2.90E+04 5.80E+04 8.70E+04
 4.37E-34 1.25E-26 1.05E-20 2.50E-16 3.25E-14 4.79E-13 9.91E-13 1.18E-12
 1.24E-12 1.24E-12 1.15E-12 9.50E-13 7.39E-13 6.26E-13
 4.37E-34 1.25E-26 1.05E-20 2.50E-16 3.25E-14 4.79E-13 9.91E-13 1.18E-12
 1.24E-12 1.24E-12 1.15E-12 9.50E-13 7.39E-13 6.26E-13
 4.37E-34 1.25E-26 1.05E-20 2.50E-16 3.25E-14 4.79E-13 9.91E-13 1.18E-12
 1.24E-12 1.24E-12 1.15E-12 9.50E-13 7.39E-13 6.26E-13
 4.37E-34 1.25E-26 1.05E-20 2.50E-16 3.25E-14 4.79E-13 9.91E-13 1.18E-12
 1.24E-12 1.24E-12 1.15E-12 9.50E-13 7.39E-13 6.26E-13
 4.37E-34 1.25E-26 1.05E-20 2.50E-16 3.25E-14 4.79E-13 9.91E-13 1.18E-12
 1.24E-12 1.24E-12 1.15E-12 9.50E-13 7.39E-13 6.26E-13
 4.37E-34 1.25E-26 1.05E-20 2.50E-16 3.25E-14 4.79E-13 9.91E-13 1.18E-12
 1.24E-12 1.24E-12 1.15E-12 9.50E-13 7.39E-13 6.26E-13
 4.37E-34 1.25E-26 1.05E-20 2.50E-16 3.25E-14 4.78E-13 9.91E-13 1.18E-12
 1.24E-12 1.24E-12 1.15E-12 9.49E-13 7.38E-13 6.26E-13
  4.86661    7  14 /pl=01:ss=57:pb= 1:sz=57/type=excit/ispb = t/isel =   20
 1.00E+10 1.00E+11 1.00E+12 1.00E+13 1.00E+14 1.00E+15 1.00E+16
 5.80E+01 8.70E+01 1.45E+02 2.90E+02 5.80E+02 1.45E+03 2.90E+03 4.35E+03
 5.80E+03 8.70E+03 1.45E+04 2.90E+04 5.80E+04 8.70E+04
 2.32E-33 4.93E-26 3.27E-20 6.52E-16 7.78E-14 1.09E-12 2.21E-12 2.60E-12
 2.72E-12 2.72E-12 2.51E-12 2.06E-12 1.60E-12 1.35E-12
 2.32E-33 4.93E-26 3.27E-20 6.52E-16 7.78E-14 1.09E-12 2.21E-12 2.60E-12
 2.72E-12 2.72E-12 2.51E-12 2.06E-12 1.60E-12 1.35E-12
 2.32E-33 4.93E-26 3.27E-20 6.52E-16 7.78E-14 1.09E-12 2.21E-12 2.60E-12
 2.72E-12 2.72E-12 2.51E-12 2.06E-12 1.60E-12 1.35E-12
 2.32E-33 4.93E-26 3.27E-20 6.52E-16 7.78E-14 1.09E-12 2.21E-12 2.60E-12
 2.72E-12 2.72E-12 2.51E-12 2.06E-12 1.60E-12 1.35E-12
 2.32E-33 4.93E-26 3.27E-20 6.52E-16 7.78E-14 1.09E-12 2.21E-12 2.60E-12
 2.72E-12 2.72E-12 2.51E-12 2.06E-12 1.60E-12 1.35E-12
 2.32E-33 4.93E-26 3.27E-20 6.52E-16 7.78E-14 1.09E-12 2.21E-12 2.60E-12
 2.72E-12 2.72E-12 2.51E-12 2.06E-12 1.60E-12 1.35E-12
 2.32E-33 4.93E-26 3.27E-20 6.52E-16 7.78E-14 1.09E-12 2.21E-12 2.60E-12
 2.72E-12 2.72E-12 2.51E-12 2.06E-12 1.60E-12 1.35E-12
  4.94196    7  14 /pl=01:ss=57:pb= 1:sz=57/type=excit/ispb = t/isel =   21
 1.00E+10 1.00E+11 1.00E+12 1.00E+13 1.00E+14 1.00E+15 1.00E+16
 5.80E+01 8.70E+01 1.45E+02 2.90E+02 5.80E+02 1.45E+03 2.90E+03 4.35E+03
 5.80E+03 8.70E+03 1.45E+04 2.90E+04 5.80E+04 8.70E+04
 6.49E-32 2.91E-25 5.54E-20 4.34E-16 3.28E-14 3.57E-13 6.82E-13 7.94E-13
 8.29E-13 8.33E-13 7.80E-13 6.60E-13 5.30E-13 4.59E-13
 6.49E-32 2.91E-25 5.54E-20 4.34E-16 3.28E-14 3.57E-13 6.82E-13 7.94E-13
 8.29E-13 8.33E-13 7.80E-13 6.60E-13 5.30E-13 4.59E-13
 6.49E-32 2.91E-25 5.54E-20 4.34E-16 3.28E-14 3.57E-13 6.82E-13 7.94E-13
 8.29E-13 8.33E-13 7.80E-13 6.60E-13 5.30E-13 4.59E-13
 6.49E-32 2.91E-25 5.54E-20 4.34E-16 3.28E-14 3.57E-13 6.82E-13 7.94E-13
 8.29E-13 8.33E-13 7.80E-13 6.60E-13 5.30E-13 4.59E-13
 6.49E-32 2.91E-25 5.54E-20 4.34E-16 3.28E-14 3.57E-13 6.82E-13 7.94E-13
 8.29E-13 8.33E-13 7.80E-13 6.60E-13 5.30E-13 4.59E-13
 6.49E-32 2.91E-25 5.54E-20 4.34E-16 3.28E-14 3.57E-13 6.82E-13 7.93E-13
 8.29E-13 8.33E-13 7.80E-13 6.60E-13 5.30E-13 4.59E-13
 6.49E-32 2.91E-25 5.54E-20 4.34E-16 3.27E-14 3.57E-13 6.82E-13 7.93E-13
 8.28E-13 8.33E-13 7.80E-13 6.60E-13 5.30E-13 4.59E-13
  5.00978    7  14 /pl=01:ss=57:pb= 1:sz=57/type=excit/ispb = t/isel =   22
 1.00E+10 1.00E+11 1.00E+12 1.00E+13 1.00E+14 1.00E+15 1.00E+16
 5.80E+01 8.70E+01 1.45E+02 2.90E+02 5.80E+02 1.45E+03 2.90E+03 4.35E+03
 5.80E+03 8.70E+03 1.45E+04 2.90E+04 5.80E+04 8.70E+04
 3.56E-30 4.44E-24 3.08E-19 1.17E-15 6.46E-14 6.76E-13 1.43E-12 1.79E-12
 2.01E-12 2.23E-12 2.40E-12 2.45E-12 2.34E-12 2.23E-12
 3.56E-30 4.44E-24 3.08E-19 1.17E-15 6.46E-14 6.76E-13 1.43E-12 1.79E-12
 2.01E-12 2.23E-12 2.40E-12 2.45E-12 2.34E-12 2.23E-12
 3.56E-30 4.44E-24 3.08E-19 1.17E-15 6.46E-14 6.76E-13 1.43E-12 1.79E-12
 2.01E-12 2.23E-12 2.40E-12 2.45E-12 2.34E-12 2.23E-12
 3.56E-30 4.44E-24 3.08E-19 1.17E-15 6.46E-14 6.76E-13 1.43E-12 1.79E-12
 2.01E-12 2.23E-12 2.40E-12 2.45E-12 2.34E-12 2.23E-12
 3.56E-30 4.44E-24 3.08E-19 1.17E-15 6.46E-14 6.76E-13 1.43E-12 1.79E-12
 2.01E-12 2.23E-12 2.40E-12 2.45E-12 2.34E-12 2.23E-12
 3.56E-30 4.44E-24 3.08E-19 1.17E-15 6.46E-14 6.76E-13 1.43E-12 1.79E-12
 2.01E-12 2.23E-12 2.40E-12 2.45E-12 2.34E-12 2.23E-12
 3.56E-30 4.44E-24 3.08E-19 1.17E-15 6.46E-14 6.76E-13 1.42E-12 1.79E-12
 2.01E-12 2.23E-12 2.39E-12 2.45E-12 2.34E-12 2.23E-12
  5.09056    7  14 /pl=01:ss=57:pb= 1:sz=57/type=excit/ispb = t/isel =   23
 1.00E+10 1.00E+11 1.00E+12 1.00E+13 1.00E+14 1.00E+15 1.00E+16
 5.80E+01 8.70E+01 1.45E+02 2.90E+02 5.80E+02 1.45E+03 2.90E+03 4.35E+03
 5.80E+03 8.70E+03 1.45E+04 2.90E+04 5.80E+04 8.70E+04
 2.02E-33 4.28E-26 2.84E-20 5.67E-16 6.76E-14 9.44E-13 1.92E-12 2.26E-12
 2.36E-12 2.36E-12 2.18E-12 1.79E-12 1.39E-12 1.17E-12
 2.02E-33 4.28E-26 2.84E-20 5.67E-16 6.76E-14 9.44E-13 1.92E-12 2.26E-12
 2.36E-12 2.36E-12 2.18E-12 1.79E-12 1.39E-12 1.17E-12
 2.02E-33 4.28E-26 2.84E-20 5.67E-16 6.76E-14 9.44E-13 1.92E-12 2.26E-12
 2.36E-12 2.36E-12 2.18E-12 1.79E-12 1.39E-12 1.17E-12
 2.02E-33 4.28E-26 2.84E-20 5.67E-16 6.76E-14 9.44E-13 1.92E-12 2.26E-12
 2.36E-12 2.36E-12 2.18E-12 1.79E-12 1.39E-12 1.17E-12
 2.02E-33 4.28E-26 2.84E-20 5.67E-16 6.76E-14 9.44E-13 1.92E-12 2.26E-12
 2.36E-12 2.36E-12 2.18E-12 1.79E-12 1.39E-12 1.17E-12
 2.02E-33 4.28E-26 2.84E-20 5.67E-16 6.76E-14 9.44E-13 1.92E-12 2.26E-12
 2.36E-12 2.36E-12 2.18E-12 1.79E-12 1.39E-12 1.17E-12
 2.02E-33 4.28E-26 2.84E-20 5.67E-16 6.76E-14 9.43E-13 1.92E-12 2.26E-12
 2.36E-12 2.36E-12 2.18E-12 1.79E-12 1.39E-12 1.17E-12
  5.09746    7  14 /pl=01:ss=57:pb= 1:sz=57/type=excit/ispb = t/isel =   24
 1.00E+10 1.00E+11 1.00E+12 1.00E+13 1.00E+14 1.00E+15 1.00E+16
 5.80E+01 8.70E+01 1.45E+02 2.90E+02 5.80E+02 1.45E+03 2.90E+03 4.35E+03
 5.80E+03 8.70E+03 1.45E+04 2.90E+04 5.80E+04 8.70E+04
 1.44E-33 2.94E-26 1.89E-20 3.69E-16 4.36E-14 6.05E-13 1.23E-12 1.44E-12
 1.51E-12 1.51E-12 1.39E-12 1.15E-12 8.86E-13 7.50E-13
 1.44E-33 2.94E-26 1.89E-20 3.69E-16 4.36E-14 6.05E-13 1.23E-12 1.44E-12
 1.51E-12 1.51E-12 1.39E-12 1.15E-12 8.86E-13 7.50E-13
 1.44E-33 2.94E-26 1.89E-20 3.69E-16 4.36E-14 6.05E-13 1.23E-12 1.44E-12
 1.51E-12 1.51E-12 1.39E-12 1.15E-12 8.86E-13 7.50E-13
 1.44E-33 2.94E-26 1.89E-20 3.69E-16 4.36E-14 6.05E-13 1.23E-12 1.44E-12
 1.51E-12 1.51E-12 1.39E-12 1.15E-12 8.86E-13 7.50E-13
 1.44E-33 2.94E-26 1.89E-20 3.69E-16 4.36E-14 6.05E-13 1.23E-12 1.44E-12
 1.51E-12 1.51E-12 1.39E-12 1.15E-12 8.86E-13 7.50E-13
 1.44E-33 2.94E-26 1.89E-20 3.69E-16 4.36E-14 6.05E-13 1.23E-12 1.44E-12
 1.51E-12 1.51E-12 1.39E-12 1.15E-12 8.86E-13 7.50E-13
 1.44E-33 2.94E-26 1.89E-20 3.69E-16 4.36E-14 6.04E-13 1.23E-12 1.44E-12
 1.51E-12 1.51E-12 1.39E-12 1.15E-12 8.86E-13 7.50E-13
  5.13574    7  14 /pl=01:ss=57:pb= 1:sz=57/type=excit/ispb = t/isel =   25
 1.00E+10 1.00E+11 1.00E+12 1.00E+13 1.00E+14 1.00E+15 1.00E+16
 5.80E+01 8.70E+01 1.45E+02 2.90E+02 5.80E+02 1.45E+03 2.90E+03 4.35E+03
 5.80E+03 8.70E+03 1.45E+04 2.90E+04 5.80E+04 8.70E+04
 1.59E-33 3.25E-26 2.09E-20 4.08E-16 4.82E-14 6.69E-13 1.36E-12 1.60E-12
 1.67E-12 1.67E-12 1.54E-12 1.27E-12 9.80E-13 8.29E-13
 1.59E-33 3.25E-26 2.09E-20 4.08E-16 4.82E-14 6.69E-13 1.36E-12 1.60E-12
 1.67E-12 1.67E-12 1.54E-12 1.27E-12 9.80E-13 8.29E-13
 1.59E-33 3.25E-26 2.09E-20 4.08E-16 4.82E-14 6.69E-13 1.36E-12 1.60E-12
 1.67E-12 1.67E-12 1.54E-12 1.27E-12 9.80E-13 8.29E-13
 1.59E-33 3.25E-26 2.09E-20 4.08E-16 4.82E-14 6.69E-13 1.36E-12 1.60E-12
 1.67E-12 1.67E-12 1.54E-12 1.27E-12 9.80E-13 8.29E-13
 1.59E-33 3.25E-26 2.09E-20 4.08E-16 4.82E-14 6.69E-13 1.36E-12 1.60E-12
 1.67E-12 1.67E-12 1.54E-12 1.27E-12 9.80E-13 8.29E-13
 1.59E-33 3.25E-26 2.09E-20 4.08E-16 4.82E-14 6.69E-13 1.36E-12 1.60E-12
 1.67E-12 1.67E-12 1.54E-12 1.27E-12 9.80E-13 8.29E-13
 1.59E-33 3.25E-26 2.09E-20 4.08E-16 4.82E-14 6.69E-13 1.36E-12 1.59E-12
 1.67E-12 1.67E-12 1.54E-12 1.27E-12 9.80E-13 8.29E-13
  5.25903    7  14 /pl=01:ss=57:pb= 1:sz=57/type=excit/ispb = t/isel =   26
 1.00E+10 1.00E+11 1.00E+12 1.00E+13 1.00E+14 1.00E+15 1.00E+16
 5.80E+01 8.70E+01 1.45E+02 2.90E+02 5.80E+02 1.45E+03 2.90E+03 4.35E+03
 5.80E+03 8.70E+03 1.45E+04 2.90E+04 5.80E+04 8.70E+04
 1.53E-30 2.86E-24 2.73E-19 1.27E-15 7.37E-14 6.94E-13 1.27E-12 1.46E-12
 1.51E-12 1.51E-12 1.42E-12 1.21E-12 9.74E-13 8.46E-13
 1.53E-30 2.86E-24 2.73E-19 1.27E-15 7.37E-14 6.94E-13 1.27E-12 1.46E-12
 1.51E-12 1.51E-12 1.42E-12 1.21E-12 9.74E-13 8.46E-13
 1.53E-30 2.86E-24 2.73E-19 1.27E-15 7.37E-14 6.94E-13 1.27E-12 1.46E-12
 1.51E-12 1.51E-12 1.42E-12 1.21E-12 9.74E-13 8.46E-13
 1.53E-30 2.86E-24 2.73E-19 1.27E-15 7.37E-14 6.94E-13 1.27E-12 1.46E-12
 1.51E-12 1.51E-12 1.42E-12 1.21E-12 9.74E-13 8.46E-13
 1.53E-30 2.86E-24 2.73E-19 1.27E-15 7.37E-14 6.94E-13 1.27E-12 1.46E-12
 1.51E-12 1.51E-12 1.42E-12 1.21E-12 9.74E-13 8.46E-13
 1.53E-30 2.86E-24 2.73E-19 1.27E-15 7.37E-14 6.94E-13 1.27E-12 1.46E-12
 1.51E-12 1.51E-12 1.42E-12 1.21E-12 9.74E-13 8.46E-13
 1.53E-30 2.86E-24 2.73E-19 1.27E-15 7.36E-14 6.93E-13 1.27E-12 1.46E-12
 1.51E-12 1.51E-12 1.42E-12 1.21E-12 9.74E-13 8.46E-13
  5.34342    7  14 /pl=01:ss=57:pb= 1:sz=57/type=excit/ispb = t/isel =   27
 1.00E+10 1.00E+11 1.00E+12 1.00E+13 1.00E+14 1.00E+15 1.00E+16
 5.80E+01 8.70E+01 1.45E+02 2.90E+02 5.80E+02 1.45E+03 2.90E+03 4.35E+03
 5.80E+03 8.70E+03 1.45E+04 2.90E+04 5.80E+04 8.70E+04
 1.45E-32 1.56E-25 6.00E-20 7.97E-16 7.80E-14 9.79E-13 1.94E-12 2.28E-12
 2.40E-12 2.40E-12 2.25E-12 1.88E-12 1.48E-12 1.27E-12
 1.45E-32 1.56E-25 6.00E-20 7.97E-16 7.80E-14 9.79E-13 1.94E-12 2.28E-12
 2.40E-12 2.40E-12 2.25E-12 1.88E-12 1.48E-12 1.27E-12
 1.45E-32 1.56E-25 6.00E-20 7.97E-16 7.80E-14 9.79E-13 1.94E-12 2.28E-12
 2.40E-12 2.40E-12 2.25E-12 1.88E-12 1.48E-12 1.27E-12
 1.45E-32 1.56E-25 6.00E-20 7.97E-16 7.80E-14 9.79E-13 1.94E-12 2.28E-12
 2.40E-12 2.40E-12 2.25E-12 1.88E-12 1.48E-12 1.27E-12
 1.45E-32 1.56E-25 6.00E-20 7.97E-16 7.80E-14 9.79E-13 1.94E-12 2.28E-12
 2.40E-12 2.40E-12 2.25E-12 1.88E-12 1.48E-12 1.27E-12
 1.45E-32 1.56E-25 6.00E-20 7.97E-16 7.80E-14 9.78E-13 1.94E-12 2.28E-12
 2.40E-12 2.40E-12 2.25E-12 1.88E-12 1.48E-12 1.27E-12
 1.45E-32 1.56E-25 6.00E-20 7.97E-16 7.80E-14 9.78E-13 1.94E-12 2.28E-12
 2.40E-12 2.40E-12 2.24E-12 1.88E-12 1.48E-12 1.27E-12
  5.35040    7  14 /pl=01:ss=57:pb= 1:sz=57/type=excit/ispb = t/isel =   28
 1.00E+10 1.00E+11 1.00E+12 1.00E+13 1.00E+14 1.00E+15 1.00E+16
 5.80E+01 8.70E+01 1.45E+02 2.90E+02 5.80E+02 1.45E+03 2.90E+03 4.35E+03
 5.80E+03 8.70E+03 1.45E+04 2.90E+04 5.80E+04 8.70E+04
 1.91E-32 2.06E-25 7.90E-20 1.05E-15 1.03E-13 1.29E-12 2.55E-12 3.00E-12
 3.16E-12 3.17E-12 2.95E-12 2.47E-12 1.95E-12 1.67E-12
 1.91E-32 2.06E-25 7.90E-20 1.05E-15 1.03E-13 1.29E-12 2.55E-12 3.00E-12
 3.16E-12 3.17E-12 2.95E-12 2.47E-12 1.95E-12 1.67E-12
 1.91E-32 2.06E-25 7.90E-20 1.05E-15 1.03E-13 1.29E-12 2.55E-12 3.00E-12
 3.16E-12 3.17E-12 2.95E-12 2.47E-12 1.95E-12 1.67E-12
 1.91E-32 2.06E-25 7.90E-20 1.05E-15 1.03E-13 1.29E-12 2.55E-12 3.00E-12
 3.16E-12 3.17E-12 2.95E-12 2.47E-12 1.95E-12 1.67E-12
 1.91E-32 2.06E-25 7.90E-20 1.05E-15 1.03E-13 1.29E-12 2.55E-12 3.00E-12
 3.16E-12 3.17E-12 2.95E-12 2.47E-12 1.95E-12 1.67E-12
 1.91E-32 2.06E-25 7.90E-20 1.05E-15 1.03E-13 1.29E-12 2.55E-12 3.00E-12
 3.16E-12 3.16E-12 2.95E-12 2.47E-12 1.95E-12 1.67E-12
 1.91E-32 2.06E-25 7.90E-20 1.05E-15 1.03E-13 1.29E-12 2.55E-12 3.00E-12
 3.15E-12 3.16E-12 2.95E-12 2.47E-12 1.95E-12 1.67E-12
  5.46953    7  14 /pl=01:ss=57:pb= 1:sz=57/type=excit/ispb = t/isel =   29
 1.00E+10 1.00E+11 1.00E+12 1.00E+13 1.00E+14 1.00E+15 1.00E+16
 5.80E+01 8.70E+01 1.45E+02 2.90E+02 5.80E+02 1.45E+03 2.90E+03 4.35E+03
 5.80E+03 8.70E+03 1.45E+04 2.90E+04 5.80E+04 8.70E+04
 6.90E-32 3.10E-25 5.89E-20 4.62E-16 3.48E-14 3.80E-13 7.26E-13 8.44E-13
 8.82E-13 8.87E-13 8.30E-13 7.02E-13 5.64E-13 4.88E-13
 6.90E-32 3.10E-25 5.89E-20 4.62E-16 3.48E-14 3.80E-13 7.26E-13 8.44E-13
 8.82E-13 8.87E-13 8.30E-13 7.02E-13 5.64E-13 4.88E-13
 6.90E-32 3.10E-25 5.89E-20 4.62E-16 3.48E-14 3.80E-13 7.26E-13 8.44E-13
 8.82E-13 8.87E-13 8.30E-13 7.02E-13 5.64E-13 4.88E-13
 6.90E-32 3.10E-25 5.89E-20 4.62E-16 3.48E-14 3.80E-13 7.26E-13 8.44E-13
 8.82E-13 8.87E-13 8.30E-13 7.02E-13 5.64E-13 4.88E-13
 6.90E-32 3.10E-25 5.89E-20 4.62E-16 3.48E-14 3.80E-13 7.26E-13 8.44E-13
 8.82E-13 8.87E-13 8.30E-13 7.02E-13 5.64E-13 4.88E-13
 6.90E-32 3.10E-25 5.89E-20 4.62E-16 3.48E-14 3.80E-13 7.26E-13 8.44E-13
 8.82E-13 8.87E-13 8.30E-13 7.02E-13 5.64E-13 4.88E-13
 6.90E-32 3.10E-25 5.89E-20 4.62E-16 3.48E-14 3.80E-13 7.25E-13 8.44E-13
 8.81E-13 8.87E-13 8.29E-13 7.02E-13 5.63E-13 4.88E-13
  11.0897    7  14 /pl=01:ss=57:pb= 1:sz=57/type=excit/ispb = t/isel =   30
 1.00E+10 1.00E+11 1.00E+12 1.00E+13 1.00E+14 1.00E+15 1.00E+16
 5.80E+01 8.70E+01 1.45E+02 2.90E+02 5.80E+02 1.45E+03 2.90E+03 4.35E+03
 5.80E+03 8.70E+03 1.45E+04 2.90E+04 5.80E+04 8.70E+04
 4.37E-20 2.21E-17 2.94E-15 9.85E-14 4.85E-13 1.00E-12 1.09E-12 1.03E-12
 9.74E-13 8.73E-13 7.39E-13 5.75E-13 4.41E-13 3.75E-13
 4.37E-20 2.21E-17 2.94E-15 9.85E-14 4.85E-13 1.00E-12 1.09E-12 1.03E-12
 9.74E-13 8.73E-13 7.39E-13 5.75E-13 4.41E-13 3.75E-13
 4.37E-20 2.21E-17 2.94E-15 9.85E-14 4.85E-13 1.00E-12 1.09E-12 1.03E-12
 9.74E-13 8.73E-13 7.39E-13 5.75E-13 4.41E-13 3.75E-13
 4.37E-20 2.21E-17 2.94E-15 9.85E-14 4.85E-13 1.00E-12 1.09E-12 1.03E-12
 9.74E-13 8.73E-13 7.39E-13 5.75E-13 4.41E-13 3.75E-13
 4.37E-20 2.21E-17 2.94E-15 9.85E-14 4.85E-13 1.00E-12 1.09E-12 1.03E-12
 9.74E-13 8.73E-13 7.39E-13 5.75E-13 4.41E-13 3.75E-13
 4.37E-20 2.21E-17 2.94E-15 9.85E-14 4.85E-13 1.00E-12 1.09E-12 1.03E-12
 9.74E-13 8.72E-13 7.39E-13 5.75E-13 4.41E-13 3.75E-13
 4.37E-20 2.21E-17 2.94E-15 9.85E-14 4.85E-13 1.00E-12 1.09E-12 1.03E-12
 9.74E-13 8.72E-13 7.39E-13 5.74E-13 4.40E-13 3.75E-13
  16.4224    7  14 /pl=01:ss=57:pb= 1:sz=57/type=excit/ispb = t/isel =   31
 1.00E+10 1.00E+11 1.00E+12 1.00E+13 1.00E+14 1.00E+15 1.00E+16
 5.80E+01 8.70E+01 1.45E+02 2.90E+02 5.80E+02 1.45E+03 2.90E+03 4.35E+03
 5.80E+03 8.70E+03 1.45E+04 2.90E+04 5.80E+04 8.70E+04
 2.84E-17 1.78E-15 4.46E-14 4.33E-13 1.14E-12 1.64E-12 1.56E-12 1.43E-12
 1.31E-12 1.15E-12 9.59E-13 7.42E-13 5.65E-13 4.83E-13
 2.84E-17 1.78E-15 4.46E-14 4.33E-13 1.14E-12 1.64E-12 1.56E-12 1.43E-12
 1.31E-12 1.15E-12 9.59E-13 7.42E-13 5.65E-13 4.83E-13
 2.84E-17 1.78E-15 4.46E-14 4.33E-13 1.14E-12 1.64E-12 1.56E-12 1.43E-12
 1.31E-12 1.15E-12 9.59E-13 7.42E-13 5.65E-13 4.83E-13
 2.84E-17 1.78E-15 4.46E-14 4.33E-13 1.14E-12 1.64E-12 1.56E-12 1.43E-12
 1.31E-12 1.15E-12 9.59E-13 7.42E-13 5.65E-13 4.83E-13
 2.84E-17 1.78E-15 4.46E-14 4.33E-13 1.14E-12 1.64E-12 1.56E-12 1.43E-12
 1.31E-12 1.15E-12 9.59E-13 7.42E-13 5.65E-13 4.83E-13
 2.84E-17 1.78E-15 4.46E-14 4.33E-13 1.14E-12 1.64E-12 1.56E-12 1.43E-12
 1.31E-12 1.15E-12 9.59E-13 7.42E-13 5.65E-13 4.83E-13
 2.84E-17 1.78E-15 4.46E-14 4.33E-13 1.14E-12 1.64E-12 1.56E-12 1.43E-12
 1.31E-12 1.15E-12 9.59E-13 7.42E-13 5.64E-13 4.83E-13
  16.5808    7  14 /pl=01:ss=57:pb= 1:sz=57/type=excit/ispb = t/isel =   32
 1.00E+10 1.00E+11 1.00E+12 1.00E+13 1.00E+14 1.00E+15 1.00E+16
 5.80E+01 8.70E+01 1.45E+02 2.90E+02 5.80E+02 1.45E+03 2.90E+03 4.35E+03
 5.80E+03 8.70E+03 1.45E+04 2.90E+04 5.80E+04 8.70E+04
 7.76E-17 4.69E-15 1.14E-13 1.09E-12 2.87E-12 4.12E-12 3.96E-12 3.62E-12
 3.35E-12 2.95E-12 2.47E-12 1.91E-12 1.45E-12 1.24E-12
 7.76E-17 4.69E-15 1.14E-13 1.09E-12 2.87E-12 4.12E-12 3.96E-12 3.62E-12
 3.35E-12 2.95E-12 2.47E-12 1.91E-12 1.45E-12 1.24E-12
 7.76E-17 4.69E-15 1.14E-13 1.09E-12 2.87E-12 4.12E-12 3.96E-12 3.62E-12
 3.35E-12 2.95E-12 2.47E-12 1.91E-12 1.45E-12 1.24E-12
 7.76E-17 4.69E-15 1.14E-13 1.09E-12 2.87E-12 4.12E-12 3.96E-12 3.62E-12
 3.35E-12 2.95E-12 2.47E-12 1.91E-12 1.45E-12 1.24E-12
 7.76E-17 4.69E-15 1.14E-13 1.09E-12 2.87E-12 4.12E-12 3.96E-12 3.62E-12
 3.35E-12 2.95E-12 2.47E-12 1.91E-12 1.45E-12 1.24E-12
 7.76E-17 4.69E-15 1.14E-13 1.09E-12 2.87E-12 4.12E-12 3.96E-12 3.62E-12
 3.35E-12 2.95E-12 2.47E-12 1.91E-12 1.45E-12 1.24E-12
 7.75E-17 4.69E-15 1.14E-13 1.09E-12 2.87E-12 4.12E-12 3.96E-12 3.62E-12
 3.35E-12 2.95E-12 2.47E-12 1.91E-12 1.45E-12 1.24E-12
  18.5073    7  14 /pl=01:ss=57:pb= 1:sz=57/type=excit/ispb = t/isel =   33
 1.00E+10 1.00E+11 1.00E+12 1.00E+13 1.00E+14 1.00E+15 1.00E+16
 5.80E+01 8.70E+01 1.45E+02 2.90E+02 5.80E+02 1.45E+03 2.90E+03 4.35E+03
 5.80E+03 8.70E+03 1.45E+04 2.90E+04 5.80E+04 8.70E+04
 2.45E-15 9.49E-14 1.61E-12 1.17E-11 2.76E-11 3.97E-11 4.06E-11 3.92E-11
 3.76E-11 3.49E-11 3.10E-11 2.56E-11 2.07E-11 1.81E-11
 2.45E-15 9.49E-14 1.61E-12 1.17E-11 2.76E-11 3.97E-11 4.06E-11 3.92E-11
 3.76E-11 3.49E-11 3.10E-11 2.56E-11 2.07E-11 1.81E-11
 2.45E-15 9.49E-14 1.61E-12 1.17E-11 2.76E-11 3.97E-11 4.06E-11 3.92E-11
 3.76E-11 3.49E-11 3.10E-11 2.56E-11 2.07E-11 1.81E-11
 2.45E-15 9.49E-14 1.61E-12 1.17E-11 2.76E-11 3.97E-11 4.06E-11 3.92E-11
 3.76E-11 3.49E-11 3.10E-11 2.56E-11 2.07E-11 1.81E-11
 2.45E-15 9.49E-14 1.61E-12 1.17E-11 2.76E-11 3.97E-11 4.06E-11 3.92E-11
 3.76E-11 3.49E-11 3.10E-11 2.56E-11 2.07E-11 1.81E-11
 2.45E-15 9.49E-14 1.61E-12 1.17E-11 2.76E-11 3.97E-11 4.06E-11 3.92E-11
 3.76E-11 3.49E-11 3.10E-11 2.56E-11 2.07E-11 1.81E-11
 2.45E-15 9.49E-14 1.61E-12 1.17E-11 2.76E-11 3.97E-11 4.06E-11 3.92E-11
 3.76E-11 3.49E-11 3.10E-11 2.56E-11 2.07E-11 1.81E-11
  22.5807    7  14 /pl=01:ss=57:pb= 1:sz=57/type=excit/ispb = t/isel =   34
 1.00E+10 1.00E+11 1.00E+12 1.00E+13 1.00E+14 1.00E+15 1.00E+16
 5.80E+01 8.70E+01 1.45E+02 2.90E+02 5.80E+02 1.45E+03 2.90E+03 4.35E+03
 5.80E+03 8.70E+03 1.45E+04 2.90E+04 5.80E+04 8.70E+04
 2.84E-14 5.51E-13 5.41E-12 2.64E-11 5.13E-11 6.67E-11 6.58E-11 6.24E-11
 5.93E-11 5.40E-11 4.71E-11 3.82E-11 3.02E-11 2.62E-11
 2.84E-14 5.51E-13 5.41E-12 2.64E-11 5.13E-11 6.67E-11 6.58E-11 6.24E-11
 5.93E-11 5.40E-11 4.71E-11 3.82E-11 3.02E-11 2.62E-11
 2.84E-14 5.51E-13 5.41E-12 2.64E-11 5.13E-11 6.67E-11 6.58E-11 6.24E-11
 5.93E-11 5.40E-11 4.71E-11 3.82E-11 3.02E-11 2.62E-11
 2.84E-14 5.51E-13 5.41E-12 2.64E-11 5.13E-11 6.67E-11 6.58E-11 6.24E-11
 5.93E-11 5.40E-11 4.71E-11 3.82E-11 3.02E-11 2.62E-11
 2.84E-14 5.51E-13 5.41E-12 2.64E-11 5.13E-11 6.67E-11 6.58E-11 6.24E-11
 5.93E-11 5.40E-11 4.71E-11 3.82E-11 3.02E-11 2.62E-11
 2.84E-14 5.51E-13 5.41E-12 2.64E-11 5.13E-11 6.67E-11 6.58E-11 6.24E-11
 5.93E-11 5.40E-11 4.71E-11 3.82E-11 3.02E-11 2.62E-11
 2.84E-14 5.51E-13 5.41E-12 2.64E-11 5.13E-11 6.66E-11 6.58E-11 6.24E-11
 5.92E-11 5.40E-11 4.71E-11 3.81E-11 3.02E-11 2.62E-11
  23.2193    7  14 /pl=01:ss=57:pb= 1:sz=57/type=excit/ispb = t/isel =   35
 1.00E+10 1.00E+11 1.00E+12 1.00E+13 1.00E+14 1.00E+15 1.00E+16
 5.80E+01 8.70E+01 1.45E+02 2.90E+02 5.80E+02 1.45E+03 2.90E+03 4.35E+03
 5.80E+03 8.70E+03 1.45E+04 2.90E+04 5.80E+04 8.70E+04
 1.00E-13 1.77E-12 1.62E-11 7.45E-11 1.40E-10 1.75E-10 1.70E-10 1.60E-10
 1.52E-10 1.38E-10 1.22E-10 9.85E-11 7.89E-11 6.84E-11
 1.00E-13 1.77E-12 1.62E-11 7.45E-11 1.40E-10 1.75E-10 1.70E-10 1.60E-10
 1.52E-10 1.38E-10 1.22E-10 9.85E-11 7.89E-11 6.84E-11
 1.00E-13 1.77E-12 1.62E-11 7.45E-11 1.40E-10 1.75E-10 1.70E-10 1.60E-10
 1.52E-10 1.38E-10 1.22E-10 9.85E-11 7.89E-11 6.84E-11
 1.00E-13 1.77E-12 1.62E-11 7.45E-11 1.40E-10 1.75E-10 1.70E-10 1.60E-10
 1.52E-10 1.38E-10 1.22E-10 9.85E-11 7.89E-11 6.84E-11
 1.00E-13 1.77E-12 1.62E-11 7.45E-11 1.40E-10 1.75E-10 1.70E-10 1.60E-10
 1.52E-10 1.38E-10 1.22E-10 9.85E-11 7.89E-11 6.84E-11
 1.00E-13 1.77E-12 1.62E-11 7.45E-11 1.40E-10 1.75E-10 1.70E-10 1.60E-10
 1.52E-10 1.38E-10 1.22E-10 9.85E-11 7.89E-11 6.84E-11
 1.00E-13 1.77E-12 1.62E-11 7.45E-11 1.39E-10 1.74E-10 1.70E-10 1.60E-10
 1.52E-10 1.38E-10 1.22E-10 9.85E-11 7.89E-11 6.84E-11
  23.3516    7  14 /pl=01:ss=57:pb= 1:sz=57/type=excit/ispb = t/isel =   36
 1.00E+10 1.00E+11 1.00E+12 1.00E+13 1.00E+14 1.00E+15 1.00E+16
 5.80E+01 8.70E+01 1.45E+02 2.90E+02 5.80E+02 1.45E+03 2.90E+03 4.35E+03
 5.80E+03 8.70E+03 1.45E+04 2.90E+04 5.80E+04 8.70E+04
 6.89E-14 1.20E-12 1.08E-11 4.91E-11 9.17E-11 1.15E-10 1.12E-10 1.05E-10
 1.00E-10 9.13E-11 8.00E-11 6.52E-11 5.20E-11 4.53E-11
 6.89E-14 1.20E-12 1.08E-11 4.91E-11 9.17E-11 1.15E-10 1.12E-10 1.05E-10
 1.00E-10 9.13E-11 8.00E-11 6.52E-11 5.20E-11 4.53E-11
 6.89E-14 1.20E-12 1.08E-11 4.91E-11 9.17E-11 1.15E-10 1.12E-10 1.05E-10
 1.00E-10 9.13E-11 8.00E-11 6.52E-11 5.20E-11 4.53E-11
 6.89E-14 1.20E-12 1.08E-11 4.91E-11 9.17E-11 1.15E-10 1.12E-10 1.05E-10
 1.00E-10 9.13E-11 8.00E-11 6.52E-11 5.20E-11 4.53E-11
 6.89E-14 1.20E-12 1.08E-11 4.91E-11 9.17E-11 1.15E-10 1.12E-10 1.05E-10
 1.00E-10 9.13E-11 8.00E-11 6.52E-11 5.20E-11 4.53E-11
 6.89E-14 1.20E-12 1.08E-11 4.91E-11 9.17E-11 1.15E-10 1.12E-10 1.05E-10
 1.00E-10 9.13E-11 8.00E-11 6.52E-11 5.20E-11 4.53E-11
 6.89E-14 1.20E-12 1.08E-11 4.91E-11 9.16E-11 1.15E-10 1.12E-10 1.05E-10
 9.99E-11 9.13E-11 8.00E-11 6.51E-11 5.20E-11 4.53E-11
  23.4335    7  14 /pl=01:ss=57:pb= 1:sz=57/type=excit/ispb = t/isel =   37
 1.00E+10 1.00E+11 1.00E+12 1.00E+13 1.00E+14 1.00E+15 1.00E+16
 5.80E+01 8.70E+01 1.45E+02 2.90E+02 5.80E+02 1.45E+03 2.90E+03 4.35E+03
 5.80E+03 8.70E+03 1.45E+04 2.90E+04 5.80E+04 8.70E+04
 6.66E-19 1.46E-16 9.90E-15 2.01E-13 7.70E-13 1.37E-12 1.40E-12 1.30E-12
 1.21E-12 1.07E-12 8.99E-13 6.89E-13 5.20E-13 4.43E-13
 6.66E-19 1.46E-16 9.90E-15 2.01E-13 7.70E-13 1.37E-12 1.40E-12 1.30E-12
 1.21E-12 1.07E-12 8.99E-13 6.89E-13 5.20E-13 4.43E-13
 6.66E-19 1.46E-16 9.90E-15 2.01E-13 7.70E-13 1.37E-12 1.40E-12 1.30E-12
 1.21E-12 1.07E-12 8.99E-13 6.89E-13 5.20E-13 4.43E-13
 6.66E-19 1.46E-16 9.90E-15 2.01E-13 7.70E-13 1.37E-12 1.40E-12 1.30E-12
 1.21E-12 1.07E-12 8.99E-13 6.89E-13 5.20E-13 4.43E-13
 6.66E-19 1.46E-16 9.90E-15 2.01E-13 7.70E-13 1.37E-12 1.40E-12 1.30E-12
 1.21E-12 1.07E-12 8.99E-13 6.89E-13 5.20E-13 4.43E-13
 6.66E-19 1.46E-16 9.90E-15 2.01E-13 7.70E-13 1.37E-12 1.40E-12 1.30E-12
 1.21E-12 1.07E-12 8.99E-13 6.89E-13 5.20E-13 4.43E-13
 6.66E-19 1.46E-16 9.90E-15 2.01E-13 7.70E-13 1.37E-12 1.40E-12 1.30E-12
 1.21E-12 1.07E-12 8.98E-13 6.89E-13 5.20E-13 4.43E-13
  24.8635    7  14 /pl=01:ss=57:pb= 1:sz=57/type=excit/ispb = t/isel =   38
 1.00E+10 1.00E+11 1.00E+12 1.00E+13 1.00E+14 1.00E+15 1.00E+16
 5.80E+01 8.70E+01 1.45E+02 2.90E+02 5.80E+02 1.45E+03 2.90E+03 4.35E+03
 5.80E+03 8.70E+03 1.45E+04 2.90E+04 5.80E+04 8.70E+04
 5.23E-14 7.56E-13 5.87E-12 2.40E-11 4.26E-11 5.14E-11 4.94E-11 4.64E-11
 4.40E-11 4.03E-11 3.53E-11 2.91E-11 2.33E-11 2.04E-11
 5.23E-14 7.56E-13 5.87E-12 2.40E-11 4.26E-11 5.14E-11 4.94E-11 4.64E-11
 4.40E-11 4.03E-11 3.53E-11 2.91E-11 2.33E-11 2.04E-11
 5.23E-14 7.56E-13 5.87E-12 2.40E-11 4.26E-11 5.14E-11 4.94E-11 4.64E-11
 4.40E-11 4.03E-11 3.53E-11 2.91E-11 2.33E-11 2.04E-11
 5.23E-14 7.56E-13 5.87E-12 2.40E-11 4.26E-11 5.14E-11 4.94E-11 4.64E-11
 4.40E-11 4.03E-11 3.53E-11 2.91E-11 2.33E-11 2.04E-11
 5.23E-14 7.56E-13 5.87E-12 2.40E-11 4.26E-11 5.14E-11 4.94E-11 4.64E-11
 4.40E-11 4.03E-11 3.53E-11 2.91E-11 2.33E-11 2.04E-11
 5.23E-14 7.56E-13 5.87E-12 2.40E-11 4.26E-11 5.14E-11 4.94E-11 4.64E-11
 4.40E-11 4.03E-11 3.53E-11 2.91E-11 2.33E-11 2.04E-11
 5.23E-14 7.56E-13 5.87E-12 2.40E-11 4.26E-11 5.14E-11 4.94E-11 4.64E-11
 4.40E-11 4.03E-11 3.53E-11 2.91E-11 2.33E-11 2.04E-11
  27.9731    7  14 /pl=01:ss=57:pb= 1:sz=57/type=excit/ispb = t/isel =   39
 1.00E+10 1.00E+11 1.00E+12 1.00E+13 1.00E+14 1.00E+15 1.00E+16
 5.80E+01 8.70E+01 1.45E+02 2.90E+02 5.80E+02 1.45E+03 2.90E+03 4.35E+03
 5.80E+03 8.70E+03 1.45E+04 2.90E+04 5.80E+04 8.70E+04
 8.82E-14 9.30E-13 5.89E-12 2.25E-11 4.12E-11 5.18E-11 4.97E-11 4.64E-11
 4.36E-11 3.94E-11 3.40E-11 2.73E-11 2.15E-11 1.86E-11
 8.82E-14 9.30E-13 5.89E-12 2.25E-11 4.12E-11 5.18E-11 4.97E-11 4.64E-11
 4.36E-11 3.94E-11 3.40E-11 2.73E-11 2.15E-11 1.86E-11
 8.82E-14 9.30E-13 5.89E-12 2.25E-11 4.12E-11 5.18E-11 4.97E-11 4.64E-11
 4.36E-11 3.94E-11 3.40E-11 2.73E-11 2.15E-11 1.86E-11
 8.82E-14 9.30E-13 5.89E-12 2.25E-11 4.12E-11 5.18E-11 4.97E-11 4.64E-11
 4.36E-11 3.94E-11 3.40E-11 2.73E-11 2.15E-11 1.86E-11
 8.82E-14 9.30E-13 5.89E-12 2.25E-11 4.12E-11 5.18E-11 4.97E-11 4.64E-11
 4.36E-11 3.94E-11 3.40E-11 2.73E-11 2.15E-11 1.86E-11
 8.82E-14 9.30E-13 5.89E-12 2.25E-11 4.12E-11 5.18E-11 4.97E-11 4.64E-11
 4.36E-11 3.94E-11 3.40E-11 2.73E-11 2.15E-11 1.86E-11
 8.82E-14 9.30E-13 5.89E-12 2.25E-11 4.12E-11 5.18E-11 4.97E-11 4.64E-11
 4.36E-11 3.94E-11 3.40E-11 2.73E-11 2.15E-11 1.86E-11
  28.7203    7  14 /pl=01:ss=57:pb= 1:sz=57/type=excit/ispb = t/isel =   40
 1.00E+10 1.00E+11 1.00E+12 1.00E+13 1.00E+14 1.00E+15 1.00E+16
 5.80E+01 8.70E+01 1.45E+02 2.90E+02 5.80E+02 1.45E+03 2.90E+03 4.35E+03
 5.80E+03 8.70E+03 1.45E+04 2.90E+04 5.80E+04 8.70E+04
 3.49E-14 3.44E-13 1.98E-12 6.52E-12 1.05E-11 1.30E-11 1.35E-11 1.32E-11
 1.27E-11 1.18E-11 1.04E-11 8.49E-12 6.71E-12 5.79E-12
 3.49E-14 3.44E-13 1.98E-12 6.52E-12 1.05E-11 1.30E-11 1.35E-11 1.32E-11
 1.27E-11 1.18E-11 1.04E-11 8.49E-12 6.71E-12 5.79E-12
 3.49E-14 3.44E-13 1.98E-12 6.52E-12 1.05E-11 1.30E-11 1.35E-11 1.32E-11
 1.27E-11 1.18E-11 1.04E-11 8.49E-12 6.71E-12 5.79E-12
 3.49E-14 3.44E-13 1.98E-12 6.52E-12 1.05E-11 1.30E-11 1.35E-11 1.32E-11
 1.27E-11 1.18E-11 1.04E-11 8.49E-12 6.71E-12 5.79E-12
 3.49E-14 3.44E-13 1.98E-12 6.52E-12 1.05E-11 1.30E-11 1.35E-11 1.32E-11
 1.27E-11 1.18E-11 1.04E-11 8.49E-12 6.71E-12 5.79E-12
 3.49E-14 3.44E-13 1.98E-12 6.52E-12 1.05E-11 1.30E-11 1.35E-11 1.32E-11
 1.27E-11 1.18E-11 1.04E-11 8.49E-12 6.71E-12 5.79E-12
 3.49E-14 3.44E-13 1.98E-12 6.52E-12 1.05E-11 1.30E-11 1.35E-11 1.32E-11
 1.27E-11 1.18E-11 1.04E-11 8.49E-12 6.71E-12 5.79E-12
  29.3879    7  14 /pl=01:ss=57:pb= 1:sz=57/type=excit/ispb = t/isel =   41
 1.00E+10 1.00E+11 1.00E+12 1.00E+13 1.00E+14 1.00E+15 1.00E+16
 5.80E+01 8.70E+01 1.45E+02 2.90E+02 5.80E+02 1.45E+03 2.90E+03 4.35E+03
 5.80E+03 8.70E+03 1.45E+04 2.90E+04 5.80E+04 8.70E+04
 4.85E-13 4.51E-12 2.46E-11 7.74E-11 1.21E-10 1.36E-10 1.27E-10 1.18E-10
 1.11E-10 1.01E-10 8.72E-11 7.02E-11 5.56E-11 4.81E-11
 4.85E-13 4.51E-12 2.46E-11 7.74E-11 1.21E-10 1.36E-10 1.27E-10 1.18E-10
 1.11E-10 1.01E-10 8.72E-11 7.02E-11 5.56E-11 4.81E-11
 4.85E-13 4.51E-12 2.46E-11 7.74E-11 1.21E-10 1.36E-10 1.27E-10 1.18E-10
 1.11E-10 1.01E-10 8.72E-11 7.02E-11 5.56E-11 4.81E-11
 4.85E-13 4.51E-12 2.46E-11 7.74E-11 1.21E-10 1.36E-10 1.27E-10 1.18E-10
 1.11E-10 1.01E-10 8.72E-11 7.02E-11 5.56E-11 4.81E-11
 4.85E-13 4.51E-12 2.46E-11 7.74E-11 1.21E-10 1.36E-10 1.27E-10 1.18E-10
 1.11E-10 1.01E-10 8.72E-11 7.02E-11 5.56E-11 4.81E-11
 4.85E-13 4.51E-12 2.46E-11 7.74E-11 1.21E-10 1.36E-10 1.27E-10 1.18E-10
 1.11E-10 1.01E-10 8.71E-11 7.02E-11 5.56E-11 4.81E-11
 4.85E-13 4.51E-12 2.46E-11 7.74E-11 1.21E-10 1.36E-10 1.27E-10 1.18E-10
 1.11E-10 1.01E-10 8.71E-11 7.02E-11 5.56E-11 4.81E-11
  31.5856    7  14 /pl=01:ss=57:pb= 1:sz=57/type=excit/ispb = t/isel =   42
 1.00E+10 1.00E+11 1.00E+12 1.00E+13 1.00E+14 1.00E+15 1.00E+16
 5.80E+01 8.70E+01 1.45E+02 2.90E+02 5.80E+02 1.45E+03 2.90E+03 4.35E+03
 5.80E+03 8.70E+03 1.45E+04 2.90E+04 5.80E+04 8.70E+04
 2.04E-17 2.04E-15 7.48E-14 9.70E-13 2.99E-12 4.72E-12 4.65E-12 4.30E-12
 4.00E-12 3.53E-12 2.96E-12 2.28E-12 1.75E-12 1.49E-12
 2.04E-17 2.04E-15 7.48E-14 9.70E-13 2.99E-12 4.72E-12 4.65E-12 4.30E-12
 4.00E-12 3.53E-12 2.96E-12 2.28E-12 1.75E-12 1.49E-12
 2.04E-17 2.04E-15 7.48E-14 9.70E-13 2.99E-12 4.72E-12 4.65E-12 4.30E-12
 4.00E-12 3.53E-12 2.96E-12 2.28E-12 1.75E-12 1.49E-12
 2.04E-17 2.04E-15 7.48E-14 9.70E-13 2.99E-12 4.72E-12 4.65E-12 4.30E-12
 4.00E-12 3.53E-12 2.96E-12 2.28E-12 1.75E-12 1.49E-12
 2.04E-17 2.04E-15 7.48E-14 9.70E-13 2.99E-12 4.72E-12 4.65E-12 4.30E-12
 4.00E-12 3.53E-12 2.96E-12 2.28E-12 1.75E-12 1.49E-12
 2.04E-17 2.04E-15 7.48E-14 9.70E-13 2.99E-12 4.72E-12 4.65E-12 4.30E-12
 4.00E-12 3.53E-12 2.96E-12 2.28E-12 1.75E-12 1.49E-12
 2.04E-17 2.04E-15 7.48E-14 9.70E-13 2.99E-12 4.72E-12 4.65E-12 4.30E-12
 4.00E-12 3.53E-12 2.96E-12 2.28E-12 1.75E-12 1.49E-12
  32.4212    7  14 /pl=01:ss=57:pb= 1:sz=57/type=excit/ispb = t/isel =   43
 1.00E+10 1.00E+11 1.00E+12 1.00E+13 1.00E+14 1.00E+15 1.00E+16
 5.80E+01 8.70E+01 1.45E+02 2.90E+02 5.80E+02 1.45E+03 2.90E+03 4.35E+03
 5.80E+03 8.70E+03 1.45E+04 2.90E+04 5.80E+04 8.70E+04
 1.81E-17 1.71E-15 6.01E-14 7.67E-13 2.37E-12 3.78E-12 3.77E-12 3.51E-12
 3.28E-12 2.93E-12 2.48E-12 1.95E-12 1.52E-12 1.31E-12
 1.81E-17 1.71E-15 6.01E-14 7.67E-13 2.37E-12 3.78E-12 3.77E-12 3.51E-12
 3.28E-12 2.93E-12 2.48E-12 1.95E-12 1.52E-12 1.31E-12
 1.81E-17 1.71E-15 6.01E-14 7.67E-13 2.37E-12 3.78E-12 3.77E-12 3.51E-12
 3.28E-12 2.93E-12 2.48E-12 1.95E-12 1.52E-12 1.31E-12
 1.81E-17 1.71E-15 6.01E-14 7.67E-13 2.37E-12 3.78E-12 3.77E-12 3.51E-12
 3.28E-12 2.93E-12 2.48E-12 1.95E-12 1.52E-12 1.31E-12
 1.81E-17 1.71E-15 6.01E-14 7.67E-13 2.37E-12 3.78E-12 3.77E-12 3.51E-12
 3.28E-12 2.93E-12 2.48E-12 1.95E-12 1.52E-12 1.31E-12
 1.81E-17 1.71E-15 6.01E-14 7.67E-13 2.37E-12 3.78E-12 3.77E-12 3.51E-12
 3.28E-12 2.93E-12 2.48E-12 1.95E-12 1.52E-12 1.31E-12
 1.81E-17 1.71E-15 6.01E-14 7.67E-13 2.37E-12 3.77E-12 3.77E-12 3.51E-12
 3.28E-12 2.93E-12 2.48E-12 1.95E-12 1.52E-12 1.31E-12
  37.8601    7  14 /pl=01:ss=57:pb= 1:sz=57/type=excit/ispb = t/isel =   44
 1.00E+10 1.00E+11 1.00E+12 1.00E+13 1.00E+14 1.00E+15 1.00E+16
 5.80E+01 8.70E+01 1.45E+02 2.90E+02 5.80E+02 1.45E+03 2.90E+03 4.35E+03
 5.80E+03 8.70E+03 1.45E+04 2.90E+04 5.80E+04 8.70E+04
 1.39E-17 9.60E-16 2.60E-14 2.67E-13 7.30E-13 1.07E-12 1.04E-12 9.54E-13
 8.84E-13 7.79E-13 6.52E-13 5.04E-13 3.85E-13 3.28E-13
 1.39E-17 9.60E-16 2.60E-14 2.67E-13 7.30E-13 1.07E-12 1.04E-12 9.54E-13
 8.84E-13 7.79E-13 6.52E-13 5.04E-13 3.85E-13 3.28E-13
 1.39E-17 9.60E-16 2.60E-14 2.67E-13 7.30E-13 1.07E-12 1.04E-12 9.54E-13
 8.84E-13 7.79E-13 6.52E-13 5.04E-13 3.85E-13 3.28E-13
 1.39E-17 9.60E-16 2.60E-14 2.67E-13 7.30E-13 1.07E-12 1.04E-12 9.54E-13
 8.84E-13 7.79E-13 6.52E-13 5.04E-13 3.85E-13 3.28E-13
 1.39E-17 9.60E-16 2.60E-14 2.67E-13 7.30E-13 1.07E-12 1.04E-12 9.54E-13
 8.84E-13 7.79E-13 6.52E-13 5.04E-13 3.85E-13 3.28E-13
 1.39E-17 9.60E-16 2.60E-14 2.67E-13 7.30E-13 1.07E-12 1.04E-12 9.54E-13
 8.84E-13 7.79E-13 6.52E-13 5.04E-13 3.85E-13 3.28E-13
 1.39E-17 9.60E-16 2.60E-14 2.67E-13 7.30E-13 1.07E-12 1.04E-12 9.54E-13
 8.84E-13 7.79E-13 6.52E-13 5.04E-13 3.85E-13 3.28E-13
  38.8160    7  14 /pl=01:ss=57:pb= 1:sz=57/type=excit/ispb = t/isel =   45
 1.00E+10 1.00E+11 1.00E+12 1.00E+13 1.00E+14 1.00E+15 1.00E+16
 5.80E+01 8.70E+01 1.45E+02 2.90E+02 5.80E+02 1.45E+03 2.90E+03 4.35E+03
 5.80E+03 8.70E+03 1.45E+04 2.90E+04 5.80E+04 8.70E+04
 2.44E-13 1.26E-12 4.39E-12 1.02E-11 1.42E-11 1.57E-11 1.52E-11 1.44E-11
 1.37E-11 1.26E-11 1.10E-11 8.99E-12 7.16E-12 6.23E-12
 2.44E-13 1.26E-12 4.39E-12 1.02E-11 1.42E-11 1.57E-11 1.52E-11 1.44E-11
 1.37E-11 1.26E-11 1.10E-11 8.99E-12 7.16E-12 6.23E-12
 2.44E-13 1.26E-12 4.39E-12 1.02E-11 1.42E-11 1.57E-11 1.52E-11 1.44E-11
 1.37E-11 1.26E-11 1.10E-11 8.99E-12 7.16E-12 6.23E-12
 2.44E-13 1.26E-12 4.39E-12 1.02E-11 1.42E-11 1.57E-11 1.52E-11 1.44E-11
 1.37E-11 1.26E-11 1.10E-11 8.99E-12 7.16E-12 6.23E-12
 2.44E-13 1.26E-12 4.39E-12 1.02E-11 1.42E-11 1.57E-11 1.52E-11 1.44E-11
 1.37E-11 1.26E-11 1.10E-11 8.99E-12 7.16E-12 6.23E-12
 2.44E-13 1.26E-12 4.39E-12 1.02E-11 1.42E-11 1.57E-11 1.52E-11 1.44E-11
 1.37E-11 1.26E-11 1.10E-11 8.99E-12 7.16E-12 6.23E-12
 2.44E-13 1.26E-12 4.39E-12 1.02E-11 1.42E-11 1.57E-11 1.52E-11 1.44E-11
 1.37E-11 1.26E-11 1.10E-11 8.99E-12 7.16E-12 6.22E-12
  39.2912    7  14 /pl=01:ss=57:pb= 1:sz=57/type=excit/ispb = t/isel =   46
 1.00E+10 1.00E+11 1.00E+12 1.00E+13 1.00E+14 1.00E+15 1.00E+16
 5.80E+01 8.70E+01 1.45E+02 2.90E+02 5.80E+02 1.45E+03 2.90E+03 4.35E+03
 5.80E+03 8.70E+03 1.45E+04 2.90E+04 5.80E+04 8.70E+04
 6.46E-17 4.14E-15 1.06E-13 1.05E-12 2.80E-12 4.04E-12 3.84E-12 3.49E-12
 3.21E-12 2.79E-12 2.31E-12 1.75E-12 1.31E-12 1.11E-12
 6.46E-17 4.14E-15 1.06E-13 1.05E-12 2.80E-12 4.04E-12 3.84E-12 3.49E-12
 3.21E-12 2.79E-12 2.31E-12 1.75E-12 1.31E-12 1.11E-12
 6.46E-17 4.14E-15 1.06E-13 1.05E-12 2.80E-12 4.04E-12 3.84E-12 3.49E-12
 3.21E-12 2.79E-12 2.31E-12 1.75E-12 1.31E-12 1.11E-12
 6.46E-17 4.14E-15 1.06E-13 1.05E-12 2.80E-12 4.04E-12 3.84E-12 3.49E-12
 3.21E-12 2.79E-12 2.31E-12 1.75E-12 1.31E-12 1.11E-12
 6.46E-17 4.14E-15 1.06E-13 1.05E-12 2.80E-12 4.04E-12 3.84E-12 3.49E-12
 3.21E-12 2.79E-12 2.31E-12 1.75E-12 1.31E-12 1.11E-12
 6.46E-17 4.14E-15 1.06E-13 1.05E-12 2.80E-12 4.04E-12 3.84E-12 3.49E-12
 3.21E-12 2.79E-12 2.31E-12 1.75E-12 1.31E-12 1.11E-12
 6.46E-17 4.14E-15 1.06E-13 1.05E-12 2.80E-12 4.04E-12 3.84E-12 3.49E-12
 3.21E-12 2.79E-12 2.31E-12 1.75E-12 1.31E-12 1.11E-12
  39.7709    7  14 /pl=01:ss=57:pb= 1:sz=57/type=excit/ispb = t/isel =   47
 1.00E+10 1.00E+11 1.00E+12 1.00E+13 1.00E+14 1.00E+15 1.00E+16
 5.80E+01 8.70E+01 1.45E+02 2.90E+02 5.80E+02 1.45E+03 2.90E+03 4.35E+03
 5.80E+03 8.70E+03 1.45E+04 2.90E+04 5.80E+04 8.70E+04
 1.77E-17 1.11E-15 2.79E-14 2.70E-13 7.13E-13 1.02E-12 9.76E-13 8.91E-13
 8.18E-13 7.18E-13 5.99E-13 4.63E-13 3.52E-13 3.02E-13
 1.77E-17 1.11E-15 2.79E-14 2.70E-13 7.13E-13 1.02E-12 9.76E-13 8.91E-13
 8.18E-13 7.18E-13 5.99E-13 4.63E-13 3.52E-13 3.02E-13
 1.77E-17 1.11E-15 2.79E-14 2.70E-13 7.13E-13 1.02E-12 9.76E-13 8.91E-13
 8.18E-13 7.18E-13 5.99E-13 4.63E-13 3.52E-13 3.02E-13
 1.77E-17 1.11E-15 2.79E-14 2.70E-13 7.13E-13 1.02E-12 9.76E-13 8.91E-13
 8.18E-13 7.18E-13 5.99E-13 4.63E-13 3.52E-13 3.02E-13
 1.77E-17 1.11E-15 2.79E-14 2.70E-13 7.13E-13 1.02E-12 9.76E-13 8.91E-13
 8.18E-13 7.18E-13 5.99E-13 4.63E-13 3.52E-13 3.02E-13
 1.77E-17 1.11E-15 2.79E-14 2.70E-13 7.13E-13 1.02E-12 9.76E-13 8.91E-13
 8.18E-13 7.18E-13 5.99E-13 4.63E-13 3.52E-13 3.02E-13
 1.77E-17 1.11E-15 2.79E-14 2.70E-13 7.13E-13 1.02E-12 9.76E-13 8.90E-13
 8.17E-13 7.17E-13 5.98E-13 4.63E-13 3.52E-13 3.01E-13
  42.3413    7  14 /pl=01:ss=57:pb= 1:sz=57/type=excit/ispb = t/isel =   48
 1.00E+10 1.00E+11 1.00E+12 1.00E+13 1.00E+14 1.00E+15 1.00E+16
 5.80E+01 8.70E+01 1.45E+02 2.90E+02 5.80E+02 1.45E+03 2.90E+03 4.35E+03
 5.80E+03 8.70E+03 1.45E+04 2.90E+04 5.80E+04 8.70E+04
 2.20E-13 9.81E-13 2.96E-12 6.00E-12 7.64E-12 9.13E-12 1.04E-11 1.06E-11
 1.05E-11 1.01E-11 9.18E-12 7.66E-12 6.15E-12 5.35E-12
 2.20E-13 9.81E-13 2.96E-12 6.00E-12 7.64E-12 9.13E-12 1.04E-11 1.06E-11
 1.05E-11 1.01E-11 9.18E-12 7.66E-12 6.15E-12 5.35E-12
 2.20E-13 9.81E-13 2.96E-12 6.00E-12 7.64E-12 9.13E-12 1.04E-11 1.06E-11
 1.05E-11 1.01E-11 9.18E-12 7.66E-12 6.15E-12 5.35E-12
 2.20E-13 9.81E-13 2.96E-12 6.00E-12 7.64E-12 9.13E-12 1.04E-11 1.06E-11
 1.05E-11 1.01E-11 9.18E-12 7.66E-12 6.15E-12 5.35E-12
 2.20E-13 9.81E-13 2.96E-12 6.00E-12 7.64E-12 9.13E-12 1.04E-11 1.06E-11
 1.05E-11 1.01E-11 9.18E-12 7.66E-12 6.15E-12 5.35E-12
 2.20E-13 9.81E-13 2.96E-12 6.00E-12 7.64E-12 9.13E-12 1.04E-11 1.06E-11
 1.05E-11 1.01E-11 9.18E-12 7.66E-12 6.15E-12 5.35E-12
 2.20E-13 9.81E-13 2.96E-12 6.00E-12 7.64E-12 9.13E-12 1.04E-11 1.06E-11
 1.05E-11 1.01E-11 9.18E-12 7.66E-12 6.15E-12 5.35E-12
  65.3569    7  14 /pl=01:ss=57:pb= 1:sz=57/type=excit/ispb = t/isel =   49
 1.00E+10 1.00E+11 1.00E+12 1.00E+13 1.00E+14 1.00E+15 1.00E+16
 5.80E+01 8.70E+01 1.45E+02 2.90E+02 5.80E+02 1.45E+03 2.90E+03 4.35E+03
 5.80E+03 8.70E+03 1.45E+04 2.90E+04 5.80E+04 8.70E+04
 2.00E-13 4.92E-13 9.44E-13 1.43E-12 1.86E-12 4.04E-12 6.24E-12 6.94E-12
 7.12E-12 7.01E-12 6.46E-12 5.37E-12 4.24E-12 3.64E-12
 2.00E-13 4.92E-13 9.44E-13 1.43E-12 1.86E-12 4.04E-12 6.24E-12 6.94E-12
 7.12E-12 7.01E-12 6.46E-12 5.37E-12 4.24E-12 3.64E-12
 2.00E-13 4.92E-13 9.44E-13 1.43E-12 1.86E-12 4.04E-12 6.24E-12 6.94E-12
 7.12E-12 7.01E-12 6.46E-12 5.37E-12 4.24E-12 3.64E-12
 2.00E-13 4.92E-13 9.44E-13 1.43E-12 1.86E-12 4.04E-12 6.24E-12 6.94E-12
 7.12E-12 7.01E-12 6.46E-12 5.37E-12 4.24E-12 3.64E-12
 2.00E-13 4.92E-13 9.44E-13 1.43E-12 1.86E-12 4.04E-12 6.24E-12 6.94E-12
 7.12E-12 7.01E-12 6.46E-12 5.37E-12 4.24E-12 3.64E-12
 2.00E-13 4.92E-13 9.44E-13 1.43E-12 1.86E-12 4.04E-12 6.24E-12 6.94E-12
 7.12E-12 7.01E-12 6.46E-12 5.37E-12 4.24E-12 3.64E-12
 2.00E-13 4.92E-13 9.44E-13 1.43E-12 1.86E-12 4.04E-12 6.23E-12 6.94E-12
 7.12E-12 7.01E-12 6.45E-12 5.37E-12 4.24E-12 3.64E-12
  933.707    7  14 /pl=01:ss=57:pb= 1:sz=57/type=excit/ispb = t/isel =   50
 1.00E+10 1.00E+11 1.00E+12 1.00E+13 1.00E+14 1.00E+15 1.00E+16
 5.80E+01 8.70E+01 1.45E+02 2.90E+02 5.80E+02 1.45E+03 2.90E+03 4.35E+03
 5.80E+03 8.70E+03 1.45E+04 2.90E+04 5.80E+04 8.70E+04
 4.31E-17 4.30E-16 3.88E-15 2.56E-14 9.54E-14 4.92E-13 9.47E-13 1.13E-12
 1.20E-12 1.22E-12 1.16E-12 1.00E-12 8.14E-13 7.08E-13
 4.31E-17 4.30E-16 3.88E-15 2.56E-14 9.54E-14 4.92E-13 9.47E-13 1.13E-12
 1.20E-12 1.22E-12 1.16E-12 1.00E-12 8.14E-13 7.08E-13
 4.31E-17 4.30E-16 3.88E-15 2.56E-14 9.54E-14 4.92E-13 9.47E-13 1.13E-12
 1.20E-12 1.22E-12 1.16E-12 1.00E-12 8.14E-13 7.08E-13
 4.31E-17 4.30E-16 3.88E-15 2.56E-14 9.54E-14 4.92E-13 9.47E-13 1.13E-12
 1.20E-12 1.22E-12 1.16E-12 1.00E-12 8.14E-13 7.08E-13
 4.31E-17 4.30E-16 3.88E-15 2.56E-14 9.54E-14 4.92E-13 9.47E-13 1.13E-12
 1.20E-12 1.22E-12 1.16E-12 1.00E-12 8.14E-13 7.08E-13
 4.31E-17 4.30E-16 3.88E-15 2.56E-14 9.54E-14 4.92E-13 9.47E-13 1.13E-12
 1.20E-12 1.22E-12 1.16E-12 1.00E-12 8.13E-13 7.08E-13
 4.32E-17 4.31E-16 3.88E-15 2.56E-14 9.54E-14 4.92E-13 9.46E-13 1.13E-12
 1.20E-12 1.22E-12 1.16E-12 1.00E-12 8.13E-13 7.08E-13
c-------------------------------------------------------------------------------
 
C  root partition information
C  ==========================
C
C  nuclear charge : 74
C  ion charge+1   : 58
C
C  population calculation information
C  ----------------------------------
C
C  population processing code: adas810
C
C  adf04 source file    : adf04_copmm#74_ls_40#w57.dat
C  adf18/a17_p208 file  : NULL
C
C  meta. ion. coeff. selector  : 
 
C  options  : lnorm =T  lpsel =F  lzsel =T  liosel=F
C           : lhsel =F  lrsel =F  lisel =F  lnsel =F
 
C  energy levels
C  -------------
C
C   lv      configuration    (2S+1)L(w-1/2)      energy (cm^-1)
C  ---   ------------------- --------------      --------------
c    1   24555                  (2)1(  2.5)             0.0
c    2   24545516               (2)2(  4.5)       1530059.9
c    3   24545516               (4)3( 13.5)       2361759.9
c    4   24545516               (2)3(  6.5)       2468859.9
c    5   24545516               (4)2(  9.5)       2576259.9
c    6   24545516               (2)3(  6.5)       3402759.9
c    7   24545516               (2)1(  2.5)       3481859.9
c    8   14565                  (2)0(  0.5)       3574859.9
c    9   24545516               (2)0(  0.5)       4021959.9
c   10   24545516               (2)4(  8.5)       4153759.9
c   11   24545516               (2)1(  2.5)       4282359.9
c   12   24545516               (2)2(  4.5)       4306759.9
c   13   24545516               (4)1(  5.5)       4428559.9
c   14   24545516               (2)2(  4.5)       5403259.9
c   15   14555516               (2)3(  6.5)       6031059.9
c   16   14555516               (2)2(  4.5)       6089259.9
c   17   14555516               (2)2(  4.5)       6119959.9
c   18   14555516               (2)1(  2.5)       6216159.9
c   19   14555516               (4)3( 13.5)       6659259.9
c   20   14555516               (4)2(  9.5)       6740859.9
c   21   14555516               (4)1(  5.5)       7106059.9
c   22   14555516               (2)1(  2.5)       7842259.9
c   23   14555516               (2)3(  6.5)       9017359.9
c   24   24545517               (2)0(  0.5)      19150959.9
c   25   24545517               (2)1(  2.5)      19960959.9
c   26   24545518               (2)1(  2.5)      20544959.9
c   27   24545518               (4)1(  5.5)      20662959.9
c   28   24545518               (2)0(  0.5)      20743959.9
c   29   24545517               (4)1(  5.5)      20886959.9
c   30   24545518               (2)2(  4.5)      21225959.9
c   31   24545518               (2)1(  2.5)      21764959.9
c   32   24545519               (2)1(  2.5)      21871959.9
c   33   24545517               (2)2(  4.5)      21892959.9
c   34   24545519               (2)2(  4.5)      21902959.9
c   35   24545519               (4)2(  9.5)      21969959.9
c   36   24545518               (4)2(  9.5)      22396959.9
c   37   2454551A               (2)3(  6.5)      22768959.9
c   38   24545519               (2)3(  6.5)      22916959.9
c   39   24545519               (2)2(  4.5)      22978959.9
c   40   24545518               (2)1(  2.5)      22996959.9
c   41   24545518               (2)3(  6.5)      23155959.9
c   42   2454551A               (2)1(  2.5)      23504959.9
c   43   24545519               (4)3( 13.5)      23557959.9
c   44   24545518               (2)2(  4.5)      23639959.9
c   45   2454551A               (4)4( 17.5)      23706959.9
c   46   2454551A               (2)4(  8.5)      23865959.9
c   47   2454551A               (2)2(  4.5)      23899959.9
c   48   2454551A               (2)3(  6.5)      23950959.9
c   49   2454551A               (4)3( 13.5)      23967959.9
c   50   2454551A               (2)2(  4.5)      24364959.9
c   51   24545519               (2)0(  0.5)      24471959.9
c   52   24545519               (2)4(  8.5)      24601959.9
c   53   24545519               (2)2(  4.5)      24636959.9
c   54   24545519               (2)3(  6.5)      24641959.9
c   55   24545519               (2)1(  2.5)      24719959.9
c   56   14555518               (2)2(  4.5)      24998959.9
c   57   14555518               (2)1(  2.5)      25080959.9
c   58   14555518               (4)1(  5.5)      25164959.9
c   59   14555518               (2)1(  2.5)      25217959.9
c   60   2454551A               (2)5( 10.5)      25467959.9
c   61   14555518               (2)0(  0.5)      25509959.9
c   62   2454551A               (2)4(  8.5)      25526959.9
c   63   14555518               (2)2(  4.5)      25733959.9
c   64   14555519               (2)1(  2.5)      26310959.9
c   65   2454551A               (4)2(  9.5)      26349959.9
c   66   14555519               (2)3(  6.5)      26423959.9
c   67   14555519               (2)1(  2.5)      26450959.9
c   68   24545518               (4)0(  1.5)      26484959.9
c   69   14555519               (4)2(  9.5)      26499959.9
c   70   24545519               (4)1(  5.5)      26501959.9
c   71   14555518               (4)2(  9.5)      26628959.9
c   72   2454551A               (2)3(  6.5)      26735959.9
c   73   14555519               (2)3(  6.5)      27422959.9
c   74   14555519               (2)2(  4.5)      27491959.9
c   75   14555519               (2)2(  4.5)      27542959.9
c   76   14555519               (4)1(  5.5)      27571959.9
c   77   14555518               (4)0(  1.5)      28024959.9
c   78   14555519               (4)3( 13.5)      28084959.9
c   79   14555518               (2)0(  0.5)      28175959.9
c   80   2454551B               (2)0(  0.5)      29537959.9
c   81   2454551C               (2)1(  2.5)      30227959.9
c   82   2454551C               (2)0(  0.5)      30256959.9
c   83   2454551B               (2)1(  2.5)      30335959.9
c   84   2454551C               (4)1(  5.5)      30452959.9
c   85   2454551D               (2)2(  4.5)      30894959.9
c   86   2454551D               (4)2(  9.5)      30994959.9
c   87   2454551C               (2)2(  4.5)      31061959.9
c   88   2454551E               (2)3(  6.5)      31197959.9
c   89   2454551C               (2)1(  2.5)      31225959.9
c   90   2454551B               (4)1(  5.5)      31280959.9
c   91   2454551E               (2)3(  6.5)      31305959.9
c   92   2454551D               (2)2(  4.5)      31923959.9
c   93   2454551D               (2)3(  6.5)      31928959.9
c   94   2454551C               (4)2(  9.5)      32074959.9
c   95   2454551E               (4)4( 17.5)      32246959.9
c   96   2454551B               (2)2(  4.5)      32272959.9
c   97   2454551E               (4)3( 13.5)      32538959.9
c   98   2454551D               (4)3( 13.5)      32550959.9
c   99   2454551C               (2)1(  2.5)      32805959.9
c  100   2454551E               (2)2(  4.5)      32869959.9
c  101   2454551C               (2)3(  6.5)      32904959.9
c  102   2454551C               (2)2(  4.5)      33143959.9
c  103   2454551D               (2)4(  8.5)      33611959.9
c  104   2454551D               (2)2(  4.5)      33626959.9
c  105   2454551D               (2)1(  2.5)      33628959.9
c  106   2454551D               (2)3(  6.5)      33629959.9
c  107   2454551D               (4)1(  5.5)      33643959.9
c  108   2454551D               (2)0(  0.5)      33672959.9
c  109   2454551E               (2)4(  8.5)      33701959.9
c  110   2454551E               (4)2(  9.5)      33996959.9
c  111   2454551E               (2)5( 10.5)      34024959.9
c  112   2454551E               (2)2(  4.5)      34041959.9
c  113   2454551E               (2)3(  6.5)      34045959.9
c  114   2454551E               (2)1(  2.5)      34045959.9
c  115   2454551E               (2)4(  8.5)      34046959.9
c  116   2454551D               (2)1(  2.5)      34539959.9
c  117   1455551C               (2)0(  0.5)      34726959.9
c  118   1455551C               (2)2(  4.5)      34728959.9
c  119   1455551C               (2)1(  2.5)      34768959.9
c  120   1455551C               (4)1(  5.5)      34930959.9
c  121   2454551G               (2)0(  0.5)      34935959.9
c  122   1455551C               (2)0(  0.5)      34968959.9
c  123   1455551D               (2)2(  4.5)      35234959.9
c  124   2454551H               (2)0(  0.5)      35281959.9
c  125   2454551H               (2)1(  2.5)      35324959.9
c  126   1455551D               (2)3(  6.5)      35424959.9
c  127   1455551D               (2)2(  4.5)      35434959.9
c  128   1455551D               (2)1(  2.5)      35438959.9
c  129   1455551C               (2)2(  4.5)      35510959.9
c  130   2454551I               (2)2(  4.5)      35589959.9
c  131   2454551H               (4)1(  5.5)      35596959.9
c  132   1455551C               (2)1(  2.5)      35691959.9
c  133   2454551I               (2)2(  4.5)      35701959.9
c  134   2454551G               (2)1(  2.5)      35738959.9
c  135   2454551J               (2)3(  6.5)      35939959.9
c  136   2454551C               (4)0(  1.5)      36000959.9
c  137   1455551D               (4)2(  9.5)      36080959.9
c  138   2454551J               (4)3( 13.5)      36183959.9
c  139   2454551H               (2)2(  4.5)      36223959.9
c  140   2454551H               (2)1(  2.5)      36234959.9
c  141   1455551C               (4)2(  9.5)      36302959.9
c  142   2454551I               (4)2(  9.5)      36395959.9
c  143   1455551D               (2)3(  6.5)      36437959.9
c  144   1455551D               (4)1(  5.5)      36580959.9
c  145   2454551G               (4)1(  5.5)      36690959.9
c  146   2454551I               (2)3(  6.5)      36747959.9
c  147   2454551J               (4)2(  9.5)      36923959.9
c  148   2454551J               (2)3(  6.5)      37015959.9
c  149   1455551D               (4)3( 13.5)      37079959.9
c  150   1455551D               (2)1(  2.5)      37140959.9
c  151   2454551H               (4)2(  9.5)      37171959.9
c  152   2454551I               (4)3( 13.5)      37362959.9
c  153   2454551J               (4)4( 17.5)      37663959.9
c  154   1455551C               (4)0(  1.5)      37679959.9
c  155   2454551G               (2)2(  4.5)      37689959.9
c  156   2454551H               (2)1(  2.5)      37971959.9
c  157   2454551H               (2)3(  6.5)      38029959.9
c  158   2454551M               (2)0(  0.5)      38106959.9
c  159   2454551H               (2)2(  4.5)      38166959.9
c  160   2454551N               (2)0(  0.5)      38258959.9
c  161   2454551N               (2)1(  2.5)      38341959.9
c  162   2454551J               (2)4(  8.5)      38342959.9
c  163   2454551I               (4)1(  5.5)      38418959.9
c  164   2454551I               (2)4(  8.5)      38430959.9
c  165   2454551I               (2)2(  4.5)      38439959.9
c  166   2454551I               (2)3(  6.5)      38440959.9
c  167   2454551I               (2)1(  2.5)      38440959.9
c  168   2454551O               (2)1(  2.5)      38453959.9
c  169   2454551I               (2)0(  0.5)      38466959.9
c  170   2454551O               (2)2(  4.5)      38578959.9
c  171   2454551P               (2)2(  4.5)      38589959.9
c  172   2454551N               (4)1(  5.5)      38630959.9
c  173   2454551J               (2)5( 10.5)      38668959.9
c  174   2454551J               (2)2(  4.5)      38676959.9
c  175   2454551J               (2)1(  2.5)      38678959.9
c  176   2454551J               (2)3(  6.5)      38678959.9
c  177   2454551J               (2)4(  8.5)      38679959.9
c  178   2454551O               (4)2(  9.5)      38704959.9
c  179   2454551P               (2)3(  6.5)      38722959.9
c  180   2454551M               (2)1(  2.5)      38899959.9
c  181   2454551P               (4)3( 13.5)      38971959.9
c  182   2454551N               (2)1(  2.5)      39204959.9
c  183   2454551J               (2)2(  4.5)      39238959.9
c  184   2454551N               (2)2(  4.5)      39269959.9
c  185   2454551I               (2)1(  2.5)      39366959.9
c  186   2454551O               (2)2(  4.5)      39577959.9
c  187   1455551H               (2)0(  0.5)      39733959.9
c  188   2454551P               (2)3(  6.5)      39791959.9
c  189   1455551H               (2)2(  4.5)      39844959.9
c  190   2454551M               (4)1(  5.5)      39854959.9
c  191   1455551H               (2)1(  2.5)      39867959.9
c  192   1455551H               (2)0(  0.5)      39974959.9
c  193   1455551I               (2)2(  4.5)      40023959.9
c  194   1455551H               (4)1(  5.5)      40067959.9
c  195   2454551N               (4)2(  9.5)      40181959.9
c  196   1455551I               (2)3(  6.5)      40236959.9
c  197   2454551O               (4)3( 13.5)      40240959.9
c  198   1455551I               (2)2(  4.5)      40242959.9
c  199   1455551I               (2)1(  2.5)      40243959.9
c  200   2454551P               (4)4( 17.5)      40448959.9
c  201   1455551H               (2)2(  4.5)      40673959.9
c  202   1455551H               (2)1(  2.5)      40715959.9
c  203   2454551M               (2)2(  4.5)      40844959.9
c  204   2454551O               (2)3(  6.5)      40888959.9
c  205   1455551I               (4)2(  9.5)      40890959.9
c  206   2454551N               (2)1(  2.5)      41021959.9
c  207   2454551H               (4)0(  1.5)      41028959.9
c  208   2454551N               (2)3(  6.5)      41059959.9
c  209   2454551P               (2)4(  8.5)      41128959.9
c  210   2454551N               (2)2(  4.5)      41143959.9
c  211   1455551I               (2)3(  6.5)      41258959.9
c  212   2454551O               (2)4(  8.5)      41312959.9
c  213   2454551O               (2)3(  6.5)      41317959.9
c  214   2454551O               (2)2(  4.5)      41318959.9
c  215   2454551O               (2)1(  2.5)      41318959.9
c  216   2454551O               (2)0(  0.5)      41333959.9
c  217   1455551I               (4)1(  5.5)      41402959.9
c  218   1455551H               (4)2(  9.5)      41402959.9
c  219   2454551P               (4)2(  9.5)      41421959.9
c  220   2454551P               (2)5( 10.5)      41455959.9
c  221   2454551P               (2)1(  2.5)      41460959.9
c  222   2454551P               (2)2(  4.5)      41460959.9
c  223   2454551P               (2)3(  6.5)      41461959.9
c  224   2454551P               (2)4(  8.5)      41462959.9
c  225   2454551O               (4)1(  5.5)      41750959.9
c  226   1455551I               (4)3( 13.5)      41890959.9
c  227   1455551I               (2)1(  2.5)      41964959.9
c  228   1455551N               (2)0(  0.5)      42701959.9
c  229   1455551H               (4)0(  1.5)      42705959.9
c  230   1455551N               (2)2(  4.5)      42867959.9
c  231   1455551N               (2)1(  2.5)      42881959.9
c  232   1455551O               (2)2(  4.5)      42883959.9
c  233   1455551N               (2)0(  0.5)      42947959.9
c  234   1455551N               (4)1(  5.5)      43100959.9
c  235   1455551O               (2)3(  6.5)      43110959.9
c  236   1455551O               (2)2(  4.5)      43113959.9
c  237   1455551O               (2)1(  2.5)      43114959.9
c  238   1455551N               (2)1(  2.5)      43690959.9
c  239   1455551N               (2)2(  4.5)      43719959.9
c  240   1455551O               (4)2(  9.5)      43761959.9
c  241   2454551N               (4)0(  1.5)      44006959.9
c  242   1455551O               (2)3(  6.5)      44135959.9
c  243   1455551O               (4)1(  5.5)      44279959.9
c  244   1455551N               (4)2(  9.5)      44414959.9
c  245   1455551O               (4)3( 13.5)      44763959.9
c  246   1455551O               (2)1(  2.5)      44843959.9
c  247   1455551N               (4)0(  1.5)      45681959.9
 
 
 
c-------------------------------------------------------------------------------
 
C  superstage partition information
C  ================================
C
C  element symbol   : W
C  parent template  : 
C  partition level  :  1
C  superstage label : 57
C
C  tabulation       : photon emissivity coefft (te,ne)
C  units            : ph. emis coef(cm^3 s^-1); te (ev); ne (cm^-3)
C
C  photon emissivity atomic transitions
C  ------------------------------------
C  
C   isel  wvlen(A)            transition                type  ispb nspb
C                                                             ispp nspp sz    tg pr wr
C  ----- ---------- ----------------------------------- ----- ---- ---- --    -- -- --
C      1   3.13244   92(2)2(  4.5)-  1(2)1(  2.5)       excit   1    1  57    88 37  1
C      2   3.77331   70(4)1(  5.5)-  1(2)1(  2.5)       excit   1    1  57    66 29  2
C      3   3.88592   63(2)2(  4.5)-  1(2)1(  2.5)       excit   1    1  57    59 40  3
C      4   4.00017   56(2)2(  4.5)-  1(2)1(  2.5)       excit   1    1  57    53 47  4
C      5   4.04531   55(2)1(  2.5)-  1(2)1(  2.5)       excit   1    1  57    52 14  5
C      6   4.05812   54(2)3(  6.5)-  1(2)1(  2.5)       excit   1    1  57    51 32  6
C      7   4.05894   53(2)2(  4.5)-  1(2)1(  2.5)       excit   1    1  57    50 25  7
C      8   4.24485   43(4)3( 13.5)-  1(2)1(  2.5)       excit   1    1  57    41 28  8
C      9   4.35181   39(2)2(  4.5)-  1(2)1(  2.5)       excit   1    1  57    37 12  9
C     10   4.47029   47(2)2(  4.5)-  2(2)2(  4.5)       excit   1    1  57   282 45 10
C     11   4.56175   65(4)2(  9.5)- 13(4)1(  5.5)       excit   1    1  57  2744 46 11
C     12   4.56768   33(2)2(  4.5)-  1(2)1(  2.5)       excit   1    1  57    31 21 12
C     13   4.57206   32(2)1(  2.5)-  1(2)1(  2.5)       excit   1    1  57    30 18 13
C     14   4.63195   48(2)3(  6.5)-  3(4)3( 13.5)       excit   1    1  57   523 50 14
C     15   4.68489   45(4)4( 17.5)-  3(4)3( 13.5)       excit   1    1  57   520 38 15
C     16   4.68764   72(2)3(  6.5)- 14(2)2(  4.5)       excit   1    1  57  2980 34 16
C     17   4.70834   37(2)3(  6.5)-  2(2)2(  4.5)       excit   1    1  57   272 41 17
C     18   4.78768   29(4)1(  5.5)-  1(2)1(  2.5)       excit   1    1  57    27 39 18
C     19   4.78856   50(2)2(  4.5)-  7(2)1(  2.5)       excit   1    1  57  1482 35 19
C     20   4.86661   48(2)3(  6.5)-  6(2)3(  6.5)       excit   1    1  57  1244 20 20
C     21   4.94196   31(2)1(  2.5)-  2(2)2(  4.5)       excit   1    1  57   266 49 21
C     22   5.00978   25(2)1(  2.5)-  1(2)1(  2.5)       excit   1    1  57    23 22 22
C     23   5.09056   48(2)3(  6.5)- 12(2)2(  4.5)       excit   1    1  57  2498 24 23
C     24   5.09746   47(2)2(  4.5)- 11(2)1(  2.5)       excit   1    1  57  2273 31 24
C     25   5.13574   47(2)2(  4.5)- 13(4)1(  5.5)       excit   1    1  57  2727 26 25
C     26   5.25903   26(2)1(  2.5)-  2(2)2(  4.5)       excit   1    1  57   261 30 26
C     27   5.34342   40(2)1(  2.5)- 11(2)1(  2.5)       excit   1    1  57  2267 23 27
C     28   5.35040   40(2)1(  2.5)- 12(2)2(  4.5)       excit   1    1  57  2490 19 28
C     29   5.46953   31(2)1(  2.5)-  7(2)1(  2.5)       excit   1    1  57  1464 48 29
C     30   11.0897   23(2)3(  6.5)-  1(2)1(  2.5)       excit   1    1  57    21 42 30
C     31   16.4224   16(2)2(  4.5)-  1(2)1(  2.5)       excit   1    1  57    14 27 31
C     32   16.5808   15(2)3(  6.5)-  1(2)1(  2.5)       excit   1    1  57    13 15 32
C     33   18.5073   14(2)2(  4.5)-  1(2)1(  2.5)       excit   1    1  57    12  7 33
C     34   22.5807   13(4)1(  5.5)-  1(2)1(  2.5)       excit   1    1  57    11  4 34
C     35   23.2193   12(2)2(  4.5)-  1(2)1(  2.5)       excit   1    1  57    10  1 35
C     36   23.3516   11(2)1(  2.5)-  1(2)1(  2.5)       excit   1    1  57     9  3 36
C     37   23.4335   22(2)1(  2.5)-  8(2)0(  0.5)       excit   1    1  57  1680 33 37
C     38   24.8635    9(2)0(  0.5)-  1(2)1(  2.5)       excit   1    1  57     8  6 38
C     39   27.9731    8(2)0(  0.5)-  1(2)1(  2.5)       excit   1    1  57     7  5 39
C     40   28.7203    7(2)1(  2.5)-  1(2)1(  2.5)       excit   1    1  57     6  9 40
C     41   29.3879    6(2)3(  6.5)-  1(2)1(  2.5)       excit   1    1  57     5  2 41
C     42   31.5856   20(4)2(  9.5)-  8(2)0(  0.5)       excit   1    1  57  1678 13 42
C     43   32.4212   19(4)3( 13.5)-  8(2)0(  0.5)       excit   1    1  57  1677 17 43
C     44   37.8601   18(2)1(  2.5)-  8(2)0(  0.5)       excit   1    1  57  1676 43 44
C     45   38.8160    5(4)2(  9.5)-  1(2)1(  2.5)       excit   1    1  57     4  8 45
C     46   39.2912   17(2)2(  4.5)-  8(2)0(  0.5)       excit   1    1  57  1675 16 46
C     47   39.7709   16(2)2(  4.5)-  8(2)0(  0.5)       excit   1    1  57  1674 44 47
C     48   42.3413    3(4)3( 13.5)-  1(2)1(  2.5)       excit   1    1  57     2 10 48
C     49   65.3569    2(2)2(  4.5)-  1(2)1(  2.5)       excit   1    1  57     1 11 49
C     50   933.707    4(2)3(  6.5)-  3(4)3( 13.5)       excit   1    1  57   479 36 50
c-------------------------------------------------------------------------------
                                                                                
C  code     : adas810
C  producer : Adam Foster
C  date     : 15/05/09
                                                                                
c-------------------------------------------------------------------------------

C-----------------------------------------------------------------------
C                               OPEN-ADAS
C                               +++++++++
C
C This file has been downloaded from OPEN-ADAS (http://open.adas.ac.uk)
C on 26-Mar-2025.
C
C TERMS AND CONDITIONS
C --------------------
C
C The user of the OPEN-ADAS system and data (hereinafter "the User")
C accepts the following terms and conditions:
C
C   1. The University of Strathclyde uses all reasonable endeavours to
C      ensure the accuracy of the data provided and any information
C      given, but the University makes no warranty, expressed or implied
C      as to its accuracy, integrity, fitness for purpose and shall not
C      be responsible for the use to which the data is put by the User
C      and/or any consequences arising out of any inaccuracies or
C      omissions.
C
C   2. Any downloaded OPEN-ADAS file is made available for the
C      personal use of the User only.  It must not be used for any
C      commercial application, incorporated into any web site or in
C      any form re-distributed without express prior written permission
C      from the ADAS Project. In particular, but not by way of
C      limitation, it must not be:
C        *  inserted into a managed database structure,
C        *  redistributed along with a modelling or analysis code,
C        *  made available on a public website.
C
C Permission for OPEN-ADAS data incorporation in non-commercial
C code/system development for scientific advance will not be
C unreasonably withheld, but will be subject to written agreement
C on a case by case basis.
C
C The User will indemnify the University of Strathclyde and keep it
C fully and effectively indemnified against each and every claim made
C against the University as a result of the User's use of the data.
C
C-----------------------------------------------------------------------
