   50    /W : 8 photon emissivity coefficients/
--------------------------------------------------------------------------------
    1    1    1    1    1    1    1    1    1    1    1    1    1    1
    1    1    1    1    1    1    1    1    1    1    1    1    1    1
    1    1    1    1    1    1    1    1    1    1    1    1    1    1
    1    1    1    1    1    1    1    1    1    1    1    1    1    1
    1    1    1    1    1    1    1    1    1    1    1    1    1    1
    1    1    1    1    1
--------------------------------------------------------------------------------
//#01/p00/ 00/p01/ 01/p02/ 02/p03/ 03/p04/ 04/p05/ 05/p06/ 06/p07/ 07/p08/ 08/  
      p09/ 09/p10/ 10/p11/ 11/p12/ 12/p13/ 13/p14/ 14/p15/ 15/p16/ 16/p17/ 17/  
      p18/ 18/p19/ 19/p20/ 20/p21/ 21/p22/ 22/p23/ 23/p24/ 24/p25/ 25/p26/ 26/  
      p27/ 27/p28/ 28/p29/ 29/p30/ 30/p31/ 31/p32/ 32/p33/ 33/p34/ 34/p35/ 35/  
      p36/ 36/p37/ 37/p38/ 38/p39/ 39/p40/ 40/p41/ 41/p42/ 42/p43/ 43/p44/ 44/  
      p45/ 45/p46/ 46/p47/ 47/p48/ 48/p49/ 49/p50/ 50/p51/ 51/p52/ 52/p53/ 53/  
      p54/ 54/p55/ 55/p56/ 56/p57/ 57/p58/ 58/p59/ 59/p60/ 60/p61/ 61/p62/ 62/  
      p63/ 63/p64/ 64/p65/ 65/p66/ 66/p67/ 67/p68/ 68/p69/ 69/p70/ 70/p71/ 71/  
      p72/ 72/p73/ 73/p74/ 74/                                                  
--------------------------------------------------------------------------------
  54.8682    7  14 /pl=01:ss= 8:pb= 1:sz= 8/type=excit/ispb = t/isel =    1
 1.00E+10 1.00E+11 1.00E+12 1.00E+13 1.00E+14 1.00E+15 1.00E+16
 1.40E+00 2.09E+00 3.49E+00 6.98E+00 1.40E+01 3.49E+01 6.98E+01 1.05E+02
 1.40E+02 2.09E+02 3.49E+02 6.98E+02 1.40E+03 2.09E+03
 1.00E-74 1.00E-74 6.13E-38 5.00E-24 3.82E-17 4.13E-13 7.91E-12 2.00E-11
 3.11E-11 4.75E-11 6.57E-11 8.29E-11 9.20E-11 9.39E-11
 1.00E-74 1.00E-74 6.13E-38 5.00E-24 3.82E-17 4.13E-13 7.91E-12 2.00E-11
 3.11E-11 4.75E-11 6.57E-11 8.29E-11 9.20E-11 9.39E-11
 1.00E-74 1.00E-74 6.13E-38 5.00E-24 3.82E-17 4.13E-13 7.91E-12 2.00E-11
 3.11E-11 4.75E-11 6.57E-11 8.29E-11 9.20E-11 9.39E-11
 1.00E-74 1.00E-74 6.13E-38 5.00E-24 3.82E-17 4.13E-13 7.91E-12 2.00E-11
 3.11E-11 4.75E-11 6.57E-11 8.29E-11 9.20E-11 9.39E-11
 1.00E-74 1.00E-74 6.13E-38 5.00E-24 3.82E-17 4.13E-13 7.91E-12 1.99E-11
 3.11E-11 4.75E-11 6.56E-11 8.28E-11 9.20E-11 9.38E-11
 1.00E-74 1.00E-74 6.13E-38 5.00E-24 3.82E-17 4.12E-13 7.87E-12 1.98E-11
 3.09E-11 4.72E-11 6.52E-11 8.23E-11 9.15E-11 9.33E-11
 1.00E-74 1.00E-74 6.13E-38 5.00E-24 3.81E-17 4.02E-13 7.50E-12 1.87E-11
 2.90E-11 4.41E-11 6.09E-11 7.73E-11 8.64E-11 8.86E-11
  55.8936    7  14 /pl=01:ss= 8:pb= 1:sz= 8/type=excit/ispb = t/isel =    2
 1.00E+10 1.00E+11 1.00E+12 1.00E+13 1.00E+14 1.00E+15 1.00E+16
 1.40E+00 2.09E+00 3.49E+00 6.98E+00 1.40E+01 3.49E+01 6.98E+01 1.05E+02
 1.40E+02 2.09E+02 3.49E+02 6.98E+02 1.40E+03 2.09E+03
 1.00E-74 1.00E-74 1.00E-74 1.74E-32 9.02E-22 1.90E-15 2.03E-13 8.93E-13
 1.80E-12 3.50E-12 5.57E-12 7.17E-12 7.26E-12 6.87E-12
 1.00E-74 1.00E-74 1.00E-74 1.74E-32 9.02E-22 1.90E-15 2.03E-13 8.93E-13
 1.80E-12 3.50E-12 5.57E-12 7.17E-12 7.26E-12 6.87E-12
 1.00E-74 1.00E-74 1.00E-74 1.74E-32 9.02E-22 1.90E-15 2.03E-13 8.93E-13
 1.80E-12 3.50E-12 5.57E-12 7.17E-12 7.26E-12 6.87E-12
 1.00E-74 1.00E-74 1.00E-74 1.74E-32 9.02E-22 1.90E-15 2.03E-13 8.93E-13
 1.80E-12 3.50E-12 5.57E-12 7.17E-12 7.26E-12 6.87E-12
 1.00E-74 1.00E-74 1.00E-74 1.74E-32 9.02E-22 1.90E-15 2.03E-13 8.92E-13
 1.80E-12 3.50E-12 5.56E-12 7.17E-12 7.26E-12 6.87E-12
 1.00E-74 1.00E-74 1.00E-74 1.76E-32 9.09E-22 1.90E-15 2.03E-13 8.90E-13
 1.80E-12 3.48E-12 5.54E-12 7.14E-12 7.24E-12 6.85E-12
 1.00E-74 1.00E-74 1.00E-74 1.99E-32 9.85E-22 1.96E-15 2.00E-13 8.67E-13
 1.74E-12 3.35E-12 5.31E-12 6.87E-12 7.02E-12 6.68E-12
  55.9152    7  14 /pl=01:ss= 8:pb= 1:sz= 8/type=excit/ispb = t/isel =    3
 1.00E+10 1.00E+11 1.00E+12 1.00E+13 1.00E+14 1.00E+15 1.00E+16
 1.40E+00 2.09E+00 3.49E+00 6.98E+00 1.40E+01 3.49E+01 6.98E+01 1.05E+02
 1.40E+02 2.09E+02 3.49E+02 6.98E+02 1.40E+03 2.09E+03
 1.00E-74 1.00E-74 1.00E-74 3.73E-30 3.39E-20 2.49E-14 1.85E-12 7.15E-12
 1.34E-11 2.39E-11 3.44E-11 3.90E-11 3.54E-11 3.17E-11
 1.00E-74 1.00E-74 1.00E-74 3.73E-30 3.39E-20 2.49E-14 1.85E-12 7.15E-12
 1.34E-11 2.39E-11 3.44E-11 3.90E-11 3.54E-11 3.17E-11
 1.00E-74 1.00E-74 1.00E-74 3.73E-30 3.39E-20 2.49E-14 1.85E-12 7.15E-12
 1.34E-11 2.39E-11 3.44E-11 3.90E-11 3.54E-11 3.17E-11
 1.00E-74 1.00E-74 1.00E-74 3.73E-30 3.39E-20 2.49E-14 1.85E-12 7.15E-12
 1.34E-11 2.39E-11 3.44E-11 3.90E-11 3.54E-11 3.17E-11
 1.00E-74 1.00E-74 1.00E-74 3.73E-30 3.39E-20 2.49E-14 1.85E-12 7.14E-12
 1.34E-11 2.38E-11 3.44E-11 3.89E-11 3.53E-11 3.17E-11
 1.00E-74 1.00E-74 1.00E-74 3.74E-30 3.40E-20 2.49E-14 1.85E-12 7.10E-12
 1.34E-11 2.37E-11 3.41E-11 3.87E-11 3.51E-11 3.15E-11
 1.00E-74 1.00E-74 1.00E-74 3.90E-30 3.48E-20 2.47E-14 1.78E-12 6.76E-12
 1.26E-11 2.23E-11 3.21E-11 3.65E-11 3.34E-11 3.01E-11
  55.9173    7  14 /pl=01:ss= 8:pb= 1:sz= 8/type=excit/ispb = t/isel =    4
 1.00E+10 1.00E+11 1.00E+12 1.00E+13 1.00E+14 1.00E+15 1.00E+16
 1.40E+00 2.09E+00 3.49E+00 6.98E+00 1.40E+01 3.49E+01 6.98E+01 1.05E+02
 1.40E+02 2.09E+02 3.49E+02 6.98E+02 1.40E+03 2.09E+03
 1.00E-74 1.00E-74 2.26E-43 3.17E-26 9.71E-18 9.37E-13 3.56E-11 1.11E-10
 1.88E-10 3.03E-10 4.13E-10 4.59E-10 4.21E-10 3.80E-10
 1.00E-74 1.00E-74 2.48E-43 3.17E-26 9.71E-18 9.37E-13 3.56E-11 1.11E-10
 1.88E-10 3.03E-10 4.13E-10 4.59E-10 4.21E-10 3.80E-10
 1.00E-74 1.00E-74 2.44E-43 3.17E-26 9.71E-18 9.37E-13 3.56E-11 1.11E-10
 1.88E-10 3.03E-10 4.13E-10 4.59E-10 4.21E-10 3.80E-10
 1.00E-74 1.00E-74 2.43E-43 3.17E-26 9.71E-18 9.37E-13 3.56E-11 1.11E-10
 1.88E-10 3.03E-10 4.13E-10 4.59E-10 4.21E-10 3.80E-10
 1.00E-74 1.00E-74 2.44E-43 3.18E-26 9.73E-18 9.38E-13 3.56E-11 1.11E-10
 1.88E-10 3.04E-10 4.13E-10 4.59E-10 4.21E-10 3.80E-10
 1.00E-74 1.00E-74 2.54E-43 3.28E-26 9.94E-18 9.51E-13 3.59E-11 1.11E-10
 1.89E-10 3.05E-10 4.15E-10 4.61E-10 4.23E-10 3.82E-10
 1.00E-74 1.00E-74 3.57E-43 4.24E-26 1.20E-17 1.08E-12 3.90E-11 1.19E-10
 2.00E-10 3.19E-10 4.32E-10 4.80E-10 4.42E-10 4.00E-10
  55.9376    7  14 /pl=01:ss= 8:pb= 1:sz= 8/type=excit/ispb = t/isel =    5
 1.00E+10 1.00E+11 1.00E+12 1.00E+13 1.00E+14 1.00E+15 1.00E+16
 1.40E+00 2.09E+00 3.49E+00 6.98E+00 1.40E+01 3.49E+01 6.98E+01 1.05E+02
 1.40E+02 2.09E+02 3.49E+02 6.98E+02 1.40E+03 2.09E+03
 1.00E-74 1.00E-74 2.13E-36 9.28E-23 5.16E-16 4.54E-12 7.87E-11 1.90E-10
 2.85E-10 4.14E-10 5.33E-10 6.02E-10 5.99E-10 5.76E-10
 1.00E-74 1.00E-74 2.13E-36 9.28E-23 5.16E-16 4.54E-12 7.87E-11 1.90E-10
 2.85E-10 4.14E-10 5.33E-10 6.02E-10 5.99E-10 5.76E-10
 1.00E-74 1.00E-74 2.13E-36 9.28E-23 5.16E-16 4.54E-12 7.87E-11 1.90E-10
 2.85E-10 4.14E-10 5.33E-10 6.02E-10 5.99E-10 5.76E-10
 1.00E-74 1.00E-74 2.13E-36 9.28E-23 5.16E-16 4.54E-12 7.87E-11 1.90E-10
 2.85E-10 4.14E-10 5.33E-10 6.02E-10 5.99E-10 5.76E-10
 1.00E-74 1.00E-74 2.13E-36 9.28E-23 5.16E-16 4.53E-12 7.86E-11 1.89E-10
 2.85E-10 4.14E-10 5.33E-10 6.01E-10 5.99E-10 5.75E-10
 1.00E-74 1.00E-74 2.13E-36 9.28E-23 5.16E-16 4.52E-12 7.82E-11 1.88E-10
 2.83E-10 4.11E-10 5.29E-10 5.97E-10 5.95E-10 5.72E-10
 1.00E-74 1.00E-74 2.13E-36 9.28E-23 5.14E-16 4.40E-12 7.43E-11 1.77E-10
 2.65E-10 3.83E-10 4.93E-10 5.59E-10 5.61E-10 5.43E-10
  96.4549    7  14 /pl=01:ss= 8:pb= 1:sz= 8/type=excit/ispb = t/isel =    6
 1.00E+10 1.00E+11 1.00E+12 1.00E+13 1.00E+14 1.00E+15 1.00E+16
 1.40E+00 2.09E+00 3.49E+00 6.98E+00 1.40E+01 3.49E+01 6.98E+01 1.05E+02
 1.40E+02 2.09E+02 3.49E+02 6.98E+02 1.40E+03 2.09E+03
 1.00E-74 5.51E-37 2.03E-26 1.50E-18 1.11E-14 1.89E-12 9.10E-12 1.47E-11
 1.85E-11 2.29E-11 2.68E-11 2.95E-11 2.96E-11 2.87E-11
 1.00E-74 5.51E-37 2.03E-26 1.50E-18 1.11E-14 1.89E-12 9.10E-12 1.47E-11
 1.85E-11 2.29E-11 2.68E-11 2.95E-11 2.96E-11 2.87E-11
 1.00E-74 5.51E-37 2.03E-26 1.50E-18 1.11E-14 1.89E-12 9.10E-12 1.47E-11
 1.85E-11 2.29E-11 2.68E-11 2.95E-11 2.96E-11 2.87E-11
 1.00E-74 5.52E-37 2.03E-26 1.51E-18 1.11E-14 1.89E-12 9.11E-12 1.47E-11
 1.85E-11 2.29E-11 2.68E-11 2.95E-11 2.96E-11 2.87E-11
 1.00E-74 5.58E-37 2.05E-26 1.52E-18 1.13E-14 1.91E-12 9.20E-12 1.49E-11
 1.86E-11 2.30E-11 2.69E-11 2.95E-11 2.96E-11 2.87E-11
 3.30E-50 6.12E-37 2.26E-26 1.69E-18 1.25E-14 2.11E-12 9.96E-12 1.59E-11
 1.98E-11 2.42E-11 2.78E-11 3.01E-11 2.98E-11 2.88E-11
 5.28E-50 9.29E-37 3.41E-26 2.53E-18 1.86E-14 3.01E-12 1.35E-11 2.08E-11
 2.52E-11 2.94E-11 3.21E-11 3.24E-11 3.05E-11 2.89E-11
  97.2766    7  14 /pl=01:ss= 8:pb= 1:sz= 8/type=excit/ispb = t/isel =    7
 1.00E+10 1.00E+11 1.00E+12 1.00E+13 1.00E+14 1.00E+15 1.00E+16
 1.40E+00 2.09E+00 3.49E+00 6.98E+00 1.40E+01 3.49E+01 6.98E+01 1.05E+02
 1.40E+02 2.09E+02 3.49E+02 6.98E+02 1.40E+03 2.09E+03
 1.00E-74 1.82E-36 5.30E-26 3.21E-18 2.12E-14 3.34E-12 1.58E-11 2.57E-11
 3.24E-11 4.10E-11 4.93E-11 5.63E-11 5.85E-11 5.81E-11
 1.00E-74 1.82E-36 5.30E-26 3.21E-18 2.12E-14 3.34E-12 1.58E-11 2.57E-11
 3.24E-11 4.10E-11 4.93E-11 5.63E-11 5.85E-11 5.81E-11
 1.00E-74 1.82E-36 5.30E-26 3.21E-18 2.12E-14 3.34E-12 1.58E-11 2.57E-11
 3.24E-11 4.10E-11 4.93E-11 5.63E-11 5.85E-11 5.81E-11
 1.00E-74 1.82E-36 5.30E-26 3.21E-18 2.12E-14 3.34E-12 1.58E-11 2.57E-11
 3.24E-11 4.10E-11 4.93E-11 5.63E-11 5.85E-11 5.81E-11
 1.20E-49 1.83E-36 5.32E-26 3.22E-18 2.12E-14 3.34E-12 1.58E-11 2.57E-11
 3.24E-11 4.10E-11 4.93E-11 5.63E-11 5.85E-11 5.80E-11
 1.44E-49 1.91E-36 5.50E-26 3.29E-18 2.16E-14 3.38E-12 1.59E-11 2.58E-11
 3.25E-11 4.10E-11 4.92E-11 5.61E-11 5.83E-11 5.78E-11
 2.25E-49 2.80E-36 7.47E-26 4.13E-18 2.55E-14 3.74E-12 1.69E-11 2.67E-11
 3.32E-11 4.13E-11 4.88E-11 5.48E-11 5.66E-11 5.61E-11
  99.0174    7  14 /pl=01:ss= 8:pb= 1:sz= 8/type=excit/ispb = t/isel =    8
 1.00E+10 1.00E+11 1.00E+12 1.00E+13 1.00E+14 1.00E+15 1.00E+16
 1.40E+00 2.09E+00 3.49E+00 6.98E+00 1.40E+01 3.49E+01 6.98E+01 1.05E+02
 1.40E+02 2.09E+02 3.49E+02 6.98E+02 1.40E+03 2.09E+03
 1.00E-74 4.80E-37 9.35E-27 4.48E-19 2.80E-15 4.36E-13 1.97E-12 3.01E-12
 3.58E-12 4.04E-12 4.10E-12 3.60E-12 2.87E-12 2.45E-12
 1.00E-74 4.80E-37 9.35E-27 4.48E-19 2.80E-15 4.36E-13 1.97E-12 3.01E-12
 3.58E-12 4.04E-12 4.10E-12 3.60E-12 2.87E-12 2.45E-12
 7.08E-50 4.80E-37 9.35E-27 4.48E-19 2.80E-15 4.36E-13 1.97E-12 3.01E-12
 3.58E-12 4.04E-12 4.10E-12 3.60E-12 2.87E-12 2.45E-12
 6.37E-50 4.80E-37 9.35E-27 4.48E-19 2.80E-15 4.35E-13 1.97E-12 3.01E-12
 3.58E-12 4.04E-12 4.10E-12 3.59E-12 2.87E-12 2.45E-12
 6.02E-50 4.76E-37 9.28E-27 4.45E-19 2.79E-15 4.33E-13 1.96E-12 2.99E-12
 3.56E-12 4.02E-12 4.08E-12 3.58E-12 2.86E-12 2.44E-12
 5.53E-50 4.44E-37 8.73E-27 4.22E-19 2.65E-15 4.14E-13 1.87E-12 2.87E-12
 3.42E-12 3.88E-12 3.95E-12 3.48E-12 2.79E-12 2.39E-12
 4.26E-50 3.41E-37 6.67E-27 3.18E-19 1.98E-15 3.04E-13 1.37E-12 2.10E-12
 2.51E-12 2.88E-12 3.00E-12 2.74E-12 2.29E-12 2.00E-12
  112.709    7  14 /pl=01:ss= 8:pb= 1:sz= 8/type=excit/ispb = t/isel =    9
 1.00E+10 1.00E+11 1.00E+12 1.00E+13 1.00E+14 1.00E+15 1.00E+16
 1.40E+00 2.09E+00 3.49E+00 6.98E+00 1.40E+01 3.49E+01 6.98E+01 1.05E+02
 1.40E+02 2.09E+02 3.49E+02 6.98E+02 1.40E+03 2.09E+03
 6.43E-44 1.35E-32 1.44E-23 7.61E-17 1.56E-13 1.27E-11 4.85E-11 7.30E-11
 8.85E-11 1.06E-10 1.20E-10 1.28E-10 1.26E-10 1.21E-10
 6.41E-44 1.35E-32 1.44E-23 7.61E-17 1.56E-13 1.27E-11 4.85E-11 7.30E-11
 8.85E-11 1.06E-10 1.20E-10 1.28E-10 1.26E-10 1.21E-10
 6.40E-44 1.35E-32 1.44E-23 7.61E-17 1.56E-13 1.27E-11 4.85E-11 7.30E-11
 8.85E-11 1.06E-10 1.20E-10 1.28E-10 1.26E-10 1.21E-10
 6.40E-44 1.35E-32 1.44E-23 7.61E-17 1.56E-13 1.27E-11 4.85E-11 7.30E-11
 8.85E-11 1.06E-10 1.20E-10 1.28E-10 1.26E-10 1.21E-10
 6.42E-44 1.36E-32 1.44E-23 7.63E-17 1.56E-13 1.27E-11 4.86E-11 7.30E-11
 8.85E-11 1.06E-10 1.20E-10 1.28E-10 1.26E-10 1.21E-10
 6.58E-44 1.39E-32 1.47E-23 7.79E-17 1.60E-13 1.29E-11 4.92E-11 7.36E-11
 8.91E-11 1.06E-10 1.20E-10 1.28E-10 1.25E-10 1.21E-10
 8.18E-44 1.68E-32 1.75E-23 9.16E-17 1.86E-13 1.45E-11 5.30E-11 7.75E-11
 9.22E-11 1.08E-10 1.19E-10 1.24E-10 1.21E-10 1.16E-10
  120.152    7  14 /pl=01:ss= 8:pb= 1:sz= 8/type=excit/ispb = t/isel =   10
 1.00E+10 1.00E+11 1.00E+12 1.00E+13 1.00E+14 1.00E+15 1.00E+16
 1.40E+00 2.09E+00 3.49E+00 6.98E+00 1.40E+01 3.49E+01 6.98E+01 1.05E+02
 1.40E+02 2.09E+02 3.49E+02 6.98E+02 1.40E+03 2.09E+03
 7.01E-42 2.88E-31 8.14E-23 1.58E-16 2.04E-13 1.32E-11 4.61E-11 6.51E-11
 7.47E-11 8.17E-11 8.13E-11 7.08E-11 5.68E-11 4.89E-11
 7.01E-42 2.88E-31 8.14E-23 1.58E-16 2.04E-13 1.32E-11 4.61E-11 6.51E-11
 7.47E-11 8.17E-11 8.13E-11 7.08E-11 5.68E-11 4.89E-11
 7.01E-42 2.88E-31 8.14E-23 1.58E-16 2.04E-13 1.32E-11 4.61E-11 6.51E-11
 7.47E-11 8.17E-11 8.13E-11 7.08E-11 5.68E-11 4.89E-11
 7.01E-42 2.88E-31 8.14E-23 1.58E-16 2.04E-13 1.32E-11 4.61E-11 6.51E-11
 7.47E-11 8.17E-11 8.13E-11 7.08E-11 5.68E-11 4.89E-11
 7.01E-42 2.88E-31 8.14E-23 1.58E-16 2.04E-13 1.32E-11 4.60E-11 6.51E-11
 7.47E-11 8.17E-11 8.13E-11 7.08E-11 5.68E-11 4.89E-11
 7.06E-42 2.90E-31 8.18E-23 1.58E-16 2.04E-13 1.32E-11 4.58E-11 6.46E-11
 7.42E-11 8.11E-11 8.07E-11 7.04E-11 5.65E-11 4.87E-11
 7.59E-42 3.07E-31 8.53E-23 1.62E-16 2.03E-13 1.26E-11 4.29E-11 6.01E-11
 6.88E-11 7.52E-11 7.51E-11 6.61E-11 5.37E-11 4.65E-11
  134.370    7  14 /pl=01:ss= 8:pb= 1:sz= 8/type=excit/ispb = t/isel =   11
 1.00E+10 1.00E+11 1.00E+12 1.00E+13 1.00E+14 1.00E+15 1.00E+16
 1.40E+00 2.09E+00 3.49E+00 6.98E+00 1.40E+01 3.49E+01 6.98E+01 1.05E+02
 1.40E+02 2.09E+02 3.49E+02 6.98E+02 1.40E+03 2.09E+03
 1.00E-74 2.09E-39 1.17E-27 6.53E-19 1.30E-14 3.86E-12 2.14E-11 3.50E-11
 4.30E-11 5.03E-11 5.25E-11 4.70E-11 3.78E-11 3.24E-11
 1.00E-74 2.09E-39 1.17E-27 6.53E-19 1.30E-14 3.86E-12 2.14E-11 3.50E-11
 4.30E-11 5.03E-11 5.25E-11 4.70E-11 3.78E-11 3.24E-11
 1.00E-74 2.09E-39 1.17E-27 6.53E-19 1.30E-14 3.86E-12 2.14E-11 3.50E-11
 4.30E-11 5.03E-11 5.25E-11 4.70E-11 3.78E-11 3.24E-11
 1.00E-74 2.09E-39 1.18E-27 6.54E-19 1.30E-14 3.86E-12 2.14E-11 3.51E-11
 4.30E-11 5.03E-11 5.25E-11 4.70E-11 3.79E-11 3.24E-11
 1.00E-74 2.11E-39 1.18E-27 6.58E-19 1.31E-14 3.89E-12 2.15E-11 3.52E-11
 4.33E-11 5.06E-11 5.27E-11 4.72E-11 3.80E-11 3.25E-11
 1.00E-74 2.22E-39 1.24E-27 6.88E-19 1.37E-14 4.07E-12 2.25E-11 3.68E-11
 4.51E-11 5.26E-11 5.48E-11 4.88E-11 3.91E-11 3.34E-11
 1.00E-74 2.84E-39 1.54E-27 8.37E-19 1.64E-14 4.78E-12 2.59E-11 4.19E-11
 5.12E-11 5.94E-11 6.16E-11 5.48E-11 4.38E-11 3.73E-11
  147.140    7  14 /pl=01:ss= 8:pb= 1:sz= 8/type=excit/ispb = t/isel =   12
 1.00E+10 1.00E+11 1.00E+12 1.00E+13 1.00E+14 1.00E+15 1.00E+16
 1.40E+00 2.09E+00 3.49E+00 6.98E+00 1.40E+01 3.49E+01 6.98E+01 1.05E+02
 1.40E+02 2.09E+02 3.49E+02 6.98E+02 1.40E+03 2.09E+03
 1.00E-74 2.15E-37 2.63E-26 4.67E-18 5.26E-14 1.11E-11 5.53E-11 8.71E-11
 1.05E-10 1.21E-10 1.25E-10 1.11E-10 8.92E-11 7.64E-11
 1.00E-74 2.15E-37 2.63E-26 4.67E-18 5.26E-14 1.11E-11 5.53E-11 8.71E-11
 1.05E-10 1.21E-10 1.25E-10 1.11E-10 8.92E-11 7.64E-11
 1.00E-74 2.15E-37 2.63E-26 4.67E-18 5.26E-14 1.11E-11 5.53E-11 8.71E-11
 1.05E-10 1.21E-10 1.25E-10 1.11E-10 8.92E-11 7.64E-11
 1.00E-74 2.15E-37 2.63E-26 4.68E-18 5.27E-14 1.11E-11 5.53E-11 8.72E-11
 1.05E-10 1.21E-10 1.25E-10 1.11E-10 8.92E-11 7.64E-11
 1.00E-74 2.17E-37 2.66E-26 4.73E-18 5.33E-14 1.13E-11 5.58E-11 8.80E-11
 1.06E-10 1.22E-10 1.26E-10 1.12E-10 8.96E-11 7.67E-11
 1.00E-74 2.33E-37 2.87E-26 5.13E-18 5.78E-14 1.22E-11 5.99E-11 9.38E-11
 1.13E-10 1.29E-10 1.32E-10 1.16E-10 9.27E-11 7.91E-11
 3.97E-51 3.09E-37 3.74E-26 6.62E-18 7.42E-14 1.53E-11 7.34E-11 1.14E-10
 1.36E-10 1.54E-10 1.56E-10 1.37E-10 1.08E-10 9.15E-11
  152.506    7  14 /pl=01:ss= 8:pb= 1:sz= 8/type=excit/ispb = t/isel =   13
 1.00E+10 1.00E+11 1.00E+12 1.00E+13 1.00E+14 1.00E+15 1.00E+16
 1.40E+00 2.09E+00 3.49E+00 6.98E+00 1.40E+01 3.49E+01 6.98E+01 1.05E+02
 1.40E+02 2.09E+02 3.49E+02 6.98E+02 1.40E+03 2.09E+03
 1.00E-74 6.22E-37 4.57E-26 5.85E-18 5.80E-14 1.16E-11 5.69E-11 8.95E-11
 1.08E-10 1.25E-10 1.29E-10 1.16E-10 9.43E-11 8.11E-11
 1.00E-74 6.22E-37 4.57E-26 5.85E-18 5.80E-14 1.16E-11 5.69E-11 8.95E-11
 1.08E-10 1.25E-10 1.29E-10 1.16E-10 9.43E-11 8.11E-11
 1.00E-74 6.22E-37 4.57E-26 5.85E-18 5.80E-14 1.16E-11 5.69E-11 8.95E-11
 1.08E-10 1.25E-10 1.29E-10 1.16E-10 9.43E-11 8.11E-11
 1.00E-74 6.21E-37 4.57E-26 5.85E-18 5.80E-14 1.16E-11 5.68E-11 8.94E-11
 1.08E-10 1.25E-10 1.29E-10 1.16E-10 9.43E-11 8.11E-11
 1.00E-74 6.19E-37 4.54E-26 5.80E-18 5.75E-14 1.15E-11 5.64E-11 8.88E-11
 1.08E-10 1.24E-10 1.29E-10 1.16E-10 9.40E-11 8.08E-11
 1.36E-50 5.99E-37 4.35E-26 5.49E-18 5.39E-14 1.08E-11 5.29E-11 8.36E-11
 1.02E-10 1.18E-10 1.23E-10 1.11E-10 9.11E-11 7.88E-11
 1.36E-50 5.39E-37 3.81E-26 4.63E-18 4.43E-14 8.54E-12 4.13E-11 6.49E-11
 7.89E-11 9.19E-11 9.73E-11 9.07E-11 7.67E-11 6.76E-11
  172.791    7  14 /pl=01:ss= 8:pb= 1:sz= 8/type=excit/ispb = t/isel =   14
 1.00E+10 1.00E+11 1.00E+12 1.00E+13 1.00E+14 1.00E+15 1.00E+16
 1.40E+00 2.09E+00 3.49E+00 6.98E+00 1.40E+01 3.49E+01 6.98E+01 1.05E+02
 1.40E+02 2.09E+02 3.49E+02 6.98E+02 1.40E+03 2.09E+03
 7.60E-31 1.72E-23 1.21E-17 2.62E-13 3.55E-11 6.15E-10 1.49E-09 1.97E-09
 2.24E-09 2.54E-09 2.76E-09 2.84E-09 2.73E-09 2.60E-09
 7.60E-31 1.72E-23 1.21E-17 2.62E-13 3.55E-11 6.15E-10 1.49E-09 1.97E-09
 2.24E-09 2.54E-09 2.76E-09 2.84E-09 2.73E-09 2.60E-09
 7.60E-31 1.72E-23 1.21E-17 2.62E-13 3.55E-11 6.15E-10 1.49E-09 1.97E-09
 2.24E-09 2.54E-09 2.76E-09 2.84E-09 2.73E-09 2.60E-09
 7.60E-31 1.72E-23 1.21E-17 2.62E-13 3.55E-11 6.14E-10 1.49E-09 1.97E-09
 2.24E-09 2.54E-09 2.76E-09 2.84E-09 2.73E-09 2.60E-09
 7.61E-31 1.72E-23 1.21E-17 2.62E-13 3.55E-11 6.14E-10 1.49E-09 1.96E-09
 2.24E-09 2.54E-09 2.76E-09 2.84E-09 2.73E-09 2.60E-09
 7.66E-31 1.73E-23 1.21E-17 2.63E-13 3.56E-11 6.13E-10 1.49E-09 1.95E-09
 2.23E-09 2.52E-09 2.74E-09 2.82E-09 2.71E-09 2.58E-09
 8.17E-31 1.82E-23 1.26E-17 2.71E-13 3.62E-11 6.03E-10 1.42E-09 1.84E-09
 2.08E-09 2.34E-09 2.54E-09 2.62E-09 2.54E-09 2.43E-09
  174.857    7  14 /pl=01:ss= 8:pb= 1:sz= 8/type=excit/ispb = t/isel =   15
 1.00E+10 1.00E+11 1.00E+12 1.00E+13 1.00E+14 1.00E+15 1.00E+16
 1.40E+00 2.09E+00 3.49E+00 6.98E+00 1.40E+01 3.49E+01 6.98E+01 1.05E+02
 1.40E+02 2.09E+02 3.49E+02 6.98E+02 1.40E+03 2.09E+03
 1.00E-74 3.92E-34 3.74E-24 9.80E-17 4.26E-13 5.11E-11 2.10E-10 3.14E-10
 3.68E-10 4.12E-10 4.17E-10 3.67E-10 2.94E-10 2.53E-10
 1.00E-74 3.92E-34 3.74E-24 9.80E-17 4.26E-13 5.11E-11 2.10E-10 3.14E-10
 3.68E-10 4.12E-10 4.17E-10 3.67E-10 2.94E-10 2.53E-10
 1.30E-46 3.92E-34 3.74E-24 9.80E-17 4.26E-13 5.11E-11 2.10E-10 3.14E-10
 3.68E-10 4.12E-10 4.17E-10 3.67E-10 2.94E-10 2.53E-10
 1.17E-46 3.92E-34 3.74E-24 9.80E-17 4.26E-13 5.11E-11 2.10E-10 3.14E-10
 3.68E-10 4.12E-10 4.17E-10 3.67E-10 2.94E-10 2.53E-10
 1.17E-46 3.93E-34 3.74E-24 9.82E-17 4.27E-13 5.12E-11 2.11E-10 3.14E-10
 3.68E-10 4.13E-10 4.18E-10 3.67E-10 2.94E-10 2.53E-10
 1.19E-46 3.98E-34 3.80E-24 9.98E-17 4.34E-13 5.20E-11 2.14E-10 3.18E-10
 3.72E-10 4.16E-10 4.21E-10 3.70E-10 2.96E-10 2.54E-10
 1.40E-46 4.57E-34 4.28E-24 1.11E-16 4.85E-13 5.71E-11 2.29E-10 3.38E-10
 3.93E-10 4.37E-10 4.39E-10 3.84E-10 3.07E-10 2.63E-10
  189.111    7  14 /pl=01:ss= 8:pb= 1:sz= 8/type=excit/ispb = t/isel =   16
 1.00E+10 1.00E+11 1.00E+12 1.00E+13 1.00E+14 1.00E+15 1.00E+16
 1.40E+00 2.09E+00 3.49E+00 6.98E+00 1.40E+01 3.49E+01 6.98E+01 1.05E+02
 1.40E+02 2.09E+02 3.49E+02 6.98E+02 1.40E+03 2.09E+03
 3.70E-45 3.11E-33 1.10E-23 1.48E-16 5.09E-13 5.70E-11 2.34E-10 3.48E-10
 4.12E-10 4.61E-10 4.70E-10 4.18E-10 3.39E-10 2.93E-10
 3.33E-45 3.11E-33 1.10E-23 1.48E-16 5.09E-13 5.70E-11 2.34E-10 3.48E-10
 4.12E-10 4.61E-10 4.70E-10 4.18E-10 3.39E-10 2.93E-10
 3.31E-45 3.11E-33 1.10E-23 1.48E-16 5.09E-13 5.70E-11 2.34E-10 3.48E-10
 4.12E-10 4.61E-10 4.70E-10 4.18E-10 3.39E-10 2.93E-10
 3.31E-45 3.11E-33 1.10E-23 1.48E-16 5.09E-13 5.70E-11 2.34E-10 3.48E-10
 4.11E-10 4.61E-10 4.70E-10 4.18E-10 3.39E-10 2.93E-10
 3.31E-45 3.10E-33 1.10E-23 1.48E-16 5.08E-13 5.68E-11 2.34E-10 3.47E-10
 4.10E-10 4.59E-10 4.69E-10 4.17E-10 3.39E-10 2.93E-10
 3.30E-45 3.09E-33 1.09E-23 1.46E-16 4.98E-13 5.54E-11 2.27E-10 3.37E-10
 3.99E-10 4.47E-10 4.58E-10 4.09E-10 3.33E-10 2.89E-10
 3.27E-45 3.04E-33 1.05E-23 1.36E-16 4.45E-13 4.71E-11 1.88E-10 2.78E-10
 3.29E-10 3.70E-10 3.83E-10 3.51E-10 2.93E-10 2.58E-10
  205.797    7  14 /pl=01:ss= 8:pb= 1:sz= 8/type=excit/ispb = t/isel =   17
 1.00E+10 1.00E+11 1.00E+12 1.00E+13 1.00E+14 1.00E+15 1.00E+16
 1.40E+00 2.09E+00 3.49E+00 6.98E+00 1.40E+01 3.49E+01 6.98E+01 1.05E+02
 1.40E+02 2.09E+02 3.49E+02 6.98E+02 1.40E+03 2.09E+03
 1.00E-74 3.24E-38 2.38E-27 3.05E-19 3.02E-15 6.04E-13 2.96E-12 4.66E-12
 5.65E-12 6.50E-12 6.73E-12 6.05E-12 4.91E-12 4.22E-12
 1.00E-74 3.24E-38 2.38E-27 3.05E-19 3.02E-15 6.04E-13 2.96E-12 4.66E-12
 5.65E-12 6.50E-12 6.73E-12 6.05E-12 4.91E-12 4.22E-12
 1.00E-74 3.24E-38 2.38E-27 3.05E-19 3.02E-15 6.04E-13 2.96E-12 4.66E-12
 5.64E-12 6.50E-12 6.73E-12 6.05E-12 4.91E-12 4.22E-12
 1.00E-74 3.24E-38 2.38E-27 3.04E-19 3.02E-15 6.03E-13 2.96E-12 4.66E-12
 5.64E-12 6.50E-12 6.73E-12 6.05E-12 4.91E-12 4.22E-12
 1.00E-74 3.22E-38 2.36E-27 3.02E-19 2.99E-15 5.98E-13 2.94E-12 4.62E-12
 5.60E-12 6.46E-12 6.69E-12 6.02E-12 4.89E-12 4.21E-12
 7.06E-52 3.12E-38 2.27E-27 2.86E-19 2.81E-15 5.60E-13 2.76E-12 4.35E-12
 5.29E-12 6.12E-12 6.38E-12 5.79E-12 4.75E-12 4.10E-12
 7.06E-52 2.81E-38 1.99E-27 2.41E-19 2.31E-15 4.45E-13 2.15E-12 3.38E-12
 4.11E-12 4.78E-12 5.06E-12 4.72E-12 3.99E-12 3.52E-12
  222.250    7  14 /pl=01:ss= 8:pb= 1:sz= 8/type=excit/ispb = t/isel =   18
 1.00E+10 1.00E+11 1.00E+12 1.00E+13 1.00E+14 1.00E+15 1.00E+16
 1.40E+00 2.09E+00 3.49E+00 6.98E+00 1.40E+01 3.49E+01 6.98E+01 1.05E+02
 1.40E+02 2.09E+02 3.49E+02 6.98E+02 1.40E+03 2.09E+03
 3.05E-25 1.52E-19 5.01E-15 1.06E-11 4.20E-10 3.44E-09 6.59E-09 7.94E-09
 8.65E-09 9.19E-09 9.29E-09 8.74E-09 7.72E-09 7.05E-09
 3.05E-25 1.52E-19 5.01E-15 1.06E-11 4.20E-10 3.44E-09 6.59E-09 7.94E-09
 8.65E-09 9.19E-09 9.29E-09 8.74E-09 7.72E-09 7.05E-09
 3.05E-25 1.52E-19 5.01E-15 1.06E-11 4.20E-10 3.44E-09 6.59E-09 7.94E-09
 8.65E-09 9.19E-09 9.29E-09 8.74E-09 7.72E-09 7.05E-09
 3.05E-25 1.52E-19 5.01E-15 1.06E-11 4.20E-10 3.44E-09 6.59E-09 7.94E-09
 8.65E-09 9.19E-09 9.29E-09 8.74E-09 7.72E-09 7.05E-09
 3.05E-25 1.52E-19 5.01E-15 1.06E-11 4.20E-10 3.44E-09 6.58E-09 7.93E-09
 8.64E-09 9.19E-09 9.28E-09 8.73E-09 7.72E-09 7.05E-09
 3.04E-25 1.52E-19 5.00E-15 1.06E-11 4.20E-10 3.43E-09 6.55E-09 7.88E-09
 8.58E-09 9.12E-09 9.21E-09 8.67E-09 7.67E-09 7.01E-09
 3.03E-25 1.51E-19 4.99E-15 1.05E-11 4.18E-10 3.33E-09 6.21E-09 7.40E-09
 8.02E-09 8.49E-09 8.58E-09 8.11E-09 7.23E-09 6.64E-09
  238.178    7  14 /pl=01:ss= 8:pb= 1:sz= 8/type=excit/ispb = t/isel =   19
 1.00E+10 1.00E+11 1.00E+12 1.00E+13 1.00E+14 1.00E+15 1.00E+16
 1.40E+00 2.09E+00 3.49E+00 6.98E+00 1.40E+01 3.49E+01 6.98E+01 1.05E+02
 1.40E+02 2.09E+02 3.49E+02 6.98E+02 1.40E+03 2.09E+03
 1.00E-74 8.61E-39 1.63E-27 4.14E-19 5.68E-15 1.36E-12 7.02E-12 1.12E-11
 1.36E-11 1.56E-11 1.59E-11 1.40E-11 1.11E-11 9.46E-12
 1.00E-74 8.61E-39 1.63E-27 4.14E-19 5.68E-15 1.36E-12 7.02E-12 1.12E-11
 1.36E-11 1.56E-11 1.59E-11 1.40E-11 1.11E-11 9.46E-12
 1.00E-74 8.61E-39 1.63E-27 4.14E-19 5.68E-15 1.36E-12 7.02E-12 1.12E-11
 1.36E-11 1.56E-11 1.59E-11 1.40E-11 1.11E-11 9.46E-12
 1.00E-74 8.57E-39 1.62E-27 4.12E-19 5.66E-15 1.35E-12 7.00E-12 1.11E-11
 1.35E-11 1.55E-11 1.59E-11 1.40E-11 1.11E-11 9.45E-12
 1.00E-74 8.22E-39 1.56E-27 3.99E-19 5.50E-15 1.32E-12 6.84E-12 1.09E-11
 1.33E-11 1.52E-11 1.56E-11 1.38E-11 1.10E-11 9.36E-12
 1.00E-74 6.26E-39 1.22E-27 3.18E-19 4.45E-15 1.08E-12 5.70E-12 9.17E-12
 1.12E-11 1.31E-11 1.36E-11 1.23E-11 9.97E-12 8.58E-12
 3.94E-53 4.25E-39 8.01E-28 2.01E-19 2.74E-15 6.47E-13 3.33E-12 5.33E-12
 6.53E-12 7.65E-12 8.11E-12 7.55E-12 6.39E-12 5.65E-12
  244.537    7  14 /pl=01:ss= 8:pb= 1:sz= 8/type=excit/ispb = t/isel =   20
 1.00E+10 1.00E+11 1.00E+12 1.00E+13 1.00E+14 1.00E+15 1.00E+16
 1.40E+00 2.09E+00 3.49E+00 6.98E+00 1.40E+01 3.49E+01 6.98E+01 1.05E+02
 1.40E+02 2.09E+02 3.49E+02 6.98E+02 1.40E+03 2.09E+03
 8.57E-23 1.27E-17 1.59E-13 1.62E-10 4.45E-09 2.80E-08 4.76E-08 5.49E-08
 5.80E-08 5.99E-08 5.89E-08 5.45E-08 4.76E-08 4.34E-08
 8.57E-23 1.27E-17 1.59E-13 1.62E-10 4.45E-09 2.80E-08 4.76E-08 5.49E-08
 5.80E-08 5.99E-08 5.89E-08 5.45E-08 4.76E-08 4.34E-08
 8.57E-23 1.27E-17 1.59E-13 1.62E-10 4.45E-09 2.80E-08 4.76E-08 5.49E-08
 5.80E-08 5.99E-08 5.89E-08 5.45E-08 4.76E-08 4.34E-08
 8.57E-23 1.27E-17 1.59E-13 1.62E-10 4.45E-09 2.80E-08 4.76E-08 5.49E-08
 5.80E-08 5.99E-08 5.89E-08 5.45E-08 4.76E-08 4.34E-08
 8.57E-23 1.27E-17 1.59E-13 1.62E-10 4.45E-09 2.80E-08 4.76E-08 5.49E-08
 5.80E-08 5.99E-08 5.89E-08 5.44E-08 4.76E-08 4.34E-08
 8.56E-23 1.27E-17 1.58E-13 1.62E-10 4.45E-09 2.79E-08 4.73E-08 5.45E-08
 5.76E-08 5.94E-08 5.85E-08 5.40E-08 4.73E-08 4.31E-08
 8.50E-23 1.26E-17 1.58E-13 1.61E-10 4.42E-09 2.71E-08 4.49E-08 5.12E-08
 5.38E-08 5.53E-08 5.44E-08 5.06E-08 4.46E-08 4.09E-08
  261.513    7  14 /pl=01:ss= 8:pb= 1:sz= 8/type=excit/ispb = t/isel =   21
 1.00E+10 1.00E+11 1.00E+12 1.00E+13 1.00E+14 1.00E+15 1.00E+16
 1.40E+00 2.09E+00 3.49E+00 6.98E+00 1.40E+01 3.49E+01 6.98E+01 1.05E+02
 1.40E+02 2.09E+02 3.49E+02 6.98E+02 1.40E+03 2.09E+03
 2.61E-40 1.07E-29 3.03E-21 5.67E-15 6.71E-12 3.83E-10 1.26E-09 1.76E-09
 2.02E-09 2.23E-09 2.27E-09 2.08E-09 1.78E-09 1.60E-09
 2.61E-40 1.07E-29 3.03E-21 5.67E-15 6.71E-12 3.83E-10 1.26E-09 1.76E-09
 2.02E-09 2.23E-09 2.27E-09 2.08E-09 1.78E-09 1.60E-09
 2.61E-40 1.07E-29 3.03E-21 5.67E-15 6.71E-12 3.83E-10 1.26E-09 1.76E-09
 2.02E-09 2.23E-09 2.27E-09 2.08E-09 1.78E-09 1.60E-09
 2.61E-40 1.08E-29 3.03E-21 5.68E-15 6.72E-12 3.83E-10 1.26E-09 1.76E-09
 2.02E-09 2.23E-09 2.27E-09 2.08E-09 1.78E-09 1.60E-09
 2.63E-40 1.08E-29 3.05E-21 5.70E-15 6.74E-12 3.84E-10 1.27E-09 1.76E-09
 2.02E-09 2.23E-09 2.27E-09 2.09E-09 1.78E-09 1.60E-09
 2.86E-40 1.16E-29 3.21E-21 5.92E-15 6.93E-12 3.92E-10 1.29E-09 1.79E-09
 2.05E-09 2.26E-09 2.30E-09 2.12E-09 1.81E-09 1.62E-09
 5.10E-40 1.91E-29 4.88E-21 8.17E-15 8.87E-12 4.67E-10 1.48E-09 2.03E-09
 2.32E-09 2.56E-09 2.60E-09 2.39E-09 2.03E-09 1.82E-09
  270.864    7  14 /pl=01:ss= 8:pb= 1:sz= 8/type=excit/ispb = t/isel =   22
 1.00E+10 1.00E+11 1.00E+12 1.00E+13 1.00E+14 1.00E+15 1.00E+16
 1.40E+00 2.09E+00 3.49E+00 6.98E+00 1.40E+01 3.49E+01 6.98E+01 1.05E+02
 1.40E+02 2.09E+02 3.49E+02 6.98E+02 1.40E+03 2.09E+03
 5.43E-38 4.48E-28 3.51E-20 2.51E-14 1.80E-11 7.39E-10 2.16E-09 2.88E-09
 3.22E-09 3.44E-09 3.37E-09 2.92E-09 2.33E-09 2.00E-09
 5.43E-38 4.48E-28 3.51E-20 2.51E-14 1.80E-11 7.39E-10 2.16E-09 2.88E-09
 3.22E-09 3.44E-09 3.37E-09 2.92E-09 2.33E-09 2.00E-09
 5.43E-38 4.48E-28 3.51E-20 2.51E-14 1.80E-11 7.39E-10 2.16E-09 2.88E-09
 3.22E-09 3.44E-09 3.37E-09 2.92E-09 2.33E-09 2.00E-09
 5.43E-38 4.49E-28 3.51E-20 2.51E-14 1.80E-11 7.39E-10 2.16E-09 2.88E-09
 3.22E-09 3.44E-09 3.37E-09 2.92E-09 2.33E-09 2.00E-09
 5.44E-38 4.50E-28 3.52E-20 2.51E-14 1.80E-11 7.40E-10 2.16E-09 2.88E-09
 3.22E-09 3.44E-09 3.37E-09 2.92E-09 2.33E-09 2.00E-09
 5.59E-38 4.60E-28 3.58E-20 2.55E-14 1.82E-11 7.45E-10 2.17E-09 2.89E-09
 3.23E-09 3.45E-09 3.37E-09 2.92E-09 2.34E-09 2.01E-09
 7.08E-38 5.62E-28 4.21E-20 2.89E-14 2.02E-11 7.98E-10 2.26E-09 2.97E-09
 3.30E-09 3.50E-09 3.42E-09 2.97E-09 2.38E-09 2.05E-09
  278.556    7  14 /pl=01:ss= 8:pb= 1:sz= 8/type=excit/ispb = t/isel =   23
 1.00E+10 1.00E+11 1.00E+12 1.00E+13 1.00E+14 1.00E+15 1.00E+16
 1.40E+00 2.09E+00 3.49E+00 6.98E+00 1.40E+01 3.49E+01 6.98E+01 1.05E+02
 1.40E+02 2.09E+02 3.49E+02 6.98E+02 1.40E+03 2.09E+03
 8.03E-47 6.75E-35 2.38E-25 3.22E-18 1.11E-14 1.24E-12 5.09E-12 7.56E-12
 8.94E-12 1.00E-11 1.02E-11 9.09E-12 7.38E-12 6.38E-12
 7.23E-47 6.75E-35 2.38E-25 3.22E-18 1.11E-14 1.24E-12 5.09E-12 7.56E-12
 8.94E-12 1.00E-11 1.02E-11 9.09E-12 7.38E-12 6.38E-12
 7.20E-47 6.75E-35 2.38E-25 3.22E-18 1.11E-14 1.24E-12 5.09E-12 7.56E-12
 8.94E-12 1.00E-11 1.02E-11 9.09E-12 7.38E-12 6.38E-12
 7.20E-47 6.75E-35 2.38E-25 3.22E-18 1.11E-14 1.24E-12 5.09E-12 7.56E-12
 8.94E-12 1.00E-11 1.02E-11 9.09E-12 7.38E-12 6.38E-12
 7.20E-47 6.74E-35 2.38E-25 3.21E-18 1.10E-14 1.23E-12 5.08E-12 7.53E-12
 8.92E-12 9.98E-12 1.02E-11 9.07E-12 7.36E-12 6.37E-12
 7.16E-47 6.71E-35 2.36E-25 3.17E-18 1.08E-14 1.20E-12 4.94E-12 7.33E-12
 8.68E-12 9.72E-12 9.94E-12 8.89E-12 7.25E-12 6.28E-12
 7.11E-47 6.60E-35 2.29E-25 2.96E-18 9.67E-15 1.02E-12 4.09E-12 6.04E-12
 7.15E-12 8.05E-12 8.33E-12 7.62E-12 6.37E-12 5.60E-12
  285.172    7  14 /pl=01:ss= 8:pb= 1:sz= 8/type=excit/ispb = t/isel =   24
 1.00E+10 1.00E+11 1.00E+12 1.00E+13 1.00E+14 1.00E+15 1.00E+16
 1.40E+00 2.09E+00 3.49E+00 6.98E+00 1.40E+01 3.49E+01 6.98E+01 1.05E+02
 1.40E+02 2.09E+02 3.49E+02 6.98E+02 1.40E+03 2.09E+03
 1.00E-74 6.34E-37 2.33E-26 1.73E-18 1.28E-14 2.17E-12 1.05E-11 1.69E-11
 2.13E-11 2.63E-11 3.09E-11 3.39E-11 3.40E-11 3.30E-11
 1.00E-74 6.34E-37 2.33E-26 1.73E-18 1.28E-14 2.17E-12 1.05E-11 1.69E-11
 2.13E-11 2.63E-11 3.09E-11 3.39E-11 3.40E-11 3.30E-11
 1.00E-74 6.34E-37 2.33E-26 1.73E-18 1.28E-14 2.17E-12 1.05E-11 1.69E-11
 2.13E-11 2.63E-11 3.09E-11 3.39E-11 3.40E-11 3.30E-11
 1.00E-74 6.34E-37 2.33E-26 1.73E-18 1.28E-14 2.18E-12 1.05E-11 1.70E-11
 2.13E-11 2.64E-11 3.09E-11 3.39E-11 3.40E-11 3.30E-11
 1.00E-74 6.41E-37 2.36E-26 1.75E-18 1.30E-14 2.20E-12 1.06E-11 1.71E-11
 2.14E-11 2.65E-11 3.10E-11 3.40E-11 3.40E-11 3.31E-11
 3.80E-50 7.05E-37 2.60E-26 1.94E-18 1.44E-14 2.42E-12 1.15E-11 1.83E-11
 2.28E-11 2.78E-11 3.20E-11 3.46E-11 3.43E-11 3.32E-11
 6.07E-50 1.07E-36 3.92E-26 2.91E-18 2.14E-14 3.46E-12 1.56E-11 2.39E-11
 2.89E-11 3.39E-11 3.69E-11 3.72E-11 3.51E-11 3.32E-11
  305.047    7  14 /pl=01:ss= 8:pb= 1:sz= 8/type=excit/ispb = t/isel =   25
 1.00E+10 1.00E+11 1.00E+12 1.00E+13 1.00E+14 1.00E+15 1.00E+16
 1.40E+00 2.09E+00 3.49E+00 6.98E+00 1.40E+01 3.49E+01 6.98E+01 1.05E+02
 1.40E+02 2.09E+02 3.49E+02 6.98E+02 1.40E+03 2.09E+03
 1.00E-74 2.73E-39 5.17E-28 1.31E-19 1.80E-15 4.31E-13 2.23E-12 3.55E-12
 4.30E-12 4.94E-12 5.06E-12 4.44E-12 3.53E-12 3.00E-12
 1.00E-74 2.73E-39 5.17E-28 1.31E-19 1.80E-15 4.31E-13 2.23E-12 3.55E-12
 4.30E-12 4.94E-12 5.06E-12 4.44E-12 3.53E-12 3.00E-12
 1.00E-74 2.73E-39 5.17E-28 1.31E-19 1.80E-15 4.31E-13 2.23E-12 3.55E-12
 4.30E-12 4.94E-12 5.06E-12 4.44E-12 3.53E-12 3.00E-12
 1.00E-74 2.72E-39 5.15E-28 1.31E-19 1.80E-15 4.30E-13 2.22E-12 3.54E-12
 4.29E-12 4.93E-12 5.05E-12 4.44E-12 3.53E-12 3.00E-12
 1.00E-74 2.61E-39 4.97E-28 1.27E-19 1.75E-15 4.19E-13 2.17E-12 3.46E-12
 4.21E-12 4.84E-12 4.97E-12 4.38E-12 3.49E-12 2.97E-12
 1.00E-74 1.99E-39 3.87E-28 1.01E-19 1.41E-15 3.44E-13 1.81E-12 2.91E-12
 3.56E-12 4.15E-12 4.32E-12 3.89E-12 3.16E-12 2.72E-12
 1.25E-53 1.35E-39 2.54E-28 6.39E-20 8.70E-16 2.05E-13 1.06E-12 1.69E-12
 2.07E-12 2.43E-12 2.57E-12 2.40E-12 2.03E-12 1.79E-12
  308.800    7  14 /pl=01:ss= 8:pb= 1:sz= 8/type=excit/ispb = t/isel =   26
 1.00E+10 1.00E+11 1.00E+12 1.00E+13 1.00E+14 1.00E+15 1.00E+16
 1.40E+00 2.09E+00 3.49E+00 6.98E+00 1.40E+01 3.49E+01 6.98E+01 1.05E+02
 1.40E+02 2.09E+02 3.49E+02 6.98E+02 1.40E+03 2.09E+03
 1.00E-74 1.06E-35 2.06E-25 9.86E-18 6.16E-14 9.57E-12 4.32E-11 6.61E-11
 7.86E-11 8.88E-11 9.01E-11 7.90E-11 6.30E-11 5.38E-11
 1.00E-74 1.06E-35 2.06E-25 9.86E-18 6.16E-14 9.57E-12 4.32E-11 6.61E-11
 7.86E-11 8.88E-11 9.01E-11 7.90E-11 6.30E-11 5.38E-11
 1.56E-48 1.06E-35 2.06E-25 9.85E-18 6.16E-14 9.57E-12 4.32E-11 6.61E-11
 7.86E-11 8.88E-11 9.01E-11 7.90E-11 6.30E-11 5.38E-11
 1.40E-48 1.05E-35 2.05E-25 9.85E-18 6.16E-14 9.57E-12 4.32E-11 6.61E-11
 7.86E-11 8.88E-11 9.00E-11 7.90E-11 6.30E-11 5.38E-11
 1.32E-48 1.05E-35 2.04E-25 9.79E-18 6.13E-14 9.53E-12 4.30E-11 6.58E-11
 7.83E-11 8.85E-11 8.97E-11 7.88E-11 6.28E-11 5.37E-11
 1.22E-48 9.76E-36 1.92E-25 9.27E-18 5.83E-14 9.10E-12 4.12E-11 6.31E-11
 7.52E-11 8.52E-11 8.68E-11 7.66E-11 6.14E-11 5.26E-11
 9.37E-49 7.51E-36 1.47E-25 6.99E-18 4.35E-14 6.68E-12 3.00E-11 4.61E-11
 5.52E-11 6.33E-11 6.60E-11 6.03E-11 5.02E-11 4.40E-11
  311.651    7  14 /pl=01:ss= 8:pb= 1:sz= 8/type=excit/ispb = t/isel =   27
 1.00E+10 1.00E+11 1.00E+12 1.00E+13 1.00E+14 1.00E+15 1.00E+16
 1.40E+00 2.09E+00 3.49E+00 6.98E+00 1.40E+01 3.49E+01 6.98E+01 1.05E+02
 1.40E+02 2.09E+02 3.49E+02 6.98E+02 1.40E+03 2.09E+03
 1.00E-74 1.30E-39 7.29E-28 4.05E-19 8.06E-15 2.40E-12 1.33E-11 2.17E-11
 2.67E-11 3.12E-11 3.26E-11 2.92E-11 2.35E-11 2.01E-11
 1.00E-74 1.30E-39 7.29E-28 4.05E-19 8.06E-15 2.40E-12 1.33E-11 2.17E-11
 2.67E-11 3.12E-11 3.26E-11 2.92E-11 2.35E-11 2.01E-11
 1.00E-74 1.30E-39 7.29E-28 4.05E-19 8.06E-15 2.40E-12 1.33E-11 2.17E-11
 2.67E-11 3.12E-11 3.26E-11 2.92E-11 2.35E-11 2.01E-11
 1.00E-74 1.30E-39 7.30E-28 4.06E-19 8.07E-15 2.40E-12 1.33E-11 2.18E-11
 2.67E-11 3.12E-11 3.26E-11 2.92E-11 2.35E-11 2.01E-11
 1.00E-74 1.31E-39 7.34E-28 4.08E-19 8.12E-15 2.41E-12 1.34E-11 2.19E-11
 2.69E-11 3.14E-11 3.27E-11 2.93E-11 2.36E-11 2.02E-11
 1.00E-74 1.38E-39 7.70E-28 4.27E-19 8.49E-15 2.52E-12 1.40E-11 2.28E-11
 2.80E-11 3.27E-11 3.40E-11 3.03E-11 2.43E-11 2.07E-11
 1.00E-74 1.76E-39 9.58E-28 5.19E-19 1.02E-14 2.97E-12 1.61E-11 2.60E-11
 3.18E-11 3.69E-11 3.82E-11 3.40E-11 2.72E-11 2.31E-11
  360.812    7  14 /pl=01:ss= 8:pb= 1:sz= 8/type=excit/ispb = t/isel =   28
 1.00E+10 1.00E+11 1.00E+12 1.00E+13 1.00E+14 1.00E+15 1.00E+16
 1.40E+00 2.09E+00 3.49E+00 6.98E+00 1.40E+01 3.49E+01 6.98E+01 1.05E+02
 1.40E+02 2.09E+02 3.49E+02 6.98E+02 1.40E+03 2.09E+03
 1.07E-34 5.79E-26 5.14E-19 7.41E-14 2.63E-11 8.22E-10 2.32E-09 3.08E-09
 3.45E-09 3.69E-09 3.62E-09 3.16E-09 2.55E-09 2.21E-09
 1.07E-34 5.79E-26 5.14E-19 7.41E-14 2.63E-11 8.22E-10 2.32E-09 3.08E-09
 3.45E-09 3.69E-09 3.62E-09 3.16E-09 2.55E-09 2.21E-09
 1.07E-34 5.79E-26 5.14E-19 7.41E-14 2.63E-11 8.22E-10 2.32E-09 3.08E-09
 3.45E-09 3.69E-09 3.62E-09 3.16E-09 2.55E-09 2.21E-09
 1.07E-34 5.79E-26 5.14E-19 7.41E-14 2.63E-11 8.22E-10 2.32E-09 3.08E-09
 3.45E-09 3.69E-09 3.62E-09 3.16E-09 2.55E-09 2.21E-09
 1.07E-34 5.80E-26 5.14E-19 7.41E-14 2.63E-11 8.21E-10 2.32E-09 3.08E-09
 3.44E-09 3.68E-09 3.62E-09 3.16E-09 2.55E-09 2.21E-09
 1.08E-34 5.83E-26 5.16E-19 7.43E-14 2.64E-11 8.19E-10 2.30E-09 3.06E-09
 3.42E-09 3.65E-09 3.59E-09 3.14E-09 2.54E-09 2.20E-09
 1.15E-34 6.14E-26 5.38E-19 7.64E-14 2.66E-11 7.94E-10 2.17E-09 2.85E-09
 3.18E-09 3.39E-09 3.35E-09 2.95E-09 2.41E-09 2.10E-09
  390.198    7  14 /pl=01:ss= 8:pb= 1:sz= 8/type=excit/ispb = t/isel =   29
 1.00E+10 1.00E+11 1.00E+12 1.00E+13 1.00E+14 1.00E+15 1.00E+16
 1.40E+00 2.09E+00 3.49E+00 6.98E+00 1.40E+01 3.49E+01 6.98E+01 1.05E+02
 1.40E+02 2.09E+02 3.49E+02 6.98E+02 1.40E+03 2.09E+03
 1.00E-74 1.41E-37 1.73E-26 3.07E-18 3.46E-14 7.31E-12 3.63E-11 5.72E-11
 6.91E-11 7.95E-11 8.19E-11 7.28E-11 5.86E-11 5.02E-11
 1.00E-74 1.41E-37 1.73E-26 3.07E-18 3.46E-14 7.31E-12 3.63E-11 5.72E-11
 6.91E-11 7.95E-11 8.19E-11 7.28E-11 5.86E-11 5.02E-11
 1.00E-74 1.41E-37 1.73E-26 3.07E-18 3.46E-14 7.31E-12 3.63E-11 5.72E-11
 6.92E-11 7.95E-11 8.19E-11 7.28E-11 5.86E-11 5.02E-11
 1.00E-74 1.41E-37 1.73E-26 3.07E-18 3.46E-14 7.32E-12 3.63E-11 5.73E-11
 6.92E-11 7.95E-11 8.19E-11 7.29E-11 5.86E-11 5.02E-11
 1.00E-74 1.43E-37 1.75E-26 3.11E-18 3.50E-14 7.39E-12 3.67E-11 5.78E-11
 6.98E-11 8.01E-11 8.24E-11 7.32E-11 5.88E-11 5.04E-11
 1.00E-74 1.53E-37 1.88E-26 3.37E-18 3.80E-14 7.99E-12 3.93E-11 6.16E-11
 7.42E-11 8.47E-11 8.67E-11 7.64E-11 6.09E-11 5.19E-11
 2.61E-51 2.03E-37 2.46E-26 4.35E-18 4.88E-14 1.00E-11 4.82E-11 7.47E-11
 8.93E-11 1.01E-10 1.03E-10 8.98E-11 7.09E-11 6.01E-11
  430.351    7  14 /pl=01:ss= 8:pb= 1:sz= 8/type=excit/ispb = t/isel =   30
 1.00E+10 1.00E+11 1.00E+12 1.00E+13 1.00E+14 1.00E+15 1.00E+16
 1.40E+00 2.09E+00 3.49E+00 6.98E+00 1.40E+01 3.49E+01 6.98E+01 1.05E+02
 1.40E+02 2.09E+02 3.49E+02 6.98E+02 1.40E+03 2.09E+03
 1.00E-74 2.57E-37 1.89E-26 2.42E-18 2.40E-14 4.79E-12 2.35E-11 3.70E-11
 4.48E-11 5.16E-11 5.34E-11 4.80E-11 3.90E-11 3.35E-11
 1.00E-74 2.57E-37 1.89E-26 2.42E-18 2.40E-14 4.79E-12 2.35E-11 3.70E-11
 4.48E-11 5.16E-11 5.34E-11 4.80E-11 3.90E-11 3.35E-11
 1.00E-74 2.57E-37 1.89E-26 2.42E-18 2.40E-14 4.79E-12 2.35E-11 3.70E-11
 4.48E-11 5.16E-11 5.34E-11 4.80E-11 3.90E-11 3.35E-11
 1.00E-74 2.57E-37 1.89E-26 2.42E-18 2.40E-14 4.79E-12 2.35E-11 3.69E-11
 4.48E-11 5.16E-11 5.34E-11 4.80E-11 3.90E-11 3.35E-11
 1.00E-74 2.56E-37 1.88E-26 2.40E-18 2.38E-14 4.75E-12 2.33E-11 3.67E-11
 4.45E-11 5.12E-11 5.31E-11 4.78E-11 3.88E-11 3.34E-11
 5.61E-51 2.47E-37 1.80E-26 2.27E-18 2.23E-14 4.44E-12 2.19E-11 3.45E-11
 4.20E-11 4.86E-11 5.07E-11 4.60E-11 3.77E-11 3.25E-11
 5.61E-51 2.23E-37 1.58E-26 1.91E-18 1.83E-14 3.53E-12 1.70E-11 2.68E-11
 3.26E-11 3.80E-11 4.02E-11 3.75E-11 3.17E-11 2.79E-11
  431.410    7  14 /pl=01:ss= 8:pb= 1:sz= 8/type=excit/ispb = t/isel =   31
 1.00E+10 1.00E+11 1.00E+12 1.00E+13 1.00E+14 1.00E+15 1.00E+16
 1.40E+00 2.09E+00 3.49E+00 6.98E+00 1.40E+01 3.49E+01 6.98E+01 1.05E+02
 1.40E+02 2.09E+02 3.49E+02 6.98E+02 1.40E+03 2.09E+03
 1.00E-74 1.05E-36 2.04E-26 9.77E-19 6.11E-15 9.49E-13 4.29E-12 6.55E-12
 7.79E-12 8.80E-12 8.93E-12 7.83E-12 6.24E-12 5.33E-12
 1.00E-74 1.05E-36 2.04E-26 9.77E-19 6.11E-15 9.49E-13 4.29E-12 6.55E-12
 7.79E-12 8.80E-12 8.93E-12 7.83E-12 6.24E-12 5.33E-12
 1.54E-49 1.05E-36 2.04E-26 9.77E-19 6.10E-15 9.49E-13 4.29E-12 6.55E-12
 7.79E-12 8.80E-12 8.93E-12 7.83E-12 6.24E-12 5.33E-12
 1.39E-49 1.05E-36 2.04E-26 9.76E-19 6.10E-15 9.48E-13 4.28E-12 6.55E-12
 7.79E-12 8.80E-12 8.92E-12 7.83E-12 6.24E-12 5.33E-12
 1.31E-49 1.04E-36 2.02E-26 9.70E-19 6.07E-15 9.44E-13 4.26E-12 6.52E-12
 7.76E-12 8.77E-12 8.89E-12 7.81E-12 6.23E-12 5.32E-12
 1.21E-49 9.68E-37 1.90E-26 9.18E-19 5.78E-15 9.02E-13 4.08E-12 6.25E-12
 7.45E-12 8.44E-12 8.60E-12 7.59E-12 6.09E-12 5.21E-12
 9.29E-50 7.44E-37 1.45E-26 6.93E-19 4.31E-15 6.62E-13 2.97E-12 4.57E-12
 5.47E-12 6.28E-12 6.54E-12 5.98E-12 4.98E-12 4.36E-12
  497.145    7  14 /pl=01:ss= 8:pb= 1:sz= 8/type=excit/ispb = t/isel =   32
 1.00E+10 1.00E+11 1.00E+12 1.00E+13 1.00E+14 1.00E+15 1.00E+16
 1.40E+00 2.09E+00 3.49E+00 6.98E+00 1.40E+01 3.49E+01 6.98E+01 1.05E+02
 1.40E+02 2.09E+02 3.49E+02 6.98E+02 1.40E+03 2.09E+03
 8.47E-44 1.78E-32 1.89E-23 1.00E-16 2.05E-13 1.67E-11 6.40E-11 9.61E-11
 1.17E-10 1.39E-10 1.58E-10 1.69E-10 1.66E-10 1.60E-10
 8.44E-44 1.78E-32 1.89E-23 1.00E-16 2.05E-13 1.67E-11 6.40E-11 9.61E-11
 1.17E-10 1.39E-10 1.58E-10 1.69E-10 1.66E-10 1.60E-10
 8.44E-44 1.78E-32 1.89E-23 1.00E-16 2.05E-13 1.67E-11 6.40E-11 9.61E-11
 1.17E-10 1.39E-10 1.58E-10 1.69E-10 1.66E-10 1.60E-10
 8.44E-44 1.78E-32 1.90E-23 1.00E-16 2.05E-13 1.67E-11 6.40E-11 9.61E-11
 1.17E-10 1.39E-10 1.58E-10 1.69E-10 1.66E-10 1.60E-10
 8.46E-44 1.79E-32 1.90E-23 1.01E-16 2.06E-13 1.67E-11 6.40E-11 9.62E-11
 1.17E-10 1.39E-10 1.58E-10 1.69E-10 1.66E-10 1.60E-10
 8.67E-44 1.83E-32 1.94E-23 1.03E-16 2.10E-13 1.70E-11 6.48E-11 9.70E-11
 1.17E-10 1.40E-10 1.58E-10 1.68E-10 1.65E-10 1.59E-10
 1.08E-43 2.21E-32 2.30E-23 1.21E-16 2.45E-13 1.91E-11 6.99E-11 1.02E-10
 1.22E-10 1.42E-10 1.57E-10 1.64E-10 1.59E-10 1.53E-10
  511.087    7  14 /pl=01:ss= 8:pb= 1:sz= 8/type=excit/ispb = t/isel =   33
 1.00E+10 1.00E+11 1.00E+12 1.00E+13 1.00E+14 1.00E+15 1.00E+16
 1.40E+00 2.09E+00 3.49E+00 6.98E+00 1.40E+01 3.49E+01 6.98E+01 1.05E+02
 1.40E+02 2.09E+02 3.49E+02 6.98E+02 1.40E+03 2.09E+03
 1.00E-74 1.78E-35 5.17E-25 3.13E-17 2.06E-13 3.25E-11 1.54E-10 2.50E-10
 3.16E-10 4.00E-10 4.80E-10 5.49E-10 5.71E-10 5.66E-10
 1.00E-74 1.78E-35 5.17E-25 3.13E-17 2.06E-13 3.25E-11 1.54E-10 2.50E-10
 3.16E-10 4.00E-10 4.80E-10 5.49E-10 5.71E-10 5.66E-10
 1.00E-74 1.78E-35 5.17E-25 3.13E-17 2.06E-13 3.25E-11 1.54E-10 2.50E-10
 3.16E-10 4.00E-10 4.80E-10 5.49E-10 5.71E-10 5.66E-10
 1.00E-74 1.78E-35 5.17E-25 3.13E-17 2.06E-13 3.25E-11 1.54E-10 2.50E-10
 3.16E-10 4.00E-10 4.80E-10 5.49E-10 5.71E-10 5.66E-10
 1.17E-48 1.79E-35 5.19E-25 3.14E-17 2.07E-13 3.26E-11 1.54E-10 2.51E-10
 3.16E-10 4.00E-10 4.80E-10 5.49E-10 5.70E-10 5.66E-10
 1.40E-48 1.87E-35 5.37E-25 3.21E-17 2.10E-13 3.29E-11 1.55E-10 2.51E-10
 3.17E-10 4.00E-10 4.80E-10 5.47E-10 5.69E-10 5.64E-10
 2.19E-48 2.73E-35 7.29E-25 4.03E-17 2.49E-13 3.65E-11 1.65E-10 2.61E-10
 3.24E-10 4.03E-10 4.76E-10 5.35E-10 5.52E-10 5.47E-10
  594.473    7  14 /pl=01:ss= 8:pb= 1:sz= 8/type=excit/ispb = t/isel =   34
 1.00E+10 1.00E+11 1.00E+12 1.00E+13 1.00E+14 1.00E+15 1.00E+16
 1.40E+00 2.09E+00 3.49E+00 6.98E+00 1.40E+01 3.49E+01 6.98E+01 1.05E+02
 1.40E+02 2.09E+02 3.49E+02 6.98E+02 1.40E+03 2.09E+03
 1.00E-74 1.50E-38 2.84E-27 7.20E-19 9.88E-15 2.36E-12 1.22E-11 1.94E-11
 2.36E-11 2.71E-11 2.77E-11 2.44E-11 1.94E-11 1.65E-11
 1.00E-74 1.50E-38 2.84E-27 7.20E-19 9.88E-15 2.36E-12 1.22E-11 1.94E-11
 2.36E-11 2.71E-11 2.77E-11 2.44E-11 1.94E-11 1.65E-11
 1.00E-74 1.50E-38 2.83E-27 7.20E-19 9.88E-15 2.36E-12 1.22E-11 1.94E-11
 2.36E-11 2.71E-11 2.77E-11 2.44E-11 1.94E-11 1.65E-11
 1.00E-74 1.49E-38 2.82E-27 7.17E-19 9.85E-15 2.36E-12 1.22E-11 1.94E-11
 2.35E-11 2.70E-11 2.77E-11 2.43E-11 1.93E-11 1.64E-11
 1.00E-74 1.43E-38 2.72E-27 6.95E-19 9.57E-15 2.30E-12 1.19E-11 1.90E-11
 2.31E-11 2.65E-11 2.72E-11 2.40E-11 1.91E-11 1.63E-11
 1.00E-74 1.09E-38 2.12E-27 5.54E-19 7.74E-15 1.89E-12 9.92E-12 1.60E-11
 1.95E-11 2.27E-11 2.37E-11 2.13E-11 1.73E-11 1.49E-11
 6.85E-53 7.40E-39 1.39E-27 3.50E-19 4.77E-15 1.13E-12 5.79E-12 9.28E-12
 1.14E-11 1.33E-11 1.41E-11 1.31E-11 1.11E-11 9.83E-12
  673.168    7  14 /pl=01:ss= 8:pb= 1:sz= 8/type=excit/ispb = t/isel =   35
 1.00E+10 1.00E+11 1.00E+12 1.00E+13 1.00E+14 1.00E+15 1.00E+16
 1.40E+00 2.09E+00 3.49E+00 6.98E+00 1.40E+01 3.49E+01 6.98E+01 1.05E+02
 1.40E+02 2.09E+02 3.49E+02 6.98E+02 1.40E+03 2.09E+03
 1.00E-74 3.07E-34 2.93E-24 7.68E-17 3.34E-13 4.00E-11 1.65E-10 2.46E-10
 2.88E-10 3.23E-10 3.27E-10 2.88E-10 2.30E-10 1.98E-10
 1.00E-74 3.07E-34 2.93E-24 7.68E-17 3.34E-13 4.00E-11 1.65E-10 2.46E-10
 2.88E-10 3.23E-10 3.27E-10 2.88E-10 2.30E-10 1.98E-10
 1.02E-46 3.07E-34 2.93E-24 7.68E-17 3.34E-13 4.00E-11 1.65E-10 2.46E-10
 2.88E-10 3.23E-10 3.27E-10 2.88E-10 2.30E-10 1.98E-10
 9.14E-47 3.07E-34 2.93E-24 7.68E-17 3.34E-13 4.00E-11 1.65E-10 2.46E-10
 2.88E-10 3.23E-10 3.27E-10 2.88E-10 2.30E-10 1.98E-10
 9.20E-47 3.08E-34 2.93E-24 7.70E-17 3.35E-13 4.01E-11 1.65E-10 2.46E-10
 2.89E-10 3.23E-10 3.27E-10 2.88E-10 2.31E-10 1.98E-10
 9.34E-47 3.12E-34 2.98E-24 7.82E-17 3.40E-13 4.08E-11 1.67E-10 2.49E-10
 2.92E-10 3.26E-10 3.30E-10 2.90E-10 2.32E-10 1.99E-10
 1.09E-46 3.58E-34 3.35E-24 8.73E-17 3.80E-13 4.47E-11 1.80E-10 2.65E-10
 3.08E-10 3.42E-10 3.44E-10 3.01E-10 2.40E-10 2.06E-10
  684.032    7  14 /pl=01:ss= 8:pb= 1:sz= 8/type=excit/ispb = t/isel =   36
 1.00E+10 1.00E+11 1.00E+12 1.00E+13 1.00E+14 1.00E+15 1.00E+16
 1.40E+00 2.09E+00 3.49E+00 6.98E+00 1.40E+01 3.49E+01 6.98E+01 1.05E+02
 1.40E+02 2.09E+02 3.49E+02 6.98E+02 1.40E+03 2.09E+03
 1.45E-40 5.95E-30 1.68E-21 3.27E-15 4.22E-12 2.73E-10 9.53E-10 1.35E-09
 1.55E-09 1.69E-09 1.68E-09 1.47E-09 1.18E-09 1.01E-09
 1.45E-40 5.95E-30 1.68E-21 3.27E-15 4.22E-12 2.73E-10 9.53E-10 1.35E-09
 1.55E-09 1.69E-09 1.68E-09 1.47E-09 1.18E-09 1.01E-09
 1.45E-40 5.95E-30 1.68E-21 3.27E-15 4.22E-12 2.73E-10 9.53E-10 1.35E-09
 1.55E-09 1.69E-09 1.68E-09 1.47E-09 1.18E-09 1.01E-09
 1.45E-40 5.95E-30 1.68E-21 3.27E-15 4.22E-12 2.73E-10 9.53E-10 1.35E-09
 1.55E-09 1.69E-09 1.68E-09 1.47E-09 1.18E-09 1.01E-09
 1.45E-40 5.96E-30 1.68E-21 3.27E-15 4.22E-12 2.73E-10 9.52E-10 1.35E-09
 1.55E-09 1.69E-09 1.68E-09 1.46E-09 1.18E-09 1.01E-09
 1.46E-40 5.99E-30 1.69E-21 3.28E-15 4.22E-12 2.72E-10 9.47E-10 1.34E-09
 1.53E-09 1.68E-09 1.67E-09 1.46E-09 1.17E-09 1.01E-09
 1.57E-40 6.35E-30 1.77E-21 3.35E-15 4.20E-12 2.61E-10 8.87E-10 1.24E-09
 1.42E-09 1.56E-09 1.55E-09 1.37E-09 1.11E-09 9.62E-10
  698.183    7  14 /pl=01:ss= 8:pb= 1:sz= 8/type=excit/ispb = t/isel =   37
 1.00E+10 1.00E+11 1.00E+12 1.00E+13 1.00E+14 1.00E+15 1.00E+16
 1.40E+00 2.09E+00 3.49E+00 6.98E+00 1.40E+01 3.49E+01 6.98E+01 1.05E+02
 1.40E+02 2.09E+02 3.49E+02 6.98E+02 1.40E+03 2.09E+03
 1.00E-74 1.07E-39 6.01E-28 3.34E-19 6.64E-15 1.98E-12 1.09E-11 1.79E-11
 2.20E-11 2.57E-11 2.68E-11 2.40E-11 1.94E-11 1.66E-11
 1.00E-74 1.07E-39 6.01E-28 3.34E-19 6.64E-15 1.98E-12 1.09E-11 1.79E-11
 2.20E-11 2.57E-11 2.68E-11 2.40E-11 1.94E-11 1.66E-11
 1.00E-74 1.07E-39 6.01E-28 3.34E-19 6.64E-15 1.98E-12 1.09E-11 1.79E-11
 2.20E-11 2.57E-11 2.68E-11 2.40E-11 1.94E-11 1.66E-11
 1.00E-74 1.07E-39 6.01E-28 3.34E-19 6.65E-15 1.98E-12 1.10E-11 1.79E-11
 2.20E-11 2.57E-11 2.69E-11 2.40E-11 1.94E-11 1.66E-11
 1.00E-74 1.08E-39 6.05E-28 3.36E-19 6.69E-15 1.99E-12 1.10E-11 1.80E-11
 2.21E-11 2.59E-11 2.70E-11 2.41E-11 1.94E-11 1.66E-11
 1.00E-74 1.14E-39 6.35E-28 3.52E-19 6.99E-15 2.08E-12 1.15E-11 1.88E-11
 2.31E-11 2.69E-11 2.80E-11 2.50E-11 2.00E-11 1.71E-11
 1.00E-74 1.45E-39 7.89E-28 4.28E-19 8.41E-15 2.44E-12 1.33E-11 2.14E-11
 2.62E-11 3.04E-11 3.15E-11 2.80E-11 2.24E-11 1.91E-11
  931.481    7  14 /pl=01:ss= 8:pb= 1:sz= 8/type=excit/ispb = t/isel =   38
 1.00E+10 1.00E+11 1.00E+12 1.00E+13 1.00E+14 1.00E+15 1.00E+16
 1.40E+00 2.09E+00 3.49E+00 6.98E+00 1.40E+01 3.49E+01 6.98E+01 1.05E+02
 1.40E+02 2.09E+02 3.49E+02 6.98E+02 1.40E+03 2.09E+03
 1.90E-35 1.03E-26 9.12E-20 1.32E-14 4.67E-12 1.46E-10 4.12E-10 5.47E-10
 6.12E-10 6.54E-10 6.43E-10 5.61E-10 4.53E-10 3.92E-10
 1.90E-35 1.03E-26 9.12E-20 1.32E-14 4.67E-12 1.46E-10 4.12E-10 5.47E-10
 6.12E-10 6.54E-10 6.43E-10 5.61E-10 4.53E-10 3.92E-10
 1.90E-35 1.03E-26 9.12E-20 1.32E-14 4.67E-12 1.46E-10 4.12E-10 5.47E-10
 6.12E-10 6.54E-10 6.43E-10 5.61E-10 4.53E-10 3.92E-10
 1.90E-35 1.03E-26 9.12E-20 1.32E-14 4.67E-12 1.46E-10 4.12E-10 5.47E-10
 6.12E-10 6.54E-10 6.43E-10 5.61E-10 4.53E-10 3.92E-10
 1.90E-35 1.03E-26 9.12E-20 1.32E-14 4.67E-12 1.46E-10 4.11E-10 5.47E-10
 6.11E-10 6.54E-10 6.42E-10 5.60E-10 4.53E-10 3.92E-10
 1.91E-35 1.03E-26 9.16E-20 1.32E-14 4.68E-12 1.45E-10 4.09E-10 5.43E-10
 6.06E-10 6.48E-10 6.38E-10 5.57E-10 4.50E-10 3.90E-10
 2.04E-35 1.09E-26 9.55E-20 1.36E-14 4.72E-12 1.41E-10 3.85E-10 5.06E-10
 5.64E-10 6.02E-10 5.94E-10 5.23E-10 4.28E-10 3.73E-10
  948.348    7  14 /pl=01:ss= 8:pb= 1:sz= 8/type=excit/ispb = t/isel =   39
 1.00E+10 1.00E+11 1.00E+12 1.00E+13 1.00E+14 1.00E+15 1.00E+16
 1.40E+00 2.09E+00 3.49E+00 6.98E+00 1.40E+01 3.49E+01 6.98E+01 1.05E+02
 1.40E+02 2.09E+02 3.49E+02 6.98E+02 1.40E+03 2.09E+03
 2.08E-45 1.75E-33 6.16E-24 8.32E-17 2.86E-13 3.20E-11 1.32E-10 1.96E-10
 2.31E-10 2.59E-10 2.64E-10 2.35E-10 1.91E-10 1.65E-10
 1.87E-45 1.75E-33 6.16E-24 8.32E-17 2.86E-13 3.20E-11 1.32E-10 1.96E-10
 2.31E-10 2.59E-10 2.64E-10 2.35E-10 1.91E-10 1.65E-10
 1.86E-45 1.75E-33 6.16E-24 8.32E-17 2.86E-13 3.20E-11 1.32E-10 1.96E-10
 2.31E-10 2.59E-10 2.64E-10 2.35E-10 1.91E-10 1.65E-10
 1.86E-45 1.75E-33 6.16E-24 8.32E-17 2.86E-13 3.20E-11 1.32E-10 1.95E-10
 2.31E-10 2.59E-10 2.64E-10 2.35E-10 1.91E-10 1.65E-10
 1.86E-45 1.74E-33 6.16E-24 8.31E-17 2.85E-13 3.19E-11 1.31E-10 1.95E-10
 2.31E-10 2.58E-10 2.63E-10 2.35E-10 1.90E-10 1.65E-10
 1.85E-45 1.74E-33 6.11E-24 8.21E-17 2.80E-13 3.11E-11 1.28E-10 1.90E-10
 2.24E-10 2.51E-10 2.57E-10 2.30E-10 1.87E-10 1.62E-10
 1.84E-45 1.71E-33 5.91E-24 7.65E-17 2.50E-13 2.65E-11 1.06E-10 1.56E-10
 1.85E-10 2.08E-10 2.15E-10 1.97E-10 1.65E-10 1.45E-10
  1009.83    7  14 /pl=01:ss= 8:pb= 1:sz= 8/type=excit/ispb = t/isel =   40
 1.00E+10 1.00E+11 1.00E+12 1.00E+13 1.00E+14 1.00E+15 1.00E+16
 1.40E+00 2.09E+00 3.49E+00 6.98E+00 1.40E+01 3.49E+01 6.98E+01 1.05E+02
 1.40E+02 2.09E+02 3.49E+02 6.98E+02 1.40E+03 2.09E+03
 1.00E-74 4.66E-37 1.71E-26 1.27E-18 9.40E-15 1.60E-12 7.70E-12 1.25E-11
 1.56E-11 1.94E-11 2.27E-11 2.49E-11 2.50E-11 2.43E-11
 1.00E-74 4.66E-37 1.71E-26 1.27E-18 9.40E-15 1.60E-12 7.70E-12 1.25E-11
 1.56E-11 1.94E-11 2.27E-11 2.49E-11 2.50E-11 2.43E-11
 1.00E-74 4.66E-37 1.71E-26 1.27E-18 9.40E-15 1.60E-12 7.70E-12 1.25E-11
 1.56E-11 1.94E-11 2.27E-11 2.49E-11 2.50E-11 2.43E-11
 1.00E-74 4.67E-37 1.72E-26 1.27E-18 9.41E-15 1.60E-12 7.71E-12 1.25E-11
 1.57E-11 1.94E-11 2.27E-11 2.49E-11 2.50E-11 2.43E-11
 1.00E-74 4.72E-37 1.74E-26 1.29E-18 9.53E-15 1.62E-12 7.78E-12 1.26E-11
 1.58E-11 1.95E-11 2.28E-11 2.50E-11 2.50E-11 2.43E-11
 2.79E-50 5.18E-37 1.91E-26 1.43E-18 1.06E-14 1.78E-12 8.43E-12 1.35E-11
 1.67E-11 2.04E-11 2.36E-11 2.54E-11 2.52E-11 2.44E-11
 4.47E-50 7.86E-37 2.88E-26 2.14E-18 1.57E-14 2.54E-12 1.14E-11 1.76E-11
 2.13E-11 2.49E-11 2.72E-11 2.74E-11 2.58E-11 2.44E-11
  1271.65    7  14 /pl=01:ss= 8:pb= 1:sz= 8/type=excit/ispb = t/isel =   41
 1.00E+10 1.00E+11 1.00E+12 1.00E+13 1.00E+14 1.00E+15 1.00E+16
 1.40E+00 2.09E+00 3.49E+00 6.98E+00 1.40E+01 3.49E+01 6.98E+01 1.05E+02
 1.40E+02 2.09E+02 3.49E+02 6.98E+02 1.40E+03 2.09E+03
 1.00E-74 1.37E-37 1.67E-26 2.98E-18 3.35E-14 7.09E-12 3.52E-11 5.55E-11
 6.71E-11 7.71E-11 7.94E-11 7.07E-11 5.68E-11 4.87E-11
 1.00E-74 1.37E-37 1.67E-26 2.98E-18 3.35E-14 7.09E-12 3.52E-11 5.55E-11
 6.71E-11 7.71E-11 7.94E-11 7.07E-11 5.68E-11 4.87E-11
 1.00E-74 1.37E-37 1.67E-26 2.98E-18 3.35E-14 7.09E-12 3.52E-11 5.55E-11
 6.71E-11 7.71E-11 7.94E-11 7.07E-11 5.68E-11 4.87E-11
 1.00E-74 1.37E-37 1.68E-26 2.98E-18 3.36E-14 7.10E-12 3.52E-11 5.56E-11
 6.71E-11 7.71E-11 7.95E-11 7.07E-11 5.68E-11 4.87E-11
 1.00E-74 1.38E-37 1.69E-26 3.01E-18 3.39E-14 7.17E-12 3.56E-11 5.60E-11
 6.77E-11 7.77E-11 8.00E-11 7.10E-11 5.70E-11 4.89E-11
 1.00E-74 1.49E-37 1.83E-26 3.27E-18 3.68E-14 7.75E-12 3.81E-11 5.98E-11
 7.19E-11 8.22E-11 8.41E-11 7.41E-11 5.91E-11 5.04E-11
 2.53E-51 1.97E-37 2.38E-26 4.21E-18 4.73E-14 9.73E-12 4.67E-11 7.24E-11
 8.66E-11 9.81E-11 9.97E-11 8.71E-11 6.88E-11 5.83E-11
  1385.11    7  14 /pl=01:ss= 8:pb= 1:sz= 8/type=excit/ispb = t/isel =   42
 1.00E+10 1.00E+11 1.00E+12 1.00E+13 1.00E+14 1.00E+15 1.00E+16
 1.40E+00 2.09E+00 3.49E+00 6.98E+00 1.40E+01 3.49E+01 6.98E+01 1.05E+02
 1.40E+02 2.09E+02 3.49E+02 6.98E+02 1.40E+03 2.09E+03
 1.00E-74 3.48E-35 6.78E-25 3.25E-17 2.03E-13 3.16E-11 1.43E-10 2.18E-10
 2.59E-10 2.93E-10 2.97E-10 2.61E-10 2.08E-10 1.77E-10
 1.00E-74 3.48E-35 6.78E-25 3.25E-17 2.03E-13 3.16E-11 1.43E-10 2.18E-10
 2.59E-10 2.93E-10 2.97E-10 2.61E-10 2.08E-10 1.77E-10
 5.13E-48 3.48E-35 6.78E-25 3.25E-17 2.03E-13 3.16E-11 1.43E-10 2.18E-10
 2.59E-10 2.93E-10 2.97E-10 2.61E-10 2.08E-10 1.77E-10
 4.62E-48 3.48E-35 6.77E-25 3.25E-17 2.03E-13 3.16E-11 1.43E-10 2.18E-10
 2.59E-10 2.93E-10 2.97E-10 2.60E-10 2.08E-10 1.77E-10
 4.36E-48 3.45E-35 6.73E-25 3.23E-17 2.02E-13 3.14E-11 1.42E-10 2.17E-10
 2.58E-10 2.92E-10 2.96E-10 2.60E-10 2.07E-10 1.77E-10
 4.01E-48 3.22E-35 6.33E-25 3.06E-17 1.92E-13 3.00E-11 1.36E-10 2.08E-10
 2.48E-10 2.81E-10 2.86E-10 2.53E-10 2.03E-10 1.73E-10
 3.09E-48 2.47E-35 4.84E-25 2.31E-17 1.43E-13 2.20E-11 9.90E-11 1.52E-10
 1.82E-10 2.09E-10 2.17E-10 1.99E-10 1.66E-10 1.45E-10
  1827.29    7  14 /pl=01:ss= 8:pb= 1:sz= 8/type=excit/ispb = t/isel =   43
 1.00E+10 1.00E+11 1.00E+12 1.00E+13 1.00E+14 1.00E+15 1.00E+16
 1.40E+00 2.09E+00 3.49E+00 6.98E+00 1.40E+01 3.49E+01 6.98E+01 1.05E+02
 1.40E+02 2.09E+02 3.49E+02 6.98E+02 1.40E+03 2.09E+03
 1.00E-74 2.43E-37 1.78E-26 2.28E-18 2.27E-14 4.53E-12 2.22E-11 3.49E-11
 4.23E-11 4.88E-11 5.05E-11 4.54E-11 3.68E-11 3.17E-11
 1.00E-74 2.43E-37 1.78E-26 2.28E-18 2.27E-14 4.53E-12 2.22E-11 3.49E-11
 4.23E-11 4.88E-11 5.05E-11 4.54E-11 3.68E-11 3.17E-11
 1.00E-74 2.43E-37 1.78E-26 2.28E-18 2.27E-14 4.53E-12 2.22E-11 3.49E-11
 4.23E-11 4.88E-11 5.05E-11 4.54E-11 3.68E-11 3.17E-11
 1.00E-74 2.43E-37 1.78E-26 2.28E-18 2.26E-14 4.52E-12 2.22E-11 3.49E-11
 4.23E-11 4.87E-11 5.05E-11 4.54E-11 3.68E-11 3.17E-11
 1.00E-74 2.42E-37 1.77E-26 2.27E-18 2.24E-14 4.49E-12 2.20E-11 3.47E-11
 4.20E-11 4.84E-11 5.02E-11 4.52E-11 3.67E-11 3.16E-11
 5.30E-51 2.34E-37 1.70E-26 2.14E-18 2.11E-14 4.20E-12 2.07E-11 3.26E-11
 3.97E-11 4.59E-11 4.79E-11 4.35E-11 3.56E-11 3.08E-11
 5.30E-51 2.10E-37 1.49E-26 1.81E-18 1.73E-14 3.34E-12 1.61E-11 2.53E-11
 3.08E-11 3.59E-11 3.80E-11 3.54E-11 3.00E-11 2.64E-11
  1846.54    7  14 /pl=01:ss= 8:pb= 1:sz= 8/type=excit/ispb = t/isel =   44
 1.00E+10 1.00E+11 1.00E+12 1.00E+13 1.00E+14 1.00E+15 1.00E+16
 1.40E+00 2.09E+00 3.49E+00 6.98E+00 1.40E+01 3.49E+01 6.98E+01 1.05E+02
 1.40E+02 2.09E+02 3.49E+02 6.98E+02 1.40E+03 2.09E+03
 6.01E-42 2.47E-31 6.98E-23 1.36E-16 1.75E-13 1.13E-11 3.95E-11 5.58E-11
 6.41E-11 7.01E-11 6.97E-11 6.07E-11 4.87E-11 4.19E-11
 6.01E-42 2.47E-31 6.98E-23 1.36E-16 1.75E-13 1.13E-11 3.95E-11 5.58E-11
 6.41E-11 7.01E-11 6.97E-11 6.07E-11 4.87E-11 4.19E-11
 6.01E-42 2.47E-31 6.98E-23 1.36E-16 1.75E-13 1.13E-11 3.95E-11 5.58E-11
 6.41E-11 7.01E-11 6.97E-11 6.07E-11 4.87E-11 4.19E-11
 6.01E-42 2.47E-31 6.98E-23 1.36E-16 1.75E-13 1.13E-11 3.95E-11 5.58E-11
 6.41E-11 7.01E-11 6.97E-11 6.07E-11 4.87E-11 4.19E-11
 6.01E-42 2.47E-31 6.98E-23 1.36E-16 1.75E-13 1.13E-11 3.95E-11 5.58E-11
 6.40E-11 7.00E-11 6.97E-11 6.07E-11 4.87E-11 4.19E-11
 6.05E-42 2.48E-31 7.01E-23 1.36E-16 1.75E-13 1.13E-11 3.92E-11 5.54E-11
 6.36E-11 6.95E-11 6.92E-11 6.03E-11 4.85E-11 4.17E-11
 6.51E-42 2.63E-31 7.31E-23 1.39E-16 1.74E-13 1.08E-11 3.68E-11 5.15E-11
 5.89E-11 6.44E-11 6.43E-11 5.66E-11 4.60E-11 3.99E-11
  1980.59    7  14 /pl=01:ss= 8:pb= 1:sz= 8/type=excit/ispb = t/isel =   45
 1.00E+10 1.00E+11 1.00E+12 1.00E+13 1.00E+14 1.00E+15 1.00E+16
 1.40E+00 2.09E+00 3.49E+00 6.98E+00 1.40E+01 3.49E+01 6.98E+01 1.05E+02
 1.40E+02 2.09E+02 3.49E+02 6.98E+02 1.40E+03 2.09E+03
 4.19E-46 3.52E-34 1.24E-24 1.68E-17 5.77E-14 6.46E-12 2.66E-11 3.94E-11
 4.66E-11 5.22E-11 5.32E-11 4.74E-11 3.85E-11 3.32E-11
 3.77E-46 3.52E-34 1.24E-24 1.68E-17 5.77E-14 6.46E-12 2.66E-11 3.94E-11
 4.66E-11 5.22E-11 5.32E-11 4.74E-11 3.85E-11 3.32E-11
 3.75E-46 3.52E-34 1.24E-24 1.68E-17 5.77E-14 6.46E-12 2.66E-11 3.94E-11
 4.66E-11 5.22E-11 5.32E-11 4.74E-11 3.85E-11 3.32E-11
 3.76E-46 3.52E-34 1.24E-24 1.68E-17 5.76E-14 6.45E-12 2.65E-11 3.94E-11
 4.66E-11 5.22E-11 5.32E-11 4.74E-11 3.85E-11 3.32E-11
 3.75E-46 3.52E-34 1.24E-24 1.68E-17 5.75E-14 6.44E-12 2.65E-11 3.93E-11
 4.65E-11 5.20E-11 5.31E-11 4.73E-11 3.84E-11 3.32E-11
 3.73E-46 3.50E-34 1.23E-24 1.65E-17 5.64E-14 6.27E-12 2.57E-11 3.82E-11
 4.52E-11 5.07E-11 5.19E-11 4.64E-11 3.78E-11 3.27E-11
 3.71E-46 3.44E-34 1.19E-24 1.54E-17 5.04E-14 5.33E-12 2.13E-11 3.15E-11
 3.73E-11 4.20E-11 4.34E-11 3.98E-11 3.32E-11 2.92E-11
  2118.24    7  14 /pl=01:ss= 8:pb= 1:sz= 8/type=excit/ispb = t/isel =   46
 1.00E+10 1.00E+11 1.00E+12 1.00E+13 1.00E+14 1.00E+15 1.00E+16
 1.40E+00 2.09E+00 3.49E+00 6.98E+00 1.40E+01 3.49E+01 6.98E+01 1.05E+02
 1.40E+02 2.09E+02 3.49E+02 6.98E+02 1.40E+03 2.09E+03
 1.00E-74 1.08E-39 6.04E-28 3.36E-19 6.68E-15 1.99E-12 1.10E-11 1.80E-11
 2.21E-11 2.59E-11 2.70E-11 2.42E-11 1.95E-11 1.67E-11
 1.00E-74 1.08E-39 6.04E-28 3.36E-19 6.68E-15 1.99E-12 1.10E-11 1.80E-11
 2.21E-11 2.59E-11 2.70E-11 2.42E-11 1.95E-11 1.67E-11
 1.00E-74 1.08E-39 6.04E-28 3.36E-19 6.68E-15 1.99E-12 1.10E-11 1.80E-11
 2.21E-11 2.59E-11 2.70E-11 2.42E-11 1.95E-11 1.67E-11
 1.00E-74 1.08E-39 6.05E-28 3.36E-19 6.69E-15 1.99E-12 1.10E-11 1.80E-11
 2.21E-11 2.59E-11 2.70E-11 2.42E-11 1.95E-11 1.67E-11
 1.00E-74 1.08E-39 6.09E-28 3.38E-19 6.73E-15 2.00E-12 1.11E-11 1.81E-11
 2.23E-11 2.60E-11 2.71E-11 2.43E-11 1.95E-11 1.67E-11
 1.00E-74 1.14E-39 6.38E-28 3.54E-19 7.03E-15 2.09E-12 1.16E-11 1.89E-11
 2.32E-11 2.71E-11 2.82E-11 2.51E-11 2.01E-11 1.72E-11
 1.00E-74 1.46E-39 7.94E-28 4.30E-19 8.46E-15 2.46E-12 1.33E-11 2.16E-11
 2.63E-11 3.06E-11 3.17E-11 2.82E-11 2.25E-11 1.92E-11
  2421.65    7  14 /pl=01:ss= 8:pb= 1:sz= 8/type=excit/ispb = t/isel =   47
 1.00E+10 1.00E+11 1.00E+12 1.00E+13 1.00E+14 1.00E+15 1.00E+16
 1.40E+00 2.09E+00 3.49E+00 6.98E+00 1.40E+01 3.49E+01 6.98E+01 1.05E+02
 1.40E+02 2.09E+02 3.49E+02 6.98E+02 1.40E+03 2.09E+03
 1.00E-74 4.26E-38 8.06E-27 2.05E-18 2.81E-14 6.72E-12 3.47E-11 5.53E-11
 6.71E-11 7.70E-11 7.88E-11 6.92E-11 5.50E-11 4.68E-11
 1.00E-74 4.26E-38 8.06E-27 2.05E-18 2.81E-14 6.72E-12 3.47E-11 5.53E-11
 6.71E-11 7.70E-11 7.88E-11 6.92E-11 5.50E-11 4.68E-11
 1.00E-74 4.26E-38 8.06E-27 2.05E-18 2.81E-14 6.72E-12 3.47E-11 5.53E-11
 6.70E-11 7.70E-11 7.88E-11 6.92E-11 5.50E-11 4.68E-11
 1.00E-74 4.24E-38 8.03E-27 2.04E-18 2.80E-14 6.70E-12 3.46E-11 5.52E-11
 6.69E-11 7.68E-11 7.87E-11 6.91E-11 5.50E-11 4.67E-11
 1.00E-74 4.06E-38 7.74E-27 1.98E-18 2.72E-14 6.53E-12 3.39E-11 5.40E-11
 6.55E-11 7.54E-11 7.74E-11 6.82E-11 5.44E-11 4.63E-11
 1.00E-74 3.10E-38 6.03E-27 1.57E-18 2.20E-14 5.37E-12 2.82E-11 4.54E-11
 5.55E-11 6.46E-11 6.74E-11 6.06E-11 4.93E-11 4.25E-11
 1.95E-52 2.10E-38 3.96E-27 9.95E-19 1.36E-14 3.20E-12 1.65E-11 2.64E-11
 3.23E-11 3.79E-11 4.01E-11 3.74E-11 3.16E-11 2.79E-11
  3437.44    7  14 /pl=01:ss= 8:pb= 1:sz= 8/type=excit/ispb = t/isel =   48
 1.00E+10 1.00E+11 1.00E+12 1.00E+13 1.00E+14 1.00E+15 1.00E+16
 1.40E+00 2.09E+00 3.49E+00 6.98E+00 1.40E+01 3.49E+01 6.98E+01 1.05E+02
 1.40E+02 2.09E+02 3.49E+02 6.98E+02 1.40E+03 2.09E+03
 1.00E-74 2.64E-36 5.15E-26 2.47E-18 1.54E-14 2.40E-12 1.08E-11 1.66E-11
 1.97E-11 2.22E-11 2.26E-11 1.98E-11 1.58E-11 1.35E-11
 1.00E-74 2.64E-36 5.15E-26 2.47E-18 1.54E-14 2.40E-12 1.08E-11 1.66E-11
 1.97E-11 2.22E-11 2.26E-11 1.98E-11 1.58E-11 1.35E-11
 3.90E-49 2.64E-36 5.15E-26 2.47E-18 1.54E-14 2.40E-12 1.08E-11 1.66E-11
 1.97E-11 2.22E-11 2.26E-11 1.98E-11 1.58E-11 1.35E-11
 3.51E-49 2.64E-36 5.14E-26 2.47E-18 1.54E-14 2.40E-12 1.08E-11 1.65E-11
 1.97E-11 2.22E-11 2.26E-11 1.98E-11 1.58E-11 1.35E-11
 3.31E-49 2.62E-36 5.11E-26 2.45E-18 1.53E-14 2.39E-12 1.08E-11 1.65E-11
 1.96E-11 2.22E-11 2.25E-11 1.97E-11 1.57E-11 1.34E-11
 3.05E-49 2.45E-36 4.81E-26 2.32E-18 1.46E-14 2.28E-12 1.03E-11 1.58E-11
 1.88E-11 2.13E-11 2.17E-11 1.92E-11 1.54E-11 1.32E-11
 2.35E-49 1.88E-36 3.67E-26 1.75E-18 1.09E-14 1.67E-12 7.52E-12 1.15E-11
 1.38E-11 1.59E-11 1.65E-11 1.51E-11 1.26E-11 1.10E-11
  3584.85    7  14 /pl=01:ss= 8:pb= 1:sz= 8/type=excit/ispb = t/isel =   49
 1.00E+10 1.00E+11 1.00E+12 1.00E+13 1.00E+14 1.00E+15 1.00E+16
 1.40E+00 2.09E+00 3.49E+00 6.98E+00 1.40E+01 3.49E+01 6.98E+01 1.05E+02
 1.40E+02 2.09E+02 3.49E+02 6.98E+02 1.40E+03 2.09E+03
 1.00E-74 4.69E-38 3.45E-27 4.41E-19 4.38E-15 8.74E-13 4.29E-12 6.75E-12
 8.18E-12 9.42E-12 9.75E-12 8.77E-12 7.11E-12 6.12E-12
 1.00E-74 4.69E-38 3.45E-27 4.41E-19 4.38E-15 8.74E-13 4.29E-12 6.75E-12
 8.18E-12 9.42E-12 9.75E-12 8.77E-12 7.11E-12 6.12E-12
 1.00E-74 4.69E-38 3.45E-27 4.41E-19 4.38E-15 8.74E-13 4.29E-12 6.75E-12
 8.18E-12 9.42E-12 9.75E-12 8.77E-12 7.11E-12 6.12E-12
 1.00E-74 4.69E-38 3.44E-27 4.41E-19 4.37E-15 8.73E-13 4.29E-12 6.74E-12
 8.17E-12 9.41E-12 9.75E-12 8.76E-12 7.11E-12 6.11E-12
 1.00E-74 4.67E-38 3.42E-27 4.38E-19 4.34E-15 8.66E-13 4.25E-12 6.69E-12
 8.11E-12 9.35E-12 9.69E-12 8.72E-12 7.09E-12 6.10E-12
 1.02E-51 4.51E-38 3.28E-27 4.14E-19 4.07E-15 8.11E-13 3.99E-12 6.30E-12
 7.66E-12 8.86E-12 9.25E-12 8.39E-12 6.87E-12 5.94E-12
 1.02E-51 4.06E-38 2.88E-27 3.49E-19 3.34E-15 6.44E-13 3.11E-12 4.89E-12
 5.95E-12 6.93E-12 7.33E-12 6.84E-12 5.79E-12 5.10E-12
  5752.95    7  14 /pl=01:ss= 8:pb= 1:sz= 8/type=excit/ispb = t/isel =   50
 1.00E+10 1.00E+11 1.00E+12 1.00E+13 1.00E+14 1.00E+15 1.00E+16
 1.40E+00 2.09E+00 3.49E+00 6.98E+00 1.40E+01 3.49E+01 6.98E+01 1.05E+02
 1.40E+02 2.09E+02 3.49E+02 6.98E+02 1.40E+03 2.09E+03
 1.00E-74 4.38E-39 8.29E-28 2.11E-19 2.89E-15 6.92E-13 3.57E-12 5.69E-12
 6.90E-12 7.92E-12 8.11E-12 7.12E-12 5.66E-12 4.81E-12
 1.00E-74 4.38E-39 8.29E-28 2.11E-19 2.89E-15 6.92E-13 3.57E-12 5.69E-12
 6.90E-12 7.92E-12 8.11E-12 7.12E-12 5.66E-12 4.81E-12
 1.00E-74 4.38E-39 8.29E-28 2.11E-19 2.89E-15 6.91E-13 3.57E-12 5.69E-12
 6.90E-12 7.92E-12 8.11E-12 7.12E-12 5.66E-12 4.81E-12
 1.00E-74 4.36E-39 8.26E-28 2.10E-19 2.88E-15 6.90E-13 3.56E-12 5.67E-12
 6.88E-12 7.91E-12 8.10E-12 7.11E-12 5.65E-12 4.81E-12
 1.00E-74 4.18E-39 7.96E-28 2.03E-19 2.80E-15 6.72E-13 3.48E-12 5.55E-12
 6.74E-12 7.76E-12 7.96E-12 7.02E-12 5.59E-12 4.76E-12
 1.00E-74 3.19E-39 6.21E-28 1.62E-19 2.26E-15 5.52E-13 2.90E-12 4.67E-12
 5.71E-12 6.65E-12 6.93E-12 6.24E-12 5.07E-12 4.37E-12
 2.00E-53 2.16E-39 4.07E-28 1.02E-19 1.39E-15 3.29E-13 1.69E-12 2.71E-12
 3.32E-12 3.90E-12 4.13E-12 3.84E-12 3.25E-12 2.87E-12
c-------------------------------------------------------------------------------
 
C  root partition information
C  ==========================
C
C  nuclear charge : 74
C  ion charge+1   :  9
C
C  population calculation information
C  ----------------------------------
C
C  population processing code: adas810
C
C  adf04 source file    : adf04_copmm#74_ca_40#w8_t3.dat
C  adf18/a17_p208 file  : NULL
C
C  meta. ion. coeff. selector  : 
 
C  options  : lnorm =T  lpsel =F  lzsel =T  liosel=F
C           : lhsel =F  lrsel =F  lisel =F  lnsel =F
 
C  energy levels
C  -------------
C
C   lv      configuration    (2S+1)L(w-1/2)      energy (cm^-1)
C  ---   ------------------- --------------      --------------
c    1   60963A52B55C          (0)0(  41.5)             0.0
c    2   60963A52B54C51D       (0)0(1049.5)        408935.9
c    3   60962A52B55C51D       (0)0(2729.0)        449944.7
c    4   60963A52B54C51G       (0)0( 209.0)        578732.4
c    5   60963A52B54C51H       (0)0( 629.5)        686088.3
c    6   60963A52B54C51E       (0)0(1469.5)        778125.0
c    7   60963A52B54C51I       (0)0(1049.5)        832280.3
c    8   60962A52B55C51E       (0)0(3821.5)        832335.2
c    9   60963A52B54C51M       (0)0( 209.0)        887236.7
c   10   60963A52B54C51N       (0)0( 629.5)        937726.8
c   11   60963A52B54C51F       (0)0(1889.5)        968387.4
c   12   60963A52B54C51J       (0)0(1469.5)        980831.6
c   13   60963A52B54C51O       (0)0(1049.5)       1009923.0
c   14   60962A52B55C51F       (0)0(4913.5)       1027996.7
c   15   60963A52B54C51T       (0)0( 208.5)       1036753.7
c   16   60963A52B54C51U       (0)0( 626.5)       1064648.9
c   17   60963A52B54C51P       (0)0(1469.5)       1088560.7
c   18   60963A52B54C51V       (0)0(1044.5)       1105943.1
c   19   60963A52B54C51W       (0)0(1462.5)       1153152.0
c   20   9964A52B55C           (0)0(  29.5)       1787707.8
c   21   9963A52B56C           (0)0(  69.5)       1822549.3
c   22   9963A52B55C51D        (0)0(4199.5)       2238299.9
c   23   9963A52B55C51E        (0)0(5879.5)       2620756.2
c   24   9963A52B55C51F        (0)0(7559.5)       2817109.1
 
 
 
c-------------------------------------------------------------------------------
 
C  superstage partition information
C  ================================
C
C  element symbol   : W
C  parent template  : 
C  partition level  :  1
C  superstage label :  8
C
C  tabulation       : photon emissivity coefft (te,ne)
C  units            : ph. emis coef(cm^3 s^-1); te (ev); ne (cm^-3)
C
C  photon emissivity atomic transitions
C  ------------------------------------
C  
C   isel  wvlen(A)            transition                type  ispb nspb
C                                                             ispp nspp sz    tg pr wr
C  ----- ---------- ----------------------------------- ----- ---- ---- --    -- -- --
C      1   54.8682   21(0)0(  69.5)-  1(0)0(  41.5)     excit   1    1   8    16 21  1
C      2   55.8936   24(0)0(7559.5)- 14(0)0(4913.5)     excit   1    1   8   119 47  2
C      3   55.9152   23(0)0(5879.5)-  8(0)0(3821.5)     excit   1    1   8   117 33  3
C      4   55.9173   22(0)0(4199.5)-  3(0)0(2729.0)     excit   1    1   8   114 12  4
C      5   55.9376   20(0)0(  29.5)-  1(0)0(  41.5)     excit   1    1   8    15  9  5
C      6   96.4549   15(0)0( 208.5)-  1(0)0(  41.5)     excit   1    1   8    11 36  6
C      7   97.2766   14(0)0(4913.5)-  1(0)0(  41.5)     excit   1    1   8    22 28  7
C      8   99.0174   13(0)0(1049.5)-  1(0)0(  41.5)     excit   1    1   8     9 50  8
C      9   112.709    9(0)0( 209.0)-  1(0)0(  41.5)     excit   1    1   8     7 19  9
C     10   120.152    7(0)0(1049.5)-  1(0)0(  41.5)     excit   1    1   8     5 24 10
C     11   134.370   19(0)0(1462.5)-  2(0)0(1049.5)     excit   1    1   8    35 31 11
C     12   147.140   17(0)0(1469.5)-  2(0)0(1049.5)     excit   1    1   8    31 20 12
C     13   152.506   16(0)0( 626.5)-  2(0)0(1049.5)     excit   1    1   8    33 18 13
C     14   172.791    4(0)0( 209.0)-  1(0)0(  41.5)     excit   1    1   8     3  5 14
C     15   174.857   12(0)0(1469.5)-  2(0)0(1049.5)     excit   1    1   8    27 13 15
C     16   189.111   10(0)0( 629.5)-  2(0)0(1049.5)     excit   1    1   8    29 11 16
C     17   205.797   16(0)0( 626.5)-  4(0)0( 209.0)     excit   1    1   8    52 48 17
C     18   222.250    3(0)0(2729.0)-  1(0)0(  41.5)     excit   1    1   8    20  2 18
C     19   238.178   18(0)0(1044.5)-  5(0)0( 629.5)     excit   1    1   8    63 42 19
C     20   244.537    2(0)0(1049.5)-  1(0)0(  41.5)     excit   1    1   8     1  1 20
C     21   261.513    8(0)0(3821.5)-  3(0)0(2729.0)     excit   1    1   8   115  6 21
C     22   270.864    6(0)0(1469.5)-  2(0)0(1049.5)     excit   1    1   8    23  4 22
C     23   278.556   10(0)0( 629.5)-  4(0)0( 209.0)     excit   1    1   8    49 43 23
C     24   285.172   15(0)0( 208.5)-  5(0)0( 629.5)     excit   1    1   8    61 34 24
C     25   305.047   18(0)0(1044.5)-  6(0)0(1469.5)     excit   1    1   8    43 49 25
C     26   308.800   13(0)0(1049.5)-  5(0)0( 629.5)     excit   1    1   8    59 22 26
C     27   311.651   19(0)0(1462.5)-  7(0)0(1049.5)     excit   1    1   8    73 35 27
C     28   360.812    5(0)0( 629.5)-  2(0)0(1049.5)     excit   1    1   8    25  3 28
C     29   390.198   17(0)0(1469.5)-  7(0)0(1049.5)     excit   1    1   8    69 23 29
C     30   430.351   16(0)0( 626.5)-  7(0)0(1049.5)     excit   1    1   8    71 29 30
C     31   431.410   13(0)0(1049.5)-  6(0)0(1469.5)     excit   1    1   8    40 45 31
C     32   497.145    9(0)0( 209.0)-  5(0)0( 629.5)     excit   1    1   8    57 17 32
C     33   511.087   14(0)0(4913.5)-  8(0)0(3821.5)     excit   1    1   8   118 10 33
C     34   594.473   18(0)0(1044.5)- 10(0)0( 629.5)     excit   1    1   8    90 37 34
C     35   673.168   12(0)0(1469.5)-  7(0)0(1049.5)     excit   1    1   8    65 14 35
C     36   684.032    7(0)0(1049.5)-  5(0)0( 629.5)     excit   1    1   8    55  7 36
C     37   698.183   19(0)0(1462.5)- 13(0)0(1049.5)     excit   1    1   8    96 39 37
C     38   931.481    5(0)0( 629.5)-  4(0)0( 209.0)     excit   1    1   8    46  8 38
C     39   948.348   10(0)0( 629.5)-  7(0)0(1049.5)     excit   1    1   8    67 16 39
C     40   1009.83   15(0)0( 208.5)- 10(0)0( 629.5)     excit   1    1   8    88 40 40
C     41   1271.65   17(0)0(1469.5)- 13(0)0(1049.5)     excit   1    1   8    92 25 41
C     42   1385.11   13(0)0(1049.5)- 10(0)0( 629.5)     excit   1    1   8    86 15 42
C     43   1827.29   16(0)0( 626.5)- 13(0)0(1049.5)     excit   1    1   8    94 32 43
C     44   1846.54    7(0)0(1049.5)-  6(0)0(1469.5)     excit   1    1   8    37 27 44
C     45   1980.59   10(0)0( 629.5)-  9(0)0( 209.0)     excit   1    1   8    80 30 45
C     46   2118.24   19(0)0(1462.5)- 18(0)0(1044.5)     excit   1    1   8   104 38 46
C     47   2421.65   18(0)0(1044.5)- 16(0)0( 626.5)     excit   1    1   8   102 26 47
C     48   3437.44   13(0)0(1049.5)- 12(0)0(1469.5)     excit   1    1   8    75 41 48
C     49   3584.85   16(0)0( 626.5)- 15(0)0( 208.5)     excit   1    1   8    99 44 49
C     50   5752.95   18(0)0(1044.5)- 17(0)0(1469.5)     excit   1    1   8    97 46 50
c-------------------------------------------------------------------------------
                                                                                
C  code     : adas810
C  producer : Adam Foster
C  date     : 18/05/09
                                                                                
c-------------------------------------------------------------------------------

C-----------------------------------------------------------------------
C                               OPEN-ADAS
C                               +++++++++
C
C This file has been downloaded from OPEN-ADAS (http://open.adas.ac.uk)
C on 26-Mar-2025.
C
C TERMS AND CONDITIONS
C --------------------
C
C The user of the OPEN-ADAS system and data (hereinafter "the User")
C accepts the following terms and conditions:
C
C   1. The University of Strathclyde uses all reasonable endeavours to
C      ensure the accuracy of the data provided and any information
C      given, but the University makes no warranty, expressed or implied
C      as to its accuracy, integrity, fitness for purpose and shall not
C      be responsible for the use to which the data is put by the User
C      and/or any consequences arising out of any inaccuracies or
C      omissions.
C
C   2. Any downloaded OPEN-ADAS file is made available for the
C      personal use of the User only.  It must not be used for any
C      commercial application, incorporated into any web site or in
C      any form re-distributed without express prior written permission
C      from the ADAS Project. In particular, but not by way of
C      limitation, it must not be:
C        *  inserted into a managed database structure,
C        *  redistributed along with a modelling or analysis code,
C        *  made available on a public website.
C
C Permission for OPEN-ADAS data incorporation in non-commercial
C code/system development for scientific advance will not be
C unreasonably withheld, but will be subject to written agreement
C on a case by case basis.
C
C The User will indemnify the University of Strathclyde and keep it
C fully and effectively indemnified against each and every claim made
C against the University as a result of the User's use of the data.
C
C-----------------------------------------------------------------------
