   50    /W :13 photon emissivity coefficients/
--------------------------------------------------------------------------------
    1    1    1    1    1    1    1    1    1    1    1    1    1    1
    1    1    1    1    1    1    1    1    1    1    1    1    1    1
    1    1    1    1    1    1    1    1    1    1    1    1    1    1
    1    1    1    1    1    1    1    1    1    1    1    1    1    1
    1    1    1    1    1    1    1    1    1    1    1    1    1    1
    1    1    1    1    1
--------------------------------------------------------------------------------
//#01/p00/ 00/p01/ 01/p02/ 02/p03/ 03/p04/ 04/p05/ 05/p06/ 06/p07/ 07/p08/ 08/  
      p09/ 09/p10/ 10/p11/ 11/p12/ 12/p13/ 13/p14/ 14/p15/ 15/p16/ 16/p17/ 17/  
      p18/ 18/p19/ 19/p20/ 20/p21/ 21/p22/ 22/p23/ 23/p24/ 24/p25/ 25/p26/ 26/  
      p27/ 27/p28/ 28/p29/ 29/p30/ 30/p31/ 31/p32/ 32/p33/ 33/p34/ 34/p35/ 35/  
      p36/ 36/p37/ 37/p38/ 38/p39/ 39/p40/ 40/p41/ 41/p42/ 42/p43/ 43/p44/ 44/  
      p45/ 45/p46/ 46/p47/ 47/p48/ 48/p49/ 49/p50/ 50/p51/ 51/p52/ 52/p53/ 53/  
      p54/ 54/p55/ 55/p56/ 56/p57/ 57/p58/ 58/p59/ 59/p60/ 60/p61/ 61/p62/ 62/  
      p63/ 63/p64/ 64/p65/ 65/p66/ 66/p67/ 67/p68/ 68/p69/ 69/p70/ 70/p71/ 71/  
      p72/ 72/p73/ 73/p74/ 74/                                                  
--------------------------------------------------------------------------------
  30.6042    7  14 /pl=01:ss=13:pb= 1:sz=13/type=excit/ispb = t/isel =    1
 1.00E+10 1.00E+11 1.00E+12 1.00E+13 1.00E+14 1.00E+15 1.00E+16
 3.38E+00 5.07E+00 8.44E+00 1.69E+01 3.38E+01 8.44E+01 1.69E+02 2.53E+02
 3.38E+02 5.07E+02 8.44E+02 1.69E+03 3.38E+03 5.07E+03
 1.00E-74 7.79E-48 4.03E-34 7.46E-24 8.54E-19 7.29E-16 5.83E-15 1.09E-14
 1.44E-14 1.83E-14 2.09E-14 2.08E-14 1.82E-14 1.62E-14
 1.00E-74 6.62E-48 4.03E-34 7.46E-24 8.54E-19 7.29E-16 5.83E-15 1.09E-14
 1.44E-14 1.83E-14 2.09E-14 2.08E-14 1.82E-14 1.62E-14
 1.00E-74 6.70E-48 4.03E-34 7.46E-24 8.54E-19 7.29E-16 5.83E-15 1.09E-14
 1.44E-14 1.83E-14 2.09E-14 2.08E-14 1.82E-14 1.62E-14
 1.00E-74 6.69E-48 4.03E-34 7.46E-24 8.54E-19 7.29E-16 5.83E-15 1.09E-14
 1.44E-14 1.83E-14 2.09E-14 2.08E-14 1.82E-14 1.62E-14
 1.00E-74 6.69E-48 4.03E-34 7.46E-24 8.53E-19 7.29E-16 5.83E-15 1.09E-14
 1.44E-14 1.83E-14 2.09E-14 2.08E-14 1.82E-14 1.62E-14
 1.00E-74 6.69E-48 4.03E-34 7.45E-24 8.52E-19 7.27E-16 5.81E-15 1.08E-14
 1.44E-14 1.83E-14 2.09E-14 2.08E-14 1.81E-14 1.61E-14
 1.00E-74 6.71E-48 4.03E-34 7.41E-24 8.39E-19 7.09E-16 5.66E-15 1.06E-14
 1.40E-14 1.79E-14 2.04E-14 2.04E-14 1.79E-14 1.59E-14
  33.9653    7  14 /pl=01:ss=13:pb= 1:sz=13/type=excit/ispb = t/isel =    2
 1.00E+10 1.00E+11 1.00E+12 1.00E+13 1.00E+14 1.00E+15 1.00E+16
 3.38E+00 5.07E+00 8.44E+00 1.69E+01 3.38E+01 8.44E+01 1.69E+02 2.53E+02
 3.38E+02 5.07E+02 8.44E+02 1.69E+03 3.38E+03 5.07E+03
 1.00E-74 2.17E-42 5.55E-30 1.03E-20 4.31E-16 2.22E-13 1.53E-12 2.70E-12
 3.48E-12 4.29E-12 4.78E-12 4.73E-12 4.27E-12 3.94E-12
 1.00E-74 2.17E-42 5.55E-30 1.03E-20 4.31E-16 2.22E-13 1.53E-12 2.70E-12
 3.48E-12 4.29E-12 4.78E-12 4.73E-12 4.27E-12 3.94E-12
 1.00E-74 2.17E-42 5.55E-30 1.03E-20 4.31E-16 2.22E-13 1.53E-12 2.70E-12
 3.48E-12 4.29E-12 4.78E-12 4.73E-12 4.27E-12 3.94E-12
 1.00E-74 2.17E-42 5.55E-30 1.03E-20 4.31E-16 2.22E-13 1.53E-12 2.70E-12
 3.48E-12 4.29E-12 4.78E-12 4.73E-12 4.27E-12 3.94E-12
 1.00E-74 2.17E-42 5.55E-30 1.03E-20 4.31E-16 2.22E-13 1.53E-12 2.70E-12
 3.48E-12 4.29E-12 4.78E-12 4.73E-12 4.27E-12 3.94E-12
 1.00E-74 2.18E-42 5.56E-30 1.04E-20 4.30E-16 2.22E-13 1.52E-12 2.70E-12
 3.47E-12 4.29E-12 4.78E-12 4.72E-12 4.27E-12 3.93E-12
 1.00E-74 2.25E-42 5.70E-30 1.05E-20 4.28E-16 2.18E-13 1.49E-12 2.64E-12
 3.40E-12 4.20E-12 4.69E-12 4.65E-12 4.21E-12 3.89E-12
  40.5805    7  14 /pl=01:ss=13:pb= 1:sz=13/type=excit/ispb = t/isel =    3
 1.00E+10 1.00E+11 1.00E+12 1.00E+13 1.00E+14 1.00E+15 1.00E+16
 3.38E+00 5.07E+00 8.44E+00 1.69E+01 3.38E+01 8.44E+01 1.69E+02 2.53E+02
 3.38E+02 5.07E+02 8.44E+02 1.69E+03 3.38E+03 5.07E+03
 1.00E-74 4.52E-39 1.05E-28 5.33E-21 3.26E-17 5.05E-15 2.33E-14 3.62E-14
 4.37E-14 5.04E-14 5.26E-14 4.81E-14 4.01E-14 3.51E-14
 1.00E-74 4.52E-39 1.05E-28 5.33E-21 3.26E-17 5.05E-15 2.33E-14 3.62E-14
 4.37E-14 5.04E-14 5.26E-14 4.81E-14 4.01E-14 3.51E-14
 1.00E-74 4.52E-39 1.05E-28 5.33E-21 3.26E-17 5.05E-15 2.33E-14 3.62E-14
 4.37E-14 5.04E-14 5.26E-14 4.81E-14 4.01E-14 3.51E-14
 1.00E-74 4.52E-39 1.05E-28 5.33E-21 3.26E-17 5.05E-15 2.33E-14 3.62E-14
 4.37E-14 5.04E-14 5.26E-14 4.81E-14 4.01E-14 3.51E-14
 4.29E-52 4.52E-39 1.05E-28 5.33E-21 3.26E-17 5.05E-15 2.33E-14 3.62E-14
 4.36E-14 5.04E-14 5.26E-14 4.81E-14 4.01E-14 3.51E-14
 4.43E-52 4.52E-39 1.05E-28 5.33E-21 3.26E-17 5.04E-15 2.32E-14 3.61E-14
 4.35E-14 5.02E-14 5.25E-14 4.81E-14 4.01E-14 3.51E-14
 4.46E-52 4.54E-39 1.05E-28 5.30E-21 3.21E-17 4.92E-15 2.27E-14 3.52E-14
 4.25E-14 4.91E-14 5.14E-14 4.73E-14 3.95E-14 3.47E-14
  50.7831    7  14 /pl=01:ss=13:pb= 1:sz=13/type=excit/ispb = t/isel =    4
 1.00E+10 1.00E+11 1.00E+12 1.00E+13 1.00E+14 1.00E+15 1.00E+16
 3.38E+00 5.07E+00 8.44E+00 1.69E+01 3.38E+01 8.44E+01 1.69E+02 2.53E+02
 3.38E+02 5.07E+02 8.44E+02 1.69E+03 3.38E+03 5.07E+03
 1.97E-40 4.67E-30 8.55E-22 1.21E-15 1.50E-12 1.15E-10 4.56E-10 6.89E-10
 8.28E-10 9.71E-10 1.06E-09 1.06E-09 9.72E-10 9.05E-10
 1.97E-40 4.67E-30 8.55E-22 1.21E-15 1.50E-12 1.15E-10 4.56E-10 6.88E-10
 8.28E-10 9.71E-10 1.06E-09 1.06E-09 9.72E-10 9.05E-10
 1.97E-40 4.67E-30 8.55E-22 1.21E-15 1.50E-12 1.15E-10 4.56E-10 6.88E-10
 8.28E-10 9.71E-10 1.06E-09 1.06E-09 9.72E-10 9.05E-10
 1.97E-40 4.67E-30 8.55E-22 1.21E-15 1.50E-12 1.15E-10 4.56E-10 6.88E-10
 8.28E-10 9.71E-10 1.06E-09 1.06E-09 9.72E-10 9.05E-10
 1.97E-40 4.67E-30 8.55E-22 1.21E-15 1.50E-12 1.15E-10 4.56E-10 6.88E-10
 8.28E-10 9.70E-10 1.06E-09 1.06E-09 9.72E-10 9.04E-10
 1.98E-40 4.69E-30 8.58E-22 1.21E-15 1.50E-12 1.15E-10 4.54E-10 6.87E-10
 8.26E-10 9.68E-10 1.06E-09 1.05E-09 9.71E-10 9.03E-10
 2.06E-40 4.85E-30 8.81E-22 1.23E-15 1.49E-12 1.13E-10 4.43E-10 6.70E-10
 8.06E-10 9.46E-10 1.03E-09 1.04E-09 9.57E-10 8.92E-10
  52.0587    7  14 /pl=01:ss=13:pb= 1:sz=13/type=excit/ispb = t/isel =    5
 1.00E+10 1.00E+11 1.00E+12 1.00E+13 1.00E+14 1.00E+15 1.00E+16
 3.38E+00 5.07E+00 8.44E+00 1.69E+01 3.38E+01 8.44E+01 1.69E+02 2.53E+02
 3.38E+02 5.07E+02 8.44E+02 1.69E+03 3.38E+03 5.07E+03
 1.15E-41 1.52E-31 1.72E-23 1.62E-17 1.32E-14 5.72E-13 1.66E-12 2.19E-12
 2.42E-12 2.55E-12 2.47E-12 2.20E-12 1.89E-12 1.72E-12
 1.15E-41 1.52E-31 1.72E-23 1.62E-17 1.32E-14 5.72E-13 1.66E-12 2.19E-12
 2.42E-12 2.55E-12 2.47E-12 2.20E-12 1.89E-12 1.72E-12
 1.15E-41 1.52E-31 1.72E-23 1.62E-17 1.32E-14 5.72E-13 1.66E-12 2.19E-12
 2.42E-12 2.55E-12 2.47E-12 2.20E-12 1.89E-12 1.72E-12
 1.15E-41 1.52E-31 1.72E-23 1.62E-17 1.32E-14 5.72E-13 1.66E-12 2.19E-12
 2.42E-12 2.55E-12 2.47E-12 2.20E-12 1.89E-12 1.72E-12
 1.16E-41 1.52E-31 1.72E-23 1.62E-17 1.32E-14 5.72E-13 1.66E-12 2.19E-12
 2.42E-12 2.55E-12 2.47E-12 2.20E-12 1.89E-12 1.72E-12
 1.17E-41 1.54E-31 1.74E-23 1.63E-17 1.32E-14 5.73E-13 1.66E-12 2.19E-12
 2.42E-12 2.55E-12 2.47E-12 2.20E-12 1.89E-12 1.72E-12
 1.32E-41 1.70E-31 1.88E-23 1.72E-17 1.36E-14 5.78E-13 1.66E-12 2.19E-12
 2.43E-12 2.55E-12 2.48E-12 2.20E-12 1.89E-12 1.71E-12
  55.6007    7  14 /pl=01:ss=13:pb= 1:sz=13/type=excit/ispb = t/isel =    6
 1.00E+10 1.00E+11 1.00E+12 1.00E+13 1.00E+14 1.00E+15 1.00E+16
 3.38E+00 5.07E+00 8.44E+00 1.69E+01 3.38E+01 8.44E+01 1.69E+02 2.53E+02
 3.38E+02 5.07E+02 8.44E+02 1.69E+03 3.38E+03 5.07E+03
 1.75E-37 5.17E-28 1.77E-20 6.81E-15 3.57E-12 1.24E-10 3.51E-10 4.72E-10
 5.36E-10 5.95E-10 6.21E-10 6.03E-10 5.49E-10 5.09E-10
 1.75E-37 5.17E-28 1.77E-20 6.81E-15 3.57E-12 1.24E-10 3.51E-10 4.72E-10
 5.36E-10 5.95E-10 6.21E-10 6.03E-10 5.49E-10 5.09E-10
 1.75E-37 5.17E-28 1.77E-20 6.81E-15 3.57E-12 1.24E-10 3.51E-10 4.72E-10
 5.36E-10 5.95E-10 6.21E-10 6.03E-10 5.49E-10 5.09E-10
 1.75E-37 5.17E-28 1.77E-20 6.81E-15 3.57E-12 1.24E-10 3.51E-10 4.72E-10
 5.36E-10 5.95E-10 6.21E-10 6.03E-10 5.49E-10 5.09E-10
 1.75E-37 5.17E-28 1.77E-20 6.81E-15 3.57E-12 1.24E-10 3.50E-10 4.72E-10
 5.36E-10 5.94E-10 6.21E-10 6.03E-10 5.49E-10 5.09E-10
 1.75E-37 5.17E-28 1.77E-20 6.81E-15 3.56E-12 1.23E-10 3.49E-10 4.70E-10
 5.34E-10 5.93E-10 6.19E-10 6.02E-10 5.48E-10 5.08E-10
 1.75E-37 5.17E-28 1.77E-20 6.76E-15 3.50E-12 1.20E-10 3.40E-10 4.58E-10
 5.20E-10 5.78E-10 6.06E-10 5.91E-10 5.40E-10 5.02E-10
  59.1863    7  14 /pl=01:ss=13:pb= 1:sz=13/type=excit/ispb = t/isel =    7
 1.00E+10 1.00E+11 1.00E+12 1.00E+13 1.00E+14 1.00E+15 1.00E+16
 3.38E+00 5.07E+00 8.44E+00 1.69E+01 3.38E+01 8.44E+01 1.69E+02 2.53E+02
 3.38E+02 5.07E+02 8.44E+02 1.69E+03 3.38E+03 5.07E+03
 1.19E-37 9.22E-29 1.09E-21 1.93E-16 6.96E-14 1.87E-12 4.68E-12 5.84E-12
 6.30E-12 6.49E-12 6.17E-12 5.37E-12 4.50E-12 4.03E-12
 1.19E-37 9.22E-29 1.09E-21 1.93E-16 6.96E-14 1.87E-12 4.68E-12 5.84E-12
 6.30E-12 6.49E-12 6.17E-12 5.37E-12 4.50E-12 4.03E-12
 1.19E-37 9.22E-29 1.09E-21 1.93E-16 6.96E-14 1.87E-12 4.68E-12 5.84E-12
 6.30E-12 6.49E-12 6.17E-12 5.37E-12 4.50E-12 4.03E-12
 1.19E-37 9.23E-29 1.09E-21 1.93E-16 6.96E-14 1.87E-12 4.68E-12 5.84E-12
 6.30E-12 6.49E-12 6.17E-12 5.37E-12 4.50E-12 4.03E-12
 1.19E-37 9.24E-29 1.10E-21 1.93E-16 6.96E-14 1.87E-12 4.68E-12 5.84E-12
 6.30E-12 6.49E-12 6.17E-12 5.37E-12 4.50E-12 4.03E-12
 1.21E-37 9.38E-29 1.11E-21 1.95E-16 6.99E-14 1.88E-12 4.68E-12 5.85E-12
 6.31E-12 6.49E-12 6.17E-12 5.37E-12 4.50E-12 4.03E-12
 1.42E-37 1.07E-28 1.23E-21 2.09E-16 7.28E-14 1.91E-12 4.73E-12 5.90E-12
 6.35E-12 6.53E-12 6.20E-12 5.39E-12 4.51E-12 4.03E-12
  59.8184    7  14 /pl=01:ss=13:pb= 1:sz=13/type=excit/ispb = t/isel =    8
 1.00E+10 1.00E+11 1.00E+12 1.00E+13 1.00E+14 1.00E+15 1.00E+16
 3.38E+00 5.07E+00 8.44E+00 1.69E+01 3.38E+01 8.44E+01 1.69E+02 2.53E+02
 3.38E+02 5.07E+02 8.44E+02 1.69E+03 3.38E+03 5.07E+03
 1.00E-74 6.45E-45 1.65E-32 3.07E-23 1.28E-18 6.60E-16 4.54E-15 8.03E-15
 1.03E-14 1.28E-14 1.42E-14 1.41E-14 1.27E-14 1.17E-14
 1.00E-74 6.45E-45 1.65E-32 3.07E-23 1.28E-18 6.60E-16 4.54E-15 8.03E-15
 1.03E-14 1.28E-14 1.42E-14 1.41E-14 1.27E-14 1.17E-14
 1.00E-74 6.45E-45 1.65E-32 3.07E-23 1.28E-18 6.60E-16 4.54E-15 8.03E-15
 1.03E-14 1.28E-14 1.42E-14 1.41E-14 1.27E-14 1.17E-14
 1.00E-74 6.45E-45 1.65E-32 3.07E-23 1.28E-18 6.60E-16 4.54E-15 8.03E-15
 1.03E-14 1.28E-14 1.42E-14 1.41E-14 1.27E-14 1.17E-14
 1.00E-74 6.45E-45 1.65E-32 3.07E-23 1.28E-18 6.60E-16 4.54E-15 8.03E-15
 1.03E-14 1.28E-14 1.42E-14 1.41E-14 1.27E-14 1.17E-14
 1.00E-74 6.47E-45 1.65E-32 3.08E-23 1.28E-18 6.59E-16 4.53E-15 8.02E-15
 1.03E-14 1.27E-14 1.42E-14 1.40E-14 1.27E-14 1.17E-14
 1.00E-74 6.68E-45 1.69E-32 3.11E-23 1.27E-18 6.46E-16 4.43E-15 7.85E-15
 1.01E-14 1.25E-14 1.39E-14 1.38E-14 1.25E-14 1.15E-14
  60.8554    7  14 /pl=01:ss=13:pb= 1:sz=13/type=excit/ispb = t/isel =    9
 1.00E+10 1.00E+11 1.00E+12 1.00E+13 1.00E+14 1.00E+15 1.00E+16
 3.38E+00 5.07E+00 8.44E+00 1.69E+01 3.38E+01 8.44E+01 1.69E+02 2.53E+02
 3.38E+02 5.07E+02 8.44E+02 1.69E+03 3.38E+03 5.07E+03
 8.28E-44 1.97E-33 3.60E-25 5.11E-19 6.33E-16 4.85E-14 1.92E-13 2.90E-13
 3.49E-13 4.09E-13 4.46E-13 4.45E-13 4.10E-13 3.81E-13
 8.28E-44 1.97E-33 3.60E-25 5.11E-19 6.33E-16 4.85E-14 1.92E-13 2.90E-13
 3.49E-13 4.09E-13 4.46E-13 4.45E-13 4.10E-13 3.81E-13
 8.28E-44 1.97E-33 3.60E-25 5.11E-19 6.33E-16 4.85E-14 1.92E-13 2.90E-13
 3.49E-13 4.09E-13 4.46E-13 4.45E-13 4.10E-13 3.81E-13
 8.28E-44 1.97E-33 3.60E-25 5.11E-19 6.33E-16 4.85E-14 1.92E-13 2.90E-13
 3.49E-13 4.09E-13 4.46E-13 4.45E-13 4.10E-13 3.81E-13
 8.29E-44 1.97E-33 3.60E-25 5.11E-19 6.33E-16 4.85E-14 1.92E-13 2.90E-13
 3.49E-13 4.09E-13 4.46E-13 4.45E-13 4.09E-13 3.81E-13
 8.32E-44 1.97E-33 3.61E-25 5.11E-19 6.33E-16 4.84E-14 1.91E-13 2.89E-13
 3.48E-13 4.08E-13 4.45E-13 4.44E-13 4.09E-13 3.80E-13
 8.68E-44 2.04E-33 3.71E-25 5.18E-19 6.29E-16 4.74E-14 1.87E-13 2.82E-13
 3.40E-13 3.99E-13 4.36E-13 4.36E-13 4.03E-13 3.75E-13
  61.9148    7  14 /pl=01:ss=13:pb= 1:sz=13/type=excit/ispb = t/isel =   10
 1.00E+10 1.00E+11 1.00E+12 1.00E+13 1.00E+14 1.00E+15 1.00E+16
 3.38E+00 5.07E+00 8.44E+00 1.69E+01 3.38E+01 8.44E+01 1.69E+02 2.53E+02
 3.38E+02 5.07E+02 8.44E+02 1.69E+03 3.38E+03 5.07E+03
 1.77E-42 5.23E-33 1.79E-25 6.89E-20 3.61E-17 1.25E-15 3.55E-15 4.77E-15
 5.42E-15 6.01E-15 6.28E-15 6.10E-15 5.55E-15 5.15E-15
 1.77E-42 5.23E-33 1.79E-25 6.89E-20 3.61E-17 1.25E-15 3.55E-15 4.77E-15
 5.42E-15 6.01E-15 6.28E-15 6.10E-15 5.55E-15 5.15E-15
 1.77E-42 5.23E-33 1.79E-25 6.89E-20 3.61E-17 1.25E-15 3.55E-15 4.77E-15
 5.42E-15 6.01E-15 6.28E-15 6.10E-15 5.55E-15 5.15E-15
 1.77E-42 5.23E-33 1.79E-25 6.89E-20 3.61E-17 1.25E-15 3.54E-15 4.77E-15
 5.42E-15 6.01E-15 6.28E-15 6.10E-15 5.55E-15 5.15E-15
 1.77E-42 5.23E-33 1.79E-25 6.89E-20 3.61E-17 1.25E-15 3.54E-15 4.77E-15
 5.42E-15 6.01E-15 6.28E-15 6.10E-15 5.55E-15 5.15E-15
 1.77E-42 5.23E-33 1.79E-25 6.88E-20 3.61E-17 1.25E-15 3.53E-15 4.76E-15
 5.40E-15 6.00E-15 6.26E-15 6.09E-15 5.54E-15 5.14E-15
 1.77E-42 5.23E-33 1.79E-25 6.84E-20 3.54E-17 1.21E-15 3.44E-15 4.63E-15
 5.26E-15 5.85E-15 6.13E-15 5.98E-15 5.46E-15 5.07E-15
  62.6964    7  14 /pl=01:ss=13:pb= 1:sz=13/type=excit/ispb = t/isel =   11
 1.00E+10 1.00E+11 1.00E+12 1.00E+13 1.00E+14 1.00E+15 1.00E+16
 3.38E+00 5.07E+00 8.44E+00 1.69E+01 3.38E+01 8.44E+01 1.69E+02 2.53E+02
 3.38E+02 5.07E+02 8.44E+02 1.69E+03 3.38E+03 5.07E+03
 2.50E-44 3.29E-34 3.72E-26 3.51E-20 2.86E-17 1.24E-15 3.59E-15 4.73E-15
 5.23E-15 5.51E-15 5.35E-15 4.76E-15 4.10E-15 3.73E-15
 2.50E-44 3.29E-34 3.72E-26 3.51E-20 2.86E-17 1.24E-15 3.59E-15 4.73E-15
 5.23E-15 5.51E-15 5.35E-15 4.76E-15 4.10E-15 3.73E-15
 2.50E-44 3.29E-34 3.72E-26 3.51E-20 2.86E-17 1.24E-15 3.59E-15 4.73E-15
 5.23E-15 5.51E-15 5.35E-15 4.76E-15 4.10E-15 3.73E-15
 2.50E-44 3.29E-34 3.73E-26 3.51E-20 2.86E-17 1.24E-15 3.59E-15 4.73E-15
 5.23E-15 5.51E-15 5.35E-15 4.76E-15 4.10E-15 3.73E-15
 2.50E-44 3.29E-34 3.73E-26 3.51E-20 2.86E-17 1.24E-15 3.59E-15 4.73E-15
 5.23E-15 5.51E-15 5.35E-15 4.76E-15 4.10E-15 3.73E-15
 2.54E-44 3.33E-34 3.76E-26 3.53E-20 2.87E-17 1.24E-15 3.59E-15 4.73E-15
 5.24E-15 5.51E-15 5.35E-15 4.76E-15 4.09E-15 3.73E-15
 2.86E-44 3.68E-34 4.07E-26 3.72E-20 2.95E-17 1.25E-15 3.60E-15 4.75E-15
 5.25E-15 5.53E-15 5.36E-15 4.76E-15 4.08E-15 3.71E-15
  64.5063    7  14 /pl=01:ss=13:pb= 1:sz=13/type=excit/ispb = t/isel =   12
 1.00E+10 1.00E+11 1.00E+12 1.00E+13 1.00E+14 1.00E+15 1.00E+16
 3.38E+00 5.07E+00 8.44E+00 1.69E+01 3.38E+01 8.44E+01 1.69E+02 2.53E+02
 3.38E+02 5.07E+02 8.44E+02 1.69E+03 3.38E+03 5.07E+03
 2.79E-40 2.13E-30 1.58E-22 1.08E-16 7.50E-14 3.00E-12 8.68E-12 1.15E-11
 1.28E-11 1.36E-11 1.32E-11 1.14E-11 9.09E-12 7.77E-12
 2.79E-40 2.13E-30 1.58E-22 1.08E-16 7.50E-14 3.00E-12 8.68E-12 1.15E-11
 1.28E-11 1.36E-11 1.32E-11 1.14E-11 9.09E-12 7.77E-12
 2.79E-40 2.13E-30 1.58E-22 1.08E-16 7.50E-14 3.00E-12 8.68E-12 1.15E-11
 1.28E-11 1.36E-11 1.32E-11 1.14E-11 9.09E-12 7.77E-12
 2.79E-40 2.13E-30 1.58E-22 1.08E-16 7.50E-14 3.00E-12 8.68E-12 1.15E-11
 1.28E-11 1.36E-11 1.32E-11 1.14E-11 9.09E-12 7.77E-12
 2.79E-40 2.13E-30 1.58E-22 1.08E-16 7.51E-14 3.00E-12 8.68E-12 1.15E-11
 1.28E-11 1.36E-11 1.32E-11 1.14E-11 9.09E-12 7.77E-12
 2.80E-40 2.14E-30 1.58E-22 1.08E-16 7.51E-14 2.99E-12 8.67E-12 1.15E-11
 1.28E-11 1.36E-11 1.32E-11 1.14E-11 9.08E-12 7.77E-12
 2.91E-40 2.22E-30 1.63E-22 1.10E-16 7.55E-14 2.97E-12 8.56E-12 1.13E-11
 1.26E-11 1.34E-11 1.31E-11 1.13E-11 9.05E-12 7.76E-12
  68.0741    7  14 /pl=01:ss=13:pb= 1:sz=13/type=excit/ispb = t/isel =   13
 1.00E+10 1.00E+11 1.00E+12 1.00E+13 1.00E+14 1.00E+15 1.00E+16
 3.38E+00 5.07E+00 8.44E+00 1.69E+01 3.38E+01 8.44E+01 1.69E+02 2.53E+02
 3.38E+02 5.07E+02 8.44E+02 1.69E+03 3.38E+03 5.07E+03
 1.00E-74 4.57E-45 2.36E-31 4.37E-21 5.00E-16 4.27E-13 3.42E-12 6.38E-12
 8.46E-12 1.08E-11 1.23E-11 1.22E-11 1.06E-11 9.48E-12
 1.00E-74 3.88E-45 2.36E-31 4.37E-21 5.00E-16 4.27E-13 3.42E-12 6.38E-12
 8.46E-12 1.08E-11 1.23E-11 1.22E-11 1.06E-11 9.48E-12
 1.00E-74 3.93E-45 2.36E-31 4.37E-21 5.00E-16 4.27E-13 3.42E-12 6.38E-12
 8.46E-12 1.08E-11 1.23E-11 1.22E-11 1.06E-11 9.48E-12
 1.00E-74 3.92E-45 2.36E-31 4.37E-21 5.00E-16 4.27E-13 3.42E-12 6.38E-12
 8.46E-12 1.08E-11 1.23E-11 1.22E-11 1.06E-11 9.47E-12
 1.00E-74 3.92E-45 2.36E-31 4.37E-21 5.00E-16 4.27E-13 3.42E-12 6.38E-12
 8.46E-12 1.08E-11 1.23E-11 1.22E-11 1.06E-11 9.47E-12
 1.00E-74 3.92E-45 2.36E-31 4.37E-21 5.00E-16 4.26E-13 3.41E-12 6.36E-12
 8.44E-12 1.07E-11 1.22E-11 1.22E-11 1.06E-11 9.46E-12
 1.00E-74 3.93E-45 2.36E-31 4.35E-21 4.92E-16 4.16E-13 3.32E-12 6.20E-12
 8.22E-12 1.05E-11 1.20E-11 1.20E-11 1.05E-11 9.34E-12
  71.2546    7  14 /pl=01:ss=13:pb= 1:sz=13/type=excit/ispb = t/isel =   14
 1.00E+10 1.00E+11 1.00E+12 1.00E+13 1.00E+14 1.00E+15 1.00E+16
 3.38E+00 5.07E+00 8.44E+00 1.69E+01 3.38E+01 8.44E+01 1.69E+02 2.53E+02
 3.38E+02 5.07E+02 8.44E+02 1.69E+03 3.38E+03 5.07E+03
 1.78E-41 2.61E-32 9.89E-24 2.36E-17 2.15E-14 6.39E-13 1.49E-12 1.86E-12
 2.02E-12 2.12E-12 2.11E-12 1.92E-12 1.62E-12 1.44E-12
 2.40E-41 2.72E-32 9.90E-24 2.36E-17 2.15E-14 6.39E-13 1.49E-12 1.86E-12
 2.02E-12 2.12E-12 2.11E-12 1.92E-12 1.62E-12 1.44E-12
 8.65E-41 3.86E-32 9.93E-24 2.36E-17 2.15E-14 6.39E-13 1.49E-12 1.86E-12
 2.02E-12 2.12E-12 2.11E-12 1.92E-12 1.62E-12 1.44E-12
 7.11E-40 1.52E-31 1.03E-23 2.36E-17 2.15E-14 6.39E-13 1.49E-12 1.87E-12
 2.02E-12 2.12E-12 2.11E-12 1.92E-12 1.62E-12 1.44E-12
 6.97E-39 1.29E-30 1.41E-23 2.38E-17 2.16E-14 6.40E-13 1.49E-12 1.87E-12
 2.02E-12 2.12E-12 2.12E-12 1.92E-12 1.62E-12 1.44E-12
 7.10E-38 1.29E-29 5.30E-23 2.63E-17 2.21E-14 6.47E-13 1.51E-12 1.88E-12
 2.04E-12 2.14E-12 2.13E-12 1.94E-12 1.63E-12 1.45E-12
 8.57E-37 1.50E-28 4.98E-22 5.30E-17 2.74E-14 7.26E-13 1.65E-12 2.05E-12
 2.21E-12 2.31E-12 2.29E-12 2.06E-12 1.73E-12 1.53E-12
  73.3320    7  14 /pl=01:ss=13:pb= 1:sz=13/type=excit/ispb = t/isel =   15
 1.00E+10 1.00E+11 1.00E+12 1.00E+13 1.00E+14 1.00E+15 1.00E+16
 3.38E+00 5.07E+00 8.44E+00 1.69E+01 3.38E+01 8.44E+01 1.69E+02 2.53E+02
 3.38E+02 5.07E+02 8.44E+02 1.69E+03 3.38E+03 5.07E+03
 2.70E-40 2.09E-31 2.48E-24 4.39E-19 1.58E-16 4.26E-15 1.06E-14 1.33E-14
 1.43E-14 1.47E-14 1.40E-14 1.22E-14 1.02E-14 9.15E-15
 2.70E-40 2.09E-31 2.48E-24 4.39E-19 1.58E-16 4.26E-15 1.06E-14 1.33E-14
 1.43E-14 1.47E-14 1.40E-14 1.22E-14 1.02E-14 9.15E-15
 2.70E-40 2.09E-31 2.49E-24 4.39E-19 1.58E-16 4.26E-15 1.06E-14 1.33E-14
 1.43E-14 1.47E-14 1.40E-14 1.22E-14 1.02E-14 9.15E-15
 2.70E-40 2.10E-31 2.49E-24 4.39E-19 1.58E-16 4.26E-15 1.06E-14 1.33E-14
 1.43E-14 1.47E-14 1.40E-14 1.22E-14 1.02E-14 9.15E-15
 2.70E-40 2.10E-31 2.49E-24 4.39E-19 1.58E-16 4.26E-15 1.06E-14 1.33E-14
 1.43E-14 1.47E-14 1.40E-14 1.22E-14 1.02E-14 9.15E-15
 2.75E-40 2.13E-31 2.52E-24 4.43E-19 1.59E-16 4.27E-15 1.06E-14 1.33E-14
 1.43E-14 1.47E-14 1.40E-14 1.22E-14 1.02E-14 9.15E-15
 3.21E-40 2.43E-31 2.79E-24 4.74E-19 1.65E-16 4.34E-15 1.07E-14 1.34E-14
 1.44E-14 1.48E-14 1.41E-14 1.22E-14 1.02E-14 9.15E-15
  77.6836    7  14 /pl=01:ss=13:pb= 1:sz=13/type=excit/ispb = t/isel =   16
 1.00E+10 1.00E+11 1.00E+12 1.00E+13 1.00E+14 1.00E+15 1.00E+16
 3.38E+00 5.07E+00 8.44E+00 1.69E+01 3.38E+01 8.44E+01 1.69E+02 2.53E+02
 3.38E+02 5.07E+02 8.44E+02 1.69E+03 3.38E+03 5.07E+03
 1.35E-35 4.15E-27 2.33E-20 2.32E-15 6.22E-13 1.41E-11 3.39E-11 4.24E-11
 4.58E-11 4.73E-11 4.50E-11 3.81E-11 3.01E-11 2.57E-11
 1.35E-35 4.15E-27 2.33E-20 2.32E-15 6.22E-13 1.41E-11 3.39E-11 4.24E-11
 4.58E-11 4.73E-11 4.50E-11 3.81E-11 3.01E-11 2.57E-11
 1.35E-35 4.15E-27 2.33E-20 2.32E-15 6.22E-13 1.41E-11 3.39E-11 4.24E-11
 4.58E-11 4.73E-11 4.50E-11 3.81E-11 3.01E-11 2.57E-11
 1.35E-35 4.15E-27 2.33E-20 2.32E-15 6.22E-13 1.41E-11 3.39E-11 4.24E-11
 4.58E-11 4.73E-11 4.50E-11 3.81E-11 3.01E-11 2.57E-11
 1.35E-35 4.15E-27 2.33E-20 2.32E-15 6.22E-13 1.41E-11 3.39E-11 4.24E-11
 4.58E-11 4.73E-11 4.50E-11 3.81E-11 3.01E-11 2.57E-11
 1.36E-35 4.16E-27 2.33E-20 2.33E-15 6.22E-13 1.41E-11 3.39E-11 4.23E-11
 4.58E-11 4.72E-11 4.50E-11 3.80E-11 3.01E-11 2.57E-11
 1.40E-35 4.27E-27 2.39E-20 2.35E-15 6.20E-13 1.39E-11 3.33E-11 4.16E-11
 4.50E-11 4.65E-11 4.44E-11 3.77E-11 2.99E-11 2.56E-11
  78.9133    7  14 /pl=01:ss=13:pb= 1:sz=13/type=excit/ispb = t/isel =   17
 1.00E+10 1.00E+11 1.00E+12 1.00E+13 1.00E+14 1.00E+15 1.00E+16
 3.38E+00 5.07E+00 8.44E+00 1.69E+01 3.38E+01 8.44E+01 1.69E+02 2.53E+02
 3.38E+02 5.07E+02 8.44E+02 1.69E+03 3.38E+03 5.07E+03
 1.57E-30 6.93E-24 1.31E-18 1.03E-14 7.85E-13 8.58E-12 1.60E-11 1.82E-11
 1.87E-11 1.83E-11 1.67E-11 1.39E-11 1.12E-11 9.89E-12
 1.57E-30 6.93E-24 1.31E-18 1.03E-14 7.85E-13 8.58E-12 1.60E-11 1.82E-11
 1.87E-11 1.83E-11 1.67E-11 1.39E-11 1.12E-11 9.89E-12
 1.57E-30 6.93E-24 1.31E-18 1.03E-14 7.85E-13 8.58E-12 1.60E-11 1.82E-11
 1.87E-11 1.83E-11 1.67E-11 1.39E-11 1.12E-11 9.89E-12
 1.57E-30 6.93E-24 1.31E-18 1.03E-14 7.85E-13 8.58E-12 1.60E-11 1.82E-11
 1.87E-11 1.83E-11 1.67E-11 1.39E-11 1.12E-11 9.89E-12
 1.57E-30 6.95E-24 1.31E-18 1.03E-14 7.86E-13 8.58E-12 1.60E-11 1.82E-11
 1.87E-11 1.83E-11 1.67E-11 1.39E-11 1.12E-11 9.89E-12
 1.61E-30 7.07E-24 1.33E-18 1.04E-14 7.90E-13 8.60E-12 1.60E-11 1.82E-11
 1.87E-11 1.83E-11 1.67E-11 1.39E-11 1.12E-11 9.90E-12
 1.94E-30 8.27E-24 1.51E-18 1.13E-14 8.35E-13 8.85E-12 1.64E-11 1.86E-11
 1.90E-11 1.86E-11 1.69E-11 1.41E-11 1.13E-11 9.96E-12
  89.2988    7  14 /pl=01:ss=13:pb= 1:sz=13/type=excit/ispb = t/isel =   18
 1.00E+10 1.00E+11 1.00E+12 1.00E+13 1.00E+14 1.00E+15 1.00E+16
 3.38E+00 5.07E+00 8.44E+00 1.69E+01 3.38E+01 8.44E+01 1.69E+02 2.53E+02
 3.38E+02 5.07E+02 8.44E+02 1.69E+03 3.38E+03 5.07E+03
 5.12E-41 6.73E-31 7.63E-23 7.18E-17 5.85E-14 2.54E-12 7.34E-12 9.69E-12
 1.07E-11 1.13E-11 1.10E-11 9.74E-12 8.39E-12 7.64E-12
 5.12E-41 6.73E-31 7.63E-23 7.18E-17 5.85E-14 2.54E-12 7.34E-12 9.69E-12
 1.07E-11 1.13E-11 1.10E-11 9.74E-12 8.39E-12 7.64E-12
 5.12E-41 6.73E-31 7.63E-23 7.18E-17 5.85E-14 2.54E-12 7.34E-12 9.69E-12
 1.07E-11 1.13E-11 1.10E-11 9.74E-12 8.39E-12 7.64E-12
 5.12E-41 6.73E-31 7.63E-23 7.18E-17 5.85E-14 2.54E-12 7.34E-12 9.69E-12
 1.07E-11 1.13E-11 1.10E-11 9.74E-12 8.39E-12 7.64E-12
 5.13E-41 6.74E-31 7.64E-23 7.18E-17 5.85E-14 2.54E-12 7.34E-12 9.69E-12
 1.07E-11 1.13E-11 1.10E-11 9.74E-12 8.39E-12 7.64E-12
 5.20E-41 6.82E-31 7.70E-23 7.23E-17 5.87E-14 2.54E-12 7.35E-12 9.69E-12
 1.07E-11 1.13E-11 1.10E-11 9.74E-12 8.39E-12 7.63E-12
 5.85E-41 7.53E-31 8.34E-23 7.61E-17 6.04E-14 2.56E-12 7.38E-12 9.72E-12
 1.08E-11 1.13E-11 1.10E-11 9.74E-12 8.36E-12 7.60E-12
  102.561    7  14 /pl=01:ss=13:pb= 1:sz=13/type=excit/ispb = t/isel =   19
 1.00E+10 1.00E+11 1.00E+12 1.00E+13 1.00E+14 1.00E+15 1.00E+16
 3.38E+00 5.07E+00 8.44E+00 1.69E+01 3.38E+01 8.44E+01 1.69E+02 2.53E+02
 3.38E+02 5.07E+02 8.44E+02 1.69E+03 3.38E+03 5.07E+03
 1.00E-74 1.53E-44 3.91E-32 7.29E-23 3.03E-18 1.57E-15 1.08E-14 1.91E-14
 2.45E-14 3.03E-14 3.37E-14 3.33E-14 3.01E-14 2.77E-14
 1.00E-74 1.53E-44 3.91E-32 7.29E-23 3.03E-18 1.57E-15 1.08E-14 1.91E-14
 2.45E-14 3.03E-14 3.37E-14 3.33E-14 3.01E-14 2.77E-14
 1.00E-74 1.53E-44 3.91E-32 7.29E-23 3.03E-18 1.57E-15 1.08E-14 1.91E-14
 2.45E-14 3.03E-14 3.37E-14 3.33E-14 3.01E-14 2.77E-14
 1.00E-74 1.53E-44 3.91E-32 7.29E-23 3.03E-18 1.57E-15 1.08E-14 1.91E-14
 2.45E-14 3.03E-14 3.37E-14 3.33E-14 3.01E-14 2.77E-14
 1.00E-74 1.53E-44 3.91E-32 7.29E-23 3.03E-18 1.56E-15 1.08E-14 1.90E-14
 2.45E-14 3.02E-14 3.37E-14 3.33E-14 3.01E-14 2.77E-14
 1.00E-74 1.53E-44 3.92E-32 7.30E-23 3.03E-18 1.56E-15 1.07E-14 1.90E-14
 2.45E-14 3.02E-14 3.36E-14 3.33E-14 3.01E-14 2.77E-14
 1.00E-74 1.58E-44 4.01E-32 7.37E-23 3.01E-18 1.53E-15 1.05E-14 1.86E-14
 2.39E-14 2.96E-14 3.30E-14 3.28E-14 2.97E-14 2.74E-14
  105.648    7  14 /pl=01:ss=13:pb= 1:sz=13/type=excit/ispb = t/isel =   20
 1.00E+10 1.00E+11 1.00E+12 1.00E+13 1.00E+14 1.00E+15 1.00E+16
 3.38E+00 5.07E+00 8.44E+00 1.69E+01 3.38E+01 8.44E+01 1.69E+02 2.53E+02
 3.38E+02 5.07E+02 8.44E+02 1.69E+03 3.38E+03 5.07E+03
 7.10E-39 1.50E-31 2.46E-24 6.05E-19 1.93E-16 3.18E-15 5.94E-15 6.67E-15
 6.79E-15 6.49E-15 5.78E-15 4.64E-15 3.55E-15 3.00E-15
 3.20E-38 2.46E-31 2.47E-24 6.05E-19 1.93E-16 3.18E-15 5.94E-15 6.67E-15
 6.79E-15 6.49E-15 5.78E-15 4.64E-15 3.55E-15 3.00E-15
 2.81E-37 1.21E-30 2.62E-24 6.06E-19 1.93E-16 3.18E-15 5.94E-15 6.68E-15
 6.79E-15 6.49E-15 5.78E-15 4.64E-15 3.55E-15 3.00E-15
 2.77E-36 1.08E-29 4.12E-24 6.15E-19 1.93E-16 3.18E-15 5.95E-15 6.68E-15
 6.79E-15 6.50E-15 5.79E-15 4.64E-15 3.55E-15 3.00E-15
 2.77E-35 1.07E-28 1.91E-23 7.04E-19 1.98E-16 3.23E-15 6.01E-15 6.75E-15
 6.86E-15 6.56E-15 5.83E-15 4.67E-15 3.57E-15 3.02E-15
 2.77E-34 1.07E-27 1.69E-22 1.60E-18 2.51E-16 3.65E-15 6.68E-15 7.44E-15
 7.54E-15 7.16E-15 6.32E-15 5.00E-15 3.78E-15 3.17E-15
 2.80E-33 1.08E-26 1.68E-21 1.05E-17 7.69E-16 7.81E-15 1.32E-14 1.42E-14
 1.41E-14 1.30E-14 1.10E-14 8.23E-15 5.83E-15 4.72E-15
  106.237    7  14 /pl=01:ss=13:pb= 1:sz=13/type=excit/ispb = t/isel =   21
 1.00E+10 1.00E+11 1.00E+12 1.00E+13 1.00E+14 1.00E+15 1.00E+16
 3.38E+00 5.07E+00 8.44E+00 1.69E+01 3.38E+01 8.44E+01 1.69E+02 2.53E+02
 3.38E+02 5.07E+02 8.44E+02 1.69E+03 3.38E+03 5.07E+03
 4.30E-33 1.90E-26 3.59E-21 2.81E-17 2.15E-15 2.35E-14 4.39E-14 4.99E-14
 5.13E-14 5.01E-14 4.57E-14 3.82E-14 3.08E-14 2.71E-14
 4.30E-33 1.90E-26 3.59E-21 2.81E-17 2.15E-15 2.35E-14 4.39E-14 4.99E-14
 5.13E-14 5.01E-14 4.57E-14 3.82E-14 3.08E-14 2.71E-14
 4.30E-33 1.90E-26 3.59E-21 2.81E-17 2.15E-15 2.35E-14 4.39E-14 4.99E-14
 5.13E-14 5.01E-14 4.57E-14 3.82E-14 3.08E-14 2.71E-14
 4.30E-33 1.90E-26 3.59E-21 2.81E-17 2.15E-15 2.35E-14 4.39E-14 4.99E-14
 5.13E-14 5.01E-14 4.57E-14 3.82E-14 3.08E-14 2.71E-14
 4.31E-33 1.90E-26 3.59E-21 2.82E-17 2.15E-15 2.35E-14 4.39E-14 4.99E-14
 5.13E-14 5.01E-14 4.57E-14 3.82E-14 3.08E-14 2.71E-14
 4.40E-33 1.94E-26 3.64E-21 2.84E-17 2.17E-15 2.36E-14 4.40E-14 5.00E-14
 5.13E-14 5.02E-14 4.58E-14 3.82E-14 3.08E-14 2.71E-14
 5.31E-33 2.27E-26 4.13E-21 3.10E-17 2.29E-15 2.43E-14 4.48E-14 5.08E-14
 5.22E-14 5.09E-14 4.64E-14 3.86E-14 3.11E-14 2.73E-14
  112.548    7  14 /pl=01:ss=13:pb= 1:sz=13/type=excit/ispb = t/isel =   22
 1.00E+10 1.00E+11 1.00E+12 1.00E+13 1.00E+14 1.00E+15 1.00E+16
 3.38E+00 5.07E+00 8.44E+00 1.69E+01 3.38E+01 8.44E+01 1.69E+02 2.53E+02
 3.38E+02 5.07E+02 8.44E+02 1.69E+03 3.38E+03 5.07E+03
 6.38E-37 4.95E-28 5.88E-21 1.04E-15 3.74E-13 1.01E-11 2.51E-11 3.14E-11
 3.38E-11 3.49E-11 3.31E-11 2.89E-11 2.42E-11 2.16E-11
 6.38E-37 4.95E-28 5.88E-21 1.04E-15 3.74E-13 1.01E-11 2.51E-11 3.14E-11
 3.38E-11 3.49E-11 3.31E-11 2.89E-11 2.42E-11 2.16E-11
 6.38E-37 4.95E-28 5.88E-21 1.04E-15 3.74E-13 1.01E-11 2.51E-11 3.14E-11
 3.38E-11 3.49E-11 3.31E-11 2.89E-11 2.42E-11 2.16E-11
 6.38E-37 4.96E-28 5.88E-21 1.04E-15 3.74E-13 1.01E-11 2.51E-11 3.14E-11
 3.38E-11 3.49E-11 3.31E-11 2.89E-11 2.42E-11 2.16E-11
 6.39E-37 4.96E-28 5.89E-21 1.04E-15 3.74E-13 1.01E-11 2.51E-11 3.14E-11
 3.38E-11 3.49E-11 3.31E-11 2.89E-11 2.42E-11 2.16E-11
 6.51E-37 5.04E-28 5.95E-21 1.05E-15 3.75E-13 1.01E-11 2.52E-11 3.14E-11
 3.39E-11 3.49E-11 3.31E-11 2.89E-11 2.42E-11 2.17E-11
 7.60E-37 5.74E-28 6.60E-21 1.12E-15 3.91E-13 1.03E-11 2.54E-11 3.17E-11
 3.41E-11 3.51E-11 3.33E-11 2.90E-11 2.42E-11 2.17E-11
  124.488    7  14 /pl=01:ss=13:pb= 1:sz=13/type=excit/ispb = t/isel =   23
 1.00E+10 1.00E+11 1.00E+12 1.00E+13 1.00E+14 1.00E+15 1.00E+16
 3.38E+00 5.07E+00 8.44E+00 1.69E+01 3.38E+01 8.44E+01 1.69E+02 2.53E+02
 3.38E+02 5.07E+02 8.44E+02 1.69E+03 3.38E+03 5.07E+03
 1.00E-74 1.07E-47 5.52E-34 1.02E-23 1.17E-18 9.99E-16 7.99E-15 1.49E-14
 1.98E-14 2.51E-14 2.87E-14 2.85E-14 2.49E-14 2.21E-14
 1.00E-74 9.08E-48 5.52E-34 1.02E-23 1.17E-18 9.99E-16 7.99E-15 1.49E-14
 1.98E-14 2.51E-14 2.87E-14 2.85E-14 2.49E-14 2.21E-14
 1.00E-74 9.18E-48 5.52E-34 1.02E-23 1.17E-18 9.99E-16 7.99E-15 1.49E-14
 1.98E-14 2.51E-14 2.87E-14 2.85E-14 2.49E-14 2.21E-14
 1.00E-74 9.17E-48 5.52E-34 1.02E-23 1.17E-18 9.99E-16 7.99E-15 1.49E-14
 1.98E-14 2.51E-14 2.87E-14 2.85E-14 2.49E-14 2.21E-14
 1.00E-74 9.17E-48 5.52E-34 1.02E-23 1.17E-18 9.99E-16 7.99E-15 1.49E-14
 1.98E-14 2.51E-14 2.87E-14 2.85E-14 2.49E-14 2.21E-14
 1.00E-74 9.17E-48 5.52E-34 1.02E-23 1.17E-18 9.96E-16 7.97E-15 1.49E-14
 1.97E-14 2.51E-14 2.86E-14 2.84E-14 2.48E-14 2.21E-14
 1.00E-74 9.19E-48 5.52E-34 1.02E-23 1.15E-18 9.72E-16 7.76E-15 1.45E-14
 1.92E-14 2.45E-14 2.80E-14 2.79E-14 2.45E-14 2.18E-14
  124.823    7  14 /pl=01:ss=13:pb= 1:sz=13/type=excit/ispb = t/isel =   24
 1.00E+10 1.00E+11 1.00E+12 1.00E+13 1.00E+14 1.00E+15 1.00E+16
 3.38E+00 5.07E+00 8.44E+00 1.69E+01 3.38E+01 8.44E+01 1.69E+02 2.53E+02
 3.38E+02 5.07E+02 8.44E+02 1.69E+03 3.38E+03 5.07E+03
 7.13E-42 9.38E-32 1.06E-23 1.00E-17 8.15E-15 3.54E-13 1.02E-12 1.35E-12
 1.49E-12 1.57E-12 1.53E-12 1.36E-12 1.17E-12 1.06E-12
 7.13E-42 9.38E-32 1.06E-23 1.00E-17 8.15E-15 3.54E-13 1.02E-12 1.35E-12
 1.49E-12 1.57E-12 1.53E-12 1.36E-12 1.17E-12 1.06E-12
 7.13E-42 9.38E-32 1.06E-23 1.00E-17 8.15E-15 3.54E-13 1.02E-12 1.35E-12
 1.49E-12 1.57E-12 1.53E-12 1.36E-12 1.17E-12 1.06E-12
 7.14E-42 9.38E-32 1.06E-23 1.00E-17 8.15E-15 3.54E-13 1.02E-12 1.35E-12
 1.49E-12 1.57E-12 1.53E-12 1.36E-12 1.17E-12 1.06E-12
 7.15E-42 9.40E-32 1.06E-23 1.00E-17 8.15E-15 3.54E-13 1.02E-12 1.35E-12
 1.49E-12 1.57E-12 1.53E-12 1.36E-12 1.17E-12 1.06E-12
 7.25E-42 9.51E-32 1.07E-23 1.01E-17 8.18E-15 3.54E-13 1.02E-12 1.35E-12
 1.49E-12 1.57E-12 1.53E-12 1.36E-12 1.17E-12 1.06E-12
 8.16E-42 1.05E-31 1.16E-23 1.06E-17 8.41E-15 3.57E-13 1.03E-12 1.36E-12
 1.50E-12 1.58E-12 1.53E-12 1.36E-12 1.17E-12 1.06E-12
  124.833    7  14 /pl=01:ss=13:pb= 1:sz=13/type=excit/ispb = t/isel =   25
 1.00E+10 1.00E+11 1.00E+12 1.00E+13 1.00E+14 1.00E+15 1.00E+16
 3.38E+00 5.07E+00 8.44E+00 1.69E+01 3.38E+01 8.44E+01 1.69E+02 2.53E+02
 3.38E+02 5.07E+02 8.44E+02 1.69E+03 3.38E+03 5.07E+03
 2.78E-25 4.09E-21 8.06E-18 2.05E-15 2.81E-14 1.10E-13 1.48E-13 1.52E-13
 1.48E-13 1.37E-13 1.18E-13 9.24E-14 6.95E-14 5.82E-14
 2.78E-25 4.09E-21 8.06E-18 2.05E-15 2.81E-14 1.10E-13 1.48E-13 1.52E-13
 1.48E-13 1.37E-13 1.18E-13 9.24E-14 6.95E-14 5.82E-14
 2.78E-25 4.09E-21 8.06E-18 2.05E-15 2.81E-14 1.10E-13 1.48E-13 1.52E-13
 1.48E-13 1.37E-13 1.18E-13 9.24E-14 6.95E-14 5.82E-14
 2.78E-25 4.09E-21 8.06E-18 2.05E-15 2.81E-14 1.10E-13 1.48E-13 1.52E-13
 1.48E-13 1.37E-13 1.18E-13 9.24E-14 6.96E-14 5.82E-14
 2.78E-25 4.10E-21 8.07E-18 2.05E-15 2.81E-14 1.10E-13 1.48E-13 1.52E-13
 1.49E-13 1.37E-13 1.18E-13 9.25E-14 6.96E-14 5.82E-14
 2.86E-25 4.20E-21 8.22E-18 2.08E-15 2.84E-14 1.11E-13 1.49E-13 1.53E-13
 1.49E-13 1.38E-13 1.19E-13 9.30E-14 7.00E-14 5.85E-14
 3.62E-25 5.12E-21 9.65E-18 2.33E-15 3.08E-14 1.18E-13 1.57E-13 1.61E-13
 1.57E-13 1.45E-13 1.25E-13 9.79E-14 7.35E-14 6.14E-14
  125.968    7  14 /pl=01:ss=13:pb= 1:sz=13/type=excit/ispb = t/isel =   26
 1.00E+10 1.00E+11 1.00E+12 1.00E+13 1.00E+14 1.00E+15 1.00E+16
 3.38E+00 5.07E+00 8.44E+00 1.69E+01 3.38E+01 8.44E+01 1.69E+02 2.53E+02
 3.38E+02 5.07E+02 8.44E+02 1.69E+03 3.38E+03 5.07E+03
 7.83E-27 5.71E-21 2.55E-16 6.83E-13 3.02E-11 2.36E-10 4.04E-10 4.52E-10
 4.63E-10 4.54E-10 4.14E-10 3.39E-10 2.64E-10 2.24E-10
 7.83E-27 5.71E-21 2.55E-16 6.83E-13 3.02E-11 2.36E-10 4.04E-10 4.52E-10
 4.63E-10 4.54E-10 4.14E-10 3.39E-10 2.64E-10 2.24E-10
 7.83E-27 5.71E-21 2.55E-16 6.83E-13 3.02E-11 2.36E-10 4.04E-10 4.52E-10
 4.63E-10 4.54E-10 4.14E-10 3.39E-10 2.64E-10 2.24E-10
 7.83E-27 5.71E-21 2.55E-16 6.83E-13 3.02E-11 2.36E-10 4.04E-10 4.52E-10
 4.63E-10 4.54E-10 4.14E-10 3.39E-10 2.64E-10 2.24E-10
 7.84E-27 5.71E-21 2.56E-16 6.83E-13 3.02E-11 2.36E-10 4.04E-10 4.52E-10
 4.63E-10 4.54E-10 4.14E-10 3.39E-10 2.64E-10 2.24E-10
 7.87E-27 5.73E-21 2.56E-16 6.84E-13 3.02E-11 2.35E-10 4.03E-10 4.52E-10
 4.62E-10 4.53E-10 4.14E-10 3.39E-10 2.64E-10 2.24E-10
 8.18E-27 5.91E-21 2.63E-16 6.92E-13 3.02E-11 2.32E-10 3.98E-10 4.46E-10
 4.56E-10 4.49E-10 4.11E-10 3.38E-10 2.64E-10 2.24E-10
  127.265    7  14 /pl=01:ss=13:pb= 1:sz=13/type=excit/ispb = t/isel =   27
 1.00E+10 1.00E+11 1.00E+12 1.00E+13 1.00E+14 1.00E+15 1.00E+16
 3.38E+00 5.07E+00 8.44E+00 1.69E+01 3.38E+01 8.44E+01 1.69E+02 2.53E+02
 3.38E+02 5.07E+02 8.44E+02 1.69E+03 3.38E+03 5.07E+03
 4.16E-44 6.10E-35 2.31E-26 5.51E-20 5.03E-17 1.49E-15 3.49E-15 4.36E-15
 4.73E-15 4.96E-15 4.95E-15 4.49E-15 3.79E-15 3.36E-15
 5.63E-44 6.37E-35 2.32E-26 5.51E-20 5.03E-17 1.49E-15 3.49E-15 4.36E-15
 4.73E-15 4.96E-15 4.95E-15 4.49E-15 3.79E-15 3.36E-15
 2.02E-43 9.02E-35 2.32E-26 5.51E-20 5.03E-17 1.49E-15 3.49E-15 4.36E-15
 4.73E-15 4.96E-15 4.95E-15 4.49E-15 3.79E-15 3.36E-15
 1.66E-42 3.56E-34 2.41E-26 5.52E-20 5.04E-17 1.50E-15 3.49E-15 4.36E-15
 4.73E-15 4.96E-15 4.95E-15 4.49E-15 3.79E-15 3.36E-15
 1.63E-41 3.02E-33 3.31E-26 5.57E-20 5.05E-17 1.50E-15 3.49E-15 4.37E-15
 4.74E-15 4.97E-15 4.95E-15 4.50E-15 3.80E-15 3.36E-15
 1.66E-40 3.01E-32 1.24E-25 6.15E-20 5.16E-17 1.51E-15 3.53E-15 4.41E-15
 4.78E-15 5.01E-15 4.99E-15 4.53E-15 3.82E-15 3.38E-15
 2.00E-39 3.52E-31 1.17E-24 1.24E-19 6.40E-17 1.70E-15 3.87E-15 4.80E-15
 5.18E-15 5.40E-15 5.35E-15 4.83E-15 4.05E-15 3.57E-15
  150.218    7  14 /pl=01:ss=13:pb= 1:sz=13/type=excit/ispb = t/isel =   28
 1.00E+10 1.00E+11 1.00E+12 1.00E+13 1.00E+14 1.00E+15 1.00E+16
 3.38E+00 5.07E+00 8.44E+00 1.69E+01 3.38E+01 8.44E+01 1.69E+02 2.53E+02
 3.38E+02 5.07E+02 8.44E+02 1.69E+03 3.38E+03 5.07E+03
 1.00E-74 1.06E-36 2.45E-26 1.25E-18 7.65E-15 1.18E-12 5.46E-12 8.49E-12
 1.02E-11 1.18E-11 1.23E-11 1.13E-11 9.40E-12 8.23E-12
 1.00E-74 1.06E-36 2.45E-26 1.25E-18 7.65E-15 1.18E-12 5.46E-12 8.49E-12
 1.02E-11 1.18E-11 1.23E-11 1.13E-11 9.40E-12 8.23E-12
 1.00E-74 1.06E-36 2.45E-26 1.25E-18 7.65E-15 1.18E-12 5.46E-12 8.49E-12
 1.02E-11 1.18E-11 1.23E-11 1.13E-11 9.40E-12 8.23E-12
 1.00E-74 1.06E-36 2.45E-26 1.25E-18 7.65E-15 1.18E-12 5.46E-12 8.49E-12
 1.02E-11 1.18E-11 1.23E-11 1.13E-11 9.40E-12 8.23E-12
 1.00E-49 1.06E-36 2.45E-26 1.25E-18 7.65E-15 1.18E-12 5.46E-12 8.49E-12
 1.02E-11 1.18E-11 1.23E-11 1.13E-11 9.40E-12 8.23E-12
 1.04E-49 1.06E-36 2.45E-26 1.25E-18 7.63E-15 1.18E-12 5.45E-12 8.47E-12
 1.02E-11 1.18E-11 1.23E-11 1.13E-11 9.39E-12 8.22E-12
 1.04E-49 1.06E-36 2.45E-26 1.24E-18 7.52E-15 1.15E-12 5.31E-12 8.26E-12
 9.96E-12 1.15E-11 1.21E-11 1.11E-11 9.27E-12 8.13E-12
  152.977    7  14 /pl=01:ss=13:pb= 1:sz=13/type=excit/ispb = t/isel =   29
 1.00E+10 1.00E+11 1.00E+12 1.00E+13 1.00E+14 1.00E+15 1.00E+16
 3.38E+00 5.07E+00 8.44E+00 1.69E+01 3.38E+01 8.44E+01 1.69E+02 2.53E+02
 3.38E+02 5.07E+02 8.44E+02 1.69E+03 3.38E+03 5.07E+03
 6.61E-45 8.70E-35 9.86E-27 9.28E-21 7.55E-18 3.28E-16 9.49E-16 1.25E-15
 1.38E-15 1.46E-15 1.42E-15 1.26E-15 1.08E-15 9.87E-16
 6.61E-45 8.70E-35 9.86E-27 9.28E-21 7.55E-18 3.28E-16 9.49E-16 1.25E-15
 1.38E-15 1.46E-15 1.42E-15 1.26E-15 1.08E-15 9.87E-16
 6.61E-45 8.70E-35 9.86E-27 9.28E-21 7.55E-18 3.28E-16 9.49E-16 1.25E-15
 1.38E-15 1.46E-15 1.42E-15 1.26E-15 1.08E-15 9.87E-16
 6.61E-45 8.70E-35 9.86E-27 9.28E-21 7.55E-18 3.28E-16 9.49E-16 1.25E-15
 1.38E-15 1.46E-15 1.42E-15 1.26E-15 1.08E-15 9.87E-16
 6.62E-45 8.71E-35 9.87E-27 9.28E-21 7.56E-18 3.28E-16 9.49E-16 1.25E-15
 1.38E-15 1.46E-15 1.42E-15 1.26E-15 1.08E-15 9.86E-16
 6.72E-45 8.81E-35 9.95E-27 9.34E-21 7.58E-18 3.28E-16 9.49E-16 1.25E-15
 1.39E-15 1.46E-15 1.42E-15 1.26E-15 1.08E-15 9.86E-16
 7.56E-45 9.73E-35 1.08E-26 9.83E-21 7.80E-18 3.31E-16 9.54E-16 1.26E-15
 1.39E-15 1.46E-15 1.42E-15 1.26E-15 1.08E-15 9.81E-16
  161.902    7  14 /pl=01:ss=13:pb= 1:sz=13/type=excit/ispb = t/isel =   30
 1.00E+10 1.00E+11 1.00E+12 1.00E+13 1.00E+14 1.00E+15 1.00E+16
 3.38E+00 5.07E+00 8.44E+00 1.69E+01 3.38E+01 8.44E+01 1.69E+02 2.53E+02
 3.38E+02 5.07E+02 8.44E+02 1.69E+03 3.38E+03 5.07E+03
 1.10E-22 1.62E-18 3.19E-15 8.11E-13 1.11E-11 4.37E-11 5.85E-11 6.02E-11
 5.88E-11 5.42E-11 4.69E-11 3.66E-11 2.76E-11 2.31E-11
 1.10E-22 1.62E-18 3.19E-15 8.11E-13 1.11E-11 4.37E-11 5.85E-11 6.02E-11
 5.88E-11 5.42E-11 4.69E-11 3.66E-11 2.76E-11 2.31E-11
 1.10E-22 1.62E-18 3.19E-15 8.11E-13 1.11E-11 4.37E-11 5.85E-11 6.02E-11
 5.88E-11 5.42E-11 4.69E-11 3.66E-11 2.76E-11 2.31E-11
 1.10E-22 1.62E-18 3.19E-15 8.12E-13 1.11E-11 4.37E-11 5.85E-11 6.02E-11
 5.88E-11 5.42E-11 4.69E-11 3.66E-11 2.76E-11 2.31E-11
 1.10E-22 1.63E-18 3.20E-15 8.13E-13 1.11E-11 4.37E-11 5.85E-11 6.02E-11
 5.88E-11 5.43E-11 4.69E-11 3.66E-11 2.76E-11 2.31E-11
 1.13E-22 1.66E-18 3.26E-15 8.23E-13 1.12E-11 4.40E-11 5.88E-11 6.06E-11
 5.92E-11 5.46E-11 4.72E-11 3.68E-11 2.77E-11 2.32E-11
 1.43E-22 2.03E-18 3.82E-15 9.25E-13 1.22E-11 4.67E-11 6.21E-11 6.38E-11
 6.23E-11 5.75E-11 4.97E-11 3.88E-11 2.91E-11 2.43E-11
  164.219    7  14 /pl=01:ss=13:pb= 1:sz=13/type=excit/ispb = t/isel =   31
 1.00E+10 1.00E+11 1.00E+12 1.00E+13 1.00E+14 1.00E+15 1.00E+16
 3.38E+00 5.07E+00 8.44E+00 1.69E+01 3.38E+01 8.44E+01 1.69E+02 2.53E+02
 3.38E+02 5.07E+02 8.44E+02 1.69E+03 3.38E+03 5.07E+03
 1.52E-40 1.16E-30 8.59E-23 5.86E-17 4.08E-14 1.63E-12 4.73E-12 6.27E-12
 6.96E-12 7.42E-12 7.21E-12 6.20E-12 4.95E-12 4.23E-12
 1.52E-40 1.16E-30 8.59E-23 5.86E-17 4.08E-14 1.63E-12 4.73E-12 6.27E-12
 6.96E-12 7.42E-12 7.21E-12 6.20E-12 4.95E-12 4.23E-12
 1.52E-40 1.16E-30 8.59E-23 5.86E-17 4.08E-14 1.63E-12 4.73E-12 6.27E-12
 6.96E-12 7.42E-12 7.21E-12 6.20E-12 4.95E-12 4.23E-12
 1.52E-40 1.16E-30 8.59E-23 5.86E-17 4.08E-14 1.63E-12 4.73E-12 6.27E-12
 6.96E-12 7.42E-12 7.21E-12 6.20E-12 4.95E-12 4.23E-12
 1.52E-40 1.16E-30 8.59E-23 5.86E-17 4.08E-14 1.63E-12 4.73E-12 6.27E-12
 6.96E-12 7.42E-12 7.21E-12 6.20E-12 4.95E-12 4.23E-12
 1.52E-40 1.16E-30 8.62E-23 5.87E-17 4.09E-14 1.63E-12 4.72E-12 6.26E-12
 6.95E-12 7.41E-12 7.20E-12 6.20E-12 4.94E-12 4.23E-12
 1.58E-40 1.21E-30 8.89E-23 5.99E-17 4.11E-14 1.62E-12 4.66E-12 6.18E-12
 6.86E-12 7.32E-12 7.12E-12 6.15E-12 4.93E-12 4.22E-12
  175.497    7  14 /pl=01:ss=13:pb= 1:sz=13/type=excit/ispb = t/isel =   32
 1.00E+10 1.00E+11 1.00E+12 1.00E+13 1.00E+14 1.00E+15 1.00E+16
 3.38E+00 5.07E+00 8.44E+00 1.69E+01 3.38E+01 8.44E+01 1.69E+02 2.53E+02
 3.38E+02 5.07E+02 8.44E+02 1.69E+03 3.38E+03 5.07E+03
 4.98E-38 3.87E-29 4.59E-22 8.10E-17 2.92E-14 7.86E-13 1.96E-12 2.45E-12
 2.64E-12 2.72E-12 2.59E-12 2.25E-12 1.89E-12 1.69E-12
 4.98E-38 3.87E-29 4.59E-22 8.10E-17 2.92E-14 7.86E-13 1.96E-12 2.45E-12
 2.64E-12 2.72E-12 2.59E-12 2.25E-12 1.89E-12 1.69E-12
 4.98E-38 3.87E-29 4.59E-22 8.10E-17 2.92E-14 7.86E-13 1.96E-12 2.45E-12
 2.64E-12 2.72E-12 2.59E-12 2.25E-12 1.89E-12 1.69E-12
 4.98E-38 3.87E-29 4.59E-22 8.10E-17 2.92E-14 7.86E-13 1.96E-12 2.45E-12
 2.64E-12 2.72E-12 2.59E-12 2.25E-12 1.89E-12 1.69E-12
 4.99E-38 3.87E-29 4.59E-22 8.11E-17 2.92E-14 7.86E-13 1.96E-12 2.45E-12
 2.64E-12 2.72E-12 2.59E-12 2.25E-12 1.89E-12 1.69E-12
 5.08E-38 3.93E-29 4.65E-22 8.17E-17 2.93E-14 7.87E-13 1.96E-12 2.45E-12
 2.64E-12 2.72E-12 2.59E-12 2.25E-12 1.89E-12 1.69E-12
 5.93E-38 4.48E-29 5.15E-22 8.76E-17 3.05E-14 8.01E-13 1.98E-12 2.47E-12
 2.66E-12 2.74E-12 2.60E-12 2.26E-12 1.89E-12 1.69E-12
  201.988    7  14 /pl=01:ss=13:pb= 1:sz=13/type=excit/ispb = t/isel =   33
 1.00E+10 1.00E+11 1.00E+12 1.00E+13 1.00E+14 1.00E+15 1.00E+16
 3.38E+00 5.07E+00 8.44E+00 1.69E+01 3.38E+01 8.44E+01 1.69E+02 2.53E+02
 3.38E+02 5.07E+02 8.44E+02 1.69E+03 3.38E+03 5.07E+03
 1.00E-74 5.14E-35 1.19E-24 6.06E-17 3.71E-13 5.75E-11 2.65E-10 4.12E-10
 4.97E-10 5.73E-10 5.98E-10 5.48E-10 4.56E-10 3.99E-10
 1.00E-74 5.14E-35 1.19E-24 6.06E-17 3.71E-13 5.75E-11 2.65E-10 4.12E-10
 4.97E-10 5.73E-10 5.98E-10 5.48E-10 4.56E-10 3.99E-10
 1.00E-74 5.14E-35 1.19E-24 6.06E-17 3.71E-13 5.75E-11 2.65E-10 4.12E-10
 4.97E-10 5.73E-10 5.98E-10 5.48E-10 4.56E-10 3.99E-10
 1.00E-74 5.14E-35 1.19E-24 6.06E-17 3.71E-13 5.75E-11 2.65E-10 4.12E-10
 4.96E-10 5.73E-10 5.98E-10 5.48E-10 4.56E-10 3.99E-10
 4.88E-48 5.14E-35 1.19E-24 6.06E-17 3.71E-13 5.75E-11 2.65E-10 4.12E-10
 4.96E-10 5.73E-10 5.98E-10 5.47E-10 4.56E-10 3.99E-10
 5.04E-48 5.15E-35 1.19E-24 6.06E-17 3.71E-13 5.73E-11 2.64E-10 4.11E-10
 4.95E-10 5.71E-10 5.97E-10 5.47E-10 4.56E-10 3.99E-10
 5.07E-48 5.16E-35 1.19E-24 6.03E-17 3.65E-13 5.59E-11 2.58E-10 4.01E-10
 4.83E-10 5.59E-10 5.85E-10 5.38E-10 4.50E-10 3.94E-10
  208.356    7  14 /pl=01:ss=13:pb= 1:sz=13/type=excit/ispb = t/isel =   34
 1.00E+10 1.00E+11 1.00E+12 1.00E+13 1.00E+14 1.00E+15 1.00E+16
 3.38E+00 5.07E+00 8.44E+00 1.69E+01 3.38E+01 8.44E+01 1.69E+02 2.53E+02
 3.38E+02 5.07E+02 8.44E+02 1.69E+03 3.38E+03 5.07E+03
 1.00E-74 4.72E-41 1.21E-28 2.25E-19 9.38E-15 4.84E-12 3.33E-11 5.89E-11
 7.58E-11 9.35E-11 1.04E-10 1.03E-10 9.30E-11 8.57E-11
 1.00E-74 4.72E-41 1.21E-28 2.25E-19 9.38E-15 4.84E-12 3.33E-11 5.89E-11
 7.58E-11 9.35E-11 1.04E-10 1.03E-10 9.30E-11 8.57E-11
 1.00E-74 4.72E-41 1.21E-28 2.25E-19 9.38E-15 4.84E-12 3.33E-11 5.89E-11
 7.58E-11 9.35E-11 1.04E-10 1.03E-10 9.30E-11 8.57E-11
 1.00E-74 4.72E-41 1.21E-28 2.25E-19 9.38E-15 4.84E-12 3.33E-11 5.89E-11
 7.58E-11 9.35E-11 1.04E-10 1.03E-10 9.30E-11 8.57E-11
 1.00E-74 4.72E-41 1.21E-28 2.25E-19 9.37E-15 4.83E-12 3.33E-11 5.89E-11
 7.57E-11 9.35E-11 1.04E-10 1.03E-10 9.30E-11 8.57E-11
 1.00E-74 4.74E-41 1.21E-28 2.25E-19 9.37E-15 4.83E-12 3.32E-11 5.87E-11
 7.56E-11 9.33E-11 1.04E-10 1.03E-10 9.29E-11 8.56E-11
 1.00E-74 4.89E-41 1.24E-28 2.28E-19 9.31E-15 4.74E-12 3.25E-11 5.75E-11
 7.40E-11 9.14E-11 1.02E-10 1.01E-10 9.17E-11 8.46E-11
  210.459    7  14 /pl=01:ss=13:pb= 1:sz=13/type=excit/ispb = t/isel =   35
 1.00E+10 1.00E+11 1.00E+12 1.00E+13 1.00E+14 1.00E+15 1.00E+16
 3.38E+00 5.07E+00 8.44E+00 1.69E+01 3.38E+01 8.44E+01 1.69E+02 2.53E+02
 3.38E+02 5.07E+02 8.44E+02 1.69E+03 3.38E+03 5.07E+03
 5.50E-21 8.11E-17 1.60E-13 4.06E-11 5.56E-10 2.18E-09 2.92E-09 3.01E-09
 2.94E-09 2.71E-09 2.34E-09 1.83E-09 1.38E-09 1.15E-09
 5.50E-21 8.11E-17 1.60E-13 4.06E-11 5.56E-10 2.18E-09 2.92E-09 3.01E-09
 2.94E-09 2.71E-09 2.34E-09 1.83E-09 1.38E-09 1.15E-09
 5.50E-21 8.11E-17 1.60E-13 4.06E-11 5.56E-10 2.18E-09 2.92E-09 3.01E-09
 2.94E-09 2.71E-09 2.34E-09 1.83E-09 1.38E-09 1.15E-09
 5.50E-21 8.11E-17 1.60E-13 4.06E-11 5.57E-10 2.18E-09 2.92E-09 3.01E-09
 2.94E-09 2.71E-09 2.34E-09 1.83E-09 1.38E-09 1.15E-09
 5.52E-21 8.13E-17 1.60E-13 4.06E-11 5.57E-10 2.19E-09 2.93E-09 3.01E-09
 2.94E-09 2.71E-09 2.35E-09 1.83E-09 1.38E-09 1.15E-09
 5.67E-21 8.31E-17 1.63E-13 4.11E-11 5.62E-10 2.20E-09 2.94E-09 3.03E-09
 2.96E-09 2.73E-09 2.36E-09 1.84E-09 1.39E-09 1.16E-09
 7.17E-21 1.01E-16 1.91E-13 4.62E-11 6.11E-10 2.33E-09 3.10E-09 3.19E-09
 3.12E-09 2.87E-09 2.49E-09 1.94E-09 1.46E-09 1.22E-09
  212.140    7  14 /pl=01:ss=13:pb= 1:sz=13/type=excit/ispb = t/isel =   36
 1.00E+10 1.00E+11 1.00E+12 1.00E+13 1.00E+14 1.00E+15 1.00E+16
 3.38E+00 5.07E+00 8.44E+00 1.69E+01 3.38E+01 8.44E+01 1.69E+02 2.53E+02
 3.38E+02 5.07E+02 8.44E+02 1.69E+03 3.38E+03 5.07E+03
 2.36E-35 4.96E-28 8.15E-21 2.01E-15 6.39E-13 1.05E-11 1.97E-11 2.21E-11
 2.25E-11 2.15E-11 1.92E-11 1.54E-11 1.18E-11 9.96E-12
 1.06E-34 8.16E-28 8.20E-21 2.01E-15 6.39E-13 1.05E-11 1.97E-11 2.21E-11
 2.25E-11 2.15E-11 1.92E-11 1.54E-11 1.18E-11 9.96E-12
 9.34E-34 4.01E-27 8.69E-21 2.01E-15 6.39E-13 1.05E-11 1.97E-11 2.21E-11
 2.25E-11 2.15E-11 1.92E-11 1.54E-11 1.18E-11 9.96E-12
 9.21E-33 3.60E-26 1.37E-20 2.04E-15 6.41E-13 1.06E-11 1.97E-11 2.22E-11
 2.25E-11 2.16E-11 1.92E-11 1.54E-11 1.18E-11 9.97E-12
 9.19E-32 3.55E-25 6.34E-20 2.34E-15 6.58E-13 1.07E-11 1.99E-11 2.24E-11
 2.28E-11 2.18E-11 1.94E-11 1.55E-11 1.19E-11 1.00E-11
 9.20E-31 3.55E-24 5.62E-19 5.30E-15 8.33E-13 1.21E-11 2.22E-11 2.47E-11
 2.50E-11 2.37E-11 2.10E-11 1.66E-11 1.25E-11 1.05E-11
 9.30E-30 3.58E-23 5.58E-18 3.48E-14 2.55E-12 2.59E-11 4.38E-11 4.71E-11
 4.69E-11 4.33E-11 3.67E-11 2.73E-11 1.93E-11 1.56E-11
  214.527    7  14 /pl=01:ss=13:pb= 1:sz=13/type=excit/ispb = t/isel =   37
 1.00E+10 1.00E+11 1.00E+12 1.00E+13 1.00E+14 1.00E+15 1.00E+16
 3.38E+00 5.07E+00 8.44E+00 1.69E+01 3.38E+01 8.44E+01 1.69E+02 2.53E+02
 3.38E+02 5.07E+02 8.44E+02 1.69E+03 3.38E+03 5.07E+03
 1.52E-29 6.72E-23 1.27E-17 9.95E-14 7.61E-12 8.32E-11 1.55E-10 1.76E-10
 1.81E-10 1.77E-10 1.62E-10 1.35E-10 1.09E-10 9.59E-11
 1.52E-29 6.72E-23 1.27E-17 9.95E-14 7.61E-12 8.32E-11 1.55E-10 1.76E-10
 1.81E-10 1.77E-10 1.62E-10 1.35E-10 1.09E-10 9.59E-11
 1.52E-29 6.72E-23 1.27E-17 9.95E-14 7.61E-12 8.32E-11 1.55E-10 1.76E-10
 1.81E-10 1.77E-10 1.62E-10 1.35E-10 1.09E-10 9.59E-11
 1.52E-29 6.72E-23 1.27E-17 9.96E-14 7.61E-12 8.32E-11 1.55E-10 1.76E-10
 1.81E-10 1.77E-10 1.62E-10 1.35E-10 1.09E-10 9.59E-11
 1.52E-29 6.73E-23 1.27E-17 9.96E-14 7.62E-12 8.32E-11 1.55E-10 1.77E-10
 1.81E-10 1.77E-10 1.62E-10 1.35E-10 1.09E-10 9.59E-11
 1.56E-29 6.85E-23 1.29E-17 1.01E-13 7.66E-12 8.34E-11 1.55E-10 1.77E-10
 1.82E-10 1.78E-10 1.62E-10 1.35E-10 1.09E-10 9.60E-11
 1.88E-29 8.02E-23 1.46E-17 1.10E-13 8.10E-12 8.58E-11 1.59E-10 1.80E-10
 1.85E-10 1.80E-10 1.64E-10 1.37E-10 1.10E-10 9.66E-11
  219.028    7  14 /pl=01:ss=13:pb= 1:sz=13/type=excit/ispb = t/isel =   38
 1.00E+10 1.00E+11 1.00E+12 1.00E+13 1.00E+14 1.00E+15 1.00E+16
 3.38E+00 5.07E+00 8.44E+00 1.69E+01 3.38E+01 8.44E+01 1.69E+02 2.53E+02
 3.38E+02 5.07E+02 8.44E+02 1.69E+03 3.38E+03 5.07E+03
 3.11E-31 2.85E-25 2.95E-19 8.33E-15 8.21E-13 6.15E-12 8.37E-12 8.26E-12
 7.74E-12 6.63E-12 5.19E-12 3.49E-12 2.27E-12 1.74E-12
 3.77E-31 2.92E-25 2.95E-19 8.33E-15 8.21E-13 6.15E-12 8.37E-12 8.26E-12
 7.74E-12 6.63E-12 5.19E-12 3.49E-12 2.27E-12 1.74E-12
 1.04E-30 3.66E-25 2.96E-19 8.33E-15 8.21E-13 6.15E-12 8.37E-12 8.26E-12
 7.74E-12 6.63E-12 5.19E-12 3.49E-12 2.27E-12 1.74E-12
 7.64E-30 1.11E-24 3.02E-19 8.33E-15 8.21E-13 6.15E-12 8.37E-12 8.26E-12
 7.74E-12 6.63E-12 5.19E-12 3.49E-12 2.27E-12 1.74E-12
 7.38E-29 8.54E-24 3.71E-19 8.39E-15 8.23E-13 6.16E-12 8.38E-12 8.26E-12
 7.75E-12 6.64E-12 5.19E-12 3.50E-12 2.27E-12 1.75E-12
 7.42E-28 8.35E-23 1.06E-18 8.98E-15 8.39E-13 6.23E-12 8.47E-12 8.35E-12
 7.83E-12 6.71E-12 5.24E-12 3.53E-12 2.29E-12 1.76E-12
 8.14E-27 9.00E-22 8.46E-18 1.51E-14 1.01E-12 6.98E-12 9.35E-12 9.18E-12
 8.60E-12 7.36E-12 5.74E-12 3.85E-12 2.49E-12 1.90E-12
  236.761    7  14 /pl=01:ss=13:pb= 1:sz=13/type=excit/ispb = t/isel =   39
 1.00E+10 1.00E+11 1.00E+12 1.00E+13 1.00E+14 1.00E+15 1.00E+16
 3.38E+00 5.07E+00 8.44E+00 1.69E+01 3.38E+01 8.44E+01 1.69E+02 2.53E+02
 3.38E+02 5.07E+02 8.44E+02 1.69E+03 3.38E+03 5.07E+03
 6.59E-41 5.12E-32 6.07E-25 1.07E-19 3.86E-17 1.04E-15 2.59E-15 3.24E-15
 3.49E-15 3.60E-15 3.42E-15 2.98E-15 2.50E-15 2.24E-15
 6.59E-41 5.12E-32 6.07E-25 1.07E-19 3.86E-17 1.04E-15 2.59E-15 3.24E-15
 3.49E-15 3.60E-15 3.42E-15 2.98E-15 2.50E-15 2.24E-15
 6.59E-41 5.12E-32 6.07E-25 1.07E-19 3.86E-17 1.04E-15 2.59E-15 3.24E-15
 3.49E-15 3.60E-15 3.42E-15 2.98E-15 2.50E-15 2.24E-15
 6.59E-41 5.12E-32 6.07E-25 1.07E-19 3.86E-17 1.04E-15 2.59E-15 3.24E-15
 3.49E-15 3.60E-15 3.42E-15 2.98E-15 2.50E-15 2.24E-15
 6.60E-41 5.12E-32 6.08E-25 1.07E-19 3.86E-17 1.04E-15 2.59E-15 3.24E-15
 3.49E-15 3.60E-15 3.42E-15 2.98E-15 2.50E-15 2.24E-15
 6.72E-41 5.20E-32 6.15E-25 1.08E-19 3.88E-17 1.04E-15 2.60E-15 3.24E-15
 3.50E-15 3.60E-15 3.42E-15 2.98E-15 2.50E-15 2.24E-15
 7.85E-41 5.93E-32 6.82E-25 1.16E-19 4.04E-17 1.06E-15 2.62E-15 3.27E-15
 3.52E-15 3.62E-15 3.44E-15 2.99E-15 2.50E-15 2.24E-15
  289.034    7  14 /pl=01:ss=13:pb= 1:sz=13/type=excit/ispb = t/isel =   40
 1.00E+10 1.00E+11 1.00E+12 1.00E+13 1.00E+14 1.00E+15 1.00E+16
 3.38E+00 5.07E+00 8.44E+00 1.69E+01 3.38E+01 8.44E+01 1.69E+02 2.53E+02
 3.38E+02 5.07E+02 8.44E+02 1.69E+03 3.38E+03 5.07E+03
 8.32E-36 2.55E-27 1.43E-20 1.43E-15 3.83E-13 8.69E-12 2.09E-11 2.61E-11
 2.82E-11 2.91E-11 2.77E-11 2.34E-11 1.85E-11 1.58E-11
 8.32E-36 2.55E-27 1.43E-20 1.43E-15 3.83E-13 8.69E-12 2.09E-11 2.61E-11
 2.82E-11 2.91E-11 2.77E-11 2.34E-11 1.85E-11 1.58E-11
 8.32E-36 2.55E-27 1.43E-20 1.43E-15 3.83E-13 8.69E-12 2.09E-11 2.61E-11
 2.82E-11 2.91E-11 2.77E-11 2.34E-11 1.85E-11 1.58E-11
 8.32E-36 2.55E-27 1.43E-20 1.43E-15 3.83E-13 8.69E-12 2.09E-11 2.61E-11
 2.82E-11 2.91E-11 2.77E-11 2.34E-11 1.85E-11 1.58E-11
 8.32E-36 2.55E-27 1.43E-20 1.43E-15 3.83E-13 8.69E-12 2.09E-11 2.61E-11
 2.82E-11 2.91E-11 2.77E-11 2.34E-11 1.85E-11 1.58E-11
 8.35E-36 2.56E-27 1.44E-20 1.43E-15 3.83E-13 8.68E-12 2.08E-11 2.60E-11
 2.82E-11 2.91E-11 2.77E-11 2.34E-11 1.85E-11 1.58E-11
 8.62E-36 2.63E-27 1.47E-20 1.45E-15 3.82E-13 8.55E-12 2.05E-11 2.56E-11
 2.77E-11 2.86E-11 2.73E-11 2.32E-11 1.84E-11 1.58E-11
  291.196    7  14 /pl=01:ss=13:pb= 1:sz=13/type=excit/ispb = t/isel =   41
 1.00E+10 1.00E+11 1.00E+12 1.00E+13 1.00E+14 1.00E+15 1.00E+16
 3.38E+00 5.07E+00 8.44E+00 1.69E+01 3.38E+01 8.44E+01 1.69E+02 2.53E+02
 3.38E+02 5.07E+02 8.44E+02 1.69E+03 3.38E+03 5.07E+03
 3.61E-23 1.24E-19 1.49E-15 1.51E-12 2.96E-11 9.33E-11 1.03E-10 9.78E-11
 9.13E-11 7.97E-11 6.53E-11 4.81E-11 3.42E-11 2.80E-11
 4.38E-23 1.28E-19 1.49E-15 1.51E-12 2.96E-11 9.33E-11 1.03E-10 9.78E-11
 9.13E-11 7.97E-11 6.53E-11 4.81E-11 3.42E-11 2.80E-11
 1.20E-22 1.60E-19 1.49E-15 1.51E-12 2.96E-11 9.33E-11 1.03E-10 9.78E-11
 9.13E-11 7.97E-11 6.53E-11 4.81E-11 3.42E-11 2.80E-11
 8.86E-22 4.84E-19 1.53E-15 1.51E-12 2.96E-11 9.33E-11 1.03E-10 9.78E-11
 9.13E-11 7.97E-11 6.53E-11 4.81E-11 3.42E-11 2.80E-11
 8.54E-21 3.72E-18 1.87E-15 1.52E-12 2.97E-11 9.34E-11 1.03E-10 9.78E-11
 9.14E-11 7.98E-11 6.53E-11 4.81E-11 3.43E-11 2.80E-11
 8.49E-20 3.60E-17 5.31E-15 1.62E-12 3.02E-11 9.41E-11 1.04E-10 9.84E-11
 9.20E-11 8.02E-11 6.57E-11 4.84E-11 3.44E-11 2.81E-11
 8.29E-19 3.52E-16 3.91E-14 2.57E-12 3.46E-11 1.01E-10 1.10E-10 1.04E-10
 9.74E-11 8.49E-11 6.95E-11 5.11E-11 3.63E-11 2.96E-11
  306.824    7  14 /pl=01:ss=13:pb= 1:sz=13/type=excit/ispb = t/isel =   42
 1.00E+10 1.00E+11 1.00E+12 1.00E+13 1.00E+14 1.00E+15 1.00E+16
 3.38E+00 5.07E+00 8.44E+00 1.69E+01 3.38E+01 8.44E+01 1.69E+02 2.53E+02
 3.38E+02 5.07E+02 8.44E+02 1.69E+03 3.38E+03 5.07E+03
 1.32E-12 5.85E-11 1.11E-09 8.84E-09 2.22E-08 3.41E-08 3.59E-08 3.49E-08
 3.40E-08 3.17E-08 2.84E-08 2.39E-08 1.95E-08 1.72E-08
 1.32E-12 5.85E-11 1.11E-09 8.84E-09 2.22E-08 3.41E-08 3.59E-08 3.49E-08
 3.40E-08 3.17E-08 2.84E-08 2.39E-08 1.95E-08 1.72E-08
 1.32E-12 5.85E-11 1.11E-09 8.84E-09 2.22E-08 3.41E-08 3.59E-08 3.49E-08
 3.40E-08 3.17E-08 2.84E-08 2.39E-08 1.95E-08 1.72E-08
 1.32E-12 5.85E-11 1.11E-09 8.84E-09 2.22E-08 3.41E-08 3.59E-08 3.49E-08
 3.40E-08 3.17E-08 2.84E-08 2.39E-08 1.95E-08 1.72E-08
 1.32E-12 5.85E-11 1.11E-09 8.84E-09 2.22E-08 3.40E-08 3.59E-08 3.49E-08
 3.39E-08 3.17E-08 2.84E-08 2.39E-08 1.95E-08 1.72E-08
 1.32E-12 5.84E-11 1.11E-09 8.83E-09 2.21E-08 3.39E-08 3.58E-08 3.48E-08
 3.38E-08 3.16E-08 2.83E-08 2.38E-08 1.95E-08 1.72E-08
 1.31E-12 5.78E-11 1.10E-09 8.72E-09 2.17E-08 3.30E-08 3.47E-08 3.38E-08
 3.29E-08 3.08E-08 2.77E-08 2.33E-08 1.92E-08 1.69E-08
  309.271    7  14 /pl=01:ss=13:pb= 1:sz=13/type=excit/ispb = t/isel =   43
 1.00E+10 1.00E+11 1.00E+12 1.00E+13 1.00E+14 1.00E+15 1.00E+16
 3.38E+00 5.07E+00 8.44E+00 1.69E+01 3.38E+01 8.44E+01 1.69E+02 2.53E+02
 3.38E+02 5.07E+02 8.44E+02 1.69E+03 3.38E+03 5.07E+03
 1.00E-74 2.09E-44 1.08E-30 2.00E-20 2.29E-15 1.96E-12 1.56E-11 2.92E-11
 3.87E-11 4.92E-11 5.62E-11 5.58E-11 4.87E-11 4.34E-11
 1.00E-74 1.78E-44 1.08E-30 2.00E-20 2.29E-15 1.96E-12 1.56E-11 2.92E-11
 3.87E-11 4.92E-11 5.62E-11 5.58E-11 4.87E-11 4.34E-11
 1.00E-74 1.80E-44 1.08E-30 2.00E-20 2.29E-15 1.96E-12 1.56E-11 2.92E-11
 3.87E-11 4.92E-11 5.62E-11 5.58E-11 4.87E-11 4.34E-11
 1.00E-74 1.79E-44 1.08E-30 2.00E-20 2.29E-15 1.96E-12 1.56E-11 2.92E-11
 3.87E-11 4.92E-11 5.62E-11 5.58E-11 4.87E-11 4.34E-11
 1.00E-74 1.80E-44 1.08E-30 2.00E-20 2.29E-15 1.96E-12 1.56E-11 2.92E-11
 3.87E-11 4.92E-11 5.62E-11 5.58E-11 4.87E-11 4.34E-11
 1.00E-74 1.80E-44 1.08E-30 2.00E-20 2.29E-15 1.95E-12 1.56E-11 2.91E-11
 3.86E-11 4.91E-11 5.61E-11 5.57E-11 4.87E-11 4.33E-11
 1.00E-74 1.80E-44 1.08E-30 1.99E-20 2.25E-15 1.90E-12 1.52E-11 2.84E-11
 3.76E-11 4.79E-11 5.49E-11 5.47E-11 4.79E-11 4.27E-11
  313.776    7  14 /pl=01:ss=13:pb= 1:sz=13/type=excit/ispb = t/isel =   44
 1.00E+10 1.00E+11 1.00E+12 1.00E+13 1.00E+14 1.00E+15 1.00E+16
 3.38E+00 5.07E+00 8.44E+00 1.69E+01 3.38E+01 8.44E+01 1.69E+02 2.53E+02
 3.38E+02 5.07E+02 8.44E+02 1.69E+03 3.38E+03 5.07E+03
 3.52E-32 2.57E-26 1.15E-21 3.07E-18 1.36E-16 1.06E-15 1.82E-15 2.04E-15
 2.08E-15 2.04E-15 1.86E-15 1.52E-15 1.19E-15 1.01E-15
 3.52E-32 2.57E-26 1.15E-21 3.07E-18 1.36E-16 1.06E-15 1.82E-15 2.04E-15
 2.08E-15 2.04E-15 1.86E-15 1.52E-15 1.19E-15 1.01E-15
 3.52E-32 2.57E-26 1.15E-21 3.07E-18 1.36E-16 1.06E-15 1.82E-15 2.04E-15
 2.08E-15 2.04E-15 1.86E-15 1.52E-15 1.19E-15 1.01E-15
 3.52E-32 2.57E-26 1.15E-21 3.07E-18 1.36E-16 1.06E-15 1.82E-15 2.04E-15
 2.08E-15 2.04E-15 1.86E-15 1.52E-15 1.19E-15 1.01E-15
 3.53E-32 2.57E-26 1.15E-21 3.07E-18 1.36E-16 1.06E-15 1.82E-15 2.04E-15
 2.08E-15 2.04E-15 1.86E-15 1.52E-15 1.19E-15 1.01E-15
 3.54E-32 2.58E-26 1.15E-21 3.08E-18 1.36E-16 1.06E-15 1.82E-15 2.03E-15
 2.08E-15 2.04E-15 1.86E-15 1.52E-15 1.19E-15 1.01E-15
 3.68E-32 2.66E-26 1.18E-21 3.11E-18 1.36E-16 1.05E-15 1.79E-15 2.01E-15
 2.05E-15 2.02E-15 1.85E-15 1.52E-15 1.19E-15 1.01E-15
  318.091    7  14 /pl=01:ss=13:pb= 1:sz=13/type=excit/ispb = t/isel =   45
 1.00E+10 1.00E+11 1.00E+12 1.00E+13 1.00E+14 1.00E+15 1.00E+16
 3.38E+00 5.07E+00 8.44E+00 1.69E+01 3.38E+01 8.44E+01 1.69E+02 2.53E+02
 3.38E+02 5.07E+02 8.44E+02 1.69E+03 3.38E+03 5.07E+03
 8.19E-41 1.20E-31 4.55E-23 1.08E-16 9.90E-14 2.94E-12 6.86E-12 8.58E-12
 9.30E-12 9.76E-12 9.73E-12 8.84E-12 7.46E-12 6.61E-12
 1.11E-40 1.25E-31 4.55E-23 1.08E-16 9.90E-14 2.94E-12 6.86E-12 8.58E-12
 9.30E-12 9.76E-12 9.73E-12 8.84E-12 7.46E-12 6.61E-12
 3.98E-40 1.77E-31 4.57E-23 1.08E-16 9.90E-14 2.94E-12 6.86E-12 8.58E-12
 9.30E-12 9.76E-12 9.73E-12 8.84E-12 7.46E-12 6.61E-12
 3.27E-39 7.00E-31 4.75E-23 1.08E-16 9.90E-14 2.94E-12 6.86E-12 8.58E-12
 9.30E-12 9.76E-12 9.73E-12 8.84E-12 7.46E-12 6.61E-12
 3.21E-38 5.93E-30 6.51E-23 1.10E-16 9.92E-14 2.94E-12 6.87E-12 8.59E-12
 9.31E-12 9.77E-12 9.73E-12 8.84E-12 7.46E-12 6.61E-12
 3.27E-37 5.92E-29 2.44E-22 1.21E-16 1.02E-13 2.98E-12 6.93E-12 8.67E-12
 9.39E-12 9.84E-12 9.81E-12 8.90E-12 7.51E-12 6.65E-12
 3.94E-36 6.92E-28 2.29E-21 2.44E-16 1.26E-13 3.34E-12 7.61E-12 9.43E-12
 1.02E-11 1.06E-11 1.05E-11 9.50E-12 7.96E-12 7.03E-12
  324.977    7  14 /pl=01:ss=13:pb= 1:sz=13/type=excit/ispb = t/isel =   46
 1.00E+10 1.00E+11 1.00E+12 1.00E+13 1.00E+14 1.00E+15 1.00E+16
 3.38E+00 5.07E+00 8.44E+00 1.69E+01 3.38E+01 8.44E+01 1.69E+02 2.53E+02
 3.38E+02 5.07E+02 8.44E+02 1.69E+03 3.38E+03 5.07E+03
 2.06E-42 2.71E-32 3.07E-24 2.89E-18 2.36E-15 1.02E-13 2.96E-13 3.90E-13
 4.32E-13 4.55E-13 4.41E-13 3.93E-13 3.38E-13 3.08E-13
 2.06E-42 2.71E-32 3.07E-24 2.89E-18 2.36E-15 1.02E-13 2.96E-13 3.90E-13
 4.32E-13 4.55E-13 4.41E-13 3.93E-13 3.38E-13 3.08E-13
 2.06E-42 2.71E-32 3.07E-24 2.89E-18 2.36E-15 1.02E-13 2.96E-13 3.90E-13
 4.32E-13 4.55E-13 4.41E-13 3.93E-13 3.38E-13 3.08E-13
 2.06E-42 2.71E-32 3.07E-24 2.89E-18 2.36E-15 1.02E-13 2.96E-13 3.90E-13
 4.32E-13 4.55E-13 4.41E-13 3.93E-13 3.38E-13 3.08E-13
 2.07E-42 2.72E-32 3.08E-24 2.89E-18 2.36E-15 1.02E-13 2.96E-13 3.90E-13
 4.32E-13 4.55E-13 4.41E-13 3.93E-13 3.38E-13 3.08E-13
 2.10E-42 2.75E-32 3.10E-24 2.91E-18 2.36E-15 1.02E-13 2.96E-13 3.91E-13
 4.32E-13 4.55E-13 4.42E-13 3.93E-13 3.38E-13 3.08E-13
 2.36E-42 3.03E-32 3.36E-24 3.07E-18 2.43E-15 1.03E-13 2.97E-13 3.92E-13
 4.33E-13 4.56E-13 4.43E-13 3.93E-13 3.37E-13 3.06E-13
  535.977    7  14 /pl=01:ss=13:pb= 1:sz=13/type=excit/ispb = t/isel =   47
 1.00E+10 1.00E+11 1.00E+12 1.00E+13 1.00E+14 1.00E+15 1.00E+16
 3.38E+00 5.07E+00 8.44E+00 1.69E+01 3.38E+01 8.44E+01 1.69E+02 2.53E+02
 3.38E+02 5.07E+02 8.44E+02 1.69E+03 3.38E+03 5.07E+03
 1.20E-40 9.20E-31 6.81E-23 4.64E-17 3.24E-14 1.29E-12 3.75E-12 4.97E-12
 5.52E-12 5.89E-12 5.72E-12 4.92E-12 3.92E-12 3.35E-12
 1.20E-40 9.20E-31 6.81E-23 4.64E-17 3.24E-14 1.29E-12 3.75E-12 4.97E-12
 5.52E-12 5.89E-12 5.72E-12 4.92E-12 3.92E-12 3.35E-12
 1.20E-40 9.20E-31 6.81E-23 4.64E-17 3.24E-14 1.29E-12 3.75E-12 4.97E-12
 5.52E-12 5.89E-12 5.72E-12 4.92E-12 3.92E-12 3.35E-12
 1.20E-40 9.20E-31 6.81E-23 4.64E-17 3.24E-14 1.29E-12 3.75E-12 4.97E-12
 5.52E-12 5.89E-12 5.72E-12 4.92E-12 3.92E-12 3.35E-12
 1.20E-40 9.20E-31 6.82E-23 4.65E-17 3.24E-14 1.29E-12 3.75E-12 4.97E-12
 5.52E-12 5.89E-12 5.72E-12 4.92E-12 3.92E-12 3.35E-12
 1.21E-40 9.23E-31 6.84E-23 4.65E-17 3.24E-14 1.29E-12 3.74E-12 4.97E-12
 5.51E-12 5.88E-12 5.71E-12 4.91E-12 3.92E-12 3.35E-12
 1.26E-40 9.57E-31 7.05E-23 4.75E-17 3.26E-14 1.28E-12 3.70E-12 4.90E-12
 5.44E-12 5.81E-12 5.65E-12 4.88E-12 3.91E-12 3.35E-12
  678.228    7  14 /pl=01:ss=13:pb= 1:sz=13/type=excit/ispb = t/isel =   48
 1.00E+10 1.00E+11 1.00E+12 1.00E+13 1.00E+14 1.00E+15 1.00E+16
 3.38E+00 5.07E+00 8.44E+00 1.69E+01 3.38E+01 8.44E+01 1.69E+02 2.53E+02
 3.38E+02 5.07E+02 8.44E+02 1.69E+03 3.38E+03 5.07E+03
 1.80E-30 7.95E-24 1.50E-18 1.18E-14 9.01E-13 9.84E-12 1.84E-11 2.09E-11
 2.15E-11 2.10E-11 1.91E-11 1.60E-11 1.29E-11 1.14E-11
 1.80E-30 7.95E-24 1.50E-18 1.18E-14 9.01E-13 9.84E-12 1.84E-11 2.09E-11
 2.15E-11 2.10E-11 1.91E-11 1.60E-11 1.29E-11 1.14E-11
 1.80E-30 7.95E-24 1.50E-18 1.18E-14 9.01E-13 9.84E-12 1.84E-11 2.09E-11
 2.15E-11 2.10E-11 1.91E-11 1.60E-11 1.29E-11 1.14E-11
 1.80E-30 7.95E-24 1.50E-18 1.18E-14 9.01E-13 9.84E-12 1.84E-11 2.09E-11
 2.15E-11 2.10E-11 1.91E-11 1.60E-11 1.29E-11 1.14E-11
 1.80E-30 7.97E-24 1.50E-18 1.18E-14 9.02E-13 9.84E-12 1.84E-11 2.09E-11
 2.15E-11 2.10E-11 1.91E-11 1.60E-11 1.29E-11 1.14E-11
 1.84E-30 8.11E-24 1.52E-18 1.19E-14 9.07E-13 9.87E-12 1.84E-11 2.09E-11
 2.15E-11 2.10E-11 1.92E-11 1.60E-11 1.29E-11 1.14E-11
 2.22E-30 9.49E-24 1.73E-18 1.30E-14 9.58E-13 1.02E-11 1.88E-11 2.13E-11
 2.18E-11 2.13E-11 1.94E-11 1.62E-11 1.30E-11 1.14E-11
  1309.10    7  14 /pl=01:ss=13:pb= 1:sz=13/type=excit/ispb = t/isel =   49
 1.00E+10 1.00E+11 1.00E+12 1.00E+13 1.00E+14 1.00E+15 1.00E+16
 3.38E+00 5.07E+00 8.44E+00 1.69E+01 3.38E+01 8.44E+01 1.69E+02 2.53E+02
 3.38E+02 5.07E+02 8.44E+02 1.69E+03 3.38E+03 5.07E+03
 5.81E-38 4.51E-29 5.35E-22 9.45E-17 3.40E-14 9.17E-13 2.29E-12 2.86E-12
 3.08E-12 3.17E-12 3.02E-12 2.63E-12 2.20E-12 1.97E-12
 5.81E-38 4.51E-29 5.35E-22 9.45E-17 3.40E-14 9.17E-13 2.29E-12 2.86E-12
 3.08E-12 3.17E-12 3.02E-12 2.63E-12 2.20E-12 1.97E-12
 5.81E-38 4.51E-29 5.35E-22 9.45E-17 3.40E-14 9.17E-13 2.29E-12 2.86E-12
 3.08E-12 3.17E-12 3.02E-12 2.63E-12 2.20E-12 1.97E-12
 5.81E-38 4.51E-29 5.35E-22 9.45E-17 3.40E-14 9.17E-13 2.29E-12 2.86E-12
 3.08E-12 3.17E-12 3.02E-12 2.63E-12 2.20E-12 1.97E-12
 5.82E-38 4.52E-29 5.36E-22 9.46E-17 3.40E-14 9.17E-13 2.29E-12 2.86E-12
 3.08E-12 3.17E-12 3.02E-12 2.63E-12 2.20E-12 1.97E-12
 5.92E-38 4.59E-29 5.42E-22 9.53E-17 3.42E-14 9.19E-13 2.29E-12 2.86E-12
 3.08E-12 3.18E-12 3.02E-12 2.63E-12 2.20E-12 1.97E-12
 6.92E-38 5.23E-29 6.01E-22 1.02E-16 3.56E-14 9.35E-13 2.31E-12 2.88E-12
 3.11E-12 3.19E-12 3.03E-12 2.64E-12 2.21E-12 1.97E-12
  2234.60    7  14 /pl=01:ss=13:pb= 1:sz=13/type=excit/ispb = t/isel =   50
 1.00E+10 1.00E+11 1.00E+12 1.00E+13 1.00E+14 1.00E+15 1.00E+16
 3.38E+00 5.07E+00 8.44E+00 1.69E+01 3.38E+01 8.44E+01 1.69E+02 2.53E+02
 3.38E+02 5.07E+02 8.44E+02 1.69E+03 3.38E+03 5.07E+03
 3.41E-42 4.48E-32 5.08E-24 4.78E-18 3.89E-15 1.69E-13 4.89E-13 6.45E-13
 7.14E-13 7.51E-13 7.29E-13 6.49E-13 5.58E-13 5.08E-13
 3.41E-42 4.48E-32 5.08E-24 4.78E-18 3.89E-15 1.69E-13 4.89E-13 6.45E-13
 7.14E-13 7.51E-13 7.29E-13 6.49E-13 5.58E-13 5.08E-13
 3.41E-42 4.48E-32 5.08E-24 4.78E-18 3.89E-15 1.69E-13 4.89E-13 6.45E-13
 7.14E-13 7.51E-13 7.29E-13 6.49E-13 5.58E-13 5.08E-13
 3.41E-42 4.48E-32 5.08E-24 4.78E-18 3.89E-15 1.69E-13 4.89E-13 6.45E-13
 7.14E-13 7.51E-13 7.29E-13 6.49E-13 5.58E-13 5.08E-13
 3.41E-42 4.49E-32 5.08E-24 4.78E-18 3.89E-15 1.69E-13 4.89E-13 6.45E-13
 7.14E-13 7.51E-13 7.29E-13 6.49E-13 5.58E-13 5.08E-13
 3.46E-42 4.54E-32 5.13E-24 4.81E-18 3.91E-15 1.69E-13 4.89E-13 6.45E-13
 7.14E-13 7.52E-13 7.30E-13 6.49E-13 5.58E-13 5.08E-13
 3.89E-42 5.01E-32 5.55E-24 5.07E-18 4.02E-15 1.71E-13 4.91E-13 6.47E-13
 7.16E-13 7.54E-13 7.31E-13 6.48E-13 5.56E-13 5.06E-13
c-------------------------------------------------------------------------------
 
C  root partition information
C  ==========================
C
C  nuclear charge : 74
C  ion charge+1   : 14
C
C  population calculation information
C  ----------------------------------
C
C  population processing code: adas810
C
C  adf04 source file    : adf04_copmm#74_ca_40#w13_t3.dat
C  adf18/a17_p208 file  : NULL
C
C  meta. ion. coeff. selector  : 
 
C  options  : lnorm =T  lpsel =F  lzsel =T  liosel=F
C           : lhsel =F  lrsel =F  lisel =F  lnsel =F
 
C  energy levels
C  -------------
C
C   lv      configuration    (2S+1)L(w-1/2)      energy (cm^-1)
C  ---   ------------------- --------------      --------------
c    1   60963A52B             (0)0(   6.5)             0.0
c    2   60964A51B             (0)0(   0.5)        183414.9
c    3   60963A51B51C          (0)0(  83.5)        325919.7
c    4   60964A51C             (0)0(   2.5)        526826.6
c    5   60963A51B51D          (0)0( 139.5)        801071.0
c    6   60964A51D             (0)0(   4.5)        983388.5
c    7   60963A51B51G          (0)0(  27.5)       1119770.0
c    8   60963A51B51H          (0)0(  83.5)       1267213.0
c    9   60963A51B51E          (0)0( 195.5)       1272458.4
c   10   60964A51E             (0)0(   6.5)       1446227.3
c   11   60963A51B51F          (0)0( 251.0)       1586833.7
c   12   60963A51B51M          (0)0(  27.5)       1613192.6
c   13   60963A51B51N          (0)0(  83.5)       1689580.7
c   14   60964A51F             (0)0(   8.5)       1752964.9
c   15   9964A52B              (0)0(   4.5)       1798538.8
c   16   60963A51B51T          (0)0(  27.5)       1876156.0
c   17   60963A51B51U          (0)0(  83.5)       1920906.8
c   18   9963A52B51C           (0)0( 419.0)       1969158.3
c   19   9963A52B51D           (0)0( 699.5)       2464238.0
c   20   9963A52B51E           (0)0( 979.5)       2944184.8
c   21   9963A52B51F           (0)0(1259.5)       3267525.7
 
 
 
c-------------------------------------------------------------------------------
 
C  superstage partition information
C  ================================
C
C  element symbol   : W
C  parent template  : 
C  partition level  :  1
C  superstage label : 13
C
C  tabulation       : photon emissivity coefft (te,ne)
C  units            : ph. emis coef(cm^3 s^-1); te (ev); ne (cm^-3)
C
C  photon emissivity atomic transitions
C  ------------------------------------
C  
C   isel  wvlen(A)            transition                type  ispb nspb
C                                                             ispp nspp sz    tg pr wr
C  ----- ---------- ----------------------------------- ----- ---- ---- --    -- -- --
C      1   30.6042   21(0)0(1259.5)-  1(0)0(   6.5)     excit   1    1  13    12 41  1
C      2   33.9653   20(0)0( 979.5)-  1(0)0(   6.5)     excit   1    1  13    11 27  2
C      3   40.5805   19(0)0( 699.5)-  1(0)0(   6.5)     excit   1    1  13    10 37  3
C      4   50.7831   18(0)0( 419.0)-  1(0)0(   6.5)     excit   1    1  13     9  3  4
C      5   52.0587   17(0)0(  83.5)-  1(0)0(   6.5)     excit   1    1  13     7 30  5
C      6   55.6007   15(0)0(   4.5)-  1(0)0(   6.5)     excit   1    1  13     8  4  6
C      7   59.1863   13(0)0(  83.5)-  1(0)0(   6.5)     excit   1    1  13     5 25  7
C      8   59.8184   20(0)0( 979.5)-  9(0)0( 195.5)     excit   1    1  13    58 43  8
C      9   60.8554   18(0)0( 419.0)-  3(0)0(  83.5)     excit   1    1  13    20 35  9
C     10   61.9148   15(0)0(   4.5)-  2(0)0(   0.5)     excit   1    1  13    64 45 10
C     11   62.6964   17(0)0(  83.5)-  3(0)0(  83.5)     excit   1    1  13    19 46 11
C     12   64.5063   16(0)0(  27.5)-  3(0)0(  83.5)     excit   1    1  13    18 18 12
C     13   68.0741   21(0)0(1259.5)- 15(0)0(   4.5)     excit   1    1  13    42 20 13
C     14   71.2546   11(0)0( 251.0)-  2(0)0(   0.5)     excit   1    1  13    67 31 14
C     15   73.3320   13(0)0(  83.5)-  3(0)0(  83.5)     excit   1    1  13    17 42 15
C     16   77.6836   12(0)0(  27.5)-  3(0)0(  83.5)     excit   1    1  13    16 12 16
C     17   78.9133    8(0)0(  83.5)-  1(0)0(   6.5)     excit   1    1  13     3 17 17
C     18   89.2988   17(0)0(  83.5)-  5(0)0( 139.5)     excit   1    1  13    53 21 18
C     19   102.561   20(0)0( 979.5)- 18(0)0( 419.0)     excit   1    1  13    44 39 19
C     20   105.648    9(0)0( 195.5)-  3(0)0(  83.5)     excit   1    1  13    22 44 20
C     21   106.237    8(0)0(  83.5)-  3(0)0(  83.5)     excit   1    1  13    15 38 21
C     22   112.548   13(0)0(  83.5)-  5(0)0( 139.5)     excit   1    1  13    51 13 22
C     23   124.488   21(0)0(1259.5)- 19(0)0( 699.5)     excit   1    1  13    46 40 23
C     24   124.823   17(0)0(  83.5)-  7(0)0(  27.5)     excit   1    1  13    27 32 24
C     25   124.833    5(0)0( 139.5)-  1(0)0(   6.5)     excit   1    1  13    13 36 25
C     26   125.968    7(0)0(  27.5)-  3(0)0(  83.5)     excit   1    1  13    14  6 26
C     27   127.265   11(0)0( 251.0)-  5(0)0( 139.5)     excit   1    1  13    55 47 27
C     28   150.218   19(0)0( 699.5)- 15(0)0(   4.5)     excit   1    1  13    40 19 28
C     29   152.977   17(0)0(  83.5)-  8(0)0(  83.5)     excit   1    1  13    31 50 29
C     30   161.902    5(0)0( 139.5)-  2(0)0(   0.5)     excit   1    1  13    65 10 30
C     31   164.219   16(0)0(  27.5)-  8(0)0(  83.5)     excit   1    1  13    30 24 31
C     32   175.497   13(0)0(  83.5)-  7(0)0(  27.5)     excit   1    1  13    25 29 32
C     33   201.988   19(0)0( 699.5)- 18(0)0( 419.0)     excit   1    1  13    43  5 33
C     34   208.356   20(0)0( 979.5)- 19(0)0( 699.5)     excit   1    1  13    45  8 34
C     35   210.459    5(0)0( 139.5)-  3(0)0(  83.5)     excit   1    1  13    21  2 35
C     36   212.140    9(0)0( 195.5)-  5(0)0( 139.5)     excit   1    1  13    54 15 36
C     37   214.527    8(0)0(  83.5)-  5(0)0( 139.5)     excit   1    1  13    49  7 37
C     38   219.028    6(0)0(   4.5)-  4(0)0(   2.5)     excit   1    1  13    70 23 38
C     39   236.761   13(0)0(  83.5)-  8(0)0(  83.5)     excit   1    1  13    29 48 39
C     40   289.034   12(0)0(  27.5)-  8(0)0(  83.5)     excit   1    1  13    28 14 40
C     41   291.196    4(0)0(   2.5)-  2(0)0(   0.5)     excit   1    1  13    68  9 41
C     42   306.824    3(0)0(  83.5)-  1(0)0(   6.5)     excit   1    1  13     1  1 42
C     43   309.271   21(0)0(1259.5)- 20(0)0( 979.5)     excit   1    1  13    47 11 43
C     44   313.776    7(0)0(  27.5)-  5(0)0( 139.5)     excit   1    1  13    48 49 44
C     45   318.091   11(0)0( 251.0)-  9(0)0( 195.5)     excit   1    1  13    59 22 45
C     46   324.977   17(0)0(  83.5)- 12(0)0(  27.5)     excit   1    1  13    35 34 46
C     47   535.977   16(0)0(  27.5)- 13(0)0(  83.5)     excit   1    1  13    36 26 47
C     48   678.228    8(0)0(  83.5)-  7(0)0(  27.5)     excit   1    1  13    23 16 48
C     49   1309.10   13(0)0(  83.5)- 12(0)0(  27.5)     excit   1    1  13    33 28 49
C     50   2234.60   17(0)0(  83.5)- 16(0)0(  27.5)     excit   1    1  13    38 33 50
c-------------------------------------------------------------------------------
                                                                                
C  code     : adas810
C  producer : Adam Foster
C  date     : 15/05/09
                                                                                
c-------------------------------------------------------------------------------

C-----------------------------------------------------------------------
C                               OPEN-ADAS
C                               +++++++++
C
C This file has been downloaded from OPEN-ADAS (http://open.adas.ac.uk)
C on 26-Mar-2025.
C
C TERMS AND CONDITIONS
C --------------------
C
C The user of the OPEN-ADAS system and data (hereinafter "the User")
C accepts the following terms and conditions:
C
C   1. The University of Strathclyde uses all reasonable endeavours to
C      ensure the accuracy of the data provided and any information
C      given, but the University makes no warranty, expressed or implied
C      as to its accuracy, integrity, fitness for purpose and shall not
C      be responsible for the use to which the data is put by the User
C      and/or any consequences arising out of any inaccuracies or
C      omissions.
C
C   2. Any downloaded OPEN-ADAS file is made available for the
C      personal use of the User only.  It must not be used for any
C      commercial application, incorporated into any web site or in
C      any form re-distributed without express prior written permission
C      from the ADAS Project. In particular, but not by way of
C      limitation, it must not be:
C        *  inserted into a managed database structure,
C        *  redistributed along with a modelling or analysis code,
C        *  made available on a public website.
C
C Permission for OPEN-ADAS data incorporation in non-commercial
C code/system development for scientific advance will not be
C unreasonably withheld, but will be subject to written agreement
C on a case by case basis.
C
C The User will indemnify the University of Strathclyde and keep it
C fully and effectively indemnified against each and every claim made
C against the University as a result of the User's use of the data.
C
C-----------------------------------------------------------------------
