   50    /W :33 photon emissivity coefficients/
--------------------------------------------------------------------------------
    1    1    1    1    1    1    1    1    1    1    1    1    1    1
    1    1    1    1    1    1    1    1    1    1    1    1    1    1
    1    1    1    1    1    1    1    1    1    1    1    1    1    1
    1    1    1    1    1    1    1    1    1    1    1    1    1    1
    1    1    1    1    1    1    1    1    1    1    1    1    1    1
    1    1    1    1    1
--------------------------------------------------------------------------------
//#01/p00/ 00/p01/ 01/p02/ 02/p03/ 03/p04/ 04/p05/ 05/p06/ 06/p07/ 07/p08/ 08/  
      p09/ 09/p10/ 10/p11/ 11/p12/ 12/p13/ 13/p14/ 14/p15/ 15/p16/ 16/p17/ 17/  
      p18/ 18/p19/ 19/p20/ 20/p21/ 21/p22/ 22/p23/ 23/p24/ 24/p25/ 25/p26/ 26/  
      p27/ 27/p28/ 28/p29/ 29/p30/ 30/p31/ 31/p32/ 32/p33/ 33/p34/ 34/p35/ 35/  
      p36/ 36/p37/ 37/p38/ 38/p39/ 39/p40/ 40/p41/ 41/p42/ 42/p43/ 43/p44/ 44/  
      p45/ 45/p46/ 46/p47/ 47/p48/ 48/p49/ 49/p50/ 50/p51/ 51/p52/ 52/p53/ 53/  
      p54/ 54/p55/ 55/p56/ 56/p57/ 57/p58/ 58/p59/ 59/p60/ 60/p61/ 61/p62/ 62/  
      p63/ 63/p64/ 64/p65/ 65/p66/ 66/p67/ 67/p68/ 68/p69/ 69/p70/ 70/p71/ 71/  
      p72/ 72/p73/ 73/p74/ 74/                                                  
--------------------------------------------------------------------------------
  43.8831    7  14 /pl=01:ss=33:pb= 1:sz=33/type=excit/ispb = t/isel =    1
 1.00E+10 1.00E+11 1.00E+12 1.00E+13 1.00E+14 1.00E+15 1.00E+16
 1.99E+01 2.99E+01 4.98E+01 9.96E+01 1.99E+02 4.98E+02 9.96E+02 1.49E+03
 1.99E+03 2.99E+03 4.98E+03 9.96E+03 1.99E+04 2.99E+04
 5.94E-16 5.51E-14 1.89E-12 2.33E-11 7.16E-11 1.21E-10 1.31E-10 1.30E-10
 1.26E-10 1.19E-10 1.09E-10 9.26E-11 7.69E-11 6.83E-11
 5.93E-16 5.51E-14 1.89E-12 2.32E-11 7.02E-11 1.18E-10 1.27E-10 1.26E-10
 1.22E-10 1.16E-10 1.06E-10 9.07E-11 7.56E-11 6.73E-11
 5.90E-16 5.47E-14 1.86E-12 2.14E-11 5.86E-11 9.05E-11 9.68E-11 9.63E-11
 9.46E-11 9.07E-11 8.48E-11 7.48E-11 6.43E-11 5.83E-11
 5.62E-16 5.11E-14 1.59E-12 1.18E-11 2.17E-11 2.81E-11 2.93E-11 2.94E-11
 2.92E-11 2.87E-11 2.78E-11 2.64E-11 2.48E-11 2.38E-11
 3.86E-16 3.11E-14 6.65E-13 3.91E-12 9.42E-12 1.42E-11 1.50E-11 1.48E-11
 1.44E-11 1.36E-11 1.25E-11 1.09E-11 9.30E-12 8.42E-12
 2.08E-16 1.44E-14 3.50E-13 3.24E-12 8.67E-12 1.34E-11 1.41E-11 1.39E-11
 1.35E-11 1.27E-11 1.16E-11 9.96E-12 8.32E-12 7.41E-12
 1.91E-16 1.28E-14 3.28E-13 3.19E-12 8.60E-12 1.33E-11 1.41E-11 1.38E-11
 1.34E-11 1.27E-11 1.15E-11 9.88E-12 8.24E-12 7.33E-12
  47.6026    7  14 /pl=01:ss=33:pb= 1:sz=33/type=excit/ispb = t/isel =    2
 1.00E+10 1.00E+11 1.00E+12 1.00E+13 1.00E+14 1.00E+15 1.00E+16
 1.99E+01 2.99E+01 4.98E+01 9.96E+01 1.99E+02 4.98E+02 9.96E+02 1.49E+03
 1.99E+03 2.99E+03 4.98E+03 9.96E+03 1.99E+04 2.99E+04
 1.22E-15 1.14E-13 3.91E-12 4.82E-11 1.48E-10 2.50E-10 2.70E-10 2.67E-10
 2.60E-10 2.45E-10 2.24E-10 1.91E-10 1.59E-10 1.41E-10
 1.22E-15 1.14E-13 3.90E-12 4.78E-11 1.45E-10 2.42E-10 2.62E-10 2.59E-10
 2.53E-10 2.39E-10 2.19E-10 1.87E-10 1.56E-10 1.39E-10
 1.22E-15 1.13E-13 3.84E-12 4.41E-11 1.21E-10 1.87E-10 2.00E-10 1.99E-10
 1.95E-10 1.87E-10 1.75E-10 1.54E-10 1.33E-10 1.20E-10
 1.16E-15 1.05E-13 3.27E-12 2.42E-11 4.48E-11 5.79E-11 6.05E-11 6.06E-11
 6.02E-11 5.91E-11 5.74E-11 5.45E-11 5.12E-11 4.92E-11
 7.95E-16 6.42E-14 1.37E-12 8.07E-12 1.94E-11 2.93E-11 3.09E-11 3.05E-11
 2.96E-11 2.81E-11 2.59E-11 2.25E-11 1.92E-11 1.74E-11
 4.28E-16 2.97E-14 7.22E-13 6.68E-12 1.79E-11 2.76E-11 2.91E-11 2.87E-11
 2.78E-11 2.63E-11 2.40E-11 2.05E-11 1.72E-11 1.53E-11
 3.93E-16 2.64E-14 6.77E-13 6.58E-12 1.77E-11 2.75E-11 2.90E-11 2.85E-11
 2.77E-11 2.61E-11 2.38E-11 2.04E-11 1.70E-11 1.51E-11
  49.8605    7  14 /pl=01:ss=33:pb= 1:sz=33/type=excit/ispb = t/isel =    3
 1.00E+10 1.00E+11 1.00E+12 1.00E+13 1.00E+14 1.00E+15 1.00E+16
 1.99E+01 2.99E+01 4.98E+01 9.96E+01 1.99E+02 4.98E+02 9.96E+02 1.49E+03
 1.99E+03 2.99E+03 4.98E+03 9.96E+03 1.99E+04 2.99E+04
 5.42E-16 5.03E-14 1.73E-12 2.13E-11 6.53E-11 1.10E-10 1.20E-10 1.18E-10
 1.15E-10 1.09E-10 9.91E-11 8.45E-11 7.02E-11 6.23E-11
 5.42E-16 5.02E-14 1.73E-12 2.11E-11 6.41E-11 1.07E-10 1.16E-10 1.15E-10
 1.12E-10 1.06E-10 9.67E-11 8.28E-11 6.90E-11 6.14E-11
 5.39E-16 4.99E-14 1.70E-12 1.95E-11 5.35E-11 8.26E-11 8.83E-11 8.79E-11
 8.63E-11 8.27E-11 7.73E-11 6.83E-11 5.87E-11 5.32E-11
 5.13E-16 4.67E-14 1.45E-12 1.07E-11 1.98E-11 2.56E-11 2.68E-11 2.68E-11
 2.66E-11 2.61E-11 2.54E-11 2.41E-11 2.27E-11 2.18E-11
 3.52E-16 2.84E-14 6.07E-13 3.57E-12 8.59E-12 1.30E-11 1.37E-11 1.35E-11
 1.31E-11 1.24E-11 1.14E-11 9.95E-12 8.49E-12 7.69E-12
 1.89E-16 1.31E-14 3.20E-13 2.95E-12 7.91E-12 1.22E-11 1.29E-11 1.27E-11
 1.23E-11 1.16E-11 1.06E-11 9.09E-12 7.59E-12 6.76E-12
 1.74E-16 1.17E-14 2.99E-13 2.91E-12 7.85E-12 1.22E-11 1.28E-11 1.26E-11
 1.22E-11 1.16E-11 1.05E-11 9.01E-12 7.52E-12 6.69E-12
  50.3085    7  14 /pl=01:ss=33:pb= 1:sz=33/type=excit/ispb = t/isel =    4
 1.00E+10 1.00E+11 1.00E+12 1.00E+13 1.00E+14 1.00E+15 1.00E+16
 1.99E+01 2.99E+01 4.98E+01 9.96E+01 1.99E+02 4.98E+02 9.96E+02 1.49E+03
 1.99E+03 2.99E+03 4.98E+03 9.96E+03 1.99E+04 2.99E+04
 8.05E-16 7.47E-14 2.57E-12 3.17E-11 9.71E-11 1.64E-10 1.78E-10 1.76E-10
 1.71E-10 1.61E-10 1.47E-10 1.26E-10 1.04E-10 9.27E-11
 8.05E-16 7.47E-14 2.57E-12 3.14E-11 9.52E-11 1.59E-10 1.72E-10 1.71E-10
 1.66E-10 1.57E-10 1.44E-10 1.23E-10 1.03E-10 9.13E-11
 8.01E-16 7.42E-14 2.52E-12 2.90E-11 7.95E-11 1.23E-10 1.31E-10 1.31E-10
 1.28E-10 1.23E-10 1.15E-10 1.01E-10 8.72E-11 7.90E-11
 7.62E-16 6.94E-14 2.15E-12 1.59E-11 2.95E-11 3.81E-11 3.98E-11 3.99E-11
 3.96E-11 3.89E-11 3.78E-11 3.59E-11 3.37E-11 3.23E-11
 5.23E-16 4.22E-14 9.02E-13 5.31E-12 1.28E-11 1.93E-11 2.03E-11 2.00E-11
 1.95E-11 1.85E-11 1.70E-11 1.48E-11 1.26E-11 1.14E-11
 2.81E-16 1.95E-14 4.75E-13 4.39E-12 1.18E-11 1.82E-11 1.92E-11 1.88E-11
 1.83E-11 1.73E-11 1.58E-11 1.35E-11 1.13E-11 1.01E-11
 2.59E-16 1.74E-14 4.45E-13 4.33E-12 1.17E-11 1.81E-11 1.91E-11 1.87E-11
 1.82E-11 1.72E-11 1.57E-11 1.34E-11 1.12E-11 9.94E-12
  50.8989    7  14 /pl=01:ss=33:pb= 1:sz=33/type=excit/ispb = t/isel =    5
 1.00E+10 1.00E+11 1.00E+12 1.00E+13 1.00E+14 1.00E+15 1.00E+16
 1.99E+01 2.99E+01 4.98E+01 9.96E+01 1.99E+02 4.98E+02 9.96E+02 1.49E+03
 1.99E+03 2.99E+03 4.98E+03 9.96E+03 1.99E+04 2.99E+04
 1.91E-16 1.77E-14 6.10E-13 7.51E-12 2.30E-11 3.89E-11 4.22E-11 4.17E-11
 4.06E-11 3.83E-11 3.50E-11 2.98E-11 2.48E-11 2.20E-11
 1.91E-16 1.77E-14 6.09E-13 7.45E-12 2.26E-11 3.78E-11 4.09E-11 4.05E-11
 3.94E-11 3.73E-11 3.41E-11 2.92E-11 2.43E-11 2.17E-11
 1.90E-16 1.76E-14 5.99E-13 6.88E-12 1.89E-11 2.91E-11 3.12E-11 3.10E-11
 3.04E-11 2.92E-11 2.73E-11 2.41E-11 2.07E-11 1.88E-11
 1.81E-16 1.65E-14 5.11E-13 3.78E-12 6.99E-12 9.03E-12 9.45E-12 9.46E-12
 9.39E-12 9.22E-12 8.96E-12 8.51E-12 7.99E-12 7.68E-12
 1.24E-16 1.00E-14 2.14E-13 1.26E-12 3.03E-12 4.58E-12 4.82E-12 4.75E-12
 4.62E-12 4.39E-12 4.04E-12 3.51E-12 2.99E-12 2.71E-12
 6.68E-17 4.63E-15 1.13E-13 1.04E-12 2.79E-12 4.31E-12 4.55E-12 4.47E-12
 4.34E-12 4.10E-12 3.74E-12 3.20E-12 2.68E-12 2.39E-12
 6.14E-17 4.12E-15 1.06E-13 1.03E-12 2.77E-12 4.29E-12 4.52E-12 4.45E-12
 4.32E-12 4.08E-12 3.72E-12 3.18E-12 2.65E-12 2.36E-12
  51.2668    7  14 /pl=01:ss=33:pb= 1:sz=33/type=excit/ispb = t/isel =    6
 1.00E+10 1.00E+11 1.00E+12 1.00E+13 1.00E+14 1.00E+15 1.00E+16
 1.99E+01 2.99E+01 4.98E+01 9.96E+01 1.99E+02 4.98E+02 9.96E+02 1.49E+03
 1.99E+03 2.99E+03 4.98E+03 9.96E+03 1.99E+04 2.99E+04
 5.36E-15 2.51E-13 5.01E-12 4.11E-11 1.03E-10 1.53E-10 1.60E-10 1.56E-10
 1.50E-10 1.41E-10 1.28E-10 1.08E-10 9.00E-11 7.99E-11
 5.36E-15 2.51E-13 5.00E-12 4.07E-11 1.01E-10 1.49E-10 1.55E-10 1.51E-10
 1.46E-10 1.37E-10 1.25E-10 1.06E-10 8.85E-11 7.88E-11
 5.33E-15 2.50E-13 4.92E-12 3.77E-11 8.45E-11 1.15E-10 1.19E-10 1.16E-10
 1.13E-10 1.08E-10 1.00E-10 8.77E-11 7.55E-11 6.83E-11
 5.09E-15 2.34E-13 4.21E-12 2.07E-11 3.06E-11 3.41E-11 3.43E-11 3.39E-11
 3.36E-11 3.29E-11 3.20E-11 3.05E-11 2.89E-11 2.78E-11
 3.44E-15 1.40E-13 1.67E-12 5.29E-12 9.13E-12 1.17E-11 1.19E-11 1.16E-11
 1.12E-11 1.06E-11 9.85E-12 8.69E-12 7.63E-12 7.05E-12
 1.29E-15 4.48E-14 5.80E-13 3.26E-12 7.00E-12 9.60E-12 9.75E-12 9.44E-12
 9.10E-12 8.52E-12 7.71E-12 6.54E-12 5.46E-12 4.86E-12
 9.10E-16 3.10E-14 4.69E-13 3.07E-12 6.79E-12 9.39E-12 9.54E-12 9.23E-12
 8.89E-12 8.31E-12 7.50E-12 6.33E-12 5.25E-12 4.65E-12
  51.3827    7  14 /pl=01:ss=33:pb= 1:sz=33/type=excit/ispb = t/isel =    7
 1.00E+10 1.00E+11 1.00E+12 1.00E+13 1.00E+14 1.00E+15 1.00E+16
 1.99E+01 2.99E+01 4.98E+01 9.96E+01 1.99E+02 4.98E+02 9.96E+02 1.49E+03
 1.99E+03 2.99E+03 4.98E+03 9.96E+03 1.99E+04 2.99E+04
 2.64E-14 1.23E-12 2.42E-11 1.97E-10 4.92E-10 7.34E-10 7.61E-10 7.44E-10
 7.17E-10 6.74E-10 6.11E-10 5.18E-10 4.30E-10 3.82E-10
 2.64E-14 1.23E-12 2.42E-11 1.96E-10 4.82E-10 7.13E-10 7.38E-10 7.21E-10
 6.97E-10 6.56E-10 5.96E-10 5.07E-10 4.22E-10 3.76E-10
 2.63E-14 1.22E-12 2.38E-11 1.80E-10 4.01E-10 5.45E-10 5.57E-10 5.48E-10
 5.34E-10 5.10E-10 4.74E-10 4.16E-10 3.58E-10 3.24E-10
 2.50E-14 1.14E-12 2.02E-11 9.55E-11 1.34E-10 1.44E-10 1.44E-10 1.43E-10
 1.42E-10 1.40E-10 1.38E-10 1.33E-10 1.28E-10 1.24E-10
 1.63E-14 6.55E-13 7.35E-12 1.97E-11 3.14E-11 3.91E-11 3.92E-11 3.83E-11
 3.72E-11 3.55E-11 3.30E-11 2.96E-11 2.64E-11 2.46E-11
 4.91E-15 1.68E-13 2.02E-12 1.05E-11 2.22E-11 3.01E-11 3.04E-11 2.95E-11
 2.83E-11 2.66E-11 2.41E-11 2.05E-11 1.71E-11 1.53E-11
 2.99E-15 1.01E-13 1.51E-12 9.71E-12 2.13E-11 2.93E-11 2.95E-11 2.86E-11
 2.75E-11 2.57E-11 2.32E-11 1.96E-11 1.63E-11 1.44E-11
  53.3282    7  14 /pl=01:ss=33:pb= 1:sz=33/type=excit/ispb = t/isel =    8
 1.00E+10 1.00E+11 1.00E+12 1.00E+13 1.00E+14 1.00E+15 1.00E+16
 1.99E+01 2.99E+01 4.98E+01 9.96E+01 1.99E+02 4.98E+02 9.96E+02 1.49E+03
 1.99E+03 2.99E+03 4.98E+03 9.96E+03 1.99E+04 2.99E+04
 8.16E-15 3.26E-13 5.72E-12 4.28E-11 1.02E-10 1.49E-10 1.54E-10 1.49E-10
 1.44E-10 1.35E-10 1.22E-10 1.04E-10 8.57E-11 7.58E-11
 8.16E-15 3.26E-13 5.71E-12 4.25E-11 1.01E-10 1.45E-10 1.50E-10 1.45E-10
 1.41E-10 1.32E-10 1.20E-10 1.02E-10 8.44E-11 7.48E-11
 8.13E-15 3.24E-13 5.63E-12 3.96E-11 8.55E-11 1.15E-10 1.17E-10 1.14E-10
 1.11E-10 1.06E-10 9.78E-11 8.54E-11 7.29E-11 6.56E-11
 7.79E-15 3.05E-13 4.89E-12 2.32E-11 3.52E-11 3.98E-11 3.98E-11 3.91E-11
 3.85E-11 3.75E-11 3.59E-11 3.36E-11 3.11E-11 2.95E-11
 5.60E-15 1.96E-13 2.20E-12 7.58E-12 1.33E-11 1.69E-11 1.69E-11 1.64E-11
 1.59E-11 1.50E-11 1.38E-11 1.21E-11 1.05E-11 9.59E-12
 2.68E-15 8.03E-14 9.67E-13 5.19E-12 1.07E-11 1.43E-11 1.44E-11 1.39E-11
 1.33E-11 1.25E-11 1.13E-11 9.58E-12 7.96E-12 7.08E-12
 2.12E-15 6.18E-14 8.25E-13 4.94E-12 1.05E-11 1.40E-11 1.41E-11 1.36E-11
 1.31E-11 1.22E-11 1.10E-11 9.32E-12 7.70E-12 6.82E-12
  53.3624    7  14 /pl=01:ss=33:pb= 1:sz=33/type=excit/ispb = t/isel =    9
 1.00E+10 1.00E+11 1.00E+12 1.00E+13 1.00E+14 1.00E+15 1.00E+16
 1.99E+01 2.99E+01 4.98E+01 9.96E+01 1.99E+02 4.98E+02 9.96E+02 1.49E+03
 1.99E+03 2.99E+03 4.98E+03 9.96E+03 1.99E+04 2.99E+04
 2.82E-15 1.13E-13 1.98E-12 1.47E-11 3.53E-11 5.13E-11 5.30E-11 5.15E-11
 4.98E-11 4.66E-11 4.22E-11 3.57E-11 2.96E-11 2.61E-11
 2.82E-15 1.13E-13 1.98E-12 1.47E-11 3.47E-11 5.01E-11 5.16E-11 5.03E-11
 4.86E-11 4.56E-11 4.13E-11 3.51E-11 2.91E-11 2.58E-11
 2.81E-15 1.12E-13 1.95E-12 1.37E-11 2.99E-11 4.02E-11 4.10E-11 4.01E-11
 3.90E-11 3.71E-11 3.42E-11 2.98E-11 2.54E-11 2.28E-11
 2.72E-15 1.07E-13 1.72E-12 8.30E-12 1.26E-11 1.42E-11 1.42E-11 1.40E-11
 1.38E-11 1.34E-11 1.29E-11 1.20E-11 1.11E-11 1.05E-11
 2.05E-15 7.17E-14 8.05E-13 2.74E-12 4.89E-12 6.32E-12 6.37E-12 6.17E-12
 5.96E-12 5.61E-12 5.12E-12 4.44E-12 3.80E-12 3.45E-12
 1.03E-15 3.08E-14 3.73E-13 2.01E-12 4.19E-12 5.67E-12 5.73E-12 5.53E-12
 5.32E-12 4.96E-12 4.46E-12 3.77E-12 3.11E-12 2.75E-12
 8.63E-16 2.51E-14 3.31E-13 1.95E-12 4.13E-12 5.61E-12 5.67E-12 5.47E-12
 5.26E-12 4.91E-12 4.40E-12 3.71E-12 3.05E-12 2.69E-12
  53.8790    7  14 /pl=01:ss=33:pb= 1:sz=33/type=excit/ispb = t/isel =   10
 1.00E+10 1.00E+11 1.00E+12 1.00E+13 1.00E+14 1.00E+15 1.00E+16
 1.99E+01 2.99E+01 4.98E+01 9.96E+01 1.99E+02 4.98E+02 9.96E+02 1.49E+03
 1.99E+03 2.99E+03 4.98E+03 9.96E+03 1.99E+04 2.99E+04
 1.74E-15 8.17E-14 1.63E-12 1.34E-11 3.35E-11 5.04E-11 5.26E-11 5.11E-11
 4.96E-11 4.66E-11 4.22E-11 3.58E-11 2.96E-11 2.63E-11
 1.74E-15 8.18E-14 1.63E-12 1.34E-11 3.40E-11 5.13E-11 5.35E-11 5.20E-11
 5.04E-11 4.73E-11 4.28E-11 3.62E-11 2.99E-11 2.65E-11
 1.75E-15 8.22E-14 1.65E-12 1.43E-11 3.78E-11 5.83E-11 6.08E-11 5.90E-11
 5.69E-11 5.31E-11 4.76E-11 3.98E-11 3.25E-11 2.85E-11
 1.87E-15 8.73E-14 1.87E-12 1.88E-11 4.91E-11 7.13E-11 7.32E-11 7.12E-11
 6.87E-11 6.45E-11 5.83E-11 4.92E-11 4.05E-11 3.57E-11
 3.03E-15 1.32E-13 2.76E-12 2.04E-11 4.44E-11 6.07E-11 6.18E-11 6.01E-11
 5.80E-11 5.46E-11 4.97E-11 4.26E-11 3.59E-11 3.22E-11
 5.00E-15 1.79E-13 2.80E-12 1.83E-11 4.05E-11 5.62E-11 5.71E-11 5.53E-11
 5.33E-11 4.99E-11 4.51E-11 3.82E-11 3.17E-11 2.82E-11
 5.22E-15 1.78E-13 2.70E-12 1.79E-11 4.00E-11 5.56E-11 5.65E-11 5.48E-11
 5.27E-11 4.93E-11 4.45E-11 3.76E-11 3.11E-11 2.76E-11
  53.8819    7  14 /pl=01:ss=33:pb= 1:sz=33/type=excit/ispb = t/isel =   11
 1.00E+10 1.00E+11 1.00E+12 1.00E+13 1.00E+14 1.00E+15 1.00E+16
 1.99E+01 2.99E+01 4.98E+01 9.96E+01 1.99E+02 4.98E+02 9.96E+02 1.49E+03
 1.99E+03 2.99E+03 4.98E+03 9.96E+03 1.99E+04 2.99E+04
 2.97E-15 1.39E-13 2.77E-12 2.27E-11 5.69E-11 8.48E-11 8.84E-11 8.61E-11
 8.32E-11 7.79E-11 7.09E-11 5.99E-11 4.98E-11 4.42E-11
 2.97E-15 1.39E-13 2.77E-12 2.25E-11 5.59E-11 8.24E-11 8.58E-11 8.37E-11
 8.09E-11 7.58E-11 6.92E-11 5.87E-11 4.90E-11 4.36E-11
 2.95E-15 1.38E-13 2.72E-12 2.08E-11 4.68E-11 6.37E-11 6.56E-11 6.43E-11
 6.27E-11 5.96E-11 5.55E-11 4.86E-11 4.18E-11 3.78E-11
 2.81E-15 1.29E-13 2.33E-12 1.15E-11 1.69E-11 1.89E-11 1.90E-11 1.88E-11
 1.86E-11 1.82E-11 1.77E-11 1.69E-11 1.60E-11 1.54E-11
 1.90E-15 7.76E-14 9.22E-13 2.93E-12 5.05E-12 6.48E-12 6.56E-12 6.39E-12
 6.21E-12 5.88E-12 5.45E-12 4.81E-12 4.22E-12 3.90E-12
 7.13E-16 2.48E-14 3.21E-13 1.80E-12 3.87E-12 5.31E-12 5.40E-12 5.22E-12
 5.04E-12 4.71E-12 4.27E-12 3.62E-12 3.02E-12 2.69E-12
 5.04E-16 1.72E-14 2.60E-13 1.70E-12 3.76E-12 5.20E-12 5.28E-12 5.11E-12
 4.92E-12 4.60E-12 4.15E-12 3.51E-12 2.91E-12 2.57E-12
  54.3571    7  14 /pl=01:ss=33:pb= 1:sz=33/type=excit/ispb = t/isel =   12
 1.00E+10 1.00E+11 1.00E+12 1.00E+13 1.00E+14 1.00E+15 1.00E+16
 1.99E+01 2.99E+01 4.98E+01 9.96E+01 1.99E+02 4.98E+02 9.96E+02 1.49E+03
 1.99E+03 2.99E+03 4.98E+03 9.96E+03 1.99E+04 2.99E+04
 1.54E-15 7.20E-14 1.43E-12 1.18E-11 2.95E-11 4.39E-11 4.58E-11 4.46E-11
 4.31E-11 4.03E-11 3.67E-11 3.10E-11 2.58E-11 2.29E-11
 1.53E-15 7.19E-14 1.43E-12 1.17E-11 2.89E-11 4.27E-11 4.44E-11 4.33E-11
 4.19E-11 3.92E-11 3.58E-11 3.04E-11 2.53E-11 2.26E-11
 1.53E-15 7.15E-14 1.41E-12 1.08E-11 2.42E-11 3.30E-11 3.40E-11 3.33E-11
 3.24E-11 3.08E-11 2.87E-11 2.51E-11 2.16E-11 1.96E-11
 1.46E-15 6.70E-14 1.20E-12 5.93E-12 8.76E-12 9.77E-12 9.82E-12 9.71E-12
 9.61E-12 9.41E-12 9.17E-12 8.72E-12 8.27E-12 7.96E-12
 9.85E-16 4.01E-14 4.77E-13 1.51E-12 2.62E-12 3.35E-12 3.40E-12 3.31E-12
 3.21E-12 3.04E-12 2.82E-12 2.49E-12 2.19E-12 2.02E-12
 3.69E-16 1.28E-14 1.66E-13 9.33E-13 2.00E-12 2.75E-12 2.79E-12 2.70E-12
 2.61E-12 2.44E-12 2.21E-12 1.87E-12 1.56E-12 1.39E-12
 2.61E-16 8.89E-15 1.34E-13 8.78E-13 1.94E-12 2.69E-12 2.73E-12 2.64E-12
 2.55E-12 2.38E-12 2.15E-12 1.81E-12 1.50E-12 1.33E-12
  54.4874    7  14 /pl=01:ss=33:pb= 1:sz=33/type=excit/ispb = t/isel =   13
 1.00E+10 1.00E+11 1.00E+12 1.00E+13 1.00E+14 1.00E+15 1.00E+16
 1.99E+01 2.99E+01 4.98E+01 9.96E+01 1.99E+02 4.98E+02 9.96E+02 1.49E+03
 1.99E+03 2.99E+03 4.98E+03 9.96E+03 1.99E+04 2.99E+04
 4.34E-15 2.02E-13 3.98E-12 3.24E-11 8.08E-11 1.21E-10 1.25E-10 1.22E-10
 1.18E-10 1.11E-10 1.00E-10 8.51E-11 7.06E-11 6.27E-11
 4.34E-15 2.01E-13 3.97E-12 3.21E-11 7.92E-11 1.17E-10 1.21E-10 1.18E-10
 1.14E-10 1.08E-10 9.79E-11 8.33E-11 6.93E-11 6.17E-11
 4.31E-15 2.00E-13 3.91E-12 2.96E-11 6.58E-11 8.94E-11 9.15E-11 9.00E-11
 8.76E-11 8.37E-11 7.78E-11 6.84E-11 5.88E-11 5.32E-11
 4.10E-15 1.87E-13 3.31E-12 1.57E-11 2.20E-11 2.37E-11 2.36E-11 2.35E-11
 2.33E-11 2.30E-11 2.26E-11 2.19E-11 2.10E-11 2.04E-11
 2.67E-15 1.07E-13 1.21E-12 3.24E-12 5.15E-12 6.41E-12 6.44E-12 6.29E-12
 6.11E-12 5.83E-12 5.42E-12 4.86E-12 4.33E-12 4.04E-12
 8.07E-16 2.76E-14 3.32E-13 1.73E-12 3.64E-12 4.95E-12 4.99E-12 4.84E-12
 4.65E-12 4.37E-12 3.95E-12 3.36E-12 2.81E-12 2.51E-12
 4.90E-16 1.66E-14 2.48E-13 1.59E-12 3.50E-12 4.81E-12 4.85E-12 4.70E-12
 4.51E-12 4.23E-12 3.81E-12 3.22E-12 2.67E-12 2.37E-12
  54.5560    7  14 /pl=01:ss=33:pb= 1:sz=33/type=excit/ispb = t/isel =   14
 1.00E+10 1.00E+11 1.00E+12 1.00E+13 1.00E+14 1.00E+15 1.00E+16
 1.99E+01 2.99E+01 4.98E+01 9.96E+01 1.99E+02 4.98E+02 9.96E+02 1.49E+03
 1.99E+03 2.99E+03 4.98E+03 9.96E+03 1.99E+04 2.99E+04
 2.50E-15 9.17E-14 1.50E-12 1.07E-11 2.48E-11 3.55E-11 3.64E-11 3.53E-11
 3.40E-11 3.18E-11 2.89E-11 2.44E-11 2.02E-11 1.79E-11
 2.50E-15 9.17E-14 1.50E-12 1.06E-11 2.44E-11 3.46E-11 3.55E-11 3.44E-11
 3.32E-11 3.12E-11 2.83E-11 2.40E-11 1.99E-11 1.76E-11
 2.49E-15 9.12E-14 1.48E-12 9.93E-12 2.12E-11 2.82E-11 2.86E-11 2.79E-11
 2.71E-11 2.56E-11 2.37E-11 2.06E-11 1.75E-11 1.57E-11
 2.39E-15 8.65E-14 1.31E-12 6.38E-12 1.05E-11 1.26E-11 1.26E-11 1.23E-11
 1.20E-11 1.15E-11 1.09E-11 9.81E-12 8.77E-12 8.17E-12
 1.88E-15 6.11E-14 7.24E-13 3.14E-12 5.97E-12 7.75E-12 7.77E-12 7.51E-12
 7.24E-12 6.81E-12 6.20E-12 5.33E-12 4.51E-12 4.07E-12
 1.40E-15 3.90E-14 4.74E-13 2.59E-12 5.32E-12 7.08E-12 7.10E-12 6.84E-12
 6.57E-12 6.14E-12 5.53E-12 4.67E-12 3.87E-12 3.43E-12
 1.34E-15 3.58E-14 4.43E-13 2.52E-12 5.24E-12 7.00E-12 7.02E-12 6.76E-12
 6.50E-12 6.06E-12 5.45E-12 4.60E-12 3.79E-12 3.36E-12
  54.5968    7  14 /pl=01:ss=33:pb= 1:sz=33/type=excit/ispb = t/isel =   15
 1.00E+10 1.00E+11 1.00E+12 1.00E+13 1.00E+14 1.00E+15 1.00E+16
 1.99E+01 2.99E+01 4.98E+01 9.96E+01 1.99E+02 4.98E+02 9.96E+02 1.49E+03
 1.99E+03 2.99E+03 4.98E+03 9.96E+03 1.99E+04 2.99E+04
 1.65E-15 7.38E-14 1.41E-12 1.12E-11 2.78E-11 4.14E-11 4.30E-11 4.20E-11
 4.05E-11 3.81E-11 3.44E-11 2.91E-11 2.42E-11 2.14E-11
 1.65E-15 7.39E-14 1.42E-12 1.14E-11 2.85E-11 4.27E-11 4.44E-11 4.33E-11
 4.17E-11 3.91E-11 3.53E-11 2.98E-11 2.46E-11 2.18E-11
 1.68E-15 7.49E-14 1.46E-12 1.25E-11 3.36E-11 5.19E-11 5.39E-11 5.24E-11
 5.03E-11 4.68E-11 4.18E-11 3.47E-11 2.81E-11 2.46E-11
 1.89E-15 8.43E-14 1.77E-12 1.73E-11 4.21E-11 5.86E-11 5.97E-11 5.82E-11
 5.63E-11 5.31E-11 4.84E-11 4.15E-11 3.46E-11 3.08E-11
 3.25E-15 1.34E-13 2.50E-12 1.62E-11 3.40E-11 4.59E-11 4.64E-11 4.51E-11
 4.35E-11 4.09E-11 3.72E-11 3.19E-11 2.69E-11 2.42E-11
 4.59E-15 1.56E-13 2.30E-12 1.44E-11 3.12E-11 4.28E-11 4.33E-11 4.19E-11
 4.04E-11 3.78E-11 3.41E-11 2.89E-11 2.40E-11 2.13E-11
 4.69E-15 1.52E-13 2.21E-12 1.41E-11 3.09E-11 4.24E-11 4.29E-11 4.16E-11
 4.00E-11 3.74E-11 3.37E-11 2.85E-11 2.36E-11 2.09E-11
  55.0832    7  14 /pl=01:ss=33:pb= 1:sz=33/type=excit/ispb = t/isel =   16
 1.00E+10 1.00E+11 1.00E+12 1.00E+13 1.00E+14 1.00E+15 1.00E+16
 1.99E+01 2.99E+01 4.98E+01 9.96E+01 1.99E+02 4.98E+02 9.96E+02 1.49E+03
 1.99E+03 2.99E+03 4.98E+03 9.96E+03 1.99E+04 2.99E+04
 1.66E-15 7.71E-14 1.52E-12 1.24E-11 3.09E-11 4.61E-11 4.78E-11 4.67E-11
 4.51E-11 4.24E-11 3.84E-11 3.26E-11 2.70E-11 2.40E-11
 1.66E-15 7.71E-14 1.52E-12 1.23E-11 3.03E-11 4.48E-11 4.64E-11 4.53E-11
 4.38E-11 4.12E-11 3.75E-11 3.19E-11 2.65E-11 2.36E-11
 1.65E-15 7.66E-14 1.49E-12 1.13E-11 2.52E-11 3.42E-11 3.50E-11 3.45E-11
 3.35E-11 3.20E-11 2.98E-11 2.62E-11 2.25E-11 2.04E-11
 1.57E-15 7.15E-14 1.27E-12 6.00E-12 8.41E-12 9.07E-12 9.03E-12 8.99E-12
 8.90E-12 8.81E-12 8.64E-12 8.37E-12 8.03E-12 7.80E-12
 1.02E-15 4.11E-14 4.62E-13 1.24E-12 1.97E-12 2.45E-12 2.46E-12 2.41E-12
 2.34E-12 2.23E-12 2.08E-12 1.86E-12 1.66E-12 1.55E-12
 3.09E-16 1.06E-14 1.27E-13 6.62E-13 1.39E-12 1.89E-12 1.91E-12 1.85E-12
 1.78E-12 1.67E-12 1.51E-12 1.29E-12 1.08E-12 9.60E-13
 1.88E-16 6.34E-15 9.49E-14 6.10E-13 1.34E-12 1.84E-12 1.86E-12 1.80E-12
 1.73E-12 1.62E-12 1.46E-12 1.23E-12 1.02E-12 9.06E-13
  55.1090    7  14 /pl=01:ss=33:pb= 1:sz=33/type=excit/ispb = t/isel =   17
 1.00E+10 1.00E+11 1.00E+12 1.00E+13 1.00E+14 1.00E+15 1.00E+16
 1.99E+01 2.99E+01 4.98E+01 9.96E+01 1.99E+02 4.98E+02 9.96E+02 1.49E+03
 1.99E+03 2.99E+03 4.98E+03 9.96E+03 1.99E+04 2.99E+04
 1.74E-15 7.76E-14 1.48E-12 1.19E-11 2.94E-11 4.41E-11 4.58E-11 4.47E-11
 4.33E-11 4.06E-11 3.67E-11 3.10E-11 2.56E-11 2.26E-11
 1.75E-15 7.78E-14 1.49E-12 1.20E-11 3.01E-11 4.55E-11 4.73E-11 4.61E-11
 4.46E-11 4.18E-11 3.76E-11 3.16E-11 2.61E-11 2.30E-11
 1.78E-15 7.95E-14 1.54E-12 1.33E-11 3.56E-11 5.50E-11 5.71E-11 5.54E-11
 5.33E-11 4.96E-11 4.43E-11 3.67E-11 2.97E-11 2.60E-11
 2.14E-15 9.48E-14 1.96E-12 1.82E-11 4.24E-11 5.76E-11 5.85E-11 5.71E-11
 5.53E-11 5.24E-11 4.80E-11 4.15E-11 3.49E-11 3.12E-11
 3.82E-15 1.54E-13 2.60E-12 1.49E-11 2.99E-11 3.97E-11 4.01E-11 3.89E-11
 3.76E-11 3.55E-11 3.24E-11 2.80E-11 2.38E-11 2.15E-11
 4.19E-15 1.41E-13 2.01E-12 1.21E-11 2.61E-11 3.55E-11 3.59E-11 3.48E-11
 3.35E-11 3.14E-11 2.83E-11 2.40E-11 2.00E-11 1.78E-11
 3.87E-15 1.25E-13 1.84E-12 1.17E-11 2.56E-11 3.51E-11 3.54E-11 3.43E-11
 3.30E-11 3.09E-11 2.78E-11 2.36E-11 1.95E-11 1.73E-11
  55.5880    7  14 /pl=01:ss=33:pb= 1:sz=33/type=excit/ispb = t/isel =   18
 1.00E+10 1.00E+11 1.00E+12 1.00E+13 1.00E+14 1.00E+15 1.00E+16
 1.99E+01 2.99E+01 4.98E+01 9.96E+01 1.99E+02 4.98E+02 9.96E+02 1.49E+03
 1.99E+03 2.99E+03 4.98E+03 9.96E+03 1.99E+04 2.99E+04
 2.24E-15 8.99E-14 1.57E-12 1.17E-11 2.81E-11 4.08E-11 4.21E-11 4.10E-11
 3.96E-11 3.71E-11 3.35E-11 2.84E-11 2.35E-11 2.08E-11
 2.24E-15 8.98E-14 1.57E-12 1.17E-11 2.76E-11 3.99E-11 4.11E-11 4.00E-11
 3.87E-11 3.63E-11 3.28E-11 2.79E-11 2.32E-11 2.05E-11
 2.24E-15 8.94E-14 1.55E-12 1.09E-11 2.38E-11 3.20E-11 3.26E-11 3.19E-11
 3.11E-11 2.95E-11 2.72E-11 2.37E-11 2.02E-11 1.82E-11
 2.17E-15 8.52E-14 1.37E-12 6.60E-12 1.00E-11 1.13E-11 1.13E-11 1.12E-11
 1.10E-11 1.07E-11 1.02E-11 9.56E-12 8.85E-12 8.38E-12
 1.63E-15 5.70E-14 6.41E-13 2.18E-12 3.89E-12 5.03E-12 5.07E-12 4.91E-12
 4.74E-12 4.47E-12 4.07E-12 3.53E-12 3.02E-12 2.75E-12
 8.20E-16 2.45E-14 2.97E-13 1.60E-12 3.34E-12 4.51E-12 4.56E-12 4.40E-12
 4.23E-12 3.95E-12 3.55E-12 3.00E-12 2.47E-12 2.19E-12
 6.87E-16 1.99E-14 2.63E-13 1.55E-12 3.29E-12 4.46E-12 4.51E-12 4.35E-12
 4.18E-12 3.90E-12 3.50E-12 2.95E-12 2.43E-12 2.14E-12
  56.0733    7  14 /pl=01:ss=33:pb= 1:sz=33/type=excit/ispb = t/isel =   19
 1.00E+10 1.00E+11 1.00E+12 1.00E+13 1.00E+14 1.00E+15 1.00E+16
 1.99E+01 2.99E+01 4.98E+01 9.96E+01 1.99E+02 4.98E+02 9.96E+02 1.49E+03
 1.99E+03 2.99E+03 4.98E+03 9.96E+03 1.99E+04 2.99E+04
 8.93E-15 2.96E-13 4.46E-12 2.97E-11 6.69E-11 9.29E-11 9.52E-11 9.22E-11
 8.87E-11 8.30E-11 7.53E-11 6.41E-11 5.32E-11 4.74E-11
 8.93E-15 2.96E-13 4.46E-12 2.95E-11 6.58E-11 9.07E-11 9.28E-11 8.99E-11
 8.66E-11 8.12E-11 7.38E-11 6.30E-11 5.24E-11 4.68E-11
 8.90E-15 2.94E-13 4.40E-12 2.76E-11 5.66E-11 7.29E-11 7.38E-11 7.19E-11
 6.96E-11 6.61E-11 6.11E-11 5.35E-11 4.57E-11 4.14E-11
 8.59E-15 2.80E-13 3.87E-12 1.70E-11 2.53E-11 2.81E-11 2.79E-11 2.73E-11
 2.67E-11 2.58E-11 2.46E-11 2.28E-11 2.10E-11 1.99E-11
 6.57E-15 1.91E-13 1.93E-12 6.51E-12 1.12E-11 1.38E-11 1.37E-11 1.32E-11
 1.27E-11 1.20E-11 1.10E-11 9.65E-12 8.32E-12 7.59E-12
 3.75E-15 9.34E-14 9.91E-13 4.81E-12 9.40E-12 1.21E-11 1.20E-11 1.15E-11
 1.11E-11 1.03E-11 9.37E-12 7.99E-12 6.67E-12 5.95E-12
 3.15E-15 7.60E-14 8.72E-13 4.63E-12 9.21E-12 1.19E-11 1.18E-11 1.13E-11
 1.09E-11 1.02E-11 9.19E-12 7.81E-12 6.49E-12 5.77E-12
  56.1637    7  14 /pl=01:ss=33:pb= 1:sz=33/type=excit/ispb = t/isel =   20
 1.00E+10 1.00E+11 1.00E+12 1.00E+13 1.00E+14 1.00E+15 1.00E+16
 1.99E+01 2.99E+01 4.98E+01 9.96E+01 1.99E+02 4.98E+02 9.96E+02 1.49E+03
 1.99E+03 2.99E+03 4.98E+03 9.96E+03 1.99E+04 2.99E+04
 1.33E-14 5.33E-13 9.35E-12 7.00E-11 1.67E-10 2.44E-10 2.51E-10 2.43E-10
 2.36E-10 2.21E-10 2.00E-10 1.69E-10 1.40E-10 1.24E-10
 1.33E-14 5.32E-13 9.34E-12 6.95E-11 1.64E-10 2.37E-10 2.44E-10 2.37E-10
 2.30E-10 2.16E-10 1.96E-10 1.66E-10 1.38E-10 1.22E-10
 1.33E-14 5.29E-13 9.20E-12 6.47E-11 1.40E-10 1.87E-10 1.91E-10 1.86E-10
 1.82E-10 1.73E-10 1.60E-10 1.39E-10 1.19E-10 1.07E-10
 1.27E-14 4.99E-13 7.99E-12 3.80E-11 5.74E-11 6.51E-11 6.50E-11 6.39E-11
 6.29E-11 6.12E-11 5.87E-11 5.49E-11 5.08E-11 4.82E-11
 9.16E-15 3.20E-13 3.60E-12 1.24E-11 2.17E-11 2.75E-11 2.76E-11 2.68E-11
 2.59E-11 2.45E-11 2.26E-11 1.98E-11 1.71E-11 1.57E-11
 4.38E-15 1.31E-13 1.58E-12 8.48E-12 1.75E-11 2.34E-11 2.35E-11 2.27E-11
 2.18E-11 2.04E-11 1.84E-11 1.57E-11 1.30E-11 1.16E-11
 3.46E-15 1.01E-13 1.35E-12 8.08E-12 1.71E-11 2.30E-11 2.31E-11 2.22E-11
 2.14E-11 2.00E-11 1.80E-11 1.52E-11 1.26E-11 1.11E-11
  57.5271    7  14 /pl=01:ss=33:pb= 1:sz=33/type=excit/ispb = t/isel =   21
 1.00E+10 1.00E+11 1.00E+12 1.00E+13 1.00E+14 1.00E+15 1.00E+16
 1.99E+01 2.99E+01 4.98E+01 9.96E+01 1.99E+02 4.98E+02 9.96E+02 1.49E+03
 1.99E+03 2.99E+03 4.98E+03 9.96E+03 1.99E+04 2.99E+04
 5.87E-15 2.16E-13 3.53E-12 2.50E-11 5.84E-11 8.34E-11 8.55E-11 8.30E-11
 8.00E-11 7.49E-11 6.80E-11 5.75E-11 4.74E-11 4.20E-11
 5.87E-15 2.16E-13 3.53E-12 2.49E-11 5.75E-11 8.14E-11 8.34E-11 8.10E-11
 7.82E-11 7.33E-11 6.66E-11 5.65E-11 4.68E-11 4.15E-11
 5.85E-15 2.14E-13 3.48E-12 2.33E-11 4.98E-11 6.62E-11 6.72E-11 6.55E-11
 6.36E-11 6.03E-11 5.57E-11 4.84E-11 4.10E-11 3.69E-11
 5.63E-15 2.03E-13 3.08E-12 1.50E-11 2.48E-11 2.97E-11 2.97E-11 2.90E-11
 2.83E-11 2.71E-11 2.55E-11 2.31E-11 2.06E-11 1.92E-11
 4.42E-15 1.44E-13 1.70E-12 7.38E-12 1.40E-11 1.82E-11 1.83E-11 1.77E-11
 1.70E-11 1.60E-11 1.46E-11 1.25E-11 1.06E-11 9.57E-12
 3.30E-15 9.16E-14 1.12E-12 6.09E-12 1.25E-11 1.66E-11 1.67E-11 1.61E-11
 1.55E-11 1.44E-11 1.30E-11 1.10E-11 9.10E-12 8.07E-12
 3.16E-15 8.41E-14 1.04E-12 5.93E-12 1.23E-11 1.65E-11 1.65E-11 1.59E-11
 1.53E-11 1.43E-11 1.28E-11 1.08E-11 8.92E-12 7.90E-12
  57.8907    7  14 /pl=01:ss=33:pb= 1:sz=33/type=excit/ispb = t/isel =   22
 1.00E+10 1.00E+11 1.00E+12 1.00E+13 1.00E+14 1.00E+15 1.00E+16
 1.99E+01 2.99E+01 4.98E+01 9.96E+01 1.99E+02 4.98E+02 9.96E+02 1.49E+03
 1.99E+03 2.99E+03 4.98E+03 9.96E+03 1.99E+04 2.99E+04
 1.17E-15 5.46E-14 1.08E-12 8.77E-12 2.19E-11 3.27E-11 3.38E-11 3.31E-11
 3.19E-11 3.00E-11 2.72E-11 2.30E-11 1.91E-11 1.70E-11
 1.17E-15 5.45E-14 1.08E-12 8.70E-12 2.14E-11 3.17E-11 3.28E-11 3.21E-11
 3.10E-11 2.92E-11 2.65E-11 2.26E-11 1.88E-11 1.67E-11
 1.17E-15 5.42E-14 1.06E-12 8.01E-12 1.78E-11 2.42E-11 2.48E-11 2.44E-11
 2.37E-11 2.27E-11 2.11E-11 1.85E-11 1.59E-11 1.44E-11
 1.11E-15 5.06E-14 8.98E-13 4.25E-12 5.95E-12 6.42E-12 6.39E-12 6.36E-12
 6.30E-12 6.23E-12 6.12E-12 5.92E-12 5.68E-12 5.52E-12
 7.24E-16 2.91E-14 3.27E-13 8.77E-13 1.39E-12 1.74E-12 1.74E-12 1.70E-12
 1.65E-12 1.58E-12 1.47E-12 1.32E-12 1.17E-12 1.10E-12
 2.18E-16 7.47E-15 8.99E-14 4.68E-13 9.85E-13 1.34E-12 1.35E-12 1.31E-12
 1.26E-12 1.18E-12 1.07E-12 9.11E-13 7.61E-13 6.79E-13
 1.33E-16 4.49E-15 6.71E-14 4.32E-13 9.47E-13 1.30E-12 1.31E-12 1.27E-12
 1.22E-12 1.14E-12 1.03E-12 8.73E-13 7.23E-13 6.41E-13
  59.2168    7  14 /pl=01:ss=33:pb= 1:sz=33/type=excit/ispb = t/isel =   23
 1.00E+10 1.00E+11 1.00E+12 1.00E+13 1.00E+14 1.00E+15 1.00E+16
 1.99E+01 2.99E+01 4.98E+01 9.96E+01 1.99E+02 4.98E+02 9.96E+02 1.49E+03
 1.99E+03 2.99E+03 4.98E+03 9.96E+03 1.99E+04 2.99E+04
 1.26E-14 4.19E-13 6.31E-12 4.20E-11 9.46E-11 1.32E-10 1.35E-10 1.31E-10
 1.26E-10 1.18E-10 1.07E-10 9.07E-11 7.53E-11 6.72E-11
 1.26E-14 4.19E-13 6.31E-12 4.17E-11 9.31E-11 1.28E-10 1.31E-10 1.27E-10
 1.23E-10 1.15E-10 1.04E-10 8.92E-11 7.42E-11 6.63E-11
 1.26E-14 4.17E-13 6.22E-12 3.91E-11 8.01E-11 1.03E-10 1.04E-10 1.02E-10
 9.86E-11 9.35E-11 8.65E-11 7.58E-11 6.47E-11 5.86E-11
 1.22E-14 3.96E-13 5.48E-12 2.40E-11 3.58E-11 3.98E-11 3.95E-11 3.86E-11
 3.78E-11 3.65E-11 3.48E-11 3.23E-11 2.97E-11 2.81E-11
 9.31E-15 2.71E-13 2.73E-12 9.22E-12 1.58E-11 1.95E-11 1.93E-11 1.87E-11
 1.80E-11 1.70E-11 1.56E-11 1.37E-11 1.18E-11 1.07E-11
 5.31E-15 1.32E-13 1.40E-12 6.81E-12 1.33E-11 1.71E-11 1.70E-11 1.63E-11
 1.57E-11 1.46E-11 1.33E-11 1.13E-11 9.44E-12 8.42E-12
 4.47E-15 1.08E-13 1.23E-12 6.55E-12 1.30E-11 1.68E-11 1.67E-11 1.61E-11
 1.54E-11 1.44E-11 1.30E-11 1.11E-11 9.19E-12 8.17E-12
  59.7912    7  14 /pl=01:ss=33:pb= 1:sz=33/type=excit/ispb = t/isel =   24
 1.00E+10 1.00E+11 1.00E+12 1.00E+13 1.00E+14 1.00E+15 1.00E+16
 1.99E+01 2.99E+01 4.98E+01 9.96E+01 1.99E+02 4.98E+02 9.96E+02 1.49E+03
 1.99E+03 2.99E+03 4.98E+03 9.96E+03 1.99E+04 2.99E+04
 3.26E-15 1.08E-13 1.63E-12 1.08E-11 2.44E-11 3.39E-11 3.48E-11 3.37E-11
 3.24E-11 3.03E-11 2.75E-11 2.34E-11 1.94E-11 1.73E-11
 3.26E-15 1.08E-13 1.63E-12 1.08E-11 2.40E-11 3.31E-11 3.39E-11 3.29E-11
 3.16E-11 2.97E-11 2.70E-11 2.30E-11 1.92E-11 1.71E-11
 3.25E-15 1.08E-13 1.61E-12 1.01E-11 2.07E-11 2.66E-11 2.70E-11 2.63E-11
 2.54E-11 2.41E-11 2.23E-11 1.96E-11 1.67E-11 1.51E-11
 3.14E-15 1.02E-13 1.41E-12 6.21E-12 9.24E-12 1.03E-11 1.02E-11 9.97E-12
 9.75E-12 9.43E-12 8.99E-12 8.35E-12 7.66E-12 7.26E-12
 2.40E-15 6.99E-14 7.05E-13 2.38E-12 4.08E-12 5.03E-12 4.99E-12 4.82E-12
 4.66E-12 4.39E-12 4.03E-12 3.52E-12 3.04E-12 2.77E-12
 1.37E-15 3.41E-14 3.62E-13 1.76E-12 3.44E-12 4.40E-12 4.38E-12 4.21E-12
 4.05E-12 3.78E-12 3.42E-12 2.92E-12 2.44E-12 2.17E-12
 1.15E-15 2.78E-14 3.19E-13 1.69E-12 3.37E-12 4.34E-12 4.31E-12 4.15E-12
 3.98E-12 3.72E-12 3.36E-12 2.85E-12 2.37E-12 2.11E-12
  60.4257    7  14 /pl=01:ss=33:pb= 1:sz=33/type=excit/ispb = t/isel =   25
 1.00E+10 1.00E+11 1.00E+12 1.00E+13 1.00E+14 1.00E+15 1.00E+16
 1.99E+01 2.99E+01 4.98E+01 9.96E+01 1.99E+02 4.98E+02 9.96E+02 1.49E+03
 1.99E+03 2.99E+03 4.98E+03 9.96E+03 1.99E+04 2.99E+04
 3.60E-15 1.32E-13 2.17E-12 1.54E-11 3.58E-11 5.12E-11 5.25E-11 5.09E-11
 4.91E-11 4.60E-11 4.17E-11 3.53E-11 2.91E-11 2.58E-11
 3.60E-15 1.32E-13 2.17E-12 1.53E-11 3.53E-11 5.00E-11 5.12E-11 4.97E-11
 4.80E-11 4.50E-11 4.09E-11 3.47E-11 2.87E-11 2.55E-11
 3.59E-15 1.32E-13 2.14E-12 1.43E-11 3.06E-11 4.06E-11 4.13E-11 4.02E-11
 3.91E-11 3.70E-11 3.42E-11 2.97E-11 2.52E-11 2.27E-11
 3.46E-15 1.25E-13 1.89E-12 9.21E-12 1.52E-11 1.82E-11 1.82E-11 1.78E-11
 1.74E-11 1.67E-11 1.57E-11 1.42E-11 1.27E-11 1.18E-11
 2.71E-15 8.82E-14 1.04E-12 4.53E-12 8.62E-12 1.12E-11 1.12E-11 1.08E-11
 1.05E-11 9.82E-12 8.95E-12 7.70E-12 6.51E-12 5.87E-12
 2.03E-15 5.63E-14 6.85E-13 3.74E-12 7.67E-12 1.02E-11 1.02E-11 9.87E-12
 9.49E-12 8.86E-12 7.98E-12 6.75E-12 5.58E-12 4.96E-12
 1.94E-15 5.16E-14 6.40E-13 3.64E-12 7.57E-12 1.01E-11 1.01E-11 9.76E-12
 9.38E-12 8.75E-12 7.87E-12 6.64E-12 5.48E-12 4.85E-12
  62.2926    7  14 /pl=01:ss=33:pb= 1:sz=33/type=excit/ispb = t/isel =   26
 1.00E+10 1.00E+11 1.00E+12 1.00E+13 1.00E+14 1.00E+15 1.00E+16
 1.99E+01 2.99E+01 4.98E+01 9.96E+01 1.99E+02 4.98E+02 9.96E+02 1.49E+03
 1.99E+03 2.99E+03 4.98E+03 9.96E+03 1.99E+04 2.99E+04
 1.12E-14 3.72E-13 5.60E-12 3.72E-11 8.39E-11 1.17E-10 1.19E-10 1.16E-10
 1.11E-10 1.04E-10 9.45E-11 8.04E-11 6.68E-11 5.95E-11
 1.12E-14 3.71E-13 5.59E-12 3.70E-11 8.25E-11 1.14E-10 1.16E-10 1.13E-10
 1.09E-10 1.02E-10 9.26E-11 7.90E-11 6.58E-11 5.88E-11
 1.12E-14 3.69E-13 5.51E-12 3.46E-11 7.10E-11 9.14E-11 9.26E-11 9.02E-11
 8.74E-11 8.29E-11 7.66E-11 6.72E-11 5.74E-11 5.20E-11
 1.08E-14 3.51E-13 4.86E-12 2.13E-11 3.17E-11 3.53E-11 3.50E-11 3.42E-11
 3.35E-11 3.24E-11 3.09E-11 2.87E-11 2.63E-11 2.49E-11
 8.25E-15 2.40E-13 2.42E-12 8.17E-12 1.40E-11 1.73E-11 1.71E-11 1.66E-11
 1.60E-11 1.51E-11 1.38E-11 1.21E-11 1.04E-11 9.53E-12
 4.71E-15 1.17E-13 1.24E-12 6.04E-12 1.18E-11 1.51E-11 1.50E-11 1.45E-11
 1.39E-11 1.30E-11 1.18E-11 1.00E-11 8.37E-12 7.46E-12
 3.96E-15 9.54E-14 1.09E-12 5.81E-12 1.16E-11 1.49E-11 1.48E-11 1.42E-11
 1.37E-11 1.28E-11 1.15E-11 9.80E-12 8.14E-12 7.24E-12
  501.512    7  14 /pl=01:ss=33:pb= 1:sz=33/type=excit/ispb = t/isel =   27
 1.00E+10 1.00E+11 1.00E+12 1.00E+13 1.00E+14 1.00E+15 1.00E+16
 1.99E+01 2.99E+01 4.98E+01 9.96E+01 1.99E+02 4.98E+02 9.96E+02 1.49E+03
 1.99E+03 2.99E+03 4.98E+03 9.96E+03 1.99E+04 2.99E+04
 3.57E-13 6.66E-13 2.12E-12 1.02E-11 2.33E-11 3.44E-11 3.60E-11 3.52E-11
 3.40E-11 3.20E-11 2.90E-11 2.46E-11 2.04E-11 1.81E-11
 3.57E-13 6.67E-13 2.13E-12 1.03E-11 2.38E-11 3.54E-11 3.70E-11 3.62E-11
 3.50E-11 3.28E-11 2.97E-11 2.51E-11 2.07E-11 1.83E-11
 3.62E-13 6.75E-13 2.17E-12 1.11E-11 2.71E-11 4.15E-11 4.34E-11 4.24E-11
 4.09E-11 3.82E-11 3.43E-11 2.87E-11 2.33E-11 2.05E-11
 4.04E-13 7.47E-13 2.46E-12 1.26E-11 2.50E-11 3.22E-11 3.30E-11 3.26E-11
 3.21E-11 3.10E-11 2.92E-11 2.63E-11 2.30E-11 2.10E-11
 5.53E-13 9.39E-13 2.26E-12 4.91E-12 6.14E-12 6.62E-12 6.71E-12 6.72E-12
 6.71E-12 6.69E-12 6.62E-12 6.49E-12 6.30E-12 6.16E-12
 2.66E-13 3.80E-13 5.29E-13 6.67E-13 7.22E-13 7.47E-13 7.55E-13 7.58E-13
 7.60E-13 7.63E-13 7.66E-13 7.68E-13 7.68E-13 7.67E-13
 3.59E-14 4.92E-14 6.03E-14 6.92E-14 7.35E-14 7.56E-14 7.64E-14 7.68E-14
 7.71E-14 7.74E-14 7.78E-14 7.82E-14 7.85E-14 7.87E-14
  555.090    7  14 /pl=01:ss=33:pb= 1:sz=33/type=excit/ispb = t/isel =   28
 1.00E+10 1.00E+11 1.00E+12 1.00E+13 1.00E+14 1.00E+15 1.00E+16
 1.99E+01 2.99E+01 4.98E+01 9.96E+01 1.99E+02 4.98E+02 9.96E+02 1.49E+03
 1.99E+03 2.99E+03 4.98E+03 9.96E+03 1.99E+04 2.99E+04
 8.89E-15 7.55E-14 1.43E-12 1.39E-11 3.90E-11 6.35E-11 6.81E-11 6.71E-11
 6.52E-11 6.15E-11 5.60E-11 4.77E-11 3.96E-11 3.52E-11
 9.42E-15 7.64E-14 1.43E-12 1.38E-11 3.86E-11 6.25E-11 6.69E-11 6.60E-11
 6.42E-11 6.06E-11 5.53E-11 4.71E-11 3.92E-11 3.48E-11
 1.47E-14 8.60E-14 1.46E-12 1.35E-11 3.55E-11 5.44E-11 5.77E-11 5.70E-11
 5.56E-11 5.29E-11 4.87E-11 4.23E-11 3.58E-11 3.21E-11
 6.53E-14 1.76E-13 1.65E-12 1.11E-11 2.17E-11 2.76E-11 2.84E-11 2.82E-11
 2.78E-11 2.70E-11 2.57E-11 2.36E-11 2.11E-11 1.97E-11
 3.43E-13 6.03E-13 1.77E-12 4.07E-12 5.07E-12 5.46E-12 5.53E-12 5.54E-12
 5.54E-12 5.52E-12 5.47E-12 5.36E-12 5.21E-12 5.10E-12
 2.38E-13 3.29E-13 4.48E-13 5.53E-13 5.95E-13 6.13E-13 6.20E-13 6.23E-13
 6.25E-13 6.27E-13 6.29E-13 6.31E-13 6.31E-13 6.31E-13
 3.33E-14 4.37E-14 5.15E-14 5.74E-14 6.05E-14 6.21E-14 6.27E-14 6.31E-14
 6.33E-14 6.36E-14 6.39E-14 6.43E-14 6.45E-14 6.47E-14
  560.180    7  14 /pl=01:ss=33:pb= 1:sz=33/type=excit/ispb = t/isel =   29
 1.00E+10 1.00E+11 1.00E+12 1.00E+13 1.00E+14 1.00E+15 1.00E+16
 1.99E+01 2.99E+01 4.98E+01 9.96E+01 1.99E+02 4.98E+02 9.96E+02 1.49E+03
 1.99E+03 2.99E+03 4.98E+03 9.96E+03 1.99E+04 2.99E+04
 1.60E-13 3.26E-13 2.10E-12 1.71E-11 4.69E-11 7.56E-11 8.09E-11 7.97E-11
 7.74E-11 7.30E-11 6.65E-11 5.66E-11 4.69E-11 4.17E-11
 1.61E-13 3.27E-13 2.11E-12 1.72E-11 4.68E-11 7.52E-11 8.03E-11 7.91E-11
 7.69E-11 7.25E-11 6.61E-11 5.63E-11 4.68E-11 4.15E-11
 1.71E-13 3.46E-13 2.18E-12 1.74E-11 4.61E-11 7.16E-11 7.59E-11 7.47E-11
 7.26E-11 6.86E-11 6.28E-11 5.38E-11 4.50E-11 4.01E-11
 2.66E-13 5.19E-13 2.73E-12 1.80E-11 3.82E-11 5.09E-11 5.25E-11 5.18E-11
 5.07E-11 4.87E-11 4.55E-11 4.05E-11 3.51E-11 3.20E-11
 8.43E-13 1.43E-12 3.78E-12 9.13E-12 1.18E-11 1.29E-11 1.31E-11 1.31E-11
 1.30E-11 1.29E-11 1.28E-11 1.24E-11 1.19E-11 1.15E-11
 6.17E-13 8.29E-13 1.11E-12 1.37E-12 1.48E-12 1.52E-12 1.54E-12 1.54E-12
 1.55E-12 1.55E-12 1.56E-12 1.56E-12 1.55E-12 1.55E-12
 8.80E-14 1.12E-13 1.30E-13 1.45E-13 1.52E-13 1.55E-13 1.57E-13 1.57E-13
 1.58E-13 1.58E-13 1.59E-13 1.60E-13 1.60E-13 1.61E-13
  695.623    7  14 /pl=01:ss=33:pb= 1:sz=33/type=excit/ispb = t/isel =   30
 1.00E+10 1.00E+11 1.00E+12 1.00E+13 1.00E+14 1.00E+15 1.00E+16
 1.99E+01 2.99E+01 4.98E+01 9.96E+01 1.99E+02 4.98E+02 9.96E+02 1.49E+03
 1.99E+03 2.99E+03 4.98E+03 9.96E+03 1.99E+04 2.99E+04
 1.11E-12 1.64E-12 3.33E-12 1.20E-11 2.56E-11 3.66E-11 3.77E-11 3.66E-11
 3.53E-11 3.30E-11 2.98E-11 2.51E-11 2.07E-11 1.83E-11
 1.11E-12 1.64E-12 3.33E-12 1.20E-11 2.57E-11 3.69E-11 3.80E-11 3.69E-11
 3.56E-11 3.33E-11 3.00E-11 2.53E-11 2.08E-11 1.84E-11
 1.11E-12 1.65E-12 3.35E-12 1.23E-11 2.68E-11 3.86E-11 3.98E-11 3.86E-11
 3.73E-11 3.48E-11 3.14E-11 2.64E-11 2.17E-11 1.91E-11
 1.14E-12 1.70E-12 3.50E-12 1.25E-11 2.35E-11 3.00E-11 3.05E-11 2.99E-11
 2.92E-11 2.80E-11 2.61E-11 2.31E-11 1.99E-11 1.80E-11
 1.21E-12 1.71E-12 2.97E-12 5.69E-12 6.98E-12 7.38E-12 7.40E-12 7.38E-12
 7.35E-12 7.28E-12 7.17E-12 6.96E-12 6.68E-12 6.48E-12
 4.91E-13 5.98E-13 7.21E-13 8.24E-13 8.48E-13 8.49E-13 8.49E-13 8.49E-13
 8.50E-13 8.50E-13 8.51E-13 8.51E-13 8.49E-13 8.47E-13
 6.45E-14 7.42E-14 8.19E-14 8.59E-14 8.65E-14 8.61E-14 8.61E-14 8.61E-14
 8.62E-14 8.63E-14 8.66E-14 8.68E-14 8.70E-14 8.70E-14
  805.698    7  14 /pl=01:ss=33:pb= 1:sz=33/type=excit/ispb = t/isel =   31
 1.00E+10 1.00E+11 1.00E+12 1.00E+13 1.00E+14 1.00E+15 1.00E+16
 1.99E+01 2.99E+01 4.98E+01 9.96E+01 1.99E+02 4.98E+02 9.96E+02 1.49E+03
 1.99E+03 2.99E+03 4.98E+03 9.96E+03 1.99E+04 2.99E+04
 3.05E-12 4.53E-12 9.18E-12 3.30E-11 7.06E-11 1.01E-10 1.04E-10 1.01E-10
 9.75E-11 9.12E-11 8.22E-11 6.94E-11 5.72E-11 5.06E-11
 3.05E-12 4.54E-12 9.19E-12 3.31E-11 7.10E-11 1.02E-10 1.05E-10 1.02E-10
 9.83E-11 9.19E-11 8.29E-11 6.98E-11 5.75E-11 5.09E-11
 3.06E-12 4.55E-12 9.25E-12 3.38E-11 7.39E-11 1.06E-10 1.10E-10 1.07E-10
 1.03E-10 9.61E-11 8.66E-11 7.28E-11 5.98E-11 5.27E-11
 3.15E-12 4.69E-12 9.66E-12 3.44E-11 6.49E-11 8.28E-11 8.42E-11 8.26E-11
 8.07E-11 7.72E-11 7.20E-11 6.37E-11 5.49E-11 4.98E-11
 3.33E-12 4.73E-12 8.21E-12 1.57E-11 1.93E-11 2.04E-11 2.04E-11 2.04E-11
 2.03E-11 2.01E-11 1.98E-11 1.92E-11 1.84E-11 1.79E-11
 1.36E-12 1.65E-12 1.99E-12 2.27E-12 2.34E-12 2.34E-12 2.34E-12 2.34E-12
 2.34E-12 2.35E-12 2.35E-12 2.35E-12 2.34E-12 2.34E-12
 1.78E-13 2.05E-13 2.26E-13 2.37E-13 2.39E-13 2.38E-13 2.37E-13 2.38E-13
 2.38E-13 2.38E-13 2.39E-13 2.39E-13 2.40E-13 2.40E-13
  855.505    7  14 /pl=01:ss=33:pb= 1:sz=33/type=excit/ispb = t/isel =   32
 1.00E+10 1.00E+11 1.00E+12 1.00E+13 1.00E+14 1.00E+15 1.00E+16
 1.99E+01 2.99E+01 4.98E+01 9.96E+01 1.99E+02 4.98E+02 9.96E+02 1.49E+03
 1.99E+03 2.99E+03 4.98E+03 9.96E+03 1.99E+04 2.99E+04
 5.69E-15 4.83E-14 9.16E-13 8.87E-12 2.50E-11 4.06E-11 4.36E-11 4.30E-11
 4.18E-11 3.94E-11 3.59E-11 3.05E-11 2.53E-11 2.25E-11
 6.03E-15 4.89E-14 9.18E-13 8.85E-12 2.47E-11 4.00E-11 4.28E-11 4.22E-11
 4.11E-11 3.88E-11 3.54E-11 3.02E-11 2.51E-11 2.23E-11
 9.44E-15 5.51E-14 9.32E-13 8.64E-12 2.27E-11 3.48E-11 3.69E-11 3.65E-11
 3.56E-11 3.38E-11 3.12E-11 2.71E-11 2.29E-11 2.06E-11
 4.18E-14 1.13E-13 1.05E-12 7.14E-12 1.39E-11 1.77E-11 1.82E-11 1.81E-11
 1.78E-11 1.73E-11 1.65E-11 1.51E-11 1.35E-11 1.26E-11
 2.19E-13 3.86E-13 1.13E-12 2.60E-12 3.25E-12 3.49E-12 3.54E-12 3.55E-12
 3.54E-12 3.53E-12 3.50E-12 3.43E-12 3.34E-12 3.27E-12
 1.53E-13 2.11E-13 2.87E-13 3.54E-13 3.81E-13 3.93E-13 3.97E-13 3.99E-13
 4.00E-13 4.01E-13 4.03E-13 4.04E-13 4.04E-13 4.04E-13
 2.13E-14 2.80E-14 3.30E-14 3.68E-14 3.88E-14 3.98E-14 4.02E-14 4.04E-14
 4.05E-14 4.07E-14 4.09E-14 4.11E-14 4.13E-14 4.14E-14
  901.770    7  14 /pl=01:ss=33:pb= 1:sz=33/type=excit/ispb = t/isel =   33
 1.00E+10 1.00E+11 1.00E+12 1.00E+13 1.00E+14 1.00E+15 1.00E+16
 1.99E+01 2.99E+01 4.98E+01 9.96E+01 1.99E+02 4.98E+02 9.96E+02 1.49E+03
 1.99E+03 2.99E+03 4.98E+03 9.96E+03 1.99E+04 2.99E+04
 6.04E-12 7.86E-12 1.65E-11 6.91E-11 1.56E-10 2.29E-10 2.39E-10 2.33E-10
 2.25E-10 2.11E-10 1.91E-10 1.62E-10 1.34E-10 1.19E-10
 6.04E-12 7.86E-12 1.65E-11 6.87E-11 1.54E-10 2.25E-10 2.34E-10 2.28E-10
 2.21E-10 2.07E-10 1.88E-10 1.60E-10 1.33E-10 1.18E-10
 6.01E-12 7.81E-12 1.63E-11 6.49E-11 1.35E-10 1.86E-10 1.91E-10 1.87E-10
 1.83E-10 1.73E-10 1.60E-10 1.39E-10 1.18E-10 1.06E-10
 5.74E-12 7.36E-12 1.43E-11 3.94E-11 5.31E-11 5.62E-11 5.63E-11 5.62E-11
 5.60E-11 5.56E-11 5.49E-11 5.33E-11 5.08E-11 4.90E-11
 3.75E-12 4.30E-12 5.49E-12 5.83E-12 5.37E-12 5.07E-12 5.02E-12 5.02E-12
 5.03E-12 5.06E-12 5.11E-12 5.20E-12 5.31E-12 5.38E-12
 6.46E-13 6.16E-13 5.73E-13 5.18E-13 4.85E-13 4.64E-13 4.58E-13 4.57E-13
 4.57E-13 4.57E-13 4.58E-13 4.60E-13 4.62E-13 4.64E-13
 6.42E-14 5.88E-14 5.44E-14 5.05E-14 4.78E-14 4.59E-14 4.53E-14 4.52E-14
 4.51E-14 4.51E-14 4.51E-14 4.52E-14 4.52E-14 4.53E-14
  926.844    7  14 /pl=01:ss=33:pb= 1:sz=33/type=excit/ispb = t/isel =   34
 1.00E+10 1.00E+11 1.00E+12 1.00E+13 1.00E+14 1.00E+15 1.00E+16
 1.99E+01 2.99E+01 4.98E+01 9.96E+01 1.99E+02 4.98E+02 9.96E+02 1.49E+03
 1.99E+03 2.99E+03 4.98E+03 9.96E+03 1.99E+04 2.99E+04
 2.40E-12 3.57E-12 7.24E-12 2.60E-11 5.56E-11 7.96E-11 8.20E-11 7.96E-11
 7.68E-11 7.18E-11 6.48E-11 5.47E-11 4.51E-11 3.99E-11
 2.40E-12 3.57E-12 7.24E-12 2.61E-11 5.60E-11 8.03E-11 8.27E-11 8.03E-11
 7.75E-11 7.24E-11 6.53E-11 5.50E-11 4.53E-11 4.01E-11
 2.41E-12 3.59E-12 7.29E-12 2.67E-11 5.82E-11 8.39E-11 8.65E-11 8.40E-11
 8.10E-11 7.57E-11 6.82E-11 5.74E-11 4.71E-11 4.16E-11
 2.49E-12 3.70E-12 7.61E-12 2.71E-11 5.11E-11 6.53E-11 6.64E-11 6.51E-11
 6.36E-11 6.09E-11 5.67E-11 5.02E-11 4.33E-11 3.92E-11
 2.62E-12 3.73E-12 6.47E-12 1.24E-11 1.52E-11 1.61E-11 1.61E-11 1.60E-11
 1.60E-11 1.58E-11 1.56E-11 1.51E-11 1.45E-11 1.41E-11
 1.07E-12 1.30E-12 1.57E-12 1.79E-12 1.84E-12 1.85E-12 1.85E-12 1.85E-12
 1.85E-12 1.85E-12 1.85E-12 1.85E-12 1.85E-12 1.84E-12
 1.40E-13 1.61E-13 1.78E-13 1.87E-13 1.88E-13 1.87E-13 1.87E-13 1.87E-13
 1.87E-13 1.88E-13 1.88E-13 1.89E-13 1.89E-13 1.89E-13
  970.648    7  14 /pl=01:ss=33:pb= 1:sz=33/type=excit/ispb = t/isel =   35
 1.00E+10 1.00E+11 1.00E+12 1.00E+13 1.00E+14 1.00E+15 1.00E+16
 1.99E+01 2.99E+01 4.98E+01 9.96E+01 1.99E+02 4.98E+02 9.96E+02 1.49E+03
 1.99E+03 2.99E+03 4.98E+03 9.96E+03 1.99E+04 2.99E+04
 3.73E-13 5.69E-13 1.78E-12 1.01E-11 2.48E-11 3.79E-11 4.00E-11 3.92E-11
 3.80E-11 3.57E-11 3.25E-11 2.76E-11 2.29E-11 2.03E-11
 3.73E-13 5.70E-13 1.78E-12 1.00E-11 2.46E-11 3.75E-11 3.95E-11 3.87E-11
 3.75E-11 3.53E-11 3.21E-11 2.73E-11 2.27E-11 2.02E-11
 3.80E-13 5.80E-13 1.80E-12 9.86E-12 2.30E-11 3.33E-11 3.48E-11 3.41E-11
 3.32E-11 3.14E-11 2.89E-11 2.49E-11 2.10E-11 1.88E-11
 4.37E-13 6.62E-13 1.92E-12 7.91E-12 1.32E-11 1.55E-11 1.57E-11 1.56E-11
 1.54E-11 1.50E-11 1.44E-11 1.34E-11 1.22E-11 1.14E-11
 6.02E-13 8.24E-13 1.44E-12 2.14E-12 2.26E-12 2.27E-12 2.26E-12 2.26E-12
 2.26E-12 2.26E-12 2.26E-12 2.25E-12 2.23E-12 2.21E-12
 1.99E-13 2.20E-13 2.35E-13 2.37E-13 2.34E-13 2.30E-13 2.30E-13 2.29E-13
 2.30E-13 2.30E-13 2.30E-13 2.31E-13 2.31E-13 2.31E-13
 2.25E-14 2.36E-14 2.41E-14 2.38E-14 2.34E-14 2.30E-14 2.29E-14 2.29E-14
 2.30E-14 2.30E-14 2.30E-14 2.31E-14 2.31E-14 2.31E-14
  1009.80    7  14 /pl=01:ss=33:pb= 1:sz=33/type=excit/ispb = t/isel =   36
 1.00E+10 1.00E+11 1.00E+12 1.00E+13 1.00E+14 1.00E+15 1.00E+16
 1.99E+01 2.99E+01 4.98E+01 9.96E+01 1.99E+02 4.98E+02 9.96E+02 1.49E+03
 1.99E+03 2.99E+03 4.98E+03 9.96E+03 1.99E+04 2.99E+04
 2.91E-13 5.92E-13 3.83E-12 3.12E-11 8.52E-11 1.37E-10 1.47E-10 1.45E-10
 1.41E-10 1.33E-10 1.21E-10 1.03E-10 8.54E-11 7.58E-11
 2.93E-13 5.96E-13 3.84E-12 3.12E-11 8.51E-11 1.37E-10 1.46E-10 1.44E-10
 1.40E-10 1.32E-10 1.20E-10 1.02E-10 8.50E-11 7.55E-11
 3.11E-13 6.29E-13 3.96E-12 3.17E-11 8.39E-11 1.30E-10 1.38E-10 1.36E-10
 1.32E-10 1.25E-10 1.14E-10 9.79E-11 8.19E-11 7.30E-11
 4.83E-13 9.44E-13 4.96E-12 3.28E-11 6.95E-11 9.27E-11 9.55E-11 9.42E-11
 9.22E-11 8.85E-11 8.28E-11 7.36E-11 6.39E-11 5.82E-11
 1.53E-12 2.60E-12 6.88E-12 1.66E-11 2.15E-11 2.35E-11 2.38E-11 2.38E-11
 2.37E-11 2.35E-11 2.32E-11 2.25E-11 2.16E-11 2.09E-11
 1.12E-12 1.51E-12 2.02E-12 2.50E-12 2.69E-12 2.77E-12 2.80E-12 2.81E-12
 2.82E-12 2.82E-12 2.83E-12 2.83E-12 2.83E-12 2.82E-12
 1.60E-13 2.03E-13 2.37E-13 2.63E-13 2.76E-13 2.82E-13 2.85E-13 2.86E-13
 2.87E-13 2.88E-13 2.89E-13 2.91E-13 2.92E-13 2.92E-13
  1051.19    7  14 /pl=01:ss=33:pb= 1:sz=33/type=excit/ispb = t/isel =   37
 1.00E+10 1.00E+11 1.00E+12 1.00E+13 1.00E+14 1.00E+15 1.00E+16
 1.99E+01 2.99E+01 4.98E+01 9.96E+01 1.99E+02 4.98E+02 9.96E+02 1.49E+03
 1.99E+03 2.99E+03 4.98E+03 9.96E+03 1.99E+04 2.99E+04
 1.60E-13 3.26E-13 2.10E-12 1.71E-11 4.69E-11 7.56E-11 8.09E-11 7.97E-11
 7.74E-11 7.30E-11 6.65E-11 5.66E-11 4.69E-11 4.17E-11
 1.61E-13 3.27E-13 2.11E-12 1.72E-11 4.68E-11 7.52E-11 8.03E-11 7.91E-11
 7.69E-11 7.25E-11 6.61E-11 5.63E-11 4.68E-11 4.15E-11
 1.71E-13 3.46E-13 2.18E-12 1.74E-11 4.61E-11 7.16E-11 7.59E-11 7.47E-11
 7.26E-11 6.86E-11 6.28E-11 5.38E-11 4.50E-11 4.01E-11
 2.66E-13 5.19E-13 2.73E-12 1.80E-11 3.82E-11 5.09E-11 5.25E-11 5.18E-11
 5.07E-11 4.87E-11 4.55E-11 4.05E-11 3.51E-11 3.20E-11
 8.43E-13 1.43E-12 3.78E-12 9.13E-12 1.18E-11 1.29E-11 1.31E-11 1.31E-11
 1.30E-11 1.29E-11 1.28E-11 1.24E-11 1.19E-11 1.15E-11
 6.17E-13 8.29E-13 1.11E-12 1.37E-12 1.48E-12 1.52E-12 1.54E-12 1.54E-12
 1.55E-12 1.55E-12 1.56E-12 1.56E-12 1.55E-12 1.55E-12
 8.80E-14 1.12E-13 1.30E-13 1.45E-13 1.52E-13 1.55E-13 1.57E-13 1.57E-13
 1.58E-13 1.58E-13 1.59E-13 1.60E-13 1.60E-13 1.61E-13
  1056.30    7  14 /pl=01:ss=33:pb= 1:sz=33/type=excit/ispb = t/isel =   38
 1.00E+10 1.00E+11 1.00E+12 1.00E+13 1.00E+14 1.00E+15 1.00E+16
 1.99E+01 2.99E+01 4.98E+01 9.96E+01 1.99E+02 4.98E+02 9.96E+02 1.49E+03
 1.99E+03 2.99E+03 4.98E+03 9.96E+03 1.99E+04 2.99E+04
 1.80E-11 2.54E-11 7.91E-11 4.33E-10 1.03E-09 1.54E-09 1.61E-09 1.57E-09
 1.52E-09 1.43E-09 1.30E-09 1.10E-09 9.16E-10 8.13E-10
 1.80E-11 2.54E-11 7.90E-11 4.29E-10 1.01E-09 1.50E-09 1.57E-09 1.53E-09
 1.48E-09 1.40E-09 1.27E-09 1.08E-09 9.02E-10 8.02E-10
 1.80E-11 2.54E-11 7.81E-11 3.99E-10 8.54E-10 1.17E-09 1.21E-09 1.19E-09
 1.16E-09 1.11E-09 1.03E-09 9.04E-10 7.74E-10 7.00E-10
 1.82E-11 2.52E-11 6.93E-11 2.20E-10 2.84E-10 2.93E-10 2.93E-10 2.94E-10
 2.94E-10 2.93E-10 2.92E-10 2.88E-10 2.81E-10 2.74E-10
 1.52E-11 1.81E-11 2.66E-11 2.80E-11 2.51E-11 2.35E-11 2.32E-11 2.32E-11
 2.33E-11 2.35E-11 2.38E-11 2.43E-11 2.49E-11 2.54E-11
 3.13E-12 2.92E-12 2.68E-12 2.37E-12 2.20E-12 2.11E-12 2.08E-12 2.08E-12
 2.07E-12 2.08E-12 2.08E-12 2.09E-12 2.10E-12 2.11E-12
 3.16E-13 2.80E-13 2.52E-13 2.30E-13 2.16E-13 2.08E-13 2.05E-13 2.05E-13
 2.04E-13 2.04E-13 2.04E-13 2.04E-13 2.05E-13 2.05E-13
  1199.27    7  14 /pl=01:ss=33:pb= 1:sz=33/type=excit/ispb = t/isel =   39
 1.00E+10 1.00E+11 1.00E+12 1.00E+13 1.00E+14 1.00E+15 1.00E+16
 1.99E+01 2.99E+01 4.98E+01 9.96E+01 1.99E+02 4.98E+02 9.96E+02 1.49E+03
 1.99E+03 2.99E+03 4.98E+03 9.96E+03 1.99E+04 2.99E+04
 3.17E-12 4.84E-12 1.52E-11 8.56E-11 2.11E-10 3.23E-10 3.40E-10 3.33E-10
 3.23E-10 3.04E-10 2.76E-10 2.35E-10 1.94E-10 1.73E-10
 3.17E-12 4.85E-12 1.52E-11 8.54E-11 2.09E-10 3.19E-10 3.36E-10 3.29E-10
 3.19E-10 3.00E-10 2.73E-10 2.32E-10 1.93E-10 1.71E-10
 3.23E-12 4.93E-12 1.53E-11 8.38E-11 1.95E-10 2.83E-10 2.96E-10 2.90E-10
 2.82E-10 2.67E-10 2.45E-10 2.12E-10 1.79E-10 1.60E-10
 3.71E-12 5.62E-12 1.63E-11 6.72E-11 1.12E-10 1.32E-10 1.34E-10 1.32E-10
 1.31E-10 1.28E-10 1.23E-10 1.14E-10 1.04E-10 9.71E-11
 5.12E-12 7.01E-12 1.22E-11 1.82E-11 1.92E-11 1.93E-11 1.92E-11 1.92E-11
 1.92E-11 1.92E-11 1.92E-11 1.91E-11 1.90E-11 1.88E-11
 1.69E-12 1.87E-12 2.00E-12 2.02E-12 1.99E-12 1.96E-12 1.95E-12 1.95E-12
 1.95E-12 1.95E-12 1.96E-12 1.96E-12 1.97E-12 1.97E-12
 1.91E-13 2.01E-13 2.05E-13 2.03E-13 1.99E-13 1.96E-13 1.95E-13 1.95E-13
 1.95E-13 1.95E-13 1.96E-13 1.96E-13 1.97E-13 1.97E-13
  1258.11    7  14 /pl=01:ss=33:pb= 1:sz=33/type=excit/ispb = t/isel =   40
 1.00E+10 1.00E+11 1.00E+12 1.00E+13 1.00E+14 1.00E+15 1.00E+16
 1.99E+01 2.99E+01 4.98E+01 9.96E+01 1.99E+02 4.98E+02 9.96E+02 1.49E+03
 1.99E+03 2.99E+03 4.98E+03 9.96E+03 1.99E+04 2.99E+04
 6.50E-13 1.35E-12 9.34E-12 7.04E-11 1.85E-10 2.96E-10 3.18E-10 3.14E-10
 3.06E-10 2.89E-10 2.63E-10 2.25E-10 1.87E-10 1.66E-10
 6.53E-13 1.36E-12 9.36E-12 7.06E-11 1.86E-10 2.96E-10 3.18E-10 3.13E-10
 3.05E-10 2.88E-10 2.63E-10 2.24E-10 1.86E-10 1.66E-10
 6.88E-13 1.42E-12 9.57E-12 7.23E-11 1.86E-10 2.86E-10 3.04E-10 2.99E-10
 2.91E-10 2.76E-10 2.53E-10 2.17E-10 1.82E-10 1.62E-10
 1.01E-12 1.93E-12 1.11E-11 6.73E-11 1.21E-10 1.46E-10 1.49E-10 1.48E-10
 1.47E-10 1.44E-10 1.39E-10 1.30E-10 1.19E-10 1.11E-10
 2.46E-12 3.69E-12 9.32E-12 1.66E-11 1.75E-11 1.75E-11 1.76E-11 1.76E-11
 1.77E-11 1.78E-11 1.79E-11 1.81E-11 1.83E-11 1.84E-11
 1.23E-12 1.36E-12 1.56E-12 1.67E-12 1.66E-12 1.66E-12 1.66E-12 1.67E-12
 1.67E-12 1.67E-12 1.68E-12 1.69E-12 1.69E-12 1.70E-12
 1.58E-13 1.63E-13 1.63E-13 1.65E-13 1.64E-13 1.64E-13 1.65E-13 1.65E-13
 1.65E-13 1.66E-13 1.66E-13 1.66E-13 1.67E-13 1.67E-13
  1332.80    7  14 /pl=01:ss=33:pb= 1:sz=33/type=excit/ispb = t/isel =   41
 1.00E+10 1.00E+11 1.00E+12 1.00E+13 1.00E+14 1.00E+15 1.00E+16
 1.99E+01 2.99E+01 4.98E+01 9.96E+01 1.99E+02 4.98E+02 9.96E+02 1.49E+03
 1.99E+03 2.99E+03 4.98E+03 9.96E+03 1.99E+04 2.99E+04
 4.81E-11 6.13E-11 1.33E-10 5.76E-10 1.31E-09 1.92E-09 2.00E-09 1.95E-09
 1.89E-09 1.77E-09 1.60E-09 1.36E-09 1.13E-09 9.99E-10
 4.80E-11 6.12E-11 1.32E-10 5.70E-10 1.28E-09 1.85E-09 1.92E-09 1.88E-09
 1.82E-09 1.71E-09 1.55E-09 1.32E-09 1.10E-09 9.80E-10
 4.76E-11 6.05E-11 1.29E-10 5.13E-10 1.01E-09 1.32E-09 1.35E-09 1.33E-09
 1.30E-09 1.25E-09 1.17E-09 1.03E-09 8.96E-10 8.15E-10
 4.34E-11 5.41E-11 1.02E-10 2.20E-10 2.26E-10 2.06E-10 2.03E-10 2.04E-10
 2.06E-10 2.09E-10 2.14E-10 2.21E-10 2.27E-10 2.29E-10
 2.06E-11 2.23E-11 2.31E-11 1.54E-11 1.18E-11 1.05E-11 1.03E-11 1.03E-11
 1.04E-11 1.05E-11 1.07E-11 1.11E-11 1.16E-11 1.20E-11
 1.91E-12 1.69E-12 1.35E-12 1.05E-12 9.32E-13 8.75E-13 8.60E-13 8.56E-13
 8.56E-13 8.56E-13 8.57E-13 8.61E-13 8.66E-13 8.71E-13
 1.53E-13 1.30E-13 1.13E-13 9.86E-14 9.05E-14 8.56E-14 8.42E-14 8.38E-14
 8.37E-14 8.35E-14 8.35E-14 8.34E-14 8.34E-14 8.35E-14
  1488.96    7  14 /pl=01:ss=33:pb= 1:sz=33/type=excit/ispb = t/isel =   42
 1.00E+10 1.00E+11 1.00E+12 1.00E+13 1.00E+14 1.00E+15 1.00E+16
 1.99E+01 2.99E+01 4.98E+01 9.96E+01 1.99E+02 4.98E+02 9.96E+02 1.49E+03
 1.99E+03 2.99E+03 4.98E+03 9.96E+03 1.99E+04 2.99E+04
 2.68E-12 4.10E-12 1.28E-11 7.24E-11 1.79E-10 2.73E-10 2.88E-10 2.82E-10
 2.73E-10 2.57E-10 2.34E-10 1.99E-10 1.65E-10 1.46E-10
 2.69E-12 4.10E-12 1.28E-11 7.23E-11 1.77E-10 2.70E-10 2.84E-10 2.78E-10
 2.70E-10 2.54E-10 2.31E-10 1.97E-10 1.63E-10 1.45E-10
 2.73E-12 4.17E-12 1.30E-11 7.10E-11 1.65E-10 2.40E-10 2.50E-10 2.46E-10
 2.39E-10 2.26E-10 2.08E-10 1.80E-10 1.51E-10 1.36E-10
 3.14E-12 4.76E-12 1.38E-11 5.69E-11 9.49E-11 1.12E-10 1.13E-10 1.12E-10
 1.11E-10 1.08E-10 1.04E-10 9.64E-11 8.77E-11 8.22E-11
 4.34E-12 5.93E-12 1.04E-11 1.54E-11 1.63E-11 1.63E-11 1.63E-11 1.63E-11
 1.63E-11 1.63E-11 1.63E-11 1.62E-11 1.61E-11 1.59E-11
 1.43E-12 1.59E-12 1.69E-12 1.71E-12 1.68E-12 1.66E-12 1.65E-12 1.65E-12
 1.65E-12 1.65E-12 1.66E-12 1.66E-12 1.67E-12 1.67E-12
 1.62E-13 1.70E-13 1.73E-13 1.71E-13 1.68E-13 1.66E-13 1.65E-13 1.65E-13
 1.65E-13 1.65E-13 1.66E-13 1.66E-13 1.66E-13 1.67E-13
  1794.82    7  14 /pl=01:ss=33:pb= 1:sz=33/type=excit/ispb = t/isel =   43
 1.00E+10 1.00E+11 1.00E+12 1.00E+13 1.00E+14 1.00E+15 1.00E+16
 1.99E+01 2.99E+01 4.98E+01 9.96E+01 1.99E+02 4.98E+02 9.96E+02 1.49E+03
 1.99E+03 2.99E+03 4.98E+03 9.96E+03 1.99E+04 2.99E+04
 4.26E-12 5.34E-12 9.94E-12 3.77E-11 8.38E-11 1.22E-10 1.27E-10 1.24E-10
 1.20E-10 1.12E-10 1.02E-10 8.61E-11 7.13E-11 6.32E-11
 4.26E-12 5.33E-12 9.92E-12 3.75E-11 8.28E-11 1.20E-10 1.25E-10 1.21E-10
 1.18E-10 1.10E-10 1.00E-10 8.50E-11 7.05E-11 6.26E-11
 4.23E-12 5.29E-12 9.78E-12 3.56E-11 7.35E-11 1.01E-10 1.04E-10 1.02E-10
 9.89E-11 9.38E-11 8.63E-11 7.49E-11 6.35E-11 5.70E-11
 3.93E-12 4.86E-12 8.55E-12 2.25E-11 3.15E-11 3.42E-11 3.43E-11 3.42E-11
 3.40E-11 3.36E-11 3.29E-11 3.15E-11 2.96E-11 2.83E-11
 2.32E-12 2.66E-12 3.39E-12 3.85E-12 3.71E-12 3.57E-12 3.54E-12 3.54E-12
 3.54E-12 3.55E-12 3.57E-12 3.61E-12 3.65E-12 3.67E-12
 4.13E-13 4.08E-13 3.94E-13 3.69E-13 3.52E-13 3.40E-13 3.37E-13 3.36E-13
 3.36E-13 3.36E-13 3.37E-13 3.38E-13 3.39E-13 3.40E-13
 4.24E-14 4.04E-14 3.85E-14 3.65E-14 3.49E-14 3.38E-14 3.34E-14 3.33E-14
 3.33E-14 3.33E-14 3.33E-14 3.34E-14 3.35E-14 3.35E-14
  2113.81    7  14 /pl=01:ss=33:pb= 1:sz=33/type=excit/ispb = t/isel =   44
 1.00E+10 1.00E+11 1.00E+12 1.00E+13 1.00E+14 1.00E+15 1.00E+16
 1.99E+01 2.99E+01 4.98E+01 9.96E+01 1.99E+02 4.98E+02 9.96E+02 1.49E+03
 1.99E+03 2.99E+03 4.98E+03 9.96E+03 1.99E+04 2.99E+04
 1.62E-12 2.47E-12 7.72E-12 4.36E-11 1.08E-10 1.64E-10 1.73E-10 1.70E-10
 1.65E-10 1.55E-10 1.41E-10 1.20E-10 9.91E-11 8.80E-11
 1.62E-12 2.47E-12 7.73E-12 4.35E-11 1.07E-10 1.62E-10 1.71E-10 1.68E-10
 1.62E-10 1.53E-10 1.39E-10 1.18E-10 9.83E-11 8.74E-11
 1.65E-12 2.51E-12 7.81E-12 4.27E-11 9.95E-11 1.44E-10 1.51E-10 1.48E-10
 1.44E-10 1.36E-10 1.25E-10 1.08E-10 9.11E-11 8.16E-11
 1.89E-12 2.87E-12 8.32E-12 3.43E-11 5.71E-11 6.72E-11 6.81E-11 6.75E-11
 6.67E-11 6.51E-11 6.25E-11 5.80E-11 5.28E-11 4.95E-11
 2.61E-12 3.57E-12 6.23E-12 9.26E-12 9.80E-12 9.82E-12 9.81E-12 9.80E-12
 9.80E-12 9.80E-12 9.78E-12 9.74E-12 9.66E-12 9.59E-12
 8.61E-13 9.54E-13 1.02E-12 1.03E-12 1.01E-12 9.98E-13 9.95E-13 9.94E-13
 9.95E-13 9.96E-13 9.98E-13 1.00E-12 1.00E-12 1.00E-12
 9.73E-14 1.02E-13 1.04E-13 1.03E-13 1.01E-13 9.98E-14 9.94E-14 9.94E-14
 9.95E-14 9.96E-14 9.98E-14 1.00E-13 1.00E-13 1.00E-13
  2771.93    7  14 /pl=01:ss=33:pb= 1:sz=33/type=excit/ispb = t/isel =   45
 1.00E+10 1.00E+11 1.00E+12 1.00E+13 1.00E+14 1.00E+15 1.00E+16
 1.99E+01 2.99E+01 4.98E+01 9.96E+01 1.99E+02 4.98E+02 9.96E+02 1.49E+03
 1.99E+03 2.99E+03 4.98E+03 9.96E+03 1.99E+04 2.99E+04
 6.59E-12 8.25E-12 1.54E-11 5.83E-11 1.30E-10 1.89E-10 1.96E-10 1.91E-10
 1.85E-10 1.74E-10 1.57E-10 1.33E-10 1.10E-10 9.77E-11
 6.59E-12 8.25E-12 1.53E-11 5.80E-11 1.28E-10 1.86E-10 1.93E-10 1.88E-10
 1.82E-10 1.71E-10 1.55E-10 1.31E-10 1.09E-10 9.68E-11
 6.54E-12 8.17E-12 1.51E-11 5.50E-11 1.14E-10 1.56E-10 1.61E-10 1.57E-10
 1.53E-10 1.45E-10 1.33E-10 1.16E-10 9.81E-11 8.81E-11
 6.07E-12 7.52E-12 1.32E-11 3.48E-11 4.87E-11 5.28E-11 5.31E-11 5.28E-11
 5.25E-11 5.19E-11 5.08E-11 4.87E-11 4.58E-11 4.38E-11
 3.58E-12 4.11E-12 5.25E-12 5.95E-12 5.73E-12 5.51E-12 5.47E-12 5.47E-12
 5.48E-12 5.49E-12 5.53E-12 5.58E-12 5.64E-12 5.67E-12
 6.38E-13 6.31E-13 6.08E-13 5.71E-13 5.44E-13 5.25E-13 5.20E-13 5.19E-13
 5.19E-13 5.19E-13 5.20E-13 5.22E-13 5.24E-13 5.25E-13
 6.56E-14 6.25E-14 5.95E-14 5.64E-14 5.40E-14 5.22E-14 5.17E-14 5.15E-14
 5.15E-14 5.15E-14 5.16E-14 5.16E-14 5.17E-14 5.18E-14
  2788.39    7  14 /pl=01:ss=33:pb= 1:sz=33/type=excit/ispb = t/isel =   46
 1.00E+10 1.00E+11 1.00E+12 1.00E+13 1.00E+14 1.00E+15 1.00E+16
 1.99E+01 2.99E+01 4.98E+01 9.96E+01 1.99E+02 4.98E+02 9.96E+02 1.49E+03
 1.99E+03 2.99E+03 4.98E+03 9.96E+03 1.99E+04 2.99E+04
 2.13E-11 2.77E-11 5.82E-11 2.43E-10 5.51E-10 8.08E-10 8.40E-10 8.19E-10
 7.92E-10 7.43E-10 6.73E-10 5.71E-10 4.73E-10 4.19E-10
 2.12E-11 2.77E-11 5.81E-11 2.42E-10 5.43E-10 7.91E-10 8.22E-10 8.02E-10
 7.76E-10 7.29E-10 6.62E-10 5.63E-10 4.67E-10 4.15E-10
 2.11E-11 2.75E-11 5.73E-11 2.28E-10 4.77E-10 6.53E-10 6.73E-10 6.60E-10
 6.42E-10 6.10E-10 5.63E-10 4.90E-10 4.16E-10 3.74E-10
 2.02E-11 2.59E-11 5.05E-11 1.39E-10 1.87E-10 1.98E-10 1.98E-10 1.98E-10
 1.97E-10 1.96E-10 1.93E-10 1.87E-10 1.79E-10 1.73E-10
 1.32E-11 1.51E-11 1.93E-11 2.05E-11 1.89E-11 1.79E-11 1.77E-11 1.77E-11
 1.77E-11 1.78E-11 1.80E-11 1.83E-11 1.87E-11 1.89E-11
 2.27E-12 2.17E-12 2.02E-12 1.82E-12 1.71E-12 1.63E-12 1.61E-12 1.61E-12
 1.61E-12 1.61E-12 1.61E-12 1.62E-12 1.63E-12 1.63E-12
 2.26E-13 2.07E-13 1.91E-13 1.78E-13 1.68E-13 1.61E-13 1.59E-13 1.59E-13
 1.59E-13 1.59E-13 1.59E-13 1.59E-13 1.59E-13 1.59E-13
  5037.02    7  14 /pl=01:ss=33:pb= 1:sz=33/type=excit/ispb = t/isel =   47
 1.00E+10 1.00E+11 1.00E+12 1.00E+13 1.00E+14 1.00E+15 1.00E+16
 1.99E+01 2.99E+01 4.98E+01 9.96E+01 1.99E+02 4.98E+02 9.96E+02 1.49E+03
 1.99E+03 2.99E+03 4.98E+03 9.96E+03 1.99E+04 2.99E+04
 8.87E-12 1.11E-11 2.07E-11 7.85E-11 1.74E-10 2.54E-10 2.64E-10 2.58E-10
 2.49E-10 2.33E-10 2.11E-10 1.79E-10 1.48E-10 1.31E-10
 8.86E-12 1.11E-11 2.06E-11 7.80E-11 1.72E-10 2.50E-10 2.59E-10 2.53E-10
 2.44E-10 2.29E-10 2.08E-10 1.77E-10 1.47E-10 1.30E-10
 8.79E-12 1.10E-11 2.03E-11 7.40E-11 1.53E-10 2.10E-10 2.16E-10 2.11E-10
 2.06E-10 1.95E-10 1.80E-10 1.56E-10 1.32E-10 1.19E-10
 8.17E-12 1.01E-11 1.78E-11 4.69E-11 6.55E-11 7.11E-11 7.14E-11 7.10E-11
 7.07E-11 6.98E-11 6.83E-11 6.55E-11 6.16E-11 5.90E-11
 4.82E-12 5.53E-12 7.06E-12 8.01E-12 7.71E-12 7.42E-12 7.35E-12 7.35E-12
 7.37E-12 7.39E-12 7.43E-12 7.50E-12 7.59E-12 7.63E-12
 8.58E-13 8.49E-13 8.18E-13 7.68E-13 7.32E-13 7.07E-13 7.00E-13 6.98E-13
 6.99E-13 6.99E-13 7.00E-13 7.02E-13 7.05E-13 7.06E-13
 8.83E-14 8.41E-14 8.00E-14 7.58E-14 7.26E-14 7.02E-14 6.95E-14 6.93E-14
 6.93E-14 6.93E-14 6.94E-14 6.94E-14 6.96E-14 6.96E-14
  5091.65    7  14 /pl=01:ss=33:pb= 1:sz=33/type=excit/ispb = t/isel =   48
 1.00E+10 1.00E+11 1.00E+12 1.00E+13 1.00E+14 1.00E+15 1.00E+16
 1.99E+01 2.99E+01 4.98E+01 9.96E+01 1.99E+02 4.98E+02 9.96E+02 1.49E+03
 1.99E+03 2.99E+03 4.98E+03 9.96E+03 1.99E+04 2.99E+04
 7.48E-12 1.06E-11 3.30E-11 1.80E-10 4.29E-10 6.41E-10 6.71E-10 6.56E-10
 6.35E-10 5.97E-10 5.42E-10 4.60E-10 3.82E-10 3.39E-10
 7.49E-12 1.06E-11 3.29E-11 1.79E-10 4.21E-10 6.24E-10 6.52E-10 6.38E-10
 6.18E-10 5.82E-10 5.30E-10 4.51E-10 3.76E-10 3.34E-10
 7.50E-12 1.06E-11 3.25E-11 1.66E-10 3.56E-10 4.87E-10 5.03E-10 4.95E-10
 4.84E-10 4.62E-10 4.29E-10 3.76E-10 3.23E-10 2.92E-10
 7.57E-12 1.05E-11 2.89E-11 9.17E-11 1.18E-10 1.22E-10 1.22E-10 1.22E-10
 1.22E-10 1.22E-10 1.22E-10 1.20E-10 1.17E-10 1.14E-10
 6.33E-12 7.52E-12 1.11E-11 1.17E-11 1.04E-11 9.78E-12 9.67E-12 9.68E-12
 9.71E-12 9.79E-12 9.91E-12 1.01E-11 1.04E-11 1.06E-11
 1.30E-12 1.21E-12 1.11E-12 9.87E-13 9.17E-13 8.77E-13 8.67E-13 8.65E-13
 8.64E-13 8.65E-13 8.66E-13 8.70E-13 8.75E-13 8.78E-13
 1.32E-13 1.17E-13 1.05E-13 9.57E-14 9.01E-14 8.65E-14 8.55E-14 8.52E-14
 8.51E-14 8.51E-14 8.51E-14 8.52E-14 8.52E-14 8.53E-14
  5599.10    7  14 /pl=01:ss=33:pb= 1:sz=33/type=excit/ispb = t/isel =   49
 1.00E+10 1.00E+11 1.00E+12 1.00E+13 1.00E+14 1.00E+15 1.00E+16
 1.99E+01 2.99E+01 4.98E+01 9.96E+01 1.99E+02 4.98E+02 9.96E+02 1.49E+03
 1.99E+03 2.99E+03 4.98E+03 9.96E+03 1.99E+04 2.99E+04
 1.31E-14 1.12E-13 2.11E-12 2.05E-11 5.76E-11 9.38E-11 1.01E-10 9.91E-11
 9.64E-11 9.09E-11 8.28E-11 7.05E-11 5.85E-11 5.19E-11
 1.39E-14 1.13E-13 2.12E-12 2.04E-11 5.71E-11 9.23E-11 9.89E-11 9.75E-11
 9.48E-11 8.95E-11 8.16E-11 6.96E-11 5.79E-11 5.15E-11
 2.18E-14 1.27E-13 2.15E-12 1.99E-11 5.25E-11 8.04E-11 8.52E-11 8.42E-11
 8.21E-11 7.81E-11 7.20E-11 6.25E-11 5.29E-11 4.74E-11
 9.64E-14 2.60E-13 2.43E-12 1.65E-11 3.20E-11 4.08E-11 4.20E-11 4.17E-11
 4.11E-11 3.99E-11 3.80E-11 3.48E-11 3.12E-11 2.91E-11
 5.06E-13 8.91E-13 2.61E-12 6.01E-12 7.49E-12 8.06E-12 8.17E-12 8.19E-12
 8.18E-12 8.15E-12 8.08E-12 7.92E-12 7.70E-12 7.54E-12
 3.52E-13 4.87E-13 6.62E-13 8.17E-13 8.79E-13 9.06E-13 9.15E-13 9.20E-13
 9.23E-13 9.26E-13 9.29E-13 9.32E-13 9.33E-13 9.32E-13
 4.92E-14 6.46E-14 7.61E-14 8.49E-14 8.94E-14 9.17E-14 9.27E-14 9.32E-14
 9.35E-14 9.39E-14 9.44E-14 9.49E-14 9.54E-14 9.56E-14
  6164.09    7  14 /pl=01:ss=33:pb= 1:sz=33/type=excit/ispb = t/isel =   50
 1.00E+10 1.00E+11 1.00E+12 1.00E+13 1.00E+14 1.00E+15 1.00E+16
 1.99E+01 2.99E+01 4.98E+01 9.96E+01 1.99E+02 4.98E+02 9.96E+02 1.49E+03
 1.99E+03 2.99E+03 4.98E+03 9.96E+03 1.99E+04 2.99E+04
 7.41E-12 9.65E-12 2.03E-11 8.48E-11 1.92E-10 2.82E-10 2.93E-10 2.86E-10
 2.76E-10 2.59E-10 2.35E-10 1.99E-10 1.65E-10 1.46E-10
 7.41E-12 9.64E-12 2.03E-11 8.43E-11 1.89E-10 2.76E-10 2.87E-10 2.80E-10
 2.71E-10 2.54E-10 2.31E-10 1.96E-10 1.63E-10 1.45E-10
 7.37E-12 9.59E-12 2.00E-11 7.97E-11 1.66E-10 2.28E-10 2.35E-10 2.30E-10
 2.24E-10 2.13E-10 1.96E-10 1.71E-10 1.45E-10 1.31E-10
 7.05E-12 9.03E-12 1.76E-11 4.83E-11 6.52E-11 6.90E-11 6.91E-11 6.90E-11
 6.88E-11 6.83E-11 6.74E-11 6.53E-11 6.24E-11 6.01E-11
 4.60E-12 5.27E-12 6.73E-12 7.16E-12 6.59E-12 6.23E-12 6.16E-12 6.16E-12
 6.18E-12 6.21E-12 6.28E-12 6.38E-12 6.51E-12 6.60E-12
 7.92E-13 7.56E-13 7.03E-13 6.35E-13 5.95E-13 5.70E-13 5.63E-13 5.61E-13
 5.61E-13 5.61E-13 5.62E-13 5.65E-13 5.67E-13 5.69E-13
 7.88E-14 7.21E-14 6.68E-14 6.20E-14 5.86E-14 5.63E-14 5.56E-14 5.54E-14
 5.54E-14 5.53E-14 5.54E-14 5.54E-14 5.55E-14 5.56E-14
c-------------------------------------------------------------------------------
 
C  root partition information
C  ==========================
C
C  nuclear charge : 74
C  ion charge+1   : 34
C
C  population calculation information
C  ----------------------------------
C
C  population processing code: adas810
C
C  adf04 source file    : adf04_copmm#74_ls_40#w33.dat
C  adf18/a17_p208 file  : NULL
C
C  meta. ion. coeff. selector  : 
 
C  options  : lnorm =T  lpsel =F  lzsel =T  liosel=F
C           : lhsel =F  lrsel =F  lisel =F  lnsel =F
 
C  energy levels
C  -------------
C
C   lv      configuration    (2S+1)L(w-1/2)      energy (cm^-1)
C  ---   ------------------- --------------      --------------
c    1   59                     (6)0(  2.5)             0.0
c    2   59                     (2)2(  4.5)         75030.0
c    3   59                     (4)4( 17.5)         94670.0
c    4   59                     (4)2(  9.5)        110893.0
c    5   59                     (2)3(  6.5)        130746.0
c    6   59                     (2)6( 12.5)        174154.0
c    7   59                     (4)3( 13.5)        178054.0
c    8   59                     (4)1(  5.5)        218786.0
c    9   59                     (2)0(  0.5)        240439.0
c   10   59                     (2)5( 10.5)        273184.0
c   11   59                     (2)4(  8.5)        291044.0
c   12   59                     (2)2(  4.5)        310290.0
c   13   59                     (2)4(  8.5)        314100.0
c   14   59                     (2)1(  2.5)        343740.0
c   15   59                     (2)3(  6.5)        344420.0
c   16   59                     (2)2(  4.5)        371790.0
c   17   606527558569           (2)0(  0.5)       1352380.0
c   18   606527558569           (6)2( 14.5)       1422280.0
c   19   606527558569           (6)3( 20.5)       1442880.0
c   20   606527558569           (4)5( 21.5)       1489280.0
c   21   606527558569           (2)3(  6.5)       1531180.0
c   22   606527558569           (2)4(  8.5)       1533480.0
c   23   606527558569           (2)1(  2.5)       1534080.0
c   24   606527558569           (4)6( 25.5)       1560780.0
c   25   606527558569           (4)2(  9.5)       1570080.0
c   26   4951A                  (6)5( 32.5)       1618680.0
c   27   4951A                  (6)2( 14.5)       1622180.0
c   28   606527558569           (4)0(  1.5)       1625180.0
c   29   606527558569           (2)6( 12.5)       1636280.0
c   30   606527558569           (4)5( 21.5)       1640480.0
c   31   606527558569           (4)3( 13.5)       1643980.0
c   32   606527558569           (4)3( 13.5)       1660880.0
c   33   4951A                  (2)5( 10.5)       1681280.0
c   34   4951A                  (6)4( 26.5)       1690780.0
c   35   4951A                  (4)8( 33.5)       1700780.0
c   36   4951A                  (6)3( 20.5)       1702780.0
c   37   4951A                  (4)7( 29.5)       1710680.0
c   38   606527558569           (4)1(  5.5)       1716080.0
c   39   606527558569           (2)4(  8.5)       1717680.0
c   40   4951A                  (4)6( 25.5)       1720580.0
c   41   4951A                  (4)7( 29.5)       1741980.0
c   42   4951A                  (4)4( 17.5)       1743180.0
c   43   4951A                  (4)5( 21.5)       1747680.0
c   44   4951A                  (4)2(  9.5)       1749580.0
c   45   4951A                  (4)1(  5.5)       1759580.0
c   46   4951A                  (2)5( 10.5)       1771780.0
c   47   606527558569           (2)2(  4.5)       1775580.0
c   48   4951A                  (4)2(  9.5)       1778480.0
c   49   4951A                  (2)7( 14.5)       1783280.0
c   50   606527558569           (6)1(  8.5)       1783380.0
c   51   4951A                  (4)2(  9.5)       1785380.0
c   52   4951A                  (4)6( 25.5)       1786980.0
c   53   4951A                  (4)5( 21.5)       1789280.0
c   54   4951A                  (4)4( 17.5)       1792680.0
c   55   4951A                  (2)5( 10.5)       1796980.0
c   56   4951A                  (4)5( 21.5)       1797380.0
c   57   606527558569           (4)4( 17.5)       1797880.0
c   58   4951A                  (4)6( 25.5)       1802580.0
c   59   606527558569           (4)3( 13.5)       1802580.0
c   60   606527558569           (2)3(  6.5)       1802980.0
c   61   4951A                  (2)1(  2.5)       1805180.0
c   62   4951A                  (2)0(  0.5)       1806280.0
c   63   606527558569           (2)1(  2.5)       1806380.0
c   64   4951A                  (4)5( 21.5)       1806580.0
c   65   4951A                  (4)4( 17.5)       1807680.0
c   66   4951A                  (2)7( 14.5)       1812280.0
c   67   4951A                  (4)3( 13.5)       1814680.0
c   68   606527558569           (4)4( 17.5)       1814780.0
c   69   606527558569           (4)2(  9.5)       1814880.0
c   70   606527558569           (4)1(  5.5)       1815880.0
c   71   606527558569           (4)4( 17.5)       1817780.0
c   72   4951A                  (4)4( 17.5)       1819780.0
c   73   4951A                  (2)7( 14.5)       1822180.0
c   74   4951A                  (2)4(  8.5)       1826880.0
c   75   4951A                  (4)1(  5.5)       1826980.0
c   76   4951A                  (2)2(  4.5)       1829080.0
c   77   4951A                  (4)3( 13.5)       1830280.0
c   78   4951A                  (4)3( 13.5)       1832180.0
c   79   4951A                  (4)4( 17.5)       1832980.0
c   80   4951A                  (2)8( 16.5)       1833180.0
c   81   4951A                  (2)8( 16.5)       1840280.0
c   82   4951A                  (4)3( 13.5)       1845880.0
c   83   4951A                  (2)6( 12.5)       1849080.0
c   84   606527558569           (4)2(  9.5)       1849080.0
c   85   4951A                  (2)4(  8.5)       1851080.0
c   86   4951A                  (4)2(  9.5)       1854480.0
c   87   4951A                  (4)0(  1.5)       1856080.0
c   88   4951A                  (4)5( 21.5)       1858580.0
c   89   606527558569           (4)3( 13.5)       1859180.0
c   90   4951A                  (2)5( 10.5)       1863480.0
c   91   4951A                  (2)3(  6.5)       1863780.0
c   92   4951A                  (2)3(  6.5)       1864280.0
c   93   4951A                  (2)5( 10.5)       1872780.0
c   94   4951A                  (4)2(  9.5)       1873980.0
c   95   4951A                  (6)1(  8.5)       1875180.0
c   96   4951A                  (2)3(  6.5)       1876980.0
c   97   606527558569           (4)0(  1.5)       1882580.0
c   98   4951A                  (2)4(  8.5)       1886580.0
c   99   4951A                  (2)3(  6.5)       1887780.0
c  100   4951A                  (4)5( 21.5)       1888280.0
c  101   4951A                  (4)3( 13.5)       1889980.0
c  102   4951A                  (2)9( 18.5)       1894480.0
c  103   606527558569           (4)2(  9.5)       1896480.0
c  104   4951A                  (2)4(  8.5)       1900280.0
c  105   4951A                  (2)1(  2.5)       1901480.0
c  106   606527558569           (4)4( 17.5)       1904380.0
c  107   4951A                  (2)6( 12.5)       1905080.0
c  108   4951A                  (2)3(  6.5)       1906280.0
c  109   4951A                  (4)1(  5.5)       1906880.0
c  110   4951A                  (2)0(  0.5)       1906980.0
c  111   4951A                  (4)3( 13.5)       1907180.0
c  112   4951A                  (2)4(  8.5)       1910680.0
c  113   606527558569           (2)1(  2.5)       1911280.0
c  114   4951A                  (2)2(  4.5)       1911680.0
c  115   4951A                  (2)2(  4.5)       1915580.0
c  116   4951A                  (4)6( 25.5)       1916780.0
c  117   4951A                  (4)3( 13.5)       1919980.0
c  118   4951A                  (4)2(  9.5)       1925480.0
c  119   606527558569           (2)3(  6.5)       1925880.0
c  120   4951A                  (4)3( 13.5)       1926280.0
c  121   4951A                  (2)6( 12.5)       1928180.0
c  122   4951A                  (4)2(  9.5)       1931280.0
c  123   606527558569           (2)4(  8.5)       1931780.0
c  124   606527558569           (2)4(  8.5)       1933280.0
c  125   4951A                  (2)3(  6.5)       1933280.0
c  126   4951A                  (2)3(  6.5)       1936580.0
c  127   606527558569           (4)1(  5.5)       1940280.0
c  128   4951A                  (2)5( 10.5)       1940680.0
c  129   4951A                  (4)1(  5.5)       1944580.0
c  130   4951A                  (2)2(  4.5)       1946180.0
c  131   4951A                  (2)2(  4.5)       1950580.0
c  132   4951A                  (4)4( 17.5)       1950680.0
c  133   606527558569           (4)1(  5.5)       1954380.0
c  134   606527558569           (4)2(  9.5)       1954880.0
c  135   4951A                  (2)2(  4.5)       1965280.0
c  136   4951A                  (2)6( 12.5)       1968880.0
c  137   4951A                  (2)4(  8.5)       1969280.0
c  138   4951A                  (2)4(  8.5)       1970880.0
c  139   606527558569           (2)7( 14.5)       1977180.0
c  140   4951A                  (2)5( 10.5)       1981880.0
c  141   4951A                  (2)7( 14.5)       1983280.0
c  142   4951A                  (2)5( 10.5)       1988280.0
c  143   4951A                  (4)2(  9.5)       1988880.0
c  144   606527558569           (2)5( 10.5)       1989280.0
c  145   4951A                  (2)6( 12.5)       1990380.0
c  146   606527558569           (2)6( 12.5)       1992980.0
c  147   4951A                  (4)4( 17.5)       1995080.0
c  148   4951A                  (2)5( 10.5)       1996480.0
c  149   4951A                  (2)4(  8.5)       2003780.0
c  150   4951A                  (2)3(  6.5)       2004280.0
c  151   4951A                  (2)2(  4.5)       2007180.0
c  152   4951A                  (2)6( 12.5)       2009880.0
c  153   4951A                  (2)1(  2.5)       2016880.0
c  154   4951A                  (2)2(  4.5)       2017280.0
c  155   4951A                  (2)1(  2.5)       2021580.0
c  156   4951A                  (2)1(  2.5)       2021880.0
c  157   4951A                  (2)4(  8.5)       2022280.0
c  158   4951A                  (2)3(  6.5)       2023680.0
c  159   4951A                  (4)1(  5.5)       2026980.0
c  160   4951A                  (2)6( 12.5)       2032280.0
c  161   606527558569           (2)4(  8.5)       2034680.0
c  162   606527558569           (2)2(  4.5)       2036480.0
c  163   4951A                  (2)1(  2.5)       2037780.0
c  164   4951A                  (4)4( 17.5)       2039280.0
c  165   4951A                  (4)0(  1.5)       2043480.0
c  166   4951A                  (2)2(  4.5)       2044380.0
c  167   4951A                  (2)3(  6.5)       2046580.0
c  168   4951A                  (2)3(  6.5)       2050880.0
c  169   4951A                  (2)4(  8.5)       2055980.0
c  170   606527558569           (2)3(  6.5)       2059080.0
c  171   4951A                  (2)2(  4.5)       2076580.0
c  172   606527558569           (2)5( 10.5)       2077180.0
c  173   4951A                  (2)5( 10.5)       2079380.0
c  174   4951A                  (2)6( 12.5)       2085980.0
c  175   606527558569           (2)5( 10.5)       2086580.0
c  176   4951A                  (2)1(  2.5)       2094880.0
c  177   606527558569           (2)2(  4.5)       2095080.0
c  178   4951A                  (2)4(  8.5)       2097180.0
c  179   606527558569           (2)3(  6.5)       2098780.0
c  180   4951A                  (2)3(  6.5)       2100880.0
c  181   4951A                  (2)4(  8.5)       2101980.0
c  182   606527558569           (4)2(  9.5)       2104180.0
c  183   606527558569           (2)2(  4.5)       2107080.0
c  184   4951A                  (2)5( 10.5)       2116080.0
c  185   4951A                  (2)7( 14.5)       2123780.0
c  186   4951A                  (2)3(  6.5)       2125780.0
c  187   606527558569           (2)2(  4.5)       2144780.0
c  188   606527558569           (2)3(  6.5)       2150480.0
c  189   4951A                  (2)1(  2.5)       2158580.0
c  190   606527558569           (2)3(  6.5)       2168780.0
c  191   606527558569           (2)3(  6.5)       2171780.0
c  192   606527558569           (2)4(  8.5)       2172280.0
c  193   4951A                  (2)3(  6.5)       2172680.0
c  194   4951A                  (2)3(  6.5)       2174980.0
c  195   606527558569           (2)1(  2.5)       2182580.0
c  196   4951A                  (2)4(  8.5)       2182880.0
c  197   606527558569           (2)5( 10.5)       2183480.0
c  198   4951A                  (2)2(  4.5)       2183880.0
c  199   4951A                  (2)0(  0.5)       2190280.0
c  200   606527558569           (4)3( 13.5)       2192380.0
c  201   4951A                  (2)1(  2.5)       2196580.0
c  202   4951A                  (2)2(  4.5)       2211480.0
c  203   606527558569           (2)2(  4.5)       2232680.0
c  204   606527558569           (2)1(  2.5)       2253680.0
c  205   606527558569           (2)4(  8.5)       2278780.0
c  206   606527558569           (2)1(  2.5)       2289280.0
c  207   606527558569           (2)5( 10.5)       2388280.0
c  208   606527558569           (2)0(  0.5)       2467780.0
c  209   606527558569           (2)3(  6.5)       2470080.0
c  210   606527558569           (2)2(  4.5)       2500580.0
c  211   606527558569           (2)1(  2.5)       2504280.0
c  212   606527558569           (2)2(  4.5)       2641780.0
c  213   4951C                  (2)0(  0.5)       3705480.0
c  214   4951C                  (4)3( 13.5)       4073180.0
c  215   4951C                  (2)4(  8.5)       4090180.0
c  216   4951C                  (4)5( 21.5)       4091580.0
c  217   4951C                  (4)4( 17.5)       4097280.0
c  218   4951C                  (2)4(  8.5)       4100280.0
c  219   4951C                  (6)3( 20.5)       4102980.0
c  220   4951C                  (4)1(  5.5)       4118180.0
c  221   4951C                  (6)2( 14.5)       4122180.0
c  222   4951C                  (2)5( 10.5)       4131280.0
c  223   4951C                  (4)2(  9.5)       4131380.0
c  224   4951C                  (4)6( 25.5)       4139180.0
c  225   4951C                  (2)4(  8.5)       4165980.0
c  226   4951C                  (4)3( 13.5)       4167680.0
c  227   4951C                  (2)2(  4.5)       4176280.0
c  228   4951C                  (2)3(  6.5)       4181480.0
c  229   4951C                  (4)5( 21.5)       4196180.0
c  230   4951C                  (6)1(  8.5)       4196980.0
c  231   4951C                  (4)3( 13.5)       4199880.0
c  232   4951C                  (4)2(  9.5)       4211180.0
c  233   4951C                  (4)2(  9.5)       4212580.0
c  234   4951C                  (2)3(  6.5)       4219880.0
c  235   4951C                  (4)1(  5.5)       4233580.0
c  236   4951C                  (4)3( 13.5)       4234780.0
c  237   4951C                  (4)4( 17.5)       4243180.0
c  238   4951C                  (2)5( 10.5)       4253280.0
c  239   4951C                  (4)4( 17.5)       4259080.0
c  240   4951C                  (2)1(  2.5)       4265880.0
c  241   4951C                  (2)5( 10.5)       4267080.0
c  242   4951C                  (2)4(  8.5)       4268080.0
c  243   4951C                  (2)5( 10.5)       4268780.0
c  244   4951C                  (4)2(  9.5)       4270180.0
c  245   4951C                  (2)6( 12.5)       4272180.0
c  246   4951C                  (4)1(  5.5)       4273680.0
c  247   4951C                  (4)1(  5.5)       4276180.0
c  248   4951C                  (2)7( 14.5)       4276780.0
c  249   4951C                  (2)2(  4.5)       4277780.0
c  250   4951C                  (4)2(  9.5)       4281480.0
c  251   4951C                  (2)2(  4.5)       4290380.0
c  252   4951C                  (2)4(  8.5)       4314280.0
c  253   4951C                  (2)3(  6.5)       4324480.0
c  254   4951C                  (2)6( 12.5)       4329080.0
c  255   4951C                  (4)2(  9.5)       4331380.0
c  256   4951C                  (2)3(  6.5)       4336880.0
c  257   4951C                  (2)3(  6.5)       4337380.0
c  258   4951C                  (2)1(  2.5)       4341780.0
c  259   4951C                  (2)2(  4.5)       4353080.0
c  260   4951C                  (2)4(  8.5)       4358780.0
c  261   4951C                  (2)5( 10.5)       4359280.0
c  262   4951C                  (4)4( 17.5)       4359780.0
c  263   4951C                  (2)2(  4.5)       4362080.0
c  264   4951C                  (2)1(  2.5)       4374980.0
c  265   4951C                  (2)2(  4.5)       4375580.0
c  266   4951C                  (2)3(  6.5)       4379080.0
c  267   4951C                  (2)0(  0.5)       4380680.0
c  268   4951C                  (2)3(  6.5)       4381780.0
c  269   4951C                  (4)0(  1.5)       4394180.0
c  270   4951C                  (2)1(  2.5)       4394980.0
c  271   4951C                  (2)2(  4.5)       4397280.0
c  272   4951C                  (4)0(  1.5)       4411380.0
c  273   4951C                  (2)1(  2.5)       4445380.0
c  274   4951C                  (4)3( 13.5)       4448480.0
c  275   4951C                  (2)3(  6.5)       4470780.0
c  276   4951C                  (2)2(  4.5)       4471580.0
c  277   4951C                  (2)4(  8.5)       4480080.0
c  278   4951C                  (2)3(  6.5)       4486780.0
c  279   4951C                  (2)1(  2.5)       4498780.0
c  280   4951C                  (2)1(  2.5)       4576680.0
c  281   4951D                  (6)4( 26.5)       4774780.0
c  282   4951D                  (2)2(  4.5)       4775480.0
c  283   4951D                  (4)2(  9.5)       4786380.0
c  284   4951D                  (4)0(  1.5)       4804080.0
c  285   4951D                  (6)3( 20.5)       4810480.0
c  286   4951D                  (6)2( 14.5)       4814480.0
c  287   4951D                  (2)4(  8.5)       4827480.0
c  288   4951D                  (2)5( 10.5)       4827580.0
c  289   4951D                  (2)7( 14.5)       4842380.0
c  290   4951D                  (4)3( 13.5)       4845880.0
c  291   4951D                  (4)6( 25.5)       4851280.0
c  292   4951D                  (4)4( 17.5)       4858380.0
c  293   4951D                  (2)3(  6.5)       4859380.0
c  294   4951D                  (4)7( 29.5)       4866680.0
c  295   4951D                  (2)1(  2.5)       4869180.0
c  296   4951D                  (6)1(  8.5)       4869380.0
c  297   4951D                  (4)3( 13.5)       4889180.0
c  298   4951D                  (4)1(  5.5)       4892680.0
c  299   4951D                  (6)0(  2.5)       4894080.0
c  300   4951D                  (4)4( 17.5)       4914180.0
c  301   4951D                  (4)6( 25.5)       4922180.0
c  302   4951D                  (4)2(  9.5)       4923080.0
c  303   4951D                  (2)2(  4.5)       4926380.0
c  304   4951D                  (4)5( 21.5)       4929180.0
c  305   4951D                  (4)4( 17.5)       4930080.0
c  306   4951D                  (4)5( 21.5)       4931680.0
c  307   4951D                  (2)6( 12.5)       4934880.0
c  308   4951D                  (2)3(  6.5)       4935180.0
c  309   4951D                  (2)6( 12.5)       4940080.0
c  310   4951D                  (4)2(  9.5)       4940280.0
c  311   4951D                  (2)6( 12.5)       4941580.0
c  312   4951D                  (4)2(  9.5)       4943680.0
c  313   4951D                  (2)1(  2.5)       4946480.0
c  314   4951D                  (2)5( 10.5)       4947480.0
c  315   4951D                  (4)1(  5.5)       4949480.0
c  316   4951D                  (4)5( 21.5)       4953280.0
c  317   4951D                  (4)3( 13.5)       4953380.0
c  318   4951D                  (2)4(  8.5)       4955580.0
c  319   4951D                  (2)5( 10.5)       4957780.0
c  320   4951D                  (2)3(  6.5)       4957780.0
c  321   4951D                  (2)3(  6.5)       4958680.0
c  322   4951D                  (2)0(  0.5)       4959180.0
c  323   4951D                  (4)4( 17.5)       4960180.0
c  324   4951D                  (2)2(  4.5)       4960280.0
c  325   4951D                  (2)4(  8.5)       4960480.0
c  326   4951D                  (4)3( 13.5)       4965380.0
c  327   4951D                  (4)3( 13.5)       4967480.0
c  328   4951D                  (2)4(  8.5)       4973080.0
c  329   4951D                  (2)5( 10.5)       4975080.0
c  330   4951D                  (2)2(  4.5)       4977480.0
c  331   4951D                  (4)1(  5.5)       4984680.0
c  332   4951D                  (4)3( 13.5)       4984680.0
c  333   4951D                  (2)6( 12.5)       4987280.0
c  334   4951D                  (4)3( 13.5)       4989080.0
c  335   4951D                  (2)3(  6.5)       4993080.0
c  336   4951D                  (2)7( 14.5)       4998780.0
c  337   4951D                  (2)5( 10.5)       4999080.0
c  338   4951D                  (2)2(  4.5)       5002180.0
c  339   4951D                  (4)1(  5.5)       5004780.0
c  340   4951D                  (4)4( 17.5)       5005780.0
c  341   4951D                  (2)4(  8.5)       5006780.0
c  342   4951D                  (2)2(  4.5)       5012880.0
c  343   4951D                  (4)2(  9.5)       5013780.0
c  344   4951D                  (2)4(  8.5)       5020780.0
c  345   4951D                  (2)3(  6.5)       5021880.0
c  346   4951D                  (4)2(  9.5)       5024180.0
c  347   4951D                  (2)8( 16.5)       5026380.0
c  348   4951D                  (2)2(  4.5)       5026580.0
c  349   4951D                  (2)0(  0.5)       5027580.0
c  350   4951D                  (4)0(  1.5)       5037580.0
c  351   4951D                  (4)1(  5.5)       5038280.0
c  352   4951D                  (2)3(  6.5)       5060980.0
c  353   4951D                  (4)5( 21.5)       5064980.0
c  354   4951D                  (4)2(  9.5)       5065480.0
c  355   4951D                  (2)3(  6.5)       5070180.0
c  356   4951D                  (4)1(  5.5)       5072980.0
c  357   4951D                  (2)4(  8.5)       5078780.0
c  358   4951D                  (2)5( 10.5)       5087480.0
c  359   4951D                  (2)1(  2.5)       5089880.0
c  360   4951D                  (4)4( 17.5)       5097280.0
c  361   4951D                  (2)2(  4.5)       5098980.0
c  362   4951D                  (2)3(  6.5)       5099380.0
c  363   4951D                  (2)3(  6.5)       5100180.0
c  364   4951D                  (2)1(  2.5)       5105280.0
c  365   4951D                  (2)6( 12.5)       5110780.0
c  366   4951D                  (2)1(  2.5)       5115980.0
c  367   4951D                  (2)1(  2.5)       5119180.0
c  368   4951D                  (2)4(  8.5)       5121380.0
c  369   4951D                  (2)4(  8.5)       5121580.0
c  370   4951D                  (2)5( 10.5)       5121980.0
c  371   4951D                  (2)4(  8.5)       5122980.0
c  372   4951D                  (2)2(  4.5)       5126080.0
c  373   4951D                  (2)3(  6.5)       5131580.0
c  374   4951D                  (2)5( 10.5)       5138180.0
c  375   4951D                  (2)1(  2.5)       5139980.0
c  376   4951D                  (4)3( 13.5)       5149180.0
c  377   4951D                  (2)2(  4.5)       5164380.0
c  378   4951D                  (2)2(  4.5)       5178080.0
c  379   4951D                  (2)4(  8.5)       5198880.0
c  380   4951D                  (2)3(  6.5)       5225880.0
c  381   4951D                  (2)0(  0.5)       5235580.0
c  382   4951D                  (2)1(  2.5)       5248680.0
c  383   4951D                  (2)2(  4.5)       5262480.0
c  384   4951D                  (2)2(  4.5)       5313980.0
 
 
 
c-------------------------------------------------------------------------------
 
C  superstage partition information
C  ================================
C
C  element symbol   : W
C  parent template  : 
C  partition level  :  1
C  superstage label : 33
C
C  tabulation       : photon emissivity coefft (te,ne)
C  units            : ph. emis coef(cm^3 s^-1); te (ev); ne (cm^-3)
C
C  photon emissivity atomic transitions
C  ------------------------------------
C  
C   isel  wvlen(A)            transition                type  ispb nspb
C                                                             ispp nspp sz    tg pr wr
C  ----- ---------- ----------------------------------- ----- ---- ---- --    -- -- --
C      1   43.8831  205(2)4(  8.5)-  1(6)0(  2.5)       excit   1    1  33   156 21  1
C      2   47.6026  205(2)4(  8.5)-  7(4)3( 13.5)       excit   1    1  33  2089 10  2
C      3   49.8605  205(2)4(  8.5)- 10(2)5( 10.5)       excit   1    1  33  2919 24  3
C      4   50.3085  205(2)4(  8.5)- 11(2)4(  8.5)       excit   1    1  33  3217 15  4
C      5   50.8989  205(2)4(  8.5)- 13(2)4(  8.5)       excit   1    1  33  3846 43  5
C      6   51.2668  131(2)2(  4.5)-  1(6)0(  2.5)       excit   1    1  33   102 17  6
C      7   51.3827  130(2)2(  4.5)-  1(6)0(  2.5)       excit   1    1  33   101  4  7
C      8   53.3282   95(6)1(  8.5)-  1(6)0(  2.5)       excit   1    1  33    72 18  8
C      9   53.3624   94(4)2(  9.5)-  1(6)0(  2.5)       excit   1    1  33    71 35  9
C     10   53.8790  132(4)4( 17.5)-  3(4)4( 17.5)       excit   1    1  33   756 36 10
C     11   53.8819  131(2)2(  4.5)-  3(4)4( 17.5)       excit   1    1  33   755 29 11
C     12   54.3571  131(2)2(  4.5)-  4(4)2(  9.5)       excit   1    1  33  1117 40 12
C     13   54.4874  130(2)2(  4.5)-  4(4)2(  9.5)       excit   1    1  33  1116 23 13
C     14   54.5560   79(4)4( 17.5)-  1(6)0(  2.5)       excit   1    1  33    61 47 14
C     15   54.5968  120(4)3( 13.5)-  3(4)4( 17.5)       excit   1    1  33   744 42 15
C     16   55.0832  130(2)2(  4.5)-  5(2)3(  6.5)       excit   1    1  33  1463 38 16
C     17   55.1090  118(4)2(  9.5)-  4(4)2(  9.5)       excit   1    1  33  1105 39 17
C     18   55.5880   94(4)2(  9.5)-  2(2)2(  4.5)       excit   1    1  33   385 44 18
C     19   56.0733   50(6)1(  8.5)-  1(6)0(  2.5)       excit   1    1  33    38 28 19
C     20   56.1637   95(6)1(  8.5)-  3(4)4( 17.5)       excit   1    1  33   721 12 20
C     21   57.5271   79(4)4( 17.5)-  3(4)4( 17.5)       excit   1    1  33   707 30 21
C     22   57.8907  130(2)2(  4.5)-  8(4)1(  5.5)       excit   1    1  33  2364 50 22
C     23   59.2168   50(6)1(  8.5)-  3(4)4( 17.5)       excit   1    1  33   679 20 23
C     24   59.7912   50(6)1(  8.5)-  4(4)2(  9.5)       excit   1    1  33  1044 49 24
C     25   60.4257   79(4)4( 17.5)-  7(4)3( 13.5)       excit   1    1  33  1969 37 25
C     26   62.2926   50(6)1(  8.5)-  7(4)3( 13.5)       excit   1    1  33  1942 25 26
C     27   501.512   12(2)2(  4.5)-  4(4)2(  9.5)       excit   1    1  33  1011 48 27
C     28   555.090   11(2)4(  8.5)-  4(4)2(  9.5)       excit   1    1  33  1010 34 28
C     29   560.180   10(2)5( 10.5)-  3(4)4( 17.5)       excit   1    1  33   640 33 29
C     30   695.623    8(4)1(  5.5)-  2(2)2(  4.5)       excit   1    1  33   318 46 30
C     31   805.698    8(4)1(  5.5)-  3(4)4( 17.5)       excit   1    1  33   638 26 31
C     32   855.505   11(2)4(  8.5)-  6(2)6( 12.5)       excit   1    1  33  1699 41 32
C     33   901.770    4(4)2(  9.5)-  1(6)0(  2.5)       excit   1    1  33     3 13 33
C     34   926.844    8(4)1(  5.5)-  4(4)2(  9.5)       excit   1    1  33  1007 31 34
C     35   970.648    7(4)3( 13.5)-  2(2)2(  4.5)       excit   1    1  33   317 45 35
C     36   1009.80   10(2)5( 10.5)-  6(2)6( 12.5)       excit   1    1  33  1698 19 36
C     37   1051.19   10(2)5( 10.5)-  7(4)3( 13.5)       excit   1    1  33  1905 32 37
C     38   1056.30    3(4)4( 17.5)-  1(6)0(  2.5)       excit   1    1  33     2  2 38
C     39   1199.27    7(4)3( 13.5)-  3(4)4( 17.5)       excit   1    1  33   637  6 39
C     40   1258.11    6(2)6( 12.5)-  3(4)4( 17.5)       excit   1    1  33   636  7 40
C     41   1332.80    2(2)2(  4.5)-  1(6)0(  2.5)       excit   1    1  33     1  1 41
C     42   1488.96    7(4)3( 13.5)-  4(4)2(  9.5)       excit   1    1  33  1006  9 42
C     43   1794.82    5(2)3(  6.5)-  2(2)2(  4.5)       excit   1    1  33   316 22 43
C     44   2113.81    7(4)3( 13.5)-  5(2)3(  6.5)       excit   1    1  33  1356 16 44
C     45   2771.93    5(2)3(  6.5)-  3(4)4( 17.5)       excit   1    1  33   635 14 45
C     46   2788.39    4(4)2(  9.5)-  2(2)2(  4.5)       excit   1    1  33   315  3 46
C     47   5037.02    5(2)3(  6.5)-  4(4)2(  9.5)       excit   1    1  33  1004 11 47
C     48   5091.65    3(4)4( 17.5)-  2(2)2(  4.5)       excit   1    1  33   314  5 48
C     49   5599.10   11(2)4(  8.5)- 10(2)5( 10.5)       excit   1    1  33  2778 27 49
C     50   6164.09    4(4)2(  9.5)-  3(4)4( 17.5)       excit   1    1  33   634  8 50
c-------------------------------------------------------------------------------
                                                                                
C  code     : adas810
C  producer : Adam Foster
C  date     : 15/05/09
                                                                                
c-------------------------------------------------------------------------------

C-----------------------------------------------------------------------
C                               OPEN-ADAS
C                               +++++++++
C
C This file has been downloaded from OPEN-ADAS (http://open.adas.ac.uk)
C on 26-Mar-2025.
C
C TERMS AND CONDITIONS
C --------------------
C
C The user of the OPEN-ADAS system and data (hereinafter "the User")
C accepts the following terms and conditions:
C
C   1. The University of Strathclyde uses all reasonable endeavours to
C      ensure the accuracy of the data provided and any information
C      given, but the University makes no warranty, expressed or implied
C      as to its accuracy, integrity, fitness for purpose and shall not
C      be responsible for the use to which the data is put by the User
C      and/or any consequences arising out of any inaccuracies or
C      omissions.
C
C   2. Any downloaded OPEN-ADAS file is made available for the
C      personal use of the User only.  It must not be used for any
C      commercial application, incorporated into any web site or in
C      any form re-distributed without express prior written permission
C      from the ADAS Project. In particular, but not by way of
C      limitation, it must not be:
C        *  inserted into a managed database structure,
C        *  redistributed along with a modelling or analysis code,
C        *  made available on a public website.
C
C Permission for OPEN-ADAS data incorporation in non-commercial
C code/system development for scientific advance will not be
C unreasonably withheld, but will be subject to written agreement
C on a case by case basis.
C
C The User will indemnify the University of Strathclyde and keep it
C fully and effectively indemnified against each and every claim made
C against the University as a result of the User's use of the data.
C
C-----------------------------------------------------------------------
