   11    /W :10 photon emissivity coefficients/
--------------------------------------------------------------------------------
    1    1    1    1    1    1    1    1    1    1    1    1    1    1
    1    1    1    1    1    1    1    1    1    1    1    1    1    1
    1    1    1    1    1    1    1    1    1    1    1    1    1    1
    1    1    1    1    1    1    1    1    1    1    1    1    1    1
    1    1    1    1    1    1    1    1    1    1    1    1    1    1
    1    1    1    1    1
--------------------------------------------------------------------------------
//#01/p00/ 00/p01/ 01/p02/ 02/p03/ 03/p04/ 04/p05/ 05/p06/ 06/p07/ 07/p08/ 08/  
      p09/ 09/p10/ 10/p11/ 11/p12/ 12/p13/ 13/p14/ 14/p15/ 15/p16/ 16/p17/ 17/  
      p18/ 18/p19/ 19/p20/ 20/p21/ 21/p22/ 22/p23/ 23/p24/ 24/p25/ 25/p26/ 26/  
      p27/ 27/p28/ 28/p29/ 29/p30/ 30/p31/ 31/p32/ 32/p33/ 33/p34/ 34/p35/ 35/  
      p36/ 36/p37/ 37/p38/ 38/p39/ 39/p40/ 40/p41/ 41/p42/ 42/p43/ 43/p44/ 44/  
      p45/ 45/p46/ 46/p47/ 47/p48/ 48/p49/ 49/p50/ 50/p51/ 51/p52/ 52/p53/ 53/  
      p54/ 54/p55/ 55/p56/ 56/p57/ 57/p58/ 58/p59/ 59/p60/ 60/p61/ 61/p62/ 62/  
      p63/ 63/p64/ 64/p65/ 65/p66/ 66/p67/ 67/p68/ 68/p69/ 69/p70/ 70/p71/ 71/  
      p72/ 72/p73/ 73/p74/ 74/                                                  
--------------------------------------------------------------------------------
  55.8074    7  14 /pl=01:ss=10:pb= 1:sz=10/type=excit/ispb = t/isel =    1
 1.00E+10 1.00E+11 1.00E+12 1.00E+13 1.00E+14 1.00E+15 1.00E+16
 2.09E+00 3.13E+00 5.21E+00 1.04E+01 2.09E+01 5.21E+01 1.04E+02 1.56E+02
 2.09E+02 3.13E+02 5.21E+02 1.04E+03 2.09E+03 3.13E+03
 1.00E-74 1.06E-39 1.79E-27 2.27E-18 6.82E-14 2.63E-11 1.63E-10 2.81E-10
 3.60E-10 4.50E-10 5.18E-10 5.46E-10 5.27E-10 5.00E-10
 1.00E-74 1.06E-39 1.79E-27 2.27E-18 6.82E-14 2.63E-11 1.63E-10 2.81E-10
 3.60E-10 4.50E-10 5.18E-10 5.46E-10 5.27E-10 5.00E-10
 1.00E-74 1.06E-39 1.79E-27 2.27E-18 6.82E-14 2.63E-11 1.63E-10 2.81E-10
 3.60E-10 4.50E-10 5.18E-10 5.46E-10 5.27E-10 5.00E-10
 1.00E-74 1.06E-39 1.79E-27 2.27E-18 6.82E-14 2.63E-11 1.63E-10 2.81E-10
 3.60E-10 4.50E-10 5.18E-10 5.46E-10 5.27E-10 5.00E-10
 1.00E-74 1.06E-39 1.79E-27 2.27E-18 6.82E-14 2.63E-11 1.63E-10 2.81E-10
 3.60E-10 4.49E-10 5.17E-10 5.46E-10 5.26E-10 5.00E-10
 1.00E-74 1.06E-39 1.79E-27 2.27E-18 6.82E-14 2.63E-11 1.62E-10 2.79E-10
 3.58E-10 4.46E-10 5.13E-10 5.42E-10 5.23E-10 4.97E-10
 1.00E-74 1.06E-39 1.79E-27 2.27E-18 6.81E-14 2.60E-11 1.58E-10 2.71E-10
 3.45E-10 4.30E-10 4.95E-10 5.24E-10 5.08E-10 4.85E-10
  75.2020    7  14 /pl=01:ss=10:pb= 1:sz=10/type=excit/ispb = t/isel =    2
 1.00E+10 1.00E+11 1.00E+12 1.00E+13 1.00E+14 1.00E+15 1.00E+16
 2.09E+00 3.13E+00 5.21E+00 1.04E+01 2.09E+01 5.21E+01 1.04E+02 1.56E+02
 2.09E+02 3.13E+02 5.21E+02 1.04E+03 2.09E+03 3.13E+03
 4.29E-44 9.79E-33 1.09E-23 5.66E-17 1.09E-13 7.96E-12 2.76E-11 3.84E-11
 4.35E-11 4.66E-11 4.50E-11 3.76E-11 2.90E-11 2.44E-11
 4.30E-44 9.80E-33 1.09E-23 5.66E-17 1.09E-13 7.96E-12 2.76E-11 3.84E-11
 4.35E-11 4.66E-11 4.50E-11 3.76E-11 2.90E-11 2.44E-11
 4.34E-44 9.88E-33 1.10E-23 5.69E-17 1.09E-13 7.98E-12 2.76E-11 3.85E-11
 4.36E-11 4.67E-11 4.50E-11 3.76E-11 2.90E-11 2.44E-11
 4.75E-44 1.06E-32 1.16E-23 5.95E-17 1.13E-13 8.19E-12 2.82E-11 3.92E-11
 4.43E-11 4.74E-11 4.55E-11 3.80E-11 2.92E-11 2.45E-11
 7.79E-44 1.67E-32 1.72E-23 8.14E-17 1.46E-13 1.00E-11 3.33E-11 4.53E-11
 5.07E-11 5.34E-11 5.03E-11 4.10E-11 3.09E-11 2.58E-11
 1.23E-43 2.82E-32 3.05E-23 1.45E-16 2.49E-13 1.62E-11 5.27E-11 7.09E-11
 7.85E-11 8.16E-11 7.52E-11 5.92E-11 4.26E-11 3.45E-11
 6.73E-44 1.64E-32 1.96E-23 1.10E-16 2.19E-13 1.62E-11 5.58E-11 7.76E-11
 8.82E-11 9.51E-11 9.22E-11 7.78E-11 5.97E-11 5.00E-11
  83.3860    7  14 /pl=01:ss=10:pb= 1:sz=10/type=excit/ispb = t/isel =    3
 1.00E+10 1.00E+11 1.00E+12 1.00E+13 1.00E+14 1.00E+15 1.00E+16
 2.09E+00 3.13E+00 5.21E+00 1.04E+01 2.09E+01 5.21E+01 1.04E+02 1.56E+02
 2.09E+02 3.13E+02 5.21E+02 1.04E+03 2.09E+03 3.13E+03
 2.03E-40 3.48E-30 4.88E-22 5.38E-16 4.80E-13 2.21E-11 6.55E-11 8.68E-11
 9.62E-11 1.01E-10 9.58E-11 7.94E-11 6.08E-11 5.13E-11
 2.03E-40 3.48E-30 4.88E-22 5.38E-16 4.79E-13 2.21E-11 6.55E-11 8.68E-11
 9.62E-11 1.01E-10 9.58E-11 7.94E-11 6.08E-11 5.13E-11
 2.02E-40 3.48E-30 4.87E-22 5.37E-16 4.79E-13 2.20E-11 6.54E-11 8.67E-11
 9.61E-11 1.01E-10 9.57E-11 7.94E-11 6.08E-11 5.12E-11
 1.98E-40 3.41E-30 4.80E-22 5.29E-16 4.72E-13 2.17E-11 6.47E-11 8.58E-11
 9.52E-11 1.00E-10 9.50E-11 7.90E-11 6.05E-11 5.11E-11
 1.63E-40 2.89E-30 4.16E-22 4.63E-16 4.12E-13 1.92E-11 5.79E-11 7.76E-11
 8.68E-11 9.26E-11 8.88E-11 7.50E-11 5.83E-11 4.95E-11
 6.41E-41 1.23E-30 1.92E-22 2.24E-16 2.00E-13 9.55E-12 3.02E-11 4.21E-11
 4.85E-11 5.42E-11 5.53E-11 5.09E-11 4.28E-11 3.79E-11
 1.78E-41 3.33E-31 5.20E-23 6.45E-17 6.19E-14 3.06E-12 9.61E-12 1.33E-11
 1.52E-11 1.70E-11 1.76E-11 1.68E-11 1.51E-11 1.41E-11
  103.738    7  14 /pl=01:ss=10:pb= 1:sz=10/type=excit/ispb = t/isel =    4
 1.00E+10 1.00E+11 1.00E+12 1.00E+13 1.00E+14 1.00E+15 1.00E+16
 2.09E+00 3.13E+00 5.21E+00 1.04E+01 2.09E+01 5.21E+01 1.04E+02 1.56E+02
 2.09E+02 3.13E+02 5.21E+02 1.04E+03 2.09E+03 3.13E+03
 1.03E-33 1.67E-25 5.62E-19 3.79E-14 8.32E-12 1.67E-10 3.82E-10 4.66E-10
 4.98E-10 5.04E-10 4.69E-10 3.87E-10 3.00E-10 2.54E-10
 1.03E-33 1.67E-25 5.62E-19 3.79E-14 8.32E-12 1.67E-10 3.82E-10 4.66E-10
 4.98E-10 5.04E-10 4.69E-10 3.87E-10 3.00E-10 2.54E-10
 1.03E-33 1.67E-25 5.62E-19 3.79E-14 8.32E-12 1.67E-10 3.82E-10 4.66E-10
 4.98E-10 5.04E-10 4.69E-10 3.87E-10 3.00E-10 2.54E-10
 1.03E-33 1.67E-25 5.62E-19 3.79E-14 8.33E-12 1.67E-10 3.83E-10 4.66E-10
 4.98E-10 5.05E-10 4.69E-10 3.87E-10 3.00E-10 2.54E-10
 1.03E-33 1.67E-25 5.62E-19 3.79E-14 8.35E-12 1.68E-10 3.85E-10 4.69E-10
 5.00E-10 5.06E-10 4.71E-10 3.88E-10 3.01E-10 2.55E-10
 1.02E-33 1.66E-25 5.58E-19 3.79E-14 8.44E-12 1.72E-10 3.92E-10 4.77E-10
 5.09E-10 5.14E-10 4.77E-10 3.93E-10 3.03E-10 2.57E-10
 9.17E-34 1.52E-25 5.20E-19 3.62E-14 8.27E-12 1.72E-10 3.91E-10 4.74E-10
 5.05E-10 5.10E-10 4.74E-10 3.92E-10 3.04E-10 2.58E-10
  112.652    7  14 /pl=01:ss=10:pb= 1:sz=10/type=excit/ispb = t/isel =    5
 1.00E+10 1.00E+11 1.00E+12 1.00E+13 1.00E+14 1.00E+15 1.00E+16
 2.09E+00 3.13E+00 5.21E+00 1.04E+01 2.09E+01 5.21E+01 1.04E+02 1.56E+02
 2.09E+02 3.13E+02 5.21E+02 1.04E+03 2.09E+03 3.13E+03
 3.55E-46 8.08E-35 8.98E-26 4.67E-19 8.99E-16 6.57E-14 2.28E-13 3.17E-13
 3.59E-13 3.85E-13 3.71E-13 3.11E-13 2.39E-13 2.01E-13
 3.55E-46 8.09E-35 8.99E-26 4.68E-19 8.99E-16 6.57E-14 2.28E-13 3.17E-13
 3.59E-13 3.85E-13 3.71E-13 3.11E-13 2.39E-13 2.01E-13
 3.58E-46 8.15E-35 9.04E-26 4.70E-19 9.02E-16 6.59E-14 2.28E-13 3.18E-13
 3.60E-13 3.86E-13 3.72E-13 3.11E-13 2.39E-13 2.01E-13
 3.92E-46 8.79E-35 9.60E-26 4.92E-19 9.35E-16 6.77E-14 2.33E-13 3.23E-13
 3.66E-13 3.91E-13 3.76E-13 3.14E-13 2.41E-13 2.02E-13
 6.43E-46 1.38E-34 1.42E-25 6.72E-19 1.21E-15 8.25E-14 2.75E-13 3.74E-13
 4.19E-13 4.41E-13 4.16E-13 3.39E-13 2.55E-13 2.13E-13
 1.01E-45 2.33E-34 2.52E-25 1.19E-18 2.05E-15 1.34E-13 4.35E-13 5.85E-13
 6.49E-13 6.74E-13 6.21E-13 4.89E-13 3.52E-13 2.85E-13
 5.56E-46 1.35E-34 1.62E-25 9.08E-19 1.81E-15 1.34E-13 4.61E-13 6.40E-13
 7.28E-13 7.86E-13 7.62E-13 6.43E-13 4.93E-13 4.13E-13
  132.070    7  14 /pl=01:ss=10:pb= 1:sz=10/type=excit/ispb = t/isel =    6
 1.00E+10 1.00E+11 1.00E+12 1.00E+13 1.00E+14 1.00E+15 1.00E+16
 2.09E+00 3.13E+00 5.21E+00 1.04E+01 2.09E+01 5.21E+01 1.04E+02 1.56E+02
 2.09E+02 3.13E+02 5.21E+02 1.04E+03 2.09E+03 3.13E+03
 2.56E-41 4.39E-31 6.14E-23 6.77E-17 6.04E-14 2.78E-12 8.25E-12 1.09E-11
 1.21E-11 1.28E-11 1.21E-11 1.00E-11 7.66E-12 6.46E-12
 2.56E-41 4.39E-31 6.14E-23 6.77E-17 6.04E-14 2.78E-12 8.25E-12 1.09E-11
 1.21E-11 1.28E-11 1.21E-11 1.00E-11 7.66E-12 6.45E-12
 2.55E-41 4.38E-31 6.13E-23 6.76E-17 6.03E-14 2.77E-12 8.24E-12 1.09E-11
 1.21E-11 1.28E-11 1.20E-11 9.99E-12 7.65E-12 6.45E-12
 2.49E-41 4.30E-31 6.04E-23 6.66E-17 5.94E-14 2.74E-12 8.14E-12 1.08E-11
 1.20E-11 1.26E-11 1.20E-11 9.94E-12 7.62E-12 6.43E-12
 2.05E-41 3.64E-31 5.24E-23 5.83E-17 5.19E-14 2.41E-12 7.28E-12 9.77E-12
 1.09E-11 1.17E-11 1.12E-11 9.44E-12 7.34E-12 6.23E-12
 8.07E-42 1.55E-31 2.42E-23 2.82E-17 2.52E-14 1.20E-12 3.81E-12 5.30E-12
 6.11E-12 6.83E-12 6.97E-12 6.41E-12 5.39E-12 4.78E-12
 2.24E-42 4.19E-32 6.55E-24 8.13E-18 7.80E-15 3.85E-13 1.21E-12 1.67E-12
 1.92E-12 2.14E-12 2.21E-12 2.12E-12 1.90E-12 1.77E-12
  191.608    7  14 /pl=01:ss=10:pb= 1:sz=10/type=excit/ispb = t/isel =    7
 1.00E+10 1.00E+11 1.00E+12 1.00E+13 1.00E+14 1.00E+15 1.00E+16
 2.09E+00 3.13E+00 5.21E+00 1.04E+01 2.09E+01 5.21E+01 1.04E+02 1.56E+02
 2.09E+02 3.13E+02 5.21E+02 1.04E+03 2.09E+03 3.13E+03
 3.07E-36 4.97E-28 1.67E-21 1.13E-16 2.47E-14 4.97E-13 1.14E-12 1.39E-12
 1.48E-12 1.50E-12 1.39E-12 1.15E-12 8.91E-13 7.55E-13
 3.07E-36 4.97E-28 1.67E-21 1.13E-16 2.47E-14 4.97E-13 1.14E-12 1.39E-12
 1.48E-12 1.50E-12 1.39E-12 1.15E-12 8.91E-13 7.55E-13
 3.07E-36 4.97E-28 1.67E-21 1.13E-16 2.47E-14 4.97E-13 1.14E-12 1.39E-12
 1.48E-12 1.50E-12 1.39E-12 1.15E-12 8.92E-13 7.55E-13
 3.07E-36 4.97E-28 1.67E-21 1.13E-16 2.47E-14 4.97E-13 1.14E-12 1.39E-12
 1.48E-12 1.50E-12 1.39E-12 1.15E-12 8.92E-13 7.55E-13
 3.07E-36 4.97E-28 1.67E-21 1.13E-16 2.48E-14 5.00E-13 1.14E-12 1.39E-12
 1.49E-12 1.50E-12 1.40E-12 1.15E-12 8.93E-13 7.56E-13
 3.03E-36 4.92E-28 1.66E-21 1.13E-16 2.51E-14 5.10E-13 1.16E-12 1.42E-12
 1.51E-12 1.53E-12 1.42E-12 1.17E-12 9.01E-13 7.62E-13
 2.72E-36 4.50E-28 1.55E-21 1.08E-16 2.46E-14 5.10E-13 1.16E-12 1.41E-12
 1.50E-12 1.51E-12 1.41E-12 1.16E-12 9.04E-13 7.66E-13
  226.211    7  14 /pl=01:ss=10:pb= 1:sz=10/type=excit/ispb = t/isel =    8
 1.00E+10 1.00E+11 1.00E+12 1.00E+13 1.00E+14 1.00E+15 1.00E+16
 2.09E+00 3.13E+00 5.21E+00 1.04E+01 2.09E+01 5.21E+01 1.04E+02 1.56E+02
 2.09E+02 3.13E+02 5.21E+02 1.04E+03 2.09E+03 3.13E+03
 8.01E-19 4.17E-15 3.58E-12 4.94E-10 4.98E-09 1.69E-08 2.32E-08 2.50E-08
 2.56E-08 2.58E-08 2.51E-08 2.30E-08 2.02E-08 1.85E-08
 8.01E-19 4.17E-15 3.58E-12 4.94E-10 4.98E-09 1.69E-08 2.32E-08 2.50E-08
 2.56E-08 2.58E-08 2.51E-08 2.30E-08 2.02E-08 1.85E-08
 8.01E-19 4.17E-15 3.58E-12 4.94E-10 4.98E-09 1.69E-08 2.32E-08 2.50E-08
 2.56E-08 2.58E-08 2.51E-08 2.30E-08 2.02E-08 1.85E-08
 8.01E-19 4.17E-15 3.58E-12 4.94E-10 4.98E-09 1.69E-08 2.32E-08 2.50E-08
 2.56E-08 2.58E-08 2.50E-08 2.30E-08 2.02E-08 1.85E-08
 8.01E-19 4.17E-15 3.58E-12 4.94E-10 4.98E-09 1.69E-08 2.32E-08 2.49E-08
 2.56E-08 2.58E-08 2.50E-08 2.29E-08 2.02E-08 1.84E-08
 8.00E-19 4.17E-15 3.57E-12 4.94E-10 4.97E-09 1.69E-08 2.31E-08 2.48E-08
 2.54E-08 2.56E-08 2.48E-08 2.28E-08 2.01E-08 1.83E-08
 7.97E-19 4.16E-15 3.57E-12 4.93E-10 4.96E-09 1.67E-08 2.25E-08 2.40E-08
 2.45E-08 2.46E-08 2.39E-08 2.20E-08 1.95E-08 1.79E-08
  273.383    7  14 /pl=01:ss=10:pb= 1:sz=10/type=excit/ispb = t/isel =    9
 1.00E+10 1.00E+11 1.00E+12 1.00E+13 1.00E+14 1.00E+15 1.00E+16
 2.09E+00 3.13E+00 5.21E+00 1.04E+01 2.09E+01 5.21E+01 1.04E+02 1.56E+02
 2.09E+02 3.13E+02 5.21E+02 1.04E+03 2.09E+03 3.13E+03
 1.04E-46 2.37E-35 2.63E-26 1.37E-19 2.63E-16 1.92E-14 6.67E-14 9.28E-14
 1.05E-13 1.13E-13 1.09E-13 9.09E-14 7.00E-14 5.89E-14
 1.04E-46 2.37E-35 2.63E-26 1.37E-19 2.63E-16 1.92E-14 6.67E-14 9.28E-14
 1.05E-13 1.13E-13 1.09E-13 9.09E-14 7.00E-14 5.89E-14
 1.05E-46 2.39E-35 2.65E-26 1.38E-19 2.64E-16 1.93E-14 6.68E-14 9.29E-14
 1.05E-13 1.13E-13 1.09E-13 9.10E-14 7.00E-14 5.89E-14
 1.15E-46 2.57E-35 2.81E-26 1.44E-19 2.74E-16 1.98E-14 6.82E-14 9.46E-14
 1.07E-13 1.14E-13 1.10E-13 9.18E-14 7.05E-14 5.92E-14
 1.88E-46 4.03E-35 4.15E-26 1.97E-19 3.53E-16 2.42E-14 8.05E-14 1.10E-13
 1.23E-13 1.29E-13 1.22E-13 9.92E-14 7.47E-14 6.22E-14
 2.97E-46 6.81E-35 7.38E-26 3.49E-19 6.01E-16 3.92E-14 1.27E-13 1.71E-13
 1.90E-13 1.97E-13 1.82E-13 1.43E-13 1.03E-13 8.34E-14
 1.63E-46 3.97E-35 4.75E-26 2.66E-19 5.30E-16 3.91E-14 1.35E-13 1.87E-13
 2.13E-13 2.30E-13 2.23E-13 1.88E-13 1.44E-13 1.21E-13
  425.031    7  14 /pl=01:ss=10:pb= 1:sz=10/type=excit/ispb = t/isel =   10
 1.00E+10 1.00E+11 1.00E+12 1.00E+13 1.00E+14 1.00E+15 1.00E+16
 2.09E+00 3.13E+00 5.21E+00 1.04E+01 2.09E+01 5.21E+01 1.04E+02 1.56E+02
 2.09E+02 3.13E+02 5.21E+02 1.04E+03 2.09E+03 3.13E+03
 7.15E-42 1.23E-31 1.72E-23 1.90E-17 1.69E-14 7.77E-13 2.31E-12 3.06E-12
 3.39E-12 3.57E-12 3.37E-12 2.80E-12 2.14E-12 1.81E-12
 7.15E-42 1.23E-31 1.72E-23 1.90E-17 1.69E-14 7.77E-13 2.31E-12 3.06E-12
 3.39E-12 3.57E-12 3.37E-12 2.80E-12 2.14E-12 1.81E-12
 7.13E-42 1.22E-31 1.72E-23 1.89E-17 1.69E-14 7.76E-13 2.31E-12 3.06E-12
 3.39E-12 3.57E-12 3.37E-12 2.80E-12 2.14E-12 1.81E-12
 6.98E-42 1.20E-31 1.69E-23 1.86E-17 1.66E-14 7.66E-13 2.28E-12 3.02E-12
 3.35E-12 3.54E-12 3.35E-12 2.78E-12 2.13E-12 1.80E-12
 5.73E-42 1.02E-31 1.47E-23 1.63E-17 1.45E-14 6.75E-13 2.04E-12 2.73E-12
 3.06E-12 3.26E-12 3.13E-12 2.64E-12 2.05E-12 1.74E-12
 2.26E-42 4.33E-32 6.76E-24 7.88E-18 7.05E-15 3.36E-13 1.07E-12 1.48E-12
 1.71E-12 1.91E-12 1.95E-12 1.79E-12 1.51E-12 1.34E-12
 6.26E-43 1.17E-32 1.83E-24 2.27E-18 2.18E-15 1.08E-13 3.39E-13 4.67E-13
 5.37E-13 5.99E-13 6.20E-13 5.92E-13 5.33E-13 4.96E-13
  766.222    7  14 /pl=01:ss=10:pb= 1:sz=10/type=excit/ispb = t/isel =   11
 1.00E+10 1.00E+11 1.00E+12 1.00E+13 1.00E+14 1.00E+15 1.00E+16
 2.09E+00 3.13E+00 5.21E+00 1.04E+01 2.09E+01 5.21E+01 1.04E+02 1.56E+02
 2.09E+02 3.13E+02 5.21E+02 1.04E+03 2.09E+03 3.13E+03
 4.17E-47 9.50E-36 1.06E-26 5.49E-20 1.06E-16 7.72E-15 2.68E-14 3.72E-14
 4.22E-14 4.53E-14 4.36E-14 3.65E-14 2.81E-14 2.36E-14
 4.17E-47 9.51E-36 1.06E-26 5.50E-20 1.06E-16 7.72E-15 2.68E-14 3.73E-14
 4.22E-14 4.53E-14 4.36E-14 3.65E-14 2.81E-14 2.37E-14
 4.21E-47 9.58E-36 1.06E-26 5.52E-20 1.06E-16 7.75E-15 2.68E-14 3.73E-14
 4.23E-14 4.53E-14 4.37E-14 3.65E-14 2.81E-14 2.37E-14
 4.61E-47 1.03E-35 1.13E-26 5.78E-20 1.10E-16 7.95E-15 2.74E-14 3.80E-14
 4.30E-14 4.60E-14 4.42E-14 3.69E-14 2.83E-14 2.38E-14
 7.56E-47 1.62E-35 1.66E-26 7.90E-20 1.42E-16 9.70E-15 3.23E-14 4.40E-14
 4.92E-14 5.18E-14 4.88E-14 3.98E-14 3.00E-14 2.50E-14
 1.19E-46 2.74E-35 2.96E-26 1.40E-19 2.41E-16 1.57E-14 5.12E-14 6.88E-14
 7.62E-14 7.92E-14 7.30E-14 5.75E-14 4.14E-14 3.35E-14
 6.53E-47 1.59E-35 1.91E-26 1.07E-19 2.13E-16 1.57E-14 5.42E-14 7.53E-14
 8.56E-14 9.23E-14 8.95E-14 7.55E-14 5.80E-14 4.85E-14
c-------------------------------------------------------------------------------
 
C  root partition information
C  ==========================
C
C  nuclear charge : 74
C  ion charge+1   : 11
C
C  population calculation information
C  ----------------------------------
C
C  population processing code: adas810
C
C  adf04 source file    : adf04_copmm#74_ca_40#w10_t3.dat
C  adf18/a17_p208 file  : NULL
C
C  meta. ion. coeff. selector  : 
 
C  options  : lnorm =T  lpsel =F  lzsel =T  liosel=F
C           : lhsel =F  lrsel =F  lisel =F  lnsel =F
 
C  energy levels
C  -------------
C
C   lv      configuration    (2S+1)L(w-1/2)      energy (cm^-1)
C  ---   ------------------- --------------      --------------
c    1   60963A52B53C          (0)0( 139.5)             0.0
c    2   60963A52B52C51D       (0)0(1049.5)        442065.6
c    3   60963A52B52C51I       (0)0(1049.5)        963965.0
c    4   60963A52B52C51O       (0)0(1049.5)       1199241.7
c    5   60963A52B52C51V       (0)0(1044.5)       1329752.2
c    6   9964A52B53C           (0)0(  98.5)       1791877.8
 
 
 
c-------------------------------------------------------------------------------
 
C  superstage partition information
C  ================================
C
C  element symbol   : W
C  parent template  : 
C  partition level  :  1
C  superstage label : 10
C
C  tabulation       : photon emissivity coefft (te,ne)
C  units            : ph. emis coef(cm^3 s^-1); te (ev); ne (cm^-3)
C
C  photon emissivity atomic transitions
C  ------------------------------------
C  
C   isel  wvlen(A)            transition                type  ispb nspb
C                                                             ispp nspp sz    tg pr wr
C  ----- ---------- ----------------------------------- ----- ---- ---- --    -- -- --
C      1   55.8074    6(0)0(  98.5)-  1(0)0( 139.5)     excit   1    1  10     5  2  1
C      2   75.2020    5(0)0(1044.5)-  1(0)0( 139.5)     excit   1    1  10     4  5  2
C      3   83.3860    4(0)0(1049.5)-  1(0)0( 139.5)     excit   1    1  10     3  4  3
C      4   103.738    3(0)0(1049.5)-  1(0)0( 139.5)     excit   1    1  10     2  3  4
C      5   112.652    5(0)0(1044.5)-  2(0)0(1049.5)     excit   1    1  10     8  9  5
C      6   132.070    4(0)0(1049.5)-  2(0)0(1049.5)     excit   1    1  10     7  6  6
C      7   191.608    3(0)0(1049.5)-  2(0)0(1049.5)     excit   1    1  10     6  8  7
C      8   226.211    2(0)0(1049.5)-  1(0)0( 139.5)     excit   1    1  10     1  1  8
C      9   273.383    5(0)0(1044.5)-  3(0)0(1049.5)     excit   1    1  10    10 10  9
C     10   425.031    4(0)0(1049.5)-  3(0)0(1049.5)     excit   1    1  10     9  7 10
C     11   766.222    5(0)0(1044.5)-  4(0)0(1049.5)     excit   1    1  10    11 11 11
c-------------------------------------------------------------------------------
                                                                                
C  code     : adas810
C  producer : Adam Foster
C  date     : 15/05/09
                                                                                
c-------------------------------------------------------------------------------

C-----------------------------------------------------------------------
C                               OPEN-ADAS
C                               +++++++++
C
C This file has been downloaded from OPEN-ADAS (http://open.adas.ac.uk)
C on 26-Mar-2025.
C
C TERMS AND CONDITIONS
C --------------------
C
C The user of the OPEN-ADAS system and data (hereinafter "the User")
C accepts the following terms and conditions:
C
C   1. The University of Strathclyde uses all reasonable endeavours to
C      ensure the accuracy of the data provided and any information
C      given, but the University makes no warranty, expressed or implied
C      as to its accuracy, integrity, fitness for purpose and shall not
C      be responsible for the use to which the data is put by the User
C      and/or any consequences arising out of any inaccuracies or
C      omissions.
C
C   2. Any downloaded OPEN-ADAS file is made available for the
C      personal use of the User only.  It must not be used for any
C      commercial application, incorporated into any web site or in
C      any form re-distributed without express prior written permission
C      from the ADAS Project. In particular, but not by way of
C      limitation, it must not be:
C        *  inserted into a managed database structure,
C        *  redistributed along with a modelling or analysis code,
C        *  made available on a public website.
C
C Permission for OPEN-ADAS data incorporation in non-commercial
C code/system development for scientific advance will not be
C unreasonably withheld, but will be subject to written agreement
C on a case by case basis.
C
C The User will indemnify the University of Strathclyde and keep it
C fully and effectively indemnified against each and every claim made
C against the University as a result of the User's use of the data.
C
C-----------------------------------------------------------------------
