   50    /W :22 photon emissivity coefficients/
--------------------------------------------------------------------------------
    1    1    1    1    1    1    1    1    1    1    1    1    1    1
    1    1    1    1    1    1    1    1    1    1    1    1    1    1
    1    1    1    1    1    1    1    1    1    1    1    1    1    1
    1    1    1    1    1    1    1    1    1    1    1    1    1    1
    1    1    1    1    1    1    1    1    1    1    1    1    1    1
    1    1    1    1    1
--------------------------------------------------------------------------------
//#01/p00/ 00/p01/ 01/p02/ 02/p03/ 03/p04/ 04/p05/ 05/p06/ 06/p07/ 07/p08/ 08/  
      p09/ 09/p10/ 10/p11/ 11/p12/ 12/p13/ 13/p14/ 14/p15/ 15/p16/ 16/p17/ 17/  
      p18/ 18/p19/ 19/p20/ 20/p21/ 21/p22/ 22/p23/ 23/p24/ 24/p25/ 25/p26/ 26/  
      p27/ 27/p28/ 28/p29/ 29/p30/ 30/p31/ 31/p32/ 32/p33/ 33/p34/ 34/p35/ 35/  
      p36/ 36/p37/ 37/p38/ 38/p39/ 39/p40/ 40/p41/ 41/p42/ 42/p43/ 43/p44/ 44/  
      p45/ 45/p46/ 46/p47/ 47/p48/ 48/p49/ 49/p50/ 50/p51/ 51/p52/ 52/p53/ 53/  
      p54/ 54/p55/ 55/p56/ 56/p57/ 57/p58/ 58/p59/ 59/p60/ 60/p61/ 61/p62/ 62/  
      p63/ 63/p64/ 64/p65/ 65/p66/ 66/p67/ 67/p68/ 68/p69/ 69/p70/ 70/p71/ 71/  
      p72/ 72/p73/ 73/p74/ 74/                                                  
--------------------------------------------------------------------------------
  20.1378    7  14 /pl=01:ss=22:pb= 1:sz=22/type=excit/ispb = t/isel =    1
 1.00E+10 1.00E+11 1.00E+12 1.00E+13 1.00E+14 1.00E+15 1.00E+16
 9.12E+00 1.37E+01 2.28E+01 4.56E+01 9.12E+01 2.28E+02 4.56E+02 6.84E+02
 9.12E+02 1.37E+03 2.28E+03 4.56E+03 9.12E+03 1.37E+04
 6.64E-40 3.30E-30 1.74E-22 9.55E-17 6.12E-14 2.46E-12 7.71E-12 1.12E-11
 1.36E-11 1.66E-11 1.99E-11 2.30E-11 2.44E-11 2.42E-11
 6.64E-40 3.30E-30 1.74E-22 9.55E-17 6.12E-14 2.46E-12 7.71E-12 1.12E-11
 1.36E-11 1.66E-11 1.99E-11 2.30E-11 2.44E-11 2.42E-11
 6.64E-40 3.30E-30 1.74E-22 9.55E-17 6.12E-14 2.46E-12 7.71E-12 1.12E-11
 1.35E-11 1.66E-11 1.99E-11 2.30E-11 2.44E-11 2.42E-11
 6.64E-40 3.30E-30 1.74E-22 9.55E-17 6.12E-14 2.45E-12 7.69E-12 1.12E-11
 1.35E-11 1.66E-11 1.99E-11 2.30E-11 2.43E-11 2.42E-11
 6.64E-40 3.30E-30 1.74E-22 9.54E-17 6.08E-14 2.41E-12 7.51E-12 1.09E-11
 1.32E-11 1.61E-11 1.94E-11 2.25E-11 2.39E-11 2.38E-11
 6.65E-40 3.30E-30 1.74E-22 9.43E-17 5.87E-14 2.23E-12 6.78E-12 9.76E-12
 1.18E-11 1.44E-11 1.73E-11 2.02E-11 2.16E-11 2.16E-11
 6.71E-40 3.32E-30 1.74E-22 9.31E-17 5.67E-14 2.10E-12 6.27E-12 8.94E-12
 1.07E-11 1.30E-11 1.55E-11 1.78E-11 1.89E-11 1.87E-11
  23.0206    7  14 /pl=01:ss=22:pb= 1:sz=22/type=excit/ispb = t/isel =    2
 1.00E+10 1.00E+11 1.00E+12 1.00E+13 1.00E+14 1.00E+15 1.00E+16
 9.12E+00 1.37E+01 2.28E+01 4.56E+01 9.12E+01 2.28E+02 4.56E+02 6.84E+02
 9.12E+02 1.37E+03 2.28E+03 4.56E+03 9.12E+03 1.37E+04
 9.75E-37 2.99E-28 1.82E-21 2.15E-16 6.65E-14 1.72E-12 4.45E-12 5.86E-12
 6.61E-12 7.31E-12 7.71E-12 7.62E-12 7.08E-12 6.61E-12
 9.75E-37 2.99E-28 1.82E-21 2.15E-16 6.65E-14 1.72E-12 4.45E-12 5.86E-12
 6.61E-12 7.31E-12 7.71E-12 7.62E-12 7.08E-12 6.61E-12
 9.75E-37 2.99E-28 1.82E-21 2.15E-16 6.65E-14 1.72E-12 4.45E-12 5.85E-12
 6.61E-12 7.31E-12 7.71E-12 7.62E-12 7.07E-12 6.61E-12
 9.75E-37 2.99E-28 1.82E-21 2.14E-16 6.64E-14 1.71E-12 4.44E-12 5.84E-12
 6.59E-12 7.29E-12 7.69E-12 7.60E-12 7.06E-12 6.60E-12
 9.75E-37 2.99E-28 1.82E-21 2.14E-16 6.59E-14 1.68E-12 4.34E-12 5.69E-12
 6.43E-12 7.11E-12 7.51E-12 7.45E-12 6.94E-12 6.49E-12
 9.76E-37 2.99E-28 1.82E-21 2.12E-16 6.36E-14 1.56E-12 3.92E-12 5.10E-12
 5.74E-12 6.33E-12 6.69E-12 6.67E-12 6.26E-12 5.89E-12
 9.77E-37 3.00E-28 1.81E-21 2.08E-16 6.14E-14 1.46E-12 3.62E-12 4.67E-12
 5.23E-12 5.73E-12 6.00E-12 5.91E-12 5.48E-12 5.12E-12
  23.8606    7  14 /pl=01:ss=22:pb= 1:sz=22/type=excit/ispb = t/isel =    3
 1.00E+10 1.00E+11 1.00E+12 1.00E+13 1.00E+14 1.00E+15 1.00E+16
 9.12E+00 1.37E+01 2.28E+01 4.56E+01 9.12E+01 2.28E+02 4.56E+02 6.84E+02
 9.12E+02 1.37E+03 2.28E+03 4.56E+03 9.12E+03 1.37E+04
 1.42E-34 2.07E-26 6.45E-20 4.10E-15 8.80E-13 1.79E-11 4.30E-11 5.57E-11
 6.23E-11 6.89E-11 7.26E-11 7.21E-11 6.73E-11 6.30E-11
 1.42E-34 2.07E-26 6.45E-20 4.10E-15 8.80E-13 1.79E-11 4.30E-11 5.57E-11
 6.23E-11 6.89E-11 7.26E-11 7.21E-11 6.73E-11 6.30E-11
 1.42E-34 2.07E-26 6.45E-20 4.10E-15 8.79E-13 1.79E-11 4.30E-11 5.57E-11
 6.23E-11 6.88E-11 7.26E-11 7.21E-11 6.73E-11 6.30E-11
 1.42E-34 2.07E-26 6.45E-20 4.10E-15 8.79E-13 1.79E-11 4.29E-11 5.56E-11
 6.21E-11 6.86E-11 7.24E-11 7.19E-11 6.71E-11 6.29E-11
 1.42E-34 2.07E-26 6.45E-20 4.09E-15 8.73E-13 1.75E-11 4.19E-11 5.42E-11
 6.05E-11 6.70E-11 7.07E-11 7.04E-11 6.60E-11 6.19E-11
 1.42E-34 2.07E-26 6.44E-20 4.05E-15 8.42E-13 1.62E-11 3.78E-11 4.86E-11
 5.41E-11 5.97E-11 6.31E-11 6.31E-11 5.95E-11 5.61E-11
 1.42E-34 2.07E-26 6.41E-20 3.97E-15 8.11E-13 1.52E-11 3.49E-11 4.44E-11
 4.92E-11 5.39E-11 5.64E-11 5.58E-11 5.20E-11 4.88E-11
  25.0350    7  14 /pl=01:ss=22:pb= 1:sz=22/type=excit/ispb = t/isel =    4
 1.00E+10 1.00E+11 1.00E+12 1.00E+13 1.00E+14 1.00E+15 1.00E+16
 9.12E+00 1.37E+01 2.28E+01 4.56E+01 9.12E+01 2.28E+02 4.56E+02 6.84E+02
 9.12E+02 1.37E+03 2.28E+03 4.56E+03 9.12E+03 1.37E+04
 5.21E-34 3.13E-26 4.97E-20 2.21E-15 4.65E-13 1.04E-11 2.66E-11 3.53E-11
 4.04E-11 4.62E-11 5.11E-11 5.41E-11 5.35E-11 5.18E-11
 5.21E-34 3.13E-26 4.97E-20 2.21E-15 4.65E-13 1.04E-11 2.66E-11 3.53E-11
 4.04E-11 4.62E-11 5.11E-11 5.41E-11 5.35E-11 5.18E-11
 5.21E-34 3.13E-26 4.97E-20 2.21E-15 4.65E-13 1.04E-11 2.66E-11 3.53E-11
 4.04E-11 4.62E-11 5.11E-11 5.41E-11 5.35E-11 5.18E-11
 5.21E-34 3.13E-26 4.97E-20 2.21E-15 4.64E-13 1.04E-11 2.65E-11 3.52E-11
 4.03E-11 4.61E-11 5.09E-11 5.40E-11 5.34E-11 5.17E-11
 5.21E-34 3.13E-26 4.97E-20 2.20E-15 4.61E-13 1.02E-11 2.59E-11 3.43E-11
 3.93E-11 4.49E-11 4.97E-11 5.29E-11 5.25E-11 5.09E-11
 5.21E-34 3.14E-26 4.96E-20 2.18E-15 4.45E-13 9.40E-12 2.34E-11 3.08E-11
 3.51E-11 4.01E-11 4.43E-11 4.73E-11 4.73E-11 4.62E-11
 5.28E-34 3.17E-26 4.98E-20 2.15E-15 4.30E-13 8.84E-12 2.16E-11 2.82E-11
 3.20E-11 3.62E-11 3.98E-11 4.19E-11 4.14E-11 4.01E-11
  25.6370    7  14 /pl=01:ss=22:pb= 1:sz=22/type=excit/ispb = t/isel =    5
 1.00E+10 1.00E+11 1.00E+12 1.00E+13 1.00E+14 1.00E+15 1.00E+16
 9.12E+00 1.37E+01 2.28E+01 4.56E+01 9.12E+01 2.28E+02 4.56E+02 6.84E+02
 9.12E+02 1.37E+03 2.28E+03 4.56E+03 9.12E+03 1.37E+04
 1.39E-32 5.47E-25 5.92E-19 1.73E-14 2.52E-12 4.10E-11 9.21E-11 1.17E-10
 1.30E-10 1.42E-10 1.49E-10 1.47E-10 1.37E-10 1.28E-10
 1.39E-32 5.47E-25 5.92E-19 1.73E-14 2.52E-12 4.10E-11 9.21E-11 1.17E-10
 1.30E-10 1.42E-10 1.49E-10 1.47E-10 1.37E-10 1.28E-10
 1.39E-32 5.47E-25 5.92E-19 1.73E-14 2.52E-12 4.10E-11 9.21E-11 1.17E-10
 1.30E-10 1.42E-10 1.49E-10 1.47E-10 1.37E-10 1.28E-10
 1.39E-32 5.47E-25 5.92E-19 1.73E-14 2.52E-12 4.09E-11 9.19E-11 1.16E-10
 1.29E-10 1.41E-10 1.49E-10 1.47E-10 1.37E-10 1.28E-10
 1.39E-32 5.47E-25 5.92E-19 1.72E-14 2.50E-12 4.02E-11 8.97E-11 1.13E-10
 1.26E-10 1.38E-10 1.45E-10 1.44E-10 1.34E-10 1.26E-10
 1.39E-32 5.47E-25 5.91E-19 1.71E-14 2.42E-12 3.72E-11 8.10E-11 1.02E-10
 1.13E-10 1.23E-10 1.30E-10 1.29E-10 1.21E-10 1.14E-10
 1.39E-32 5.47E-25 5.90E-19 1.68E-14 2.33E-12 3.49E-11 7.48E-11 9.31E-11
 1.03E-10 1.11E-10 1.16E-10 1.14E-10 1.06E-10 9.94E-11
  28.9486    7  14 /pl=01:ss=22:pb= 1:sz=22/type=excit/ispb = t/isel =    6
 1.00E+10 1.00E+11 1.00E+12 1.00E+13 1.00E+14 1.00E+15 1.00E+16
 9.12E+00 1.37E+01 2.28E+01 4.56E+01 9.12E+01 2.28E+02 4.56E+02 6.84E+02
 9.12E+02 1.37E+03 2.28E+03 4.56E+03 9.12E+03 1.37E+04
 1.33E-29 6.90E-23 1.49E-17 1.30E-13 1.04E-11 1.21E-10 2.46E-10 3.03E-10
 3.32E-10 3.60E-10 3.76E-10 3.71E-10 3.44E-10 3.23E-10
 1.33E-29 6.90E-23 1.49E-17 1.30E-13 1.04E-11 1.21E-10 2.46E-10 3.03E-10
 3.32E-10 3.60E-10 3.76E-10 3.71E-10 3.44E-10 3.23E-10
 1.33E-29 6.90E-23 1.49E-17 1.30E-13 1.04E-11 1.21E-10 2.46E-10 3.02E-10
 3.32E-10 3.60E-10 3.76E-10 3.71E-10 3.44E-10 3.23E-10
 1.33E-29 6.90E-23 1.49E-17 1.30E-13 1.04E-11 1.21E-10 2.45E-10 3.02E-10
 3.31E-10 3.59E-10 3.75E-10 3.70E-10 3.43E-10 3.23E-10
 1.33E-29 6.90E-23 1.49E-17 1.29E-13 1.04E-11 1.18E-10 2.39E-10 2.94E-10
 3.22E-10 3.50E-10 3.66E-10 3.62E-10 3.37E-10 3.17E-10
 1.33E-29 6.90E-23 1.49E-17 1.28E-13 1.00E-11 1.09E-10 2.16E-10 2.64E-10
 2.88E-10 3.12E-10 3.27E-10 3.25E-10 3.04E-10 2.88E-10
 1.34E-29 6.91E-23 1.48E-17 1.26E-13 9.65E-12 1.03E-10 2.00E-10 2.42E-10
 2.63E-10 2.82E-10 2.93E-10 2.88E-10 2.66E-10 2.50E-10
  29.0420    7  14 /pl=01:ss=22:pb= 1:sz=22/type=excit/ispb = t/isel =    7
 1.00E+10 1.00E+11 1.00E+12 1.00E+13 1.00E+14 1.00E+15 1.00E+16
 9.12E+00 1.37E+01 2.28E+01 4.56E+01 9.12E+01 2.28E+02 4.56E+02 6.84E+02
 9.12E+02 1.37E+03 2.28E+03 4.56E+03 9.12E+03 1.37E+04
 2.53E-40 3.83E-30 4.85E-22 4.98E-16 4.26E-13 1.94E-11 5.85E-11 7.89E-11
 8.88E-11 9.52E-11 9.40E-11 8.17E-11 6.55E-11 5.62E-11
 2.53E-40 3.83E-30 4.85E-22 4.98E-16 4.26E-13 1.94E-11 5.85E-11 7.89E-11
 8.88E-11 9.52E-11 9.40E-11 8.17E-11 6.55E-11 5.62E-11
 2.53E-40 3.83E-30 4.85E-22 4.98E-16 4.26E-13 1.94E-11 5.85E-11 7.89E-11
 8.87E-11 9.51E-11 9.40E-11 8.17E-11 6.55E-11 5.62E-11
 2.53E-40 3.83E-30 4.85E-22 4.98E-16 4.26E-13 1.94E-11 5.83E-11 7.87E-11
 8.85E-11 9.49E-11 9.37E-11 8.15E-11 6.54E-11 5.61E-11
 2.53E-40 3.83E-30 4.85E-22 4.97E-16 4.23E-13 1.90E-11 5.70E-11 7.67E-11
 8.63E-11 9.26E-11 9.16E-11 7.99E-11 6.42E-11 5.52E-11
 2.53E-40 3.83E-30 4.84E-22 4.92E-16 4.08E-13 1.76E-11 5.14E-11 6.88E-11
 7.71E-11 8.25E-11 8.16E-11 7.15E-11 5.79E-11 5.01E-11
 2.53E-40 3.83E-30 4.83E-22 4.84E-16 3.94E-13 1.65E-11 4.75E-11 6.30E-11
 7.02E-11 7.46E-11 7.32E-11 6.34E-11 5.07E-11 4.36E-11
  34.6929    7  14 /pl=01:ss=22:pb= 1:sz=22/type=excit/ispb = t/isel =    8
 1.00E+10 1.00E+11 1.00E+12 1.00E+13 1.00E+14 1.00E+15 1.00E+16
 9.12E+00 1.37E+01 2.28E+01 4.56E+01 9.12E+01 2.28E+02 4.56E+02 6.84E+02
 9.12E+02 1.37E+03 2.28E+03 4.56E+03 9.12E+03 1.37E+04
 5.43E-28 2.35E-22 8.28E-18 2.28E-14 1.13E-12 9.95E-12 1.79E-11 2.05E-11
 2.14E-11 2.16E-11 2.06E-11 1.81E-11 1.52E-11 1.35E-11
 5.43E-28 2.35E-22 8.28E-18 2.28E-14 1.13E-12 9.95E-12 1.79E-11 2.05E-11
 2.14E-11 2.16E-11 2.06E-11 1.81E-11 1.52E-11 1.35E-11
 5.44E-28 2.35E-22 8.28E-18 2.28E-14 1.13E-12 9.95E-12 1.79E-11 2.05E-11
 2.14E-11 2.16E-11 2.06E-11 1.81E-11 1.52E-11 1.35E-11
 5.49E-28 2.37E-22 8.32E-18 2.28E-14 1.14E-12 9.96E-12 1.79E-11 2.05E-11
 2.14E-11 2.16E-11 2.06E-11 1.81E-11 1.52E-11 1.35E-11
 5.98E-28 2.52E-22 8.68E-18 2.34E-14 1.15E-12 1.00E-11 1.78E-11 2.04E-11
 2.13E-11 2.14E-11 2.04E-11 1.79E-11 1.50E-11 1.34E-11
 1.04E-27 3.95E-22 1.17E-17 2.71E-14 1.25E-12 1.03E-11 1.77E-11 2.01E-11
 2.08E-11 2.07E-11 1.96E-11 1.71E-11 1.44E-11 1.28E-11
 3.02E-27 1.05E-21 2.17E-17 3.31E-14 1.34E-12 1.04E-11 1.77E-11 1.98E-11
 2.04E-11 2.02E-11 1.89E-11 1.64E-11 1.36E-11 1.21E-11
  34.8163    7  14 /pl=01:ss=22:pb= 1:sz=22/type=excit/ispb = t/isel =    9
 1.00E+10 1.00E+11 1.00E+12 1.00E+13 1.00E+14 1.00E+15 1.00E+16
 9.12E+00 1.37E+01 2.28E+01 4.56E+01 9.12E+01 2.28E+02 4.56E+02 6.84E+02
 9.12E+02 1.37E+03 2.28E+03 4.56E+03 9.12E+03 1.37E+04
 1.05E-37 1.20E-28 1.96E-21 4.36E-16 1.76E-13 5.17E-12 1.35E-11 1.75E-11
 1.94E-11 2.06E-11 2.05E-11 1.85E-11 1.58E-11 1.41E-11
 1.05E-37 1.20E-28 1.96E-21 4.36E-16 1.76E-13 5.17E-12 1.35E-11 1.75E-11
 1.94E-11 2.06E-11 2.05E-11 1.85E-11 1.58E-11 1.41E-11
 1.05E-37 1.20E-28 1.96E-21 4.36E-16 1.76E-13 5.17E-12 1.35E-11 1.75E-11
 1.94E-11 2.06E-11 2.05E-11 1.85E-11 1.58E-11 1.41E-11
 1.05E-37 1.20E-28 1.96E-21 4.36E-16 1.76E-13 5.16E-12 1.35E-11 1.74E-11
 1.93E-11 2.06E-11 2.04E-11 1.85E-11 1.58E-11 1.41E-11
 1.05E-37 1.20E-28 1.96E-21 4.35E-16 1.75E-13 5.06E-12 1.32E-11 1.70E-11
 1.89E-11 2.01E-11 1.99E-11 1.81E-11 1.55E-11 1.39E-11
 1.05E-37 1.20E-28 1.96E-21 4.30E-16 1.69E-13 4.68E-12 1.19E-11 1.52E-11
 1.68E-11 1.79E-11 1.78E-11 1.62E-11 1.40E-11 1.26E-11
 1.05E-37 1.20E-28 1.95E-21 4.22E-16 1.63E-13 4.39E-12 1.10E-11 1.40E-11
 1.53E-11 1.62E-11 1.59E-11 1.44E-11 1.22E-11 1.09E-11
  36.4066    7  14 /pl=01:ss=22:pb= 1:sz=22/type=excit/ispb = t/isel =   10
 1.00E+10 1.00E+11 1.00E+12 1.00E+13 1.00E+14 1.00E+15 1.00E+16
 9.12E+00 1.37E+01 2.28E+01 4.56E+01 9.12E+01 2.28E+02 4.56E+02 6.84E+02
 9.12E+02 1.37E+03 2.28E+03 4.56E+03 9.12E+03 1.37E+04
 1.15E-25 2.43E-20 4.24E-16 6.84E-13 2.87E-11 2.53E-10 4.81E-10 5.77E-10
 6.23E-10 6.60E-10 6.72E-10 6.43E-10 5.84E-10 5.40E-10
 1.15E-25 2.43E-20 4.24E-16 6.84E-13 2.87E-11 2.53E-10 4.81E-10 5.77E-10
 6.23E-10 6.60E-10 6.72E-10 6.43E-10 5.84E-10 5.40E-10
 1.15E-25 2.43E-20 4.24E-16 6.84E-13 2.87E-11 2.53E-10 4.81E-10 5.77E-10
 6.22E-10 6.60E-10 6.72E-10 6.43E-10 5.84E-10 5.40E-10
 1.15E-25 2.43E-20 4.24E-16 6.84E-13 2.86E-11 2.52E-10 4.80E-10 5.75E-10
 6.21E-10 6.58E-10 6.70E-10 6.42E-10 5.83E-10 5.39E-10
 1.15E-25 2.43E-20 4.24E-16 6.83E-13 2.84E-11 2.48E-10 4.69E-10 5.61E-10
 6.05E-10 6.42E-10 6.55E-10 6.29E-10 5.73E-10 5.31E-10
 1.15E-25 2.43E-20 4.24E-16 6.76E-13 2.74E-11 2.29E-10 4.23E-10 5.02E-10
 5.41E-10 5.72E-10 5.84E-10 5.63E-10 5.17E-10 4.81E-10
 1.15E-25 2.43E-20 4.22E-16 6.64E-13 2.65E-11 2.15E-10 3.91E-10 4.60E-10
 4.92E-10 5.17E-10 5.23E-10 4.98E-10 4.52E-10 4.19E-10
  36.6828    7  14 /pl=01:ss=22:pb= 1:sz=22/type=excit/ispb = t/isel =   11
 1.00E+10 1.00E+11 1.00E+12 1.00E+13 1.00E+14 1.00E+15 1.00E+16
 9.12E+00 1.37E+01 2.28E+01 4.56E+01 9.12E+01 2.28E+02 4.56E+02 6.84E+02
 9.12E+02 1.37E+03 2.28E+03 4.56E+03 9.12E+03 1.37E+04
 7.04E-25 1.34E-19 2.04E-15 2.46E-12 7.43E-11 4.93E-10 8.56E-10 1.02E-09
 1.10E-09 1.18E-09 1.23E-09 1.21E-09 1.13E-09 1.06E-09
 7.04E-25 1.34E-19 2.04E-15 2.46E-12 7.43E-11 4.93E-10 8.56E-10 1.02E-09
 1.10E-09 1.18E-09 1.23E-09 1.21E-09 1.13E-09 1.06E-09
 7.04E-25 1.34E-19 2.04E-15 2.46E-12 7.43E-11 4.93E-10 8.56E-10 1.02E-09
 1.10E-09 1.18E-09 1.23E-09 1.21E-09 1.13E-09 1.06E-09
 7.04E-25 1.34E-19 2.04E-15 2.46E-12 7.43E-11 4.92E-10 8.53E-10 1.01E-09
 1.10E-09 1.17E-09 1.22E-09 1.21E-09 1.12E-09 1.06E-09
 7.04E-25 1.34E-19 2.04E-15 2.46E-12 7.38E-11 4.83E-10 8.34E-10 9.90E-10
 1.07E-09 1.15E-09 1.19E-09 1.18E-09 1.10E-09 1.04E-09
 7.04E-25 1.34E-19 2.04E-15 2.43E-12 7.12E-11 4.47E-10 7.53E-10 8.87E-10
 9.55E-10 1.02E-09 1.07E-09 1.06E-09 9.96E-10 9.42E-10
 7.06E-25 1.34E-19 2.03E-15 2.39E-12 6.87E-11 4.20E-10 6.96E-10 8.13E-10
 8.70E-10 9.24E-10 9.55E-10 9.38E-10 8.72E-10 8.19E-10
  36.8402    7  14 /pl=01:ss=22:pb= 1:sz=22/type=excit/ispb = t/isel =   12
 1.00E+10 1.00E+11 1.00E+12 1.00E+13 1.00E+14 1.00E+15 1.00E+16
 9.12E+00 1.37E+01 2.28E+01 4.56E+01 9.12E+01 2.28E+02 4.56E+02 6.84E+02
 9.12E+02 1.37E+03 2.28E+03 4.56E+03 9.12E+03 1.37E+04
 1.13E-35 6.30E-27 5.68E-20 8.06E-15 2.58E-12 6.54E-11 1.64E-10 2.09E-10
 2.29E-10 2.41E-10 2.35E-10 2.05E-10 1.66E-10 1.43E-10
 1.13E-35 6.30E-27 5.68E-20 8.06E-15 2.58E-12 6.54E-11 1.64E-10 2.09E-10
 2.29E-10 2.41E-10 2.35E-10 2.05E-10 1.66E-10 1.43E-10
 1.13E-35 6.30E-27 5.68E-20 8.06E-15 2.58E-12 6.54E-11 1.64E-10 2.09E-10
 2.29E-10 2.41E-10 2.35E-10 2.05E-10 1.66E-10 1.43E-10
 1.13E-35 6.30E-27 5.68E-20 8.06E-15 2.57E-12 6.52E-11 1.64E-10 2.09E-10
 2.29E-10 2.41E-10 2.34E-10 2.04E-10 1.65E-10 1.43E-10
 1.13E-35 6.30E-27 5.68E-20 8.05E-15 2.56E-12 6.41E-11 1.60E-10 2.04E-10
 2.23E-10 2.35E-10 2.29E-10 2.00E-10 1.62E-10 1.41E-10
 1.13E-35 6.30E-27 5.67E-20 7.96E-15 2.47E-12 5.92E-11 1.44E-10 1.82E-10
 1.99E-10 2.09E-10 2.04E-10 1.79E-10 1.47E-10 1.28E-10
 1.13E-35 6.31E-27 5.66E-20 7.82E-15 2.38E-12 5.56E-11 1.33E-10 1.67E-10
 1.81E-10 1.89E-10 1.83E-10 1.59E-10 1.28E-10 1.11E-10
  39.8905    7  14 /pl=01:ss=22:pb= 1:sz=22/type=excit/ispb = t/isel =   13
 1.00E+10 1.00E+11 1.00E+12 1.00E+13 1.00E+14 1.00E+15 1.00E+16
 9.12E+00 1.37E+01 2.28E+01 4.56E+01 9.12E+01 2.28E+02 4.56E+02 6.84E+02
 9.12E+02 1.37E+03 2.28E+03 4.56E+03 9.12E+03 1.37E+04
 8.07E-35 7.75E-27 1.72E-20 8.51E-16 1.60E-13 2.92E-12 6.44E-12 7.77E-12
 8.22E-12 8.28E-12 7.71E-12 6.38E-12 5.00E-12 4.26E-12
 8.07E-35 7.75E-27 1.72E-20 8.51E-16 1.60E-13 2.92E-12 6.44E-12 7.77E-12
 8.22E-12 8.28E-12 7.71E-12 6.38E-12 5.00E-12 4.26E-12
 8.07E-35 7.75E-27 1.72E-20 8.51E-16 1.60E-13 2.92E-12 6.44E-12 7.77E-12
 8.22E-12 8.28E-12 7.71E-12 6.38E-12 4.99E-12 4.26E-12
 8.07E-35 7.76E-27 1.72E-20 8.51E-16 1.60E-13 2.92E-12 6.43E-12 7.75E-12
 8.20E-12 8.26E-12 7.69E-12 6.37E-12 4.99E-12 4.25E-12
 8.11E-35 7.79E-27 1.73E-20 8.52E-16 1.59E-13 2.88E-12 6.30E-12 7.59E-12
 8.02E-12 8.09E-12 7.53E-12 6.25E-12 4.91E-12 4.19E-12
 8.48E-35 8.07E-27 1.77E-20 8.57E-16 1.56E-13 2.70E-12 5.78E-12 6.91E-12
 7.28E-12 7.32E-12 6.82E-12 5.68E-12 4.49E-12 3.85E-12
 1.01E-34 9.33E-27 1.90E-20 8.57E-16 1.51E-13 2.54E-12 5.36E-12 6.37E-12
 6.69E-12 6.68E-12 6.19E-12 5.11E-12 4.01E-12 3.42E-12
  46.2164    7  14 /pl=01:ss=22:pb= 1:sz=22/type=excit/ispb = t/isel =   14
 1.00E+10 1.00E+11 1.00E+12 1.00E+13 1.00E+14 1.00E+15 1.00E+16
 9.12E+00 1.37E+01 2.28E+01 4.56E+01 9.12E+01 2.28E+02 4.56E+02 6.84E+02
 9.12E+02 1.37E+03 2.28E+03 4.56E+03 9.12E+03 1.37E+04
 1.51E-32 3.09E-25 2.00E-19 3.96E-15 4.75E-13 6.67E-12 1.35E-11 1.60E-11
 1.67E-11 1.67E-11 1.56E-11 1.30E-11 1.03E-11 8.87E-12
 1.51E-32 3.09E-25 2.00E-19 3.96E-15 4.75E-13 6.67E-12 1.35E-11 1.60E-11
 1.67E-11 1.67E-11 1.56E-11 1.30E-11 1.03E-11 8.87E-12
 1.51E-32 3.09E-25 2.00E-19 3.96E-15 4.75E-13 6.67E-12 1.35E-11 1.59E-11
 1.67E-11 1.67E-11 1.56E-11 1.30E-11 1.03E-11 8.87E-12
 1.52E-32 3.09E-25 2.00E-19 3.96E-15 4.75E-13 6.66E-12 1.35E-11 1.59E-11
 1.67E-11 1.67E-11 1.55E-11 1.29E-11 1.03E-11 8.86E-12
 1.52E-32 3.11E-25 2.01E-19 3.97E-15 4.74E-13 6.57E-12 1.32E-11 1.56E-11
 1.63E-11 1.63E-11 1.52E-11 1.27E-11 1.01E-11 8.74E-12
 1.61E-32 3.24E-25 2.07E-19 4.01E-15 4.65E-13 6.19E-12 1.22E-11 1.42E-11
 1.49E-11 1.48E-11 1.38E-11 1.16E-11 9.27E-12 8.04E-12
 1.98E-32 3.87E-25 2.28E-19 4.06E-15 4.55E-13 5.88E-12 1.14E-11 1.32E-11
 1.37E-11 1.36E-11 1.26E-11 1.04E-11 8.28E-12 7.14E-12
  51.0794    7  14 /pl=01:ss=22:pb= 1:sz=22/type=excit/ispb = t/isel =   15
 1.00E+10 1.00E+11 1.00E+12 1.00E+13 1.00E+14 1.00E+15 1.00E+16
 9.12E+00 1.37E+01 2.28E+01 4.56E+01 9.12E+01 2.28E+02 4.56E+02 6.84E+02
 9.12E+02 1.37E+03 2.28E+03 4.56E+03 9.12E+03 1.37E+04
 4.03E-35 5.86E-27 1.82E-20 1.16E-15 2.49E-13 5.06E-12 1.22E-11 1.58E-11
 1.76E-11 1.95E-11 2.05E-11 2.04E-11 1.90E-11 1.78E-11
 4.03E-35 5.86E-27 1.82E-20 1.16E-15 2.49E-13 5.06E-12 1.22E-11 1.58E-11
 1.76E-11 1.95E-11 2.05E-11 2.04E-11 1.90E-11 1.78E-11
 4.03E-35 5.86E-27 1.82E-20 1.16E-15 2.49E-13 5.06E-12 1.21E-11 1.58E-11
 1.76E-11 1.95E-11 2.05E-11 2.04E-11 1.90E-11 1.78E-11
 4.03E-35 5.86E-27 1.82E-20 1.16E-15 2.48E-13 5.05E-12 1.21E-11 1.57E-11
 1.75E-11 1.94E-11 2.05E-11 2.03E-11 1.90E-11 1.78E-11
 4.03E-35 5.86E-27 1.82E-20 1.16E-15 2.47E-13 4.96E-12 1.18E-11 1.53E-11
 1.71E-11 1.89E-11 2.00E-11 1.99E-11 1.86E-11 1.75E-11
 4.03E-35 5.86E-27 1.82E-20 1.14E-15 2.38E-13 4.58E-12 1.07E-11 1.37E-11
 1.53E-11 1.69E-11 1.78E-11 1.78E-11 1.68E-11 1.59E-11
 4.03E-35 5.86E-27 1.81E-20 1.12E-15 2.29E-13 4.30E-12 9.86E-12 1.26E-11
 1.39E-11 1.52E-11 1.60E-11 1.58E-11 1.47E-11 1.38E-11
  52.6957    7  14 /pl=01:ss=22:pb= 1:sz=22/type=excit/ispb = t/isel =   16
 1.00E+10 1.00E+11 1.00E+12 1.00E+13 1.00E+14 1.00E+15 1.00E+16
 9.12E+00 1.37E+01 2.28E+01 4.56E+01 9.12E+01 2.28E+02 4.56E+02 6.84E+02
 9.12E+02 1.37E+03 2.28E+03 4.56E+03 9.12E+03 1.37E+04
 4.26E-28 1.84E-22 6.50E-18 1.79E-14 8.89E-13 7.81E-12 1.40E-11 1.61E-11
 1.68E-11 1.69E-11 1.62E-11 1.42E-11 1.19E-11 1.06E-11
 4.26E-28 1.84E-22 6.50E-18 1.79E-14 8.89E-13 7.81E-12 1.40E-11 1.61E-11
 1.68E-11 1.69E-11 1.62E-11 1.42E-11 1.19E-11 1.06E-11
 4.27E-28 1.84E-22 6.50E-18 1.79E-14 8.89E-13 7.81E-12 1.40E-11 1.61E-11
 1.68E-11 1.69E-11 1.62E-11 1.42E-11 1.19E-11 1.06E-11
 4.31E-28 1.86E-22 6.53E-18 1.79E-14 8.91E-13 7.82E-12 1.40E-11 1.61E-11
 1.68E-11 1.69E-11 1.61E-11 1.42E-11 1.19E-11 1.06E-11
 4.69E-28 1.98E-22 6.81E-18 1.84E-14 9.06E-13 7.86E-12 1.40E-11 1.60E-11
 1.67E-11 1.68E-11 1.60E-11 1.41E-11 1.18E-11 1.05E-11
 8.14E-28 3.10E-22 9.15E-18 2.13E-14 9.81E-13 8.06E-12 1.39E-11 1.58E-11
 1.63E-11 1.63E-11 1.54E-11 1.35E-11 1.13E-11 1.01E-11
 2.37E-27 8.27E-22 1.70E-17 2.60E-14 1.06E-12 8.20E-12 1.39E-11 1.56E-11
 1.60E-11 1.59E-11 1.49E-11 1.29E-11 1.07E-11 9.47E-12
  52.6988    7  14 /pl=01:ss=22:pb= 1:sz=22/type=excit/ispb = t/isel =   17
 1.00E+10 1.00E+11 1.00E+12 1.00E+13 1.00E+14 1.00E+15 1.00E+16
 9.12E+00 1.37E+01 2.28E+01 4.56E+01 9.12E+01 2.28E+02 4.56E+02 6.84E+02
 9.12E+02 1.37E+03 2.28E+03 4.56E+03 9.12E+03 1.37E+04
 9.42E-38 1.08E-28 1.75E-21 3.89E-16 1.57E-13 4.62E-12 1.21E-11 1.56E-11
 1.73E-11 1.84E-11 1.83E-11 1.66E-11 1.41E-11 1.26E-11
 9.42E-38 1.08E-28 1.75E-21 3.89E-16 1.57E-13 4.62E-12 1.21E-11 1.56E-11
 1.73E-11 1.84E-11 1.83E-11 1.66E-11 1.41E-11 1.26E-11
 9.42E-38 1.08E-28 1.75E-21 3.89E-16 1.57E-13 4.62E-12 1.21E-11 1.56E-11
 1.73E-11 1.84E-11 1.83E-11 1.66E-11 1.41E-11 1.26E-11
 9.42E-38 1.08E-28 1.75E-21 3.89E-16 1.57E-13 4.61E-12 1.20E-11 1.56E-11
 1.73E-11 1.84E-11 1.82E-11 1.65E-11 1.41E-11 1.26E-11
 9.42E-38 1.08E-28 1.75E-21 3.88E-16 1.56E-13 4.52E-12 1.18E-11 1.52E-11
 1.68E-11 1.79E-11 1.78E-11 1.62E-11 1.38E-11 1.24E-11
 9.42E-38 1.08E-28 1.75E-21 3.84E-16 1.51E-13 4.18E-12 1.06E-11 1.36E-11
 1.50E-11 1.60E-11 1.59E-11 1.45E-11 1.25E-11 1.12E-11
 9.41E-38 1.07E-28 1.74E-21 3.77E-16 1.45E-13 3.92E-12 9.80E-12 1.25E-11
 1.37E-11 1.44E-11 1.42E-11 1.28E-11 1.09E-11 9.77E-12
  56.4298    7  14 /pl=01:ss=22:pb= 1:sz=22/type=excit/ispb = t/isel =   18
 1.00E+10 1.00E+11 1.00E+12 1.00E+13 1.00E+14 1.00E+15 1.00E+16
 9.12E+00 1.37E+01 2.28E+01 4.56E+01 9.12E+01 2.28E+02 4.56E+02 6.84E+02
 9.12E+02 1.37E+03 2.28E+03 4.56E+03 9.12E+03 1.37E+04
 1.28E-18 3.22E-15 1.55E-12 1.38E-10 1.12E-09 3.43E-09 4.58E-09 4.86E-09
 4.92E-09 4.85E-09 4.59E-09 4.05E-09 3.45E-09 3.09E-09
 1.28E-18 3.22E-15 1.55E-12 1.38E-10 1.12E-09 3.43E-09 4.58E-09 4.86E-09
 4.92E-09 4.85E-09 4.59E-09 4.05E-09 3.45E-09 3.09E-09
 1.28E-18 3.22E-15 1.55E-12 1.37E-10 1.12E-09 3.43E-09 4.58E-09 4.86E-09
 4.92E-09 4.85E-09 4.59E-09 4.05E-09 3.45E-09 3.09E-09
 1.28E-18 3.22E-15 1.55E-12 1.37E-10 1.12E-09 3.42E-09 4.57E-09 4.85E-09
 4.91E-09 4.83E-09 4.58E-09 4.04E-09 3.44E-09 3.08E-09
 1.28E-18 3.22E-15 1.55E-12 1.37E-10 1.11E-09 3.36E-09 4.46E-09 4.73E-09
 4.79E-09 4.71E-09 4.47E-09 3.96E-09 3.38E-09 3.03E-09
 1.28E-18 3.22E-15 1.55E-12 1.36E-10 1.08E-09 3.11E-09 4.03E-09 4.24E-09
 4.28E-09 4.20E-09 3.98E-09 3.54E-09 3.05E-09 2.75E-09
 1.28E-18 3.22E-15 1.54E-12 1.33E-10 1.04E-09 2.92E-09 3.72E-09 3.88E-09
 3.89E-09 3.80E-09 3.57E-09 3.14E-09 2.67E-09 2.39E-09
  59.9759    7  14 /pl=01:ss=22:pb= 1:sz=22/type=excit/ispb = t/isel =   19
 1.00E+10 1.00E+11 1.00E+12 1.00E+13 1.00E+14 1.00E+15 1.00E+16
 9.12E+00 1.37E+01 2.28E+01 4.56E+01 9.12E+01 2.28E+02 4.56E+02 6.84E+02
 9.12E+02 1.37E+03 2.28E+03 4.56E+03 9.12E+03 1.37E+04
 3.26E-33 1.28E-25 1.39E-19 4.05E-15 5.92E-13 9.63E-12 2.16E-11 2.74E-11
 3.05E-11 3.33E-11 3.50E-11 3.46E-11 3.21E-11 3.01E-11
 3.26E-33 1.28E-25 1.39E-19 4.05E-15 5.92E-13 9.63E-12 2.16E-11 2.74E-11
 3.05E-11 3.33E-11 3.50E-11 3.46E-11 3.21E-11 3.01E-11
 3.26E-33 1.28E-25 1.39E-19 4.05E-15 5.92E-13 9.63E-12 2.16E-11 2.74E-11
 3.05E-11 3.33E-11 3.50E-11 3.46E-11 3.21E-11 3.01E-11
 3.26E-33 1.28E-25 1.39E-19 4.05E-15 5.91E-13 9.61E-12 2.16E-11 2.73E-11
 3.04E-11 3.32E-11 3.49E-11 3.45E-11 3.20E-11 3.00E-11
 3.26E-33 1.28E-25 1.39E-19 4.05E-15 5.87E-13 9.44E-12 2.11E-11 2.66E-11
 2.96E-11 3.24E-11 3.41E-11 3.38E-11 3.15E-11 2.96E-11
 3.26E-33 1.28E-25 1.39E-19 4.00E-15 5.67E-13 8.73E-12 1.90E-11 2.38E-11
 2.65E-11 2.89E-11 3.04E-11 3.02E-11 2.84E-11 2.68E-11
 3.27E-33 1.28E-25 1.38E-19 3.93E-15 5.47E-13 8.20E-12 1.76E-11 2.18E-11
 2.41E-11 2.61E-11 2.73E-11 2.68E-11 2.48E-11 2.33E-11
  61.9590    7  14 /pl=01:ss=22:pb= 1:sz=22/type=excit/ispb = t/isel =   20
 1.00E+10 1.00E+11 1.00E+12 1.00E+13 1.00E+14 1.00E+15 1.00E+16
 9.12E+00 1.37E+01 2.28E+01 4.56E+01 9.12E+01 2.28E+02 4.56E+02 6.84E+02
 9.12E+02 1.37E+03 2.28E+03 4.56E+03 9.12E+03 1.37E+04
 3.21E-29 5.39E-23 4.78E-18 2.16E-14 1.27E-12 1.20E-11 2.15E-11 2.46E-11
 2.55E-11 2.53E-11 2.36E-11 2.01E-11 1.63E-11 1.42E-11
 3.21E-29 5.39E-23 4.78E-18 2.16E-14 1.27E-12 1.20E-11 2.15E-11 2.46E-11
 2.55E-11 2.53E-11 2.36E-11 2.01E-11 1.63E-11 1.42E-11
 3.21E-29 5.39E-23 4.78E-18 2.16E-14 1.27E-12 1.20E-11 2.15E-11 2.46E-11
 2.55E-11 2.53E-11 2.36E-11 2.01E-11 1.63E-11 1.42E-11
 3.21E-29 5.39E-23 4.78E-18 2.16E-14 1.27E-12 1.19E-11 2.15E-11 2.46E-11
 2.54E-11 2.52E-11 2.35E-11 2.00E-11 1.63E-11 1.42E-11
 3.25E-29 5.43E-23 4.81E-18 2.17E-14 1.27E-12 1.18E-11 2.11E-11 2.41E-11
 2.49E-11 2.47E-11 2.31E-11 1.97E-11 1.61E-11 1.40E-11
 3.52E-29 5.82E-23 5.06E-18 2.22E-14 1.26E-12 1.12E-11 1.96E-11 2.22E-11
 2.28E-11 2.26E-11 2.11E-11 1.80E-11 1.47E-11 1.29E-11
 4.78E-29 7.59E-23 5.87E-18 2.30E-14 1.25E-12 1.08E-11 1.85E-11 2.07E-11
 2.12E-11 2.09E-11 1.93E-11 1.63E-11 1.32E-11 1.15E-11
  62.0007    7  14 /pl=01:ss=22:pb= 1:sz=22/type=excit/ispb = t/isel =   21
 1.00E+10 1.00E+11 1.00E+12 1.00E+13 1.00E+14 1.00E+15 1.00E+16
 9.12E+00 1.37E+01 2.28E+01 4.56E+01 9.12E+01 2.28E+02 4.56E+02 6.84E+02
 9.12E+02 1.37E+03 2.28E+03 4.56E+03 9.12E+03 1.37E+04
 2.60E-40 1.29E-30 6.81E-23 3.73E-17 2.39E-14 9.61E-13 3.01E-12 4.38E-12
 5.29E-12 6.49E-12 7.79E-12 9.00E-12 9.53E-12 9.46E-12
 2.60E-40 1.29E-30 6.81E-23 3.73E-17 2.39E-14 9.61E-13 3.01E-12 4.38E-12
 5.29E-12 6.49E-12 7.79E-12 9.00E-12 9.53E-12 9.46E-12
 2.60E-40 1.29E-30 6.81E-23 3.73E-17 2.39E-14 9.61E-13 3.01E-12 4.37E-12
 5.29E-12 6.49E-12 7.79E-12 9.00E-12 9.52E-12 9.46E-12
 2.60E-40 1.29E-30 6.81E-23 3.73E-17 2.39E-14 9.59E-13 3.00E-12 4.36E-12
 5.28E-12 6.47E-12 7.77E-12 8.98E-12 9.51E-12 9.44E-12
 2.60E-40 1.29E-30 6.81E-23 3.73E-17 2.37E-14 9.42E-13 2.93E-12 4.25E-12
 5.15E-12 6.31E-12 7.59E-12 8.79E-12 9.34E-12 9.29E-12
 2.60E-40 1.29E-30 6.80E-23 3.69E-17 2.29E-14 8.71E-13 2.65E-12 3.81E-12
 4.60E-12 5.62E-12 6.76E-12 7.87E-12 8.42E-12 8.43E-12
 2.62E-40 1.30E-30 6.81E-23 3.64E-17 2.22E-14 8.20E-13 2.45E-12 3.49E-12
 4.19E-12 5.09E-12 6.06E-12 6.97E-12 7.37E-12 7.32E-12
  62.8781    7  14 /pl=01:ss=22:pb= 1:sz=22/type=excit/ispb = t/isel =   22
 1.00E+10 1.00E+11 1.00E+12 1.00E+13 1.00E+14 1.00E+15 1.00E+16
 9.12E+00 1.37E+01 2.28E+01 4.56E+01 9.12E+01 2.28E+02 4.56E+02 6.84E+02
 9.12E+02 1.37E+03 2.28E+03 4.56E+03 9.12E+03 1.37E+04
 3.72E-19 4.15E-16 1.10E-13 8.07E-12 7.68E-11 2.91E-10 4.21E-10 4.58E-10
 4.68E-10 4.65E-10 4.43E-10 3.93E-10 3.36E-10 3.02E-10
 3.72E-19 4.15E-16 1.10E-13 8.07E-12 7.68E-11 2.92E-10 4.21E-10 4.58E-10
 4.68E-10 4.65E-10 4.43E-10 3.93E-10 3.36E-10 3.02E-10
 3.74E-19 4.17E-16 1.11E-13 8.09E-12 7.69E-11 2.92E-10 4.22E-10 4.59E-10
 4.68E-10 4.66E-10 4.44E-10 3.94E-10 3.36E-10 3.02E-10
 3.96E-19 4.37E-16 1.15E-13 8.30E-12 7.85E-11 2.97E-10 4.28E-10 4.65E-10
 4.74E-10 4.71E-10 4.48E-10 3.97E-10 3.38E-10 3.04E-10
 6.14E-19 6.36E-16 1.55E-13 1.02E-11 9.25E-11 3.41E-10 4.82E-10 5.19E-10
 5.26E-10 5.17E-10 4.87E-10 4.25E-10 3.57E-10 3.19E-10
 2.55E-18 2.41E-15 4.89E-13 2.27E-11 1.62E-10 5.22E-10 7.01E-10 7.39E-10
 7.40E-10 7.17E-10 6.63E-10 5.66E-10 4.64E-10 4.08E-10
 1.11E-17 1.06E-14 1.60E-12 4.24E-11 2.31E-10 6.56E-10 8.57E-10 8.98E-10
 8.99E-10 8.74E-10 8.13E-10 7.03E-10 5.86E-10 5.20E-10
  63.2592    7  14 /pl=01:ss=22:pb= 1:sz=22/type=excit/ispb = t/isel =   23
 1.00E+10 1.00E+11 1.00E+12 1.00E+13 1.00E+14 1.00E+15 1.00E+16
 9.12E+00 1.37E+01 2.28E+01 4.56E+01 9.12E+01 2.28E+02 4.56E+02 6.84E+02
 9.12E+02 1.37E+03 2.28E+03 4.56E+03 9.12E+03 1.37E+04
 3.80E-29 1.24E-22 1.84E-17 1.22E-13 8.74E-12 9.65E-11 1.89E-10 2.23E-10
 2.36E-10 2.42E-10 2.34E-10 2.09E-10 1.77E-10 1.59E-10
 3.80E-29 1.24E-22 1.84E-17 1.22E-13 8.74E-12 9.65E-11 1.89E-10 2.23E-10
 2.36E-10 2.42E-10 2.34E-10 2.09E-10 1.77E-10 1.59E-10
 3.80E-29 1.24E-22 1.84E-17 1.22E-13 8.74E-12 9.65E-11 1.89E-10 2.23E-10
 2.36E-10 2.42E-10 2.34E-10 2.09E-10 1.77E-10 1.59E-10
 3.80E-29 1.24E-22 1.84E-17 1.22E-13 8.73E-12 9.63E-11 1.88E-10 2.22E-10
 2.35E-10 2.41E-10 2.33E-10 2.08E-10 1.77E-10 1.59E-10
 3.80E-29 1.24E-22 1.84E-17 1.21E-13 8.67E-12 9.45E-11 1.84E-10 2.17E-10
 2.30E-10 2.35E-10 2.28E-10 2.04E-10 1.74E-10 1.56E-10
 3.80E-29 1.24E-22 1.84E-17 1.20E-13 8.37E-12 8.74E-11 1.66E-10 1.94E-10
 2.05E-10 2.10E-10 2.03E-10 1.82E-10 1.57E-10 1.42E-10
 3.80E-29 1.24E-22 1.83E-17 1.18E-13 8.08E-12 8.21E-11 1.53E-10 1.78E-10
 1.87E-10 1.90E-10 1.82E-10 1.62E-10 1.37E-10 1.23E-10
  67.0296    7  14 /pl=01:ss=22:pb= 1:sz=22/type=excit/ispb = t/isel =   24
 1.00E+10 1.00E+11 1.00E+12 1.00E+13 1.00E+14 1.00E+15 1.00E+16
 9.12E+00 1.37E+01 2.28E+01 4.56E+01 9.12E+01 2.28E+02 4.56E+02 6.84E+02
 9.12E+02 1.37E+03 2.28E+03 4.56E+03 9.12E+03 1.37E+04
 1.07E-35 1.76E-27 5.99E-21 4.08E-16 9.06E-14 1.86E-12 4.38E-12 5.52E-12
 6.01E-12 6.31E-12 6.16E-12 5.35E-12 4.32E-12 3.74E-12
 1.07E-35 1.76E-27 5.99E-21 4.08E-16 9.06E-14 1.86E-12 4.38E-12 5.52E-12
 6.01E-12 6.31E-12 6.16E-12 5.35E-12 4.32E-12 3.74E-12
 1.07E-35 1.76E-27 5.99E-21 4.08E-16 9.06E-14 1.86E-12 4.38E-12 5.52E-12
 6.01E-12 6.31E-12 6.16E-12 5.35E-12 4.32E-12 3.74E-12
 1.07E-35 1.76E-27 5.99E-21 4.08E-16 9.05E-14 1.85E-12 4.37E-12 5.50E-12
 5.99E-12 6.29E-12 6.14E-12 5.34E-12 4.32E-12 3.73E-12
 1.07E-35 1.76E-27 5.99E-21 4.08E-16 8.99E-14 1.82E-12 4.27E-12 5.37E-12
 5.84E-12 6.14E-12 6.00E-12 5.23E-12 4.24E-12 3.67E-12
 1.07E-35 1.77E-27 6.00E-21 4.04E-16 8.69E-14 1.68E-12 3.86E-12 4.81E-12
 5.23E-12 5.47E-12 5.35E-12 4.69E-12 3.83E-12 3.33E-12
 1.11E-35 1.82E-27 6.12E-21 4.05E-16 8.52E-14 1.60E-12 3.60E-12 4.45E-12
 4.80E-12 4.99E-12 4.84E-12 4.18E-12 3.37E-12 2.92E-12
  81.8918    7  14 /pl=01:ss=22:pb= 1:sz=22/type=excit/ispb = t/isel =   25
 1.00E+10 1.00E+11 1.00E+12 1.00E+13 1.00E+14 1.00E+15 1.00E+16
 9.12E+00 1.37E+01 2.28E+01 4.56E+01 9.12E+01 2.28E+02 4.56E+02 6.84E+02
 9.12E+02 1.37E+03 2.28E+03 4.56E+03 9.12E+03 1.37E+04
 1.79E-30 9.27E-24 2.00E-18 1.74E-14 1.40E-12 1.62E-11 3.31E-11 4.07E-11
 4.46E-11 4.84E-11 5.06E-11 4.99E-11 4.62E-11 4.34E-11
 1.79E-30 9.27E-24 2.00E-18 1.74E-14 1.40E-12 1.62E-11 3.30E-11 4.07E-11
 4.46E-11 4.84E-11 5.06E-11 4.99E-11 4.62E-11 4.34E-11
 1.79E-30 9.27E-24 2.00E-18 1.74E-14 1.40E-12 1.62E-11 3.30E-11 4.06E-11
 4.46E-11 4.84E-11 5.06E-11 4.98E-11 4.62E-11 4.34E-11
 1.79E-30 9.27E-24 2.00E-18 1.74E-14 1.40E-12 1.62E-11 3.30E-11 4.05E-11
 4.44E-11 4.82E-11 5.04E-11 4.97E-11 4.61E-11 4.33E-11
 1.79E-30 9.27E-24 2.00E-18 1.74E-14 1.39E-12 1.59E-11 3.22E-11 3.95E-11
 4.33E-11 4.70E-11 4.93E-11 4.87E-11 4.53E-11 4.27E-11
 1.79E-30 9.28E-24 2.00E-18 1.72E-14 1.34E-12 1.47E-11 2.91E-11 3.54E-11
 3.87E-11 4.19E-11 4.39E-11 4.36E-11 4.09E-11 3.87E-11
 1.80E-30 9.29E-24 1.99E-18 1.69E-14 1.30E-12 1.38E-11 2.69E-11 3.25E-11
 3.53E-11 3.79E-11 3.94E-11 3.87E-11 3.58E-11 3.37E-11
  81.9006    7  14 /pl=01:ss=22:pb= 1:sz=22/type=excit/ispb = t/isel =   26
 1.00E+10 1.00E+11 1.00E+12 1.00E+13 1.00E+14 1.00E+15 1.00E+16
 9.12E+00 1.37E+01 2.28E+01 4.56E+01 9.12E+01 2.28E+02 4.56E+02 6.84E+02
 9.12E+02 1.37E+03 2.28E+03 4.56E+03 9.12E+03 1.37E+04
 3.86E-41 5.84E-31 7.39E-23 7.60E-17 6.49E-14 2.96E-12 8.92E-12 1.20E-11
 1.35E-11 1.45E-11 1.43E-11 1.25E-11 9.99E-12 8.57E-12
 3.85E-41 5.84E-31 7.39E-23 7.60E-17 6.49E-14 2.96E-12 8.92E-12 1.20E-11
 1.35E-11 1.45E-11 1.43E-11 1.25E-11 9.99E-12 8.57E-12
 3.85E-41 5.84E-31 7.39E-23 7.60E-17 6.49E-14 2.96E-12 8.91E-12 1.20E-11
 1.35E-11 1.45E-11 1.43E-11 1.25E-11 9.99E-12 8.57E-12
 3.85E-41 5.84E-31 7.39E-23 7.60E-17 6.49E-14 2.95E-12 8.89E-12 1.20E-11
 1.35E-11 1.45E-11 1.43E-11 1.24E-11 9.97E-12 8.55E-12
 3.85E-41 5.84E-31 7.39E-23 7.58E-17 6.44E-14 2.90E-12 8.68E-12 1.17E-11
 1.32E-11 1.41E-11 1.40E-11 1.22E-11 9.79E-12 8.42E-12
 3.86E-41 5.84E-31 7.38E-23 7.50E-17 6.22E-14 2.68E-12 7.84E-12 1.05E-11
 1.18E-11 1.26E-11 1.24E-11 1.09E-11 8.83E-12 7.64E-12
 3.86E-41 5.84E-31 7.36E-23 7.37E-17 6.00E-14 2.52E-12 7.24E-12 9.60E-12
 1.07E-11 1.14E-11 1.12E-11 9.66E-12 7.74E-12 6.64E-12
  82.4423    7  14 /pl=01:ss=22:pb= 1:sz=22/type=excit/ispb = t/isel =   27
 1.00E+10 1.00E+11 1.00E+12 1.00E+13 1.00E+14 1.00E+15 1.00E+16
 9.12E+00 1.37E+01 2.28E+01 4.56E+01 9.12E+01 2.28E+02 4.56E+02 6.84E+02
 9.12E+02 1.37E+03 2.28E+03 4.56E+03 9.12E+03 1.37E+04
 9.08E-34 4.23E-26 5.26E-20 1.69E-15 2.58E-13 4.25E-12 9.35E-12 1.15E-11
 1.24E-11 1.30E-11 1.25E-11 1.09E-11 8.83E-12 7.64E-12
 9.08E-34 4.23E-26 5.26E-20 1.69E-15 2.58E-13 4.25E-12 9.35E-12 1.15E-11
 1.24E-11 1.30E-11 1.25E-11 1.09E-11 8.83E-12 7.64E-12
 9.08E-34 4.23E-26 5.26E-20 1.69E-15 2.58E-13 4.25E-12 9.34E-12 1.15E-11
 1.24E-11 1.29E-11 1.25E-11 1.09E-11 8.83E-12 7.64E-12
 9.08E-34 4.23E-26 5.26E-20 1.69E-15 2.57E-13 4.24E-12 9.32E-12 1.15E-11
 1.24E-11 1.29E-11 1.25E-11 1.09E-11 8.81E-12 7.63E-12
 9.08E-34 4.23E-26 5.26E-20 1.69E-15 2.56E-13 4.16E-12 9.10E-12 1.12E-11
 1.21E-11 1.26E-11 1.22E-11 1.07E-11 8.66E-12 7.51E-12
 9.10E-34 4.23E-26 5.26E-20 1.67E-15 2.47E-13 3.85E-12 8.23E-12 1.00E-11
 1.08E-11 1.12E-11 1.09E-11 9.56E-12 7.81E-12 6.81E-12
 9.29E-34 4.31E-26 5.31E-20 1.66E-15 2.40E-13 3.64E-12 7.64E-12 9.22E-12
 9.88E-12 1.02E-11 9.81E-12 8.50E-12 6.86E-12 5.94E-12
  100.821    7  14 /pl=01:ss=22:pb= 1:sz=22/type=excit/ispb = t/isel =   28
 1.00E+10 1.00E+11 1.00E+12 1.00E+13 1.00E+14 1.00E+15 1.00E+16
 9.12E+00 1.37E+01 2.28E+01 4.56E+01 9.12E+01 2.28E+02 4.56E+02 6.84E+02
 9.12E+02 1.37E+03 2.28E+03 4.56E+03 9.12E+03 1.37E+04
 5.80E-26 5.92E-21 5.94E-17 6.31E-14 2.09E-12 1.51E-11 2.53E-11 2.83E-11
 2.91E-11 2.87E-11 2.67E-11 2.28E-11 1.87E-11 1.64E-11
 5.80E-26 5.92E-21 5.95E-17 6.31E-14 2.09E-12 1.51E-11 2.53E-11 2.83E-11
 2.91E-11 2.87E-11 2.68E-11 2.28E-11 1.87E-11 1.64E-11
 5.84E-26 5.96E-21 5.97E-17 6.33E-14 2.10E-12 1.51E-11 2.54E-11 2.84E-11
 2.92E-11 2.88E-11 2.68E-11 2.28E-11 1.87E-11 1.64E-11
 6.24E-26 6.28E-21 6.21E-17 6.50E-14 2.14E-12 1.54E-11 2.58E-11 2.88E-11
 2.96E-11 2.92E-11 2.71E-11 2.30E-11 1.88E-11 1.65E-11
 1.02E-25 9.52E-21 8.59E-17 8.15E-14 2.57E-12 1.81E-11 2.98E-11 3.29E-11
 3.36E-11 3.27E-11 3.00E-11 2.50E-11 2.01E-11 1.75E-11
 4.54E-25 3.84E-20 2.83E-16 1.87E-13 4.70E-12 2.90E-11 4.57E-11 4.97E-11
 5.00E-11 4.79E-11 4.30E-11 3.47E-11 2.69E-11 2.29E-11
 2.02E-24 1.71E-19 9.41E-16 3.54E-13 6.79E-12 3.72E-11 5.72E-11 6.18E-11
 6.22E-11 5.99E-11 5.42E-11 4.42E-11 3.48E-11 2.97E-11
  100.905    7  14 /pl=01:ss=22:pb= 1:sz=22/type=excit/ispb = t/isel =   29
 1.00E+10 1.00E+11 1.00E+12 1.00E+13 1.00E+14 1.00E+15 1.00E+16
 9.12E+00 1.37E+01 2.28E+01 4.56E+01 9.12E+01 2.28E+02 4.56E+02 6.84E+02
 9.12E+02 1.37E+03 2.28E+03 4.56E+03 9.12E+03 1.37E+04
 5.83E-36 1.79E-27 1.09E-20 1.28E-15 3.97E-13 1.03E-11 2.66E-11 3.50E-11
 3.95E-11 4.37E-11 4.61E-11 4.56E-11 4.23E-11 3.95E-11
 5.83E-36 1.79E-27 1.09E-20 1.28E-15 3.97E-13 1.03E-11 2.66E-11 3.50E-11
 3.95E-11 4.37E-11 4.61E-11 4.56E-11 4.23E-11 3.95E-11
 5.83E-36 1.79E-27 1.09E-20 1.28E-15 3.97E-13 1.03E-11 2.66E-11 3.50E-11
 3.95E-11 4.37E-11 4.61E-11 4.56E-11 4.23E-11 3.95E-11
 5.83E-36 1.79E-27 1.09E-20 1.28E-15 3.97E-13 1.03E-11 2.65E-11 3.49E-11
 3.94E-11 4.36E-11 4.60E-11 4.55E-11 4.22E-11 3.95E-11
 5.83E-36 1.79E-27 1.09E-20 1.28E-15 3.94E-13 1.01E-11 2.59E-11 3.40E-11
 3.84E-11 4.25E-11 4.49E-11 4.45E-11 4.15E-11 3.88E-11
 5.83E-36 1.79E-27 1.09E-20 1.27E-15 3.81E-13 9.31E-12 2.34E-11 3.05E-11
 3.43E-11 3.79E-11 4.00E-11 3.99E-11 3.74E-11 3.52E-11
 5.84E-36 1.79E-27 1.08E-20 1.25E-15 3.67E-13 8.75E-12 2.16E-11 2.79E-11
 3.13E-11 3.43E-11 3.59E-11 3.53E-11 3.28E-11 3.06E-11
  101.352    7  14 /pl=01:ss=22:pb= 1:sz=22/type=excit/ispb = t/isel =   30
 1.00E+10 1.00E+11 1.00E+12 1.00E+13 1.00E+14 1.00E+15 1.00E+16
 9.12E+00 1.37E+01 2.28E+01 4.56E+01 9.12E+01 2.28E+02 4.56E+02 6.84E+02
 9.12E+02 1.37E+03 2.28E+03 4.56E+03 9.12E+03 1.37E+04
 1.12E-35 1.63E-27 5.07E-21 3.22E-16 6.92E-14 1.41E-12 3.38E-12 4.38E-12
 4.90E-12 5.41E-12 5.71E-12 5.67E-12 5.29E-12 4.95E-12
 1.12E-35 1.63E-27 5.07E-21 3.22E-16 6.92E-14 1.41E-12 3.38E-12 4.38E-12
 4.90E-12 5.41E-12 5.71E-12 5.67E-12 5.29E-12 4.95E-12
 1.12E-35 1.63E-27 5.07E-21 3.22E-16 6.91E-14 1.41E-12 3.38E-12 4.38E-12
 4.89E-12 5.41E-12 5.71E-12 5.67E-12 5.29E-12 4.95E-12
 1.12E-35 1.63E-27 5.07E-21 3.22E-16 6.91E-14 1.40E-12 3.37E-12 4.37E-12
 4.88E-12 5.40E-12 5.69E-12 5.65E-12 5.28E-12 4.95E-12
 1.12E-35 1.63E-27 5.07E-21 3.22E-16 6.86E-14 1.38E-12 3.29E-12 4.26E-12
 4.76E-12 5.26E-12 5.56E-12 5.54E-12 5.19E-12 4.87E-12
 1.12E-35 1.63E-27 5.06E-21 3.18E-16 6.62E-14 1.27E-12 2.97E-12 3.82E-12
 4.25E-12 4.69E-12 4.96E-12 4.96E-12 4.68E-12 4.41E-12
 1.12E-35 1.63E-27 5.04E-21 3.12E-16 6.38E-14 1.20E-12 2.74E-12 3.49E-12
 3.87E-12 4.24E-12 4.44E-12 4.39E-12 4.09E-12 3.84E-12
  101.549    7  14 /pl=01:ss=22:pb= 1:sz=22/type=excit/ispb = t/isel =   31
 1.00E+10 1.00E+11 1.00E+12 1.00E+13 1.00E+14 1.00E+15 1.00E+16
 9.12E+00 1.37E+01 2.28E+01 4.56E+01 9.12E+01 2.28E+02 4.56E+02 6.84E+02
 9.12E+02 1.37E+03 2.28E+03 4.56E+03 9.12E+03 1.37E+04
 1.80E-15 1.28E-13 3.67E-12 4.71E-11 2.01E-10 5.36E-10 7.05E-10 7.44E-10
 7.47E-10 7.28E-10 6.80E-10 5.91E-10 4.96E-10 4.43E-10
 1.80E-15 1.28E-13 3.67E-12 4.71E-11 2.01E-10 5.36E-10 7.05E-10 7.44E-10
 7.47E-10 7.28E-10 6.80E-10 5.91E-10 4.96E-10 4.43E-10
 1.79E-15 1.28E-13 3.67E-12 4.71E-11 2.01E-10 5.35E-10 7.04E-10 7.43E-10
 7.46E-10 7.27E-10 6.79E-10 5.90E-10 4.96E-10 4.43E-10
 1.79E-15 1.28E-13 3.67E-12 4.69E-11 1.99E-10 5.28E-10 6.95E-10 7.33E-10
 7.36E-10 7.19E-10 6.72E-10 5.85E-10 4.92E-10 4.40E-10
 1.77E-15 1.26E-13 3.60E-12 4.46E-11 1.82E-10 4.68E-10 6.13E-10 6.48E-10
 6.53E-10 6.42E-10 6.06E-10 5.36E-10 4.58E-10 4.13E-10
 1.59E-15 1.14E-13 3.05E-12 3.00E-11 9.92E-11 2.20E-10 2.81E-10 3.00E-10
 3.07E-10 3.11E-10 3.07E-10 2.92E-10 2.69E-10 2.54E-10
 7.89E-16 5.80E-14 1.20E-12 7.05E-12 1.79E-11 3.48E-11 4.38E-11 4.71E-11
 4.87E-11 5.04E-11 5.17E-11 5.25E-11 5.26E-11 5.25E-11
  127.648    7  14 /pl=01:ss=22:pb= 1:sz=22/type=excit/ispb = t/isel =   32
 1.00E+10 1.00E+11 1.00E+12 1.00E+13 1.00E+14 1.00E+15 1.00E+16
 9.12E+00 1.37E+01 2.28E+01 4.56E+01 9.12E+01 2.28E+02 4.56E+02 6.84E+02
 9.12E+02 1.37E+03 2.28E+03 4.56E+03 9.12E+03 1.37E+04
 6.97E-31 4.63E-24 1.21E-18 1.21E-14 1.03E-12 1.21E-11 2.41E-11 2.87E-11
 3.06E-11 3.14E-11 3.01E-11 2.60E-11 2.10E-11 1.82E-11
 6.97E-31 4.63E-24 1.21E-18 1.21E-14 1.03E-12 1.21E-11 2.41E-11 2.87E-11
 3.06E-11 3.14E-11 3.01E-11 2.60E-11 2.10E-11 1.82E-11
 6.97E-31 4.63E-24 1.21E-18 1.21E-14 1.03E-12 1.21E-11 2.40E-11 2.87E-11
 3.05E-11 3.14E-11 3.01E-11 2.60E-11 2.10E-11 1.82E-11
 6.97E-31 4.63E-24 1.21E-18 1.21E-14 1.03E-12 1.21E-11 2.40E-11 2.86E-11
 3.05E-11 3.13E-11 3.00E-11 2.60E-11 2.10E-11 1.81E-11
 6.98E-31 4.63E-24 1.21E-18 1.21E-14 1.03E-12 1.19E-11 2.34E-11 2.79E-11
 2.97E-11 3.05E-11 2.93E-11 2.54E-11 2.06E-11 1.79E-11
 6.98E-31 4.63E-24 1.21E-18 1.20E-14 9.91E-13 1.10E-11 2.12E-11 2.50E-11
 2.65E-11 2.72E-11 2.62E-11 2.28E-11 1.86E-11 1.62E-11
 7.11E-31 4.70E-24 1.22E-18 1.18E-14 9.62E-13 1.04E-11 1.96E-11 2.30E-11
 2.43E-11 2.47E-11 2.35E-11 2.02E-11 1.63E-11 1.41E-11
  153.865    7  14 /pl=01:ss=22:pb= 1:sz=22/type=excit/ispb = t/isel =   33
 1.00E+10 1.00E+11 1.00E+12 1.00E+13 1.00E+14 1.00E+15 1.00E+16
 9.12E+00 1.37E+01 2.28E+01 4.56E+01 9.12E+01 2.28E+02 4.56E+02 6.84E+02
 9.12E+02 1.37E+03 2.28E+03 4.56E+03 9.12E+03 1.37E+04
 2.02E-37 2.31E-28 3.76E-21 8.36E-16 3.38E-13 9.92E-12 2.59E-11 3.36E-11
 3.72E-11 3.96E-11 3.93E-11 3.56E-11 3.03E-11 2.71E-11
 2.02E-37 2.31E-28 3.76E-21 8.36E-16 3.38E-13 9.92E-12 2.59E-11 3.36E-11
 3.72E-11 3.96E-11 3.93E-11 3.56E-11 3.03E-11 2.71E-11
 2.02E-37 2.31E-28 3.76E-21 8.36E-16 3.38E-13 9.91E-12 2.59E-11 3.36E-11
 3.72E-11 3.96E-11 3.93E-11 3.56E-11 3.03E-11 2.71E-11
 2.02E-37 2.31E-28 3.76E-21 8.36E-16 3.38E-13 9.89E-12 2.59E-11 3.35E-11
 3.71E-11 3.95E-11 3.92E-11 3.55E-11 3.03E-11 2.71E-11
 2.02E-37 2.31E-28 3.76E-21 8.34E-16 3.36E-13 9.72E-12 2.53E-11 3.26E-11
 3.62E-11 3.85E-11 3.83E-11 3.48E-11 2.97E-11 2.66E-11
 2.02E-37 2.31E-28 3.75E-21 8.25E-16 3.24E-13 8.98E-12 2.28E-11 2.93E-11
 3.23E-11 3.43E-11 3.41E-11 3.11E-11 2.68E-11 2.42E-11
 2.02E-37 2.31E-28 3.74E-21 8.10E-16 3.12E-13 8.43E-12 2.11E-11 2.68E-11
 2.94E-11 3.10E-11 3.06E-11 2.76E-11 2.35E-11 2.10E-11
  154.045    7  14 /pl=01:ss=22:pb= 1:sz=22/type=excit/ispb = t/isel =   34
 1.00E+10 1.00E+11 1.00E+12 1.00E+13 1.00E+14 1.00E+15 1.00E+16
 9.12E+00 1.37E+01 2.28E+01 4.56E+01 9.12E+01 2.28E+02 4.56E+02 6.84E+02
 9.12E+02 1.37E+03 2.28E+03 4.56E+03 9.12E+03 1.37E+04
 9.10E-28 3.93E-22 1.39E-17 3.81E-14 1.90E-12 1.67E-11 2.99E-11 3.44E-11
 3.59E-11 3.62E-11 3.45E-11 3.03E-11 2.54E-11 2.26E-11
 9.10E-28 3.93E-22 1.39E-17 3.81E-14 1.90E-12 1.67E-11 2.99E-11 3.44E-11
 3.59E-11 3.62E-11 3.45E-11 3.03E-11 2.54E-11 2.26E-11
 9.11E-28 3.94E-22 1.39E-17 3.81E-14 1.90E-12 1.67E-11 2.99E-11 3.44E-11
 3.59E-11 3.62E-11 3.45E-11 3.03E-11 2.54E-11 2.26E-11
 9.19E-28 3.96E-22 1.39E-17 3.83E-14 1.90E-12 1.67E-11 2.99E-11 3.44E-11
 3.59E-11 3.61E-11 3.45E-11 3.03E-11 2.54E-11 2.26E-11
 1.00E-27 4.23E-22 1.45E-17 3.92E-14 1.93E-12 1.68E-11 2.99E-11 3.43E-11
 3.57E-11 3.59E-11 3.42E-11 3.00E-11 2.52E-11 2.24E-11
 1.74E-27 6.61E-22 1.95E-17 4.55E-14 2.09E-12 1.72E-11 2.97E-11 3.37E-11
 3.48E-11 3.47E-11 3.29E-11 2.87E-11 2.41E-11 2.15E-11
 5.05E-27 1.76E-21 3.63E-17 5.54E-14 2.25E-12 1.75E-11 2.96E-11 3.32E-11
 3.42E-11 3.38E-11 3.17E-11 2.74E-11 2.28E-11 2.02E-11
  155.546    7  14 /pl=01:ss=22:pb= 1:sz=22/type=excit/ispb = t/isel =   35
 1.00E+10 1.00E+11 1.00E+12 1.00E+13 1.00E+14 1.00E+15 1.00E+16
 9.12E+00 1.37E+01 2.28E+01 4.56E+01 9.12E+01 2.28E+02 4.56E+02 6.84E+02
 9.12E+02 1.37E+03 2.28E+03 4.56E+03 9.12E+03 1.37E+04
 3.27E-22 6.69E-18 1.72E-14 5.50E-12 8.82E-11 4.02E-10 5.91E-10 6.37E-10
 6.44E-10 6.29E-10 5.83E-10 5.00E-10 4.14E-10 3.66E-10
 3.27E-22 6.69E-18 1.72E-14 5.50E-12 8.82E-11 4.02E-10 5.91E-10 6.37E-10
 6.44E-10 6.29E-10 5.83E-10 5.00E-10 4.14E-10 3.66E-10
 3.27E-22 6.69E-18 1.72E-14 5.50E-12 8.82E-11 4.02E-10 5.91E-10 6.37E-10
 6.44E-10 6.29E-10 5.83E-10 5.00E-10 4.14E-10 3.66E-10
 3.29E-22 6.71E-18 1.73E-14 5.51E-12 8.84E-11 4.03E-10 5.91E-10 6.37E-10
 6.44E-10 6.28E-10 5.83E-10 4.99E-10 4.13E-10 3.66E-10
 3.43E-22 6.94E-18 1.77E-14 5.63E-12 8.98E-11 4.05E-10 5.90E-10 6.35E-10
 6.40E-10 6.24E-10 5.78E-10 4.95E-10 4.10E-10 3.63E-10
 4.66E-22 9.01E-18 2.17E-14 6.38E-12 9.69E-11 4.16E-10 5.89E-10 6.25E-10
 6.26E-10 6.05E-10 5.56E-10 4.73E-10 3.90E-10 3.45E-10
 1.02E-21 1.85E-17 3.48E-14 7.56E-12 1.04E-10 4.24E-10 5.88E-10 6.18E-10
 6.16E-10 5.91E-10 5.38E-10 4.52E-10 3.68E-10 3.23E-10
  155.884    7  14 /pl=01:ss=22:pb= 1:sz=22/type=excit/ispb = t/isel =   36
 1.00E+10 1.00E+11 1.00E+12 1.00E+13 1.00E+14 1.00E+15 1.00E+16
 9.12E+00 1.37E+01 2.28E+01 4.56E+01 9.12E+01 2.28E+02 4.56E+02 6.84E+02
 9.12E+02 1.37E+03 2.28E+03 4.56E+03 9.12E+03 1.37E+04
 1.35E-33 8.14E-26 1.29E-19 5.74E-15 1.21E-12 2.70E-11 6.90E-11 9.18E-11
 1.05E-10 1.20E-10 1.33E-10 1.41E-10 1.39E-10 1.35E-10
 1.35E-33 8.14E-26 1.29E-19 5.74E-15 1.21E-12 2.70E-11 6.90E-11 9.18E-11
 1.05E-10 1.20E-10 1.33E-10 1.41E-10 1.39E-10 1.35E-10
 1.35E-33 8.14E-26 1.29E-19 5.74E-15 1.21E-12 2.70E-11 6.90E-11 9.18E-11
 1.05E-10 1.20E-10 1.33E-10 1.41E-10 1.39E-10 1.35E-10
 1.35E-33 8.14E-26 1.29E-19 5.73E-15 1.21E-12 2.69E-11 6.88E-11 9.15E-11
 1.05E-10 1.20E-10 1.32E-10 1.40E-10 1.39E-10 1.34E-10
 1.35E-33 8.15E-26 1.29E-19 5.72E-15 1.20E-12 2.64E-11 6.72E-11 8.92E-11
 1.02E-10 1.17E-10 1.29E-10 1.37E-10 1.36E-10 1.32E-10
 1.36E-33 8.15E-26 1.29E-19 5.66E-15 1.16E-12 2.44E-11 6.07E-11 8.00E-11
 9.13E-11 1.04E-10 1.15E-10 1.23E-10 1.23E-10 1.20E-10
 1.37E-33 8.23E-26 1.29E-19 5.59E-15 1.12E-12 2.30E-11 5.61E-11 7.33E-11
 8.32E-11 9.42E-11 1.03E-10 1.09E-10 1.08E-10 1.04E-10
  164.974    7  14 /pl=01:ss=22:pb= 1:sz=22/type=excit/ispb = t/isel =   37
 1.00E+10 1.00E+11 1.00E+12 1.00E+13 1.00E+14 1.00E+15 1.00E+16
 9.12E+00 1.37E+01 2.28E+01 4.56E+01 9.12E+01 2.28E+02 4.56E+02 6.84E+02
 9.12E+02 1.37E+03 2.28E+03 4.56E+03 9.12E+03 1.37E+04
 5.69E-29 1.86E-22 2.76E-17 1.82E-13 1.31E-11 1.45E-10 2.83E-10 3.34E-10
 3.54E-10 3.63E-10 3.51E-10 3.13E-10 2.66E-10 2.39E-10
 5.69E-29 1.86E-22 2.76E-17 1.82E-13 1.31E-11 1.45E-10 2.83E-10 3.34E-10
 3.54E-10 3.63E-10 3.51E-10 3.13E-10 2.66E-10 2.39E-10
 5.69E-29 1.86E-22 2.76E-17 1.82E-13 1.31E-11 1.45E-10 2.83E-10 3.34E-10
 3.54E-10 3.63E-10 3.51E-10 3.13E-10 2.66E-10 2.39E-10
 5.69E-29 1.86E-22 2.76E-17 1.82E-13 1.31E-11 1.44E-10 2.82E-10 3.33E-10
 3.53E-10 3.62E-10 3.50E-10 3.12E-10 2.66E-10 2.38E-10
 5.69E-29 1.86E-22 2.76E-17 1.82E-13 1.30E-11 1.42E-10 2.75E-10 3.25E-10
 3.44E-10 3.53E-10 3.42E-10 3.06E-10 2.61E-10 2.34E-10
 5.69E-29 1.86E-22 2.75E-17 1.80E-13 1.26E-11 1.31E-10 2.49E-10 2.91E-10
 3.08E-10 3.15E-10 3.05E-10 2.74E-10 2.35E-10 2.13E-10
 5.70E-29 1.86E-22 2.74E-17 1.77E-13 1.21E-11 1.23E-10 2.30E-10 2.67E-10
 2.80E-10 2.85E-10 2.73E-10 2.43E-10 2.06E-10 1.85E-10
  165.118    7  14 /pl=01:ss=22:pb= 1:sz=22/type=excit/ispb = t/isel =   38
 1.00E+10 1.00E+11 1.00E+12 1.00E+13 1.00E+14 1.00E+15 1.00E+16
 9.12E+00 1.37E+01 2.28E+01 4.56E+01 9.12E+01 2.28E+02 4.56E+02 6.84E+02
 9.12E+02 1.37E+03 2.28E+03 4.56E+03 9.12E+03 1.37E+04
 4.83E-19 5.39E-16 1.43E-13 1.05E-11 9.97E-11 3.79E-10 5.47E-10 5.95E-10
 6.08E-10 6.05E-10 5.76E-10 5.11E-10 4.36E-10 3.92E-10
 4.83E-19 5.39E-16 1.43E-13 1.05E-11 9.97E-11 3.79E-10 5.47E-10 5.95E-10
 6.08E-10 6.05E-10 5.76E-10 5.11E-10 4.36E-10 3.92E-10
 4.86E-19 5.42E-16 1.44E-13 1.05E-11 9.99E-11 3.79E-10 5.48E-10 5.96E-10
 6.09E-10 6.05E-10 5.76E-10 5.11E-10 4.36E-10 3.93E-10
 5.15E-19 5.68E-16 1.49E-13 1.08E-11 1.02E-10 3.86E-10 5.56E-10 6.04E-10
 6.16E-10 6.12E-10 5.82E-10 5.16E-10 4.39E-10 3.95E-10
 7.97E-19 8.26E-16 2.02E-13 1.33E-11 1.20E-10 4.42E-10 6.26E-10 6.74E-10
 6.83E-10 6.72E-10 6.32E-10 5.52E-10 4.64E-10 4.15E-10
 3.31E-18 3.13E-15 6.36E-13 2.95E-11 2.11E-10 6.78E-10 9.11E-10 9.60E-10
 9.61E-10 9.32E-10 8.61E-10 7.35E-10 6.03E-10 5.30E-10
 1.45E-17 1.37E-14 2.08E-12 5.51E-11 3.00E-10 8.53E-10 1.11E-09 1.17E-09
 1.17E-09 1.13E-09 1.06E-09 9.13E-10 7.61E-10 6.76E-10
  202.923    7  14 /pl=01:ss=22:pb= 1:sz=22/type=excit/ispb = t/isel =   39
 1.00E+10 1.00E+11 1.00E+12 1.00E+13 1.00E+14 1.00E+15 1.00E+16
 9.12E+00 1.37E+01 2.28E+01 4.56E+01 9.12E+01 2.28E+02 4.56E+02 6.84E+02
 9.12E+02 1.37E+03 2.28E+03 4.56E+03 9.12E+03 1.37E+04
 5.30E-26 1.01E-20 1.54E-16 1.86E-13 5.60E-12 3.72E-11 6.45E-11 7.67E-11
 8.28E-11 8.88E-11 9.24E-11 9.11E-11 8.49E-11 7.96E-11
 5.30E-26 1.01E-20 1.54E-16 1.86E-13 5.60E-12 3.72E-11 6.45E-11 7.67E-11
 8.28E-11 8.88E-11 9.24E-11 9.11E-11 8.49E-11 7.96E-11
 5.30E-26 1.01E-20 1.54E-16 1.86E-13 5.60E-12 3.71E-11 6.45E-11 7.67E-11
 8.27E-11 8.88E-11 9.24E-11 9.11E-11 8.48E-11 7.96E-11
 5.30E-26 1.01E-20 1.54E-16 1.86E-13 5.60E-12 3.71E-11 6.43E-11 7.65E-11
 8.25E-11 8.85E-11 9.21E-11 9.09E-11 8.47E-11 7.95E-11
 5.30E-26 1.01E-20 1.54E-16 1.85E-13 5.56E-12 3.64E-11 6.28E-11 7.46E-11
 8.05E-11 8.63E-11 9.00E-11 8.90E-11 8.32E-11 7.82E-11
 5.30E-26 1.01E-20 1.54E-16 1.83E-13 5.36E-12 3.37E-11 5.67E-11 6.69E-11
 7.19E-11 7.70E-11 8.03E-11 7.97E-11 7.51E-11 7.10E-11
 5.32E-26 1.01E-20 1.53E-16 1.80E-13 5.18E-12 3.17E-11 5.24E-11 6.13E-11
 6.55E-11 6.96E-11 7.20E-11 7.06E-11 6.57E-11 6.17E-11
  203.199    7  14 /pl=01:ss=22:pb= 1:sz=22/type=excit/ispb = t/isel =   40
 1.00E+10 1.00E+11 1.00E+12 1.00E+13 1.00E+14 1.00E+15 1.00E+16
 9.12E+00 1.37E+01 2.28E+01 4.56E+01 9.12E+01 2.28E+02 4.56E+02 6.84E+02
 9.12E+02 1.37E+03 2.28E+03 4.56E+03 9.12E+03 1.37E+04
 9.62E-37 5.35E-28 4.83E-21 6.85E-16 2.19E-13 5.55E-12 1.40E-11 1.78E-11
 1.95E-11 2.05E-11 2.00E-11 1.74E-11 1.41E-11 1.22E-11
 9.62E-37 5.35E-28 4.83E-21 6.85E-16 2.19E-13 5.55E-12 1.40E-11 1.78E-11
 1.95E-11 2.05E-11 2.00E-11 1.74E-11 1.41E-11 1.22E-11
 9.62E-37 5.35E-28 4.83E-21 6.85E-16 2.19E-13 5.55E-12 1.39E-11 1.78E-11
 1.95E-11 2.05E-11 2.00E-11 1.74E-11 1.41E-11 1.22E-11
 9.62E-37 5.35E-28 4.83E-21 6.85E-16 2.19E-13 5.54E-12 1.39E-11 1.77E-11
 1.94E-11 2.04E-11 1.99E-11 1.73E-11 1.40E-11 1.21E-11
 9.62E-37 5.35E-28 4.82E-21 6.84E-16 2.17E-13 5.44E-12 1.36E-11 1.73E-11
 1.89E-11 1.99E-11 1.95E-11 1.70E-11 1.38E-11 1.20E-11
 9.62E-37 5.35E-28 4.82E-21 6.76E-16 2.10E-13 5.03E-12 1.23E-11 1.55E-11
 1.69E-11 1.78E-11 1.73E-11 1.52E-11 1.25E-11 1.08E-11
 9.64E-37 5.36E-28 4.81E-21 6.65E-16 2.02E-13 4.73E-12 1.13E-11 1.42E-11
 1.54E-11 1.61E-11 1.55E-11 1.35E-11 1.09E-11 9.43E-12
  206.337    7  14 /pl=01:ss=22:pb= 1:sz=22/type=excit/ispb = t/isel =   41
 1.00E+10 1.00E+11 1.00E+12 1.00E+13 1.00E+14 1.00E+15 1.00E+16
 9.12E+00 1.37E+01 2.28E+01 4.56E+01 9.12E+01 2.28E+02 4.56E+02 6.84E+02
 9.12E+02 1.37E+03 2.28E+03 4.56E+03 9.12E+03 1.37E+04
 6.90E-34 3.21E-26 4.00E-20 1.29E-15 1.96E-13 3.23E-12 7.11E-12 8.74E-12
 9.44E-12 9.85E-12 9.54E-12 8.30E-12 6.71E-12 5.81E-12
 6.90E-34 3.21E-26 4.00E-20 1.29E-15 1.96E-13 3.23E-12 7.11E-12 8.74E-12
 9.44E-12 9.85E-12 9.54E-12 8.30E-12 6.71E-12 5.81E-12
 6.90E-34 3.21E-26 4.00E-20 1.29E-15 1.96E-13 3.23E-12 7.10E-12 8.74E-12
 9.44E-12 9.84E-12 9.54E-12 8.30E-12 6.71E-12 5.81E-12
 6.90E-34 3.21E-26 4.00E-20 1.28E-15 1.96E-13 3.22E-12 7.08E-12 8.71E-12
 9.41E-12 9.82E-12 9.51E-12 8.28E-12 6.70E-12 5.80E-12
 6.90E-34 3.21E-26 4.00E-20 1.28E-15 1.94E-13 3.16E-12 6.92E-12 8.50E-12
 9.17E-12 9.58E-12 9.29E-12 8.11E-12 6.58E-12 5.71E-12
 6.92E-34 3.22E-26 4.00E-20 1.27E-15 1.88E-13 2.93E-12 6.25E-12 7.62E-12
 8.20E-12 8.54E-12 8.29E-12 7.26E-12 5.94E-12 5.18E-12
 7.06E-34 3.27E-26 4.04E-20 1.26E-15 1.83E-13 2.77E-12 5.81E-12 7.01E-12
 7.51E-12 7.76E-12 7.46E-12 6.46E-12 5.22E-12 4.52E-12
  208.657    7  14 /pl=01:ss=22:pb= 1:sz=22/type=excit/ispb = t/isel =   42
 1.00E+10 1.00E+11 1.00E+12 1.00E+13 1.00E+14 1.00E+15 1.00E+16
 9.12E+00 1.37E+01 2.28E+01 4.56E+01 9.12E+01 2.28E+02 4.56E+02 6.84E+02
 9.12E+02 1.37E+03 2.28E+03 4.56E+03 9.12E+03 1.37E+04
 2.02E-40 1.00E-30 5.31E-23 2.91E-17 1.87E-14 7.49E-13 2.35E-12 3.41E-12
 4.13E-12 5.06E-12 6.07E-12 7.02E-12 7.43E-12 7.37E-12
 2.02E-40 1.00E-30 5.31E-23 2.91E-17 1.87E-14 7.49E-13 2.35E-12 3.41E-12
 4.13E-12 5.06E-12 6.07E-12 7.02E-12 7.43E-12 7.37E-12
 2.02E-40 1.00E-30 5.31E-23 2.91E-17 1.87E-14 7.49E-13 2.35E-12 3.41E-12
 4.13E-12 5.06E-12 6.07E-12 7.02E-12 7.43E-12 7.37E-12
 2.02E-40 1.00E-30 5.31E-23 2.91E-17 1.86E-14 7.48E-13 2.34E-12 3.40E-12
 4.12E-12 5.04E-12 6.06E-12 7.00E-12 7.41E-12 7.36E-12
 2.02E-40 1.00E-30 5.31E-23 2.90E-17 1.85E-14 7.34E-13 2.29E-12 3.32E-12
 4.01E-12 4.92E-12 5.91E-12 6.86E-12 7.28E-12 7.24E-12
 2.03E-40 1.00E-30 5.30E-23 2.87E-17 1.79E-14 6.79E-13 2.07E-12 2.97E-12
 3.58E-12 4.38E-12 5.27E-12 6.14E-12 6.57E-12 6.57E-12
 2.04E-40 1.01E-30 5.31E-23 2.83E-17 1.73E-14 6.39E-13 1.91E-12 2.72E-12
 3.27E-12 3.97E-12 4.73E-12 5.44E-12 5.75E-12 5.71E-12
  209.083    7  14 /pl=01:ss=22:pb= 1:sz=22/type=excit/ispb = t/isel =   43
 1.00E+10 1.00E+11 1.00E+12 1.00E+13 1.00E+14 1.00E+15 1.00E+16
 9.12E+00 1.37E+01 2.28E+01 4.56E+01 9.12E+01 2.28E+02 4.56E+02 6.84E+02
 9.12E+02 1.37E+03 2.28E+03 4.56E+03 9.12E+03 1.37E+04
 2.54E-29 4.26E-23 3.78E-18 1.71E-14 1.01E-12 9.45E-12 1.70E-11 1.95E-11
 2.01E-11 2.00E-11 1.87E-11 1.59E-11 1.29E-11 1.13E-11
 2.54E-29 4.26E-23 3.78E-18 1.71E-14 1.01E-12 9.45E-12 1.70E-11 1.95E-11
 2.01E-11 2.00E-11 1.87E-11 1.59E-11 1.29E-11 1.13E-11
 2.54E-29 4.26E-23 3.78E-18 1.71E-14 1.01E-12 9.45E-12 1.70E-11 1.95E-11
 2.01E-11 2.00E-11 1.87E-11 1.59E-11 1.29E-11 1.13E-11
 2.54E-29 4.26E-23 3.78E-18 1.71E-14 1.01E-12 9.44E-12 1.70E-11 1.94E-11
 2.01E-11 2.00E-11 1.86E-11 1.58E-11 1.29E-11 1.12E-11
 2.57E-29 4.30E-23 3.81E-18 1.72E-14 1.01E-12 9.33E-12 1.67E-11 1.90E-11
 1.97E-11 1.96E-11 1.83E-11 1.56E-11 1.27E-11 1.11E-11
 2.79E-29 4.60E-23 4.00E-18 1.76E-14 9.99E-13 8.87E-12 1.55E-11 1.75E-11
 1.81E-11 1.79E-11 1.66E-11 1.42E-11 1.16E-11 1.02E-11
 3.78E-29 6.00E-23 4.64E-18 1.82E-14 9.90E-13 8.51E-12 1.46E-11 1.64E-11
 1.68E-11 1.65E-11 1.52E-11 1.29E-11 1.04E-11 9.10E-12
  310.642    7  14 /pl=01:ss=22:pb= 1:sz=22/type=excit/ispb = t/isel =   44
 1.00E+10 1.00E+11 1.00E+12 1.00E+13 1.00E+14 1.00E+15 1.00E+16
 9.12E+00 1.37E+01 2.28E+01 4.56E+01 9.12E+01 2.28E+02 4.56E+02 6.84E+02
 9.12E+02 1.37E+03 2.28E+03 4.56E+03 9.12E+03 1.37E+04
 8.25E-29 1.38E-22 1.23E-17 5.56E-14 3.28E-12 3.07E-11 5.54E-11 6.33E-11
 6.55E-11 6.51E-11 6.07E-11 5.16E-11 4.20E-11 3.66E-11
 8.25E-29 1.38E-22 1.23E-17 5.56E-14 3.28E-12 3.07E-11 5.54E-11 6.33E-11
 6.55E-11 6.51E-11 6.07E-11 5.16E-11 4.20E-11 3.66E-11
 8.25E-29 1.38E-22 1.23E-17 5.56E-14 3.28E-12 3.07E-11 5.54E-11 6.33E-11
 6.55E-11 6.50E-11 6.07E-11 5.16E-11 4.20E-11 3.66E-11
 8.26E-29 1.39E-22 1.23E-17 5.56E-14 3.28E-12 3.07E-11 5.53E-11 6.31E-11
 6.53E-11 6.49E-11 6.05E-11 5.15E-11 4.19E-11 3.66E-11
 8.34E-29 1.40E-22 1.24E-17 5.58E-14 3.27E-12 3.03E-11 5.43E-11 6.19E-11
 6.41E-11 6.36E-11 5.94E-11 5.06E-11 4.13E-11 3.61E-11
 9.06E-29 1.50E-22 1.30E-17 5.71E-14 3.25E-12 2.88E-11 5.04E-11 5.70E-11
 5.87E-11 5.81E-11 5.41E-11 4.62E-11 3.79E-11 3.32E-11
 1.23E-28 1.95E-22 1.51E-17 5.90E-14 3.22E-12 2.77E-11 4.75E-11 5.33E-11
 5.46E-11 5.36E-11 4.96E-11 4.19E-11 3.39E-11 2.96E-11
  311.076    7  14 /pl=01:ss=22:pb= 1:sz=22/type=excit/ispb = t/isel =   45
 1.00E+10 1.00E+11 1.00E+12 1.00E+13 1.00E+14 1.00E+15 1.00E+16
 9.12E+00 1.37E+01 2.28E+01 4.56E+01 9.12E+01 2.28E+02 4.56E+02 6.84E+02
 9.12E+02 1.37E+03 2.28E+03 4.56E+03 9.12E+03 1.37E+04
 6.55E-40 3.25E-30 1.72E-22 9.42E-17 6.04E-14 2.43E-12 7.61E-12 1.10E-11
 1.34E-11 1.64E-11 1.97E-11 2.27E-11 2.40E-11 2.39E-11
 6.55E-40 3.25E-30 1.72E-22 9.42E-17 6.04E-14 2.43E-12 7.61E-12 1.10E-11
 1.34E-11 1.64E-11 1.97E-11 2.27E-11 2.40E-11 2.39E-11
 6.55E-40 3.25E-30 1.72E-22 9.42E-17 6.04E-14 2.43E-12 7.61E-12 1.10E-11
 1.34E-11 1.64E-11 1.97E-11 2.27E-11 2.40E-11 2.39E-11
 6.55E-40 3.25E-30 1.72E-22 9.42E-17 6.04E-14 2.42E-12 7.58E-12 1.10E-11
 1.33E-11 1.63E-11 1.96E-11 2.27E-11 2.40E-11 2.38E-11
 6.55E-40 3.25E-30 1.72E-22 9.41E-17 5.99E-14 2.38E-12 7.41E-12 1.07E-11
 1.30E-11 1.59E-11 1.92E-11 2.22E-11 2.36E-11 2.35E-11
 6.56E-40 3.25E-30 1.72E-22 9.31E-17 5.79E-14 2.20E-12 6.69E-12 9.62E-12
 1.16E-11 1.42E-11 1.71E-11 1.99E-11 2.13E-11 2.13E-11
 6.61E-40 3.28E-30 1.72E-22 9.18E-17 5.60E-14 2.07E-12 6.19E-12 8.82E-12
 1.06E-11 1.28E-11 1.53E-11 1.76E-11 1.86E-11 1.85E-11
  332.895    7  14 /pl=01:ss=22:pb= 1:sz=22/type=excit/ispb = t/isel =   46
 1.00E+10 1.00E+11 1.00E+12 1.00E+13 1.00E+14 1.00E+15 1.00E+16
 9.12E+00 1.37E+01 2.28E+01 4.56E+01 9.12E+01 2.28E+02 4.56E+02 6.84E+02
 9.12E+02 1.37E+03 2.28E+03 4.56E+03 9.12E+03 1.37E+04
 1.17E-37 1.34E-28 2.18E-21 4.84E-16 1.96E-13 5.74E-12 1.50E-11 1.94E-11
 2.16E-11 2.29E-11 2.28E-11 2.06E-11 1.76E-11 1.57E-11
 1.17E-37 1.34E-28 2.18E-21 4.84E-16 1.96E-13 5.74E-12 1.50E-11 1.94E-11
 2.16E-11 2.29E-11 2.28E-11 2.06E-11 1.76E-11 1.57E-11
 1.17E-37 1.34E-28 2.18E-21 4.84E-16 1.96E-13 5.74E-12 1.50E-11 1.94E-11
 2.16E-11 2.29E-11 2.27E-11 2.06E-11 1.76E-11 1.57E-11
 1.17E-37 1.34E-28 2.18E-21 4.84E-16 1.96E-13 5.73E-12 1.50E-11 1.94E-11
 2.15E-11 2.29E-11 2.27E-11 2.06E-11 1.75E-11 1.57E-11
 1.17E-37 1.34E-28 2.18E-21 4.83E-16 1.94E-13 5.63E-12 1.46E-11 1.89E-11
 2.10E-11 2.23E-11 2.22E-11 2.01E-11 1.72E-11 1.54E-11
 1.17E-37 1.34E-28 2.17E-21 4.78E-16 1.88E-13 5.20E-12 1.32E-11 1.69E-11
 1.87E-11 1.99E-11 1.98E-11 1.80E-11 1.55E-11 1.40E-11
 1.17E-37 1.34E-28 2.16E-21 4.69E-16 1.81E-13 4.88E-12 1.22E-11 1.55E-11
 1.70E-11 1.80E-11 1.77E-11 1.60E-11 1.36E-11 1.22E-11
  333.114    7  14 /pl=01:ss=22:pb= 1:sz=22/type=excit/ispb = t/isel =   47
 1.00E+10 1.00E+11 1.00E+12 1.00E+13 1.00E+14 1.00E+15 1.00E+16
 9.12E+00 1.37E+01 2.28E+01 4.56E+01 9.12E+01 2.28E+02 4.56E+02 6.84E+02
 9.12E+02 1.37E+03 2.28E+03 4.56E+03 9.12E+03 1.37E+04
 5.27E-28 2.28E-22 8.03E-18 2.21E-14 1.10E-12 9.65E-12 1.73E-11 1.99E-11
 2.08E-11 2.09E-11 2.00E-11 1.75E-11 1.47E-11 1.31E-11
 5.27E-28 2.28E-22 8.03E-18 2.21E-14 1.10E-12 9.65E-12 1.73E-11 1.99E-11
 2.08E-11 2.09E-11 2.00E-11 1.75E-11 1.47E-11 1.31E-11
 5.27E-28 2.28E-22 8.03E-18 2.21E-14 1.10E-12 9.65E-12 1.73E-11 1.99E-11
 2.08E-11 2.09E-11 2.00E-11 1.75E-11 1.47E-11 1.31E-11
 5.32E-28 2.29E-22 8.06E-18 2.21E-14 1.10E-12 9.65E-12 1.73E-11 1.99E-11
 2.08E-11 2.09E-11 1.99E-11 1.75E-11 1.47E-11 1.31E-11
 5.80E-28 2.45E-22 8.41E-18 2.27E-14 1.12E-12 9.71E-12 1.73E-11 1.98E-11
 2.06E-11 2.08E-11 1.98E-11 1.74E-11 1.46E-11 1.30E-11
 1.01E-27 3.83E-22 1.13E-17 2.63E-14 1.21E-12 9.96E-12 1.72E-11 1.95E-11
 2.01E-11 2.01E-11 1.90E-11 1.66E-11 1.39E-11 1.24E-11
 2.92E-27 1.02E-21 2.10E-17 3.21E-14 1.30E-12 1.01E-11 1.71E-11 1.92E-11
 1.98E-11 1.96E-11 1.84E-11 1.59E-11 1.32E-11 1.17E-11
  333.651    7  14 /pl=01:ss=22:pb= 1:sz=22/type=excit/ispb = t/isel =   48
 1.00E+10 1.00E+11 1.00E+12 1.00E+13 1.00E+14 1.00E+15 1.00E+16
 9.12E+00 1.37E+01 2.28E+01 4.56E+01 9.12E+01 2.28E+02 4.56E+02 6.84E+02
 9.12E+02 1.37E+03 2.28E+03 4.56E+03 9.12E+03 1.37E+04
 5.71E-33 1.17E-25 7.53E-20 1.50E-15 1.79E-13 2.52E-12 5.11E-12 6.02E-12
 6.31E-12 6.32E-12 5.87E-12 4.90E-12 3.88E-12 3.35E-12
 5.71E-33 1.17E-25 7.53E-20 1.50E-15 1.79E-13 2.52E-12 5.11E-12 6.02E-12
 6.31E-12 6.32E-12 5.87E-12 4.90E-12 3.88E-12 3.35E-12
 5.71E-33 1.17E-25 7.53E-20 1.50E-15 1.79E-13 2.52E-12 5.11E-12 6.02E-12
 6.31E-12 6.31E-12 5.87E-12 4.89E-12 3.88E-12 3.35E-12
 5.72E-33 1.17E-25 7.54E-20 1.50E-15 1.79E-13 2.51E-12 5.10E-12 6.00E-12
 6.29E-12 6.30E-12 5.86E-12 4.88E-12 3.88E-12 3.34E-12
 5.75E-33 1.17E-25 7.57E-20 1.50E-15 1.79E-13 2.48E-12 5.00E-12 5.88E-12
 6.16E-12 6.17E-12 5.74E-12 4.80E-12 3.82E-12 3.30E-12
 6.06E-33 1.22E-25 7.81E-20 1.51E-15 1.76E-13 2.34E-12 4.60E-12 5.37E-12
 5.61E-12 5.60E-12 5.21E-12 4.37E-12 3.50E-12 3.03E-12
 7.45E-33 1.46E-25 8.59E-20 1.53E-15 1.72E-13 2.22E-12 4.30E-12 4.98E-12
 5.18E-12 5.14E-12 4.74E-12 3.94E-12 3.12E-12 2.70E-12
  399.924    7  14 /pl=01:ss=22:pb= 1:sz=22/type=excit/ispb = t/isel =   49
 1.00E+10 1.00E+11 1.00E+12 1.00E+13 1.00E+14 1.00E+15 1.00E+16
 9.12E+00 1.37E+01 2.28E+01 4.56E+01 9.12E+01 2.28E+02 4.56E+02 6.84E+02
 9.12E+02 1.37E+03 2.28E+03 4.56E+03 9.12E+03 1.37E+04
 5.51E-31 2.85E-24 6.15E-19 5.35E-15 4.31E-13 4.99E-12 1.02E-11 1.25E-11
 1.37E-11 1.49E-11 1.55E-11 1.53E-11 1.42E-11 1.34E-11
 5.51E-31 2.85E-24 6.15E-19 5.35E-15 4.31E-13 4.99E-12 1.02E-11 1.25E-11
 1.37E-11 1.49E-11 1.55E-11 1.53E-11 1.42E-11 1.34E-11
 5.51E-31 2.85E-24 6.15E-19 5.35E-15 4.31E-13 4.99E-12 1.02E-11 1.25E-11
 1.37E-11 1.49E-11 1.55E-11 1.53E-11 1.42E-11 1.34E-11
 5.51E-31 2.85E-24 6.15E-19 5.35E-15 4.31E-13 4.98E-12 1.01E-11 1.25E-11
 1.37E-11 1.48E-11 1.55E-11 1.53E-11 1.42E-11 1.33E-11
 5.51E-31 2.85E-24 6.14E-19 5.34E-15 4.28E-13 4.89E-12 9.90E-12 1.22E-11
 1.33E-11 1.45E-11 1.51E-11 1.50E-11 1.39E-11 1.31E-11
 5.51E-31 2.85E-24 6.14E-19 5.29E-15 4.13E-13 4.52E-12 8.94E-12 1.09E-11
 1.19E-11 1.29E-11 1.35E-11 1.34E-11 1.26E-11 1.19E-11
 5.52E-31 2.86E-24 6.12E-19 5.20E-15 3.99E-13 4.25E-12 8.26E-12 9.98E-12
 1.09E-11 1.17E-11 1.21E-11 1.19E-11 1.10E-11 1.03E-11
  537.780    7  14 /pl=01:ss=22:pb= 1:sz=22/type=excit/ispb = t/isel =   50
 1.00E+10 1.00E+11 1.00E+12 1.00E+13 1.00E+14 1.00E+15 1.00E+16
 9.12E+00 1.37E+01 2.28E+01 4.56E+01 9.12E+01 2.28E+02 4.56E+02 6.84E+02
 9.12E+02 1.37E+03 2.28E+03 4.56E+03 9.12E+03 1.37E+04
 8.91E-33 1.82E-25 1.17E-19 2.33E-15 2.80E-13 3.93E-12 7.96E-12 9.38E-12
 9.84E-12 9.85E-12 9.15E-12 7.63E-12 6.06E-12 5.22E-12
 8.91E-33 1.82E-25 1.17E-19 2.33E-15 2.80E-13 3.93E-12 7.96E-12 9.38E-12
 9.84E-12 9.85E-12 9.15E-12 7.63E-12 6.06E-12 5.22E-12
 8.91E-33 1.82E-25 1.17E-19 2.33E-15 2.80E-13 3.92E-12 7.96E-12 9.38E-12
 9.84E-12 9.84E-12 9.15E-12 7.63E-12 6.06E-12 5.22E-12
 8.91E-33 1.82E-25 1.17E-19 2.33E-15 2.79E-13 3.92E-12 7.94E-12 9.36E-12
 9.81E-12 9.82E-12 9.13E-12 7.62E-12 6.05E-12 5.21E-12
 8.97E-33 1.83E-25 1.18E-19 2.34E-15 2.79E-13 3.87E-12 7.79E-12 9.17E-12
 9.61E-12 9.62E-12 8.95E-12 7.48E-12 5.95E-12 5.14E-12
 9.45E-33 1.91E-25 1.22E-19 2.36E-15 2.74E-13 3.64E-12 7.17E-12 8.37E-12
 8.74E-12 8.73E-12 8.12E-12 6.81E-12 5.45E-12 4.73E-12
 1.16E-32 2.28E-25 1.34E-19 2.39E-15 2.68E-13 3.46E-12 6.70E-12 7.77E-12
 8.07E-12 8.01E-12 7.40E-12 6.14E-12 4.87E-12 4.20E-12
c-------------------------------------------------------------------------------
 
C  root partition information
C  ==========================
C
C  nuclear charge : 74
C  ion charge+1   : 23
C
C  population calculation information
C  ----------------------------------
C
C  population processing code: adas810
C
C  adf04 source file    : adf04_copmm#74_ca_40#w22_t3.dat
C  adf18/a17_p208 file  : NULL
C
C  meta. ion. coeff. selector  : 
 
C  options  : lnorm =T  lpsel =F  lzsel =T  liosel=F
C           : lhsel =F  lrsel =F  lisel =F  lnsel =F
 
C  energy levels
C  -------------
C
C   lv      configuration    (2S+1)L(w-1/2)      energy (cm^-1)
C  ---   ------------------- --------------      --------------
c    1   60956A              (0)0(  1501.0)             0.0
c    2   60955A51C           (0)0(  6005.5)        984749.3
c    3   60955A51D           (0)0( 10009.5)       1590378.2
c    4   9957A               (0)0( 17159.5)       1772114.1
c    5   60955A51E           (0)0( 14013.5)       2233274.0
c    6   60955A51H           (0)0(  6005.5)       2582238.4
c    7   60955A51F           (0)0( 18017.5)       2726071.1
c    8   9956A51C            (0)0( 90089.5)       2746756.5
c    9   60955A51I           (0)0( 10009.5)       2882435.7
c   10   60955A51J           (0)0( 14013.5)       3204349.9
c   11   9956A51D            (0)0(150149.5)       3352912.2
c   12   60955A51N           (0)0(  6005.5)       3396741.3
c   13   60955A51K           (0)0( 18017.5)       3454397.3
c   14   60955A51L           (0)0( 22021.0)       3509474.4
c   15   60955A51O           (0)0( 10009.5)       3568161.9
c   16   60955A51P           (0)0( 14013.5)       3754111.7
c   17   60955A51U           (0)0(  6005.5)       3872408.4
c   18   60955A51Q           (0)0( 18017.5)       3900610.9
c   19   60955A51R           (0)0( 22021.0)       3939040.9
c   20   60955A51V           (0)0( 10009.5)       3979654.7
c   21   9956A51E            (0)0(210209.0)       3994414.3
c   22   60955A51W           (0)0( 14013.5)       4097238.1
c   23   60955A51X           (0)0( 18017.5)       4191008.6
c   24   60955A51Y           (0)0( 22021.0)       4217949.1
c   25   9956A51H            (0)0( 90089.5)       4343938.5
c   26   9956A51F            (0)0(270269.5)       4486542.0
c   27   9956A51I            (0)0(150149.5)       4644333.2
c   28   9956A51J            (0)0(210209.0)       4965797.6
c   29   9956A51K            (0)0(270269.5)       5215405.9
 
 
 
c-------------------------------------------------------------------------------
 
C  superstage partition information
C  ================================
C
C  element symbol   : W
C  parent template  : 
C  partition level  :  1
C  superstage label : 22
C
C  tabulation       : photon emissivity coefft (te,ne)
C  units            : ph. emis coef(cm^3 s^-1); te (ev); ne (cm^-3)
C
C  photon emissivity atomic transitions
C  ------------------------------------
C  
C   isel  wvlen(A)            transition                type  ispb nspb
C                                                             ispp nspp sz    tg pr wr
C  ----- ---------- ----------------------------------- ----- ---- ---- --    -- -- --
C      1   20.1378   28(0)0(210209.0)-  1(0)0(  1501.0) excit   1    1  22    27 27  1
C      2   23.0206   25(0)0( 90089.5)-  1(0)0(  1501.0) excit   1    1  22    25 46  2
C      3   23.8606   23(0)0( 18017.5)-  1(0)0(  1501.0) excit   1    1  22    18 16  3
C      4   25.0350   21(0)0(210209.0)-  1(0)0(  1501.0) excit   1    1  22    23 18  4
C      5   25.6370   18(0)0( 18017.5)-  1(0)0(  1501.0) excit   1    1  22    13 12  5
C      6   28.9486   13(0)0( 18017.5)-  1(0)0(  1501.0) excit   1    1  22     8  8  6
C      7   29.0420   29(0)0(270269.5)-  4(0)0( 17159.5) excit   1    1  22   167 14  7
C      8   34.6929    9(0)0( 10009.5)-  1(0)0(  1501.0) excit   1    1  22     6 30  8
C      9   34.8163   27(0)0(150149.5)-  4(0)0( 17159.5) excit   1    1  22   165 32  9
C     10   36.4066    8(0)0( 90089.5)-  1(0)0(  1501.0) excit   1    1  22    21  4 10
C     11   36.6828    7(0)0( 18017.5)-  1(0)0(  1501.0) excit   1    1  22     4  2 11
C     12   36.8402   26(0)0(270269.5)-  4(0)0( 17159.5) excit   1    1  22   163 11 12
C     13   39.8905   22(0)0( 14013.5)-  3(0)0( 10009.5) excit   1    1  22    52 45 13
C     14   46.2164   16(0)0( 14013.5)-  3(0)0( 10009.5) excit   1    1  22    48 38 14
C     15   51.0794   23(0)0( 18017.5)-  5(0)0( 14013.5) excit   1    1  22    68 33 15
C     16   52.6957    9(0)0( 10009.5)-  2(0)0(  6005.5) excit   1    1  22    32 37 16
C     17   52.6988   27(0)0(150149.5)-  8(0)0( 90089.5) excit   1    1  22   171 36 17
C     18   56.4298    4(0)0( 17159.5)-  1(0)0(  1501.0) excit   1    1  22    20  1 18
C     19   59.9759   18(0)0( 18017.5)-  5(0)0( 14013.5) excit   1    1  22    63 23 19
C     20   61.9590   10(0)0( 14013.5)-  3(0)0( 10009.5) excit   1    1  22    44 26 20
C     21   62.0007   28(0)0(210209.0)- 11(0)0(150149.5) excit   1    1  22   177 44 21
C     22   62.8781    3(0)0( 10009.5)-  1(0)0(  1501.0) excit   1    1  22     2  7 22
C     23   63.2592   11(0)0(150149.5)-  4(0)0( 17159.5) excit   1    1  22   161 10 23
C     24   67.0296   24(0)0( 22021.0)-  7(0)0( 18017.5) excit   1    1  22    81 49 24
C     25   81.8918   13(0)0( 18017.5)-  5(0)0( 14013.5) excit   1    1  22    58 19 25
C     26   81.9006   29(0)0(270269.5)- 21(0)0(210209.0) excit   1    1  22   183 40 26
C     27   82.4423   19(0)0( 22021.0)-  7(0)0( 18017.5) excit   1    1  22    77 41 27
C     28   100.821    6(0)0(  6005.5)-  3(0)0( 10009.5) excit   1    1  22    42 25 28
C     29   100.905   25(0)0( 90089.5)- 11(0)0(150149.5) excit   1    1  22   175 20 29
C     30   101.352   23(0)0( 18017.5)- 10(0)0( 14013.5) excit   1    1  22   110 50 30
C     31   101.549    2(0)0(  6005.5)-  1(0)0(  1501.0) excit   1    1  22     1  3 31
C     32   127.648   14(0)0( 22021.0)-  7(0)0( 18017.5) excit   1    1  22    73 24 32
C     33   153.865   27(0)0(150149.5)- 21(0)0(210209.0) excit   1    1  22   181 21 33
C     34   154.045    9(0)0( 10009.5)-  5(0)0( 14013.5) excit   1    1  22    56 22 34
C     35   155.546    5(0)0( 14013.5)-  3(0)0( 10009.5) excit   1    1  22    40  5 35
C     36   155.884   21(0)0(210209.0)- 11(0)0(150149.5) excit   1    1  22   173 13 36
C     37   164.974   11(0)0(150149.5)-  8(0)0( 90089.5) excit   1    1  22   168  9 37
C     38   165.118    3(0)0( 10009.5)-  2(0)0(  6005.5) excit   1    1  22    29  6 38
C     39   202.923    7(0)0( 18017.5)-  5(0)0( 14013.5) excit   1    1  22    54 15 39
C     40   203.199   26(0)0(270269.5)- 21(0)0(210209.0) excit   1    1  22   179 34 40
C     41   206.337   19(0)0( 22021.0)- 13(0)0( 18017.5) excit   1    1  22   116 43 41
C     42   208.657   28(0)0(210209.0)- 26(0)0(270269.5) excit   1    1  22   185 47 42
C     43   209.083   10(0)0( 14013.5)-  7(0)0( 18017.5) excit   1    1  22    71 35 43
C     44   310.642   10(0)0( 14013.5)-  9(0)0( 10009.5) excit   1    1  22    90 17 44
C     45   311.076   28(0)0(210209.0)- 27(0)0(150149.5) excit   1    1  22   189 28 45
C     46   332.895   27(0)0(150149.5)- 25(0)0( 90089.5) excit   1    1  22   187 29 46
C     47   333.114    9(0)0( 10009.5)-  6(0)0(  6005.5) excit   1    1  22    82 31 47
C     48   333.651   16(0)0( 14013.5)- 13(0)0( 18017.5) excit   1    1  22   114 48 48
C     49   399.924   13(0)0( 18017.5)- 10(0)0( 14013.5) excit   1    1  22   100 39 49
C     50   537.780   16(0)0( 14013.5)- 15(0)0( 10009.5) excit   1    1  22   132 42 50
c-------------------------------------------------------------------------------
                                                                                
C  code     : adas810
C  producer : Adam Foster
C  date     : 18/05/09
                                                                                
c-------------------------------------------------------------------------------

C-----------------------------------------------------------------------
C                               OPEN-ADAS
C                               +++++++++
C
C This file has been downloaded from OPEN-ADAS (http://open.adas.ac.uk)
C on 26-Mar-2025.
C
C TERMS AND CONDITIONS
C --------------------
C
C The user of the OPEN-ADAS system and data (hereinafter "the User")
C accepts the following terms and conditions:
C
C   1. The University of Strathclyde uses all reasonable endeavours to
C      ensure the accuracy of the data provided and any information
C      given, but the University makes no warranty, expressed or implied
C      as to its accuracy, integrity, fitness for purpose and shall not
C      be responsible for the use to which the data is put by the User
C      and/or any consequences arising out of any inaccuracies or
C      omissions.
C
C   2. Any downloaded OPEN-ADAS file is made available for the
C      personal use of the User only.  It must not be used for any
C      commercial application, incorporated into any web site or in
C      any form re-distributed without express prior written permission
C      from the ADAS Project. In particular, but not by way of
C      limitation, it must not be:
C        *  inserted into a managed database structure,
C        *  redistributed along with a modelling or analysis code,
C        *  made available on a public website.
C
C Permission for OPEN-ADAS data incorporation in non-commercial
C code/system development for scientific advance will not be
C unreasonably withheld, but will be subject to written agreement
C on a case by case basis.
C
C The User will indemnify the University of Strathclyde and keep it
C fully and effectively indemnified against each and every claim made
C against the University as a result of the User's use of the data.
C
C-----------------------------------------------------------------------
