   50    /W :63 photon emissivity coefficients/
--------------------------------------------------------------------------------
    1    1    1    1    1    1    1    1    1    1    1    1    1    1
    1    1    1    1    1    1    1    1    1    1    1    1    1    1
    1    1    1    1    1    1    1    1    1    1    1    1    1    1
    1    1    1    1    1    1    1    1    1    1    1    1    1    1
    1    1    1    1    1    1    1    1    1    1    1    1    1    1
    1    1    1    1    1
--------------------------------------------------------------------------------
//#01/p00/ 00/p01/ 01/p02/ 02/p03/ 03/p04/ 04/p05/ 05/p06/ 06/p07/ 07/p08/ 08/  
      p09/ 09/p10/ 10/p11/ 11/p12/ 12/p13/ 13/p14/ 14/p15/ 15/p16/ 16/p17/ 17/  
      p18/ 18/p19/ 19/p20/ 20/p21/ 21/p22/ 22/p23/ 23/p24/ 24/p25/ 25/p26/ 26/  
      p27/ 27/p28/ 28/p29/ 29/p30/ 30/p31/ 31/p32/ 32/p33/ 33/p34/ 34/p35/ 35/  
      p36/ 36/p37/ 37/p38/ 38/p39/ 39/p40/ 40/p41/ 41/p42/ 42/p43/ 43/p44/ 44/  
      p45/ 45/p46/ 46/p47/ 47/p48/ 48/p49/ 49/p50/ 50/p51/ 51/p52/ 52/p53/ 53/  
      p54/ 54/p55/ 55/p56/ 56/p57/ 57/p58/ 58/p59/ 59/p60/ 60/p61/ 61/p62/ 62/  
      p63/ 63/p64/ 64/p65/ 65/p66/ 66/p67/ 67/p68/ 68/p69/ 69/p70/ 70/p71/ 71/  
      p72/ 72/p73/ 73/p74/ 74/                                                  
--------------------------------------------------------------------------------
  1.04573    7  14 /pl=01:ss=63:pb= 1:sz=63/type=excit/ispb = t/isel =    1
 1.00E+10 1.00E+11 1.00E+12 1.00E+13 1.00E+14 1.00E+15 1.00E+16
 7.06E+01 1.06E+02 1.76E+02 3.53E+02 7.06E+02 1.76E+03 3.53E+03 5.29E+03
 7.06E+03 1.06E+04 1.76E+04 3.53E+04 7.06E+04 1.06E+05
 1.00E-74 1.00E-74 1.23E-40 1.79E-26 2.53E-19 3.95E-15 8.34E-14 2.15E-13
 3.35E-13 5.01E-13 6.57E-13 7.49E-13 7.42E-13 7.12E-13
 1.00E-74 1.00E-74 6.15E-41 1.79E-26 2.53E-19 3.95E-15 8.34E-14 2.15E-13
 3.35E-13 5.01E-13 6.57E-13 7.49E-13 7.42E-13 7.12E-13
 1.00E-74 1.00E-74 6.52E-41 1.79E-26 2.53E-19 3.95E-15 8.34E-14 2.15E-13
 3.35E-13 5.01E-13 6.57E-13 7.49E-13 7.42E-13 7.12E-13
 1.00E-74 1.00E-74 6.51E-41 1.79E-26 2.53E-19 3.95E-15 8.34E-14 2.15E-13
 3.35E-13 5.01E-13 6.57E-13 7.49E-13 7.42E-13 7.12E-13
 1.00E-74 1.00E-74 6.50E-41 1.79E-26 2.53E-19 3.95E-15 8.34E-14 2.15E-13
 3.35E-13 5.01E-13 6.57E-13 7.49E-13 7.42E-13 7.12E-13
 1.00E-74 1.00E-74 6.50E-41 1.79E-26 2.53E-19 3.95E-15 8.34E-14 2.15E-13
 3.35E-13 5.01E-13 6.57E-13 7.49E-13 7.42E-13 7.12E-13
 1.00E-74 1.00E-74 6.50E-41 1.79E-26 2.53E-19 3.95E-15 8.34E-14 2.15E-13
 3.35E-13 5.01E-13 6.57E-13 7.49E-13 7.42E-13 7.12E-13
  1.04601    7  14 /pl=01:ss=63:pb= 1:sz=63/type=excit/ispb = t/isel =    2
 1.00E+10 1.00E+11 1.00E+12 1.00E+13 1.00E+14 1.00E+15 1.00E+16
 7.06E+01 1.06E+02 1.76E+02 3.53E+02 7.06E+02 1.76E+03 3.53E+03 5.29E+03
 7.06E+03 1.06E+04 1.76E+04 3.53E+04 7.06E+04 1.06E+05
 1.00E-74 1.00E-74 1.00E-74 9.54E-27 1.33E-19 2.06E-15 4.32E-14 1.11E-13
 1.73E-13 2.59E-13 3.40E-13 3.88E-13 3.86E-13 3.71E-13
 1.00E-74 1.00E-74 3.86E-41 9.54E-27 1.33E-19 2.06E-15 4.32E-14 1.11E-13
 1.73E-13 2.59E-13 3.40E-13 3.88E-13 3.86E-13 3.71E-13
 1.00E-74 1.00E-74 3.48E-41 9.54E-27 1.33E-19 2.06E-15 4.32E-14 1.11E-13
 1.73E-13 2.59E-13 3.40E-13 3.88E-13 3.86E-13 3.71E-13
 1.00E-74 1.00E-74 3.49E-41 9.54E-27 1.33E-19 2.06E-15 4.32E-14 1.11E-13
 1.73E-13 2.59E-13 3.40E-13 3.88E-13 3.86E-13 3.71E-13
 1.00E-74 1.00E-74 3.49E-41 9.54E-27 1.33E-19 2.06E-15 4.32E-14 1.11E-13
 1.73E-13 2.59E-13 3.40E-13 3.88E-13 3.86E-13 3.71E-13
 1.00E-74 1.00E-74 3.49E-41 9.54E-27 1.33E-19 2.06E-15 4.32E-14 1.11E-13
 1.73E-13 2.59E-13 3.40E-13 3.88E-13 3.86E-13 3.71E-13
 1.00E-74 1.00E-74 3.49E-41 9.54E-27 1.33E-19 2.06E-15 4.32E-14 1.11E-13
 1.73E-13 2.59E-13 3.40E-13 3.88E-13 3.86E-13 3.71E-13
  1.19712    7  14 /pl=01:ss=63:pb= 1:sz=63/type=excit/ispb = t/isel =    3
 1.00E+10 1.00E+11 1.00E+12 1.00E+13 1.00E+14 1.00E+15 1.00E+16
 7.06E+01 1.06E+02 1.76E+02 3.53E+02 7.06E+02 1.76E+03 3.53E+03 5.29E+03
 7.06E+03 1.06E+04 1.76E+04 3.53E+04 7.06E+04 1.06E+05
 1.00E-74 1.00E-74 8.44E-37 3.32E-24 5.55E-18 2.41E-14 3.38E-13 7.67E-13
 1.13E-12 1.60E-12 2.05E-12 2.38E-12 2.41E-12 2.36E-12
 1.00E-74 1.00E-74 8.44E-37 3.32E-24 5.55E-18 2.41E-14 3.38E-13 7.67E-13
 1.13E-12 1.60E-12 2.05E-12 2.38E-12 2.41E-12 2.36E-12
 1.00E-74 1.00E-74 8.44E-37 3.32E-24 5.55E-18 2.41E-14 3.38E-13 7.67E-13
 1.13E-12 1.60E-12 2.05E-12 2.38E-12 2.41E-12 2.36E-12
 1.00E-74 1.00E-74 8.44E-37 3.32E-24 5.55E-18 2.41E-14 3.38E-13 7.67E-13
 1.13E-12 1.60E-12 2.05E-12 2.38E-12 2.41E-12 2.36E-12
 1.00E-74 1.00E-74 8.44E-37 3.32E-24 5.55E-18 2.41E-14 3.38E-13 7.67E-13
 1.13E-12 1.60E-12 2.05E-12 2.38E-12 2.41E-12 2.36E-12
 1.00E-74 1.00E-74 8.44E-37 3.32E-24 5.55E-18 2.41E-14 3.38E-13 7.67E-13
 1.13E-12 1.60E-12 2.05E-12 2.38E-12 2.41E-12 2.36E-12
 1.00E-74 1.00E-74 8.44E-37 3.31E-24 5.55E-18 2.41E-14 3.38E-13 7.67E-13
 1.13E-12 1.60E-12 2.05E-12 2.38E-12 2.41E-12 2.36E-12
  1.19764    7  14 /pl=01:ss=63:pb= 1:sz=63/type=excit/ispb = t/isel =    4
 1.00E+10 1.00E+11 1.00E+12 1.00E+13 1.00E+14 1.00E+15 1.00E+16
 7.06E+01 1.06E+02 1.76E+02 3.53E+02 7.06E+02 1.76E+03 3.53E+03 5.29E+03
 7.06E+03 1.06E+04 1.76E+04 3.53E+04 7.06E+04 1.06E+05
 1.00E-74 1.00E-74 4.41E-37 1.71E-24 2.85E-18 1.23E-14 1.73E-13 3.94E-13
 5.80E-13 8.28E-13 1.06E-12 1.22E-12 1.24E-12 1.22E-12
 1.00E-74 1.00E-74 4.41E-37 1.71E-24 2.85E-18 1.23E-14 1.73E-13 3.94E-13
 5.80E-13 8.28E-13 1.06E-12 1.22E-12 1.24E-12 1.22E-12
 1.00E-74 1.00E-74 4.41E-37 1.71E-24 2.85E-18 1.23E-14 1.73E-13 3.94E-13
 5.80E-13 8.28E-13 1.06E-12 1.22E-12 1.24E-12 1.22E-12
 1.00E-74 1.00E-74 4.41E-37 1.71E-24 2.85E-18 1.23E-14 1.73E-13 3.94E-13
 5.80E-13 8.28E-13 1.06E-12 1.22E-12 1.24E-12 1.22E-12
 1.00E-74 1.00E-74 4.41E-37 1.71E-24 2.85E-18 1.23E-14 1.73E-13 3.94E-13
 5.80E-13 8.28E-13 1.06E-12 1.22E-12 1.24E-12 1.22E-12
 1.00E-74 1.00E-74 4.41E-37 1.71E-24 2.85E-18 1.23E-14 1.73E-13 3.94E-13
 5.80E-13 8.28E-13 1.06E-12 1.22E-12 1.24E-12 1.22E-12
 1.00E-74 1.00E-74 4.41E-37 1.71E-24 2.85E-18 1.23E-14 1.73E-13 3.94E-13
 5.80E-13 8.28E-13 1.06E-12 1.22E-12 1.24E-12 1.22E-12
  1.22209    7  14 /pl=01:ss=63:pb= 1:sz=63/type=excit/ispb = t/isel =    5
 1.00E+10 1.00E+11 1.00E+12 1.00E+13 1.00E+14 1.00E+15 1.00E+16
 7.06E+01 1.06E+02 1.76E+02 3.53E+02 7.06E+02 1.76E+03 3.53E+03 5.29E+03
 7.06E+03 1.06E+04 1.76E+04 3.53E+04 7.06E+04 1.06E+05
 1.00E-74 1.00E-74 1.07E-37 2.31E-25 2.86E-19 1.07E-15 1.47E-14 3.32E-14
 4.86E-14 6.79E-14 8.28E-14 8.53E-14 7.52E-14 6.71E-14
 1.00E-74 1.00E-74 1.07E-37 2.31E-25 2.86E-19 1.07E-15 1.47E-14 3.32E-14
 4.86E-14 6.79E-14 8.28E-14 8.53E-14 7.52E-14 6.71E-14
 1.00E-74 1.00E-74 1.07E-37 2.31E-25 2.86E-19 1.07E-15 1.47E-14 3.32E-14
 4.86E-14 6.79E-14 8.28E-14 8.53E-14 7.52E-14 6.71E-14
 1.00E-74 1.00E-74 1.07E-37 2.31E-25 2.86E-19 1.07E-15 1.47E-14 3.32E-14
 4.86E-14 6.79E-14 8.28E-14 8.53E-14 7.52E-14 6.71E-14
 1.00E-74 1.00E-74 1.07E-37 2.31E-25 2.86E-19 1.07E-15 1.47E-14 3.32E-14
 4.86E-14 6.79E-14 8.28E-14 8.53E-14 7.52E-14 6.71E-14
 1.00E-74 1.00E-74 1.07E-37 2.31E-25 2.86E-19 1.07E-15 1.47E-14 3.32E-14
 4.86E-14 6.79E-14 8.28E-14 8.53E-14 7.52E-14 6.71E-14
 1.00E-74 1.00E-74 1.07E-37 2.31E-25 2.86E-19 1.07E-15 1.47E-14 3.32E-14
 4.86E-14 6.79E-14 8.28E-14 8.53E-14 7.52E-14 6.71E-14
  1.28582    7  14 /pl=01:ss=63:pb= 1:sz=63/type=excit/ispb = t/isel =    6
 1.00E+10 1.00E+11 1.00E+12 1.00E+13 1.00E+14 1.00E+15 1.00E+16
 7.06E+01 1.06E+02 1.76E+02 3.53E+02 7.06E+02 1.76E+03 3.53E+03 5.29E+03
 7.06E+03 1.06E+04 1.76E+04 3.53E+04 7.06E+04 1.06E+05
 1.00E-74 1.00E-74 1.64E-36 1.35E-24 1.04E-18 2.78E-15 3.30E-14 7.00E-14
 9.85E-14 1.32E-13 1.55E-13 1.54E-13 1.34E-13 1.19E-13
 1.00E-74 1.00E-74 1.64E-36 1.35E-24 1.04E-18 2.78E-15 3.30E-14 7.00E-14
 9.85E-14 1.32E-13 1.55E-13 1.54E-13 1.34E-13 1.19E-13
 1.00E-74 1.00E-74 1.64E-36 1.35E-24 1.04E-18 2.78E-15 3.30E-14 7.00E-14
 9.85E-14 1.32E-13 1.55E-13 1.54E-13 1.34E-13 1.19E-13
 1.00E-74 1.00E-74 1.64E-36 1.35E-24 1.04E-18 2.78E-15 3.30E-14 7.00E-14
 9.85E-14 1.32E-13 1.55E-13 1.54E-13 1.34E-13 1.19E-13
 1.00E-74 1.00E-74 1.64E-36 1.35E-24 1.04E-18 2.78E-15 3.30E-14 7.00E-14
 9.85E-14 1.32E-13 1.55E-13 1.54E-13 1.34E-13 1.19E-13
 1.00E-74 1.00E-74 1.64E-36 1.35E-24 1.04E-18 2.78E-15 3.30E-14 7.00E-14
 9.85E-14 1.32E-13 1.55E-13 1.54E-13 1.34E-13 1.19E-13
 1.00E-74 1.00E-74 1.64E-36 1.35E-24 1.04E-18 2.78E-15 3.30E-14 7.00E-14
 9.85E-14 1.32E-13 1.55E-13 1.54E-13 1.34E-13 1.19E-13
  1.33760    7  14 /pl=01:ss=63:pb= 1:sz=63/type=excit/ispb = t/isel =    7
 1.00E+10 1.00E+11 1.00E+12 1.00E+13 1.00E+14 1.00E+15 1.00E+16
 7.06E+01 1.06E+02 1.76E+02 3.53E+02 7.06E+02 1.76E+03 3.53E+03 5.29E+03
 7.06E+03 1.06E+04 1.76E+04 3.53E+04 7.06E+04 1.06E+05
 1.00E-74 1.00E-74 3.53E-36 2.90E-24 2.22E-18 5.96E-15 7.07E-14 1.50E-13
 2.11E-13 2.83E-13 3.32E-13 3.31E-13 2.87E-13 2.55E-13
 1.00E-74 1.00E-74 3.53E-36 2.90E-24 2.22E-18 5.96E-15 7.07E-14 1.50E-13
 2.11E-13 2.83E-13 3.32E-13 3.31E-13 2.87E-13 2.55E-13
 1.00E-74 1.00E-74 3.53E-36 2.90E-24 2.22E-18 5.96E-15 7.07E-14 1.50E-13
 2.11E-13 2.83E-13 3.32E-13 3.31E-13 2.87E-13 2.55E-13
 1.00E-74 1.00E-74 3.53E-36 2.90E-24 2.22E-18 5.96E-15 7.07E-14 1.50E-13
 2.11E-13 2.83E-13 3.32E-13 3.31E-13 2.87E-13 2.55E-13
 1.00E-74 1.00E-74 3.53E-36 2.90E-24 2.22E-18 5.96E-15 7.07E-14 1.50E-13
 2.11E-13 2.83E-13 3.32E-13 3.31E-13 2.87E-13 2.55E-13
 1.00E-74 1.00E-74 3.53E-36 2.90E-24 2.22E-18 5.96E-15 7.07E-14 1.50E-13
 2.11E-13 2.83E-13 3.32E-13 3.31E-13 2.87E-13 2.55E-13
 1.00E-74 1.00E-74 3.53E-36 2.90E-24 2.22E-18 5.96E-15 7.07E-14 1.50E-13
 2.11E-13 2.83E-13 3.32E-13 3.31E-13 2.87E-13 2.55E-13
  1.36735    7  14 /pl=01:ss=63:pb= 1:sz=63/type=excit/ispb = t/isel =    8
 1.00E+10 1.00E+11 1.00E+12 1.00E+13 1.00E+14 1.00E+15 1.00E+16
 7.06E+01 1.06E+02 1.76E+02 3.53E+02 7.06E+02 1.76E+03 3.53E+03 5.29E+03
 7.06E+03 1.06E+04 1.76E+04 3.53E+04 7.06E+04 1.06E+05
 1.00E-74 1.00E-74 1.25E-33 1.27E-22 3.42E-17 4.96E-14 4.83E-13 9.71E-13
 1.34E-12 1.81E-12 2.21E-12 2.43E-12 2.42E-12 2.33E-12
 1.00E-74 1.00E-74 1.25E-33 1.27E-22 3.42E-17 4.96E-14 4.83E-13 9.71E-13
 1.34E-12 1.81E-12 2.21E-12 2.43E-12 2.42E-12 2.33E-12
 1.00E-74 1.00E-74 1.25E-33 1.27E-22 3.42E-17 4.96E-14 4.83E-13 9.71E-13
 1.34E-12 1.81E-12 2.21E-12 2.43E-12 2.42E-12 2.33E-12
 1.00E-74 1.00E-74 1.25E-33 1.27E-22 3.42E-17 4.96E-14 4.83E-13 9.71E-13
 1.34E-12 1.81E-12 2.21E-12 2.43E-12 2.42E-12 2.33E-12
 1.00E-74 1.00E-74 1.25E-33 1.27E-22 3.42E-17 4.96E-14 4.83E-13 9.71E-13
 1.34E-12 1.81E-12 2.21E-12 2.43E-12 2.42E-12 2.33E-12
 1.00E-74 1.00E-74 1.25E-33 1.27E-22 3.42E-17 4.96E-14 4.83E-13 9.71E-13
 1.34E-12 1.81E-12 2.21E-12 2.43E-12 2.42E-12 2.33E-12
 1.00E-74 1.00E-74 1.25E-33 1.27E-22 3.42E-17 4.96E-14 4.83E-13 9.71E-13
 1.34E-12 1.81E-12 2.21E-12 2.43E-12 2.42E-12 2.33E-12
  1.36789    7  14 /pl=01:ss=63:pb= 1:sz=63/type=excit/ispb = t/isel =    9
 1.00E+10 1.00E+11 1.00E+12 1.00E+13 1.00E+14 1.00E+15 1.00E+16
 7.06E+01 1.06E+02 1.76E+02 3.53E+02 7.06E+02 1.76E+03 3.53E+03 5.29E+03
 7.06E+03 1.06E+04 1.76E+04 3.53E+04 7.06E+04 1.06E+05
 1.00E-74 1.00E-74 2.63E-33 2.64E-22 7.09E-17 1.03E-13 1.00E-12 2.02E-12
 2.79E-12 3.76E-12 4.59E-12 5.06E-12 5.02E-12 4.85E-12
 1.00E-74 1.00E-74 2.63E-33 2.64E-22 7.09E-17 1.03E-13 1.00E-12 2.02E-12
 2.79E-12 3.76E-12 4.59E-12 5.06E-12 5.02E-12 4.85E-12
 1.00E-74 1.00E-74 2.63E-33 2.64E-22 7.09E-17 1.03E-13 1.00E-12 2.02E-12
 2.79E-12 3.76E-12 4.59E-12 5.06E-12 5.02E-12 4.85E-12
 1.00E-74 1.00E-74 2.63E-33 2.64E-22 7.09E-17 1.03E-13 1.00E-12 2.02E-12
 2.79E-12 3.76E-12 4.59E-12 5.06E-12 5.02E-12 4.85E-12
 1.00E-74 1.00E-74 2.63E-33 2.64E-22 7.09E-17 1.03E-13 1.00E-12 2.02E-12
 2.79E-12 3.76E-12 4.59E-12 5.06E-12 5.02E-12 4.85E-12
 1.00E-74 1.00E-74 2.63E-33 2.64E-22 7.09E-17 1.03E-13 1.00E-12 2.02E-12
 2.79E-12 3.76E-12 4.59E-12 5.06E-12 5.02E-12 4.85E-12
 1.00E-74 1.00E-74 2.63E-33 2.64E-22 7.09E-17 1.03E-13 1.00E-12 2.02E-12
 2.79E-12 3.76E-12 4.59E-12 5.06E-12 5.02E-12 4.85E-12
  1.37193    7  14 /pl=01:ss=63:pb= 1:sz=63/type=excit/ispb = t/isel =   10
 1.00E+10 1.00E+11 1.00E+12 1.00E+13 1.00E+14 1.00E+15 1.00E+16
 7.06E+01 1.06E+02 1.76E+02 3.53E+02 7.06E+02 1.76E+03 3.53E+03 5.29E+03
 7.06E+03 1.06E+04 1.76E+04 3.53E+04 7.06E+04 1.06E+05
 1.00E-74 1.00E-74 5.76E-36 5.39E-25 1.51E-19 4.63E-16 8.66E-15 2.24E-14
 3.50E-14 5.24E-14 6.77E-14 7.36E-14 6.80E-14 6.21E-14
 1.00E-74 1.00E-74 5.76E-36 5.39E-25 1.51E-19 4.63E-16 8.66E-15 2.24E-14
 3.50E-14 5.24E-14 6.77E-14 7.36E-14 6.80E-14 6.21E-14
 1.00E-74 1.00E-74 5.76E-36 5.39E-25 1.51E-19 4.63E-16 8.66E-15 2.24E-14
 3.50E-14 5.24E-14 6.77E-14 7.36E-14 6.80E-14 6.21E-14
 1.00E-74 1.00E-74 5.76E-36 5.39E-25 1.51E-19 4.63E-16 8.66E-15 2.24E-14
 3.50E-14 5.24E-14 6.77E-14 7.36E-14 6.80E-14 6.21E-14
 1.00E-74 1.00E-74 5.76E-36 5.39E-25 1.51E-19 4.63E-16 8.66E-15 2.24E-14
 3.50E-14 5.24E-14 6.77E-14 7.36E-14 6.80E-14 6.21E-14
 1.00E-74 1.00E-74 5.77E-36 5.39E-25 1.51E-19 4.63E-16 8.66E-15 2.24E-14
 3.50E-14 5.24E-14 6.77E-14 7.36E-14 6.80E-14 6.21E-14
 1.00E-74 1.00E-74 5.78E-36 5.41E-25 1.52E-19 4.64E-16 8.66E-15 2.24E-14
 3.50E-14 5.24E-14 6.77E-14 7.36E-14 6.80E-14 6.21E-14
  1.38587    7  14 /pl=01:ss=63:pb= 1:sz=63/type=excit/ispb = t/isel =   11
 1.00E+10 1.00E+11 1.00E+12 1.00E+13 1.00E+14 1.00E+15 1.00E+16
 7.06E+01 1.06E+02 1.76E+02 3.53E+02 7.06E+02 1.76E+03 3.53E+03 5.29E+03
 7.06E+03 1.06E+04 1.76E+04 3.53E+04 7.06E+04 1.06E+05
 1.00E-74 1.00E-74 1.29E-34 9.29E-24 2.12E-18 2.89E-15 2.87E-14 5.90E-14
 8.24E-14 1.12E-13 1.37E-13 1.50E-13 1.47E-13 1.40E-13
 1.00E-74 1.00E-74 1.29E-34 9.29E-24 2.12E-18 2.89E-15 2.87E-14 5.90E-14
 8.24E-14 1.12E-13 1.37E-13 1.50E-13 1.47E-13 1.40E-13
 1.00E-74 1.00E-74 1.29E-34 9.29E-24 2.12E-18 2.89E-15 2.87E-14 5.90E-14
 8.24E-14 1.12E-13 1.37E-13 1.50E-13 1.47E-13 1.40E-13
 1.00E-74 1.00E-74 1.29E-34 9.29E-24 2.12E-18 2.89E-15 2.87E-14 5.90E-14
 8.24E-14 1.12E-13 1.37E-13 1.50E-13 1.47E-13 1.40E-13
 1.00E-74 1.00E-74 1.29E-34 9.29E-24 2.12E-18 2.89E-15 2.87E-14 5.90E-14
 8.24E-14 1.12E-13 1.37E-13 1.50E-13 1.47E-13 1.40E-13
 1.00E-74 1.00E-74 1.29E-34 9.29E-24 2.12E-18 2.89E-15 2.87E-14 5.90E-14
 8.24E-14 1.12E-13 1.37E-13 1.50E-13 1.47E-13 1.40E-13
 1.00E-74 1.00E-74 1.29E-34 9.29E-24 2.12E-18 2.89E-15 2.88E-14 5.90E-14
 8.24E-14 1.12E-13 1.37E-13 1.50E-13 1.47E-13 1.40E-13
  1.38733    7  14 /pl=01:ss=63:pb= 1:sz=63/type=excit/ispb = t/isel =   12
 1.00E+10 1.00E+11 1.00E+12 1.00E+13 1.00E+14 1.00E+15 1.00E+16
 7.06E+01 1.06E+02 1.76E+02 3.53E+02 7.06E+02 1.76E+03 3.53E+03 5.29E+03
 7.06E+03 1.06E+04 1.76E+04 3.53E+04 7.06E+04 1.06E+05
 1.00E-74 1.00E-74 1.16E-34 8.15E-24 1.84E-18 2.44E-15 2.34E-14 4.72E-14
 6.55E-14 8.81E-14 1.07E-13 1.18E-13 1.16E-13 1.12E-13
 1.00E-74 1.00E-74 1.16E-34 8.15E-24 1.84E-18 2.44E-15 2.34E-14 4.72E-14
 6.55E-14 8.81E-14 1.07E-13 1.18E-13 1.16E-13 1.12E-13
 1.00E-74 1.00E-74 1.16E-34 8.15E-24 1.84E-18 2.44E-15 2.34E-14 4.72E-14
 6.55E-14 8.81E-14 1.07E-13 1.18E-13 1.16E-13 1.12E-13
 1.00E-74 1.00E-74 1.16E-34 8.15E-24 1.84E-18 2.44E-15 2.34E-14 4.72E-14
 6.55E-14 8.81E-14 1.07E-13 1.18E-13 1.16E-13 1.12E-13
 1.00E-74 1.00E-74 1.16E-34 8.15E-24 1.84E-18 2.44E-15 2.34E-14 4.72E-14
 6.55E-14 8.81E-14 1.07E-13 1.18E-13 1.16E-13 1.12E-13
 1.00E-74 1.00E-74 1.16E-34 8.15E-24 1.84E-18 2.44E-15 2.34E-14 4.72E-14
 6.55E-14 8.81E-14 1.07E-13 1.18E-13 1.16E-13 1.12E-13
 1.00E-74 1.00E-74 1.16E-34 8.15E-24 1.84E-18 2.44E-15 2.34E-14 4.72E-14
 6.55E-14 8.81E-14 1.07E-13 1.18E-13 1.16E-13 1.12E-13
  1.41034    7  14 /pl=01:ss=63:pb= 1:sz=63/type=excit/ispb = t/isel =   13
 1.00E+10 1.00E+11 1.00E+12 1.00E+13 1.00E+14 1.00E+15 1.00E+16
 7.06E+01 1.06E+02 1.76E+02 3.53E+02 7.06E+02 1.76E+03 3.53E+03 5.29E+03
 7.06E+03 1.06E+04 1.76E+04 3.53E+04 7.06E+04 1.06E+05
 1.00E-74 1.00E-74 1.33E-34 6.18E-24 1.14E-18 1.53E-15 1.74E-14 3.84E-14
 5.58E-14 7.84E-14 9.67E-14 1.02E-13 9.41E-14 8.64E-14
 1.00E-74 1.00E-74 1.33E-34 6.18E-24 1.14E-18 1.53E-15 1.74E-14 3.84E-14
 5.58E-14 7.84E-14 9.67E-14 1.02E-13 9.41E-14 8.64E-14
 1.00E-74 1.00E-74 1.33E-34 6.18E-24 1.14E-18 1.53E-15 1.74E-14 3.84E-14
 5.58E-14 7.84E-14 9.67E-14 1.02E-13 9.41E-14 8.64E-14
 1.00E-74 1.00E-74 1.33E-34 6.18E-24 1.14E-18 1.53E-15 1.74E-14 3.84E-14
 5.58E-14 7.84E-14 9.67E-14 1.02E-13 9.41E-14 8.64E-14
 1.00E-74 1.00E-74 1.33E-34 6.18E-24 1.14E-18 1.53E-15 1.74E-14 3.84E-14
 5.58E-14 7.84E-14 9.67E-14 1.02E-13 9.41E-14 8.64E-14
 1.00E-74 9.84E-49 1.33E-34 6.18E-24 1.14E-18 1.53E-15 1.74E-14 3.84E-14
 5.58E-14 7.84E-14 9.67E-14 1.02E-13 9.41E-14 8.64E-14
 1.00E-74 6.89E-49 1.33E-34 6.18E-24 1.14E-18 1.53E-15 1.74E-14 3.84E-14
 5.58E-14 7.84E-14 9.67E-14 1.02E-13 9.41E-14 8.64E-14
  1.41575    7  14 /pl=01:ss=63:pb= 1:sz=63/type=excit/ispb = t/isel =   14
 1.00E+10 1.00E+11 1.00E+12 1.00E+13 1.00E+14 1.00E+15 1.00E+16
 7.06E+01 1.06E+02 1.76E+02 3.53E+02 7.06E+02 1.76E+03 3.53E+03 5.29E+03
 7.06E+03 1.06E+04 1.76E+04 3.53E+04 7.06E+04 1.06E+05
 1.00E-74 1.00E-74 2.61E-34 1.10E-23 1.92E-18 2.22E-15 2.11E-14 4.26E-14
 5.86E-14 7.75E-14 9.05E-14 9.02E-14 7.84E-14 6.96E-14
 1.00E-74 1.00E-74 2.61E-34 1.10E-23 1.92E-18 2.22E-15 2.11E-14 4.26E-14
 5.86E-14 7.75E-14 9.05E-14 9.02E-14 7.84E-14 6.96E-14
 1.00E-74 1.00E-74 2.61E-34 1.10E-23 1.92E-18 2.22E-15 2.11E-14 4.26E-14
 5.86E-14 7.75E-14 9.05E-14 9.02E-14 7.84E-14 6.96E-14
 1.00E-74 1.00E-74 2.61E-34 1.10E-23 1.92E-18 2.22E-15 2.11E-14 4.26E-14
 5.86E-14 7.75E-14 9.05E-14 9.02E-14 7.84E-14 6.96E-14
 1.00E-74 1.00E-74 2.61E-34 1.10E-23 1.92E-18 2.22E-15 2.11E-14 4.26E-14
 5.86E-14 7.75E-14 9.05E-14 9.02E-14 7.84E-14 6.96E-14
 1.00E-74 1.04E-48 2.61E-34 1.10E-23 1.92E-18 2.22E-15 2.11E-14 4.26E-14
 5.86E-14 7.75E-14 9.05E-14 9.02E-14 7.84E-14 6.96E-14
 1.00E-74 1.45E-48 2.61E-34 1.10E-23 1.92E-18 2.22E-15 2.11E-14 4.26E-14
 5.86E-14 7.75E-14 9.05E-14 9.02E-14 7.84E-14 6.96E-14
  1.41652    7  14 /pl=01:ss=63:pb= 1:sz=63/type=excit/ispb = t/isel =   15
 1.00E+10 1.00E+11 1.00E+12 1.00E+13 1.00E+14 1.00E+15 1.00E+16
 7.06E+01 1.06E+02 1.76E+02 3.53E+02 7.06E+02 1.76E+03 3.53E+03 5.29E+03
 7.06E+03 1.06E+04 1.76E+04 3.53E+04 7.06E+04 1.06E+05
 1.00E-74 1.00E-74 2.44E-35 1.02E-24 1.97E-19 5.46E-16 9.89E-15 2.52E-14
 3.92E-14 5.85E-14 7.61E-14 8.48E-14 8.12E-14 7.61E-14
 1.00E-74 1.00E-74 2.44E-35 1.02E-24 1.97E-19 5.46E-16 9.89E-15 2.52E-14
 3.92E-14 5.85E-14 7.61E-14 8.48E-14 8.12E-14 7.61E-14
 1.00E-74 1.00E-74 2.44E-35 1.02E-24 1.97E-19 5.46E-16 9.89E-15 2.52E-14
 3.92E-14 5.85E-14 7.61E-14 8.48E-14 8.12E-14 7.61E-14
 1.00E-74 1.00E-74 2.44E-35 1.02E-24 1.97E-19 5.46E-16 9.89E-15 2.52E-14
 3.92E-14 5.85E-14 7.61E-14 8.48E-14 8.12E-14 7.61E-14
 1.00E-74 1.00E-74 2.44E-35 1.02E-24 1.97E-19 5.46E-16 9.89E-15 2.52E-14
 3.92E-14 5.85E-14 7.61E-14 8.48E-14 8.12E-14 7.61E-14
 1.00E-74 1.43E-49 2.44E-35 1.02E-24 1.97E-19 5.46E-16 9.89E-15 2.52E-14
 3.92E-14 5.85E-14 7.61E-14 8.48E-14 8.12E-14 7.61E-14
 1.00E-74 1.43E-49 2.44E-35 1.02E-24 1.97E-19 5.46E-16 9.89E-15 2.52E-14
 3.92E-14 5.85E-14 7.61E-14 8.48E-14 8.12E-14 7.61E-14
  1.43244    7  14 /pl=01:ss=63:pb= 1:sz=63/type=excit/ispb = t/isel =   16
 1.00E+10 1.00E+11 1.00E+12 1.00E+13 1.00E+14 1.00E+15 1.00E+16
 7.06E+01 1.06E+02 1.76E+02 3.53E+02 7.06E+02 1.76E+03 3.53E+03 5.29E+03
 7.06E+03 1.06E+04 1.76E+04 3.53E+04 7.06E+04 1.06E+05
 1.00E-74 1.00E-74 1.25E-33 6.27E-23 1.18E-17 1.37E-14 1.22E-13 2.34E-13
 3.12E-13 3.97E-13 4.46E-13 4.26E-13 3.60E-13 3.16E-13
 1.00E-74 1.00E-74 1.25E-33 6.27E-23 1.18E-17 1.37E-14 1.22E-13 2.34E-13
 3.12E-13 3.97E-13 4.46E-13 4.26E-13 3.60E-13 3.16E-13
 1.00E-74 1.00E-74 1.25E-33 6.27E-23 1.18E-17 1.37E-14 1.22E-13 2.34E-13
 3.12E-13 3.97E-13 4.46E-13 4.26E-13 3.60E-13 3.16E-13
 1.00E-74 7.02E-48 1.25E-33 6.27E-23 1.18E-17 1.37E-14 1.22E-13 2.34E-13
 3.12E-13 3.97E-13 4.46E-13 4.26E-13 3.60E-13 3.16E-13
 1.00E-74 5.62E-48 1.25E-33 6.27E-23 1.18E-17 1.37E-14 1.22E-13 2.34E-13
 3.12E-13 3.97E-13 4.46E-13 4.26E-13 3.60E-13 3.16E-13
 1.00E-74 5.48E-48 1.25E-33 6.27E-23 1.18E-17 1.37E-14 1.22E-13 2.34E-13
 3.12E-13 3.97E-13 4.46E-13 4.26E-13 3.60E-13 3.16E-13
 1.00E-74 5.48E-48 1.25E-33 6.27E-23 1.18E-17 1.37E-14 1.22E-13 2.33E-13
 3.12E-13 3.97E-13 4.46E-13 4.26E-13 3.60E-13 3.16E-13
  1.47768    7  14 /pl=01:ss=63:pb= 1:sz=63/type=excit/ispb = t/isel =   17
 1.00E+10 1.00E+11 1.00E+12 1.00E+13 1.00E+14 1.00E+15 1.00E+16
 7.06E+01 1.06E+02 1.76E+02 3.53E+02 7.06E+02 1.76E+03 3.53E+03 5.29E+03
 7.06E+03 1.06E+04 1.76E+04 3.53E+04 7.06E+04 1.06E+05
 1.00E-74 1.00E-74 1.16E-33 1.79E-23 2.17E-18 2.54E-15 2.68E-14 5.68E-14
 8.08E-14 1.11E-13 1.33E-13 1.37E-13 1.23E-13 1.11E-13
 1.00E-74 1.00E-74 1.16E-33 1.79E-23 2.17E-18 2.54E-15 2.68E-14 5.68E-14
 8.08E-14 1.11E-13 1.33E-13 1.37E-13 1.23E-13 1.11E-13
 1.00E-74 1.00E-74 1.16E-33 1.79E-23 2.17E-18 2.54E-15 2.68E-14 5.68E-14
 8.08E-14 1.11E-13 1.33E-13 1.37E-13 1.23E-13 1.11E-13
 1.00E-74 1.00E-74 1.16E-33 1.79E-23 2.17E-18 2.54E-15 2.68E-14 5.68E-14
 8.08E-14 1.11E-13 1.33E-13 1.37E-13 1.23E-13 1.11E-13
 1.00E-74 2.76E-47 1.16E-33 1.79E-23 2.17E-18 2.54E-15 2.68E-14 5.68E-14
 8.08E-14 1.11E-13 1.33E-13 1.37E-13 1.23E-13 1.11E-13
 1.00E-74 2.55E-47 1.16E-33 1.79E-23 2.17E-18 2.54E-15 2.68E-14 5.68E-14
 8.08E-14 1.11E-13 1.33E-13 1.37E-13 1.23E-13 1.11E-13
 1.00E-74 2.56E-47 1.16E-33 1.79E-23 2.17E-18 2.54E-15 2.68E-14 5.68E-14
 8.08E-14 1.11E-13 1.33E-13 1.37E-13 1.23E-13 1.11E-13
  1.47830    7  14 /pl=01:ss=63:pb= 1:sz=63/type=excit/ispb = t/isel =   18
 1.00E+10 1.00E+11 1.00E+12 1.00E+13 1.00E+14 1.00E+15 1.00E+16
 7.06E+01 1.06E+02 1.76E+02 3.53E+02 7.06E+02 1.76E+03 3.53E+03 5.29E+03
 7.06E+03 1.06E+04 1.76E+04 3.53E+04 7.06E+04 1.06E+05
 1.00E-74 1.00E-74 2.33E-33 3.46E-23 3.57E-18 3.12E-15 2.93E-14 6.07E-14
 8.56E-14 1.17E-13 1.41E-13 1.45E-13 1.30E-13 1.18E-13
 1.00E-74 1.00E-74 2.33E-33 3.46E-23 3.57E-18 3.12E-15 2.93E-14 6.07E-14
 8.56E-14 1.17E-13 1.41E-13 1.45E-13 1.30E-13 1.18E-13
 1.00E-74 1.00E-74 2.33E-33 3.46E-23 3.57E-18 3.12E-15 2.93E-14 6.07E-14
 8.56E-14 1.17E-13 1.41E-13 1.45E-13 1.30E-13 1.18E-13
 1.00E-74 9.05E-47 2.33E-33 3.46E-23 3.57E-18 3.12E-15 2.93E-14 6.07E-14
 8.56E-14 1.17E-13 1.41E-13 1.45E-13 1.30E-13 1.18E-13
 1.00E-74 5.43E-47 2.33E-33 3.46E-23 3.57E-18 3.12E-15 2.93E-14 6.07E-14
 8.56E-14 1.17E-13 1.41E-13 1.45E-13 1.30E-13 1.18E-13
 1.00E-74 5.25E-47 2.33E-33 3.46E-23 3.57E-18 3.12E-15 2.93E-14 6.07E-14
 8.56E-14 1.17E-13 1.41E-13 1.45E-13 1.30E-13 1.18E-13
 1.00E-74 5.23E-47 2.33E-33 3.46E-23 3.57E-18 3.12E-15 2.93E-14 6.07E-14
 8.56E-14 1.17E-13 1.41E-13 1.45E-13 1.30E-13 1.18E-13
  1.48096    7  14 /pl=01:ss=63:pb= 1:sz=63/type=excit/ispb = t/isel =   19
 1.00E+10 1.00E+11 1.00E+12 1.00E+13 1.00E+14 1.00E+15 1.00E+16
 7.06E+01 1.06E+02 1.76E+02 3.53E+02 7.06E+02 1.76E+03 3.53E+03 5.29E+03
 7.06E+03 1.06E+04 1.76E+04 3.53E+04 7.06E+04 1.06E+05
 1.00E-74 1.00E-74 6.08E-34 9.57E-24 1.36E-18 2.05E-15 2.44E-14 5.44E-14
 7.93E-14 1.11E-13 1.38E-13 1.46E-13 1.34E-13 1.23E-13
 1.00E-74 1.00E-74 6.08E-34 9.57E-24 1.36E-18 2.05E-15 2.44E-14 5.44E-14
 7.93E-14 1.11E-13 1.38E-13 1.46E-13 1.34E-13 1.23E-13
 1.00E-74 1.00E-74 6.08E-34 9.57E-24 1.36E-18 2.05E-15 2.44E-14 5.44E-14
 7.93E-14 1.11E-13 1.38E-13 1.46E-13 1.34E-13 1.23E-13
 1.00E-74 1.00E-74 6.08E-34 9.57E-24 1.36E-18 2.05E-15 2.44E-14 5.44E-14
 7.93E-14 1.11E-13 1.38E-13 1.46E-13 1.34E-13 1.23E-13
 1.00E-74 1.26E-47 6.08E-34 9.57E-24 1.36E-18 2.05E-15 2.44E-14 5.44E-14
 7.93E-14 1.11E-13 1.38E-13 1.46E-13 1.34E-13 1.23E-13
 1.00E-74 1.42E-47 6.07E-34 9.57E-24 1.36E-18 2.05E-15 2.44E-14 5.44E-14
 7.93E-14 1.11E-13 1.38E-13 1.46E-13 1.34E-13 1.23E-13
 1.00E-74 1.42E-47 6.07E-34 9.57E-24 1.36E-18 2.05E-15 2.44E-14 5.44E-14
 7.93E-14 1.11E-13 1.38E-13 1.46E-13 1.34E-13 1.23E-13
  1.49699    7  14 /pl=01:ss=63:pb= 1:sz=63/type=excit/ispb = t/isel =   20
 1.00E+10 1.00E+11 1.00E+12 1.00E+13 1.00E+14 1.00E+15 1.00E+16
 7.06E+01 1.06E+02 1.76E+02 3.53E+02 7.06E+02 1.76E+03 3.53E+03 5.29E+03
 7.06E+03 1.06E+04 1.76E+04 3.53E+04 7.06E+04 1.06E+05
 1.00E-74 1.00E-74 1.81E-33 9.11E-23 1.72E-17 1.99E-14 1.77E-13 3.39E-13
 4.54E-13 5.77E-13 6.48E-13 6.20E-13 5.23E-13 4.59E-13
 1.00E-74 1.00E-74 1.81E-33 9.11E-23 1.72E-17 1.99E-14 1.77E-13 3.39E-13
 4.54E-13 5.77E-13 6.48E-13 6.20E-13 5.23E-13 4.59E-13
 1.00E-74 1.00E-74 1.81E-33 9.11E-23 1.72E-17 1.99E-14 1.77E-13 3.39E-13
 4.54E-13 5.77E-13 6.48E-13 6.20E-13 5.23E-13 4.59E-13
 1.00E-74 1.02E-47 1.81E-33 9.11E-23 1.72E-17 1.99E-14 1.77E-13 3.39E-13
 4.54E-13 5.77E-13 6.48E-13 6.20E-13 5.23E-13 4.59E-13
 1.00E-74 8.16E-48 1.81E-33 9.11E-23 1.72E-17 1.99E-14 1.77E-13 3.39E-13
 4.54E-13 5.77E-13 6.48E-13 6.20E-13 5.23E-13 4.59E-13
 1.00E-74 7.96E-48 1.81E-33 9.11E-23 1.72E-17 1.99E-14 1.77E-13 3.39E-13
 4.54E-13 5.77E-13 6.48E-13 6.20E-13 5.23E-13 4.59E-13
 1.00E-74 7.96E-48 1.81E-33 9.11E-23 1.72E-17 1.99E-14 1.77E-13 3.39E-13
 4.54E-13 5.77E-13 6.48E-13 6.20E-13 5.23E-13 4.59E-13
  1.50623    7  14 /pl=01:ss=63:pb= 1:sz=63/type=excit/ispb = t/isel =   21
 1.00E+10 1.00E+11 1.00E+12 1.00E+13 1.00E+14 1.00E+15 1.00E+16
 7.06E+01 1.06E+02 1.76E+02 3.53E+02 7.06E+02 1.76E+03 3.53E+03 5.29E+03
 7.06E+03 1.06E+04 1.76E+04 3.53E+04 7.06E+04 1.06E+05
 1.00E-74 1.00E-74 3.11E-34 1.35E-23 2.39E-18 2.95E-15 3.06E-14 6.44E-14
 9.13E-14 1.24E-13 1.50E-13 1.56E-13 1.43E-13 1.31E-13
 1.00E-74 1.00E-74 3.11E-34 1.35E-23 2.39E-18 2.95E-15 3.06E-14 6.44E-14
 9.13E-14 1.24E-13 1.50E-13 1.56E-13 1.43E-13 1.31E-13
 1.00E-74 1.00E-74 3.11E-34 1.35E-23 2.39E-18 2.95E-15 3.06E-14 6.44E-14
 9.13E-14 1.24E-13 1.50E-13 1.56E-13 1.43E-13 1.31E-13
 1.00E-74 1.36E-48 3.11E-34 1.35E-23 2.39E-18 2.95E-15 3.06E-14 6.44E-14
 9.13E-14 1.24E-13 1.50E-13 1.56E-13 1.43E-13 1.31E-13
 1.00E-74 1.63E-48 3.11E-34 1.35E-23 2.39E-18 2.95E-15 3.06E-14 6.44E-14
 9.13E-14 1.24E-13 1.50E-13 1.56E-13 1.43E-13 1.31E-13
 1.00E-74 1.65E-48 3.11E-34 1.35E-23 2.39E-18 2.95E-15 3.06E-14 6.44E-14
 9.13E-14 1.24E-13 1.50E-13 1.56E-13 1.43E-13 1.31E-13
 1.00E-74 1.65E-48 3.11E-34 1.35E-23 2.39E-18 2.95E-15 3.06E-14 6.44E-14
 9.13E-14 1.24E-13 1.50E-13 1.56E-13 1.43E-13 1.31E-13
  2.24200    7  14 /pl=01:ss=63:pb= 1:sz=63/type=excit/ispb = t/isel =   22
 1.00E+10 1.00E+11 1.00E+12 1.00E+13 1.00E+14 1.00E+15 1.00E+16
 7.06E+01 1.06E+02 1.76E+02 3.53E+02 7.06E+02 1.76E+03 3.53E+03 5.29E+03
 7.06E+03 1.06E+04 1.76E+04 3.53E+04 7.06E+04 1.06E+05
 1.00E-74 8.02E-36 7.49E-27 3.55E-20 6.86E-17 5.50E-15 2.21E-14 3.44E-14
 4.26E-14 5.22E-14 6.04E-14 6.55E-14 6.51E-14 6.29E-14
 1.00E-74 8.02E-36 7.49E-27 3.55E-20 6.86E-17 5.50E-15 2.21E-14 3.44E-14
 4.26E-14 5.22E-14 6.04E-14 6.55E-14 6.51E-14 6.29E-14
 1.00E-74 8.02E-36 7.49E-27 3.55E-20 6.86E-17 5.50E-15 2.21E-14 3.44E-14
 4.26E-14 5.22E-14 6.04E-14 6.55E-14 6.51E-14 6.29E-14
 1.00E-74 8.02E-36 7.49E-27 3.55E-20 6.86E-17 5.50E-15 2.21E-14 3.44E-14
 4.26E-14 5.22E-14 6.04E-14 6.55E-14 6.51E-14 6.29E-14
 1.00E-74 8.02E-36 7.49E-27 3.55E-20 6.86E-17 5.50E-15 2.21E-14 3.44E-14
 4.26E-14 5.22E-14 6.04E-14 6.55E-14 6.51E-14 6.29E-14
 4.60E-47 8.02E-36 7.49E-27 3.55E-20 6.86E-17 5.50E-15 2.21E-14 3.44E-14
 4.26E-14 5.22E-14 6.04E-14 6.55E-14 6.51E-14 6.29E-14
 4.37E-47 8.02E-36 7.49E-27 3.55E-20 6.86E-17 5.50E-15 2.21E-14 3.44E-14
 4.26E-14 5.22E-14 6.04E-14 6.55E-14 6.51E-14 6.29E-14
  2.46818    7  14 /pl=01:ss=63:pb= 1:sz=63/type=excit/ispb = t/isel =   23
 1.00E+10 1.00E+11 1.00E+12 1.00E+13 1.00E+14 1.00E+15 1.00E+16
 7.06E+01 1.06E+02 1.76E+02 3.53E+02 7.06E+02 1.76E+03 3.53E+03 5.29E+03
 7.06E+03 1.06E+04 1.76E+04 3.53E+04 7.06E+04 1.06E+05
 1.00E-74 1.77E-35 1.82E-26 8.97E-20 1.69E-16 1.23E-14 4.36E-14 6.19E-14
 7.11E-14 7.80E-14 7.79E-14 6.84E-14 5.51E-14 4.75E-14
 1.00E-74 1.77E-35 1.82E-26 8.97E-20 1.69E-16 1.23E-14 4.36E-14 6.19E-14
 7.11E-14 7.80E-14 7.79E-14 6.84E-14 5.51E-14 4.75E-14
 1.00E-74 1.77E-35 1.82E-26 8.97E-20 1.69E-16 1.23E-14 4.36E-14 6.19E-14
 7.11E-14 7.80E-14 7.79E-14 6.84E-14 5.51E-14 4.75E-14
 1.00E-74 1.77E-35 1.82E-26 8.97E-20 1.69E-16 1.23E-14 4.36E-14 6.19E-14
 7.11E-14 7.80E-14 7.79E-14 6.84E-14 5.51E-14 4.75E-14
 1.00E-74 1.77E-35 1.82E-26 8.97E-20 1.69E-16 1.23E-14 4.36E-14 6.19E-14
 7.11E-14 7.80E-14 7.79E-14 6.84E-14 5.51E-14 4.75E-14
 9.25E-47 1.77E-35 1.82E-26 8.97E-20 1.69E-16 1.23E-14 4.36E-14 6.19E-14
 7.11E-14 7.80E-14 7.79E-14 6.84E-14 5.51E-14 4.75E-14
 8.79E-47 1.77E-35 1.82E-26 8.97E-20 1.69E-16 1.23E-14 4.36E-14 6.19E-14
 7.11E-14 7.80E-14 7.79E-14 6.84E-14 5.51E-14 4.75E-14
  2.57715    7  14 /pl=01:ss=63:pb= 1:sz=63/type=excit/ispb = t/isel =   24
 1.00E+10 1.00E+11 1.00E+12 1.00E+13 1.00E+14 1.00E+15 1.00E+16
 7.06E+01 1.06E+02 1.76E+02 3.53E+02 7.06E+02 1.76E+03 3.53E+03 5.29E+03
 7.06E+03 1.06E+04 1.76E+04 3.53E+04 7.06E+04 1.06E+05
 3.88E-42 1.87E-32 1.14E-24 7.01E-19 4.98E-16 2.25E-14 7.42E-14 1.08E-13
 1.30E-13 1.54E-13 1.76E-13 1.90E-13 1.90E-13 1.84E-13
 3.11E-42 1.87E-32 1.14E-24 7.01E-19 4.98E-16 2.25E-14 7.42E-14 1.08E-13
 1.30E-13 1.54E-13 1.76E-13 1.90E-13 1.90E-13 1.84E-13
 3.11E-42 1.87E-32 1.14E-24 7.01E-19 4.98E-16 2.25E-14 7.42E-14 1.08E-13
 1.30E-13 1.54E-13 1.76E-13 1.90E-13 1.90E-13 1.84E-13
 3.12E-42 1.87E-32 1.14E-24 7.01E-19 4.98E-16 2.25E-14 7.42E-14 1.08E-13
 1.30E-13 1.54E-13 1.76E-13 1.90E-13 1.90E-13 1.84E-13
 3.12E-42 1.87E-32 1.14E-24 7.01E-19 4.98E-16 2.25E-14 7.42E-14 1.08E-13
 1.30E-13 1.54E-13 1.76E-13 1.90E-13 1.90E-13 1.84E-13
 3.12E-42 1.87E-32 1.14E-24 7.01E-19 4.98E-16 2.25E-14 7.42E-14 1.08E-13
 1.30E-13 1.54E-13 1.76E-13 1.90E-13 1.90E-13 1.84E-13
 3.12E-42 1.87E-32 1.14E-24 7.01E-19 4.98E-16 2.25E-14 7.42E-14 1.08E-13
 1.30E-13 1.54E-13 1.76E-13 1.90E-13 1.90E-13 1.84E-13
  2.61932    7  14 /pl=01:ss=63:pb= 1:sz=63/type=excit/ispb = t/isel =   25
 1.00E+10 1.00E+11 1.00E+12 1.00E+13 1.00E+14 1.00E+15 1.00E+16
 7.06E+01 1.06E+02 1.76E+02 3.53E+02 7.06E+02 1.76E+03 3.53E+03 5.29E+03
 7.06E+03 1.06E+04 1.76E+04 3.53E+04 7.06E+04 1.06E+05
 3.70E-42 2.04E-32 9.32E-25 4.60E-19 2.95E-16 1.27E-14 4.11E-14 5.94E-14
 7.08E-14 8.37E-14 9.47E-14 1.01E-13 1.01E-13 9.72E-14
 4.81E-42 2.04E-32 9.32E-25 4.60E-19 2.95E-16 1.27E-14 4.11E-14 5.94E-14
 7.08E-14 8.37E-14 9.47E-14 1.01E-13 1.01E-13 9.72E-14
 4.88E-42 2.04E-32 9.32E-25 4.60E-19 2.95E-16 1.27E-14 4.11E-14 5.94E-14
 7.08E-14 8.37E-14 9.47E-14 1.01E-13 1.01E-13 9.72E-14
 4.89E-42 2.04E-32 9.32E-25 4.60E-19 2.95E-16 1.27E-14 4.11E-14 5.94E-14
 7.08E-14 8.37E-14 9.47E-14 1.01E-13 1.01E-13 9.72E-14
 4.90E-42 2.04E-32 9.32E-25 4.60E-19 2.95E-16 1.27E-14 4.11E-14 5.94E-14
 7.08E-14 8.37E-14 9.47E-14 1.01E-13 1.01E-13 9.72E-14
 4.90E-42 2.04E-32 9.32E-25 4.60E-19 2.95E-16 1.27E-14 4.11E-14 5.94E-14
 7.08E-14 8.37E-14 9.47E-14 1.01E-13 1.01E-13 9.72E-14
 4.90E-42 2.05E-32 9.32E-25 4.60E-19 2.95E-16 1.27E-14 4.11E-14 5.94E-14
 7.08E-14 8.37E-14 9.47E-14 1.01E-13 1.01E-13 9.72E-14
  2.64847    7  14 /pl=01:ss=63:pb= 1:sz=63/type=excit/ispb = t/isel =   26
 1.00E+10 1.00E+11 1.00E+12 1.00E+13 1.00E+14 1.00E+15 1.00E+16
 7.06E+01 1.06E+02 1.76E+02 3.53E+02 7.06E+02 1.76E+03 3.53E+03 5.29E+03
 7.06E+03 1.06E+04 1.76E+04 3.53E+04 7.06E+04 1.06E+05
 1.00E-74 2.34E-32 1.61E-24 1.05E-18 7.18E-16 2.87E-14 8.34E-14 1.11E-13
 1.24E-13 1.32E-13 1.29E-13 1.12E-13 9.04E-14 7.79E-14
 3.41E-42 2.34E-32 1.61E-24 1.05E-18 7.18E-16 2.87E-14 8.34E-14 1.11E-13
 1.24E-13 1.32E-13 1.29E-13 1.12E-13 9.04E-14 7.79E-14
 3.32E-42 2.34E-32 1.61E-24 1.05E-18 7.18E-16 2.87E-14 8.34E-14 1.11E-13
 1.24E-13 1.32E-13 1.29E-13 1.12E-13 9.04E-14 7.79E-14
 3.33E-42 2.34E-32 1.61E-24 1.05E-18 7.18E-16 2.87E-14 8.34E-14 1.11E-13
 1.24E-13 1.32E-13 1.29E-13 1.12E-13 9.04E-14 7.79E-14
 3.33E-42 2.34E-32 1.61E-24 1.05E-18 7.18E-16 2.87E-14 8.34E-14 1.11E-13
 1.24E-13 1.32E-13 1.29E-13 1.12E-13 9.04E-14 7.79E-14
 3.33E-42 2.34E-32 1.61E-24 1.05E-18 7.18E-16 2.87E-14 8.34E-14 1.11E-13
 1.24E-13 1.32E-13 1.29E-13 1.12E-13 9.04E-14 7.79E-14
 3.33E-42 2.34E-32 1.61E-24 1.05E-18 7.18E-16 2.87E-14 8.34E-14 1.11E-13
 1.24E-13 1.32E-13 1.29E-13 1.12E-13 9.05E-14 7.79E-14
  2.73291    7  14 /pl=01:ss=63:pb= 1:sz=63/type=excit/ispb = t/isel =   27
 1.00E+10 1.00E+11 1.00E+12 1.00E+13 1.00E+14 1.00E+15 1.00E+16
 7.06E+01 1.06E+02 1.76E+02 3.53E+02 7.06E+02 1.76E+03 3.53E+03 5.29E+03
 7.06E+03 1.06E+04 1.76E+04 3.53E+04 7.06E+04 1.06E+05
 1.54E-41 5.60E-32 2.23E-24 9.61E-19 5.39E-16 1.92E-14 5.40E-14 7.14E-14
 7.93E-14 8.46E-14 8.28E-14 7.22E-14 5.86E-14 5.09E-14
 1.57E-41 5.60E-32 2.23E-24 9.61E-19 5.39E-16 1.92E-14 5.40E-14 7.14E-14
 7.93E-14 8.46E-14 8.28E-14 7.22E-14 5.86E-14 5.09E-14
 1.58E-41 5.60E-32 2.23E-24 9.61E-19 5.39E-16 1.92E-14 5.40E-14 7.14E-14
 7.93E-14 8.46E-14 8.28E-14 7.22E-14 5.86E-14 5.09E-14
 1.58E-41 5.60E-32 2.23E-24 9.61E-19 5.39E-16 1.92E-14 5.40E-14 7.14E-14
 7.93E-14 8.46E-14 8.28E-14 7.22E-14 5.86E-14 5.09E-14
 1.58E-41 5.60E-32 2.23E-24 9.61E-19 5.39E-16 1.92E-14 5.40E-14 7.14E-14
 7.93E-14 8.46E-14 8.28E-14 7.22E-14 5.86E-14 5.09E-14
 1.58E-41 5.60E-32 2.23E-24 9.61E-19 5.39E-16 1.92E-14 5.40E-14 7.14E-14
 7.93E-14 8.46E-14 8.28E-14 7.22E-14 5.86E-14 5.09E-14
 1.58E-41 5.60E-32 2.23E-24 9.61E-19 5.39E-16 1.92E-14 5.40E-14 7.14E-14
 7.93E-14 8.46E-14 8.28E-14 7.22E-14 5.86E-14 5.09E-14
  2.86554    7  14 /pl=01:ss=63:pb= 1:sz=63/type=excit/ispb = t/isel =   28
 1.00E+10 1.00E+11 1.00E+12 1.00E+13 1.00E+14 1.00E+15 1.00E+16
 7.06E+01 1.06E+02 1.76E+02 3.53E+02 7.06E+02 1.76E+03 3.53E+03 5.29E+03
 7.06E+03 1.06E+04 1.76E+04 3.53E+04 7.06E+04 1.06E+05
 8.06E-42 3.42E-32 2.52E-24 1.74E-18 1.22E-15 4.95E-14 1.44E-13 1.93E-13
 2.15E-13 2.31E-13 2.26E-13 1.97E-13 1.58E-13 1.36E-13
 4.83E-42 3.42E-32 2.52E-24 1.74E-18 1.22E-15 4.95E-14 1.44E-13 1.93E-13
 2.15E-13 2.31E-13 2.26E-13 1.97E-13 1.58E-13 1.36E-13
 4.43E-42 3.42E-32 2.52E-24 1.74E-18 1.22E-15 4.95E-14 1.44E-13 1.93E-13
 2.15E-13 2.31E-13 2.26E-13 1.97E-13 1.58E-13 1.36E-13
 4.45E-42 3.42E-32 2.52E-24 1.74E-18 1.22E-15 4.95E-14 1.44E-13 1.93E-13
 2.15E-13 2.31E-13 2.26E-13 1.97E-13 1.58E-13 1.36E-13
 4.45E-42 3.42E-32 2.52E-24 1.74E-18 1.22E-15 4.95E-14 1.44E-13 1.93E-13
 2.15E-13 2.31E-13 2.26E-13 1.97E-13 1.58E-13 1.36E-13
 4.45E-42 3.42E-32 2.52E-24 1.74E-18 1.22E-15 4.95E-14 1.44E-13 1.93E-13
 2.15E-13 2.31E-13 2.26E-13 1.97E-13 1.58E-13 1.36E-13
 4.45E-42 3.42E-32 2.52E-24 1.74E-18 1.22E-15 4.95E-14 1.44E-13 1.93E-13
 2.15E-13 2.31E-13 2.26E-13 1.97E-13 1.58E-13 1.36E-13
  2.97793    7  14 /pl=01:ss=63:pb= 1:sz=63/type=excit/ispb = t/isel =   29
 1.00E+10 1.00E+11 1.00E+12 1.00E+13 1.00E+14 1.00E+15 1.00E+16
 7.06E+01 1.06E+02 1.76E+02 3.53E+02 7.06E+02 1.76E+03 3.53E+03 5.29E+03
 7.06E+03 1.06E+04 1.76E+04 3.53E+04 7.06E+04 1.06E+05
 2.38E-41 8.67E-32 3.46E-24 1.49E-18 8.35E-16 2.98E-14 8.37E-14 1.11E-13
 1.23E-13 1.31E-13 1.28E-13 1.12E-13 9.09E-14 7.88E-14
 2.44E-41 8.67E-32 3.46E-24 1.49E-18 8.35E-16 2.98E-14 8.37E-14 1.11E-13
 1.23E-13 1.31E-13 1.28E-13 1.12E-13 9.09E-14 7.88E-14
 2.44E-41 8.67E-32 3.46E-24 1.49E-18 8.35E-16 2.98E-14 8.37E-14 1.11E-13
 1.23E-13 1.31E-13 1.28E-13 1.12E-13 9.09E-14 7.88E-14
 2.44E-41 8.67E-32 3.46E-24 1.49E-18 8.35E-16 2.98E-14 8.37E-14 1.11E-13
 1.23E-13 1.31E-13 1.28E-13 1.12E-13 9.09E-14 7.88E-14
 2.44E-41 8.67E-32 3.46E-24 1.49E-18 8.35E-16 2.98E-14 8.37E-14 1.11E-13
 1.23E-13 1.31E-13 1.28E-13 1.12E-13 9.09E-14 7.88E-14
 2.44E-41 8.67E-32 3.46E-24 1.49E-18 8.35E-16 2.98E-14 8.37E-14 1.11E-13
 1.23E-13 1.31E-13 1.28E-13 1.12E-13 9.09E-14 7.88E-14
 2.44E-41 8.67E-32 3.46E-24 1.49E-18 8.35E-16 2.98E-14 8.37E-14 1.11E-13
 1.23E-13 1.31E-13 1.28E-13 1.12E-13 9.09E-14 7.88E-14
  3.56968    7  14 /pl=01:ss=63:pb= 1:sz=63/type=excit/ispb = t/isel =   30
 1.00E+10 1.00E+11 1.00E+12 1.00E+13 1.00E+14 1.00E+15 1.00E+16
 7.06E+01 1.06E+02 1.76E+02 3.53E+02 7.06E+02 1.76E+03 3.53E+03 5.29E+03
 7.06E+03 1.06E+04 1.76E+04 3.53E+04 7.06E+04 1.06E+05
 2.51E-33 2.71E-26 1.06E-20 1.43E-16 1.51E-14 2.31E-13 5.57E-13 7.42E-13
 8.59E-13 9.95E-13 1.12E-12 1.22E-12 1.22E-12 1.19E-12
 2.51E-33 2.71E-26 1.06E-20 1.43E-16 1.51E-14 2.31E-13 5.57E-13 7.42E-13
 8.59E-13 9.95E-13 1.12E-12 1.22E-12 1.22E-12 1.19E-12
 2.51E-33 2.71E-26 1.06E-20 1.43E-16 1.51E-14 2.31E-13 5.57E-13 7.42E-13
 8.59E-13 9.95E-13 1.12E-12 1.22E-12 1.22E-12 1.19E-12
 2.51E-33 2.71E-26 1.06E-20 1.43E-16 1.51E-14 2.31E-13 5.57E-13 7.42E-13
 8.59E-13 9.95E-13 1.12E-12 1.22E-12 1.22E-12 1.19E-12
 2.51E-33 2.71E-26 1.06E-20 1.43E-16 1.51E-14 2.31E-13 5.57E-13 7.42E-13
 8.59E-13 9.95E-13 1.12E-12 1.22E-12 1.22E-12 1.19E-12
 2.51E-33 2.71E-26 1.06E-20 1.43E-16 1.51E-14 2.31E-13 5.57E-13 7.42E-13
 8.59E-13 9.95E-13 1.12E-12 1.22E-12 1.22E-12 1.19E-12
 2.51E-33 2.71E-26 1.06E-20 1.43E-16 1.51E-14 2.31E-13 5.57E-13 7.42E-13
 8.59E-13 9.95E-13 1.12E-12 1.22E-12 1.22E-12 1.19E-12
  3.66936    7  14 /pl=01:ss=63:pb= 1:sz=63/type=excit/ispb = t/isel =   31
 1.00E+10 1.00E+11 1.00E+12 1.00E+13 1.00E+14 1.00E+15 1.00E+16
 7.06E+01 1.06E+02 1.76E+02 3.53E+02 7.06E+02 1.76E+03 3.53E+03 5.29E+03
 7.06E+03 1.06E+04 1.76E+04 3.53E+04 7.06E+04 1.06E+05
 1.66E-33 2.50E-26 1.25E-20 2.04E-16 2.21E-14 2.97E-13 6.10E-13 7.30E-13
 7.77E-13 7.92E-13 7.54E-13 6.45E-13 5.17E-13 4.46E-13
 1.66E-33 2.50E-26 1.25E-20 2.04E-16 2.21E-14 2.97E-13 6.10E-13 7.30E-13
 7.77E-13 7.92E-13 7.54E-13 6.45E-13 5.17E-13 4.46E-13
 1.66E-33 2.50E-26 1.25E-20 2.04E-16 2.21E-14 2.97E-13 6.10E-13 7.30E-13
 7.77E-13 7.92E-13 7.54E-13 6.45E-13 5.17E-13 4.46E-13
 1.66E-33 2.50E-26 1.25E-20 2.04E-16 2.21E-14 2.97E-13 6.10E-13 7.30E-13
 7.77E-13 7.92E-13 7.54E-13 6.45E-13 5.17E-13 4.46E-13
 1.66E-33 2.50E-26 1.25E-20 2.04E-16 2.21E-14 2.97E-13 6.10E-13 7.30E-13
 7.77E-13 7.92E-13 7.54E-13 6.45E-13 5.17E-13 4.46E-13
 1.66E-33 2.50E-26 1.25E-20 2.04E-16 2.21E-14 2.97E-13 6.10E-13 7.30E-13
 7.77E-13 7.92E-13 7.54E-13 6.45E-13 5.17E-13 4.46E-13
 1.66E-33 2.50E-26 1.25E-20 2.04E-16 2.21E-14 2.97E-13 6.10E-13 7.30E-13
 7.77E-13 7.92E-13 7.54E-13 6.45E-13 5.17E-13 4.46E-13
  3.73490    7  14 /pl=01:ss=63:pb= 1:sz=63/type=excit/ispb = t/isel =   32
 1.00E+10 1.00E+11 1.00E+12 1.00E+13 1.00E+14 1.00E+15 1.00E+16
 7.06E+01 1.06E+02 1.76E+02 3.53E+02 7.06E+02 1.76E+03 3.53E+03 5.29E+03
 7.06E+03 1.06E+04 1.76E+04 3.53E+04 7.06E+04 1.06E+05
 1.16E-32 6.12E-26 1.33E-20 1.17E-16 9.93E-15 1.36E-13 3.18E-13 4.19E-13
 4.80E-13 5.52E-13 6.15E-13 6.55E-13 6.50E-13 6.28E-13
 1.16E-32 6.12E-26 1.33E-20 1.17E-16 9.93E-15 1.36E-13 3.18E-13 4.19E-13
 4.80E-13 5.52E-13 6.15E-13 6.55E-13 6.50E-13 6.28E-13
 1.16E-32 6.12E-26 1.33E-20 1.17E-16 9.93E-15 1.36E-13 3.18E-13 4.19E-13
 4.80E-13 5.52E-13 6.15E-13 6.55E-13 6.50E-13 6.28E-13
 1.16E-32 6.12E-26 1.33E-20 1.17E-16 9.93E-15 1.36E-13 3.18E-13 4.19E-13
 4.80E-13 5.52E-13 6.15E-13 6.55E-13 6.50E-13 6.28E-13
 1.16E-32 6.12E-26 1.33E-20 1.17E-16 9.93E-15 1.36E-13 3.18E-13 4.19E-13
 4.80E-13 5.52E-13 6.15E-13 6.55E-13 6.50E-13 6.28E-13
 1.16E-32 6.12E-26 1.33E-20 1.17E-16 9.93E-15 1.36E-13 3.18E-13 4.19E-13
 4.80E-13 5.52E-13 6.15E-13 6.55E-13 6.50E-13 6.28E-13
 1.17E-32 6.13E-26 1.33E-20 1.17E-16 9.93E-15 1.36E-13 3.18E-13 4.19E-13
 4.80E-13 5.52E-13 6.15E-13 6.55E-13 6.50E-13 6.28E-13
  4.01301    7  14 /pl=01:ss=63:pb= 1:sz=63/type=excit/ispb = t/isel =   33
 1.00E+10 1.00E+11 1.00E+12 1.00E+13 1.00E+14 1.00E+15 1.00E+16
 7.06E+01 1.06E+02 1.76E+02 3.53E+02 7.06E+02 1.76E+03 3.53E+03 5.29E+03
 7.06E+03 1.06E+04 1.76E+04 3.53E+04 7.06E+04 1.06E+05
 1.14E-31 4.36E-25 7.36E-20 5.26E-16 3.78E-14 3.97E-13 7.51E-13 8.73E-13
 9.15E-13 9.17E-13 8.60E-13 7.27E-13 5.81E-13 5.02E-13
 1.14E-31 4.36E-25 7.36E-20 5.26E-16 3.78E-14 3.97E-13 7.51E-13 8.73E-13
 9.15E-13 9.17E-13 8.60E-13 7.27E-13 5.81E-13 5.02E-13
 1.14E-31 4.36E-25 7.36E-20 5.26E-16 3.78E-14 3.97E-13 7.51E-13 8.73E-13
 9.15E-13 9.17E-13 8.60E-13 7.27E-13 5.81E-13 5.02E-13
 1.14E-31 4.36E-25 7.36E-20 5.26E-16 3.78E-14 3.97E-13 7.51E-13 8.73E-13
 9.15E-13 9.17E-13 8.60E-13 7.27E-13 5.81E-13 5.02E-13
 1.14E-31 4.36E-25 7.36E-20 5.26E-16 3.78E-14 3.97E-13 7.51E-13 8.73E-13
 9.15E-13 9.17E-13 8.60E-13 7.27E-13 5.81E-13 5.02E-13
 1.14E-31 4.36E-25 7.36E-20 5.26E-16 3.78E-14 3.97E-13 7.51E-13 8.73E-13
 9.15E-13 9.17E-13 8.60E-13 7.27E-13 5.81E-13 5.02E-13
 1.14E-31 4.36E-25 7.36E-20 5.26E-16 3.78E-14 3.97E-13 7.51E-13 8.73E-13
 9.15E-13 9.17E-13 8.60E-13 7.27E-13 5.81E-13 5.02E-13
  4.07577    7  14 /pl=01:ss=63:pb= 1:sz=63/type=excit/ispb = t/isel =   34
 1.00E+10 1.00E+11 1.00E+12 1.00E+13 1.00E+14 1.00E+15 1.00E+16
 7.06E+01 1.06E+02 1.76E+02 3.53E+02 7.06E+02 1.76E+03 3.53E+03 5.29E+03
 7.06E+03 1.06E+04 1.76E+04 3.53E+04 7.06E+04 1.06E+05
 1.69E-33 3.02E-26 1.74E-20 3.13E-16 3.57E-14 4.95E-13 1.03E-12 1.23E-12
 1.31E-12 1.34E-12 1.28E-12 1.10E-12 8.81E-13 7.60E-13
 1.69E-33 3.02E-26 1.74E-20 3.13E-16 3.57E-14 4.95E-13 1.03E-12 1.23E-12
 1.31E-12 1.34E-12 1.28E-12 1.10E-12 8.81E-13 7.60E-13
 1.69E-33 3.02E-26 1.74E-20 3.13E-16 3.57E-14 4.95E-13 1.03E-12 1.23E-12
 1.31E-12 1.34E-12 1.28E-12 1.10E-12 8.81E-13 7.60E-13
 1.69E-33 3.02E-26 1.74E-20 3.13E-16 3.57E-14 4.95E-13 1.03E-12 1.23E-12
 1.31E-12 1.34E-12 1.28E-12 1.10E-12 8.81E-13 7.60E-13
 1.69E-33 3.02E-26 1.74E-20 3.13E-16 3.57E-14 4.95E-13 1.03E-12 1.23E-12
 1.31E-12 1.34E-12 1.28E-12 1.10E-12 8.81E-13 7.60E-13
 1.69E-33 3.02E-26 1.74E-20 3.13E-16 3.57E-14 4.95E-13 1.03E-12 1.23E-12
 1.31E-12 1.34E-12 1.28E-12 1.10E-12 8.81E-13 7.60E-13
 1.69E-33 3.02E-26 1.74E-20 3.13E-16 3.57E-14 4.95E-13 1.03E-12 1.23E-12
 1.31E-12 1.34E-12 1.28E-12 1.10E-12 8.81E-13 7.60E-13
  4.12506    7  14 /pl=01:ss=63:pb= 1:sz=63/type=excit/ispb = t/isel =   35
 1.00E+10 1.00E+11 1.00E+12 1.00E+13 1.00E+14 1.00E+15 1.00E+16
 7.06E+01 1.06E+02 1.76E+02 3.53E+02 7.06E+02 1.76E+03 3.53E+03 5.29E+03
 7.06E+03 1.06E+04 1.76E+04 3.53E+04 7.06E+04 1.06E+05
 2.34E-34 3.51E-27 1.76E-21 2.87E-17 3.10E-15 4.18E-14 8.58E-14 1.03E-13
 1.09E-13 1.11E-13 1.06E-13 9.07E-14 7.27E-14 6.27E-14
 2.34E-34 3.51E-27 1.76E-21 2.87E-17 3.10E-15 4.18E-14 8.58E-14 1.03E-13
 1.09E-13 1.11E-13 1.06E-13 9.07E-14 7.27E-14 6.27E-14
 2.34E-34 3.51E-27 1.76E-21 2.87E-17 3.10E-15 4.18E-14 8.58E-14 1.03E-13
 1.09E-13 1.11E-13 1.06E-13 9.07E-14 7.27E-14 6.27E-14
 2.34E-34 3.51E-27 1.76E-21 2.87E-17 3.10E-15 4.18E-14 8.58E-14 1.03E-13
 1.09E-13 1.11E-13 1.06E-13 9.07E-14 7.27E-14 6.27E-14
 2.34E-34 3.51E-27 1.76E-21 2.87E-17 3.10E-15 4.18E-14 8.58E-14 1.03E-13
 1.09E-13 1.11E-13 1.06E-13 9.07E-14 7.27E-14 6.27E-14
 2.34E-34 3.51E-27 1.76E-21 2.87E-17 3.10E-15 4.18E-14 8.58E-14 1.03E-13
 1.09E-13 1.11E-13 1.06E-13 9.07E-14 7.27E-14 6.27E-14
 2.34E-34 3.51E-27 1.76E-21 2.87E-17 3.10E-15 4.18E-14 8.58E-14 1.03E-13
 1.09E-13 1.11E-13 1.06E-13 9.07E-14 7.27E-14 6.27E-14
  4.36555    7  14 /pl=01:ss=63:pb= 1:sz=63/type=excit/ispb = t/isel =   36
 1.00E+10 1.00E+11 1.00E+12 1.00E+13 1.00E+14 1.00E+15 1.00E+16
 7.06E+01 1.06E+02 1.76E+02 3.53E+02 7.06E+02 1.76E+03 3.53E+03 5.29E+03
 7.06E+03 1.06E+04 1.76E+04 3.53E+04 7.06E+04 1.06E+05
 1.00E-74 1.00E-74 1.00E-74 1.91E-27 2.86E-20 4.52E-16 9.48E-15 2.42E-14
 3.74E-14 5.49E-14 6.99E-14 7.46E-14 6.74E-14 6.06E-14
 1.00E-74 1.00E-74 5.18E-42 1.91E-27 2.86E-20 4.52E-16 9.48E-15 2.42E-14
 3.74E-14 5.49E-14 6.99E-14 7.46E-14 6.74E-14 6.06E-14
 1.00E-74 1.00E-74 5.96E-42 1.91E-27 2.86E-20 4.52E-16 9.48E-15 2.42E-14
 3.74E-14 5.49E-14 6.99E-14 7.46E-14 6.74E-14 6.06E-14
 1.00E-74 1.00E-74 6.09E-42 1.91E-27 2.86E-20 4.52E-16 9.48E-15 2.42E-14
 3.74E-14 5.49E-14 6.99E-14 7.46E-14 6.74E-14 6.06E-14
 1.00E-74 1.00E-74 6.09E-42 1.91E-27 2.86E-20 4.52E-16 9.48E-15 2.42E-14
 3.74E-14 5.49E-14 6.99E-14 7.46E-14 6.74E-14 6.06E-14
 1.00E-74 1.00E-74 6.09E-42 1.91E-27 2.86E-20 4.52E-16 9.48E-15 2.42E-14
 3.74E-14 5.49E-14 6.99E-14 7.46E-14 6.74E-14 6.06E-14
 1.00E-74 1.00E-74 6.09E-42 1.91E-27 2.86E-20 4.52E-16 9.48E-15 2.42E-14
 3.74E-14 5.49E-14 6.99E-14 7.46E-14 6.74E-14 6.06E-14
  4.56447    7  14 /pl=01:ss=63:pb= 1:sz=63/type=excit/ispb = t/isel =   37
 1.00E+10 1.00E+11 1.00E+12 1.00E+13 1.00E+14 1.00E+15 1.00E+16
 7.06E+01 1.06E+02 1.76E+02 3.53E+02 7.06E+02 1.76E+03 3.53E+03 5.29E+03
 7.06E+03 1.06E+04 1.76E+04 3.53E+04 7.06E+04 1.06E+05
 1.55E-31 5.93E-25 9.99E-20 7.15E-16 5.14E-14 5.40E-13 1.02E-12 1.19E-12
 1.24E-12 1.25E-12 1.17E-12 9.87E-13 7.90E-13 6.82E-13
 1.55E-31 5.93E-25 9.99E-20 7.15E-16 5.14E-14 5.40E-13 1.02E-12 1.19E-12
 1.24E-12 1.25E-12 1.17E-12 9.87E-13 7.90E-13 6.82E-13
 1.55E-31 5.93E-25 9.99E-20 7.15E-16 5.14E-14 5.40E-13 1.02E-12 1.19E-12
 1.24E-12 1.25E-12 1.17E-12 9.87E-13 7.90E-13 6.82E-13
 1.55E-31 5.93E-25 9.99E-20 7.15E-16 5.14E-14 5.40E-13 1.02E-12 1.19E-12
 1.24E-12 1.25E-12 1.17E-12 9.87E-13 7.90E-13 6.82E-13
 1.55E-31 5.93E-25 9.99E-20 7.15E-16 5.14E-14 5.40E-13 1.02E-12 1.19E-12
 1.24E-12 1.25E-12 1.17E-12 9.87E-13 7.90E-13 6.82E-13
 1.55E-31 5.93E-25 9.99E-20 7.15E-16 5.14E-14 5.40E-13 1.02E-12 1.19E-12
 1.24E-12 1.25E-12 1.17E-12 9.87E-13 7.90E-13 6.82E-13
 1.55E-31 5.93E-25 9.99E-20 7.15E-16 5.14E-14 5.40E-13 1.02E-12 1.19E-12
 1.24E-12 1.25E-12 1.17E-12 9.87E-13 7.90E-13 6.82E-13
  4.60717    7  14 /pl=01:ss=63:pb= 1:sz=63/type=excit/ispb = t/isel =   38
 1.00E+10 1.00E+11 1.00E+12 1.00E+13 1.00E+14 1.00E+15 1.00E+16
 7.06E+01 1.06E+02 1.76E+02 3.53E+02 7.06E+02 1.76E+03 3.53E+03 5.29E+03
 7.06E+03 1.06E+04 1.76E+04 3.53E+04 7.06E+04 1.06E+05
 1.00E-74 1.00E-74 3.08E-41 6.40E-27 7.77E-20 1.09E-15 2.20E-14 5.53E-14
 8.38E-14 1.21E-13 1.50E-13 1.52E-13 1.32E-13 1.17E-13
 1.00E-74 1.00E-74 3.12E-41 6.40E-27 7.77E-20 1.09E-15 2.20E-14 5.53E-14
 8.38E-14 1.21E-13 1.50E-13 1.52E-13 1.32E-13 1.17E-13
 1.00E-74 1.00E-74 3.11E-41 6.40E-27 7.77E-20 1.09E-15 2.20E-14 5.53E-14
 8.38E-14 1.21E-13 1.50E-13 1.52E-13 1.32E-13 1.17E-13
 1.00E-74 1.00E-74 3.11E-41 6.40E-27 7.77E-20 1.09E-15 2.20E-14 5.53E-14
 8.38E-14 1.21E-13 1.50E-13 1.52E-13 1.32E-13 1.17E-13
 1.00E-74 1.00E-74 3.11E-41 6.40E-27 7.77E-20 1.09E-15 2.20E-14 5.53E-14
 8.38E-14 1.21E-13 1.50E-13 1.52E-13 1.32E-13 1.17E-13
 1.00E-74 1.00E-74 3.11E-41 6.40E-27 7.77E-20 1.09E-15 2.20E-14 5.53E-14
 8.38E-14 1.21E-13 1.50E-13 1.52E-13 1.32E-13 1.17E-13
 1.00E-74 1.00E-74 3.11E-41 6.40E-27 7.77E-20 1.09E-15 2.20E-14 5.53E-14
 8.37E-14 1.21E-13 1.50E-13 1.52E-13 1.32E-13 1.17E-13
  4.64407    7  14 /pl=01:ss=63:pb= 1:sz=63/type=excit/ispb = t/isel =   39
 1.00E+10 1.00E+11 1.00E+12 1.00E+13 1.00E+14 1.00E+15 1.00E+16
 7.06E+01 1.06E+02 1.76E+02 3.53E+02 7.06E+02 1.76E+03 3.53E+03 5.29E+03
 7.06E+03 1.06E+04 1.76E+04 3.53E+04 7.06E+04 1.06E+05
 5.94E-34 6.43E-27 2.50E-21 3.40E-17 3.57E-15 5.47E-14 1.32E-13 1.76E-13
 2.03E-13 2.36E-13 2.66E-13 2.88E-13 2.89E-13 2.83E-13
 5.94E-34 6.43E-27 2.50E-21 3.40E-17 3.57E-15 5.47E-14 1.32E-13 1.76E-13
 2.03E-13 2.36E-13 2.66E-13 2.88E-13 2.89E-13 2.83E-13
 5.94E-34 6.43E-27 2.50E-21 3.40E-17 3.57E-15 5.47E-14 1.32E-13 1.76E-13
 2.03E-13 2.36E-13 2.66E-13 2.88E-13 2.89E-13 2.83E-13
 5.94E-34 6.43E-27 2.50E-21 3.40E-17 3.57E-15 5.47E-14 1.32E-13 1.76E-13
 2.03E-13 2.36E-13 2.66E-13 2.88E-13 2.89E-13 2.83E-13
 5.94E-34 6.43E-27 2.50E-21 3.40E-17 3.57E-15 5.47E-14 1.32E-13 1.76E-13
 2.03E-13 2.36E-13 2.66E-13 2.88E-13 2.89E-13 2.83E-13
 5.94E-34 6.43E-27 2.50E-21 3.40E-17 3.57E-15 5.47E-14 1.32E-13 1.76E-13
 2.03E-13 2.36E-13 2.66E-13 2.88E-13 2.89E-13 2.83E-13
 5.94E-34 6.43E-27 2.50E-21 3.40E-17 3.57E-15 5.47E-14 1.32E-13 1.76E-13
 2.03E-13 2.36E-13 2.66E-13 2.88E-13 2.89E-13 2.83E-13
  4.71587    7  14 /pl=01:ss=63:pb= 1:sz=63/type=excit/ispb = t/isel =   40
 1.00E+10 1.00E+11 1.00E+12 1.00E+13 1.00E+14 1.00E+15 1.00E+16
 7.06E+01 1.06E+02 1.76E+02 3.53E+02 7.06E+02 1.76E+03 3.53E+03 5.29E+03
 7.06E+03 1.06E+04 1.76E+04 3.53E+04 7.06E+04 1.06E+05
 1.00E-74 1.00E-74 1.00E-74 8.46E-29 5.89E-21 2.39E-16 6.89E-15 1.95E-14
 3.16E-14 4.86E-14 6.31E-14 6.72E-14 5.99E-14 5.35E-14
 1.00E-74 1.00E-74 1.00E-74 8.46E-29 5.89E-21 2.39E-16 6.89E-15 1.95E-14
 3.16E-14 4.86E-14 6.31E-14 6.72E-14 5.99E-14 5.35E-14
 1.00E-74 1.00E-74 1.07E-44 8.46E-29 5.89E-21 2.39E-16 6.89E-15 1.95E-14
 3.16E-14 4.86E-14 6.31E-14 6.72E-14 5.99E-14 5.35E-14
 1.00E-74 1.00E-74 1.28E-44 8.46E-29 5.89E-21 2.39E-16 6.89E-15 1.95E-14
 3.16E-14 4.86E-14 6.31E-14 6.72E-14 5.99E-14 5.35E-14
 1.00E-74 1.00E-74 1.26E-44 8.46E-29 5.89E-21 2.39E-16 6.89E-15 1.95E-14
 3.16E-14 4.86E-14 6.31E-14 6.72E-14 5.99E-14 5.35E-14
 1.00E-74 1.00E-74 1.25E-44 8.46E-29 5.89E-21 2.39E-16 6.89E-15 1.95E-14
 3.16E-14 4.86E-14 6.31E-14 6.72E-14 5.99E-14 5.35E-14
 1.00E-74 1.00E-74 1.25E-44 8.46E-29 5.88E-21 2.39E-16 6.89E-15 1.95E-14
 3.16E-14 4.86E-14 6.31E-14 6.72E-14 5.99E-14 5.35E-14
  4.76608    7  14 /pl=01:ss=63:pb= 1:sz=63/type=excit/ispb = t/isel =   41
 1.00E+10 1.00E+11 1.00E+12 1.00E+13 1.00E+14 1.00E+15 1.00E+16
 7.06E+01 1.06E+02 1.76E+02 3.53E+02 7.06E+02 1.76E+03 3.53E+03 5.29E+03
 7.06E+03 1.06E+04 1.76E+04 3.53E+04 7.06E+04 1.06E+05
 3.24E-33 1.70E-26 3.71E-21 3.26E-17 2.76E-15 3.78E-14 8.85E-14 1.17E-13
 1.33E-13 1.54E-13 1.71E-13 1.82E-13 1.81E-13 1.75E-13
 3.24E-33 1.70E-26 3.71E-21 3.26E-17 2.76E-15 3.78E-14 8.85E-14 1.17E-13
 1.33E-13 1.54E-13 1.71E-13 1.82E-13 1.81E-13 1.75E-13
 3.24E-33 1.70E-26 3.71E-21 3.26E-17 2.76E-15 3.78E-14 8.85E-14 1.17E-13
 1.33E-13 1.54E-13 1.71E-13 1.82E-13 1.81E-13 1.75E-13
 3.24E-33 1.70E-26 3.71E-21 3.26E-17 2.76E-15 3.78E-14 8.85E-14 1.17E-13
 1.33E-13 1.54E-13 1.71E-13 1.82E-13 1.81E-13 1.75E-13
 3.24E-33 1.70E-26 3.71E-21 3.26E-17 2.76E-15 3.78E-14 8.85E-14 1.17E-13
 1.33E-13 1.54E-13 1.71E-13 1.82E-13 1.81E-13 1.75E-13
 3.24E-33 1.70E-26 3.71E-21 3.26E-17 2.76E-15 3.78E-14 8.85E-14 1.17E-13
 1.33E-13 1.54E-13 1.71E-13 1.82E-13 1.81E-13 1.75E-13
 3.24E-33 1.70E-26 3.71E-21 3.26E-17 2.76E-15 3.78E-14 8.85E-14 1.17E-13
 1.33E-13 1.54E-13 1.71E-13 1.82E-13 1.81E-13 1.75E-13
  7.95853    7  14 /pl=01:ss=63:pb= 1:sz=63/type=excit/ispb = t/isel =   42
 1.00E+10 1.00E+11 1.00E+12 1.00E+13 1.00E+14 1.00E+15 1.00E+16
 7.06E+01 1.06E+02 1.76E+02 3.53E+02 7.06E+02 1.76E+03 3.53E+03 5.29E+03
 7.06E+03 1.06E+04 1.76E+04 3.53E+04 7.06E+04 1.06E+05
 1.47E-42 7.10E-33 4.33E-25 2.66E-19 1.89E-16 8.54E-15 2.81E-14 4.10E-14
 4.91E-14 5.85E-14 6.66E-14 7.21E-14 7.20E-14 6.98E-14
 1.18E-42 7.10E-33 4.33E-25 2.66E-19 1.89E-16 8.54E-15 2.81E-14 4.10E-14
 4.91E-14 5.85E-14 6.66E-14 7.21E-14 7.20E-14 6.98E-14
 1.18E-42 7.10E-33 4.33E-25 2.66E-19 1.89E-16 8.54E-15 2.81E-14 4.10E-14
 4.91E-14 5.85E-14 6.66E-14 7.21E-14 7.20E-14 6.98E-14
 1.18E-42 7.10E-33 4.33E-25 2.66E-19 1.89E-16 8.54E-15 2.81E-14 4.10E-14
 4.91E-14 5.85E-14 6.66E-14 7.21E-14 7.20E-14 6.98E-14
 1.18E-42 7.10E-33 4.33E-25 2.66E-19 1.89E-16 8.54E-15 2.81E-14 4.10E-14
 4.91E-14 5.85E-14 6.66E-14 7.21E-14 7.20E-14 6.98E-14
 1.18E-42 7.10E-33 4.33E-25 2.66E-19 1.89E-16 8.54E-15 2.81E-14 4.10E-14
 4.91E-14 5.85E-14 6.66E-14 7.21E-14 7.20E-14 6.98E-14
 1.18E-42 7.10E-33 4.33E-25 2.66E-19 1.89E-16 8.54E-15 2.81E-14 4.10E-14
 4.91E-14 5.85E-14 6.66E-14 7.21E-14 7.20E-14 6.98E-14
  8.76675    7  14 /pl=01:ss=63:pb= 1:sz=63/type=excit/ispb = t/isel =   43
 1.00E+10 1.00E+11 1.00E+12 1.00E+13 1.00E+14 1.00E+15 1.00E+16
 7.06E+01 1.06E+02 1.76E+02 3.53E+02 7.06E+02 1.76E+03 3.53E+03 5.29E+03
 7.06E+03 1.06E+04 1.76E+04 3.53E+04 7.06E+04 1.06E+05
 1.00E-74 1.00E-74 6.01E-37 4.95E-25 3.79E-19 1.02E-15 1.21E-14 2.56E-14
 3.60E-14 4.82E-14 5.66E-14 5.64E-14 4.90E-14 4.35E-14
 1.00E-74 1.00E-74 6.01E-37 4.95E-25 3.79E-19 1.02E-15 1.21E-14 2.56E-14
 3.60E-14 4.82E-14 5.66E-14 5.64E-14 4.90E-14 4.35E-14
 1.00E-74 1.00E-74 6.01E-37 4.95E-25 3.79E-19 1.02E-15 1.21E-14 2.56E-14
 3.60E-14 4.82E-14 5.66E-14 5.64E-14 4.90E-14 4.35E-14
 1.00E-74 1.00E-74 6.01E-37 4.95E-25 3.79E-19 1.02E-15 1.21E-14 2.56E-14
 3.60E-14 4.82E-14 5.66E-14 5.64E-14 4.90E-14 4.35E-14
 1.00E-74 1.00E-74 6.01E-37 4.95E-25 3.79E-19 1.02E-15 1.21E-14 2.56E-14
 3.60E-14 4.82E-14 5.66E-14 5.64E-14 4.90E-14 4.35E-14
 1.00E-74 1.00E-74 6.01E-37 4.95E-25 3.79E-19 1.02E-15 1.21E-14 2.56E-14
 3.60E-14 4.82E-14 5.66E-14 5.64E-14 4.90E-14 4.35E-14
 1.00E-74 1.00E-74 6.01E-37 4.95E-25 3.79E-19 1.02E-15 1.21E-14 2.56E-14
 3.60E-14 4.82E-14 5.66E-14 5.64E-14 4.90E-14 4.35E-14
  8.91844    7  14 /pl=01:ss=63:pb= 1:sz=63/type=excit/ispb = t/isel =   44
 1.00E+10 1.00E+11 1.00E+12 1.00E+13 1.00E+14 1.00E+15 1.00E+16
 7.06E+01 1.06E+02 1.76E+02 3.53E+02 7.06E+02 1.76E+03 3.53E+03 5.29E+03
 7.06E+03 1.06E+04 1.76E+04 3.53E+04 7.06E+04 1.06E+05
 2.87E-42 1.22E-32 9.00E-25 6.21E-19 4.34E-16 1.77E-14 5.15E-14 6.89E-14
 7.68E-14 8.22E-14 8.05E-14 7.01E-14 5.65E-14 4.84E-14
 1.72E-42 1.22E-32 9.00E-25 6.21E-19 4.34E-16 1.77E-14 5.15E-14 6.89E-14
 7.68E-14 8.22E-14 8.05E-14 7.01E-14 5.65E-14 4.84E-14
 1.58E-42 1.22E-32 9.00E-25 6.21E-19 4.34E-16 1.77E-14 5.15E-14 6.89E-14
 7.68E-14 8.22E-14 8.05E-14 7.01E-14 5.65E-14 4.84E-14
 1.59E-42 1.22E-32 9.00E-25 6.21E-19 4.34E-16 1.77E-14 5.15E-14 6.89E-14
 7.68E-14 8.22E-14 8.05E-14 7.01E-14 5.65E-14 4.84E-14
 1.59E-42 1.22E-32 9.00E-25 6.21E-19 4.34E-16 1.77E-14 5.15E-14 6.89E-14
 7.68E-14 8.22E-14 8.05E-14 7.01E-14 5.65E-14 4.84E-14
 1.59E-42 1.22E-32 9.00E-25 6.21E-19 4.34E-16 1.77E-14 5.15E-14 6.89E-14
 7.68E-14 8.22E-14 8.05E-14 7.01E-14 5.65E-14 4.84E-14
 1.59E-42 1.22E-32 9.00E-25 6.21E-19 4.34E-16 1.77E-14 5.15E-14 6.89E-14
 7.68E-14 8.22E-14 8.05E-14 7.01E-14 5.65E-14 4.84E-14
  8.98078    7  14 /pl=01:ss=63:pb= 1:sz=63/type=excit/ispb = t/isel =   45
 1.00E+10 1.00E+11 1.00E+12 1.00E+13 1.00E+14 1.00E+15 1.00E+16
 7.06E+01 1.06E+02 1.76E+02 3.53E+02 7.06E+02 1.76E+03 3.53E+03 5.29E+03
 7.06E+03 1.06E+04 1.76E+04 3.53E+04 7.06E+04 1.06E+05
 1.16E-41 4.22E-32 1.68E-24 7.24E-19 4.06E-16 1.45E-14 4.07E-14 5.38E-14
 5.97E-14 6.37E-14 6.24E-14 5.44E-14 4.42E-14 3.83E-14
 1.18E-41 4.22E-32 1.68E-24 7.24E-19 4.06E-16 1.45E-14 4.07E-14 5.38E-14
 5.97E-14 6.37E-14 6.24E-14 5.44E-14 4.42E-14 3.83E-14
 1.19E-41 4.22E-32 1.68E-24 7.24E-19 4.06E-16 1.45E-14 4.07E-14 5.38E-14
 5.97E-14 6.37E-14 6.24E-14 5.44E-14 4.42E-14 3.83E-14
 1.19E-41 4.22E-32 1.68E-24 7.24E-19 4.06E-16 1.45E-14 4.07E-14 5.38E-14
 5.97E-14 6.37E-14 6.24E-14 5.44E-14 4.42E-14 3.83E-14
 1.19E-41 4.22E-32 1.68E-24 7.24E-19 4.06E-16 1.45E-14 4.07E-14 5.38E-14
 5.97E-14 6.37E-14 6.24E-14 5.44E-14 4.42E-14 3.83E-14
 1.19E-41 4.22E-32 1.68E-24 7.24E-19 4.06E-16 1.45E-14 4.07E-14 5.38E-14
 5.97E-14 6.37E-14 6.24E-14 5.44E-14 4.42E-14 3.83E-14
 1.19E-41 4.22E-32 1.68E-24 7.24E-19 4.06E-16 1.45E-14 4.07E-14 5.38E-14
 5.97E-14 6.37E-14 6.24E-14 5.44E-14 4.42E-14 3.83E-14
  10.1054    7  14 /pl=01:ss=63:pb= 1:sz=63/type=excit/ispb = t/isel =   46
 1.00E+10 1.00E+11 1.00E+12 1.00E+13 1.00E+14 1.00E+15 1.00E+16
 7.06E+01 1.06E+02 1.76E+02 3.53E+02 7.06E+02 1.76E+03 3.53E+03 5.29E+03
 7.06E+03 1.06E+04 1.76E+04 3.53E+04 7.06E+04 1.06E+05
 1.63E-41 5.92E-32 2.36E-24 1.02E-18 5.70E-16 2.03E-14 5.71E-14 7.55E-14
 8.39E-14 8.94E-14 8.75E-14 7.64E-14 6.20E-14 5.38E-14
 1.66E-41 5.92E-32 2.36E-24 1.02E-18 5.70E-16 2.03E-14 5.71E-14 7.55E-14
 8.39E-14 8.94E-14 8.75E-14 7.64E-14 6.20E-14 5.38E-14
 1.67E-41 5.92E-32 2.36E-24 1.02E-18 5.70E-16 2.03E-14 5.71E-14 7.55E-14
 8.39E-14 8.94E-14 8.75E-14 7.64E-14 6.20E-14 5.38E-14
 1.67E-41 5.92E-32 2.36E-24 1.02E-18 5.70E-16 2.03E-14 5.71E-14 7.55E-14
 8.39E-14 8.94E-14 8.75E-14 7.64E-14 6.20E-14 5.38E-14
 1.67E-41 5.92E-32 2.36E-24 1.02E-18 5.70E-16 2.03E-14 5.71E-14 7.55E-14
 8.39E-14 8.94E-14 8.75E-14 7.64E-14 6.20E-14 5.38E-14
 1.67E-41 5.92E-32 2.36E-24 1.02E-18 5.70E-16 2.03E-14 5.71E-14 7.55E-14
 8.39E-14 8.94E-14 8.75E-14 7.64E-14 6.20E-14 5.38E-14
 1.67E-41 5.92E-32 2.36E-24 1.02E-18 5.70E-16 2.03E-14 5.71E-14 7.55E-14
 8.39E-14 8.94E-14 8.75E-14 7.64E-14 6.20E-14 5.38E-14
  22.3489    7  14 /pl=01:ss=63:pb= 1:sz=63/type=excit/ispb = t/isel =   47
 1.00E+10 1.00E+11 1.00E+12 1.00E+13 1.00E+14 1.00E+15 1.00E+16
 7.06E+01 1.06E+02 1.76E+02 3.53E+02 7.06E+02 1.76E+03 3.53E+03 5.29E+03
 7.06E+03 1.06E+04 1.76E+04 3.53E+04 7.06E+04 1.06E+05
 1.53E-15 3.71E-14 4.35E-13 2.38E-12 4.71E-12 5.65E-12 5.05E-12 4.49E-12
 4.09E-12 3.53E-12 2.89E-12 2.18E-12 1.63E-12 1.38E-12
 1.53E-15 3.71E-14 4.35E-13 2.38E-12 4.71E-12 5.65E-12 5.05E-12 4.49E-12
 4.09E-12 3.53E-12 2.89E-12 2.18E-12 1.63E-12 1.38E-12
 1.53E-15 3.71E-14 4.35E-13 2.38E-12 4.71E-12 5.65E-12 5.05E-12 4.49E-12
 4.09E-12 3.53E-12 2.89E-12 2.18E-12 1.63E-12 1.38E-12
 1.53E-15 3.71E-14 4.35E-13 2.38E-12 4.71E-12 5.65E-12 5.05E-12 4.49E-12
 4.09E-12 3.53E-12 2.89E-12 2.18E-12 1.63E-12 1.38E-12
 1.53E-15 3.71E-14 4.35E-13 2.38E-12 4.71E-12 5.65E-12 5.05E-12 4.49E-12
 4.09E-12 3.53E-12 2.89E-12 2.18E-12 1.63E-12 1.38E-12
 1.53E-15 3.71E-14 4.35E-13 2.38E-12 4.71E-12 5.65E-12 5.05E-12 4.49E-12
 4.09E-12 3.53E-12 2.89E-12 2.18E-12 1.63E-12 1.38E-12
 1.53E-15 3.72E-14 4.36E-13 2.38E-12 4.71E-12 5.65E-12 5.05E-12 4.50E-12
 4.09E-12 3.53E-12 2.89E-12 2.18E-12 1.63E-12 1.38E-12
  23.0999    7  14 /pl=01:ss=63:pb= 1:sz=63/type=excit/ispb = t/isel =   48
 1.00E+10 1.00E+11 1.00E+12 1.00E+13 1.00E+14 1.00E+15 1.00E+16
 7.06E+01 1.06E+02 1.76E+02 3.53E+02 7.06E+02 1.76E+03 3.53E+03 5.29E+03
 7.06E+03 1.06E+04 1.76E+04 3.53E+04 7.06E+04 1.06E+05
 3.45E-13 3.60E-12 2.17E-11 7.41E-11 1.20E-10 1.37E-10 1.29E-10 1.21E-10
 1.13E-10 1.03E-10 9.02E-11 7.34E-11 5.85E-11 5.09E-11
 3.45E-13 3.60E-12 2.17E-11 7.41E-11 1.20E-10 1.37E-10 1.29E-10 1.21E-10
 1.13E-10 1.03E-10 9.02E-11 7.34E-11 5.85E-11 5.09E-11
 3.45E-13 3.60E-12 2.17E-11 7.41E-11 1.20E-10 1.37E-10 1.29E-10 1.21E-10
 1.13E-10 1.03E-10 9.02E-11 7.34E-11 5.85E-11 5.09E-11
 3.45E-13 3.60E-12 2.17E-11 7.41E-11 1.20E-10 1.37E-10 1.29E-10 1.21E-10
 1.13E-10 1.03E-10 9.02E-11 7.34E-11 5.85E-11 5.09E-11
 3.45E-13 3.60E-12 2.17E-11 7.41E-11 1.20E-10 1.37E-10 1.29E-10 1.21E-10
 1.13E-10 1.03E-10 9.02E-11 7.34E-11 5.85E-11 5.09E-11
 3.45E-13 3.60E-12 2.17E-11 7.41E-11 1.20E-10 1.37E-10 1.29E-10 1.21E-10
 1.13E-10 1.03E-10 9.02E-11 7.34E-11 5.85E-11 5.09E-11
 3.45E-13 3.60E-12 2.17E-11 7.41E-11 1.20E-10 1.37E-10 1.29E-10 1.21E-10
 1.13E-10 1.03E-10 9.02E-11 7.34E-11 5.85E-11 5.09E-11
  46.4708    7  14 /pl=01:ss=63:pb= 1:sz=63/type=excit/ispb = t/isel =   49
 1.00E+10 1.00E+11 1.00E+12 1.00E+13 1.00E+14 1.00E+15 1.00E+16
 7.06E+01 1.06E+02 1.76E+02 3.53E+02 7.06E+02 1.76E+03 3.53E+03 5.29E+03
 7.06E+03 1.06E+04 1.76E+04 3.53E+04 7.06E+04 1.06E+05
 6.94E-16 2.52E-14 4.09E-13 2.84E-12 6.32E-12 8.09E-12 7.39E-12 6.63E-12
 6.06E-12 5.22E-12 4.29E-12 3.24E-12 2.41E-12 2.04E-12
 6.94E-16 2.52E-14 4.09E-13 2.84E-12 6.32E-12 8.09E-12 7.39E-12 6.63E-12
 6.06E-12 5.22E-12 4.29E-12 3.24E-12 2.41E-12 2.04E-12
 6.94E-16 2.52E-14 4.09E-13 2.84E-12 6.32E-12 8.09E-12 7.39E-12 6.63E-12
 6.06E-12 5.22E-12 4.29E-12 3.24E-12 2.41E-12 2.04E-12
 6.94E-16 2.52E-14 4.09E-13 2.84E-12 6.32E-12 8.09E-12 7.39E-12 6.63E-12
 6.06E-12 5.22E-12 4.29E-12 3.24E-12 2.41E-12 2.04E-12
 6.94E-16 2.52E-14 4.09E-13 2.84E-12 6.32E-12 8.09E-12 7.39E-12 6.63E-12
 6.06E-12 5.22E-12 4.29E-12 3.24E-12 2.41E-12 2.04E-12
 6.94E-16 2.52E-14 4.09E-13 2.84E-12 6.32E-12 8.09E-12 7.39E-12 6.63E-12
 6.06E-12 5.22E-12 4.29E-12 3.24E-12 2.41E-12 2.04E-12
 6.94E-16 2.52E-14 4.09E-13 2.84E-12 6.32E-12 8.09E-12 7.39E-12 6.63E-12
 6.06E-12 5.22E-12 4.29E-12 3.24E-12 2.41E-12 2.04E-12
  75.8487    7  14 /pl=01:ss=63:pb= 1:sz=63/type=excit/ispb = t/isel =   50
 1.00E+10 1.00E+11 1.00E+12 1.00E+13 1.00E+14 1.00E+15 1.00E+16
 7.06E+01 1.06E+02 1.76E+02 3.53E+02 7.06E+02 1.76E+03 3.53E+03 5.29E+03
 7.06E+03 1.06E+04 1.76E+04 3.53E+04 7.06E+04 1.06E+05
 4.80E-11 8.65E-11 1.29E-10 1.58E-10 1.57E-10 1.33E-10 1.11E-10 9.90E-11
 9.04E-11 7.94E-11 6.70E-11 5.24E-11 4.05E-11 3.46E-11
 4.80E-11 8.65E-11 1.29E-10 1.58E-10 1.57E-10 1.33E-10 1.11E-10 9.90E-11
 9.04E-11 7.94E-11 6.70E-11 5.24E-11 4.05E-11 3.46E-11
 4.80E-11 8.65E-11 1.29E-10 1.58E-10 1.57E-10 1.33E-10 1.11E-10 9.90E-11
 9.04E-11 7.94E-11 6.70E-11 5.24E-11 4.05E-11 3.46E-11
 4.80E-11 8.65E-11 1.29E-10 1.58E-10 1.57E-10 1.33E-10 1.11E-10 9.90E-11
 9.04E-11 7.94E-11 6.70E-11 5.24E-11 4.05E-11 3.46E-11
 4.80E-11 8.65E-11 1.29E-10 1.58E-10 1.57E-10 1.33E-10 1.11E-10 9.90E-11
 9.04E-11 7.94E-11 6.70E-11 5.24E-11 4.05E-11 3.46E-11
 4.80E-11 8.65E-11 1.29E-10 1.58E-10 1.57E-10 1.33E-10 1.11E-10 9.90E-11
 9.04E-11 7.94E-11 6.70E-11 5.24E-11 4.05E-11 3.46E-11
 4.80E-11 8.65E-11 1.29E-10 1.58E-10 1.57E-10 1.33E-10 1.11E-10 9.90E-11
 9.04E-11 7.93E-11 6.70E-11 5.24E-11 4.05E-11 3.46E-11
c-------------------------------------------------------------------------------
 
C  root partition information
C  ==========================
C
C  nuclear charge : 74
C  ion charge+1   : 64
C
C  population calculation information
C  ----------------------------------
C
C  population processing code: adas810
C
C  adf04 source file    : adf04_copmm#74_ic_40#w63.dat
C  adf18/a17_p208 file  : NULL
C
C  meta. ion. coeff. selector  : 
 
C  options  : lnorm =T  lpsel =F  lzsel =T  liosel=F
C           : lhsel =F  lrsel =F  lisel =F  lnsel =F
 
C  energy levels
C  -------------
C
C   lv      configuration    (2S+1)L(w-1/2)      energy (cm^-1)
C  ---   ------------------- --------------      --------------
c    1   14                     (2)0(  0.5)             0.0
c    2   15                     (2)1(  0.5)       1318413.6
c    3   15                     (2)1(  1.5)       4329020.0
c    4   16                     (2)2(  1.5)       5792905.4
c    5   16                     (2)2(  2.5)       6480906.9
c    6   17                     (2)0(  0.5)      26237371.4
c    7   18                     (2)1(  0.5)      26774508.4
c    8   18                     (2)1(  1.5)      28013742.0
c    9   19                     (2)2(  1.5)      28571088.7
c   10   19                     (2)2(  2.5)      28864272.6
c   11   1B                     (2)0(  0.5)      37909403.7
c   12   1C                     (2)1(  0.5)      38177828.8
c   13   1C                     (2)1(  1.5)      38802499.1
c   14   1D                     (2)2(  1.5)      39075996.0
c   15   1D                     (2)2(  2.5)      39226466.7
c   16   1G                     (2)0(  0.5)      44093212.1
c   17   1H                     (2)1(  0.5)      44245377.3
c   18   1H                     (2)1(  1.5)      44602976.0
c   19   1I                     (2)2(  1.5)      44757539.6
c   20   1I                     (2)2(  2.5)      44844636.6
c   21   1M                     (2)0(  0.5)      47757141.3
c   22   1N                     (2)1(  0.5)      47851440.3
c   23   1N                     (2)1(  1.5)      48074815.2
c   24   1O                     (2)2(  1.5)      48170712.8
c   25   1O                     (2)2(  2.5)      48225522.8
c   26   1T                     (2)0(  0.5)      50104449.0
c   27   1U                     (2)1(  0.5)      50166923.1
c   28   1U                     (2)1(  1.5)      50315637.7
c   29   1V                     (2)2(  1.5)      50379233.4
c   30   1V                     (2)2(  2.5)      50415919.4
c   31   22553514515            (2)1(  1.5)      67523649.9
c   32   22553514515            (4)2(  2.5)      67645211.2
c   33   22553514515            (2)2(  1.5)      67673662.4
c   34   22553514515            (2)1(  0.5)      67683168.3
c   35   22553514515            (4)2(  3.5)      70544301.5
c   36   22553514515            (4)0(  1.5)      70595686.1
c   37   22553514515            (4)1(  2.5)      70634010.6
c   38   22553514515            (2)0(  0.5)      70719729.1
c   39   22553514515            (2)2(  2.5)      70862901.8
c   40   22553514515            (2)1(  1.5)      70904674.9
c   41   22553514515            (2)0(  0.5)      71129583.9
c   42   22553514516            (4)1(  0.5)      71999990.1
c   43   22553514516            (4)1(  1.5)      72080737.5
c   44   22553514516            (4)2(  2.5)      72109528.6
c   45   22553514516            (4)3(  3.5)      72130331.1
c   46   22553514516            (2)1(  0.5)      72156841.2
c   47   22553514516            (2)3(  2.5)      72187063.0
c   48   22553514516            (2)2(  1.5)      72192210.1
c   49   22553514516            (4)3(  4.5)      72749107.6
c   50   22553514516            (2)2(  2.5)      72814582.4
c   51   22553514516            (4)2(  3.5)      72866120.2
c   52   22553514516            (2)3(  3.5)      72887486.6
c   53   22553514516            (2)2(  1.5)      72890084.5
c   54   22553514516            (2)2(  2.5)      72974326.7
c   55   22553514516            (2)1(  1.5)      73105313.7
c   56   22553514516            (2)1(  0.5)      73134221.0
c   57   22553514515            (4)2(  0.5)      78751944.6
c   58   22553514515            (4)2(  1.5)      78869809.1
c   59   22553514515            (4)1(  0.5)      79089909.9
c   60   22553514515            (4)1(  1.5)      81788370.0
c   61   22553514515            (2)2(  2.5)      81826937.8
c   62   22553514515            (2)1(  0.5)      82082811.9
c   63   22553514515            (2)2(  1.5)      82092898.5
c   64   22553514516            (4)3(  1.5)      83295053.8
c   65   22553514516            (4)3(  2.5)      83361877.1
c   66   22553514516            (4)2(  0.5)      83497248.6
c   67   22553514516            (4)2(  1.5)      83533973.0
c   68   22553514516            (4)1(  2.5)      84007031.9
c   69   22553514516            (2)3(  3.5)      84052205.3
c   70   22553514516            (2)1(  1.5)      84121166.8
c   71   22553514516            (2)3(  2.5)      84136736.9
c   72   22553514518            (4)1(  1.5)      93401820.4
c   73   22553514518            (2)2(  2.5)      93417576.1
c   74   22553514518            (2)1(  0.5)      93466318.8
c   75   22553514518            (2)2(  1.5)      93468990.6
c   76   22553514518            (4)2(  3.5)      94642976.5
c   77   22553514518            (2)1(  1.5)      94661459.9
c   78   22553514518            (4)1(  2.5)      94677197.5
c   79   22553514518            (2)1(  0.5)      94692087.2
c   80   22553514518            (2)2(  2.5)      94717404.4
c   81   22553514518            (2)1(  1.5)      94733701.8
c   82   22553514518            (2)0(  0.5)      94810606.0
c   83   22553514519            (4)1(  0.5)      95172652.8
c   84   22553514519            (4)1(  1.5)      95199628.9
c   85   22553514519            (2)3(  3.5)      95209322.9
c   86   22553514519            (4)2(  2.5)      95213449.1
c   87   22553514519            (2)1(  0.5)      95252010.7
c   88   22553514519            (2)3(  2.5)      95263235.4
c   89   22553514519            (2)2(  1.5)      95270273.7
c   90   22553514519            (4)3(  4.5)      95485277.5
c   91   22553514519            (2)2(  2.5)      95510951.6
c   92   22553514519            (4)2(  3.5)      95520743.0
c   93   22553514519            (2)2(  1.5)      95531004.2
c   94   22553514519            (2)3(  3.5)      95557924.3
c   95   22553514519            (2)2(  2.5)      95580004.2
c   96   22553514519            (2)1(  0.5)      95601558.7
c   97   22553514519            (2)1(  1.5)      95627297.1
c   98   2255351451A            (4)2(  0.5)      95833680.1
c   99   2255351451A            (4)2(  1.5)      95846068.6
c  100   2255351451A            (4)3(  2.5)      95861668.2
c  101   2255351451A            (4)3(  3.5)      95867455.1
c  102   2255351451A            (4)4(  4.5)      95868608.9
c  103   2255351451A            (2)4(  3.5)      95916282.5
c  104   2255351451A            (2)2(  1.5)      95917879.5
c  105   2255351451A            (2)3(  2.5)      95926260.9
c  106   2255351451A            (4)4(  5.5)      95971871.7
c  107   2255351451A            (4)3(  4.5)      96000477.0
c  108   2255351451A            (2)3(  3.5)      96005060.5
c  109   2255351451A            (2)2(  2.5)      96011934.3
c  110   2255351451A            (2)2(  1.5)      96021164.5
c  111   2255351451A            (2)2(  2.5)      96052826.7
c  112   2255351451A            (2)4(  4.5)      96063854.1
c  113   2255351451A            (2)3(  3.5)      96073510.3
c  114   22553514518            (4)2(  0.5)     104641052.1
c  115   22553514518            (4)2(  1.5)     104672108.7
c  116   22553514518            (4)1(  0.5)     104738969.3
c  117   2255351451C            (4)1(  1.5)     104884931.6
c  118   2255351451C            (2)2(  2.5)     104891473.4
c  119   2255351451C            (2)1(  0.5)     104944259.9
c  120   2255351451C            (2)2(  1.5)     104946009.6
c  121   2255351451C            (4)2(  3.5)     105510312.6
c  122   2255351451C            (2)1(  1.5)     105519082.6
c  123   2255351451C            (4)1(  2.5)     105525456.8
c  124   2255351451C            (2)1(  0.5)     105541800.4
c  125   2255351451C            (2)2(  2.5)     105573608.1
c  126   2255351451C            (2)1(  1.5)     105580111.8
c  127   2255351451C            (2)0(  0.5)     105606406.1
c  128   2255351451D            (4)1(  0.5)     105770146.4
c  129   2255351451D            (4)1(  1.5)     105782549.6
c  130   2255351451D            (2)3(  3.5)     105786798.6
c  131   2255351451D            (4)2(  2.5)     105789142.8
c  132   2255351451D            (2)1(  0.5)     105836195.5
c  133   2255351451D            (2)3(  2.5)     105841688.0
c  134   2255351451D            (2)2(  1.5)     105845248.6
c  135   22553514518            (4)0(  1.5)     105889743.7
c  136   22553514518            (4)2(  2.5)     105917835.4
c  137   2255351451D            (4)3(  4.5)     105929026.9
c  138   22553514518            (2)2(  1.5)     105935496.9
c  139   22553514518            (2)0(  0.5)     105935658.4
c  140   2255351451D            (2)2(  2.5)     105942159.7
c  141   2255351451D            (4)2(  3.5)     105945867.5
c  142   2255351451D            (2)2(  1.5)     105954247.6
c  143   2255351451D            (2)1(  0.5)     105981480.5
c  144   2255351451D            (2)3(  3.5)     105992803.7
c  145   2255351451D            (2)2(  2.5)     106002188.9
c  146   2255351451D            (2)1(  1.5)     106019347.6
c  147   2255351451E            (4)2(  0.5)     106100320.3
c  148   2255351451E            (4)2(  1.5)     106106151.6
c  149   2255351451E            (4)3(  2.5)     106113356.7
c  150   2255351451E            (2)4(  4.5)     106114394.8
c  151   2255351451E            (4)3(  3.5)     106116797.5
c  152   2255351451E            (2)4(  3.5)     106166185.9
c  153   2255351451E            (2)2(  1.5)     106167280.5
c  154   2255351451E            (2)3(  2.5)     106170176.0
c  155   2255351451E            (4)4(  5.5)     106171278.3
c  156   2255351451E            (4)3(  4.5)     106183755.9
c  157   2255351451E            (2)3(  3.5)     106186995.7
c  158   2255351451E            (2)2(  1.5)     106188408.3
c  159   2255351451E            (2)2(  2.5)     106191051.4
c  160   2255351451E            (2)2(  2.5)     106234229.3
c  161   2255351451E            (2)4(  4.5)     106237866.4
c  162   2255351451E            (2)3(  3.5)     106242043.5
c  163   22553514519            (4)3(  1.5)     106438437.9
c  164   22553514519            (4)3(  2.5)     106466819.1
c  165   22553514519            (4)2(  0.5)     106521105.9
c  166   22553514519            (2)1(  1.5)     106521113.6
c  167   22553514519            (4)1(  2.5)     106737205.8
c  168   22553514519            (4)3(  3.5)     106768016.1
c  169   22553514519            (4)2(  1.5)     106773667.0
c  170   22553514519            (2)3(  2.5)     106776224.4
c  171   2255351451A            (4)4(  2.5)     107101552.2
c  172   2255351451A            (4)3(  1.5)     107126357.1
c  173   2255351451A            (4)2(  2.5)     107138622.1
c  174   2255351451A            (4)4(  3.5)     107140937.6
c  175   2255351451A            (4)2(  3.5)     107230348.0
c  176   2255351451A            (2)4(  4.5)     107251008.7
c  177   2255351451A            (2)4(  3.5)     107288347.1
c  178   2255351451A            (2)3(  2.5)     107294788.3
c  179   2255351451H            (4)1(  1.5)     110984727.0
c  180   2255351451H            (2)2(  2.5)     110988132.9
c  181   2255351451H            (2)1(  0.5)     111042630.8
c  182   2255351451H            (2)2(  1.5)     111043659.6
c  183   2255351451H            (4)2(  3.5)     111342448.3
c  184   2255351451H            (2)1(  1.5)     111347353.0
c  185   2255351451H            (4)1(  2.5)     111350584.1
c  186   2255351451H            (2)0(  0.5)     111362816.8
c  187   2255351451H            (2)2(  2.5)     111402426.1
c  188   2255351451H            (2)1(  1.5)     111405796.9
c  189   2255351451H            (2)0(  0.5)     111416156.8
c  190   2255351451I            (4)1(  0.5)     111489506.8
c  191   2255351451I            (4)1(  1.5)     111496300.8
c  192   2255351451I            (2)3(  3.5)     111498556.5
c  193   2255351451I            (4)2(  2.5)     111499939.0
c  194   2255351451I            (2)1(  0.5)     111550745.2
c  195   2255351451I            (2)3(  2.5)     111554069.1
c  196   2255351451I            (2)2(  1.5)     111555941.9
c  197   2255351451I            (4)3(  4.5)     111581005.6
c  198   2255351451I            (2)2(  2.5)     111588642.5
c  199   2255351451I            (4)2(  3.5)     111590321.7
c  200   2255351451I            (2)2(  1.5)     111596563.2
c  201   2255351451I            (2)1(  0.5)     111610926.0
c  202   2255351451I            (2)3(  3.5)     111641463.6
c  203   2255351451I            (2)2(  2.5)     111646423.7
c  204   2255351451I            (2)1(  1.5)     111655536.2
c  205   2255351451J            (4)2(  0.5)     111678078.8
c  206   2255351451J            (4)2(  1.5)     111681355.0
c  207   2255351451J            (4)3(  2.5)     111685293.4
c  208   2255351451J            (2)4(  4.5)     111685370.7
c  209   2255351451J            (4)3(  3.5)     111687195.6
c  210   2255351451J            (4)4(  5.5)     111719219.4
c  211   2255351451J            (2)3(  2.5)     111725800.9
c  212   2255351451J            (4)3(  4.5)     111725803.3
c  213   2255351451J            (2)3(  3.5)     111726003.2
c  214   2255351451J            (2)2(  1.5)     111726684.8
c  215   2255351451J            (2)2(  1.5)     111740835.3
c  216   2255351451J            (2)4(  3.5)     111740997.4
c  217   2255351451J            (2)3(  2.5)     111745213.6
c  218   2255351451J            (2)2(  2.5)     111779196.3
c  219   2255351451J            (2)4(  4.5)     111780319.7
c  220   2255351451J            (2)3(  3.5)     111782781.8
c  221   2255351451C            (4)2(  0.5)     116128482.0
c  222   2255351451C            (4)2(  1.5)     116155227.2
c  223   2255351451C            (4)1(  0.5)     116184052.9
c  224   2255351451C            (4)0(  1.5)     116756019.7
c  225   2255351451C            (4)2(  2.5)     116783615.2
c  226   2255351451C            (2)2(  1.5)     116788408.1
c  227   2255351451C            (2)0(  0.5)     116789184.0
c  228   2255351451D            (4)3(  1.5)     117026306.5
c  229   2255351451D            (4)3(  2.5)     117051944.3
c  230   2255351451D            (2)1(  1.5)     117073683.8
c  231   2255351451D            (4)2(  0.5)     117076474.5
c  232   2255351451D            (4)1(  2.5)     117177476.3
c  233   2255351451D            (4)3(  3.5)     117206085.8
c  234   2255351451D            (4)2(  1.5)     117208476.7
c  235   2255351451D            (2)3(  2.5)     117208740.3
c  236   2255351451E            (4)4(  2.5)     117355967.5
c  237   2255351451E            (4)3(  1.5)     117383288.6
c  238   2255351451E            (4)2(  2.5)     117385841.4
c  239   2255351451E            (4)4(  3.5)     117386311.5
c  240   2255351451E            (4)2(  3.5)     117422571.7
c  241   2255351451E            (4)4(  4.5)     117446947.9
c  242   2255351451E            (2)4(  3.5)     117455416.2
c  243   2255351451E            (2)3(  2.5)     117458823.1
c  244   2255351451H            (4)2(  0.5)     122229162.6
c  245   2255351451H            (4)2(  1.5)     122255620.6
c  246   2255351451H            (4)1(  0.5)     122270316.3
c  247   2255351451H            (4)0(  1.5)     122587369.2
c  248   2255351451H            (4)2(  2.5)     122615219.0
c  249   2255351451H            (2)2(  1.5)     122617196.0
c  250   2255351451H            (2)1(  0.5)     122617768.3
c  251   2255351451I            (4)3(  1.5)     122741094.9
c  252   2255351451I            (4)3(  2.5)     122766800.1
c  253   2255351451I            (2)1(  1.5)     122777536.8
c  254   2255351451I            (4)2(  0.5)     122780260.1
c  255   2255351451I            (4)1(  2.5)     122827595.4
c  256   2255351451I            (4)3(  3.5)     122855886.7
c  257   2255351451I            (2)3(  2.5)     122857025.3
c  258   2255351451I            (4)2(  1.5)     122857123.9
c  259   2255351451J            (4)4(  2.5)     122928510.6
c  260   2255351451J            (4)3(  1.5)     122956606.5
c  261   2255351451J            (4)4(  3.5)     122956999.4
c  262   2255351451J            (2)2(  2.5)     122957331.8
c  263   2255351451J            (4)2(  3.5)     122967372.2
c  264   2255351451J            (4)4(  4.5)     122993418.5
c  265   2255351451J            (2)4(  3.5)     122996654.6
c  266   2255351451J            (4)2(  2.5)     122998367.9
 
 
 
c-------------------------------------------------------------------------------
 
C  superstage partition information
C  ================================
C
C  element symbol   : W
C  parent template  : 
C  partition level  :  1
C  superstage label : 63
C
C  tabulation       : photon emissivity coefft (te,ne)
C  units            : ph. emis coef(cm^3 s^-1); te (ev); ne (cm^-3)
C
C  photon emissivity atomic transitions
C  ------------------------------------
C  
C   isel  wvlen(A)            transition                type  ispb nspb
C                                                             ispp nspp sz    tg pr wr
C  ----- ---------- ----------------------------------- ----- ---- ---- --    -- -- --
C      1   1.04573   97(2)1(  1.5)-  1(2)0(  0.5)       excit   1    1  63    74 14  1
C      2   1.04601   96(2)1(  0.5)-  1(2)0(  0.5)       excit   1    1  63    73 18  2
C      3   1.19712   67(4)2(  1.5)-  1(2)0(  0.5)       excit   1    1  63    56  7  3
C      4   1.19764   66(4)2(  0.5)-  1(2)0(  0.5)       excit   1    1  63    55 10  4
C      5   1.22209   61(2)2(  2.5)-  1(2)0(  0.5)       excit   1    1  63    51 39  5
C      6   1.28582   59(4)1(  0.5)-  2(2)1(  0.5)       excit   1    1  63   220 25  6
C      7   1.33760   59(4)1(  0.5)-  3(2)1(  1.5)       excit   1    1  63   392 19  7
C      8   1.36735   56(2)1(  0.5)-  1(2)0(  0.5)       excit   1    1  63    46  6  8
C      9   1.36789   55(2)1(  1.5)-  1(2)0(  0.5)       excit   1    1  63    45  5  9
C     10   1.37193   53(2)2(  1.5)-  1(2)0(  0.5)       excit   1    1  63    44 45 10
C     11   1.38587   46(2)1(  0.5)-  1(2)0(  0.5)       excit   1    1  63    42 27 11
C     12   1.38733   43(4)1(  1.5)-  1(2)0(  0.5)       excit   1    1  63    41 33 12
C     13   1.41034   40(2)1(  1.5)-  1(2)0(  0.5)       excit   1    1  63    38 35 13
C     14   1.41575   37(4)1(  2.5)-  1(2)0(  0.5)       excit   1    1  63    35 37 14
C     15   1.41652   36(4)0(  1.5)-  1(2)0(  0.5)       excit   1    1  63    34 40 15
C     16   1.43244   41(2)0(  0.5)-  2(2)1(  0.5)       excit   1    1  63   206 17 16
C     17   1.47768   33(2)2(  1.5)-  1(2)0(  0.5)       excit   1    1  63    32 30 17
C     18   1.47830   32(4)2(  2.5)-  1(2)0(  0.5)       excit   1    1  63    31 29 18
C     19   1.48096   31(2)1(  1.5)-  1(2)0(  0.5)       excit   1    1  63    30 28 19
C     20   1.49699   41(2)0(  0.5)-  3(2)1(  1.5)       excit   1    1  63   375 16 20
C     21   1.50623   38(2)0(  0.5)-  3(2)1(  1.5)       excit   1    1  63   372 24 21
C     22   2.24200   18(2)1(  1.5)-  1(2)0(  0.5)       excit   1    1  63    17 48 22
C     23   2.46818   20(2)2(  2.5)-  3(2)1(  1.5)       excit   1    1  63   355 43 23
C     24   2.57715   13(2)1(  1.5)-  1(2)0(  0.5)       excit   1    1  63    12 22 24
C     25   2.61932   12(2)1(  0.5)-  1(2)0(  0.5)       excit   1    1  63    11 36 25
C     26   2.64847   14(2)2(  1.5)-  2(2)1(  0.5)       excit   1    1  63   187 31 26
C     27   2.73291   11(2)0(  0.5)-  2(2)1(  0.5)       excit   1    1  63   184 41 27
C     28   2.86554   15(2)2(  2.5)-  3(2)1(  1.5)       excit   1    1  63   350 21 28
C     29   2.97793   11(2)0(  0.5)-  3(2)1(  1.5)       excit   1    1  63   346 32 29
C     30   3.56968    8(2)1(  1.5)-  1(2)0(  0.5)       excit   1    1  63     7 11 30
C     31   3.66936    9(2)2(  1.5)-  2(2)1(  0.5)       excit   1    1  63   183 13 31
C     32   3.73490    7(2)1(  0.5)-  1(2)0(  0.5)       excit   1    1  63     6 15 32
C     33   4.01301    6(2)0(  0.5)-  2(2)1(  0.5)       excit   1    1  63   180 12 33
C     34   4.07577   10(2)2(  2.5)-  3(2)1(  1.5)       excit   1    1  63   345  8 34
C     35   4.12506    9(2)2(  1.5)-  3(2)1(  1.5)       excit   1    1  63   344 34 35
C     36   4.36555  109(2)2(  2.5)- 55(2)1(  1.5)       excit   1    1  63  9791 44 36
C     37   4.56447    6(2)0(  0.5)-  3(2)1(  1.5)       excit   1    1  63   341  9 37
C     38   4.60717   82(2)0(  0.5)- 55(2)1(  1.5)       excit   1    1  63  9771 26 38
C     39   4.64407    8(2)1(  1.5)-  5(2)2(  2.5)       excit   1    1  63   786 20 39
C     40   4.71587  116(4)1(  0.5)- 67(4)2(  1.5)       excit   1    1  63 11604 47 40
C     41   4.76608    7(2)1(  0.5)-  4(2)2(  1.5)       excit   1    1  63   560 23 41
C     42   7.95853   13(2)1(  1.5)-  6(2)0(  0.5)       excit   1    1  63  1024 46 42
C     43   8.76675   59(4)1(  0.5)- 34(2)1(  0.5)       excit   1    1  63  6382 50 43
C     44   8.91844   15(2)2(  2.5)-  8(2)1(  1.5)       excit   1    1  63  1353 42 44
C     45   8.98078   11(2)0(  0.5)-  7(2)1(  0.5)       excit   1    1  63  1192 49 45
C     46   10.1054   11(2)0(  0.5)-  8(2)1(  1.5)       excit   1    1  63  1349 38 46
C     47   22.3489    4(2)2(  1.5)-  2(2)1(  0.5)       excit   1    1  63   179  4 47
C     48   23.0999    3(2)1(  1.5)-  1(2)0(  0.5)       excit   1    1  63     2  2 48
C     49   46.4708    5(2)2(  2.5)-  3(2)1(  1.5)       excit   1    1  63   340  3 49
C     50   75.8487    2(2)1(  0.5)-  1(2)0(  0.5)       excit   1    1  63     1  1 50
c-------------------------------------------------------------------------------
                                                                                
C  code     : adas810
C  producer : Adam Foster
C  date     : 15/05/09
                                                                                
c-------------------------------------------------------------------------------

C-----------------------------------------------------------------------
C                               OPEN-ADAS
C                               +++++++++
C
C This file has been downloaded from OPEN-ADAS (http://open.adas.ac.uk)
C on 26-Mar-2025.
C
C TERMS AND CONDITIONS
C --------------------
C
C The user of the OPEN-ADAS system and data (hereinafter "the User")
C accepts the following terms and conditions:
C
C   1. The University of Strathclyde uses all reasonable endeavours to
C      ensure the accuracy of the data provided and any information
C      given, but the University makes no warranty, expressed or implied
C      as to its accuracy, integrity, fitness for purpose and shall not
C      be responsible for the use to which the data is put by the User
C      and/or any consequences arising out of any inaccuracies or
C      omissions.
C
C   2. Any downloaded OPEN-ADAS file is made available for the
C      personal use of the User only.  It must not be used for any
C      commercial application, incorporated into any web site or in
C      any form re-distributed without express prior written permission
C      from the ADAS Project. In particular, but not by way of
C      limitation, it must not be:
C        *  inserted into a managed database structure,
C        *  redistributed along with a modelling or analysis code,
C        *  made available on a public website.
C
C Permission for OPEN-ADAS data incorporation in non-commercial
C code/system development for scientific advance will not be
C unreasonably withheld, but will be subject to written agreement
C on a case by case basis.
C
C The User will indemnify the University of Strathclyde and keep it
C fully and effectively indemnified against each and every claim made
C against the University as a result of the User's use of the data.
C
C-----------------------------------------------------------------------
