   50    /W :30 photon emissivity coefficients/
--------------------------------------------------------------------------------
    1    1    1    1    1    1    1    1    1    1    1    1    1    1
    1    1    1    1    1    1    1    1    1    1    1    1    1    1
    1    1    1    1    1    1    1    1    1    1    1    1    1    1
    1    1    1    1    1    1    1    1    1    1    1    1    1    1
    1    1    1    1    1    1    1    1    1    1    1    1    1    1
    1    1    1    1    1
--------------------------------------------------------------------------------
//#01/p00/ 00/p01/ 01/p02/ 02/p03/ 03/p04/ 04/p05/ 05/p06/ 06/p07/ 07/p08/ 08/  
      p09/ 09/p10/ 10/p11/ 11/p12/ 12/p13/ 13/p14/ 14/p15/ 15/p16/ 16/p17/ 17/  
      p18/ 18/p19/ 19/p20/ 20/p21/ 21/p22/ 22/p23/ 23/p24/ 24/p25/ 25/p26/ 26/  
      p27/ 27/p28/ 28/p29/ 29/p30/ 30/p31/ 31/p32/ 32/p33/ 33/p34/ 34/p35/ 35/  
      p36/ 36/p37/ 37/p38/ 38/p39/ 39/p40/ 40/p41/ 41/p42/ 42/p43/ 43/p44/ 44/  
      p45/ 45/p46/ 46/p47/ 47/p48/ 48/p49/ 49/p50/ 50/p51/ 51/p52/ 52/p53/ 53/  
      p54/ 54/p55/ 55/p56/ 56/p57/ 57/p58/ 58/p59/ 59/p60/ 60/p61/ 61/p62/ 62/  
      p63/ 63/p64/ 64/p65/ 65/p66/ 66/p67/ 67/p68/ 68/p69/ 69/p70/ 70/p71/ 71/  
      p72/ 72/p73/ 73/p74/ 74/                                                  
--------------------------------------------------------------------------------
  13.1731    7  14 /pl=01:ss=30:pb= 1:sz=30/type=excit/ispb = t/isel =    1
 1.00E+10 1.00E+11 1.00E+12 1.00E+13 1.00E+14 1.00E+15 1.00E+16
 1.66E+01 2.48E+01 4.14E+01 8.28E+01 1.66E+02 4.14E+02 8.28E+02 1.24E+03
 1.66E+03 2.48E+03 4.14E+03 8.28E+03 1.66E+04 2.48E+04
 1.98E-35 2.74E-27 8.13E-21 5.02E-16 1.07E-13 2.24E-12 5.72E-12 7.77E-12
 9.07E-12 1.07E-11 1.22E-11 1.33E-11 1.34E-11 1.30E-11
 1.98E-35 2.74E-27 8.13E-21 5.02E-16 1.07E-13 2.24E-12 5.72E-12 7.77E-12
 9.07E-12 1.07E-11 1.22E-11 1.33E-11 1.34E-11 1.30E-11
 1.98E-35 2.74E-27 8.13E-21 5.02E-16 1.07E-13 2.24E-12 5.72E-12 7.77E-12
 9.07E-12 1.07E-11 1.22E-11 1.33E-11 1.34E-11 1.30E-11
 1.98E-35 2.74E-27 8.13E-21 5.02E-16 1.07E-13 2.24E-12 5.72E-12 7.77E-12
 9.07E-12 1.07E-11 1.22E-11 1.33E-11 1.34E-11 1.30E-11
 1.98E-35 2.74E-27 8.13E-21 5.02E-16 1.07E-13 2.24E-12 5.72E-12 7.77E-12
 9.07E-12 1.07E-11 1.22E-11 1.33E-11 1.34E-11 1.30E-11
 1.98E-35 2.74E-27 8.13E-21 5.02E-16 1.07E-13 2.24E-12 5.72E-12 7.77E-12
 9.07E-12 1.07E-11 1.22E-11 1.33E-11 1.34E-11 1.30E-11
 1.98E-35 2.74E-27 8.14E-21 5.02E-16 1.07E-13 2.23E-12 5.70E-12 7.74E-12
 9.04E-12 1.06E-11 1.22E-11 1.33E-11 1.34E-11 1.30E-11
  14.9008    7  14 /pl=01:ss=30:pb= 1:sz=30/type=excit/ispb = t/isel =    2
 1.00E+10 1.00E+11 1.00E+12 1.00E+13 1.00E+14 1.00E+15 1.00E+16
 1.66E+01 2.48E+01 4.14E+01 8.28E+01 1.66E+02 4.14E+02 8.28E+02 1.24E+03
 1.66E+03 2.48E+03 4.14E+03 8.28E+03 1.66E+04 2.48E+04
 8.83E-33 1.36E-25 6.98E-20 1.17E-15 1.30E-13 1.77E-12 3.67E-12 4.51E-12
 4.95E-12 5.41E-12 5.82E-12 6.14E-12 6.14E-12 6.02E-12
 8.83E-33 1.36E-25 6.98E-20 1.17E-15 1.30E-13 1.77E-12 3.67E-12 4.51E-12
 4.95E-12 5.41E-12 5.82E-12 6.14E-12 6.14E-12 6.02E-12
 8.83E-33 1.36E-25 6.99E-20 1.17E-15 1.30E-13 1.77E-12 3.67E-12 4.51E-12
 4.95E-12 5.41E-12 5.82E-12 6.14E-12 6.14E-12 6.02E-12
 8.87E-33 1.36E-25 7.00E-20 1.18E-15 1.30E-13 1.77E-12 3.68E-12 4.52E-12
 4.96E-12 5.42E-12 5.83E-12 6.14E-12 6.14E-12 6.02E-12
 9.21E-33 1.40E-25 7.18E-20 1.20E-15 1.32E-13 1.79E-12 3.71E-12 4.55E-12
 4.99E-12 5.45E-12 5.85E-12 6.16E-12 6.15E-12 6.03E-12
 1.26E-32 1.83E-25 8.92E-20 1.41E-15 1.51E-13 1.98E-12 4.03E-12 4.89E-12
 5.32E-12 5.75E-12 6.10E-12 6.32E-12 6.26E-12 6.10E-12
 4.55E-32 5.77E-25 2.33E-19 3.01E-15 2.81E-13 3.32E-12 6.37E-12 7.42E-12
 7.85E-12 8.08E-12 8.05E-12 7.70E-12 7.15E-12 6.78E-12
  14.9982    7  14 /pl=01:ss=30:pb= 1:sz=30/type=excit/ispb = t/isel =    3
 1.00E+10 1.00E+11 1.00E+12 1.00E+13 1.00E+14 1.00E+15 1.00E+16
 1.66E+01 2.48E+01 4.14E+01 8.28E+01 1.66E+02 4.14E+02 8.28E+02 1.24E+03
 1.66E+03 2.48E+03 4.14E+03 8.28E+03 1.66E+04 2.48E+04
 4.58E-32 6.34E-25 3.04E-19 4.96E-15 5.63E-13 8.25E-12 1.88E-11 2.47E-11
 2.82E-11 3.26E-11 3.65E-11 3.91E-11 3.88E-11 3.75E-11
 4.58E-32 6.34E-25 3.04E-19 4.96E-15 5.63E-13 8.25E-12 1.88E-11 2.47E-11
 2.82E-11 3.26E-11 3.65E-11 3.91E-11 3.88E-11 3.75E-11
 4.58E-32 6.34E-25 3.04E-19 4.96E-15 5.63E-13 8.25E-12 1.88E-11 2.47E-11
 2.82E-11 3.26E-11 3.65E-11 3.91E-11 3.88E-11 3.75E-11
 4.58E-32 6.34E-25 3.04E-19 4.96E-15 5.63E-13 8.25E-12 1.88E-11 2.47E-11
 2.82E-11 3.26E-11 3.65E-11 3.91E-11 3.88E-11 3.75E-11
 4.58E-32 6.34E-25 3.04E-19 4.96E-15 5.63E-13 8.25E-12 1.88E-11 2.47E-11
 2.82E-11 3.26E-11 3.65E-11 3.91E-11 3.88E-11 3.75E-11
 4.58E-32 6.34E-25 3.04E-19 4.96E-15 5.63E-13 8.24E-12 1.88E-11 2.47E-11
 2.82E-11 3.25E-11 3.65E-11 3.91E-11 3.87E-11 3.75E-11
 4.58E-32 6.35E-25 3.04E-19 4.97E-15 5.63E-13 8.23E-12 1.87E-11 2.46E-11
 2.81E-11 3.24E-11 3.64E-11 3.90E-11 3.86E-11 3.74E-11
  16.4656    7  14 /pl=01:ss=30:pb= 1:sz=30/type=excit/ispb = t/isel =    4
 1.00E+10 1.00E+11 1.00E+12 1.00E+13 1.00E+14 1.00E+15 1.00E+16
 1.66E+01 2.48E+01 4.14E+01 8.28E+01 1.66E+02 4.14E+02 8.28E+02 1.24E+03
 1.66E+03 2.48E+03 4.14E+03 8.28E+03 1.66E+04 2.48E+04
 1.97E-30 6.21E-24 9.15E-19 6.36E-15 4.83E-13 5.55E-12 1.14E-11 1.43E-11
 1.60E-11 1.79E-11 1.97E-11 2.09E-11 2.08E-11 2.02E-11
 1.97E-30 6.21E-24 9.15E-19 6.36E-15 4.83E-13 5.55E-12 1.14E-11 1.43E-11
 1.60E-11 1.79E-11 1.97E-11 2.09E-11 2.08E-11 2.02E-11
 1.97E-30 6.21E-24 9.15E-19 6.36E-15 4.83E-13 5.55E-12 1.14E-11 1.43E-11
 1.60E-11 1.79E-11 1.97E-11 2.09E-11 2.08E-11 2.02E-11
 1.97E-30 6.21E-24 9.15E-19 6.36E-15 4.83E-13 5.55E-12 1.14E-11 1.43E-11
 1.60E-11 1.79E-11 1.97E-11 2.09E-11 2.08E-11 2.02E-11
 1.97E-30 6.21E-24 9.15E-19 6.36E-15 4.83E-13 5.55E-12 1.14E-11 1.43E-11
 1.60E-11 1.79E-11 1.97E-11 2.09E-11 2.08E-11 2.02E-11
 1.97E-30 6.21E-24 9.16E-19 6.37E-15 4.84E-13 5.57E-12 1.15E-11 1.43E-11
 1.60E-11 1.79E-11 1.97E-11 2.09E-11 2.08E-11 2.02E-11
 1.98E-30 6.23E-24 9.20E-19 6.45E-15 4.93E-13 5.66E-12 1.16E-11 1.45E-11
 1.61E-11 1.80E-11 1.98E-11 2.09E-11 2.08E-11 2.02E-11
  16.4776    7  14 /pl=01:ss=30:pb= 1:sz=30/type=excit/ispb = t/isel =    5
 1.00E+10 1.00E+11 1.00E+12 1.00E+13 1.00E+14 1.00E+15 1.00E+16
 1.66E+01 2.48E+01 4.14E+01 8.28E+01 1.66E+02 4.14E+02 8.28E+02 1.24E+03
 1.66E+03 2.48E+03 4.14E+03 8.28E+03 1.66E+04 2.48E+04
 2.17E-35 4.45E-27 1.80E-20 1.39E-15 3.29E-13 6.88E-12 1.58E-11 1.95E-11
 2.06E-11 2.10E-11 1.96E-11 1.61E-11 1.24E-11 1.05E-11
 2.17E-35 4.45E-27 1.80E-20 1.39E-15 3.29E-13 6.88E-12 1.58E-11 1.95E-11
 2.06E-11 2.10E-11 1.96E-11 1.61E-11 1.24E-11 1.05E-11
 2.17E-35 4.45E-27 1.80E-20 1.39E-15 3.29E-13 6.88E-12 1.58E-11 1.95E-11
 2.06E-11 2.10E-11 1.96E-11 1.61E-11 1.24E-11 1.05E-11
 2.17E-35 4.45E-27 1.80E-20 1.39E-15 3.29E-13 6.88E-12 1.58E-11 1.95E-11
 2.06E-11 2.10E-11 1.96E-11 1.61E-11 1.24E-11 1.05E-11
 2.17E-35 4.45E-27 1.80E-20 1.39E-15 3.29E-13 6.88E-12 1.58E-11 1.95E-11
 2.06E-11 2.10E-11 1.96E-11 1.61E-11 1.24E-11 1.05E-11
 2.17E-35 4.45E-27 1.80E-20 1.39E-15 3.29E-13 6.88E-12 1.58E-11 1.95E-11
 2.06E-11 2.09E-11 1.96E-11 1.61E-11 1.24E-11 1.05E-11
 2.17E-35 4.45E-27 1.80E-20 1.39E-15 3.29E-13 6.86E-12 1.57E-11 1.94E-11
 2.06E-11 2.09E-11 1.95E-11 1.61E-11 1.23E-11 1.04E-11
  16.8356    7  14 /pl=01:ss=30:pb= 1:sz=30/type=excit/ispb = t/isel =    6
 1.00E+10 1.00E+11 1.00E+12 1.00E+13 1.00E+14 1.00E+15 1.00E+16
 1.66E+01 2.48E+01 4.14E+01 8.28E+01 1.66E+02 4.14E+02 8.28E+02 1.24E+03
 1.66E+03 2.48E+03 4.14E+03 8.28E+03 1.66E+04 2.48E+04
 1.39E-30 3.27E-24 3.92E-19 2.33E-15 1.61E-13 1.73E-12 3.41E-12 4.13E-12
 4.48E-12 4.77E-12 4.88E-12 4.70E-12 4.26E-12 3.98E-12
 1.39E-30 3.27E-24 3.92E-19 2.33E-15 1.61E-13 1.73E-12 3.41E-12 4.13E-12
 4.48E-12 4.77E-12 4.88E-12 4.70E-12 4.26E-12 3.98E-12
 1.39E-30 3.27E-24 3.92E-19 2.33E-15 1.61E-13 1.73E-12 3.41E-12 4.13E-12
 4.48E-12 4.77E-12 4.88E-12 4.70E-12 4.26E-12 3.98E-12
 1.39E-30 3.27E-24 3.92E-19 2.33E-15 1.61E-13 1.73E-12 3.41E-12 4.13E-12
 4.48E-12 4.77E-12 4.88E-12 4.70E-12 4.26E-12 3.98E-12
 1.39E-30 3.27E-24 3.92E-19 2.33E-15 1.61E-13 1.73E-12 3.41E-12 4.13E-12
 4.48E-12 4.77E-12 4.88E-12 4.70E-12 4.26E-12 3.98E-12
 1.40E-30 3.28E-24 3.93E-19 2.33E-15 1.61E-13 1.73E-12 3.41E-12 4.13E-12
 4.48E-12 4.77E-12 4.88E-12 4.70E-12 4.26E-12 3.98E-12
 1.45E-30 3.38E-24 4.00E-19 2.36E-15 1.63E-13 1.74E-12 3.42E-12 4.14E-12
 4.48E-12 4.77E-12 4.88E-12 4.70E-12 4.26E-12 3.98E-12
  17.5553    7  14 /pl=01:ss=30:pb= 1:sz=30/type=excit/ispb = t/isel =    7
 1.00E+10 1.00E+11 1.00E+12 1.00E+13 1.00E+14 1.00E+15 1.00E+16
 1.66E+01 2.48E+01 4.14E+01 8.28E+01 1.66E+02 4.14E+02 8.28E+02 1.24E+03
 1.66E+03 2.48E+03 4.14E+03 8.28E+03 1.66E+04 2.48E+04
 4.29E-35 3.48E-27 6.74E-21 3.01E-16 5.37E-14 9.55E-13 2.10E-12 2.55E-12
 2.71E-12 2.75E-12 2.58E-12 2.16E-12 1.70E-12 1.45E-12
 4.29E-35 3.48E-27 6.74E-21 3.01E-16 5.37E-14 9.55E-13 2.10E-12 2.55E-12
 2.71E-12 2.75E-12 2.58E-12 2.16E-12 1.70E-12 1.45E-12
 4.29E-35 3.48E-27 6.74E-21 3.01E-16 5.37E-14 9.55E-13 2.10E-12 2.55E-12
 2.71E-12 2.75E-12 2.58E-12 2.16E-12 1.70E-12 1.45E-12
 4.29E-35 3.48E-27 6.74E-21 3.01E-16 5.37E-14 9.55E-13 2.10E-12 2.55E-12
 2.71E-12 2.75E-12 2.58E-12 2.16E-12 1.70E-12 1.45E-12
 4.29E-35 3.48E-27 6.74E-21 3.01E-16 5.37E-14 9.55E-13 2.10E-12 2.55E-12
 2.71E-12 2.75E-12 2.58E-12 2.16E-12 1.70E-12 1.45E-12
 4.29E-35 3.48E-27 6.74E-21 3.01E-16 5.37E-14 9.55E-13 2.10E-12 2.55E-12
 2.71E-12 2.75E-12 2.58E-12 2.16E-12 1.70E-12 1.45E-12
 4.30E-35 3.49E-27 6.75E-21 3.01E-16 5.37E-14 9.53E-13 2.10E-12 2.54E-12
 2.70E-12 2.74E-12 2.57E-12 2.15E-12 1.70E-12 1.45E-12
  19.0279    7  14 /pl=01:ss=30:pb= 1:sz=30/type=excit/ispb = t/isel =    8
 1.00E+10 1.00E+11 1.00E+12 1.00E+13 1.00E+14 1.00E+15 1.00E+16
 1.66E+01 2.48E+01 4.14E+01 8.28E+01 1.66E+02 4.14E+02 8.28E+02 1.24E+03
 1.66E+03 2.48E+03 4.14E+03 8.28E+03 1.66E+04 2.48E+04
 2.56E-32 6.89E-25 5.51E-19 1.27E-14 1.63E-12 2.38E-11 4.91E-11 5.83E-11
 6.13E-11 6.13E-11 5.70E-11 4.70E-11 3.66E-11 3.11E-11
 2.56E-32 6.89E-25 5.51E-19 1.27E-14 1.63E-12 2.38E-11 4.91E-11 5.83E-11
 6.13E-11 6.13E-11 5.70E-11 4.70E-11 3.66E-11 3.11E-11
 2.56E-32 6.89E-25 5.51E-19 1.27E-14 1.63E-12 2.38E-11 4.91E-11 5.83E-11
 6.13E-11 6.13E-11 5.70E-11 4.70E-11 3.66E-11 3.11E-11
 2.56E-32 6.89E-25 5.51E-19 1.27E-14 1.63E-12 2.38E-11 4.91E-11 5.83E-11
 6.13E-11 6.13E-11 5.70E-11 4.70E-11 3.66E-11 3.11E-11
 2.56E-32 6.89E-25 5.51E-19 1.27E-14 1.63E-12 2.38E-11 4.91E-11 5.83E-11
 6.13E-11 6.13E-11 5.70E-11 4.70E-11 3.66E-11 3.11E-11
 2.56E-32 6.89E-25 5.51E-19 1.27E-14 1.63E-12 2.37E-11 4.91E-11 5.82E-11
 6.13E-11 6.13E-11 5.69E-11 4.70E-11 3.66E-11 3.11E-11
 2.57E-32 6.90E-25 5.51E-19 1.27E-14 1.63E-12 2.37E-11 4.90E-11 5.80E-11
 6.11E-11 6.11E-11 5.68E-11 4.68E-11 3.65E-11 3.10E-11
  19.7163    7  14 /pl=01:ss=30:pb= 1:sz=30/type=excit/ispb = t/isel =    9
 1.00E+10 1.00E+11 1.00E+12 1.00E+13 1.00E+14 1.00E+15 1.00E+16
 1.66E+01 2.48E+01 4.14E+01 8.28E+01 1.66E+02 4.14E+02 8.28E+02 1.24E+03
 1.66E+03 2.48E+03 4.14E+03 8.28E+03 1.66E+04 2.48E+04
 1.94E-26 5.00E-21 9.92E-17 1.52E-13 5.77E-12 4.83E-11 9.53E-11 1.20E-10
 1.34E-10 1.51E-10 1.67E-10 1.75E-10 1.72E-10 1.65E-10
 1.94E-26 5.00E-21 9.92E-17 1.52E-13 5.77E-12 4.83E-11 9.53E-11 1.20E-10
 1.34E-10 1.51E-10 1.67E-10 1.75E-10 1.72E-10 1.65E-10
 1.94E-26 5.00E-21 9.92E-17 1.52E-13 5.77E-12 4.83E-11 9.53E-11 1.20E-10
 1.34E-10 1.51E-10 1.67E-10 1.75E-10 1.72E-10 1.65E-10
 1.94E-26 5.00E-21 9.92E-17 1.52E-13 5.77E-12 4.83E-11 9.53E-11 1.20E-10
 1.34E-10 1.51E-10 1.67E-10 1.75E-10 1.72E-10 1.65E-10
 1.94E-26 5.00E-21 9.92E-17 1.52E-13 5.77E-12 4.83E-11 9.53E-11 1.20E-10
 1.34E-10 1.51E-10 1.67E-10 1.75E-10 1.72E-10 1.65E-10
 1.94E-26 5.00E-21 9.92E-17 1.52E-13 5.77E-12 4.83E-11 9.52E-11 1.20E-10
 1.34E-10 1.51E-10 1.67E-10 1.75E-10 1.72E-10 1.65E-10
 1.95E-26 5.01E-21 9.94E-17 1.52E-13 5.77E-12 4.82E-11 9.49E-11 1.19E-10
 1.34E-10 1.51E-10 1.66E-10 1.75E-10 1.71E-10 1.65E-10
  19.7681    7  14 /pl=01:ss=30:pb= 1:sz=30/type=excit/ispb = t/isel =   10
 1.00E+10 1.00E+11 1.00E+12 1.00E+13 1.00E+14 1.00E+15 1.00E+16
 1.66E+01 2.48E+01 4.14E+01 8.28E+01 1.66E+02 4.14E+02 8.28E+02 1.24E+03
 1.66E+03 2.48E+03 4.14E+03 8.28E+03 1.66E+04 2.48E+04
 2.52E-32 4.56E-25 2.66E-19 4.83E-15 5.56E-13 7.81E-12 1.66E-11 2.05E-11
 2.22E-11 2.32E-11 2.27E-11 2.00E-11 1.64E-11 1.42E-11
 2.52E-32 4.56E-25 2.66E-19 4.83E-15 5.56E-13 7.81E-12 1.66E-11 2.05E-11
 2.22E-11 2.32E-11 2.27E-11 2.00E-11 1.64E-11 1.42E-11
 2.52E-32 4.56E-25 2.66E-19 4.83E-15 5.56E-13 7.81E-12 1.66E-11 2.05E-11
 2.22E-11 2.32E-11 2.27E-11 2.00E-11 1.64E-11 1.42E-11
 2.52E-32 4.56E-25 2.66E-19 4.83E-15 5.56E-13 7.81E-12 1.66E-11 2.05E-11
 2.22E-11 2.32E-11 2.27E-11 2.00E-11 1.64E-11 1.42E-11
 2.52E-32 4.56E-25 2.66E-19 4.83E-15 5.56E-13 7.81E-12 1.66E-11 2.05E-11
 2.22E-11 2.32E-11 2.27E-11 2.00E-11 1.64E-11 1.42E-11
 2.52E-32 4.56E-25 2.66E-19 4.83E-15 5.56E-13 7.81E-12 1.66E-11 2.05E-11
 2.22E-11 2.31E-11 2.27E-11 2.00E-11 1.64E-11 1.42E-11
 2.52E-32 4.56E-25 2.66E-19 4.83E-15 5.55E-13 7.80E-12 1.66E-11 2.04E-11
 2.21E-11 2.31E-11 2.26E-11 2.00E-11 1.63E-11 1.42E-11
  21.6302    7  14 /pl=01:ss=30:pb= 1:sz=30/type=excit/ispb = t/isel =   11
 1.00E+10 1.00E+11 1.00E+12 1.00E+13 1.00E+14 1.00E+15 1.00E+16
 1.66E+01 2.48E+01 4.14E+01 8.28E+01 1.66E+02 4.14E+02 8.28E+02 1.24E+03
 1.66E+03 2.48E+03 4.14E+03 8.28E+03 1.66E+04 2.48E+04
 5.51E-31 3.07E-24 6.99E-19 6.36E-15 5.17E-13 5.83E-12 1.12E-11 1.30E-11
 1.36E-11 1.36E-11 1.28E-11 1.08E-11 8.75E-12 7.63E-12
 5.51E-31 3.07E-24 6.99E-19 6.36E-15 5.17E-13 5.83E-12 1.12E-11 1.30E-11
 1.36E-11 1.36E-11 1.28E-11 1.08E-11 8.75E-12 7.63E-12
 5.51E-31 3.07E-24 6.99E-19 6.36E-15 5.17E-13 5.83E-12 1.12E-11 1.30E-11
 1.36E-11 1.36E-11 1.28E-11 1.08E-11 8.75E-12 7.63E-12
 5.51E-31 3.07E-24 6.99E-19 6.36E-15 5.17E-13 5.83E-12 1.12E-11 1.30E-11
 1.36E-11 1.36E-11 1.28E-11 1.08E-11 8.75E-12 7.63E-12
 5.51E-31 3.07E-24 6.99E-19 6.36E-15 5.17E-13 5.83E-12 1.12E-11 1.30E-11
 1.36E-11 1.36E-11 1.28E-11 1.08E-11 8.75E-12 7.63E-12
 5.51E-31 3.07E-24 6.99E-19 6.36E-15 5.17E-13 5.83E-12 1.12E-11 1.30E-11
 1.36E-11 1.36E-11 1.28E-11 1.08E-11 8.75E-12 7.63E-12
 5.53E-31 3.08E-24 7.01E-19 6.37E-15 5.18E-13 5.82E-12 1.11E-11 1.30E-11
 1.35E-11 1.36E-11 1.27E-11 1.08E-11 8.73E-12 7.62E-12
  25.5029    7  14 /pl=01:ss=30:pb= 1:sz=30/type=excit/ispb = t/isel =   12
 1.00E+10 1.00E+11 1.00E+12 1.00E+13 1.00E+14 1.00E+15 1.00E+16
 1.66E+01 2.48E+01 4.14E+01 8.28E+01 1.66E+02 4.14E+02 8.28E+02 1.24E+03
 1.66E+03 2.48E+03 4.14E+03 8.28E+03 1.66E+04 2.48E+04
 2.14E-27 2.06E-21 1.15E-16 3.59E-13 1.70E-11 1.39E-10 2.39E-10 2.69E-10
 2.77E-10 2.73E-10 2.49E-10 2.05E-10 1.60E-10 1.36E-10
 2.14E-27 2.06E-21 1.15E-16 3.59E-13 1.70E-11 1.39E-10 2.39E-10 2.69E-10
 2.77E-10 2.73E-10 2.49E-10 2.05E-10 1.60E-10 1.36E-10
 2.14E-27 2.06E-21 1.15E-16 3.59E-13 1.70E-11 1.39E-10 2.39E-10 2.69E-10
 2.77E-10 2.73E-10 2.49E-10 2.05E-10 1.60E-10 1.36E-10
 2.14E-27 2.06E-21 1.15E-16 3.59E-13 1.70E-11 1.39E-10 2.39E-10 2.69E-10
 2.77E-10 2.73E-10 2.49E-10 2.05E-10 1.60E-10 1.36E-10
 2.14E-27 2.06E-21 1.15E-16 3.59E-13 1.70E-11 1.39E-10 2.39E-10 2.69E-10
 2.77E-10 2.73E-10 2.49E-10 2.05E-10 1.60E-10 1.36E-10
 2.14E-27 2.06E-21 1.15E-16 3.59E-13 1.70E-11 1.39E-10 2.39E-10 2.69E-10
 2.77E-10 2.73E-10 2.49E-10 2.05E-10 1.60E-10 1.36E-10
 2.14E-27 2.06E-21 1.15E-16 3.59E-13 1.70E-11 1.38E-10 2.39E-10 2.68E-10
 2.76E-10 2.72E-10 2.48E-10 2.04E-10 1.60E-10 1.36E-10
  26.9745    7  14 /pl=01:ss=30:pb= 1:sz=30/type=excit/ispb = t/isel =   13
 1.00E+10 1.00E+11 1.00E+12 1.00E+13 1.00E+14 1.00E+15 1.00E+16
 1.66E+01 2.48E+01 4.14E+01 8.28E+01 1.66E+02 4.14E+02 8.28E+02 1.24E+03
 1.66E+03 2.48E+03 4.14E+03 8.28E+03 1.66E+04 2.48E+04
 9.93E-35 8.05E-27 1.56E-20 6.95E-16 1.24E-13 2.21E-12 4.87E-12 5.90E-12
 6.27E-12 6.37E-12 5.97E-12 4.99E-12 3.93E-12 3.36E-12
 9.93E-35 8.05E-27 1.56E-20 6.95E-16 1.24E-13 2.21E-12 4.87E-12 5.90E-12
 6.27E-12 6.37E-12 5.97E-12 4.99E-12 3.93E-12 3.36E-12
 9.93E-35 8.05E-27 1.56E-20 6.95E-16 1.24E-13 2.21E-12 4.87E-12 5.90E-12
 6.27E-12 6.37E-12 5.97E-12 4.99E-12 3.93E-12 3.36E-12
 9.93E-35 8.05E-27 1.56E-20 6.95E-16 1.24E-13 2.21E-12 4.87E-12 5.90E-12
 6.27E-12 6.37E-12 5.97E-12 4.99E-12 3.93E-12 3.36E-12
 9.93E-35 8.05E-27 1.56E-20 6.95E-16 1.24E-13 2.21E-12 4.87E-12 5.90E-12
 6.27E-12 6.37E-12 5.97E-12 4.99E-12 3.93E-12 3.36E-12
 9.93E-35 8.06E-27 1.56E-20 6.96E-16 1.24E-13 2.21E-12 4.86E-12 5.89E-12
 6.27E-12 6.37E-12 5.96E-12 4.98E-12 3.93E-12 3.36E-12
 9.95E-35 8.07E-27 1.56E-20 6.96E-16 1.24E-13 2.20E-12 4.85E-12 5.88E-12
 6.25E-12 6.34E-12 5.94E-12 4.97E-12 3.92E-12 3.35E-12
  27.2481    7  14 /pl=01:ss=30:pb= 1:sz=30/type=excit/ispb = t/isel =   14
 1.00E+10 1.00E+11 1.00E+12 1.00E+13 1.00E+14 1.00E+15 1.00E+16
 1.66E+01 2.48E+01 4.14E+01 8.28E+01 1.66E+02 4.14E+02 8.28E+02 1.24E+03
 1.66E+03 2.48E+03 4.14E+03 8.28E+03 1.66E+04 2.48E+04
 7.70E-22 6.20E-18 8.20E-15 1.83E-12 2.67E-11 1.24E-10 1.94E-10 2.20E-10
 2.31E-10 2.40E-10 2.40E-10 2.26E-10 2.03E-10 1.87E-10
 7.70E-22 6.20E-18 8.20E-15 1.83E-12 2.67E-11 1.24E-10 1.94E-10 2.20E-10
 2.31E-10 2.40E-10 2.40E-10 2.26E-10 2.03E-10 1.87E-10
 7.70E-22 6.20E-18 8.20E-15 1.83E-12 2.67E-11 1.24E-10 1.94E-10 2.20E-10
 2.31E-10 2.40E-10 2.40E-10 2.26E-10 2.03E-10 1.87E-10
 7.70E-22 6.20E-18 8.21E-15 1.83E-12 2.67E-11 1.24E-10 1.94E-10 2.20E-10
 2.31E-10 2.40E-10 2.40E-10 2.26E-10 2.03E-10 1.87E-10
 7.75E-22 6.23E-18 8.24E-15 1.84E-12 2.68E-11 1.24E-10 1.94E-10 2.20E-10
 2.32E-10 2.40E-10 2.40E-10 2.26E-10 2.03E-10 1.87E-10
 8.23E-22 6.54E-18 8.53E-15 1.88E-12 2.72E-11 1.25E-10 1.95E-10 2.21E-10
 2.33E-10 2.41E-10 2.41E-10 2.27E-10 2.03E-10 1.88E-10
 1.29E-21 9.47E-18 1.12E-14 2.22E-12 3.04E-11 1.35E-10 2.07E-10 2.33E-10
 2.43E-10 2.50E-10 2.48E-10 2.32E-10 2.07E-10 1.90E-10
  27.2646    7  14 /pl=01:ss=30:pb= 1:sz=30/type=excit/ispb = t/isel =   15
 1.00E+10 1.00E+11 1.00E+12 1.00E+13 1.00E+14 1.00E+15 1.00E+16
 1.66E+01 2.48E+01 4.14E+01 8.28E+01 1.66E+02 4.14E+02 8.28E+02 1.24E+03
 1.66E+03 2.48E+03 4.14E+03 8.28E+03 1.66E+04 2.48E+04
 4.03E-33 6.19E-26 3.19E-20 5.36E-16 5.94E-14 8.07E-13 1.68E-12 2.06E-12
 2.26E-12 2.47E-12 2.66E-12 2.80E-12 2.80E-12 2.75E-12
 4.03E-33 6.19E-26 3.19E-20 5.36E-16 5.94E-14 8.07E-13 1.68E-12 2.06E-12
 2.26E-12 2.47E-12 2.66E-12 2.80E-12 2.80E-12 2.75E-12
 4.03E-33 6.20E-26 3.19E-20 5.36E-16 5.94E-14 8.08E-13 1.68E-12 2.06E-12
 2.26E-12 2.47E-12 2.66E-12 2.80E-12 2.80E-12 2.75E-12
 4.05E-33 6.22E-26 3.20E-20 5.37E-16 5.95E-14 8.08E-13 1.68E-12 2.06E-12
 2.26E-12 2.47E-12 2.66E-12 2.80E-12 2.80E-12 2.75E-12
 4.21E-33 6.41E-26 3.28E-20 5.47E-16 6.04E-14 8.17E-13 1.69E-12 2.08E-12
 2.28E-12 2.49E-12 2.67E-12 2.81E-12 2.81E-12 2.75E-12
 5.76E-33 8.38E-26 4.07E-20 6.45E-16 6.88E-14 9.04E-13 1.84E-12 2.23E-12
 2.43E-12 2.62E-12 2.78E-12 2.89E-12 2.86E-12 2.79E-12
 2.08E-32 2.63E-25 1.06E-19 1.38E-15 1.28E-13 1.52E-12 2.91E-12 3.39E-12
 3.58E-12 3.69E-12 3.67E-12 3.52E-12 3.26E-12 3.10E-12
  27.3279    7  14 /pl=01:ss=30:pb= 1:sz=30/type=excit/ispb = t/isel =   16
 1.00E+10 1.00E+11 1.00E+12 1.00E+13 1.00E+14 1.00E+15 1.00E+16
 1.66E+01 2.48E+01 4.14E+01 8.28E+01 1.66E+02 4.14E+02 8.28E+02 1.24E+03
 1.66E+03 2.48E+03 4.14E+03 8.28E+03 1.66E+04 2.48E+04
 6.47E-27 3.56E-21 1.28E-16 2.89E-13 1.18E-11 8.92E-11 1.51E-10 1.70E-10
 1.75E-10 1.73E-10 1.61E-10 1.36E-10 1.10E-10 9.54E-11
 6.47E-27 3.56E-21 1.28E-16 2.89E-13 1.18E-11 8.92E-11 1.51E-10 1.70E-10
 1.75E-10 1.73E-10 1.61E-10 1.36E-10 1.10E-10 9.54E-11
 6.47E-27 3.56E-21 1.28E-16 2.89E-13 1.18E-11 8.92E-11 1.51E-10 1.70E-10
 1.75E-10 1.73E-10 1.61E-10 1.36E-10 1.10E-10 9.54E-11
 6.47E-27 3.56E-21 1.28E-16 2.89E-13 1.18E-11 8.92E-11 1.51E-10 1.70E-10
 1.75E-10 1.73E-10 1.61E-10 1.36E-10 1.10E-10 9.54E-11
 6.47E-27 3.56E-21 1.28E-16 2.89E-13 1.18E-11 8.92E-11 1.51E-10 1.70E-10
 1.75E-10 1.73E-10 1.61E-10 1.36E-10 1.10E-10 9.54E-11
 6.47E-27 3.56E-21 1.28E-16 2.89E-13 1.18E-11 8.95E-11 1.52E-10 1.70E-10
 1.75E-10 1.73E-10 1.61E-10 1.36E-10 1.10E-10 9.55E-11
 6.47E-27 3.56E-21 1.28E-16 2.91E-13 1.20E-11 9.10E-11 1.54E-10 1.73E-10
 1.78E-10 1.76E-10 1.63E-10 1.37E-10 1.11E-10 9.62E-11
  31.0299    7  14 /pl=01:ss=30:pb= 1:sz=30/type=excit/ispb = t/isel =   17
 1.00E+10 1.00E+11 1.00E+12 1.00E+13 1.00E+14 1.00E+15 1.00E+16
 1.66E+01 2.48E+01 4.14E+01 8.28E+01 1.66E+02 4.14E+02 8.28E+02 1.24E+03
 1.66E+03 2.48E+03 4.14E+03 8.28E+03 1.66E+04 2.48E+04
 1.47E-35 2.03E-27 6.02E-21 3.72E-16 7.93E-14 1.66E-12 4.24E-12 5.75E-12
 6.72E-12 7.91E-12 9.07E-12 9.85E-12 9.92E-12 9.65E-12
 1.47E-35 2.03E-27 6.02E-21 3.72E-16 7.93E-14 1.66E-12 4.24E-12 5.75E-12
 6.72E-12 7.91E-12 9.07E-12 9.85E-12 9.92E-12 9.65E-12
 1.47E-35 2.03E-27 6.02E-21 3.72E-16 7.93E-14 1.66E-12 4.24E-12 5.75E-12
 6.72E-12 7.91E-12 9.07E-12 9.85E-12 9.92E-12 9.65E-12
 1.47E-35 2.03E-27 6.02E-21 3.72E-16 7.93E-14 1.66E-12 4.24E-12 5.75E-12
 6.72E-12 7.91E-12 9.07E-12 9.85E-12 9.92E-12 9.65E-12
 1.47E-35 2.03E-27 6.02E-21 3.72E-16 7.93E-14 1.66E-12 4.24E-12 5.75E-12
 6.72E-12 7.91E-12 9.07E-12 9.85E-12 9.92E-12 9.65E-12
 1.47E-35 2.03E-27 6.02E-21 3.72E-16 7.93E-14 1.66E-12 4.23E-12 5.75E-12
 6.72E-12 7.90E-12 9.07E-12 9.85E-12 9.91E-12 9.65E-12
 1.47E-35 2.03E-27 6.03E-21 3.72E-16 7.93E-14 1.65E-12 4.22E-12 5.73E-12
 6.69E-12 7.87E-12 9.04E-12 9.82E-12 9.89E-12 9.62E-12
  31.8299    7  14 /pl=01:ss=30:pb= 1:sz=30/type=excit/ispb = t/isel =   18
 1.00E+10 1.00E+11 1.00E+12 1.00E+13 1.00E+14 1.00E+15 1.00E+16
 1.66E+01 2.48E+01 4.14E+01 8.28E+01 1.66E+02 4.14E+02 8.28E+02 1.24E+03
 1.66E+03 2.48E+03 4.14E+03 8.28E+03 1.66E+04 2.48E+04
 3.65E-30 1.50E-23 2.69E-18 2.02E-14 1.48E-12 1.57E-11 2.95E-11 3.39E-11
 3.54E-11 3.53E-11 3.29E-11 2.74E-11 2.15E-11 1.85E-11
 3.65E-30 1.50E-23 2.69E-18 2.02E-14 1.48E-12 1.57E-11 2.95E-11 3.39E-11
 3.54E-11 3.53E-11 3.29E-11 2.74E-11 2.15E-11 1.85E-11
 3.65E-30 1.50E-23 2.69E-18 2.02E-14 1.48E-12 1.57E-11 2.95E-11 3.39E-11
 3.54E-11 3.53E-11 3.29E-11 2.74E-11 2.15E-11 1.85E-11
 3.65E-30 1.50E-23 2.68E-18 2.02E-14 1.48E-12 1.57E-11 2.95E-11 3.39E-11
 3.54E-11 3.53E-11 3.29E-11 2.74E-11 2.15E-11 1.85E-11
 3.65E-30 1.50E-23 2.68E-18 2.01E-14 1.48E-12 1.56E-11 2.94E-11 3.38E-11
 3.53E-11 3.52E-11 3.28E-11 2.74E-11 2.15E-11 1.84E-11
 3.63E-30 1.49E-23 2.63E-18 1.95E-14 1.42E-12 1.50E-11 2.84E-11 3.28E-11
 3.43E-11 3.44E-11 3.21E-11 2.69E-11 2.12E-11 1.82E-11
 3.52E-30 1.37E-23 2.23E-18 1.50E-14 1.04E-12 1.11E-11 2.15E-11 2.52E-11
 2.68E-11 2.74E-11 2.63E-11 2.28E-11 1.85E-11 1.62E-11
  31.8684    7  14 /pl=01:ss=30:pb= 1:sz=30/type=excit/ispb = t/isel =   19
 1.00E+10 1.00E+11 1.00E+12 1.00E+13 1.00E+14 1.00E+15 1.00E+16
 1.66E+01 2.48E+01 4.14E+01 8.28E+01 1.66E+02 4.14E+02 8.28E+02 1.24E+03
 1.66E+03 2.48E+03 4.14E+03 8.28E+03 1.66E+04 2.48E+04
 3.28E-20 6.80E-17 2.84E-14 2.37E-12 1.96E-11 6.12E-11 8.03E-11 8.39E-11
 8.36E-11 8.07E-11 7.44E-11 6.36E-11 5.28E-11 4.68E-11
 3.28E-20 6.80E-17 2.84E-14 2.37E-12 1.96E-11 6.12E-11 8.03E-11 8.39E-11
 8.36E-11 8.07E-11 7.44E-11 6.36E-11 5.28E-11 4.68E-11
 3.28E-20 6.80E-17 2.84E-14 2.37E-12 1.96E-11 6.12E-11 8.03E-11 8.39E-11
 8.36E-11 8.07E-11 7.44E-11 6.36E-11 5.28E-11 4.68E-11
 3.28E-20 6.80E-17 2.84E-14 2.37E-12 1.96E-11 6.12E-11 8.03E-11 8.39E-11
 8.35E-11 8.07E-11 7.44E-11 6.36E-11 5.28E-11 4.68E-11
 3.28E-20 6.79E-17 2.83E-14 2.37E-12 1.96E-11 6.10E-11 8.01E-11 8.38E-11
 8.34E-11 8.06E-11 7.43E-11 6.35E-11 5.27E-11 4.67E-11
 3.27E-20 6.76E-17 2.80E-14 2.32E-12 1.91E-11 5.96E-11 7.85E-11 8.22E-11
 8.19E-11 7.93E-11 7.33E-11 6.28E-11 5.22E-11 4.64E-11
 3.22E-20 6.45E-17 2.53E-14 1.96E-12 1.56E-11 4.87E-11 6.52E-11 6.92E-11
 6.96E-11 6.84E-11 6.44E-11 5.64E-11 4.79E-11 4.30E-11
  35.6904    7  14 /pl=01:ss=30:pb= 1:sz=30/type=excit/ispb = t/isel =   20
 1.00E+10 1.00E+11 1.00E+12 1.00E+13 1.00E+14 1.00E+15 1.00E+16
 1.66E+01 2.48E+01 4.14E+01 8.28E+01 1.66E+02 4.14E+02 8.28E+02 1.24E+03
 1.66E+03 2.48E+03 4.14E+03 8.28E+03 1.66E+04 2.48E+04
 1.31E-30 3.07E-24 3.68E-19 2.18E-15 1.51E-13 1.62E-12 3.20E-12 3.88E-12
 4.20E-12 4.48E-12 4.58E-12 4.41E-12 4.00E-12 3.74E-12
 1.31E-30 3.07E-24 3.68E-19 2.18E-15 1.51E-13 1.62E-12 3.20E-12 3.88E-12
 4.20E-12 4.48E-12 4.58E-12 4.41E-12 4.00E-12 3.74E-12
 1.31E-30 3.07E-24 3.68E-19 2.18E-15 1.51E-13 1.62E-12 3.20E-12 3.88E-12
 4.20E-12 4.48E-12 4.58E-12 4.41E-12 4.00E-12 3.74E-12
 1.31E-30 3.07E-24 3.68E-19 2.18E-15 1.51E-13 1.62E-12 3.20E-12 3.88E-12
 4.20E-12 4.48E-12 4.58E-12 4.41E-12 4.00E-12 3.74E-12
 1.31E-30 3.07E-24 3.68E-19 2.18E-15 1.51E-13 1.62E-12 3.20E-12 3.88E-12
 4.20E-12 4.48E-12 4.58E-12 4.41E-12 4.00E-12 3.74E-12
 1.31E-30 3.08E-24 3.68E-19 2.19E-15 1.51E-13 1.63E-12 3.21E-12 3.88E-12
 4.20E-12 4.48E-12 4.58E-12 4.41E-12 4.00E-12 3.74E-12
 1.36E-30 3.17E-24 3.76E-19 2.22E-15 1.53E-13 1.63E-12 3.21E-12 3.88E-12
 4.21E-12 4.48E-12 4.58E-12 4.41E-12 4.00E-12 3.74E-12
  35.7885    7  14 /pl=01:ss=30:pb= 1:sz=30/type=excit/ispb = t/isel =   21
 1.00E+10 1.00E+11 1.00E+12 1.00E+13 1.00E+14 1.00E+15 1.00E+16
 1.66E+01 2.48E+01 4.14E+01 8.28E+01 1.66E+02 4.14E+02 8.28E+02 1.24E+03
 1.66E+03 2.48E+03 4.14E+03 8.28E+03 1.66E+04 2.48E+04
 7.85E-35 3.85E-27 5.05E-21 1.72E-16 2.70E-14 4.59E-13 1.04E-12 1.31E-12
 1.46E-12 1.59E-12 1.68E-12 1.66E-12 1.55E-12 1.46E-12
 7.85E-35 3.85E-27 5.05E-21 1.72E-16 2.70E-14 4.59E-13 1.04E-12 1.31E-12
 1.46E-12 1.59E-12 1.68E-12 1.66E-12 1.55E-12 1.46E-12
 7.85E-35 3.85E-27 5.05E-21 1.72E-16 2.70E-14 4.59E-13 1.04E-12 1.31E-12
 1.46E-12 1.59E-12 1.68E-12 1.66E-12 1.55E-12 1.46E-12
 7.85E-35 3.85E-27 5.05E-21 1.72E-16 2.70E-14 4.59E-13 1.04E-12 1.31E-12
 1.46E-12 1.59E-12 1.68E-12 1.66E-12 1.55E-12 1.46E-12
 7.85E-35 3.85E-27 5.05E-21 1.72E-16 2.70E-14 4.59E-13 1.04E-12 1.31E-12
 1.46E-12 1.59E-12 1.68E-12 1.66E-12 1.55E-12 1.46E-12
 7.87E-35 3.86E-27 5.06E-21 1.72E-16 2.71E-14 4.59E-13 1.04E-12 1.31E-12
 1.46E-12 1.59E-12 1.68E-12 1.66E-12 1.55E-12 1.46E-12
 8.06E-35 3.93E-27 5.13E-21 1.73E-16 2.72E-14 4.60E-13 1.04E-12 1.31E-12
 1.46E-12 1.59E-12 1.68E-12 1.66E-12 1.55E-12 1.46E-12
  37.1368    7  14 /pl=01:ss=30:pb= 1:sz=30/type=excit/ispb = t/isel =   22
 1.00E+10 1.00E+11 1.00E+12 1.00E+13 1.00E+14 1.00E+15 1.00E+16
 1.66E+01 2.48E+01 4.14E+01 8.28E+01 1.66E+02 4.14E+02 8.28E+02 1.24E+03
 1.66E+03 2.48E+03 4.14E+03 8.28E+03 1.66E+04 2.48E+04
 2.53E-30 7.96E-24 1.17E-18 8.15E-15 6.19E-13 7.11E-12 1.47E-11 1.83E-11
 2.04E-11 2.29E-11 2.52E-11 2.68E-11 2.66E-11 2.59E-11
 2.53E-30 7.96E-24 1.17E-18 8.15E-15 6.19E-13 7.11E-12 1.47E-11 1.83E-11
 2.04E-11 2.29E-11 2.52E-11 2.68E-11 2.66E-11 2.59E-11
 2.53E-30 7.96E-24 1.17E-18 8.15E-15 6.19E-13 7.11E-12 1.47E-11 1.83E-11
 2.04E-11 2.29E-11 2.52E-11 2.68E-11 2.66E-11 2.59E-11
 2.53E-30 7.96E-24 1.17E-18 8.15E-15 6.19E-13 7.11E-12 1.47E-11 1.83E-11
 2.04E-11 2.29E-11 2.52E-11 2.68E-11 2.66E-11 2.59E-11
 2.53E-30 7.96E-24 1.17E-18 8.15E-15 6.19E-13 7.12E-12 1.47E-11 1.83E-11
 2.05E-11 2.29E-11 2.52E-11 2.68E-11 2.66E-11 2.59E-11
 2.53E-30 7.96E-24 1.17E-18 8.16E-15 6.21E-13 7.13E-12 1.47E-11 1.84E-11
 2.05E-11 2.29E-11 2.52E-11 2.68E-11 2.66E-11 2.59E-11
 2.54E-30 7.99E-24 1.18E-18 8.26E-15 6.32E-13 7.25E-12 1.49E-11 1.85E-11
 2.06E-11 2.30E-11 2.53E-11 2.68E-11 2.66E-11 2.59E-11
  37.2077    7  14 /pl=01:ss=30:pb= 1:sz=30/type=excit/ispb = t/isel =   23
 1.00E+10 1.00E+11 1.00E+12 1.00E+13 1.00E+14 1.00E+15 1.00E+16
 1.66E+01 2.48E+01 4.14E+01 8.28E+01 1.66E+02 4.14E+02 8.28E+02 1.24E+03
 1.66E+03 2.48E+03 4.14E+03 8.28E+03 1.66E+04 2.48E+04
 1.36E-23 6.06E-19 2.89E-15 1.45E-12 2.82E-11 1.40E-10 2.11E-10 2.29E-10
 2.33E-10 2.28E-10 2.12E-10 1.83E-10 1.52E-10 1.34E-10
 1.36E-23 6.06E-19 2.89E-15 1.45E-12 2.82E-11 1.40E-10 2.11E-10 2.29E-10
 2.33E-10 2.28E-10 2.12E-10 1.83E-10 1.52E-10 1.34E-10
 1.36E-23 6.06E-19 2.89E-15 1.45E-12 2.82E-11 1.40E-10 2.11E-10 2.29E-10
 2.33E-10 2.28E-10 2.12E-10 1.83E-10 1.52E-10 1.34E-10
 1.36E-23 6.06E-19 2.89E-15 1.45E-12 2.82E-11 1.40E-10 2.11E-10 2.29E-10
 2.33E-10 2.28E-10 2.12E-10 1.83E-10 1.52E-10 1.34E-10
 1.37E-23 6.06E-19 2.89E-15 1.45E-12 2.82E-11 1.40E-10 2.11E-10 2.29E-10
 2.33E-10 2.28E-10 2.12E-10 1.83E-10 1.52E-10 1.34E-10
 1.37E-23 6.07E-19 2.90E-15 1.45E-12 2.82E-11 1.40E-10 2.11E-10 2.29E-10
 2.33E-10 2.28E-10 2.12E-10 1.83E-10 1.52E-10 1.34E-10
 1.40E-23 6.19E-19 2.94E-15 1.46E-12 2.84E-11 1.41E-10 2.11E-10 2.29E-10
 2.33E-10 2.28E-10 2.12E-10 1.82E-10 1.51E-10 1.34E-10
  37.3441    7  14 /pl=01:ss=30:pb= 1:sz=30/type=excit/ispb = t/isel =   24
 1.00E+10 1.00E+11 1.00E+12 1.00E+13 1.00E+14 1.00E+15 1.00E+16
 1.66E+01 2.48E+01 4.14E+01 8.28E+01 1.66E+02 4.14E+02 8.28E+02 1.24E+03
 1.66E+03 2.48E+03 4.14E+03 8.28E+03 1.66E+04 2.48E+04
 6.86E-36 1.40E-27 5.69E-21 4.40E-16 1.04E-13 2.17E-12 4.99E-12 6.15E-12
 6.52E-12 6.62E-12 6.18E-12 5.10E-12 3.91E-12 3.30E-12
 6.86E-36 1.40E-27 5.69E-21 4.40E-16 1.04E-13 2.17E-12 4.99E-12 6.15E-12
 6.52E-12 6.62E-12 6.18E-12 5.10E-12 3.91E-12 3.30E-12
 6.86E-36 1.40E-27 5.69E-21 4.40E-16 1.04E-13 2.17E-12 4.99E-12 6.15E-12
 6.52E-12 6.62E-12 6.18E-12 5.10E-12 3.91E-12 3.30E-12
 6.86E-36 1.40E-27 5.69E-21 4.40E-16 1.04E-13 2.17E-12 4.99E-12 6.15E-12
 6.52E-12 6.62E-12 6.18E-12 5.10E-12 3.91E-12 3.30E-12
 6.86E-36 1.40E-27 5.69E-21 4.40E-16 1.04E-13 2.17E-12 4.99E-12 6.15E-12
 6.52E-12 6.62E-12 6.18E-12 5.10E-12 3.91E-12 3.30E-12
 6.86E-36 1.40E-27 5.69E-21 4.40E-16 1.04E-13 2.17E-12 4.98E-12 6.15E-12
 6.51E-12 6.61E-12 6.17E-12 5.10E-12 3.91E-12 3.30E-12
 6.87E-36 1.40E-27 5.69E-21 4.40E-16 1.04E-13 2.17E-12 4.97E-12 6.13E-12
 6.49E-12 6.59E-12 6.16E-12 5.08E-12 3.90E-12 3.29E-12
  37.9639    7  14 /pl=01:ss=30:pb= 1:sz=30/type=excit/ispb = t/isel =   25
 1.00E+10 1.00E+11 1.00E+12 1.00E+13 1.00E+14 1.00E+15 1.00E+16
 1.66E+01 2.48E+01 4.14E+01 8.28E+01 1.66E+02 4.14E+02 8.28E+02 1.24E+03
 1.66E+03 2.48E+03 4.14E+03 8.28E+03 1.66E+04 2.48E+04
 7.12E-31 3.96E-24 9.03E-19 8.21E-15 6.68E-13 7.53E-12 1.44E-11 1.68E-11
 1.75E-11 1.76E-11 1.65E-11 1.40E-11 1.13E-11 9.86E-12
 7.12E-31 3.96E-24 9.03E-19 8.21E-15 6.68E-13 7.53E-12 1.44E-11 1.68E-11
 1.75E-11 1.76E-11 1.65E-11 1.40E-11 1.13E-11 9.86E-12
 7.12E-31 3.96E-24 9.03E-19 8.21E-15 6.68E-13 7.53E-12 1.44E-11 1.68E-11
 1.75E-11 1.76E-11 1.65E-11 1.40E-11 1.13E-11 9.86E-12
 7.12E-31 3.96E-24 9.03E-19 8.21E-15 6.68E-13 7.53E-12 1.44E-11 1.68E-11
 1.75E-11 1.76E-11 1.65E-11 1.40E-11 1.13E-11 9.86E-12
 7.12E-31 3.96E-24 9.03E-19 8.21E-15 6.68E-13 7.53E-12 1.44E-11 1.68E-11
 1.75E-11 1.76E-11 1.65E-11 1.40E-11 1.13E-11 9.86E-12
 7.12E-31 3.96E-24 9.04E-19 8.22E-15 6.69E-13 7.53E-12 1.44E-11 1.68E-11
 1.75E-11 1.76E-11 1.65E-11 1.40E-11 1.13E-11 9.86E-12
 7.15E-31 3.98E-24 9.05E-19 8.23E-15 6.69E-13 7.52E-12 1.44E-11 1.68E-11
 1.75E-11 1.76E-11 1.64E-11 1.40E-11 1.13E-11 9.84E-12
  43.3792    7  14 /pl=01:ss=30:pb= 1:sz=30/type=excit/ispb = t/isel =   26
 1.00E+10 1.00E+11 1.00E+12 1.00E+13 1.00E+14 1.00E+15 1.00E+16
 1.66E+01 2.48E+01 4.14E+01 8.28E+01 1.66E+02 4.14E+02 8.28E+02 1.24E+03
 1.66E+03 2.48E+03 4.14E+03 8.28E+03 1.66E+04 2.48E+04
 4.74E-35 3.84E-27 7.44E-21 3.32E-16 5.93E-14 1.05E-12 2.32E-12 2.82E-12
 2.99E-12 3.04E-12 2.85E-12 2.38E-12 1.88E-12 1.60E-12
 4.74E-35 3.84E-27 7.44E-21 3.32E-16 5.93E-14 1.05E-12 2.32E-12 2.82E-12
 2.99E-12 3.04E-12 2.85E-12 2.38E-12 1.88E-12 1.60E-12
 4.74E-35 3.84E-27 7.44E-21 3.32E-16 5.93E-14 1.05E-12 2.32E-12 2.82E-12
 2.99E-12 3.04E-12 2.85E-12 2.38E-12 1.88E-12 1.60E-12
 4.74E-35 3.84E-27 7.44E-21 3.32E-16 5.93E-14 1.05E-12 2.32E-12 2.81E-12
 2.99E-12 3.04E-12 2.85E-12 2.38E-12 1.88E-12 1.60E-12
 4.74E-35 3.84E-27 7.44E-21 3.32E-16 5.93E-14 1.05E-12 2.32E-12 2.81E-12
 2.99E-12 3.04E-12 2.85E-12 2.38E-12 1.88E-12 1.60E-12
 4.74E-35 3.85E-27 7.44E-21 3.32E-16 5.93E-14 1.05E-12 2.32E-12 2.81E-12
 2.99E-12 3.04E-12 2.85E-12 2.38E-12 1.88E-12 1.60E-12
 4.75E-35 3.85E-27 7.45E-21 3.32E-16 5.93E-14 1.05E-12 2.31E-12 2.80E-12
 2.98E-12 3.03E-12 2.84E-12 2.37E-12 1.87E-12 1.60E-12
  43.4983    7  14 /pl=01:ss=30:pb= 1:sz=30/type=excit/ispb = t/isel =   27
 1.00E+10 1.00E+11 1.00E+12 1.00E+13 1.00E+14 1.00E+15 1.00E+16
 1.66E+01 2.48E+01 4.14E+01 8.28E+01 1.66E+02 4.14E+02 8.28E+02 1.24E+03
 1.66E+03 2.48E+03 4.14E+03 8.28E+03 1.66E+04 2.48E+04
 2.30E-32 3.19E-25 1.53E-19 2.50E-15 2.83E-13 4.15E-12 9.46E-12 1.24E-11
 1.42E-11 1.64E-11 1.84E-11 1.97E-11 1.95E-11 1.89E-11
 2.30E-32 3.19E-25 1.53E-19 2.50E-15 2.83E-13 4.15E-12 9.46E-12 1.24E-11
 1.42E-11 1.64E-11 1.84E-11 1.97E-11 1.95E-11 1.89E-11
 2.30E-32 3.19E-25 1.53E-19 2.50E-15 2.83E-13 4.15E-12 9.46E-12 1.24E-11
 1.42E-11 1.64E-11 1.84E-11 1.97E-11 1.95E-11 1.89E-11
 2.30E-32 3.19E-25 1.53E-19 2.50E-15 2.83E-13 4.15E-12 9.46E-12 1.24E-11
 1.42E-11 1.64E-11 1.84E-11 1.97E-11 1.95E-11 1.89E-11
 2.30E-32 3.19E-25 1.53E-19 2.50E-15 2.83E-13 4.15E-12 9.46E-12 1.24E-11
 1.42E-11 1.64E-11 1.84E-11 1.97E-11 1.95E-11 1.89E-11
 2.30E-32 3.19E-25 1.53E-19 2.50E-15 2.83E-13 4.15E-12 9.45E-12 1.24E-11
 1.42E-11 1.64E-11 1.83E-11 1.97E-11 1.95E-11 1.89E-11
 2.30E-32 3.19E-25 1.53E-19 2.50E-15 2.83E-13 4.14E-12 9.42E-12 1.24E-11
 1.41E-11 1.63E-11 1.83E-11 1.96E-11 1.94E-11 1.88E-11
  50.0941    7  14 /pl=01:ss=30:pb= 1:sz=30/type=excit/ispb = t/isel =   28
 1.00E+10 1.00E+11 1.00E+12 1.00E+13 1.00E+14 1.00E+15 1.00E+16
 1.66E+01 2.48E+01 4.14E+01 8.28E+01 1.66E+02 4.14E+02 8.28E+02 1.24E+03
 1.66E+03 2.48E+03 4.14E+03 8.28E+03 1.66E+04 2.48E+04
 2.68E-29 3.04E-23 1.94E-18 6.82E-15 3.46E-13 2.93E-12 5.07E-12 5.70E-12
 5.81E-12 5.68E-12 5.16E-12 4.24E-12 3.33E-12 2.86E-12
 2.68E-29 3.04E-23 1.94E-18 6.82E-15 3.46E-13 2.93E-12 5.07E-12 5.70E-12
 5.81E-12 5.68E-12 5.16E-12 4.24E-12 3.33E-12 2.86E-12
 2.68E-29 3.04E-23 1.94E-18 6.82E-15 3.46E-13 2.93E-12 5.07E-12 5.70E-12
 5.81E-12 5.68E-12 5.16E-12 4.24E-12 3.33E-12 2.86E-12
 2.68E-29 3.04E-23 1.94E-18 6.82E-15 3.46E-13 2.93E-12 5.07E-12 5.70E-12
 5.81E-12 5.68E-12 5.16E-12 4.24E-12 3.33E-12 2.87E-12
 2.68E-29 3.05E-23 1.95E-18 6.82E-15 3.46E-13 2.94E-12 5.07E-12 5.70E-12
 5.81E-12 5.68E-12 5.16E-12 4.24E-12 3.33E-12 2.87E-12
 2.72E-29 3.08E-23 1.96E-18 6.87E-15 3.48E-13 2.95E-12 5.09E-12 5.72E-12
 5.83E-12 5.69E-12 5.17E-12 4.24E-12 3.34E-12 2.87E-12
 3.11E-29 3.43E-23 2.13E-18 7.27E-15 3.63E-13 3.05E-12 5.23E-12 5.86E-12
 5.97E-12 5.82E-12 5.27E-12 4.31E-12 3.38E-12 2.90E-12
  53.6368    7  14 /pl=01:ss=30:pb= 1:sz=30/type=excit/ispb = t/isel =   29
 1.00E+10 1.00E+11 1.00E+12 1.00E+13 1.00E+14 1.00E+15 1.00E+16
 1.66E+01 2.48E+01 4.14E+01 8.28E+01 1.66E+02 4.14E+02 8.28E+02 1.24E+03
 1.66E+03 2.48E+03 4.14E+03 8.28E+03 1.66E+04 2.48E+04
 5.99E-33 1.61E-25 1.29E-19 2.97E-15 3.81E-13 5.55E-12 1.15E-11 1.36E-11
 1.43E-11 1.43E-11 1.33E-11 1.10E-11 8.55E-12 7.26E-12
 5.99E-33 1.61E-25 1.29E-19 2.97E-15 3.81E-13 5.55E-12 1.15E-11 1.36E-11
 1.43E-11 1.43E-11 1.33E-11 1.10E-11 8.55E-12 7.26E-12
 5.99E-33 1.61E-25 1.29E-19 2.97E-15 3.81E-13 5.55E-12 1.15E-11 1.36E-11
 1.43E-11 1.43E-11 1.33E-11 1.10E-11 8.55E-12 7.26E-12
 5.99E-33 1.61E-25 1.29E-19 2.97E-15 3.81E-13 5.55E-12 1.15E-11 1.36E-11
 1.43E-11 1.43E-11 1.33E-11 1.10E-11 8.55E-12 7.26E-12
 5.99E-33 1.61E-25 1.29E-19 2.97E-15 3.81E-13 5.55E-12 1.15E-11 1.36E-11
 1.43E-11 1.43E-11 1.33E-11 1.10E-11 8.55E-12 7.26E-12
 5.99E-33 1.61E-25 1.29E-19 2.97E-15 3.81E-13 5.55E-12 1.15E-11 1.36E-11
 1.43E-11 1.43E-11 1.33E-11 1.10E-11 8.55E-12 7.26E-12
 6.00E-33 1.61E-25 1.29E-19 2.97E-15 3.81E-13 5.54E-12 1.14E-11 1.36E-11
 1.43E-11 1.43E-11 1.33E-11 1.10E-11 8.53E-12 7.25E-12
  58.1770    7  14 /pl=01:ss=30:pb= 1:sz=30/type=excit/ispb = t/isel =   30
 1.00E+10 1.00E+11 1.00E+12 1.00E+13 1.00E+14 1.00E+15 1.00E+16
 1.66E+01 2.48E+01 4.14E+01 8.28E+01 1.66E+02 4.14E+02 8.28E+02 1.24E+03
 1.66E+03 2.48E+03 4.14E+03 8.28E+03 1.66E+04 2.48E+04
 1.79E-14 1.07E-12 2.61E-11 2.61E-10 8.09E-10 1.53E-09 1.75E-09 1.75E-09
 1.70E-09 1.60E-09 1.43E-09 1.19E-09 9.61E-10 8.41E-10
 1.79E-14 1.07E-12 2.61E-11 2.61E-10 8.09E-10 1.53E-09 1.75E-09 1.75E-09
 1.70E-09 1.60E-09 1.43E-09 1.19E-09 9.61E-10 8.41E-10
 1.79E-14 1.07E-12 2.61E-11 2.61E-10 8.09E-10 1.53E-09 1.75E-09 1.75E-09
 1.70E-09 1.60E-09 1.43E-09 1.19E-09 9.61E-10 8.41E-10
 1.79E-14 1.07E-12 2.61E-11 2.61E-10 8.09E-10 1.53E-09 1.75E-09 1.75E-09
 1.70E-09 1.60E-09 1.43E-09 1.19E-09 9.61E-10 8.41E-10
 1.79E-14 1.07E-12 2.61E-11 2.61E-10 8.09E-10 1.53E-09 1.75E-09 1.75E-09
 1.70E-09 1.60E-09 1.43E-09 1.19E-09 9.61E-10 8.40E-10
 1.79E-14 1.07E-12 2.61E-11 2.61E-10 8.09E-10 1.53E-09 1.75E-09 1.75E-09
 1.70E-09 1.60E-09 1.43E-09 1.19E-09 9.60E-10 8.40E-10
 1.79E-14 1.07E-12 2.61E-11 2.61E-10 8.08E-10 1.53E-09 1.74E-09 1.74E-09
 1.69E-09 1.59E-09 1.42E-09 1.18E-09 9.57E-10 8.38E-10
  59.4923    7  14 /pl=01:ss=30:pb= 1:sz=30/type=excit/ispb = t/isel =   31
 1.00E+10 1.00E+11 1.00E+12 1.00E+13 1.00E+14 1.00E+15 1.00E+16
 1.66E+01 2.48E+01 4.14E+01 8.28E+01 1.66E+02 4.14E+02 8.28E+02 1.24E+03
 1.66E+03 2.48E+03 4.14E+03 8.28E+03 1.66E+04 2.48E+04
 1.22E-13 6.64E-12 1.49E-10 1.33E-09 3.53E-09 5.61E-09 6.06E-09 5.97E-09
 5.82E-09 5.46E-09 4.95E-09 4.20E-09 3.46E-09 3.05E-09
 1.22E-13 6.64E-12 1.49E-10 1.33E-09 3.53E-09 5.61E-09 6.06E-09 5.97E-09
 5.82E-09 5.46E-09 4.95E-09 4.20E-09 3.46E-09 3.05E-09
 1.22E-13 6.64E-12 1.49E-10 1.33E-09 3.53E-09 5.61E-09 6.06E-09 5.97E-09
 5.82E-09 5.46E-09 4.95E-09 4.20E-09 3.46E-09 3.05E-09
 1.22E-13 6.64E-12 1.49E-10 1.33E-09 3.53E-09 5.61E-09 6.06E-09 5.97E-09
 5.82E-09 5.46E-09 4.95E-09 4.20E-09 3.46E-09 3.05E-09
 1.22E-13 6.64E-12 1.49E-10 1.33E-09 3.53E-09 5.61E-09 6.06E-09 5.97E-09
 5.82E-09 5.46E-09 4.95E-09 4.20E-09 3.46E-09 3.05E-09
 1.22E-13 6.64E-12 1.49E-10 1.33E-09 3.53E-09 5.60E-09 6.06E-09 5.97E-09
 5.81E-09 5.46E-09 4.95E-09 4.20E-09 3.46E-09 3.05E-09
 1.22E-13 6.64E-12 1.49E-10 1.33E-09 3.53E-09 5.59E-09 6.04E-09 5.95E-09
 5.79E-09 5.44E-09 4.93E-09 4.19E-09 3.45E-09 3.05E-09
  60.1814    7  14 /pl=01:ss=30:pb= 1:sz=30/type=excit/ispb = t/isel =   32
 1.00E+10 1.00E+11 1.00E+12 1.00E+13 1.00E+14 1.00E+15 1.00E+16
 1.66E+01 2.48E+01 4.14E+01 8.28E+01 1.66E+02 4.14E+02 8.28E+02 1.24E+03
 1.66E+03 2.48E+03 4.14E+03 8.28E+03 1.66E+04 2.48E+04
 4.73E-20 1.78E-16 1.18E-13 1.31E-11 1.18E-10 3.53E-10 4.32E-10 4.29E-10
 4.11E-10 3.76E-10 3.23E-10 2.52E-10 1.92E-10 1.64E-10
 4.73E-20 1.78E-16 1.18E-13 1.31E-11 1.18E-10 3.53E-10 4.32E-10 4.29E-10
 4.11E-10 3.76E-10 3.23E-10 2.52E-10 1.92E-10 1.64E-10
 4.73E-20 1.78E-16 1.18E-13 1.31E-11 1.18E-10 3.53E-10 4.32E-10 4.29E-10
 4.11E-10 3.76E-10 3.23E-10 2.52E-10 1.92E-10 1.64E-10
 4.73E-20 1.78E-16 1.18E-13 1.31E-11 1.18E-10 3.53E-10 4.32E-10 4.29E-10
 4.11E-10 3.76E-10 3.23E-10 2.52E-10 1.92E-10 1.64E-10
 4.73E-20 1.78E-16 1.18E-13 1.31E-11 1.18E-10 3.53E-10 4.32E-10 4.29E-10
 4.11E-10 3.76E-10 3.23E-10 2.52E-10 1.92E-10 1.63E-10
 4.73E-20 1.78E-16 1.18E-13 1.31E-11 1.18E-10 3.53E-10 4.32E-10 4.29E-10
 4.11E-10 3.76E-10 3.22E-10 2.52E-10 1.92E-10 1.63E-10
 4.74E-20 1.78E-16 1.18E-13 1.31E-11 1.18E-10 3.53E-10 4.31E-10 4.28E-10
 4.09E-10 3.74E-10 3.22E-10 2.51E-10 1.92E-10 1.63E-10
  63.6427    7  14 /pl=01:ss=30:pb= 1:sz=30/type=excit/ispb = t/isel =   33
 1.00E+10 1.00E+11 1.00E+12 1.00E+13 1.00E+14 1.00E+15 1.00E+16
 1.66E+01 2.48E+01 4.14E+01 8.28E+01 1.66E+02 4.14E+02 8.28E+02 1.24E+03
 1.66E+03 2.48E+03 4.14E+03 8.28E+03 1.66E+04 2.48E+04
 3.48E-30 8.18E-24 9.79E-19 5.82E-15 4.03E-13 4.33E-12 8.53E-12 1.03E-11
 1.12E-11 1.19E-11 1.22E-11 1.17E-11 1.07E-11 9.96E-12
 3.48E-30 8.18E-24 9.79E-19 5.82E-15 4.03E-13 4.33E-12 8.53E-12 1.03E-11
 1.12E-11 1.19E-11 1.22E-11 1.17E-11 1.07E-11 9.96E-12
 3.48E-30 8.18E-24 9.79E-19 5.82E-15 4.03E-13 4.33E-12 8.53E-12 1.03E-11
 1.12E-11 1.19E-11 1.22E-11 1.17E-11 1.07E-11 9.96E-12
 3.48E-30 8.18E-24 9.79E-19 5.82E-15 4.03E-13 4.33E-12 8.53E-12 1.03E-11
 1.12E-11 1.19E-11 1.22E-11 1.17E-11 1.07E-11 9.96E-12
 3.49E-30 8.18E-24 9.79E-19 5.82E-15 4.03E-13 4.33E-12 8.53E-12 1.03E-11
 1.12E-11 1.19E-11 1.22E-11 1.17E-11 1.07E-11 9.96E-12
 3.50E-30 8.21E-24 9.81E-19 5.83E-15 4.03E-13 4.33E-12 8.54E-12 1.03E-11
 1.12E-11 1.19E-11 1.22E-11 1.17E-11 1.07E-11 9.96E-12
 3.63E-30 8.45E-24 1.00E-18 5.90E-15 4.07E-13 4.35E-12 8.55E-12 1.03E-11
 1.12E-11 1.19E-11 1.22E-11 1.17E-11 1.07E-11 9.96E-12
  69.5698    7  14 /pl=01:ss=30:pb= 1:sz=30/type=excit/ispb = t/isel =   34
 1.00E+10 1.00E+11 1.00E+12 1.00E+13 1.00E+14 1.00E+15 1.00E+16
 1.66E+01 2.48E+01 4.14E+01 8.28E+01 1.66E+02 4.14E+02 8.28E+02 1.24E+03
 1.66E+03 2.48E+03 4.14E+03 8.28E+03 1.66E+04 2.48E+04
 2.56E-35 2.08E-27 4.02E-21 1.80E-16 3.21E-14 5.70E-13 1.26E-12 1.52E-12
 1.62E-12 1.64E-12 1.54E-12 1.29E-12 1.01E-12 8.68E-13
 2.56E-35 2.08E-27 4.02E-21 1.80E-16 3.21E-14 5.70E-13 1.26E-12 1.52E-12
 1.62E-12 1.64E-12 1.54E-12 1.29E-12 1.01E-12 8.68E-13
 2.56E-35 2.08E-27 4.02E-21 1.80E-16 3.21E-14 5.70E-13 1.26E-12 1.52E-12
 1.62E-12 1.64E-12 1.54E-12 1.29E-12 1.01E-12 8.68E-13
 2.56E-35 2.08E-27 4.02E-21 1.80E-16 3.21E-14 5.70E-13 1.26E-12 1.52E-12
 1.62E-12 1.64E-12 1.54E-12 1.29E-12 1.01E-12 8.68E-13
 2.56E-35 2.08E-27 4.02E-21 1.80E-16 3.21E-14 5.70E-13 1.26E-12 1.52E-12
 1.62E-12 1.64E-12 1.54E-12 1.29E-12 1.01E-12 8.68E-13
 2.56E-35 2.08E-27 4.02E-21 1.80E-16 3.21E-14 5.70E-13 1.26E-12 1.52E-12
 1.62E-12 1.64E-12 1.54E-12 1.29E-12 1.01E-12 8.67E-13
 2.57E-35 2.08E-27 4.03E-21 1.80E-16 3.21E-14 5.69E-13 1.25E-12 1.52E-12
 1.61E-12 1.64E-12 1.54E-12 1.28E-12 1.01E-12 8.66E-13
  74.9842    7  14 /pl=01:ss=30:pb= 1:sz=30/type=excit/ispb = t/isel =   35
 1.00E+10 1.00E+11 1.00E+12 1.00E+13 1.00E+14 1.00E+15 1.00E+16
 1.66E+01 2.48E+01 4.14E+01 8.28E+01 1.66E+02 4.14E+02 8.28E+02 1.24E+03
 1.66E+03 2.48E+03 4.14E+03 8.28E+03 1.66E+04 2.48E+04
 7.34E-35 6.41E-27 1.31E-20 6.09E-16 1.12E-13 2.05E-12 4.70E-12 5.90E-12
 6.44E-12 6.80E-12 6.71E-12 5.95E-12 4.88E-12 4.24E-12
 7.34E-35 6.41E-27 1.31E-20 6.09E-16 1.12E-13 2.05E-12 4.70E-12 5.90E-12
 6.44E-12 6.80E-12 6.71E-12 5.95E-12 4.88E-12 4.24E-12
 7.35E-35 6.41E-27 1.31E-20 6.09E-16 1.12E-13 2.05E-12 4.70E-12 5.90E-12
 6.44E-12 6.80E-12 6.71E-12 5.95E-12 4.88E-12 4.24E-12
 7.35E-35 6.42E-27 1.31E-20 6.10E-16 1.12E-13 2.05E-12 4.71E-12 5.90E-12
 6.44E-12 6.80E-12 6.71E-12 5.95E-12 4.88E-12 4.24E-12
 7.42E-35 6.47E-27 1.32E-20 6.12E-16 1.12E-13 2.06E-12 4.71E-12 5.91E-12
 6.45E-12 6.80E-12 6.71E-12 5.96E-12 4.89E-12 4.24E-12
 8.13E-35 6.97E-27 1.40E-20 6.39E-16 1.15E-13 2.10E-12 4.78E-12 5.97E-12
 6.51E-12 6.85E-12 6.75E-12 5.98E-12 4.90E-12 4.25E-12
 1.50E-34 1.16E-26 2.06E-20 8.32E-16 1.40E-13 2.39E-12 5.26E-12 6.47E-12
 6.98E-12 7.27E-12 7.07E-12 6.18E-12 5.01E-12 4.33E-12
  75.0249    7  14 /pl=01:ss=30:pb= 1:sz=30/type=excit/ispb = t/isel =   36
 1.00E+10 1.00E+11 1.00E+12 1.00E+13 1.00E+14 1.00E+15 1.00E+16
 1.66E+01 2.48E+01 4.14E+01 8.28E+01 1.66E+02 4.14E+02 8.28E+02 1.24E+03
 1.66E+03 2.48E+03 4.14E+03 8.28E+03 1.66E+04 2.48E+04
 1.09E-32 1.68E-25 8.63E-20 1.45E-15 1.61E-13 2.19E-12 4.54E-12 5.58E-12
 6.12E-12 6.69E-12 7.20E-12 7.59E-12 7.59E-12 7.44E-12
 1.09E-32 1.68E-25 8.63E-20 1.45E-15 1.61E-13 2.19E-12 4.54E-12 5.58E-12
 6.12E-12 6.69E-12 7.20E-12 7.59E-12 7.59E-12 7.44E-12
 1.09E-32 1.68E-25 8.64E-20 1.45E-15 1.61E-13 2.19E-12 4.54E-12 5.58E-12
 6.12E-12 6.69E-12 7.20E-12 7.59E-12 7.59E-12 7.44E-12
 1.10E-32 1.68E-25 8.66E-20 1.45E-15 1.61E-13 2.19E-12 4.55E-12 5.58E-12
 6.13E-12 6.70E-12 7.20E-12 7.59E-12 7.59E-12 7.44E-12
 1.14E-32 1.74E-25 8.88E-20 1.48E-15 1.63E-13 2.21E-12 4.59E-12 5.63E-12
 6.17E-12 6.74E-12 7.23E-12 7.61E-12 7.61E-12 7.45E-12
 1.56E-32 2.27E-25 1.10E-19 1.75E-15 1.86E-13 2.45E-12 4.98E-12 6.04E-12
 6.58E-12 7.11E-12 7.53E-12 7.82E-12 7.73E-12 7.55E-12
 5.62E-32 7.13E-25 2.88E-19 3.72E-15 3.47E-13 4.11E-12 7.87E-12 9.18E-12
 9.70E-12 9.99E-12 9.95E-12 9.52E-12 8.84E-12 8.38E-12
  75.5061    7  14 /pl=01:ss=30:pb= 1:sz=30/type=excit/ispb = t/isel =   37
 1.00E+10 1.00E+11 1.00E+12 1.00E+13 1.00E+14 1.00E+15 1.00E+16
 1.66E+01 2.48E+01 4.14E+01 8.28E+01 1.66E+02 4.14E+02 8.28E+02 1.24E+03
 1.66E+03 2.48E+03 4.14E+03 8.28E+03 1.66E+04 2.48E+04
 7.69E-20 1.25E-16 4.20E-14 2.87E-12 2.14E-11 6.63E-11 8.79E-11 9.06E-11
 8.94E-11 8.40E-11 7.41E-11 5.91E-11 4.55E-11 3.87E-11
 7.69E-20 1.25E-16 4.20E-14 2.87E-12 2.14E-11 6.63E-11 8.79E-11 9.06E-11
 8.94E-11 8.40E-11 7.41E-11 5.91E-11 4.55E-11 3.87E-11
 7.69E-20 1.25E-16 4.20E-14 2.87E-12 2.14E-11 6.63E-11 8.79E-11 9.06E-11
 8.94E-11 8.40E-11 7.41E-11 5.91E-11 4.55E-11 3.87E-11
 7.69E-20 1.25E-16 4.20E-14 2.87E-12 2.14E-11 6.63E-11 8.79E-11 9.06E-11
 8.94E-11 8.40E-11 7.41E-11 5.91E-11 4.55E-11 3.87E-11
 7.69E-20 1.25E-16 4.20E-14 2.87E-12 2.13E-11 6.63E-11 8.78E-11 9.05E-11
 8.93E-11 8.39E-11 7.40E-11 5.91E-11 4.55E-11 3.87E-11
 7.69E-20 1.25E-16 4.20E-14 2.87E-12 2.13E-11 6.58E-11 8.70E-11 8.97E-11
 8.85E-11 8.32E-11 7.34E-11 5.87E-11 4.52E-11 3.85E-11
 7.69E-20 1.25E-16 4.20E-14 2.87E-12 2.10E-11 6.23E-11 8.09E-11 8.31E-11
 8.20E-11 7.72E-11 6.84E-11 5.52E-11 4.29E-11 3.68E-11
  77.6916    7  14 /pl=01:ss=30:pb= 1:sz=30/type=excit/ispb = t/isel =   38
 1.00E+10 1.00E+11 1.00E+12 1.00E+13 1.00E+14 1.00E+15 1.00E+16
 1.66E+01 2.48E+01 4.14E+01 8.28E+01 1.66E+02 4.14E+02 8.28E+02 1.24E+03
 1.66E+03 2.48E+03 4.14E+03 8.28E+03 1.66E+04 2.48E+04
 3.38E-36 4.67E-28 1.39E-21 8.58E-17 1.83E-14 3.82E-13 9.77E-13 1.33E-12
 1.55E-12 1.82E-12 2.09E-12 2.27E-12 2.29E-12 2.22E-12
 3.38E-36 4.67E-28 1.39E-21 8.58E-17 1.83E-14 3.82E-13 9.77E-13 1.33E-12
 1.55E-12 1.82E-12 2.09E-12 2.27E-12 2.29E-12 2.22E-12
 3.38E-36 4.67E-28 1.39E-21 8.58E-17 1.83E-14 3.82E-13 9.77E-13 1.33E-12
 1.55E-12 1.82E-12 2.09E-12 2.27E-12 2.29E-12 2.22E-12
 3.38E-36 4.67E-28 1.39E-21 8.58E-17 1.83E-14 3.82E-13 9.77E-13 1.33E-12
 1.55E-12 1.82E-12 2.09E-12 2.27E-12 2.29E-12 2.22E-12
 3.38E-36 4.67E-28 1.39E-21 8.58E-17 1.83E-14 3.82E-13 9.77E-13 1.33E-12
 1.55E-12 1.82E-12 2.09E-12 2.27E-12 2.29E-12 2.22E-12
 3.38E-36 4.67E-28 1.39E-21 8.58E-17 1.83E-14 3.82E-13 9.76E-13 1.33E-12
 1.55E-12 1.82E-12 2.09E-12 2.27E-12 2.29E-12 2.22E-12
 3.38E-36 4.68E-28 1.39E-21 8.58E-17 1.83E-14 3.81E-13 9.73E-13 1.32E-12
 1.54E-12 1.82E-12 2.08E-12 2.26E-12 2.28E-12 2.22E-12
  81.1603    7  14 /pl=01:ss=30:pb= 1:sz=30/type=excit/ispb = t/isel =   39
 1.00E+10 1.00E+11 1.00E+12 1.00E+13 1.00E+14 1.00E+15 1.00E+16
 1.66E+01 2.48E+01 4.14E+01 8.28E+01 1.66E+02 4.14E+02 8.28E+02 1.24E+03
 1.66E+03 2.48E+03 4.14E+03 8.28E+03 1.66E+04 2.48E+04
 7.36E-31 4.10E-24 9.34E-19 8.49E-15 6.91E-13 7.79E-12 1.49E-11 1.74E-11
 1.81E-11 1.82E-11 1.71E-11 1.45E-11 1.17E-11 1.02E-11
 7.36E-31 4.10E-24 9.34E-19 8.49E-15 6.91E-13 7.79E-12 1.49E-11 1.74E-11
 1.81E-11 1.82E-11 1.71E-11 1.45E-11 1.17E-11 1.02E-11
 7.36E-31 4.10E-24 9.34E-19 8.49E-15 6.91E-13 7.79E-12 1.49E-11 1.74E-11
 1.81E-11 1.82E-11 1.71E-11 1.45E-11 1.17E-11 1.02E-11
 7.36E-31 4.10E-24 9.34E-19 8.49E-15 6.91E-13 7.79E-12 1.49E-11 1.74E-11
 1.81E-11 1.82E-11 1.71E-11 1.45E-11 1.17E-11 1.02E-11
 7.36E-31 4.10E-24 9.34E-19 8.49E-15 6.91E-13 7.79E-12 1.49E-11 1.74E-11
 1.81E-11 1.82E-11 1.71E-11 1.45E-11 1.17E-11 1.02E-11
 7.36E-31 4.10E-24 9.34E-19 8.49E-15 6.91E-13 7.78E-12 1.49E-11 1.74E-11
 1.81E-11 1.82E-11 1.70E-11 1.45E-11 1.17E-11 1.02E-11
 7.39E-31 4.11E-24 9.36E-19 8.50E-15 6.91E-13 7.77E-12 1.49E-11 1.73E-11
 1.81E-11 1.81E-11 1.70E-11 1.44E-11 1.17E-11 1.02E-11
  92.3972    7  14 /pl=01:ss=30:pb= 1:sz=30/type=excit/ispb = t/isel =   40
 1.00E+10 1.00E+11 1.00E+12 1.00E+13 1.00E+14 1.00E+15 1.00E+16
 1.66E+01 2.48E+01 4.14E+01 8.28E+01 1.66E+02 4.14E+02 8.28E+02 1.24E+03
 1.66E+03 2.48E+03 4.14E+03 8.28E+03 1.66E+04 2.48E+04
 2.20E-36 4.51E-28 1.83E-21 1.41E-16 3.33E-14 6.97E-13 1.60E-12 1.97E-12
 2.09E-12 2.12E-12 1.98E-12 1.64E-12 1.25E-12 1.06E-12
 2.20E-36 4.51E-28 1.83E-21 1.41E-16 3.33E-14 6.97E-13 1.60E-12 1.97E-12
 2.09E-12 2.12E-12 1.98E-12 1.64E-12 1.25E-12 1.06E-12
 2.20E-36 4.51E-28 1.83E-21 1.41E-16 3.33E-14 6.97E-13 1.60E-12 1.97E-12
 2.09E-12 2.12E-12 1.98E-12 1.64E-12 1.25E-12 1.06E-12
 2.20E-36 4.51E-28 1.83E-21 1.41E-16 3.33E-14 6.97E-13 1.60E-12 1.97E-12
 2.09E-12 2.12E-12 1.98E-12 1.64E-12 1.25E-12 1.06E-12
 2.20E-36 4.51E-28 1.83E-21 1.41E-16 3.33E-14 6.97E-13 1.60E-12 1.97E-12
 2.09E-12 2.12E-12 1.98E-12 1.64E-12 1.25E-12 1.06E-12
 2.20E-36 4.51E-28 1.83E-21 1.41E-16 3.33E-14 6.97E-13 1.60E-12 1.97E-12
 2.09E-12 2.12E-12 1.98E-12 1.64E-12 1.25E-12 1.06E-12
 2.21E-36 4.51E-28 1.83E-21 1.41E-16 3.33E-14 6.96E-13 1.60E-12 1.97E-12
 2.08E-12 2.12E-12 1.98E-12 1.63E-12 1.25E-12 1.06E-12
  93.8580    7  14 /pl=01:ss=30:pb= 1:sz=30/type=excit/ispb = t/isel =   41
 1.00E+10 1.00E+11 1.00E+12 1.00E+13 1.00E+14 1.00E+15 1.00E+16
 1.66E+01 2.48E+01 4.14E+01 8.28E+01 1.66E+02 4.14E+02 8.28E+02 1.24E+03
 1.66E+03 2.48E+03 4.14E+03 8.28E+03 1.66E+04 2.48E+04
 3.93E-33 5.44E-26 2.61E-20 4.26E-16 4.83E-14 7.07E-13 1.61E-12 2.12E-12
 2.42E-12 2.79E-12 3.13E-12 3.36E-12 3.32E-12 3.22E-12
 3.93E-33 5.44E-26 2.61E-20 4.26E-16 4.83E-14 7.07E-13 1.61E-12 2.12E-12
 2.42E-12 2.79E-12 3.13E-12 3.36E-12 3.32E-12 3.22E-12
 3.93E-33 5.44E-26 2.61E-20 4.26E-16 4.83E-14 7.07E-13 1.61E-12 2.12E-12
 2.42E-12 2.79E-12 3.13E-12 3.36E-12 3.32E-12 3.22E-12
 3.93E-33 5.44E-26 2.61E-20 4.26E-16 4.83E-14 7.07E-13 1.61E-12 2.12E-12
 2.42E-12 2.79E-12 3.13E-12 3.36E-12 3.32E-12 3.22E-12
 3.93E-33 5.44E-26 2.61E-20 4.26E-16 4.83E-14 7.07E-13 1.61E-12 2.12E-12
 2.42E-12 2.79E-12 3.13E-12 3.36E-12 3.32E-12 3.22E-12
 3.93E-33 5.44E-26 2.61E-20 4.26E-16 4.83E-14 7.07E-13 1.61E-12 2.12E-12
 2.42E-12 2.79E-12 3.13E-12 3.35E-12 3.32E-12 3.22E-12
 3.93E-33 5.45E-26 2.61E-20 4.26E-16 4.83E-14 7.06E-13 1.61E-12 2.11E-12
 2.41E-12 2.78E-12 3.12E-12 3.34E-12 3.32E-12 3.21E-12
  140.897    7  14 /pl=01:ss=30:pb= 1:sz=30/type=excit/ispb = t/isel =   42
 1.00E+10 1.00E+11 1.00E+12 1.00E+13 1.00E+14 1.00E+15 1.00E+16
 1.66E+01 2.48E+01 4.14E+01 8.28E+01 1.66E+02 4.14E+02 8.28E+02 1.24E+03
 1.66E+03 2.48E+03 4.14E+03 8.28E+03 1.66E+04 2.48E+04
 6.09E-35 4.94E-27 9.56E-21 4.27E-16 7.62E-14 1.35E-12 2.98E-12 3.62E-12
 3.85E-12 3.91E-12 3.66E-12 3.06E-12 2.41E-12 2.06E-12
 6.09E-35 4.94E-27 9.56E-21 4.27E-16 7.62E-14 1.35E-12 2.98E-12 3.62E-12
 3.85E-12 3.91E-12 3.66E-12 3.06E-12 2.41E-12 2.06E-12
 6.09E-35 4.94E-27 9.56E-21 4.27E-16 7.62E-14 1.35E-12 2.98E-12 3.62E-12
 3.85E-12 3.91E-12 3.66E-12 3.06E-12 2.41E-12 2.06E-12
 6.09E-35 4.94E-27 9.56E-21 4.27E-16 7.62E-14 1.35E-12 2.98E-12 3.62E-12
 3.85E-12 3.91E-12 3.66E-12 3.06E-12 2.41E-12 2.06E-12
 6.09E-35 4.94E-27 9.56E-21 4.27E-16 7.62E-14 1.35E-12 2.98E-12 3.62E-12
 3.85E-12 3.91E-12 3.66E-12 3.06E-12 2.41E-12 2.06E-12
 6.09E-35 4.94E-27 9.56E-21 4.27E-16 7.62E-14 1.35E-12 2.98E-12 3.62E-12
 3.85E-12 3.90E-12 3.66E-12 3.06E-12 2.41E-12 2.06E-12
 6.11E-35 4.95E-27 9.57E-21 4.27E-16 7.62E-14 1.35E-12 2.97E-12 3.60E-12
 3.83E-12 3.89E-12 3.65E-12 3.05E-12 2.40E-12 2.06E-12
  141.993    7  14 /pl=01:ss=30:pb= 1:sz=30/type=excit/ispb = t/isel =   43
 1.00E+10 1.00E+11 1.00E+12 1.00E+13 1.00E+14 1.00E+15 1.00E+16
 1.66E+01 2.48E+01 4.14E+01 8.28E+01 1.66E+02 4.14E+02 8.28E+02 1.24E+03
 1.66E+03 2.48E+03 4.14E+03 8.28E+03 1.66E+04 2.48E+04
 8.54E-33 1.55E-25 9.02E-20 1.64E-15 1.89E-13 2.65E-12 5.64E-12 6.95E-12
 7.53E-12 7.86E-12 7.71E-12 6.79E-12 5.55E-12 4.83E-12
 8.54E-33 1.55E-25 9.02E-20 1.64E-15 1.89E-13 2.65E-12 5.64E-12 6.95E-12
 7.53E-12 7.86E-12 7.71E-12 6.79E-12 5.55E-12 4.83E-12
 8.54E-33 1.55E-25 9.02E-20 1.64E-15 1.89E-13 2.65E-12 5.64E-12 6.95E-12
 7.53E-12 7.86E-12 7.71E-12 6.79E-12 5.55E-12 4.83E-12
 8.54E-33 1.55E-25 9.02E-20 1.64E-15 1.89E-13 2.65E-12 5.64E-12 6.95E-12
 7.53E-12 7.86E-12 7.71E-12 6.79E-12 5.55E-12 4.83E-12
 8.54E-33 1.55E-25 9.02E-20 1.64E-15 1.89E-13 2.65E-12 5.64E-12 6.95E-12
 7.53E-12 7.86E-12 7.71E-12 6.79E-12 5.55E-12 4.83E-12
 8.55E-33 1.55E-25 9.02E-20 1.64E-15 1.89E-13 2.65E-12 5.63E-12 6.95E-12
 7.52E-12 7.85E-12 7.71E-12 6.79E-12 5.55E-12 4.83E-12
 8.55E-33 1.55E-25 9.03E-20 1.64E-15 1.88E-13 2.65E-12 5.62E-12 6.92E-12
 7.50E-12 7.83E-12 7.68E-12 6.77E-12 5.54E-12 4.82E-12
  142.161    7  14 /pl=01:ss=30:pb= 1:sz=30/type=excit/ispb = t/isel =   44
 1.00E+10 1.00E+11 1.00E+12 1.00E+13 1.00E+14 1.00E+15 1.00E+16
 1.66E+01 2.48E+01 4.14E+01 8.28E+01 1.66E+02 4.14E+02 8.28E+02 1.24E+03
 1.66E+03 2.48E+03 4.14E+03 8.28E+03 1.66E+04 2.48E+04
 4.37E-27 1.12E-21 2.23E-17 3.42E-14 1.29E-12 1.09E-11 2.14E-11 2.69E-11
 3.02E-11 3.40E-11 3.74E-11 3.94E-11 3.85E-11 3.71E-11
 4.37E-27 1.12E-21 2.23E-17 3.42E-14 1.29E-12 1.09E-11 2.14E-11 2.69E-11
 3.02E-11 3.40E-11 3.74E-11 3.94E-11 3.85E-11 3.71E-11
 4.37E-27 1.12E-21 2.23E-17 3.42E-14 1.29E-12 1.09E-11 2.14E-11 2.69E-11
 3.02E-11 3.40E-11 3.74E-11 3.94E-11 3.85E-11 3.71E-11
 4.37E-27 1.12E-21 2.23E-17 3.42E-14 1.29E-12 1.09E-11 2.14E-11 2.69E-11
 3.02E-11 3.40E-11 3.74E-11 3.94E-11 3.85E-11 3.71E-11
 4.37E-27 1.12E-21 2.23E-17 3.42E-14 1.29E-12 1.09E-11 2.14E-11 2.69E-11
 3.02E-11 3.40E-11 3.74E-11 3.94E-11 3.85E-11 3.71E-11
 4.37E-27 1.12E-21 2.23E-17 3.42E-14 1.29E-12 1.08E-11 2.14E-11 2.69E-11
 3.02E-11 3.40E-11 3.74E-11 3.93E-11 3.85E-11 3.71E-11
 4.38E-27 1.12E-21 2.23E-17 3.42E-14 1.29E-12 1.08E-11 2.13E-11 2.68E-11
 3.01E-11 3.39E-11 3.73E-11 3.92E-11 3.84E-11 3.70E-11
  143.160    7  14 /pl=01:ss=30:pb= 1:sz=30/type=excit/ispb = t/isel =   45
 1.00E+10 1.00E+11 1.00E+12 1.00E+13 1.00E+14 1.00E+15 1.00E+16
 1.66E+01 2.48E+01 4.14E+01 8.28E+01 1.66E+02 4.14E+02 8.28E+02 1.24E+03
 1.66E+03 2.48E+03 4.14E+03 8.28E+03 1.66E+04 2.48E+04
 6.09E-24 2.71E-19 1.29E-15 6.47E-13 1.26E-11 6.26E-11 9.40E-11 1.02E-10
 1.04E-10 1.02E-10 9.48E-11 8.15E-11 6.77E-11 5.99E-11
 6.09E-24 2.71E-19 1.29E-15 6.47E-13 1.26E-11 6.26E-11 9.40E-11 1.02E-10
 1.04E-10 1.02E-10 9.48E-11 8.15E-11 6.77E-11 5.99E-11
 6.09E-24 2.71E-19 1.29E-15 6.47E-13 1.26E-11 6.26E-11 9.40E-11 1.02E-10
 1.04E-10 1.02E-10 9.48E-11 8.15E-11 6.77E-11 5.99E-11
 6.09E-24 2.71E-19 1.29E-15 6.47E-13 1.26E-11 6.26E-11 9.40E-11 1.02E-10
 1.04E-10 1.02E-10 9.48E-11 8.15E-11 6.77E-11 5.99E-11
 6.09E-24 2.71E-19 1.29E-15 6.47E-13 1.26E-11 6.26E-11 9.40E-11 1.02E-10
 1.04E-10 1.02E-10 9.48E-11 8.15E-11 6.77E-11 5.99E-11
 6.11E-24 2.71E-19 1.29E-15 6.47E-13 1.26E-11 6.27E-11 9.40E-11 1.02E-10
 1.04E-10 1.02E-10 9.48E-11 8.15E-11 6.77E-11 5.99E-11
 6.25E-24 2.76E-19 1.31E-15 6.54E-13 1.27E-11 6.29E-11 9.41E-11 1.02E-10
 1.04E-10 1.02E-10 9.47E-11 8.14E-11 6.76E-11 5.98E-11
  143.860    7  14 /pl=01:ss=30:pb= 1:sz=30/type=excit/ispb = t/isel =   46
 1.00E+10 1.00E+11 1.00E+12 1.00E+13 1.00E+14 1.00E+15 1.00E+16
 1.66E+01 2.48E+01 4.14E+01 8.28E+01 1.66E+02 4.14E+02 8.28E+02 1.24E+03
 1.66E+03 2.48E+03 4.14E+03 8.28E+03 1.66E+04 2.48E+04
 1.11E-30 3.48E-24 5.13E-19 3.56E-15 2.70E-13 3.11E-12 6.40E-12 8.02E-12
 8.94E-12 1.00E-11 1.10E-11 1.17E-11 1.16E-11 1.13E-11
 1.11E-30 3.48E-24 5.13E-19 3.56E-15 2.70E-13 3.11E-12 6.40E-12 8.02E-12
 8.94E-12 1.00E-11 1.10E-11 1.17E-11 1.16E-11 1.13E-11
 1.11E-30 3.48E-24 5.13E-19 3.56E-15 2.70E-13 3.11E-12 6.40E-12 8.02E-12
 8.94E-12 1.00E-11 1.10E-11 1.17E-11 1.16E-11 1.13E-11
 1.11E-30 3.48E-24 5.13E-19 3.56E-15 2.70E-13 3.11E-12 6.40E-12 8.02E-12
 8.94E-12 1.00E-11 1.10E-11 1.17E-11 1.16E-11 1.13E-11
 1.11E-30 3.48E-24 5.13E-19 3.56E-15 2.71E-13 3.11E-12 6.40E-12 8.02E-12
 8.94E-12 1.00E-11 1.10E-11 1.17E-11 1.16E-11 1.13E-11
 1.11E-30 3.48E-24 5.13E-19 3.57E-15 2.71E-13 3.12E-12 6.42E-12 8.03E-12
 8.95E-12 1.00E-11 1.10E-11 1.17E-11 1.16E-11 1.13E-11
 1.11E-30 3.49E-24 5.15E-19 3.61E-15 2.76E-13 3.17E-12 6.50E-12 8.11E-12
 9.02E-12 1.01E-11 1.11E-11 1.17E-11 1.16E-11 1.13E-11
  187.941    7  14 /pl=01:ss=30:pb= 1:sz=30/type=excit/ispb = t/isel =   47
 1.00E+10 1.00E+11 1.00E+12 1.00E+13 1.00E+14 1.00E+15 1.00E+16
 1.66E+01 2.48E+01 4.14E+01 8.28E+01 1.66E+02 4.14E+02 8.28E+02 1.24E+03
 1.66E+03 2.48E+03 4.14E+03 8.28E+03 1.66E+04 2.48E+04
 9.64E-23 7.76E-19 1.03E-15 2.29E-13 3.35E-12 1.55E-11 2.43E-11 2.75E-11
 2.90E-11 3.00E-11 3.00E-11 2.83E-11 2.54E-11 2.34E-11
 9.64E-23 7.76E-19 1.03E-15 2.29E-13 3.35E-12 1.55E-11 2.43E-11 2.75E-11
 2.90E-11 3.00E-11 3.00E-11 2.83E-11 2.54E-11 2.34E-11
 9.64E-23 7.76E-19 1.03E-15 2.29E-13 3.35E-12 1.55E-11 2.43E-11 2.75E-11
 2.90E-11 3.00E-11 3.00E-11 2.83E-11 2.54E-11 2.34E-11
 9.64E-23 7.77E-19 1.03E-15 2.29E-13 3.35E-12 1.55E-11 2.43E-11 2.75E-11
 2.90E-11 3.00E-11 3.00E-11 2.83E-11 2.54E-11 2.34E-11
 9.70E-23 7.80E-19 1.03E-15 2.30E-13 3.35E-12 1.55E-11 2.43E-11 2.76E-11
 2.90E-11 3.01E-11 3.00E-11 2.83E-11 2.54E-11 2.34E-11
 1.03E-22 8.19E-19 1.07E-15 2.35E-13 3.40E-12 1.57E-11 2.45E-11 2.77E-11
 2.91E-11 3.02E-11 3.01E-11 2.84E-11 2.54E-11 2.35E-11
 1.62E-22 1.19E-18 1.40E-15 2.78E-13 3.81E-12 1.69E-11 2.59E-11 2.91E-11
 3.04E-11 3.13E-11 3.11E-11 2.90E-11 2.59E-11 2.38E-11
  188.653    7  14 /pl=01:ss=30:pb= 1:sz=30/type=excit/ispb = t/isel =   48
 1.00E+10 1.00E+11 1.00E+12 1.00E+13 1.00E+14 1.00E+15 1.00E+16
 1.66E+01 2.48E+01 4.14E+01 8.28E+01 1.66E+02 4.14E+02 8.28E+02 1.24E+03
 1.66E+03 2.48E+03 4.14E+03 8.28E+03 1.66E+04 2.48E+04
 2.23E-29 2.14E-23 1.20E-18 3.73E-15 1.77E-13 1.44E-12 2.49E-12 2.80E-12
 2.88E-12 2.84E-12 2.59E-12 2.13E-12 1.67E-12 1.42E-12
 2.23E-29 2.14E-23 1.20E-18 3.73E-15 1.77E-13 1.44E-12 2.49E-12 2.80E-12
 2.88E-12 2.84E-12 2.59E-12 2.13E-12 1.67E-12 1.42E-12
 2.23E-29 2.14E-23 1.20E-18 3.73E-15 1.77E-13 1.44E-12 2.49E-12 2.80E-12
 2.88E-12 2.84E-12 2.59E-12 2.13E-12 1.67E-12 1.42E-12
 2.23E-29 2.14E-23 1.20E-18 3.73E-15 1.77E-13 1.44E-12 2.49E-12 2.80E-12
 2.88E-12 2.84E-12 2.59E-12 2.13E-12 1.67E-12 1.42E-12
 2.23E-29 2.14E-23 1.20E-18 3.73E-15 1.77E-13 1.44E-12 2.49E-12 2.80E-12
 2.88E-12 2.84E-12 2.59E-12 2.13E-12 1.67E-12 1.42E-12
 2.23E-29 2.14E-23 1.20E-18 3.73E-15 1.77E-13 1.44E-12 2.49E-12 2.80E-12
 2.88E-12 2.84E-12 2.59E-12 2.13E-12 1.67E-12 1.42E-12
 2.23E-29 2.15E-23 1.20E-18 3.74E-15 1.77E-13 1.44E-12 2.48E-12 2.79E-12
 2.87E-12 2.83E-12 2.58E-12 2.13E-12 1.66E-12 1.42E-12
  274.511    7  14 /pl=01:ss=30:pb= 1:sz=30/type=excit/ispb = t/isel =   49
 1.00E+10 1.00E+11 1.00E+12 1.00E+13 1.00E+14 1.00E+15 1.00E+16
 1.66E+01 2.48E+01 4.14E+01 8.28E+01 1.66E+02 4.14E+02 8.28E+02 1.24E+03
 1.66E+03 2.48E+03 4.14E+03 8.28E+03 1.66E+04 2.48E+04
 2.12E-31 1.18E-24 2.69E-19 2.44E-15 1.99E-13 2.24E-12 4.30E-12 5.01E-12
 5.22E-12 5.24E-12 4.91E-12 4.17E-12 3.37E-12 2.93E-12
 2.12E-31 1.18E-24 2.69E-19 2.44E-15 1.99E-13 2.24E-12 4.30E-12 5.01E-12
 5.22E-12 5.24E-12 4.91E-12 4.17E-12 3.37E-12 2.93E-12
 2.12E-31 1.18E-24 2.69E-19 2.44E-15 1.99E-13 2.24E-12 4.30E-12 5.01E-12
 5.22E-12 5.24E-12 4.91E-12 4.17E-12 3.37E-12 2.93E-12
 2.12E-31 1.18E-24 2.69E-19 2.44E-15 1.99E-13 2.24E-12 4.30E-12 5.01E-12
 5.22E-12 5.24E-12 4.91E-12 4.17E-12 3.37E-12 2.93E-12
 2.12E-31 1.18E-24 2.69E-19 2.44E-15 1.99E-13 2.24E-12 4.30E-12 5.01E-12
 5.22E-12 5.24E-12 4.91E-12 4.17E-12 3.37E-12 2.93E-12
 2.12E-31 1.18E-24 2.69E-19 2.44E-15 1.99E-13 2.24E-12 4.29E-12 5.00E-12
 5.21E-12 5.24E-12 4.91E-12 4.17E-12 3.36E-12 2.93E-12
 2.13E-31 1.18E-24 2.69E-19 2.45E-15 1.99E-13 2.24E-12 4.28E-12 4.99E-12
 5.20E-12 5.22E-12 4.89E-12 4.16E-12 3.36E-12 2.93E-12
  275.191    7  14 /pl=01:ss=30:pb= 1:sz=30/type=excit/ispb = t/isel =   50
 1.00E+10 1.00E+11 1.00E+12 1.00E+13 1.00E+14 1.00E+15 1.00E+16
 1.66E+01 2.48E+01 4.14E+01 8.28E+01 1.66E+02 4.14E+02 8.28E+02 1.24E+03
 1.66E+03 2.48E+03 4.14E+03 8.28E+03 1.66E+04 2.48E+04
 4.82E-33 6.68E-26 3.20E-20 5.23E-16 5.93E-14 8.68E-13 1.98E-12 2.60E-12
 2.97E-12 3.43E-12 3.84E-12 4.12E-12 4.08E-12 3.95E-12
 4.82E-33 6.68E-26 3.20E-20 5.23E-16 5.93E-14 8.68E-13 1.98E-12 2.60E-12
 2.97E-12 3.43E-12 3.84E-12 4.12E-12 4.08E-12 3.95E-12
 4.82E-33 6.68E-26 3.20E-20 5.23E-16 5.93E-14 8.68E-13 1.98E-12 2.60E-12
 2.97E-12 3.43E-12 3.84E-12 4.12E-12 4.08E-12 3.95E-12
 4.82E-33 6.68E-26 3.20E-20 5.23E-16 5.93E-14 8.68E-13 1.98E-12 2.60E-12
 2.97E-12 3.43E-12 3.84E-12 4.12E-12 4.08E-12 3.95E-12
 4.82E-33 6.68E-26 3.20E-20 5.23E-16 5.93E-14 8.68E-13 1.98E-12 2.60E-12
 2.97E-12 3.43E-12 3.84E-12 4.12E-12 4.08E-12 3.95E-12
 4.82E-33 6.68E-26 3.20E-20 5.23E-16 5.93E-14 8.68E-13 1.98E-12 2.60E-12
 2.97E-12 3.43E-12 3.84E-12 4.12E-12 4.08E-12 3.95E-12
 4.82E-33 6.69E-26 3.20E-20 5.23E-16 5.93E-14 8.66E-13 1.97E-12 2.59E-12
 2.96E-12 3.41E-12 3.83E-12 4.11E-12 4.07E-12 3.94E-12
c-------------------------------------------------------------------------------
 
C  root partition information
C  ==========================
C
C  nuclear charge : 74
C  ion charge+1   : 31
C
C  population calculation information
C  ----------------------------------
C
C  population processing code: adas810
C
C  adf04 source file    : adf04_copmm#74_ca_40#w30_t3.dat
C  adf18/a17_p208 file  : NULL
C
C  meta. ion. coeff. selector  : 
 
C  options  : lnorm =T  lpsel =F  lzsel =T  liosel=F
C           : lhsel =F  lrsel =F  lisel =F  lnsel =F
 
C  energy levels
C  -------------
C
C   lv      configuration    (2S+1)L(w-1/2)      energy (cm^-1)
C  ---   ------------------- --------------      --------------
c    1   89                    (0)0(  22.0)             0.0
c    2   7951A                 (0)0( 839.0)       1680889.5
c    3   606527558599          (0)0(  29.5)       1718891.5
c    4   606517568599          (0)0(   9.5)       3043288.6
c    5   7951B                 (0)0( 119.5)       3137904.0
c    6   60652755858951A       (0)0(1889.5)       3380533.1
c    7   7951C                 (0)0( 359.5)       3669987.1
c    8   7951D                 (0)0( 599.5)       4368508.6
c    9   7951E                 (0)0( 839.0)       5071935.4
c   10   60652755858951C       (0)0( 809.5)       5378157.3
c   11   7951F                 (0)0(1079.5)       5602010.3
c   12   7951G                 (0)0( 119.5)       5666228.6
c   13   7951H                 (0)0( 359.5)       5939781.6
c   14   60652755858951D       (0)0(1349.5)       6073277.0
c   15   60651756858951B       (0)0(  89.5)       6184989.5
c   16   7951I                 (0)0( 599.5)       6304065.4
c   17   7951J                 (0)0( 839.0)       6667449.4
c   18   60651756858951C       (0)0( 269.5)       6711048.0
c   19   60652755858951E       (0)0(1889.5)       6777537.8
c   20   7951K                 (0)0(1079.5)       6936327.6
c   21   7951M                 (0)0( 119.5)       7003344.1
c   22   7951N                 (0)0( 359.5)       7162704.6
c   23   7951O                 (0)0( 599.5)       7377186.1
c   24   60651756858951D       (0)0( 449.5)       7406891.9
c   25   7951P                 (0)0( 839.0)       7591206.6
c   26   7951Q                 (0)0(1079.5)       7749733.1
 
 
 
c-------------------------------------------------------------------------------
 
C  superstage partition information
C  ================================
C
C  element symbol   : W
C  parent template  : 
C  partition level  :  1
C  superstage label : 30
C
C  tabulation       : photon emissivity coefft (te,ne)
C  units            : ph. emis coef(cm^3 s^-1); te (ev); ne (cm^-3)
C
C  photon emissivity atomic transitions
C  ------------------------------------
C  
C   isel  wvlen(A)            transition                type  ispb nspb
C                                                             ispp nspp sz    tg pr wr
C  ----- ---------- ----------------------------------- ----- ---- ---- --    -- -- --
C      1   13.1731   25(0)0( 839.0)-  1(0)0(  22.0)     excit   1    1  30    15 26  1
C      2   14.9008   18(0)0( 269.5)-  1(0)0(  22.0)     excit   1    1  30    19 35  2
C      3   14.9982   17(0)0( 839.0)-  1(0)0(  22.0)     excit   1    1  30    10 14  3
C      4   16.4656   14(0)0(1349.5)-  1(0)0(  22.0)     excit   1    1  30    24 20  4
C      5   16.4776   26(0)0(1079.5)-  2(0)0( 839.0)     excit   1    1  30    37 19  5
C      6   16.8356   13(0)0( 359.5)-  1(0)0(  22.0)     excit   1    1  30     8 38  6
C      7   17.5553   23(0)0( 599.5)-  2(0)0( 839.0)     excit   1    1  30    35 46  7
C      8   19.0279   20(0)0(1079.5)-  2(0)0( 839.0)     excit   1    1  30    33 12  8
C      9   19.7163    9(0)0( 839.0)-  1(0)0(  22.0)     excit   1    1  30     5  7  9
C     10   19.7681   19(0)0(1889.5)-  3(0)0(  29.5)     excit   1    1  30   126 18 10
C     11   21.6302   16(0)0( 599.5)-  2(0)0( 839.0)     excit   1    1  30    31 25 11
C     12   25.5029   11(0)0(1079.5)-  2(0)0( 839.0)     excit   1    1  30    29  4 12
C     13   26.9745   23(0)0( 599.5)-  7(0)0( 359.5)     excit   1    1  30    54 34 13
C     14   27.2481    7(0)0( 359.5)-  1(0)0(  22.0)     excit   1    1  30     3  5 14
C     15   27.2646   18(0)0( 269.5)-  4(0)0(   9.5)     excit   1    1  30   117 45 15
C     16   27.3279   10(0)0( 809.5)-  3(0)0(  29.5)     excit   1    1  30   124  8 16
C     17   31.0299   25(0)0( 839.0)-  8(0)0( 599.5)     excit   1    1  30    66 29 17
C     18   31.8299   15(0)0(  89.5)-  4(0)0(   9.5)     excit   1    1  30   116 15 18
C     19   31.8684    5(0)0( 119.5)-  1(0)0(  22.0)     excit   1    1  30     2 11 19
C     20   35.6904   13(0)0( 359.5)-  5(0)0( 119.5)     excit   1    1  30    41 39 20
C     21   35.7885   22(0)0( 359.5)-  8(0)0( 599.5)     excit   1    1  30    64 49 21
C     22   37.1368   14(0)0(1349.5)-  6(0)0(1889.5)     excit   1    1  30   128 17 22
C     23   37.2077    8(0)0( 599.5)-  2(0)0( 839.0)     excit   1    1  30    27  6 23
C     24   37.3441   26(0)0(1079.5)-  9(0)0( 839.0)     excit   1    1  30    76 33 24
C     25   37.9639   16(0)0( 599.5)-  7(0)0( 359.5)     excit   1    1  30    50 23 25
C     26   43.3792   23(0)0( 599.5)-  9(0)0( 839.0)     excit   1    1  30    74 43 26
C     27   43.4983   17(0)0( 839.0)-  8(0)0( 599.5)     excit   1    1  30    61 21 27
C     28   50.0941   12(0)0( 119.5)-  7(0)0( 359.5)     excit   1    1  30    48 36 28
C     29   53.6368   20(0)0(1079.5)-  9(0)0( 839.0)     excit   1    1  30    72 24 29
C     30   58.1770    3(0)0(  29.5)-  1(0)0(  22.0)     excit   1    1  30    21  2 30
C     31   59.4923    2(0)0( 839.0)-  1(0)0(  22.0)     excit   1    1  30     1  1 31
C     32   60.1814    6(0)0(1889.5)-  3(0)0(  29.5)     excit   1    1  30   123  3 32
C     33   63.6427   13(0)0( 359.5)-  8(0)0( 599.5)     excit   1    1  30    59 27 33
C     34   69.5698   23(0)0( 599.5)- 13(0)0( 359.5)     excit   1    1  30    92 50 34
C     35   74.9842   24(0)0( 449.5)- 14(0)0(1349.5)     excit   1    1  30   133 32 35
C     36   75.0249   18(0)0( 269.5)- 10(0)0( 809.5)     excit   1    1  30   130 31 36
C     37   75.5061    4(0)0(   9.5)-  3(0)0(  29.5)     excit   1    1  30   122 10 37
C     38   77.6916   25(0)0( 839.0)- 16(0)0( 599.5)     excit   1    1  30    99 47 38
C     39   81.1603   16(0)0( 599.5)-  9(0)0( 839.0)     excit   1    1  30    70 22 39
C     40   92.3972   26(0)0(1079.5)- 17(0)0( 839.0)     excit   1    1  30   105 48 40
C     41   93.8580   17(0)0( 839.0)- 11(0)0(1079.5)     excit   1    1  30    78 42 41
C     42   140.897   23(0)0( 599.5)- 17(0)0( 839.0)     excit   1    1  30   103 41 42
C     43   141.993   19(0)0(1889.5)- 14(0)0(1349.5)     excit   1    1  30   134 30 43
C     44   142.161    9(0)0( 839.0)-  8(0)0( 599.5)     excit   1    1  30    56 13 44
C     45   143.160    8(0)0( 599.5)-  7(0)0( 359.5)     excit   1    1  30    46  9 45
C     46   143.860   14(0)0(1349.5)- 10(0)0( 809.5)     excit   1    1  30   131 28 46
C     47   187.941    7(0)0( 359.5)-  5(0)0( 119.5)     excit   1    1  30    38 16 47
C     48   188.653   11(0)0(1079.5)-  9(0)0( 839.0)     excit   1    1  30    68 44 48
C     49   274.511   16(0)0( 599.5)- 13(0)0( 359.5)     excit   1    1  30    88 37 49
C     50   275.191   17(0)0( 839.0)- 16(0)0( 599.5)     excit   1    1  30    94 40 50
c-------------------------------------------------------------------------------
                                                                                
C  code     : adas810
C  producer : Adam Foster
C  date     : 18/05/09
                                                                                
c-------------------------------------------------------------------------------

C-----------------------------------------------------------------------
C                               OPEN-ADAS
C                               +++++++++
C
C This file has been downloaded from OPEN-ADAS (http://open.adas.ac.uk)
C on 26-Mar-2025.
C
C TERMS AND CONDITIONS
C --------------------
C
C The user of the OPEN-ADAS system and data (hereinafter "the User")
C accepts the following terms and conditions:
C
C   1. The University of Strathclyde uses all reasonable endeavours to
C      ensure the accuracy of the data provided and any information
C      given, but the University makes no warranty, expressed or implied
C      as to its accuracy, integrity, fitness for purpose and shall not
C      be responsible for the use to which the data is put by the User
C      and/or any consequences arising out of any inaccuracies or
C      omissions.
C
C   2. Any downloaded OPEN-ADAS file is made available for the
C      personal use of the User only.  It must not be used for any
C      commercial application, incorporated into any web site or in
C      any form re-distributed without express prior written permission
C      from the ADAS Project. In particular, but not by way of
C      limitation, it must not be:
C        *  inserted into a managed database structure,
C        *  redistributed along with a modelling or analysis code,
C        *  made available on a public website.
C
C Permission for OPEN-ADAS data incorporation in non-commercial
C code/system development for scientific advance will not be
C unreasonably withheld, but will be subject to written agreement
C on a case by case basis.
C
C The User will indemnify the University of Strathclyde and keep it
C fully and effectively indemnified against each and every claim made
C against the University as a result of the User's use of the data.
C
C-----------------------------------------------------------------------
