   50    /W : 2 photon emissivity coefficients/
--------------------------------------------------------------------------------
    1    1    1    1    1    1    1    1    1    1    1    1    1    1
    1    1    1    1    1    1    1    1    1    1    1    1    1    1
    1    1    1    1    1    1    1    1    1    1    1    1    1    1
    1    1    1    1    1    1    1    1    1    1    1    1    1    1
    1    1    1    1    1    1    1    1    1    1    1    1    1    1
    1    1    1    1    1
--------------------------------------------------------------------------------
//#01/p00/ 00/p01/ 01/p02/ 02/p03/ 03/p04/ 04/p05/ 05/p06/ 06/p07/ 07/p08/ 08/  
      p09/ 09/p10/ 10/p11/ 11/p12/ 12/p13/ 13/p14/ 14/p15/ 15/p16/ 16/p17/ 17/  
      p18/ 18/p19/ 19/p20/ 20/p21/ 21/p22/ 22/p23/ 23/p24/ 24/p25/ 25/p26/ 26/  
      p27/ 27/p28/ 28/p29/ 29/p30/ 30/p31/ 31/p32/ 32/p33/ 33/p34/ 34/p35/ 35/  
      p36/ 36/p37/ 37/p38/ 38/p39/ 39/p40/ 40/p41/ 41/p42/ 42/p43/ 43/p44/ 44/  
      p45/ 45/p46/ 46/p47/ 47/p48/ 48/p49/ 49/p50/ 50/p51/ 51/p52/ 52/p53/ 53/  
      p54/ 54/p55/ 55/p56/ 56/p57/ 57/p58/ 58/p59/ 59/p60/ 60/p61/ 61/p62/ 62/  
      p63/ 63/p64/ 64/p65/ 65/p66/ 66/p67/ 67/p68/ 68/p69/ 69/p70/ 70/p71/ 71/  
      p72/ 72/p73/ 73/p74/ 74/                                                  
--------------------------------------------------------------------------------
  200.508    7  14 /pl=01:ss= 2:pb= 1:sz= 2/type=excit/ispb = t/isel =    1
 1.00E+10 1.00E+11 1.00E+12 1.00E+13 1.00E+14 1.00E+15 1.00E+16
 1.55E-01 2.33E-01 3.88E-01 7.75E-01 1.55E+00 3.88E+00 7.75E+00 1.16E+01
 1.55E+01 2.33E+01 3.88E+01 7.75E+01 1.55E+02 2.33E+02
 1.00E-74 1.00E-74 1.00E-74 5.22E-44 7.62E-27 1.19E-16 2.46E-13 2.88E-12
 9.54E-12 3.02E-11 7.10E-11 1.21E-10 1.42E-10 1.41E-10
 1.00E-74 1.00E-74 1.00E-74 5.22E-44 7.62E-27 1.19E-16 2.46E-13 2.88E-12
 9.54E-12 3.02E-11 7.09E-11 1.21E-10 1.42E-10 1.41E-10
 1.00E-74 1.00E-74 1.00E-74 5.23E-44 7.62E-27 1.18E-16 2.45E-13 2.88E-12
 9.54E-12 3.02E-11 7.09E-11 1.21E-10 1.42E-10 1.41E-10
 1.00E-74 1.00E-74 1.00E-74 5.34E-44 7.65E-27 1.18E-16 2.43E-13 2.86E-12
 9.46E-12 3.00E-11 7.05E-11 1.21E-10 1.41E-10 1.41E-10
 1.00E-74 1.00E-74 1.00E-74 5.86E-44 7.71E-27 1.11E-16 2.25E-13 2.63E-12
 8.70E-12 2.76E-11 6.54E-11 1.13E-10 1.34E-10 1.34E-10
 1.00E-74 1.00E-74 1.00E-74 9.90E-44 1.03E-26 1.09E-16 1.82E-13 1.96E-12
 6.22E-12 1.89E-11 4.38E-11 7.55E-11 9.08E-11 9.24E-11
 1.00E-74 1.00E-74 1.00E-74 2.55E-43 2.80E-26 1.79E-16 1.42E-13 1.08E-12
 2.86E-12 7.23E-12 1.46E-11 2.35E-11 2.86E-11 2.99E-11
  215.828    7  14 /pl=01:ss= 2:pb= 1:sz= 2/type=excit/ispb = t/isel =    2
 1.00E+10 1.00E+11 1.00E+12 1.00E+13 1.00E+14 1.00E+15 1.00E+16
 1.55E-01 2.33E-01 3.88E-01 7.75E-01 1.55E+00 3.88E+00 7.75E+00 1.16E+01
 1.55E+01 2.33E+01 3.88E+01 7.75E+01 1.55E+02 2.33E+02
 1.00E-74 1.00E-74 1.00E-74 4.79E-41 4.21E-25 1.24E-15 1.48E-12 1.45E-11
 4.37E-11 1.25E-10 2.70E-10 4.31E-10 4.89E-10 4.86E-10
 1.00E-74 1.00E-74 1.00E-74 4.80E-41 4.21E-25 1.24E-15 1.48E-12 1.45E-11
 4.37E-11 1.25E-10 2.70E-10 4.31E-10 4.89E-10 4.86E-10
 1.00E-74 1.00E-74 1.00E-74 4.81E-41 4.21E-25 1.24E-15 1.48E-12 1.45E-11
 4.37E-11 1.25E-10 2.70E-10 4.31E-10 4.89E-10 4.86E-10
 1.00E-74 1.00E-74 1.00E-74 4.90E-41 4.28E-25 1.25E-15 1.49E-12 1.46E-11
 4.40E-11 1.26E-10 2.72E-10 4.33E-10 4.91E-10 4.87E-10
 1.00E-74 1.00E-74 1.00E-74 5.79E-41 4.81E-25 1.34E-15 1.56E-12 1.51E-11
 4.54E-11 1.30E-10 2.79E-10 4.46E-10 5.04E-10 5.00E-10
 1.00E-74 1.00E-74 1.00E-74 1.16E-40 7.77E-25 1.57E-15 1.50E-12 1.34E-11
 3.89E-11 1.08E-10 2.33E-10 3.82E-10 4.49E-10 4.54E-10
 1.00E-74 1.00E-74 1.00E-74 2.16E-40 1.47E-24 1.79E-15 8.15E-13 5.17E-12
 1.25E-11 2.88E-11 5.45E-11 8.49E-11 1.03E-10 1.10E-10
  287.957    7  14 /pl=01:ss= 2:pb= 1:sz= 2/type=excit/ispb = t/isel =    3
 1.00E+10 1.00E+11 1.00E+12 1.00E+13 1.00E+14 1.00E+15 1.00E+16
 1.55E-01 2.33E-01 3.88E-01 7.75E-01 1.55E+00 3.88E+00 7.75E+00 1.16E+01
 1.55E+01 2.33E+01 3.88E+01 7.75E+01 1.55E+02 2.33E+02
 1.00E-74 1.00E-74 1.00E-74 2.45E-42 9.58E-26 6.86E-16 1.10E-12 1.18E-11
 3.75E-11 1.12E-10 2.52E-10 4.12E-10 4.67E-10 4.58E-10
 1.00E-74 1.00E-74 1.00E-74 2.45E-42 9.59E-26 6.86E-16 1.10E-12 1.18E-11
 3.75E-11 1.12E-10 2.52E-10 4.12E-10 4.68E-10 4.58E-10
 1.00E-74 1.00E-74 1.00E-74 2.51E-42 9.74E-26 6.94E-16 1.11E-12 1.19E-11
 3.78E-11 1.13E-10 2.53E-10 4.14E-10 4.69E-10 4.60E-10
 1.00E-74 1.00E-74 1.00E-74 3.03E-42 1.12E-25 7.66E-16 1.20E-12 1.28E-11
 4.02E-11 1.20E-10 2.66E-10 4.33E-10 4.88E-10 4.77E-10
 1.00E-74 1.00E-74 1.00E-74 8.65E-42 2.66E-25 1.50E-15 2.09E-12 2.11E-11
 6.45E-11 1.84E-10 3.95E-10 6.16E-10 6.73E-10 6.49E-10
 1.00E-74 1.00E-74 1.00E-74 1.25E-40 2.92E-24 1.07E-14 1.10E-11 9.70E-11
 2.73E-10 7.14E-10 1.42E-09 2.07E-09 2.17E-09 2.05E-09
 1.00E-74 1.00E-74 1.00E-74 1.10E-39 3.21E-23 9.26E-14 5.31E-11 3.52E-10
 8.51E-10 1.93E-09 3.47E-09 4.94E-09 5.42E-09 5.36E-09
  293.191    7  14 /pl=01:ss= 2:pb= 1:sz= 2/type=excit/ispb = t/isel =    4
 1.00E+10 1.00E+11 1.00E+12 1.00E+13 1.00E+14 1.00E+15 1.00E+16
 1.55E-01 2.33E-01 3.88E-01 7.75E-01 1.55E+00 3.88E+00 7.75E+00 1.16E+01
 1.55E+01 2.33E+01 3.88E+01 7.75E+01 1.55E+02 2.33E+02
 1.00E-74 1.00E-74 1.00E-74 1.07E-30 5.29E-19 4.31E-12 7.48E-10 3.93E-09
 8.79E-09 1.90E-08 3.34E-08 4.77E-08 5.32E-08 5.34E-08
 1.00E-74 1.00E-74 1.00E-74 1.07E-30 5.29E-19 4.31E-12 7.48E-10 3.93E-09
 8.79E-09 1.90E-08 3.34E-08 4.77E-08 5.32E-08 5.34E-08
 1.00E-74 1.00E-74 1.00E-74 1.07E-30 5.29E-19 4.31E-12 7.48E-10 3.93E-09
 8.78E-09 1.90E-08 3.34E-08 4.77E-08 5.32E-08 5.34E-08
 1.00E-74 1.00E-74 1.00E-74 1.07E-30 5.29E-19 4.31E-12 7.47E-10 3.92E-09
 8.76E-09 1.89E-08 3.33E-08 4.75E-08 5.30E-08 5.32E-08
 1.00E-74 1.00E-74 1.00E-74 1.07E-30 5.29E-19 4.27E-12 7.32E-10 3.82E-09
 8.49E-09 1.82E-08 3.20E-08 4.57E-08 5.12E-08 5.16E-08
 1.00E-74 1.00E-74 1.00E-74 1.07E-30 5.26E-19 3.99E-12 6.21E-10 3.07E-09
 6.61E-09 1.37E-08 2.36E-08 3.35E-08 3.82E-08 3.90E-08
 1.00E-74 1.00E-74 1.00E-74 1.05E-30 5.14E-19 3.02E-12 3.10E-10 1.25E-09
 2.43E-09 4.55E-09 7.24E-09 9.95E-09 1.15E-08 1.21E-08
  312.078    7  14 /pl=01:ss= 2:pb= 1:sz= 2/type=excit/ispb = t/isel =    5
 1.00E+10 1.00E+11 1.00E+12 1.00E+13 1.00E+14 1.00E+15 1.00E+16
 1.55E-01 2.33E-01 3.88E-01 7.75E-01 1.55E+00 3.88E+00 7.75E+00 1.16E+01
 1.55E+01 2.33E+01 3.88E+01 7.75E+01 1.55E+02 2.33E+02
 1.00E-74 1.00E-74 1.00E-74 1.00E-74 9.98E-37 9.62E-21 1.65E-15 8.60E-14
 5.96E-13 3.89E-12 1.59E-11 3.93E-11 5.17E-11 5.20E-11
 1.00E-74 1.00E-74 1.00E-74 1.00E-74 1.00E-36 9.63E-21 1.65E-15 8.60E-14
 5.96E-13 3.90E-12 1.59E-11 3.93E-11 5.17E-11 5.21E-11
 1.00E-74 1.00E-74 1.00E-74 1.00E-74 1.01E-36 9.67E-21 1.66E-15 8.64E-14
 5.98E-13 3.91E-12 1.60E-11 3.94E-11 5.18E-11 5.22E-11
 1.00E-74 1.00E-74 1.00E-74 1.00E-74 1.05E-36 1.01E-20 1.73E-15 8.95E-14
 6.18E-13 4.03E-12 1.64E-11 4.03E-11 5.29E-11 5.32E-11
 1.00E-74 1.00E-74 1.00E-74 1.00E-74 1.47E-36 1.36E-20 2.26E-15 1.15E-13
 7.83E-13 5.01E-12 2.01E-11 4.82E-11 6.22E-11 6.20E-11
 1.00E-74 1.00E-74 1.00E-74 1.00E-74 3.85E-36 2.92E-20 4.21E-15 1.99E-13
 1.30E-12 7.98E-12 3.08E-11 7.24E-11 9.33E-11 9.34E-11
 1.00E-74 1.00E-74 1.00E-74 1.00E-74 1.13E-35 6.08E-20 4.91E-15 1.78E-13
 1.02E-12 5.48E-12 1.94E-11 4.47E-11 6.00E-11 6.27E-11
  312.110    7  14 /pl=01:ss= 2:pb= 1:sz= 2/type=excit/ispb = t/isel =    6
 1.00E+10 1.00E+11 1.00E+12 1.00E+13 1.00E+14 1.00E+15 1.00E+16
 1.55E-01 2.33E-01 3.88E-01 7.75E-01 1.55E+00 3.88E+00 7.75E+00 1.16E+01
 1.55E+01 2.33E+01 3.88E+01 7.75E+01 1.55E+02 2.33E+02
 1.00E-74 1.00E-74 1.00E-74 1.00E-74 6.39E-33 1.63E-18 7.55E-14 2.57E-12
 1.46E-11 7.92E-11 2.83E-10 6.47E-10 8.48E-10 8.64E-10
 1.00E-74 1.00E-74 1.00E-74 1.00E-74 6.42E-33 1.63E-18 7.55E-14 2.58E-12
 1.46E-11 7.92E-11 2.83E-10 6.47E-10 8.49E-10 8.64E-10
 1.00E-74 1.00E-74 1.00E-74 1.00E-74 6.43E-33 1.63E-18 7.55E-14 2.58E-12
 1.46E-11 7.92E-11 2.83E-10 6.47E-10 8.48E-10 8.64E-10
 1.00E-74 1.00E-74 1.00E-74 1.00E-74 6.43E-33 1.63E-18 7.54E-14 2.57E-12
 1.46E-11 7.89E-11 2.82E-10 6.45E-10 8.45E-10 8.61E-10
 1.00E-74 1.00E-74 1.00E-74 1.00E-74 6.45E-33 1.63E-18 7.44E-14 2.51E-12
 1.42E-11 7.63E-11 2.72E-10 6.21E-10 8.16E-10 8.34E-10
 1.00E-74 1.00E-74 1.00E-74 1.00E-74 6.61E-33 1.62E-18 6.74E-14 2.14E-12
 1.16E-11 5.98E-11 2.06E-10 4.66E-10 6.21E-10 6.44E-10
 1.00E-74 1.00E-74 1.00E-74 1.00E-74 7.80E-33 1.71E-18 4.53E-14 1.12E-12
 5.32E-12 2.39E-11 7.42E-11 1.58E-10 2.12E-10 2.25E-10
  312.142    7  14 /pl=01:ss= 2:pb= 1:sz= 2/type=excit/ispb = t/isel =    7
 1.00E+10 1.00E+11 1.00E+12 1.00E+13 1.00E+14 1.00E+15 1.00E+16
 1.55E-01 2.33E-01 3.88E-01 7.75E-01 1.55E+00 3.88E+00 7.75E+00 1.16E+01
 1.55E+01 2.33E+01 3.88E+01 7.75E+01 1.55E+02 2.33E+02
 1.00E-74 1.00E-74 1.00E-74 1.00E-74 1.11E-37 4.08E-21 1.16E-15 7.09E-14
 5.34E-13 3.80E-12 1.66E-11 4.36E-11 5.99E-11 6.14E-11
 1.00E-74 1.00E-74 1.00E-74 1.00E-74 1.11E-37 4.08E-21 1.16E-15 7.09E-14
 5.34E-13 3.80E-12 1.66E-11 4.36E-11 5.99E-11 6.14E-11
 1.00E-74 1.00E-74 1.00E-74 1.00E-74 1.11E-37 4.08E-21 1.16E-15 7.09E-14
 5.34E-13 3.80E-12 1.66E-11 4.36E-11 5.98E-11 6.14E-11
 1.00E-74 1.00E-74 1.00E-74 1.00E-74 1.12E-37 4.10E-21 1.16E-15 7.10E-14
 5.35E-13 3.80E-12 1.66E-11 4.35E-11 5.97E-11 6.13E-11
 1.00E-74 1.00E-74 1.00E-74 1.00E-74 1.20E-37 4.28E-21 1.18E-15 7.16E-14
 5.35E-13 3.77E-12 1.64E-11 4.28E-11 5.88E-11 6.03E-11
 1.00E-74 1.00E-74 1.00E-74 1.00E-74 1.96E-37 5.68E-21 1.32E-15 7.34E-14
 5.23E-13 3.49E-12 1.45E-11 3.69E-11 5.05E-11 5.21E-11
 1.00E-74 1.00E-74 1.00E-74 1.00E-74 1.26E-36 2.23E-20 2.39E-15 9.17E-14
 5.37E-13 2.93E-12 1.04E-11 2.37E-11 3.15E-11 3.25E-11
  315.919    7  14 /pl=01:ss= 2:pb= 1:sz= 2/type=excit/ispb = t/isel =    8
 1.00E+10 1.00E+11 1.00E+12 1.00E+13 1.00E+14 1.00E+15 1.00E+16
 1.55E-01 2.33E-01 3.88E-01 7.75E-01 1.55E+00 3.88E+00 7.75E+00 1.16E+01
 1.55E+01 2.33E+01 3.88E+01 7.75E+01 1.55E+02 2.33E+02
 1.00E-74 1.00E-74 1.00E-74 1.00E-74 4.40E-31 1.37E-17 3.54E-13 9.63E-12
 4.82E-11 2.28E-10 7.25E-10 1.51E-09 1.87E-09 1.87E-09
 1.00E-74 1.00E-74 1.00E-74 1.00E-74 4.40E-31 1.37E-17 3.54E-13 9.63E-12
 4.82E-11 2.28E-10 7.25E-10 1.50E-09 1.87E-09 1.87E-09
 1.00E-74 1.00E-74 1.00E-74 1.00E-74 4.40E-31 1.37E-17 3.54E-13 9.63E-12
 4.82E-11 2.28E-10 7.24E-10 1.50E-09 1.87E-09 1.87E-09
 1.00E-74 1.00E-74 1.00E-74 1.00E-74 4.40E-31 1.37E-17 3.53E-13 9.60E-12
 4.80E-11 2.27E-10 7.22E-10 1.50E-09 1.86E-09 1.86E-09
 1.00E-74 1.00E-74 1.00E-74 1.00E-74 4.40E-31 1.36E-17 3.47E-13 9.37E-12
 4.67E-11 2.20E-10 6.97E-10 1.45E-09 1.80E-09 1.81E-09
 1.00E-74 1.00E-74 1.00E-74 1.00E-74 4.44E-31 1.28E-17 2.98E-13 7.65E-12
 3.70E-11 1.69E-10 5.26E-10 1.09E-09 1.38E-09 1.40E-09
 1.00E-74 1.00E-74 1.00E-74 1.00E-74 4.88E-31 1.05E-17 1.59E-13 3.36E-12
 1.47E-11 6.06E-11 1.76E-10 3.53E-10 4.54E-10 4.73E-10
  556.703    7  14 /pl=01:ss= 2:pb= 1:sz= 2/type=excit/ispb = t/isel =    9
 1.00E+10 1.00E+11 1.00E+12 1.00E+13 1.00E+14 1.00E+15 1.00E+16
 1.55E-01 2.33E-01 3.88E-01 7.75E-01 1.55E+00 3.88E+00 7.75E+00 1.16E+01
 1.55E+01 2.33E+01 3.88E+01 7.75E+01 1.55E+02 2.33E+02
 1.00E-74 1.00E-74 4.61E-33 9.69E-21 1.18E-14 4.20E-11 5.44E-10 1.20E-09
 1.74E-09 2.46E-09 3.15E-09 3.66E-09 3.78E-09 3.72E-09
 1.00E-74 1.00E-74 4.61E-33 9.69E-21 1.18E-14 4.20E-11 5.44E-10 1.20E-09
 1.74E-09 2.46E-09 3.15E-09 3.66E-09 3.78E-09 3.72E-09
 1.00E-74 1.00E-74 4.62E-33 9.70E-21 1.18E-14 4.21E-11 5.44E-10 1.20E-09
 1.74E-09 2.46E-09 3.15E-09 3.66E-09 3.78E-09 3.72E-09
 1.00E-74 1.32E-49 4.68E-33 9.79E-21 1.19E-14 4.23E-11 5.45E-10 1.20E-09
 1.74E-09 2.46E-09 3.15E-09 3.65E-09 3.78E-09 3.72E-09
 1.00E-74 1.98E-49 5.85E-33 1.12E-20 1.30E-14 4.44E-11 5.59E-10 1.22E-09
 1.75E-09 2.45E-09 3.11E-09 3.58E-09 3.69E-09 3.63E-09
 1.00E-74 1.04E-48 2.87E-32 4.32E-20 3.66E-14 8.35E-11 8.17E-10 1.58E-09
 2.12E-09 2.74E-09 3.21E-09 3.40E-09 3.31E-09 3.19E-09
 1.00E-74 7.16E-49 2.76E-32 6.77E-20 8.62E-14 1.88E-10 1.14E-09 1.75E-09
 2.09E-09 2.42E-09 2.64E-09 2.69E-09 2.57E-09 2.46E-09
  560.539    7  14 /pl=01:ss= 2:pb= 1:sz= 2/type=excit/ispb = t/isel =   10
 1.00E+10 1.00E+11 1.00E+12 1.00E+13 1.00E+14 1.00E+15 1.00E+16
 1.55E-01 2.33E-01 3.88E-01 7.75E-01 1.55E+00 3.88E+00 7.75E+00 1.16E+01
 1.55E+01 2.33E+01 3.88E+01 7.75E+01 1.55E+02 2.33E+02
 1.00E-74 1.00E-74 1.00E-74 2.44E-45 1.88E-27 7.90E-17 2.27E-13 2.97E-12
 1.03E-11 3.41E-11 8.22E-11 1.41E-10 1.64E-10 1.62E-10
 1.00E-74 1.00E-74 1.00E-74 2.47E-45 1.88E-27 7.90E-17 2.27E-13 2.97E-12
 1.03E-11 3.42E-11 8.22E-11 1.41E-10 1.64E-10 1.62E-10
 1.00E-74 1.00E-74 1.00E-74 2.47E-45 1.89E-27 7.90E-17 2.27E-13 2.97E-12
 1.03E-11 3.42E-11 8.23E-11 1.41E-10 1.64E-10 1.62E-10
 1.00E-74 1.00E-74 1.00E-74 2.53E-45 1.92E-27 7.99E-17 2.29E-13 2.99E-12
 1.04E-11 3.43E-11 8.24E-11 1.42E-10 1.64E-10 1.62E-10
 1.00E-74 1.00E-74 1.00E-74 3.36E-45 2.33E-27 9.02E-17 2.48E-13 3.17E-12
 1.09E-11 3.54E-11 8.42E-11 1.43E-10 1.64E-10 1.62E-10
 1.00E-74 1.00E-74 1.00E-74 1.35E-44 6.92E-27 1.85E-16 4.01E-13 4.60E-12
 1.49E-11 4.50E-11 1.00E-10 1.60E-10 1.75E-10 1.69E-10
 1.00E-74 1.00E-74 1.00E-74 5.52E-44 3.14E-26 5.32E-16 5.77E-13 4.86E-12
 1.34E-11 3.51E-11 7.19E-11 1.13E-10 1.31E-10 1.32E-10
  581.648    7  14 /pl=01:ss= 2:pb= 1:sz= 2/type=excit/ispb = t/isel =   11
 1.00E+10 1.00E+11 1.00E+12 1.00E+13 1.00E+14 1.00E+15 1.00E+16
 1.55E-01 2.33E-01 3.88E-01 7.75E-01 1.55E+00 3.88E+00 7.75E+00 1.16E+01
 1.55E+01 2.33E+01 3.88E+01 7.75E+01 1.55E+02 2.33E+02
 1.00E-74 1.00E-74 9.33E-32 5.70E-20 3.78E-14 9.25E-11 1.06E-09 2.26E-09
 3.21E-09 4.48E-09 5.65E-09 6.53E-09 6.74E-09 6.64E-09
 1.00E-74 1.01E-47 9.33E-32 5.70E-20 3.78E-14 9.25E-11 1.06E-09 2.26E-09
 3.21E-09 4.48E-09 5.64E-09 6.53E-09 6.73E-09 6.64E-09
 1.00E-74 1.42E-47 9.32E-32 5.70E-20 3.77E-14 9.24E-11 1.06E-09 2.26E-09
 3.20E-09 4.47E-09 5.63E-09 6.51E-09 6.72E-09 6.62E-09
 1.00E-74 1.48E-47 9.41E-32 5.73E-20 3.79E-14 9.25E-11 1.06E-09 2.25E-09
 3.18E-09 4.43E-09 5.56E-09 6.40E-09 6.59E-09 6.50E-09
 1.00E-74 2.36E-47 1.30E-31 6.97E-20 4.29E-14 9.99E-11 1.11E-09 2.33E-09
 3.27E-09 4.48E-09 5.53E-09 6.21E-09 6.27E-09 6.13E-09
 1.00E-74 1.07E-46 5.79E-31 2.59E-19 1.20E-13 1.91E-10 1.67E-09 3.14E-09
 4.15E-09 5.31E-09 6.16E-09 6.49E-09 6.22E-09 5.92E-09
 1.00E-74 6.75E-47 5.04E-31 3.63E-19 2.51E-13 3.81E-10 2.06E-09 3.04E-09
 3.57E-09 4.08E-09 4.41E-09 4.53E-09 4.40E-09 4.27E-09
  604.529    7  14 /pl=01:ss= 2:pb= 1:sz= 2/type=excit/ispb = t/isel =   12
 1.00E+10 1.00E+11 1.00E+12 1.00E+13 1.00E+14 1.00E+15 1.00E+16
 1.55E-01 2.33E-01 3.88E-01 7.75E-01 1.55E+00 3.88E+00 7.75E+00 1.16E+01
 1.55E+01 2.33E+01 3.88E+01 7.75E+01 1.55E+02 2.33E+02
 1.00E-74 1.00E-74 1.00E-74 3.19E-44 8.66E-27 1.94E-16 4.55E-13 5.57E-12
 1.87E-11 5.95E-11 1.40E-10 2.37E-10 2.72E-10 2.66E-10
 1.00E-74 1.00E-74 1.00E-74 3.21E-44 8.67E-27 1.94E-16 4.55E-13 5.57E-12
 1.88E-11 5.95E-11 1.40E-10 2.37E-10 2.72E-10 2.66E-10
 1.00E-74 1.00E-74 1.00E-74 3.27E-44 8.81E-27 1.97E-16 4.60E-13 5.63E-12
 1.89E-11 6.00E-11 1.41E-10 2.39E-10 2.73E-10 2.68E-10
 1.00E-74 1.00E-74 1.00E-74 3.90E-44 1.01E-26 2.20E-16 5.07E-13 6.15E-12
 2.06E-11 6.50E-11 1.52E-10 2.53E-10 2.88E-10 2.80E-10
 1.00E-74 1.00E-74 1.00E-74 8.36E-44 1.93E-26 3.77E-16 8.22E-13 9.71E-12
 3.20E-11 9.94E-11 2.27E-10 3.68E-10 4.03E-10 3.85E-10
 1.00E-74 1.00E-74 1.00E-74 2.53E-43 4.78E-26 7.18E-16 1.33E-12 1.47E-11
 4.70E-11 1.43E-10 3.28E-10 5.47E-10 6.27E-10 6.15E-10
 1.00E-74 1.00E-74 1.00E-74 7.51E-43 1.53E-25 1.42E-15 1.27E-12 1.01E-11
 2.71E-11 6.96E-11 1.42E-10 2.30E-10 2.79E-10 2.90E-10
  628.764    7  14 /pl=01:ss= 2:pb= 1:sz= 2/type=excit/ispb = t/isel =   13
 1.00E+10 1.00E+11 1.00E+12 1.00E+13 1.00E+14 1.00E+15 1.00E+16
 1.55E-01 2.33E-01 3.88E-01 7.75E-01 1.55E+00 3.88E+00 7.75E+00 1.16E+01
 1.55E+01 2.33E+01 3.88E+01 7.75E+01 1.55E+02 2.33E+02
 1.00E-74 2.76E-44 1.13E-29 8.85E-19 2.10E-13 2.79E-10 2.62E-09 5.21E-09
 7.20E-09 9.74E-09 1.21E-08 1.38E-08 1.42E-08 1.40E-08
 1.00E-74 2.76E-44 1.13E-29 8.85E-19 2.10E-13 2.79E-10 2.62E-09 5.21E-09
 7.19E-09 9.74E-09 1.21E-08 1.38E-08 1.42E-08 1.40E-08
 1.00E-74 2.75E-44 1.12E-29 8.80E-19 2.09E-13 2.78E-10 2.61E-09 5.19E-09
 7.17E-09 9.71E-09 1.20E-08 1.38E-08 1.42E-08 1.39E-08
 1.00E-74 2.72E-44 1.10E-29 8.53E-19 2.02E-13 2.69E-10 2.54E-09 5.05E-09
 6.98E-09 9.46E-09 1.17E-08 1.34E-08 1.39E-08 1.37E-08
 1.00E-74 3.99E-44 1.44E-29 9.82E-19 2.14E-13 2.68E-10 2.44E-09 4.78E-09
 6.55E-09 8.75E-09 1.07E-08 1.21E-08 1.24E-08 1.22E-08
 1.00E-74 1.68E-43 5.97E-29 3.56E-18 6.11E-13 5.33E-10 3.80E-09 6.67E-09
 8.55E-09 1.06E-08 1.21E-08 1.25E-08 1.19E-08 1.13E-08
 1.00E-74 1.04E-43 5.00E-29 4.62E-18 1.15E-12 9.51E-10 4.21E-09 5.83E-09
 6.63E-09 7.35E-09 7.78E-09 7.89E-09 7.69E-09 7.48E-09
  637.740    7  14 /pl=01:ss= 2:pb= 1:sz= 2/type=excit/ispb = t/isel =   14
 1.00E+10 1.00E+11 1.00E+12 1.00E+13 1.00E+14 1.00E+15 1.00E+16
 1.55E-01 2.33E-01 3.88E-01 7.75E-01 1.55E+00 3.88E+00 7.75E+00 1.16E+01
 1.55E+01 2.33E+01 3.88E+01 7.75E+01 1.55E+02 2.33E+02
 1.00E-74 1.03E-44 2.63E-30 1.48E-19 3.08E-14 3.86E-11 3.51E-10 6.82E-10
 9.21E-10 1.19E-09 1.39E-09 1.41E-09 1.29E-09 1.19E-09
 1.00E-74 1.03E-44 2.62E-30 1.48E-19 3.07E-14 3.84E-11 3.50E-10 6.80E-10
 9.19E-10 1.19E-09 1.38E-09 1.41E-09 1.29E-09 1.19E-09
 1.00E-74 9.73E-45 2.51E-30 1.42E-19 2.96E-14 3.73E-11 3.40E-10 6.63E-10
 8.97E-10 1.16E-09 1.36E-09 1.39E-09 1.27E-09 1.17E-09
 1.00E-74 7.36E-45 1.92E-30 1.11E-19 2.34E-14 2.99E-11 2.76E-10 5.44E-10
 7.41E-10 9.75E-10 1.15E-09 1.21E-09 1.13E-09 1.06E-09
 1.00E-74 7.86E-45 1.79E-30 8.79E-20 1.64E-14 1.90E-11 1.69E-10 3.29E-10
 4.47E-10 5.88E-10 7.02E-10 7.55E-10 7.32E-10 6.99E-10
 1.00E-74 2.51E-44 5.62E-30 2.37E-19 3.40E-14 2.66E-11 1.83E-10 3.18E-10
 4.05E-10 5.00E-10 5.65E-10 5.83E-10 5.52E-10 5.23E-10
 1.00E-74 1.44E-44 4.32E-30 2.79E-19 5.81E-14 4.31E-11 1.84E-10 2.51E-10
 2.84E-10 3.12E-10 3.29E-10 3.32E-10 3.22E-10 3.13E-10
  708.937    7  14 /pl=01:ss= 2:pb= 1:sz= 2/type=excit/ispb = t/isel =   15
 1.00E+10 1.00E+11 1.00E+12 1.00E+13 1.00E+14 1.00E+15 1.00E+16
 1.55E-01 2.33E-01 3.88E-01 7.75E-01 1.55E+00 3.88E+00 7.75E+00 1.16E+01
 1.55E+01 2.33E+01 3.88E+01 7.75E+01 1.55E+02 2.33E+02
 1.00E-74 1.00E-74 1.00E-74 1.10E-43 4.30E-27 3.08E-17 4.92E-14 5.30E-13
 1.68E-12 5.04E-12 1.13E-11 1.85E-11 2.10E-11 2.06E-11
 1.00E-74 1.00E-74 1.00E-74 1.10E-43 4.30E-27 3.08E-17 4.93E-14 5.31E-13
 1.68E-12 5.04E-12 1.13E-11 1.85E-11 2.10E-11 2.06E-11
 1.00E-74 1.00E-74 1.00E-74 1.12E-43 4.37E-27 3.11E-17 4.97E-14 5.35E-13
 1.69E-12 5.07E-12 1.14E-11 1.86E-11 2.11E-11 2.06E-11
 1.00E-74 1.00E-74 1.00E-74 1.36E-43 5.04E-27 3.44E-17 5.37E-14 5.73E-13
 1.81E-12 5.37E-12 1.19E-11 1.94E-11 2.19E-11 2.14E-11
 1.00E-74 1.00E-74 1.00E-74 3.88E-43 1.20E-26 6.72E-17 9.38E-14 9.49E-13
 2.89E-12 8.27E-12 1.77E-11 2.76E-11 3.02E-11 2.91E-11
 1.00E-74 1.00E-74 1.00E-74 5.62E-42 1.31E-25 4.80E-16 4.95E-13 4.35E-12
 1.22E-11 3.20E-11 6.36E-11 9.30E-11 9.73E-11 9.21E-11
 1.00E-74 1.00E-74 1.00E-74 4.93E-41 1.44E-24 4.15E-15 2.38E-12 1.58E-11
 3.82E-11 8.64E-11 1.56E-10 2.22E-10 2.43E-10 2.41E-10
  737.630    7  14 /pl=01:ss= 2:pb= 1:sz= 2/type=excit/ispb = t/isel =   16
 1.00E+10 1.00E+11 1.00E+12 1.00E+13 1.00E+14 1.00E+15 1.00E+16
 1.55E-01 2.33E-01 3.88E-01 7.75E-01 1.55E+00 3.88E+00 7.75E+00 1.16E+01
 1.55E+01 2.33E+01 3.88E+01 7.75E+01 1.55E+02 2.33E+02
 1.00E-74 1.00E-74 1.00E-74 7.95E-42 2.07E-25 1.22E-15 1.87E-12 1.99E-11
 6.28E-11 1.89E-10 4.26E-10 6.98E-10 7.85E-10 7.64E-10
 1.00E-74 1.00E-74 1.00E-74 7.95E-42 2.06E-25 1.22E-15 1.87E-12 1.99E-11
 6.28E-11 1.89E-10 4.26E-10 6.98E-10 7.85E-10 7.64E-10
 1.00E-74 1.00E-74 1.00E-74 7.90E-42 2.05E-25 1.21E-15 1.86E-12 1.98E-11
 6.25E-11 1.88E-10 4.24E-10 6.95E-10 7.82E-10 7.62E-10
 1.00E-74 1.00E-74 1.00E-74 7.46E-42 1.95E-25 1.15E-15 1.76E-12 1.88E-11
 5.95E-11 1.80E-10 4.07E-10 6.70E-10 7.58E-10 7.41E-10
 1.00E-74 1.00E-74 1.00E-74 5.35E-42 1.40E-25 8.05E-16 1.22E-12 1.31E-11
 4.15E-11 1.26E-10 2.92E-10 4.97E-10 5.84E-10 5.84E-10
 1.00E-74 1.00E-74 1.00E-74 4.87E-42 9.82E-26 4.01E-16 4.93E-13 4.84E-12
 1.47E-11 4.33E-11 9.85E-11 1.71E-10 2.11E-10 2.19E-10
 1.00E-74 1.00E-74 1.00E-74 8.29E-42 1.62E-25 3.72E-16 2.11E-13 1.44E-12
 3.62E-12 8.72E-12 1.71E-11 2.73E-11 3.36E-11 3.57E-11
  741.531    7  14 /pl=01:ss= 2:pb= 1:sz= 2/type=excit/ispb = t/isel =   17
 1.00E+10 1.00E+11 1.00E+12 1.00E+13 1.00E+14 1.00E+15 1.00E+16
 1.55E-01 2.33E-01 3.88E-01 7.75E-01 1.55E+00 3.88E+00 7.75E+00 1.16E+01
 1.55E+01 2.33E+01 3.88E+01 7.75E+01 1.55E+02 2.33E+02
 1.00E-74 2.42E-38 5.72E-26 9.38E-17 3.22E-12 1.36E-09 8.84E-09 1.57E-08
 2.06E-08 2.65E-08 3.20E-08 3.62E-08 3.69E-08 3.62E-08
 1.00E-74 2.42E-38 5.72E-26 9.38E-17 3.22E-12 1.36E-09 8.84E-09 1.57E-08
 2.06E-08 2.65E-08 3.20E-08 3.62E-08 3.69E-08 3.62E-08
 1.00E-74 2.43E-38 5.73E-26 9.39E-17 3.23E-12 1.37E-09 8.85E-09 1.57E-08
 2.06E-08 2.65E-08 3.20E-08 3.62E-08 3.69E-08 3.63E-08
 1.00E-74 2.49E-38 5.84E-26 9.52E-17 3.27E-12 1.39E-09 8.99E-09 1.59E-08
 2.08E-08 2.68E-08 3.23E-08 3.64E-08 3.70E-08 3.64E-08
 1.00E-74 3.30E-38 7.25E-26 1.11E-16 3.67E-12 1.52E-09 9.67E-09 1.70E-08
 2.20E-08 2.80E-08 3.33E-08 3.71E-08 3.73E-08 3.66E-08
 1.00E-74 1.06E-37 2.25E-25 3.08E-16 8.48E-12 2.58E-09 1.31E-08 2.07E-08
 2.54E-08 3.02E-08 3.37E-08 3.51E-08 3.40E-08 3.28E-08
 1.00E-74 6.39E-38 1.78E-25 3.50E-16 1.29E-11 3.47E-09 1.06E-08 1.31E-08
 1.41E-08 1.48E-08 1.51E-08 1.51E-08 1.48E-08 1.45E-08
  772.326    7  14 /pl=01:ss= 2:pb= 1:sz= 2/type=excit/ispb = t/isel =   18
 1.00E+10 1.00E+11 1.00E+12 1.00E+13 1.00E+14 1.00E+15 1.00E+16
 1.55E-01 2.33E-01 3.88E-01 7.75E-01 1.55E+00 3.88E+00 7.75E+00 1.16E+01
 1.55E+01 2.33E+01 3.88E+01 7.75E+01 1.55E+02 2.33E+02
 1.00E-74 6.74E-38 5.07E-26 3.54E-17 8.24E-13 2.95E-10 1.83E-09 3.16E-09
 4.05E-09 4.94E-09 5.50E-09 5.43E-09 4.86E-09 4.46E-09
 1.00E-74 6.74E-38 5.06E-26 3.54E-17 8.24E-13 2.95E-10 1.83E-09 3.16E-09
 4.05E-09 4.94E-09 5.50E-09 5.43E-09 4.86E-09 4.46E-09
 1.00E-74 6.71E-38 5.04E-26 3.52E-17 8.21E-13 2.94E-10 1.83E-09 3.15E-09
 4.04E-09 4.94E-09 5.49E-09 5.42E-09 4.86E-09 4.46E-09
 1.00E-74 6.45E-38 4.87E-26 3.42E-17 7.98E-13 2.86E-10 1.78E-09 3.08E-09
 3.96E-09 4.84E-09 5.41E-09 5.37E-09 4.84E-09 4.45E-09
 1.00E-74 6.53E-38 4.69E-26 3.13E-17 6.96E-13 2.34E-10 1.42E-09 2.43E-09
 3.12E-09 3.85E-09 4.37E-09 4.49E-09 4.21E-09 3.95E-09
 2.98E-52 1.24E-37 8.82E-26 5.40E-17 9.97E-13 2.34E-10 1.09E-09 1.66E-09
 2.00E-09 2.34E-09 2.55E-09 2.58E-09 2.44E-09 2.32E-09
 5.97E-53 5.89E-38 5.27E-26 4.44E-17 1.08E-12 2.24E-10 6.30E-10 7.53E-10
 7.97E-10 8.24E-10 8.31E-10 8.22E-10 8.04E-10 7.90E-10
  937.132    7  14 /pl=01:ss= 2:pb= 1:sz= 2/type=excit/ispb = t/isel =   19
 1.00E+10 1.00E+11 1.00E+12 1.00E+13 1.00E+14 1.00E+15 1.00E+16
 1.55E-01 2.33E-01 3.88E-01 7.75E-01 1.55E+00 3.88E+00 7.75E+00 1.16E+01
 1.55E+01 2.33E+01 3.88E+01 7.75E+01 1.55E+02 2.33E+02
 1.00E-74 2.41E-47 4.80E-32 1.58E-20 7.61E-15 1.54E-11 1.62E-10 3.28E-10
 4.50E-10 5.87E-10 6.71E-10 6.54E-10 5.59E-10 4.93E-10
 1.00E-74 1.69E-47 4.81E-32 1.58E-20 7.62E-15 1.54E-11 1.62E-10 3.28E-10
 4.50E-10 5.88E-10 6.72E-10 6.55E-10 5.61E-10 4.95E-10
 1.00E-74 1.81E-47 4.91E-32 1.61E-20 7.75E-15 1.56E-11 1.65E-10 3.33E-10
 4.58E-10 5.98E-10 6.85E-10 6.70E-10 5.75E-10 5.07E-10
 1.00E-74 2.07E-47 5.55E-32 1.78E-20 8.49E-15 1.71E-11 1.81E-10 3.68E-10
 5.07E-10 6.69E-10 7.78E-10 7.79E-10 6.84E-10 6.10E-10
 1.00E-74 3.75E-47 8.68E-32 2.40E-20 1.05E-14 2.01E-11 2.09E-10 4.27E-10
 5.91E-10 7.94E-10 9.54E-10 1.02E-09 9.71E-10 9.09E-10
 1.00E-74 1.57E-46 3.63E-31 8.62E-20 2.91E-14 3.82E-11 3.13E-10 5.76E-10
 7.55E-10 9.56E-10 1.10E-09 1.15E-09 1.10E-09 1.04E-09
 1.00E-74 9.65E-47 3.08E-31 1.17E-19 5.88E-14 7.39E-11 3.75E-10 5.43E-10
 6.31E-10 7.14E-10 7.66E-10 7.82E-10 7.60E-10 7.37E-10
  1090.82    7  14 /pl=01:ss= 2:pb= 1:sz= 2/type=excit/ispb = t/isel =   20
 1.00E+10 1.00E+11 1.00E+12 1.00E+13 1.00E+14 1.00E+15 1.00E+16
 1.55E-01 2.33E-01 3.88E-01 7.75E-01 1.55E+00 3.88E+00 7.75E+00 1.16E+01
 1.55E+01 2.33E+01 3.88E+01 7.75E+01 1.55E+02 2.33E+02
 1.00E-74 1.00E-74 1.00E-74 1.41E-43 2.06E-26 3.20E-16 6.64E-13 7.79E-12
 2.58E-11 8.17E-11 1.92E-10 3.28E-10 3.83E-10 3.82E-10
 1.00E-74 1.00E-74 1.00E-74 1.41E-43 2.06E-26 3.20E-16 6.64E-13 7.79E-12
 2.58E-11 8.17E-11 1.92E-10 3.28E-10 3.83E-10 3.82E-10
 1.00E-74 1.00E-74 1.00E-74 1.41E-43 2.06E-26 3.20E-16 6.63E-13 7.78E-12
 2.58E-11 8.16E-11 1.92E-10 3.28E-10 3.83E-10 3.82E-10
 1.00E-74 1.00E-74 1.00E-74 1.44E-43 2.07E-26 3.18E-16 6.58E-13 7.72E-12
 2.56E-11 8.10E-11 1.91E-10 3.26E-10 3.81E-10 3.80E-10
 1.00E-74 1.00E-74 1.00E-74 1.59E-43 2.08E-26 3.01E-16 6.08E-13 7.11E-12
 2.35E-11 7.46E-11 1.77E-10 3.06E-10 3.62E-10 3.63E-10
 1.00E-74 1.00E-74 1.00E-74 2.68E-43 2.78E-26 2.96E-16 4.92E-13 5.30E-12
 1.68E-11 5.12E-11 1.18E-10 2.04E-10 2.45E-10 2.50E-10
 1.00E-74 1.00E-74 1.00E-74 6.88E-43 7.57E-26 4.84E-16 3.84E-13 2.93E-12
 7.74E-12 1.96E-11 3.95E-11 6.37E-11 7.72E-11 8.08E-11
  1108.46    7  14 /pl=01:ss= 2:pb= 1:sz= 2/type=excit/ispb = t/isel =   21
 1.00E+10 1.00E+11 1.00E+12 1.00E+13 1.00E+14 1.00E+15 1.00E+16
 1.55E-01 2.33E-01 3.88E-01 7.75E-01 1.55E+00 3.88E+00 7.75E+00 1.16E+01
 1.55E+01 2.33E+01 3.88E+01 7.75E+01 1.55E+02 2.33E+02
 1.00E-74 3.21E-43 2.63E-29 6.24E-19 8.27E-14 7.80E-11 6.42E-10 1.20E-09
 1.58E-09 1.99E-09 2.23E-09 2.16E-09 1.86E-09 1.65E-09
 1.00E-74 3.21E-43 2.63E-29 6.25E-19 8.28E-14 7.81E-11 6.42E-10 1.20E-09
 1.58E-09 1.99E-09 2.23E-09 2.16E-09 1.86E-09 1.65E-09
 1.00E-74 3.26E-43 2.66E-29 6.33E-19 8.37E-14 7.89E-11 6.49E-10 1.21E-09
 1.60E-09 2.01E-09 2.25E-09 2.18E-09 1.88E-09 1.67E-09
 1.00E-74 3.68E-43 2.96E-29 6.91E-19 9.05E-14 8.46E-11 6.94E-10 1.30E-09
 1.71E-09 2.16E-09 2.42E-09 2.35E-09 2.03E-09 1.80E-09
 1.00E-74 6.96E-43 4.96E-29 9.96E-19 1.16E-13 1.01E-10 8.06E-10 1.50E-09
 2.00E-09 2.55E-09 2.93E-09 2.97E-09 2.69E-09 2.45E-09
 1.00E-74 2.46E-42 1.76E-28 3.14E-18 2.94E-13 1.79E-10 1.13E-09 1.91E-09
 2.41E-09 2.94E-09 3.30E-09 3.38E-09 3.17E-09 2.98E-09
 1.00E-74 1.42E-42 1.36E-28 3.72E-18 5.05E-13 2.90E-10 1.14E-09 1.52E-09
 1.69E-09 1.84E-09 1.92E-09 1.93E-09 1.87E-09 1.82E-09
  1515.50    7  14 /pl=01:ss= 2:pb= 1:sz= 2/type=excit/ispb = t/isel =   22
 1.00E+10 1.00E+11 1.00E+12 1.00E+13 1.00E+14 1.00E+15 1.00E+16
 1.55E-01 2.33E-01 3.88E-01 7.75E-01 1.55E+00 3.88E+00 7.75E+00 1.16E+01
 1.55E+01 2.33E+01 3.88E+01 7.75E+01 1.55E+02 2.33E+02
 1.00E-74 1.00E-74 1.00E-74 2.90E-36 2.79E-22 5.81E-14 3.18E-11 2.50E-10
 6.83E-10 1.80E-09 3.72E-09 5.79E-09 6.40E-09 6.23E-09
 1.00E-74 1.00E-74 1.00E-74 2.90E-36 2.79E-22 5.81E-14 3.18E-11 2.50E-10
 6.83E-10 1.80E-09 3.72E-09 5.79E-09 6.40E-09 6.23E-09
 1.00E-74 1.00E-74 1.00E-74 2.90E-36 2.79E-22 5.81E-14 3.18E-11 2.50E-10
 6.83E-10 1.80E-09 3.72E-09 5.78E-09 6.40E-09 6.23E-09
 1.00E-74 1.00E-74 1.00E-74 2.90E-36 2.79E-22 5.79E-14 3.17E-11 2.48E-10
 6.79E-10 1.79E-09 3.70E-09 5.75E-09 6.37E-09 6.20E-09
 1.00E-74 1.00E-74 1.00E-74 2.87E-36 2.76E-22 5.68E-14 3.05E-11 2.36E-10
 6.43E-10 1.69E-09 3.48E-09 5.42E-09 6.04E-09 5.91E-09
 1.00E-74 1.00E-74 1.00E-74 2.59E-36 2.54E-22 4.64E-14 2.07E-11 1.46E-10
 3.78E-10 9.48E-10 1.92E-09 3.05E-09 3.57E-09 3.62E-09
 1.00E-74 1.00E-74 1.00E-74 1.83E-36 1.80E-22 2.11E-14 4.67E-12 2.37E-11
 5.14E-11 1.08E-10 1.93E-10 2.92E-10 3.59E-10 3.86E-10
  1588.68    7  14 /pl=01:ss= 2:pb= 1:sz= 2/type=excit/ispb = t/isel =   23
 1.00E+10 1.00E+11 1.00E+12 1.00E+13 1.00E+14 1.00E+15 1.00E+16
 1.55E-01 2.33E-01 3.88E-01 7.75E-01 1.55E+00 3.88E+00 7.75E+00 1.16E+01
 1.55E+01 2.33E+01 3.88E+01 7.75E+01 1.55E+02 2.33E+02
 1.00E-74 1.00E-74 4.92E-34 1.03E-21 1.26E-15 4.48E-12 5.79E-11 1.28E-10
 1.86E-10 2.62E-10 3.36E-10 3.90E-10 4.03E-10 3.97E-10
 1.00E-74 1.00E-74 4.92E-34 1.03E-21 1.26E-15 4.48E-12 5.80E-11 1.28E-10
 1.86E-10 2.62E-10 3.36E-10 3.90E-10 4.03E-10 3.97E-10
 1.00E-74 1.00E-74 4.92E-34 1.03E-21 1.26E-15 4.48E-12 5.80E-11 1.28E-10
 1.86E-10 2.62E-10 3.36E-10 3.90E-10 4.03E-10 3.97E-10
 1.00E-74 1.41E-50 4.99E-34 1.04E-21 1.27E-15 4.50E-12 5.81E-11 1.28E-10
 1.86E-10 2.62E-10 3.35E-10 3.89E-10 4.02E-10 3.96E-10
 1.00E-74 2.11E-50 6.23E-34 1.19E-21 1.39E-15 4.73E-12 5.96E-11 1.30E-10
 1.86E-10 2.61E-10 3.31E-10 3.81E-10 3.93E-10 3.87E-10
 1.00E-74 1.11E-49 3.06E-33 4.60E-21 3.91E-15 8.90E-12 8.70E-11 1.69E-10
 2.26E-10 2.92E-10 3.42E-10 3.62E-10 3.53E-10 3.40E-10
 1.00E-74 7.63E-50 2.94E-33 7.21E-21 9.19E-15 2.01E-11 1.22E-10 1.87E-10
 2.23E-10 2.58E-10 2.81E-10 2.86E-10 2.74E-10 2.62E-10
  1633.39    7  14 /pl=01:ss= 2:pb= 1:sz= 2/type=excit/ispb = t/isel =   24
 1.00E+10 1.00E+11 1.00E+12 1.00E+13 1.00E+14 1.00E+15 1.00E+16
 1.55E-01 2.33E-01 3.88E-01 7.75E-01 1.55E+00 3.88E+00 7.75E+00 1.16E+01
 1.55E+01 2.33E+01 3.88E+01 7.75E+01 1.55E+02 2.33E+02
 7.23E-28 7.16E-21 2.58E-15 3.27E-11 3.15E-09 4.08E-08 8.81E-08 1.10E-07
 1.21E-07 1.30E-07 1.32E-07 1.24E-07 1.10E-07 1.01E-07
 7.22E-28 7.16E-21 2.58E-15 3.27E-11 3.15E-09 4.08E-08 8.81E-08 1.10E-07
 1.21E-07 1.30E-07 1.32E-07 1.24E-07 1.10E-07 1.01E-07
 7.22E-28 7.16E-21 2.58E-15 3.27E-11 3.14E-09 4.08E-08 8.81E-08 1.10E-07
 1.21E-07 1.30E-07 1.32E-07 1.24E-07 1.10E-07 1.01E-07
 7.17E-28 7.12E-21 2.57E-15 3.26E-11 3.14E-09 4.07E-08 8.79E-08 1.10E-07
 1.20E-07 1.29E-07 1.31E-07 1.24E-07 1.10E-07 1.01E-07
 6.69E-28 6.73E-21 2.46E-15 3.16E-11 3.06E-09 3.97E-08 8.47E-08 1.05E-07
 1.15E-07 1.23E-07 1.25E-07 1.19E-07 1.06E-07 9.78E-08
 4.03E-28 4.35E-21 1.72E-15 2.41E-11 2.49E-09 3.08E-08 5.81E-08 6.74E-08
 7.12E-08 7.41E-08 7.48E-08 7.28E-08 6.87E-08 6.57E-08
 8.09E-29 9.59E-22 4.29E-16 7.16E-12 8.61E-10 9.07E-09 1.04E-08 9.39E-09
 8.73E-09 8.06E-09 7.56E-09 7.35E-09 7.48E-09 7.65E-09
  1777.04    7  14 /pl=01:ss= 2:pb= 1:sz= 2/type=excit/ispb = t/isel =   25
 1.00E+10 1.00E+11 1.00E+12 1.00E+13 1.00E+14 1.00E+15 1.00E+16
 1.55E-01 2.33E-01 3.88E-01 7.75E-01 1.55E+00 3.88E+00 7.75E+00 1.16E+01
 1.55E+01 2.33E+01 3.88E+01 7.75E+01 1.55E+02 2.33E+02
 1.00E-74 1.00E-74 1.00E-74 1.90E-40 1.66E-24 4.89E-15 5.85E-12 5.73E-11
 1.73E-10 4.95E-10 1.07E-09 1.71E-09 1.93E-09 1.92E-09
 1.00E-74 1.00E-74 1.00E-74 1.90E-40 1.67E-24 4.89E-15 5.85E-12 5.73E-11
 1.73E-10 4.95E-10 1.07E-09 1.71E-09 1.93E-09 1.92E-09
 1.00E-74 1.00E-74 1.00E-74 1.90E-40 1.67E-24 4.89E-15 5.86E-12 5.74E-11
 1.73E-10 4.96E-10 1.07E-09 1.71E-09 1.93E-09 1.92E-09
 1.00E-74 1.00E-74 1.00E-74 1.94E-40 1.69E-24 4.94E-15 5.90E-12 5.77E-11
 1.74E-10 4.98E-10 1.08E-09 1.71E-09 1.94E-09 1.93E-09
 1.00E-74 1.00E-74 1.00E-74 2.29E-40 1.90E-24 5.29E-15 6.17E-12 5.98E-11
 1.80E-10 5.13E-10 1.11E-09 1.76E-09 1.99E-09 1.98E-09
 1.00E-74 1.00E-74 1.00E-74 4.57E-40 3.08E-24 6.22E-15 5.93E-12 5.32E-11
 1.54E-10 4.28E-10 9.22E-10 1.51E-09 1.78E-09 1.80E-09
 1.00E-74 1.00E-74 1.00E-74 8.55E-40 5.82E-24 7.08E-15 3.22E-12 2.05E-11
 4.93E-11 1.14E-10 2.16E-10 3.36E-10 4.10E-10 4.35E-10
  1781.21    7  14 /pl=01:ss= 2:pb= 1:sz= 2/type=excit/ispb = t/isel =   26
 1.00E+10 1.00E+11 1.00E+12 1.00E+13 1.00E+14 1.00E+15 1.00E+16
 1.55E-01 2.33E-01 3.88E-01 7.75E-01 1.55E+00 3.88E+00 7.75E+00 1.16E+01
 1.55E+01 2.33E+01 3.88E+01 7.75E+01 1.55E+02 2.33E+02
 1.00E-74 1.00E-74 1.00E-74 2.30E-46 1.78E-28 7.45E-18 2.14E-14 2.80E-13
 9.75E-13 3.22E-12 7.76E-12 1.33E-11 1.55E-11 1.53E-11
 1.00E-74 1.00E-74 1.00E-74 2.33E-46 1.78E-28 7.45E-18 2.14E-14 2.80E-13
 9.76E-13 3.22E-12 7.76E-12 1.33E-11 1.55E-11 1.53E-11
 1.00E-74 1.00E-74 1.00E-74 2.33E-46 1.78E-28 7.46E-18 2.14E-14 2.81E-13
 9.76E-13 3.22E-12 7.76E-12 1.33E-11 1.55E-11 1.53E-11
 1.00E-74 1.00E-74 1.00E-74 2.39E-46 1.81E-28 7.54E-18 2.16E-14 2.82E-13
 9.80E-13 3.23E-12 7.77E-12 1.33E-11 1.55E-11 1.53E-11
 1.00E-74 1.00E-74 1.00E-74 3.17E-46 2.20E-28 8.50E-18 2.34E-14 2.99E-13
 1.03E-12 3.34E-12 7.94E-12 1.35E-11 1.55E-11 1.53E-11
 1.00E-74 1.00E-74 1.00E-74 1.27E-45 6.53E-28 1.74E-17 3.79E-14 4.34E-13
 1.40E-12 4.24E-12 9.45E-12 1.51E-11 1.65E-11 1.59E-11
 1.00E-74 1.00E-74 1.00E-74 5.21E-45 2.96E-27 5.02E-17 5.44E-14 4.58E-13
 1.26E-12 3.31E-12 6.78E-12 1.07E-11 1.24E-11 1.24E-11
  1783.65    7  14 /pl=01:ss= 2:pb= 1:sz= 2/type=excit/ispb = t/isel =   27
 1.00E+10 1.00E+11 1.00E+12 1.00E+13 1.00E+14 1.00E+15 1.00E+16
 1.55E-01 2.33E-01 3.88E-01 7.75E-01 1.55E+00 3.88E+00 7.75E+00 1.16E+01
 1.55E+01 2.33E+01 3.88E+01 7.75E+01 1.55E+02 2.33E+02
 1.00E-74 1.00E-74 1.00E-74 1.00E-74 7.58E-36 4.17E-20 6.10E-15 3.01E-13
 2.03E-12 1.30E-11 5.23E-11 1.28E-10 1.71E-10 1.73E-10
 1.00E-74 1.00E-74 1.00E-74 1.00E-74 7.61E-36 4.17E-20 6.10E-15 3.01E-13
 2.03E-12 1.30E-11 5.23E-11 1.28E-10 1.71E-10 1.73E-10
 1.00E-74 1.00E-74 1.00E-74 1.00E-74 7.61E-36 4.17E-20 6.09E-15 3.01E-13
 2.03E-12 1.30E-11 5.23E-11 1.28E-10 1.71E-10 1.73E-10
 1.00E-74 1.00E-74 1.00E-74 1.00E-74 7.60E-36 4.16E-20 6.06E-15 2.99E-13
 2.02E-12 1.29E-11 5.19E-11 1.28E-10 1.70E-10 1.73E-10
 1.00E-74 1.00E-74 1.00E-74 1.00E-74 7.44E-36 4.00E-20 5.76E-15 2.83E-13
 1.90E-12 1.21E-11 4.88E-11 1.20E-10 1.61E-10 1.64E-10
 1.00E-74 1.00E-74 1.00E-74 1.00E-74 5.89E-36 2.81E-20 3.67E-15 1.72E-13
 1.13E-12 7.11E-12 2.86E-11 7.22E-11 1.02E-10 1.07E-10
 1.00E-74 1.00E-74 1.00E-74 1.00E-74 2.89E-36 9.06E-21 7.00E-16 2.63E-14
 1.55E-13 8.83E-13 3.39E-12 8.70E-12 1.33E-11 1.49E-11
  1803.06    7  14 /pl=01:ss= 2:pb= 1:sz= 2/type=excit/ispb = t/isel =   28
 1.00E+10 1.00E+11 1.00E+12 1.00E+13 1.00E+14 1.00E+15 1.00E+16
 1.55E-01 2.33E-01 3.88E-01 7.75E-01 1.55E+00 3.88E+00 7.75E+00 1.16E+01
 1.55E+01 2.33E+01 3.88E+01 7.75E+01 1.55E+02 2.33E+02
 1.00E-74 2.41E-34 1.18E-23 1.07E-15 8.90E-12 1.66E-09 8.21E-09 1.31E-08
 1.60E-08 1.88E-08 2.01E-08 1.90E-08 1.65E-08 1.48E-08
 1.00E-74 2.41E-34 1.18E-23 1.07E-15 8.90E-12 1.66E-09 8.21E-09 1.31E-08
 1.60E-08 1.88E-08 2.01E-08 1.90E-08 1.65E-08 1.48E-08
 1.02E-47 2.43E-34 1.19E-23 1.08E-15 8.94E-12 1.67E-09 8.23E-09 1.31E-08
 1.60E-08 1.88E-08 2.01E-08 1.91E-08 1.65E-08 1.48E-08
 1.06E-47 2.67E-34 1.28E-23 1.14E-15 9.31E-12 1.71E-09 8.43E-09 1.34E-08
 1.64E-08 1.92E-08 2.05E-08 1.95E-08 1.68E-08 1.51E-08
 2.02E-47 4.79E-34 2.12E-23 1.69E-15 1.26E-11 2.13E-09 1.00E-08 1.58E-08
 1.91E-08 2.24E-08 2.39E-08 2.27E-08 1.96E-08 1.76E-08
 4.96E-47 1.25E-33 5.82E-23 4.62E-15 3.09E-11 3.99E-09 1.53E-08 2.20E-08
 2.57E-08 2.92E-08 3.11E-08 3.07E-08 2.81E-08 2.61E-08
 2.02E-47 6.10E-34 3.57E-23 3.90E-15 3.42E-11 3.93E-09 9.15E-09 1.03E-08
 1.06E-08 1.07E-08 1.07E-08 1.05E-08 1.04E-08 1.03E-08
  1810.22    7  14 /pl=01:ss= 2:pb= 1:sz= 2/type=excit/ispb = t/isel =   29
 1.00E+10 1.00E+11 1.00E+12 1.00E+13 1.00E+14 1.00E+15 1.00E+16
 1.55E-01 2.33E-01 3.88E-01 7.75E-01 1.55E+00 3.88E+00 7.75E+00 1.16E+01
 1.55E+01 2.33E+01 3.88E+01 7.75E+01 1.55E+02 2.33E+02
 1.00E-74 1.00E-74 8.09E-33 4.94E-21 3.28E-15 8.02E-12 9.20E-11 1.96E-10
 2.78E-10 3.89E-10 4.90E-10 5.66E-10 5.84E-10 5.76E-10
 1.00E-74 8.80E-49 8.09E-33 4.94E-21 3.28E-15 8.02E-12 9.20E-11 1.96E-10
 2.78E-10 3.89E-10 4.90E-10 5.66E-10 5.84E-10 5.76E-10
 1.00E-74 1.23E-48 8.08E-33 4.94E-21 3.27E-15 8.01E-12 9.19E-11 1.96E-10
 2.78E-10 3.88E-10 4.89E-10 5.65E-10 5.83E-10 5.74E-10
 1.00E-74 1.28E-48 8.16E-33 4.97E-21 3.28E-15 8.02E-12 9.17E-11 1.95E-10
 2.76E-10 3.85E-10 4.82E-10 5.55E-10 5.72E-10 5.64E-10
 1.00E-74 2.05E-48 1.13E-32 6.05E-21 3.72E-15 8.66E-12 9.65E-11 2.02E-10
 2.83E-10 3.89E-10 4.79E-10 5.39E-10 5.44E-10 5.32E-10
 1.00E-74 9.26E-48 5.02E-32 2.25E-20 1.04E-14 1.66E-11 1.45E-10 2.72E-10
 3.60E-10 4.61E-10 5.35E-10 5.63E-10 5.39E-10 5.14E-10
 1.00E-74 5.85E-48 4.37E-32 3.15E-20 2.17E-14 3.30E-11 1.78E-10 2.64E-10
 3.10E-10 3.54E-10 3.83E-10 3.93E-10 3.82E-10 3.70E-10
  1911.22    7  14 /pl=01:ss= 2:pb= 1:sz= 2/type=excit/ispb = t/isel =   30
 1.00E+10 1.00E+11 1.00E+12 1.00E+13 1.00E+14 1.00E+15 1.00E+16
 1.55E-01 2.33E-01 3.88E-01 7.75E-01 1.55E+00 3.88E+00 7.75E+00 1.16E+01
 1.55E+01 2.33E+01 3.88E+01 7.75E+01 1.55E+02 2.33E+02
 1.00E-74 1.00E-74 1.00E-74 1.00E-74 4.18E-36 2.13E-20 3.10E-15 1.53E-13
 1.03E-12 6.61E-12 2.68E-11 6.70E-11 9.23E-11 9.59E-11
 1.00E-74 1.00E-74 1.00E-74 1.00E-74 4.19E-36 2.13E-20 3.10E-15 1.53E-13
 1.03E-12 6.61E-12 2.68E-11 6.70E-11 9.23E-11 9.59E-11
 1.00E-74 1.00E-74 1.00E-74 1.00E-74 4.19E-36 2.13E-20 3.10E-15 1.53E-13
 1.03E-12 6.59E-12 2.68E-11 6.69E-11 9.21E-11 9.58E-11
 1.00E-74 1.00E-74 1.00E-74 1.00E-74 4.14E-36 2.09E-20 3.04E-15 1.50E-13
 1.01E-12 6.48E-12 2.63E-11 6.59E-11 9.10E-11 9.47E-11
 1.00E-74 1.00E-74 1.00E-74 1.00E-74 3.73E-36 1.81E-20 2.58E-15 1.27E-13
 8.55E-13 5.49E-12 2.25E-11 5.71E-11 8.03E-11 8.45E-11
 1.00E-74 1.00E-74 1.00E-74 1.00E-74 2.00E-36 7.80E-21 9.83E-16 4.59E-14
 3.04E-13 1.93E-12 8.02E-12 2.15E-11 3.28E-11 3.66E-11
 1.00E-74 1.00E-74 1.00E-74 1.00E-74 6.30E-37 1.54E-21 1.12E-16 4.12E-15
 2.41E-14 1.37E-13 5.26E-13 1.38E-12 2.20E-12 2.58E-12
  1958.87    7  14 /pl=01:ss= 2:pb= 1:sz= 2/type=excit/ispb = t/isel =   31
 1.00E+10 1.00E+11 1.00E+12 1.00E+13 1.00E+14 1.00E+15 1.00E+16
 1.55E-01 2.33E-01 3.88E-01 7.75E-01 1.55E+00 3.88E+00 7.75E+00 1.16E+01
 1.55E+01 2.33E+01 3.88E+01 7.75E+01 1.55E+02 2.33E+02
 1.00E-74 1.00E-74 1.00E-74 1.00E-74 5.81E-35 1.48E-20 6.86E-16 2.34E-14
 1.33E-13 7.20E-13 2.58E-12 5.88E-12 7.71E-12 7.85E-12
 1.00E-74 1.00E-74 1.00E-74 1.00E-74 5.84E-35 1.49E-20 6.87E-16 2.34E-14
 1.33E-13 7.20E-13 2.58E-12 5.89E-12 7.72E-12 7.86E-12
 1.00E-74 1.00E-74 1.00E-74 1.00E-74 5.84E-35 1.49E-20 6.87E-16 2.34E-14
 1.33E-13 7.20E-13 2.58E-12 5.88E-12 7.71E-12 7.86E-12
 1.00E-74 1.00E-74 1.00E-74 1.00E-74 5.84E-35 1.49E-20 6.86E-16 2.34E-14
 1.32E-13 7.18E-13 2.57E-12 5.86E-12 7.69E-12 7.83E-12
 1.00E-74 1.00E-74 1.00E-74 1.00E-74 5.86E-35 1.48E-20 6.76E-16 2.28E-14
 1.29E-13 6.94E-13 2.47E-12 5.64E-12 7.42E-12 7.58E-12
 1.00E-74 1.00E-74 1.00E-74 1.00E-74 6.01E-35 1.48E-20 6.13E-16 1.94E-14
 1.05E-13 5.43E-13 1.88E-12 4.24E-12 5.65E-12 5.86E-12
 1.00E-74 1.00E-74 1.00E-74 1.00E-74 7.09E-35 1.56E-20 4.12E-16 1.02E-14
 4.84E-14 2.17E-13 6.75E-13 1.44E-12 1.93E-12 2.05E-12
  2316.98    7  14 /pl=01:ss= 2:pb= 1:sz= 2/type=excit/ispb = t/isel =   32
 1.00E+10 1.00E+11 1.00E+12 1.00E+13 1.00E+14 1.00E+15 1.00E+16
 1.55E-01 2.33E-01 3.88E-01 7.75E-01 1.55E+00 3.88E+00 7.75E+00 1.16E+01
 1.55E+01 2.33E+01 3.88E+01 7.75E+01 1.55E+02 2.33E+02
 1.00E-74 1.00E-74 1.00E-74 1.46E-45 3.96E-28 8.88E-18 2.08E-14 2.55E-13
 8.57E-13 2.72E-12 6.41E-12 1.08E-11 1.24E-11 1.22E-11
 1.00E-74 1.00E-74 1.00E-74 1.47E-45 3.97E-28 8.89E-18 2.08E-14 2.55E-13
 8.58E-13 2.72E-12 6.41E-12 1.08E-11 1.24E-11 1.22E-11
 1.00E-74 1.00E-74 1.00E-74 1.50E-45 4.03E-28 9.00E-18 2.10E-14 2.57E-13
 8.66E-13 2.75E-12 6.46E-12 1.09E-11 1.25E-11 1.22E-11
 1.00E-74 1.00E-74 1.00E-74 1.78E-45 4.64E-28 1.01E-17 2.32E-14 2.82E-13
 9.42E-13 2.97E-12 6.94E-12 1.16E-11 1.32E-11 1.28E-11
 1.00E-74 1.00E-74 1.00E-74 3.82E-45 8.81E-28 1.72E-17 3.76E-14 4.44E-13
 1.46E-12 4.55E-12 1.04E-11 1.68E-11 1.84E-11 1.76E-11
 1.00E-74 1.00E-74 1.00E-74 1.16E-44 2.19E-27 3.28E-17 6.06E-14 6.71E-13
 2.15E-12 6.55E-12 1.50E-11 2.50E-11 2.87E-11 2.81E-11
 1.00E-74 1.00E-74 1.00E-74 3.43E-44 7.01E-27 6.48E-17 5.79E-14 4.60E-13
 1.24E-12 3.18E-12 6.51E-12 1.05E-11 1.27E-11 1.33E-11
  2360.80    7  14 /pl=01:ss= 2:pb= 1:sz= 2/type=excit/ispb = t/isel =   33
 1.00E+10 1.00E+11 1.00E+12 1.00E+13 1.00E+14 1.00E+15 1.00E+16
 1.55E-01 2.33E-01 3.88E-01 7.75E-01 1.55E+00 3.88E+00 7.75E+00 1.16E+01
 1.55E+01 2.33E+01 3.88E+01 7.75E+01 1.55E+02 2.33E+02
 1.00E-74 1.21E-45 4.93E-31 3.86E-20 9.16E-15 1.22E-11 1.14E-10 2.27E-10
 3.14E-10 4.25E-10 5.27E-10 6.02E-10 6.20E-10 6.09E-10
 1.00E-74 1.20E-45 4.93E-31 3.86E-20 9.15E-15 1.22E-11 1.14E-10 2.27E-10
 3.14E-10 4.25E-10 5.26E-10 6.02E-10 6.20E-10 6.09E-10
 1.00E-74 1.20E-45 4.90E-31 3.84E-20 9.11E-15 1.21E-11 1.14E-10 2.26E-10
 3.13E-10 4.23E-10 5.25E-10 6.00E-10 6.18E-10 6.08E-10
 1.00E-74 1.19E-45 4.79E-31 3.72E-20 8.81E-15 1.17E-11 1.11E-10 2.20E-10
 3.04E-10 4.13E-10 5.12E-10 5.87E-10 6.05E-10 5.96E-10
 1.00E-74 1.74E-45 6.26E-31 4.29E-20 9.35E-15 1.17E-11 1.07E-10 2.09E-10
 2.86E-10 3.82E-10 4.67E-10 5.28E-10 5.41E-10 5.33E-10
 1.00E-74 7.31E-45 2.60E-30 1.55E-19 2.66E-14 2.32E-11 1.66E-10 2.91E-10
 3.73E-10 4.63E-10 5.26E-10 5.45E-10 5.20E-10 4.94E-10
 1.00E-74 4.53E-45 2.18E-30 2.01E-19 5.02E-14 4.15E-11 1.83E-10 2.54E-10
 2.89E-10 3.20E-10 3.39E-10 3.44E-10 3.35E-10 3.26E-10
  2492.52    7  14 /pl=01:ss= 2:pb= 1:sz= 2/type=excit/ispb = t/isel =   34
 1.00E+10 1.00E+11 1.00E+12 1.00E+13 1.00E+14 1.00E+15 1.00E+16
 1.55E-01 2.33E-01 3.88E-01 7.75E-01 1.55E+00 3.88E+00 7.75E+00 1.16E+01
 1.55E+01 2.33E+01 3.88E+01 7.75E+01 1.55E+02 2.33E+02
 1.00E-74 1.01E-45 2.59E-31 1.46E-20 3.02E-15 3.79E-12 3.44E-11 6.70E-11
 9.05E-11 1.17E-10 1.36E-10 1.39E-10 1.27E-10 1.17E-10
 1.00E-74 1.01E-45 2.57E-31 1.45E-20 3.01E-15 3.78E-12 3.43E-11 6.68E-11
 9.03E-11 1.17E-10 1.36E-10 1.38E-10 1.27E-10 1.16E-10
 1.00E-74 9.56E-46 2.46E-31 1.40E-20 2.91E-15 3.66E-12 3.34E-11 6.51E-11
 8.81E-11 1.14E-10 1.33E-10 1.36E-10 1.25E-10 1.15E-10
 1.00E-74 7.23E-46 1.89E-31 1.09E-20 2.30E-15 2.94E-12 2.72E-11 5.34E-11
 7.28E-11 9.57E-11 1.13E-10 1.19E-10 1.11E-10 1.04E-10
 1.00E-74 7.73E-46 1.76E-31 8.63E-21 1.61E-15 1.86E-12 1.66E-11 3.23E-11
 4.39E-11 5.78E-11 6.90E-11 7.42E-11 7.19E-11 6.87E-11
 1.00E-74 2.47E-45 5.53E-31 2.33E-20 3.34E-15 2.62E-12 1.80E-11 3.12E-11
 3.98E-11 4.91E-11 5.55E-11 5.73E-11 5.42E-11 5.13E-11
 1.00E-74 1.42E-45 4.24E-31 2.74E-20 5.71E-15 4.24E-12 1.80E-11 2.47E-11
 2.79E-11 3.07E-11 3.23E-11 3.26E-11 3.16E-11 3.07E-11
  2600.65    7  14 /pl=01:ss= 2:pb= 1:sz= 2/type=excit/ispb = t/isel =   35
 1.00E+10 1.00E+11 1.00E+12 1.00E+13 1.00E+14 1.00E+15 1.00E+16
 1.55E-01 2.33E-01 3.88E-01 7.75E-01 1.55E+00 3.88E+00 7.75E+00 1.16E+01
 1.55E+01 2.33E+01 3.88E+01 7.75E+01 1.55E+02 2.33E+02
 1.00E-74 1.24E-47 2.48E-32 8.12E-21 3.93E-15 7.93E-12 8.35E-11 1.69E-10
 2.32E-10 3.03E-10 3.46E-10 3.37E-10 2.88E-10 2.54E-10
 1.00E-74 8.70E-48 2.48E-32 8.14E-21 3.93E-15 7.94E-12 8.37E-11 1.69E-10
 2.32E-10 3.03E-10 3.47E-10 3.38E-10 2.89E-10 2.55E-10
 1.00E-74 9.32E-48 2.53E-32 8.28E-21 3.99E-15 8.06E-12 8.50E-11 1.72E-10
 2.36E-10 3.09E-10 3.53E-10 3.46E-10 2.96E-10 2.62E-10
 1.00E-74 1.07E-47 2.86E-32 9.17E-21 4.38E-15 8.81E-12 9.31E-11 1.90E-10
 2.61E-10 3.45E-10 4.01E-10 4.02E-10 3.53E-10 3.15E-10
 1.00E-74 1.93E-47 4.48E-32 1.24E-20 5.44E-15 1.04E-11 1.08E-10 2.20E-10
 3.05E-10 4.09E-10 4.92E-10 5.27E-10 5.01E-10 4.69E-10
 1.00E-74 8.08E-47 1.87E-31 4.45E-20 1.50E-14 1.97E-11 1.62E-10 2.97E-10
 3.89E-10 4.93E-10 5.68E-10 5.94E-10 5.65E-10 5.35E-10
 1.00E-74 4.98E-47 1.59E-31 6.04E-20 3.03E-14 3.81E-11 1.93E-10 2.80E-10
 3.25E-10 3.68E-10 3.95E-10 4.03E-10 3.92E-10 3.80E-10
  3023.45    7  14 /pl=01:ss= 2:pb= 1:sz= 2/type=excit/ispb = t/isel =   36
 1.00E+10 1.00E+11 1.00E+12 1.00E+13 1.00E+14 1.00E+15 1.00E+16
 1.55E-01 2.33E-01 3.88E-01 7.75E-01 1.55E+00 3.88E+00 7.75E+00 1.16E+01
 1.55E+01 2.33E+01 3.88E+01 7.75E+01 1.55E+02 2.33E+02
 1.00E-74 1.57E-48 3.13E-33 1.03E-21 4.96E-16 1.00E-12 1.05E-11 2.13E-11
 2.93E-11 3.82E-11 4.37E-11 4.26E-11 3.64E-11 3.21E-11
 1.00E-74 1.10E-48 3.13E-33 1.03E-21 4.96E-16 1.00E-12 1.06E-11 2.14E-11
 2.93E-11 3.83E-11 4.38E-11 4.27E-11 3.65E-11 3.22E-11
 1.00E-74 1.18E-48 3.20E-33 1.05E-21 5.04E-16 1.02E-12 1.07E-11 2.17E-11
 2.98E-11 3.90E-11 4.46E-11 4.36E-11 3.74E-11 3.30E-11
 1.00E-74 1.35E-48 3.61E-33 1.16E-21 5.53E-16 1.11E-12 1.18E-11 2.39E-11
 3.30E-11 4.36E-11 5.06E-11 5.07E-11 4.45E-11 3.97E-11
 1.00E-74 2.44E-48 5.65E-33 1.56E-21 6.87E-16 1.31E-12 1.36E-11 2.78E-11
 3.85E-11 5.17E-11 6.21E-11 6.66E-11 6.32E-11 5.92E-11
 1.00E-74 1.02E-47 2.37E-32 5.61E-21 1.89E-15 2.49E-12 2.04E-11 3.75E-11
 4.92E-11 6.23E-11 7.17E-11 7.49E-11 7.14E-11 6.76E-11
 1.00E-74 6.29E-48 2.01E-32 7.62E-21 3.83E-15 4.81E-12 2.44E-11 3.53E-11
 4.11E-11 4.65E-11 4.99E-11 5.09E-11 4.95E-11 4.80E-11
  3547.17    7  14 /pl=01:ss= 2:pb= 1:sz= 2/type=excit/ispb = t/isel =   37
 1.00E+10 1.00E+11 1.00E+12 1.00E+13 1.00E+14 1.00E+15 1.00E+16
 1.55E-01 2.33E-01 3.88E-01 7.75E-01 1.55E+00 3.88E+00 7.75E+00 1.16E+01
 1.55E+01 2.33E+01 3.88E+01 7.75E+01 1.55E+02 2.33E+02
 1.00E-74 1.00E-74 9.89E-35 2.08E-22 2.54E-16 9.01E-13 1.17E-11 2.57E-11
 3.73E-11 5.28E-11 6.76E-11 7.85E-11 8.12E-11 7.99E-11
 1.00E-74 1.00E-74 9.89E-35 2.08E-22 2.54E-16 9.01E-13 1.17E-11 2.57E-11
 3.73E-11 5.28E-11 6.76E-11 7.85E-11 8.12E-11 7.99E-11
 1.00E-74 1.00E-74 9.91E-35 2.08E-22 2.54E-16 9.02E-13 1.17E-11 2.57E-11
 3.73E-11 5.28E-11 6.76E-11 7.85E-11 8.11E-11 7.98E-11
 1.00E-74 2.83E-51 1.00E-34 2.10E-22 2.56E-16 9.06E-13 1.17E-11 2.58E-11
 3.73E-11 5.27E-11 6.75E-11 7.83E-11 8.10E-11 7.97E-11
 1.00E-74 4.25E-51 1.25E-34 2.40E-22 2.79E-16 9.51E-13 1.20E-11 2.61E-11
 3.75E-11 5.25E-11 6.66E-11 7.67E-11 7.91E-11 7.79E-11
 1.00E-74 2.23E-50 6.15E-34 9.26E-22 7.86E-16 1.79E-12 1.75E-11 3.39E-11
 4.55E-11 5.88E-11 6.87E-11 7.28E-11 7.09E-11 6.84E-11
 1.00E-74 1.53E-50 5.91E-34 1.45E-21 1.85E-15 4.04E-12 2.45E-11 3.76E-11
 4.48E-11 5.19E-11 5.65E-11 5.76E-11 5.52E-11 5.27E-11
  3902.64    7  14 /pl=01:ss= 2:pb= 1:sz= 2/type=excit/ispb = t/isel =   38
 1.00E+10 1.00E+11 1.00E+12 1.00E+13 1.00E+14 1.00E+15 1.00E+16
 1.55E-01 2.33E-01 3.88E-01 7.75E-01 1.55E+00 3.88E+00 7.75E+00 1.16E+01
 1.55E+01 2.33E+01 3.88E+01 7.75E+01 1.55E+02 2.33E+02
 1.00E-74 6.78E-46 3.76E-31 3.70E-20 9.90E-15 1.42E-11 1.34E-10 2.65E-10
 3.63E-10 4.77E-10 5.56E-10 5.70E-10 5.07E-10 4.56E-10
 1.00E-74 6.97E-46 3.86E-31 3.78E-20 1.01E-14 1.43E-11 1.36E-10 2.67E-10
 3.67E-10 4.81E-10 5.60E-10 5.74E-10 5.10E-10 4.59E-10
 1.00E-74 9.23E-46 4.89E-31 4.57E-20 1.17E-14 1.61E-11 1.50E-10 2.92E-10
 3.99E-10 5.19E-10 6.01E-10 6.12E-10 5.42E-10 4.86E-10
 1.00E-74 2.49E-45 1.23E-30 1.06E-19 2.51E-14 3.12E-11 2.71E-10 5.12E-10
 6.81E-10 8.64E-10 9.75E-10 9.65E-10 8.40E-10 7.46E-10
 1.00E-74 8.04E-45 3.82E-30 3.14E-19 7.27E-14 9.02E-11 7.88E-10 1.49E-09
 1.99E-09 2.54E-09 2.91E-09 2.95E-09 2.65E-09 2.40E-09
 1.00E-74 3.77E-44 1.83E-29 1.38E-18 2.65E-13 2.48E-10 1.80E-09 3.18E-09
 4.09E-09 5.08E-09 5.77E-09 5.95E-09 5.58E-09 5.23E-09
 1.00E-74 2.35E-44 1.54E-29 1.79E-18 5.01E-13 4.45E-10 2.02E-09 2.82E-09
 3.22E-09 3.59E-09 3.82E-09 3.89E-09 3.81E-09 3.72E-09
  4526.91    7  14 /pl=01:ss= 2:pb= 1:sz= 2/type=excit/ispb = t/isel =   39
 1.00E+10 1.00E+11 1.00E+12 1.00E+13 1.00E+14 1.00E+15 1.00E+16
 1.55E-01 2.33E-01 3.88E-01 7.75E-01 1.55E+00 3.88E+00 7.75E+00 1.16E+01
 1.55E+01 2.33E+01 3.88E+01 7.75E+01 1.55E+02 2.33E+02
 1.00E-74 1.00E-74 1.00E-74 9.18E-44 1.34E-26 2.08E-16 4.32E-13 5.07E-12
 1.68E-11 5.31E-11 1.25E-10 2.13E-10 2.49E-10 2.48E-10
 1.00E-74 1.00E-74 1.00E-74 9.18E-44 1.34E-26 2.08E-16 4.32E-13 5.07E-12
 1.68E-11 5.31E-11 1.25E-10 2.13E-10 2.49E-10 2.48E-10
 1.00E-74 1.00E-74 1.00E-74 9.20E-44 1.34E-26 2.08E-16 4.31E-13 5.06E-12
 1.68E-11 5.31E-11 1.25E-10 2.13E-10 2.49E-10 2.48E-10
 1.00E-74 1.00E-74 1.00E-74 9.38E-44 1.35E-26 2.07E-16 4.28E-13 5.02E-12
 1.66E-11 5.27E-11 1.24E-10 2.12E-10 2.48E-10 2.47E-10
 1.00E-74 1.00E-74 1.00E-74 1.03E-43 1.36E-26 1.96E-16 3.95E-13 4.62E-12
 1.53E-11 4.86E-11 1.15E-10 1.99E-10 2.36E-10 2.36E-10
 1.00E-74 1.00E-74 1.00E-74 1.74E-43 1.81E-26 1.92E-16 3.20E-13 3.45E-12
 1.09E-11 3.33E-11 7.70E-11 1.33E-10 1.60E-10 1.62E-10
 1.00E-74 1.00E-74 1.00E-74 4.48E-43 4.93E-26 3.15E-16 2.50E-13 1.91E-12
 5.04E-12 1.27E-11 2.57E-11 4.14E-11 5.02E-11 5.25E-11
  4554.07    7  14 /pl=01:ss= 2:pb= 1:sz= 2/type=excit/ispb = t/isel =   40
 1.00E+10 1.00E+11 1.00E+12 1.00E+13 1.00E+14 1.00E+15 1.00E+16
 1.55E-01 2.33E-01 3.88E-01 7.75E-01 1.55E+00 3.88E+00 7.75E+00 1.16E+01
 1.55E+01 2.33E+01 3.88E+01 7.75E+01 1.55E+02 2.33E+02
 1.00E-74 2.10E-43 1.72E-29 4.09E-19 5.42E-14 5.11E-11 4.20E-10 7.86E-10
 1.04E-09 1.31E-09 1.46E-09 1.41E-09 1.22E-09 1.08E-09
 1.00E-74 2.11E-43 1.72E-29 4.10E-19 5.43E-14 5.12E-11 4.21E-10 7.87E-10
 1.04E-09 1.31E-09 1.46E-09 1.42E-09 1.22E-09 1.08E-09
 1.00E-74 2.14E-43 1.75E-29 4.15E-19 5.49E-14 5.17E-11 4.25E-10 7.94E-10
 1.05E-09 1.32E-09 1.48E-09 1.43E-09 1.23E-09 1.09E-09
 1.00E-74 2.41E-43 1.94E-29 4.53E-19 5.93E-14 5.55E-11 4.55E-10 8.50E-10
 1.12E-09 1.42E-09 1.59E-09 1.54E-09 1.33E-09 1.18E-09
 1.00E-74 4.56E-43 3.25E-29 6.52E-19 7.63E-14 6.59E-11 5.28E-10 9.86E-10
 1.31E-09 1.67E-09 1.92E-09 1.95E-09 1.76E-09 1.60E-09
 1.00E-74 1.62E-42 1.15E-28 2.06E-18 1.93E-13 1.17E-10 7.42E-10 1.25E-09
 1.58E-09 1.93E-09 2.16E-09 2.21E-09 2.08E-09 1.96E-09
 1.00E-74 9.33E-43 8.89E-29 2.44E-18 3.31E-13 1.90E-10 7.46E-10 9.93E-10
 1.11E-09 1.20E-09 1.26E-09 1.26E-09 1.23E-09 1.19E-09
  4880.91    7  14 /pl=01:ss= 2:pb= 1:sz= 2/type=excit/ispb = t/isel =   41
 1.00E+10 1.00E+11 1.00E+12 1.00E+13 1.00E+14 1.00E+15 1.00E+16
 1.55E-01 2.33E-01 3.88E-01 7.75E-01 1.55E+00 3.88E+00 7.75E+00 1.16E+01
 1.55E+01 2.33E+01 3.88E+01 7.75E+01 1.55E+02 2.33E+02
 1.00E-74 1.00E-74 7.19E-34 4.39E-22 2.91E-16 7.13E-13 8.18E-12 1.74E-11
 2.47E-11 3.46E-11 4.35E-11 5.03E-11 5.19E-11 5.12E-11
 1.00E-74 7.82E-50 7.19E-34 4.39E-22 2.91E-16 7.13E-13 8.17E-12 1.74E-11
 2.47E-11 3.45E-11 4.35E-11 5.03E-11 5.19E-11 5.12E-11
 1.00E-74 1.09E-49 7.18E-34 4.39E-22 2.91E-16 7.12E-13 8.17E-12 1.74E-11
 2.47E-11 3.45E-11 4.34E-11 5.02E-11 5.18E-11 5.10E-11
 1.00E-74 1.14E-49 7.25E-34 4.42E-22 2.92E-16 7.13E-13 8.15E-12 1.73E-11
 2.45E-11 3.42E-11 4.29E-11 4.93E-11 5.08E-11 5.01E-11
 1.00E-74 1.82E-49 1.00E-33 5.37E-22 3.31E-16 7.70E-13 8.57E-12 1.79E-11
 2.52E-11 3.45E-11 4.26E-11 4.79E-11 4.83E-11 4.72E-11
 1.00E-74 8.23E-49 4.46E-33 2.00E-21 9.27E-16 1.47E-12 1.29E-11 2.42E-11
 3.20E-11 4.09E-11 4.75E-11 5.00E-11 4.79E-11 4.57E-11
 1.00E-74 5.20E-49 3.89E-33 2.79E-21 1.93E-15 2.93E-12 1.58E-11 2.34E-11
 2.75E-11 3.14E-11 3.40E-11 3.49E-11 3.39E-11 3.29E-11
  5222.18    7  14 /pl=01:ss= 2:pb= 1:sz= 2/type=excit/ispb = t/isel =   42
 1.00E+10 1.00E+11 1.00E+12 1.00E+13 1.00E+14 1.00E+15 1.00E+16
 1.55E-01 2.33E-01 3.88E-01 7.75E-01 1.55E+00 3.88E+00 7.75E+00 1.16E+01
 1.55E+01 2.33E+01 3.88E+01 7.75E+01 1.55E+02 2.33E+02
 1.00E-74 1.00E-74 8.54E-36 1.79E-23 2.19E-17 7.78E-14 1.01E-12 2.22E-12
 3.22E-12 4.56E-12 5.84E-12 6.78E-12 7.01E-12 6.90E-12
 1.00E-74 1.00E-74 8.54E-36 1.79E-23 2.19E-17 7.78E-14 1.01E-12 2.22E-12
 3.22E-12 4.56E-12 5.84E-12 6.78E-12 7.01E-12 6.89E-12
 1.00E-74 1.00E-74 8.55E-36 1.80E-23 2.19E-17 7.79E-14 1.01E-12 2.22E-12
 3.22E-12 4.56E-12 5.83E-12 6.77E-12 7.01E-12 6.89E-12
 1.00E-74 2.44E-52 8.67E-36 1.81E-23 2.21E-17 7.82E-14 1.01E-12 2.23E-12
 3.22E-12 4.55E-12 5.83E-12 6.76E-12 6.99E-12 6.88E-12
 1.00E-74 3.67E-52 1.08E-35 2.07E-23 2.41E-17 8.21E-14 1.03E-12 2.25E-12
 3.24E-12 4.53E-12 5.75E-12 6.62E-12 6.83E-12 6.72E-12
 1.00E-74 1.93E-51 5.31E-35 8.00E-23 6.78E-17 1.55E-13 1.51E-12 2.93E-12
 3.93E-12 5.08E-12 5.93E-12 6.29E-12 6.12E-12 5.90E-12
 1.00E-74 1.32E-51 5.10E-35 1.25E-22 1.60E-16 3.48E-13 2.11E-12 3.24E-12
 3.87E-12 4.48E-12 4.88E-12 4.97E-12 4.76E-12 4.55E-12
  5502.82    7  14 /pl=01:ss= 2:pb= 1:sz= 2/type=excit/ispb = t/isel =   43
 1.00E+10 1.00E+11 1.00E+12 1.00E+13 1.00E+14 1.00E+15 1.00E+16
 1.55E-01 2.33E-01 3.88E-01 7.75E-01 1.55E+00 3.88E+00 7.75E+00 1.16E+01
 1.55E+01 2.33E+01 3.88E+01 7.75E+01 1.55E+02 2.33E+02
 1.00E-74 1.93E-39 4.55E-27 7.45E-18 2.56E-13 1.08E-10 7.02E-10 1.25E-09
 1.63E-09 2.11E-09 2.54E-09 2.87E-09 2.93E-09 2.88E-09
 1.00E-74 1.93E-39 4.55E-27 7.45E-18 2.56E-13 1.08E-10 7.02E-10 1.25E-09
 1.63E-09 2.11E-09 2.54E-09 2.87E-09 2.93E-09 2.88E-09
 1.00E-74 1.93E-39 4.56E-27 7.46E-18 2.56E-13 1.09E-10 7.03E-10 1.25E-09
 1.64E-09 2.11E-09 2.54E-09 2.88E-09 2.93E-09 2.88E-09
 1.00E-74 1.98E-39 4.64E-27 7.56E-18 2.60E-13 1.10E-10 7.14E-10 1.26E-09
 1.66E-09 2.13E-09 2.57E-09 2.89E-09 2.94E-09 2.89E-09
 1.00E-74 2.62E-39 5.76E-27 8.80E-18 2.91E-13 1.21E-10 7.69E-10 1.35E-09
 1.75E-09 2.23E-09 2.65E-09 2.94E-09 2.97E-09 2.90E-09
 1.00E-74 8.39E-39 1.79E-26 2.45E-17 6.74E-13 2.05E-10 1.04E-09 1.65E-09
 2.02E-09 2.40E-09 2.68E-09 2.79E-09 2.70E-09 2.60E-09
 1.00E-74 5.07E-39 1.42E-26 2.78E-17 1.03E-12 2.76E-10 8.45E-10 1.04E-09
 1.12E-09 1.17E-09 1.20E-09 1.20E-09 1.17E-09 1.16E-09
  6022.94    7  14 /pl=01:ss= 2:pb= 1:sz= 2/type=excit/ispb = t/isel =   44
 1.00E+10 1.00E+11 1.00E+12 1.00E+13 1.00E+14 1.00E+15 1.00E+16
 1.55E-01 2.33E-01 3.88E-01 7.75E-01 1.55E+00 3.88E+00 7.75E+00 1.16E+01
 1.55E+01 2.33E+01 3.88E+01 7.75E+01 1.55E+02 2.33E+02
 1.00E-74 1.00E-74 1.00E-74 1.21E-44 1.76E-27 2.74E-17 5.67E-14 6.66E-13
 2.20E-12 6.98E-12 1.64E-11 2.80E-11 3.27E-11 3.26E-11
 1.00E-74 1.00E-74 1.00E-74 1.21E-44 1.76E-27 2.74E-17 5.67E-14 6.66E-13
 2.20E-12 6.98E-12 1.64E-11 2.80E-11 3.27E-11 3.26E-11
 1.00E-74 1.00E-74 1.00E-74 1.21E-44 1.76E-27 2.74E-17 5.67E-14 6.65E-13
 2.20E-12 6.97E-12 1.64E-11 2.80E-11 3.27E-11 3.26E-11
 1.00E-74 1.00E-74 1.00E-74 1.23E-44 1.77E-27 2.72E-17 5.62E-14 6.60E-13
 2.19E-12 6.93E-12 1.63E-11 2.79E-11 3.26E-11 3.25E-11
 1.00E-74 1.00E-74 1.00E-74 1.35E-44 1.78E-27 2.57E-17 5.19E-14 6.07E-13
 2.01E-12 6.38E-12 1.51E-11 2.62E-11 3.09E-11 3.10E-11
 1.00E-74 1.00E-74 1.00E-74 2.29E-44 2.38E-27 2.53E-17 4.21E-14 4.53E-13
 1.44E-12 4.37E-12 1.01E-11 1.74E-11 2.10E-11 2.13E-11
 1.00E-74 1.00E-74 1.00E-74 5.88E-44 6.47E-27 4.14E-17 3.28E-14 2.50E-13
 6.61E-13 1.67E-12 3.38E-12 5.44E-12 6.60E-12 6.90E-12
  6030.89    7  14 /pl=01:ss= 2:pb= 1:sz= 2/type=excit/ispb = t/isel =   45
 1.00E+10 1.00E+11 1.00E+12 1.00E+13 1.00E+14 1.00E+15 1.00E+16
 1.55E-01 2.33E-01 3.88E-01 7.75E-01 1.55E+00 3.88E+00 7.75E+00 1.16E+01
 1.55E+01 2.33E+01 3.88E+01 7.75E+01 1.55E+02 2.33E+02
 1.00E-74 2.79E-44 2.28E-30 5.43E-20 7.19E-15 6.78E-12 5.58E-11 1.04E-10
 1.38E-10 1.73E-10 1.94E-10 1.88E-10 1.62E-10 1.44E-10
 1.00E-74 2.80E-44 2.29E-30 5.44E-20 7.20E-15 6.79E-12 5.58E-11 1.04E-10
 1.38E-10 1.73E-10 1.94E-10 1.88E-10 1.62E-10 1.44E-10
 1.00E-74 2.84E-44 2.32E-30 5.50E-20 7.28E-15 6.86E-12 5.64E-11 1.05E-10
 1.39E-10 1.75E-10 1.96E-10 1.90E-10 1.63E-10 1.45E-10
 1.00E-74 3.20E-44 2.57E-30 6.01E-20 7.87E-15 7.36E-12 6.03E-11 1.13E-10
 1.49E-10 1.88E-10 2.11E-10 2.04E-10 1.76E-10 1.57E-10
 1.00E-74 6.05E-44 4.32E-30 8.66E-20 1.01E-14 8.74E-12 7.00E-11 1.31E-10
 1.74E-10 2.22E-10 2.55E-10 2.59E-10 2.34E-10 2.13E-10
 1.00E-74 2.14E-43 1.53E-29 2.73E-19 2.56E-14 1.55E-11 9.84E-11 1.66E-10
 2.10E-10 2.56E-10 2.87E-10 2.93E-10 2.76E-10 2.60E-10
 1.00E-74 1.24E-43 1.18E-29 3.23E-19 4.39E-14 2.52E-11 9.89E-11 1.32E-10
 1.47E-10 1.60E-10 1.67E-10 1.67E-10 1.63E-10 1.58E-10
  7512.53    7  14 /pl=01:ss= 2:pb= 1:sz= 2/type=excit/ispb = t/isel =   46
 1.00E+10 1.00E+11 1.00E+12 1.00E+13 1.00E+14 1.00E+15 1.00E+16
 1.55E-01 2.33E-01 3.88E-01 7.75E-01 1.55E+00 3.88E+00 7.75E+00 1.16E+01
 1.55E+01 2.33E+01 3.88E+01 7.75E+01 1.55E+02 2.33E+02
 1.00E-74 1.00E-74 1.00E-74 2.32E-42 6.03E-26 3.55E-16 5.45E-13 5.80E-12
 1.83E-11 5.52E-11 1.24E-10 2.04E-10 2.29E-10 2.23E-10
 1.00E-74 1.00E-74 1.00E-74 2.32E-42 6.02E-26 3.55E-16 5.44E-13 5.80E-12
 1.83E-11 5.52E-11 1.24E-10 2.04E-10 2.29E-10 2.23E-10
 1.00E-74 1.00E-74 1.00E-74 2.31E-42 5.99E-26 3.53E-16 5.41E-13 5.77E-12
 1.82E-11 5.49E-11 1.24E-10 2.03E-10 2.28E-10 2.22E-10
 1.00E-74 1.00E-74 1.00E-74 2.18E-42 5.69E-26 3.35E-16 5.15E-13 5.49E-12
 1.74E-11 5.24E-11 1.19E-10 1.96E-10 2.21E-10 2.16E-10
 1.00E-74 1.00E-74 1.00E-74 1.56E-42 4.07E-26 2.35E-16 3.57E-13 3.81E-12
 1.21E-11 3.69E-11 8.52E-11 1.45E-10 1.70E-10 1.70E-10
 1.00E-74 1.00E-74 1.00E-74 1.42E-42 2.87E-26 1.17E-16 1.44E-13 1.41E-12
 4.30E-12 1.26E-11 2.87E-11 5.00E-11 6.16E-11 6.39E-11
 1.00E-74 1.00E-74 1.00E-74 2.42E-42 4.73E-26 1.09E-16 6.15E-14 4.21E-13
 1.06E-12 2.54E-12 5.00E-12 7.98E-12 9.81E-12 1.04E-11
  7815.31    7  14 /pl=01:ss= 2:pb= 1:sz= 2/type=excit/ispb = t/isel =   47
 1.00E+10 1.00E+11 1.00E+12 1.00E+13 1.00E+14 1.00E+15 1.00E+16
 1.55E-01 2.33E-01 3.88E-01 7.75E-01 1.55E+00 3.88E+00 7.75E+00 1.16E+01
 1.55E+01 2.33E+01 3.88E+01 7.75E+01 1.55E+02 2.33E+02
 1.00E-74 1.76E-38 1.32E-26 9.22E-18 2.15E-13 7.69E-11 4.77E-10 8.23E-10
 1.06E-09 1.29E-09 1.43E-09 1.41E-09 1.27E-09 1.16E-09
 1.00E-74 1.76E-38 1.32E-26 9.21E-18 2.15E-13 7.69E-11 4.77E-10 8.22E-10
 1.06E-09 1.29E-09 1.43E-09 1.41E-09 1.27E-09 1.16E-09
 1.00E-74 1.75E-38 1.31E-26 9.18E-18 2.14E-13 7.67E-11 4.76E-10 8.21E-10
 1.05E-09 1.29E-09 1.43E-09 1.41E-09 1.27E-09 1.16E-09
 1.00E-74 1.68E-38 1.27E-26 8.90E-18 2.08E-13 7.46E-11 4.65E-10 8.02E-10
 1.03E-09 1.26E-09 1.41E-09 1.40E-09 1.26E-09 1.16E-09
 1.00E-74 1.70E-38 1.22E-26 8.16E-18 1.81E-13 6.10E-11 3.69E-10 6.33E-10
 8.13E-10 1.00E-09 1.14E-09 1.17E-09 1.10E-09 1.03E-09
 7.78E-53 3.23E-38 2.30E-26 1.41E-17 2.60E-13 6.09E-11 2.83E-10 4.33E-10
 5.22E-10 6.09E-10 6.64E-10 6.72E-10 6.35E-10 6.05E-10
 1.56E-53 1.54E-38 1.37E-26 1.16E-17 2.80E-13 5.84E-11 1.64E-10 1.96E-10
 2.08E-10 2.15E-10 2.17E-10 2.14E-10 2.09E-10 2.06E-10
  8548.47    7  14 /pl=01:ss= 2:pb= 1:sz= 2/type=excit/ispb = t/isel =   48
 1.00E+10 1.00E+11 1.00E+12 1.00E+13 1.00E+14 1.00E+15 1.00E+16
 1.55E-01 2.33E-01 3.88E-01 7.75E-01 1.55E+00 3.88E+00 7.75E+00 1.16E+01
 1.55E+01 2.33E+01 3.88E+01 7.75E+01 1.55E+02 2.33E+02
 1.00E-74 1.00E-74 9.25E-36 1.94E-23 2.37E-17 8.43E-14 1.09E-12 2.41E-12
 3.49E-12 4.94E-12 6.32E-12 7.34E-12 7.59E-12 7.47E-12
 1.00E-74 1.00E-74 9.26E-36 1.94E-23 2.37E-17 8.43E-14 1.09E-12 2.41E-12
 3.49E-12 4.94E-12 6.32E-12 7.34E-12 7.59E-12 7.47E-12
 1.00E-74 1.00E-74 9.27E-36 1.95E-23 2.38E-17 8.44E-14 1.09E-12 2.41E-12
 3.49E-12 4.94E-12 6.32E-12 7.34E-12 7.59E-12 7.47E-12
 1.00E-74 2.65E-52 9.40E-36 1.96E-23 2.39E-17 8.48E-14 1.09E-12 2.41E-12
 3.49E-12 4.93E-12 6.31E-12 7.33E-12 7.58E-12 7.45E-12
 1.00E-74 3.97E-52 1.17E-35 2.24E-23 2.61E-17 8.90E-14 1.12E-12 2.44E-12
 3.51E-12 4.91E-12 6.23E-12 7.18E-12 7.40E-12 7.28E-12
 1.00E-74 2.09E-51 5.75E-35 8.67E-23 7.35E-17 1.68E-13 1.64E-12 3.17E-12
 4.26E-12 5.50E-12 6.43E-12 6.81E-12 6.64E-12 6.40E-12
 1.00E-74 1.44E-51 5.53E-35 1.36E-22 1.73E-16 3.78E-13 2.29E-12 3.52E-12
 4.20E-12 4.86E-12 5.29E-12 5.39E-12 5.16E-12 4.93E-12
  8736.98    7  14 /pl=01:ss= 2:pb= 1:sz= 2/type=excit/ispb = t/isel =   49
 1.00E+10 1.00E+11 1.00E+12 1.00E+13 1.00E+14 1.00E+15 1.00E+16
 1.55E-01 2.33E-01 3.88E-01 7.75E-01 1.55E+00 3.88E+00 7.75E+00 1.16E+01
 1.55E+01 2.33E+01 3.88E+01 7.75E+01 1.55E+02 2.33E+02
 1.00E-74 1.00E-74 2.64E-34 1.61E-22 1.07E-16 2.62E-13 3.00E-12 6.41E-12
 9.08E-12 1.27E-11 1.60E-11 1.85E-11 1.91E-11 1.88E-11
 1.00E-74 2.87E-50 2.64E-34 1.61E-22 1.07E-16 2.62E-13 3.00E-12 6.40E-12
 9.08E-12 1.27E-11 1.60E-11 1.85E-11 1.91E-11 1.88E-11
 1.00E-74 4.02E-50 2.64E-34 1.61E-22 1.07E-16 2.62E-13 3.00E-12 6.40E-12
 9.07E-12 1.27E-11 1.60E-11 1.84E-11 1.90E-11 1.88E-11
 1.00E-74 4.19E-50 2.66E-34 1.62E-22 1.07E-16 2.62E-13 2.99E-12 6.37E-12
 9.01E-12 1.26E-11 1.57E-11 1.81E-11 1.87E-11 1.84E-11
 1.00E-74 6.70E-50 3.69E-34 1.97E-22 1.21E-16 2.83E-13 3.15E-12 6.59E-12
 9.25E-12 1.27E-11 1.57E-11 1.76E-11 1.78E-11 1.73E-11
 1.00E-74 3.02E-49 1.64E-33 7.34E-22 3.40E-16 5.41E-13 4.73E-12 8.88E-12
 1.18E-11 1.50E-11 1.75E-11 1.84E-11 1.76E-11 1.68E-11
 1.00E-74 1.91E-49 1.43E-33 1.03E-21 7.10E-16 1.08E-12 5.82E-12 8.61E-12
 1.01E-11 1.16E-11 1.25E-11 1.28E-11 1.25E-11 1.21E-11
  8986.91    7  14 /pl=01:ss= 2:pb= 1:sz= 2/type=excit/ispb = t/isel =   50
 1.00E+10 1.00E+11 1.00E+12 1.00E+13 1.00E+14 1.00E+15 1.00E+16
 1.55E-01 2.33E-01 3.88E-01 7.75E-01 1.55E+00 3.88E+00 7.75E+00 1.16E+01
 1.55E+01 2.33E+01 3.88E+01 7.75E+01 1.55E+02 2.33E+02
 1.00E-74 1.01E-47 2.01E-32 6.58E-21 3.18E-15 6.42E-12 6.76E-11 1.37E-10
 1.88E-10 2.45E-10 2.80E-10 2.73E-10 2.33E-10 2.06E-10
 1.00E-74 7.04E-48 2.01E-32 6.59E-21 3.18E-15 6.43E-12 6.77E-11 1.37E-10
 1.88E-10 2.45E-10 2.80E-10 2.74E-10 2.34E-10 2.06E-10
 1.00E-74 7.55E-48 2.05E-32 6.70E-21 3.23E-15 6.53E-12 6.88E-11 1.39E-10
 1.91E-10 2.50E-10 2.86E-10 2.80E-10 2.40E-10 2.12E-10
 1.00E-74 8.65E-48 2.32E-32 7.42E-21 3.55E-15 7.13E-12 7.54E-11 1.53E-10
 2.12E-10 2.79E-10 3.25E-10 3.25E-10 2.85E-10 2.55E-10
 1.00E-74 1.57E-47 3.62E-32 1.00E-20 4.40E-15 8.39E-12 8.74E-11 1.78E-10
 2.47E-10 3.31E-10 3.98E-10 4.27E-10 4.05E-10 3.80E-10
 1.00E-74 6.54E-47 1.52E-31 3.60E-20 1.21E-14 1.59E-11 1.31E-10 2.40E-10
 3.15E-10 3.99E-10 4.60E-10 4.80E-10 4.57E-10 4.33E-10
 1.00E-74 4.03E-47 1.29E-31 4.89E-20 2.46E-14 3.08E-11 1.56E-10 2.27E-10
 2.63E-10 2.98E-10 3.20E-10 3.26E-10 3.17E-10 3.08E-10
c-------------------------------------------------------------------------------
 
C  root partition information
C  ==========================
C
C  nuclear charge : 74
C  ion charge+1   :  3
C
C  population calculation information
C  ----------------------------------
C
C  population processing code: adas810
C
C  adf04 source file    : adf04_copmm#74_ca_40#w2_t3.dat
C  adf18/a17_p208 file  : NULL
C
C  meta. ion. coeff. selector  : 
 
C  options  : lnorm =T  lpsel =F  lzsel =T  liosel=F
C           : lhsel =F  lrsel =F  lisel =F  lnsel =F
 
C  energy levels
C  -------------
C
C   lv      configuration    (2S+1)L(w-1/2)      energy (cm^-1)
C  ---   ------------------- --------------      --------------
c    1   60964A52B56C54D       (0)0( 104.0)             0.0
c    2   60964A52B56C53D51H    (0)0( 359.5)         61222.4
c    3   60964A52B56C53D51I    (0)0( 599.5)        116683.6
c    4   60964A52B56C53D51N    (0)0( 359.5)        129479.0
c    5   60964A52B56C53D51E    (0)0( 839.0)        134856.1
c    6   60964A52B56C53D51O    (0)0( 599.5)        151437.4
c    7   60964A52B56C53D51U    (0)0( 359.5)        156803.6
c    8   60964A52B56C53D51J    (0)0( 839.0)        159042.2
c    9   60964A52B56C53D51F    (0)0(1079.5)        160479.8
c   10   60964A52B56C53D51V    (0)0( 599.5)        167930.9
c   11   60964A52B56C53D51P    (0)0( 839.0)        171925.4
c   12   60964A52B56C53D51W    (0)0( 839.0)        179628.9
c   13   60964A52B55C55D       (0)0( 755.0)        341074.4
c   14   60964A52B55C54D51H    (0)0(3779.5)        407059.4
c   15   60964A52B55C54D51I    (0)0(6299.5)        463332.7
c   16   60964A52B55C54D51N    (0)0(3779.5)        476643.8
c   17   60964A52B55C54D51E    (0)0(8819.5)        482130.7
c   18   60964A52B55C54D51O    (0)0(6299.5)        498733.9
c   19   60964A52B55C54D51J    (0)0(8819.5)        506492.3
c   20   60964A52B55C54D51P    (0)0(8819.5)        519474.2
c   21   60964A51B56C55D       (0)0( 251.0)        657611.5
c   22   60964A51B56C54D51G    (0)0( 419.0)        676409.5
c   23   60964A51B56C54D51H    (0)0(1259.5)        727459.3
c   24   60964A51B56C54D51M    (0)0( 419.0)        779782.0
c   25   60964A51B56C54D51I    (0)0(2099.5)        783524.0
c   26   60964A51B56C54D51N    (0)0(1259.5)        797076.6
c   27   60964A51B56C54D51O    (0)0(2099.5)        819100.9
 
 
 
c-------------------------------------------------------------------------------
 
C  superstage partition information
C  ================================
C
C  element symbol   : W
C  parent template  : 
C  partition level  :  1
C  superstage label :  2
C
C  tabulation       : photon emissivity coefft (te,ne)
C  units            : ph. emis coef(cm^3 s^-1); te (ev); ne (cm^-3)
C
C  photon emissivity atomic transitions
C  ------------------------------------
C  
C   isel  wvlen(A)            transition                type  ispb nspb
C                                                             ispp nspp sz    tg pr wr
C  ----- ---------- ----------------------------------- ----- ---- ---- --    -- -- --
C      1   200.508   18(0)0(6299.5)-  1(0)0( 104.0)     excit   1    1   2    23 35  1
C      2   215.828   15(0)0(6299.5)-  1(0)0( 104.0)     excit   1    1   2    20 23  2
C      3   287.957   17(0)0(8819.5)-  5(0)0( 839.0)     excit   1    1   2   128 24  3
C      4   293.191   13(0)0( 755.0)-  1(0)0( 104.0)     excit   1    1   2    17  2  4
C      5   312.078   26(0)0(1259.5)- 16(0)0(3779.5)     excit   1    1   2   114 40  5
C      6   312.110   23(0)0(1259.5)- 14(0)0(3779.5)     excit   1    1   2   101 17  6
C      7   312.142   27(0)0(2099.5)- 18(0)0(6299.5)     excit   1    1   2   119 39  7
C      8   315.919   21(0)0( 251.0)- 13(0)0( 755.0)     excit   1    1   2    90 13  8
C      9   556.703   12(0)0( 839.0)-  1(0)0( 104.0)     excit   1    1   2     9  9  9
C     10   560.539   20(0)0(8819.5)- 13(0)0( 755.0)     excit   1    1   2    97 34 10
C     11   581.648   11(0)0( 839.0)-  1(0)0( 104.0)     excit   1    1   2     6  6 11
C     12   604.529   19(0)0(8819.5)- 13(0)0( 755.0)     excit   1    1   2    94 29 12
C     13   628.764    8(0)0( 839.0)-  1(0)0( 104.0)     excit   1    1   2     3  5 13
C     14   637.740    7(0)0( 359.5)-  1(0)0( 104.0)     excit   1    1   2     7 16 14
C     15   708.937   17(0)0(8819.5)- 13(0)0( 755.0)     excit   1    1   2    91 44 15
C     16   737.630   16(0)0(3779.5)- 13(0)0( 755.0)     excit   1    1   2    95 18 16
C     17   741.531    5(0)0( 839.0)-  1(0)0( 104.0)     excit   1    1   2    25  3 17
C     18   772.326    4(0)0( 359.5)-  1(0)0( 104.0)     excit   1    1   2     4  8 18
C     19   937.132   10(0)0( 599.5)-  2(0)0( 359.5)     excit   1    1   2    33 19 19
C     20   1090.82   18(0)0(6299.5)- 14(0)0(3779.5)     excit   1    1   2   106 26 20
C     21   1108.46    6(0)0( 599.5)-  2(0)0( 359.5)     excit   1    1   2    30 11 21
C     22   1515.50   14(0)0(3779.5)- 13(0)0( 755.0)     excit   1    1   2    92  7 22
C     23   1588.68   12(0)0( 839.0)-  3(0)0( 599.5)     excit   1    1   2    42 25 23
C     24   1633.39    2(0)0( 359.5)-  1(0)0( 104.0)     excit   1    1   2     1  1 24
C     25   1777.04   15(0)0(6299.5)- 14(0)0(3779.5)     excit   1    1   2   103 12 25
C     26   1781.21   20(0)0(8819.5)- 15(0)0(6299.5)     excit   1    1   2   112 46 26
C     27   1783.65   25(0)0(2099.5)- 23(0)0(1259.5)     excit   1    1   2    80 33 27
C     28   1803.06    3(0)0( 599.5)-  2(0)0( 359.5)     excit   1    1   2    27  4 28
C     29   1810.22   11(0)0( 839.0)-  3(0)0( 599.5)     excit   1    1   2    39 21 29
C     30   1911.22   24(0)0( 419.0)- 23(0)0(1259.5)     excit   1    1   2    81 37 30
C     31   1958.87   23(0)0(1259.5)- 22(0)0( 419.0)     excit   1    1   2    75 48 31
C     32   2316.98   19(0)0(8819.5)- 15(0)0(6299.5)     excit   1    1   2   109 47 32
C     33   2360.80    8(0)0( 839.0)-  3(0)0( 599.5)     excit   1    1   2    36 20 33
C     34   2492.52    7(0)0( 359.5)-  3(0)0( 599.5)     excit   1    1   2    40 36 34
C     35   2600.65   10(0)0( 599.5)-  4(0)0( 359.5)     excit   1    1   2    53 27 35
C     36   3023.45   10(0)0( 599.5)-  5(0)0( 839.0)     excit   1    1   2   126 42 36
C     37   3547.17   12(0)0( 839.0)-  6(0)0( 599.5)     excit   1    1   2    60 38 37
C     38   3902.64    9(0)0(1079.5)-  5(0)0( 839.0)     excit   1    1   2   129 22 38
C     39   4526.91   18(0)0(6299.5)- 16(0)0(3779.5)     excit   1    1   2   117 30 39
C     40   4554.07    6(0)0( 599.5)-  4(0)0( 359.5)     excit   1    1   2    50 14 40
C     41   4880.91   11(0)0( 839.0)-  6(0)0( 599.5)     excit   1    1   2    57 41 41
C     42   5222.18   12(0)0( 839.0)-  9(0)0(1079.5)     excit   1    1   2   132 50 42
C     43   5502.82    5(0)0( 839.0)-  3(0)0( 599.5)     excit   1    1   2    43 10 43
C     44   6022.94   18(0)0(6299.5)- 17(0)0(8819.5)     excit   1    1   2    99 43 44
C     45   6030.89    6(0)0( 599.5)-  5(0)0( 839.0)     excit   1    1   2   123 32 45
C     46   7512.53   16(0)0(3779.5)- 15(0)0(6299.5)     excit   1    1   2   110 31 46
C     47   7815.31    4(0)0( 359.5)-  3(0)0( 599.5)     excit   1    1   2    37 15 47
C     48   8548.47   12(0)0( 839.0)- 10(0)0( 599.5)     excit   1    1   2    68 49 48
C     49   8736.98   11(0)0( 839.0)-  9(0)0(1079.5)     excit   1    1   2   130 45 49
C     50   8986.91   10(0)0( 599.5)-  7(0)0( 359.5)     excit   1    1   2    65 28 50
c-------------------------------------------------------------------------------
                                                                                
C  code     : adas810
C  producer : Adam Foster
C  date     : 18/05/09
                                                                                
c-------------------------------------------------------------------------------

C-----------------------------------------------------------------------
C                               OPEN-ADAS
C                               +++++++++
C
C This file has been downloaded from OPEN-ADAS (http://open.adas.ac.uk)
C on 26-Mar-2025.
C
C TERMS AND CONDITIONS
C --------------------
C
C The user of the OPEN-ADAS system and data (hereinafter "the User")
C accepts the following terms and conditions:
C
C   1. The University of Strathclyde uses all reasonable endeavours to
C      ensure the accuracy of the data provided and any information
C      given, but the University makes no warranty, expressed or implied
C      as to its accuracy, integrity, fitness for purpose and shall not
C      be responsible for the use to which the data is put by the User
C      and/or any consequences arising out of any inaccuracies or
C      omissions.
C
C   2. Any downloaded OPEN-ADAS file is made available for the
C      personal use of the User only.  It must not be used for any
C      commercial application, incorporated into any web site or in
C      any form re-distributed without express prior written permission
C      from the ADAS Project. In particular, but not by way of
C      limitation, it must not be:
C        *  inserted into a managed database structure,
C        *  redistributed along with a modelling or analysis code,
C        *  made available on a public website.
C
C Permission for OPEN-ADAS data incorporation in non-commercial
C code/system development for scientific advance will not be
C unreasonably withheld, but will be subject to written agreement
C on a case by case basis.
C
C The User will indemnify the University of Strathclyde and keep it
C fully and effectively indemnified against each and every claim made
C against the University as a result of the User's use of the data.
C
C-----------------------------------------------------------------------
