   50    /W :17 photon emissivity coefficients/
--------------------------------------------------------------------------------
    1    1    1    1    1    1    1    1    1    1    1    1    1    1
    1    1    1    1    1    1    1    1    1    1    1    1    1    1
    1    1    1    1    1    1    1    1    1    1    1    1    1    1
    1    1    1    1    1    1    1    1    1    1    1    1    1    1
    1    1    1    1    1    1    1    1    1    1    1    1    1    1
    1    1    1    1    1
--------------------------------------------------------------------------------
//#01/p00/ 00/p01/ 01/p02/ 02/p03/ 03/p04/ 04/p05/ 05/p06/ 06/p07/ 07/p08/ 08/  
      p09/ 09/p10/ 10/p11/ 11/p12/ 12/p13/ 13/p14/ 14/p15/ 15/p16/ 16/p17/ 17/  
      p18/ 18/p19/ 19/p20/ 20/p21/ 21/p22/ 22/p23/ 23/p24/ 24/p25/ 25/p26/ 26/  
      p27/ 27/p28/ 28/p29/ 29/p30/ 30/p31/ 31/p32/ 32/p33/ 33/p34/ 34/p35/ 35/  
      p36/ 36/p37/ 37/p38/ 38/p39/ 39/p40/ 40/p41/ 41/p42/ 42/p43/ 43/p44/ 44/  
      p45/ 45/p46/ 46/p47/ 47/p48/ 48/p49/ 49/p50/ 50/p51/ 51/p52/ 52/p53/ 53/  
      p54/ 54/p55/ 55/p56/ 56/p57/ 57/p58/ 58/p59/ 59/p60/ 60/p61/ 61/p62/ 62/  
      p63/ 63/p64/ 64/p65/ 65/p66/ 66/p67/ 67/p68/ 68/p69/ 69/p70/ 70/p71/ 71/  
      p72/ 72/p73/ 73/p74/ 74/                                                  
--------------------------------------------------------------------------------
  59.5993    7  14 /pl=01:ss=17:pb= 1:sz=17/type=excit/ispb = t/isel =    1
 1.00E+10 1.00E+11 1.00E+12 1.00E+13 1.00E+14 1.00E+15 1.00E+16
 5.58E+00 8.38E+00 1.40E+01 2.79E+01 5.58E+01 1.40E+02 2.79E+02 4.19E+02
 5.58E+02 8.38E+02 1.40E+03 2.79E+03 5.58E+03 8.38E+03
 2.68E-57 5.06E-52 7.97E-48 1.02E-44 1.74E-43 3.04E-43 3.12E-43 3.07E-43
 3.02E-43 2.93E-43 2.82E-43 2.66E-43 2.52E-43 2.44E-43
 3.03E-58 5.83E-53 9.45E-49 1.27E-45 2.14E-44 3.79E-44 4.05E-44 4.09E-44
 4.09E-44 4.07E-44 4.01E-44 3.90E-44 3.75E-44 3.64E-44
 3.07E-59 5.92E-54 9.64E-50 1.30E-46 2.20E-45 3.92E-45 4.23E-45 4.31E-45
 4.35E-45 4.38E-45 4.39E-45 4.39E-45 4.38E-45 4.36E-45
 3.08E-60 5.93E-55 9.66E-51 1.30E-47 2.20E-46 3.94E-46 4.25E-46 4.34E-46
 4.38E-46 4.41E-46 4.44E-46 4.46E-46 4.47E-46 4.47E-46
 3.08E-61 5.93E-56 9.66E-52 1.31E-48 2.20E-47 3.94E-47 4.25E-47 4.34E-47
 4.38E-47 4.42E-47 4.45E-47 4.47E-47 4.48E-47 4.48E-47
 3.08E-62 5.93E-57 9.67E-53 1.31E-49 2.20E-48 3.94E-48 4.25E-48 4.34E-48
 4.38E-48 4.42E-48 4.45E-48 4.47E-48 4.48E-48 4.48E-48
 3.08E-63 5.93E-58 9.67E-54 1.31E-50 2.20E-49 3.94E-49 4.25E-49 4.34E-49
 4.38E-49 4.42E-49 4.45E-49 4.47E-49 4.48E-49 4.48E-49
  61.2493    7  14 /pl=01:ss=17:pb= 1:sz=17/type=excit/ispb = t/isel =    2
 1.00E+10 1.00E+11 1.00E+12 1.00E+13 1.00E+14 1.00E+15 1.00E+16
 5.58E+00 8.38E+00 1.40E+01 2.79E+01 5.58E+01 1.40E+02 2.79E+02 4.19E+02
 5.58E+02 8.38E+02 1.40E+03 2.79E+03 5.58E+03 8.38E+03
 7.31E-57 9.88E-52 1.19E-47 1.25E-44 1.92E-43 3.17E-43 3.18E-43 3.11E-43
 3.05E-43 2.95E-43 2.83E-43 2.66E-43 2.52E-43 2.44E-43
 8.27E-58 1.14E-52 1.41E-48 1.55E-45 2.36E-44 3.95E-44 4.13E-44 4.14E-44
 4.13E-44 4.10E-44 4.03E-44 3.91E-44 3.75E-44 3.65E-44
 8.38E-59 1.16E-53 1.44E-49 1.59E-46 2.43E-45 4.08E-45 4.32E-45 4.37E-45
 4.39E-45 4.41E-45 4.41E-45 4.40E-45 4.38E-45 4.36E-45
 8.39E-60 1.16E-54 1.44E-50 1.59E-47 2.44E-46 4.10E-46 4.34E-46 4.39E-46
 4.42E-46 4.44E-46 4.46E-46 4.47E-46 4.47E-46 4.47E-46
 8.40E-61 1.16E-55 1.44E-51 1.60E-48 2.44E-47 4.10E-47 4.34E-47 4.40E-47
 4.42E-47 4.45E-47 4.46E-47 4.48E-47 4.48E-47 4.48E-47
 8.40E-62 1.16E-56 1.44E-52 1.60E-49 2.44E-48 4.10E-48 4.34E-48 4.40E-48
 4.42E-48 4.45E-48 4.46E-48 4.48E-48 4.48E-48 4.48E-48
 8.40E-63 1.16E-57 1.44E-53 1.60E-50 2.44E-49 4.10E-49 4.34E-49 4.40E-49
 4.42E-49 4.45E-49 4.46E-49 4.48E-49 4.48E-49 4.49E-49
  61.5850    7  14 /pl=01:ss=17:pb= 1:sz=17/type=excit/ispb = t/isel =    3
 1.00E+10 1.00E+11 1.00E+12 1.00E+13 1.00E+14 1.00E+15 1.00E+16
 5.58E+00 8.38E+00 1.40E+01 2.79E+01 5.58E+01 1.40E+02 2.79E+02 4.19E+02
 5.58E+02 8.38E+02 1.40E+03 2.79E+03 5.58E+03 8.38E+03
 9.77E-57 1.23E-51 1.40E-47 1.40E-44 2.09E-43 3.37E-43 3.34E-43 3.24E-43
 3.17E-43 3.05E-43 2.90E-43 2.72E-43 2.55E-43 2.47E-43
 1.12E-57 1.45E-52 1.70E-48 1.79E-45 2.68E-44 4.40E-44 4.56E-44 4.56E-44
 4.54E-44 4.48E-44 4.38E-44 4.21E-44 4.01E-44 3.88E-44
 1.14E-58 1.47E-53 1.74E-49 1.85E-46 2.77E-45 4.59E-45 4.83E-45 4.89E-45
 4.90E-45 4.92E-45 4.92E-45 4.90E-45 4.86E-45 4.83E-45
 1.14E-59 1.48E-54 1.75E-50 1.85E-47 2.78E-46 4.62E-46 4.87E-46 4.92E-46
 4.95E-46 4.97E-46 4.99E-46 4.99E-46 5.00E-46 4.99E-46
 1.14E-60 1.48E-55 1.75E-51 1.85E-48 2.78E-47 4.62E-47 4.87E-47 4.93E-47
 4.95E-47 4.98E-47 4.99E-47 5.00E-47 5.01E-47 5.01E-47
 1.14E-61 1.48E-56 1.75E-52 1.85E-49 2.78E-48 4.62E-48 4.87E-48 4.93E-48
 4.95E-48 4.98E-48 4.99E-48 5.01E-48 5.01E-48 5.01E-48
 1.14E-62 1.48E-57 1.75E-53 1.85E-50 2.78E-49 4.62E-49 4.87E-49 4.93E-49
 4.95E-49 4.98E-49 4.99E-49 5.01E-49 5.01E-49 5.01E-49
  61.7218    7  14 /pl=01:ss=17:pb= 1:sz=17/type=excit/ispb = t/isel =    4
 1.00E+10 1.00E+11 1.00E+12 1.00E+13 1.00E+14 1.00E+15 1.00E+16
 5.58E+00 8.38E+00 1.40E+01 2.79E+01 5.58E+01 1.40E+02 2.79E+02 4.19E+02
 5.58E+02 8.38E+02 1.40E+03 2.79E+03 5.58E+03 8.38E+03
 9.65E-57 1.19E-51 1.33E-47 1.32E-44 1.97E-43 3.20E-43 3.20E-43 3.12E-43
 3.06E-43 2.96E-43 2.83E-43 2.67E-43 2.52E-43 2.44E-43
 1.09E-57 1.37E-52 1.58E-48 1.64E-45 2.43E-44 3.99E-44 4.15E-44 4.16E-44
 4.14E-44 4.10E-44 4.03E-44 3.91E-44 3.75E-44 3.65E-44
 1.11E-58 1.39E-53 1.61E-49 1.68E-46 2.50E-45 4.13E-45 4.34E-45 4.38E-45
 4.40E-45 4.41E-45 4.42E-45 4.41E-45 4.38E-45 4.36E-45
 1.11E-59 1.39E-54 1.61E-50 1.69E-47 2.51E-46 4.14E-46 4.36E-46 4.41E-46
 4.43E-46 4.45E-46 4.46E-46 4.47E-46 4.47E-46 4.47E-46
 1.11E-60 1.39E-55 1.61E-51 1.69E-48 2.51E-47 4.14E-47 4.36E-47 4.41E-47
 4.43E-47 4.45E-47 4.47E-47 4.48E-47 4.48E-47 4.48E-47
 1.11E-61 1.39E-56 1.61E-52 1.69E-49 2.51E-48 4.14E-48 4.36E-48 4.41E-48
 4.43E-48 4.45E-48 4.47E-48 4.48E-48 4.48E-48 4.49E-48
 1.11E-62 1.39E-57 1.61E-53 1.69E-50 2.51E-49 4.14E-49 4.36E-49 4.41E-49
 4.44E-49 4.45E-49 4.47E-49 4.48E-49 4.48E-49 4.49E-49
  62.0551    7  14 /pl=01:ss=17:pb= 1:sz=17/type=excit/ispb = t/isel =    5
 1.00E+10 1.00E+11 1.00E+12 1.00E+13 1.00E+14 1.00E+15 1.00E+16
 5.58E+00 8.38E+00 1.40E+01 2.79E+01 5.58E+01 1.40E+02 2.79E+02 4.19E+02
 5.58E+02 8.38E+02 1.40E+03 2.79E+03 5.58E+03 8.38E+03
 1.17E-56 1.35E-51 1.44E-47 1.37E-44 2.01E-43 3.23E-43 3.21E-43 3.13E-43
 3.06E-43 2.96E-43 2.83E-43 2.67E-43 2.52E-43 2.44E-43
 1.32E-57 1.56E-52 1.70E-48 1.70E-45 2.48E-44 4.02E-44 4.17E-44 4.17E-44
 4.15E-44 4.11E-44 4.04E-44 3.91E-44 3.75E-44 3.65E-44
 1.34E-58 1.58E-53 1.74E-49 1.75E-46 2.55E-45 4.16E-45 4.36E-45 4.40E-45
 4.41E-45 4.42E-45 4.42E-45 4.41E-45 4.38E-45 4.36E-45
 1.34E-59 1.59E-54 1.74E-50 1.75E-47 2.55E-46 4.18E-46 4.38E-46 4.42E-46
 4.44E-46 4.46E-46 4.47E-46 4.47E-46 4.47E-46 4.47E-46
 1.34E-60 1.59E-55 1.74E-51 1.75E-48 2.55E-47 4.18E-47 4.38E-47 4.42E-47
 4.44E-47 4.46E-47 4.47E-47 4.48E-47 4.48E-47 4.49E-47
 1.34E-61 1.59E-56 1.74E-52 1.75E-49 2.55E-48 4.18E-48 4.38E-48 4.42E-48
 4.44E-48 4.46E-48 4.47E-48 4.48E-48 4.49E-48 4.49E-48
 1.34E-62 1.59E-57 1.74E-53 1.75E-50 2.55E-49 4.18E-49 4.38E-49 4.42E-49
 4.44E-49 4.46E-49 4.47E-49 4.48E-49 4.49E-49 4.49E-49
  62.1553    7  14 /pl=01:ss=17:pb= 1:sz=17/type=excit/ispb = t/isel =    6
 1.00E+10 1.00E+11 1.00E+12 1.00E+13 1.00E+14 1.00E+15 1.00E+16
 5.58E+00 8.38E+00 1.40E+01 2.79E+01 5.58E+01 1.40E+02 2.79E+02 4.19E+02
 5.58E+02 8.38E+02 1.40E+03 2.79E+03 5.58E+03 8.38E+03
 1.36E-56 1.54E-51 1.60E-47 1.49E-44 2.16E-43 3.42E-43 3.36E-43 3.26E-43
 3.18E-43 3.06E-43 2.91E-43 2.72E-43 2.56E-43 2.47E-43
 1.56E-57 1.80E-52 1.94E-48 1.91E-45 2.77E-44 4.46E-44 4.59E-44 4.58E-44
 4.55E-44 4.49E-44 4.39E-44 4.22E-44 4.01E-44 3.88E-44
 1.59E-58 1.84E-53 1.99E-49 1.97E-46 2.86E-45 4.66E-45 4.87E-45 4.91E-45
 4.92E-45 4.93E-45 4.92E-45 4.90E-45 4.86E-45 4.83E-45
 1.59E-59 1.84E-54 1.99E-50 1.98E-47 2.87E-46 4.68E-46 4.90E-46 4.94E-46
 4.96E-46 4.98E-46 4.99E-46 5.00E-46 5.00E-46 5.00E-46
 1.59E-60 1.84E-55 1.99E-51 1.98E-48 2.87E-47 4.68E-47 4.90E-47 4.95E-47
 4.97E-47 4.99E-47 5.00E-47 5.01E-47 5.01E-47 5.01E-47
 1.59E-61 1.84E-56 1.99E-52 1.98E-49 2.87E-48 4.68E-48 4.90E-48 4.95E-48
 4.97E-48 4.99E-48 5.00E-48 5.01E-48 5.01E-48 5.01E-48
 1.59E-62 1.84E-57 1.99E-53 1.98E-50 2.87E-49 4.68E-49 4.90E-49 4.95E-49
 4.97E-49 4.99E-49 5.00E-49 5.01E-49 5.01E-49 5.01E-49
  62.2560    7  14 /pl=01:ss=17:pb= 1:sz=17/type=excit/ispb = t/isel =    7
 1.00E+10 1.00E+11 1.00E+12 1.00E+13 1.00E+14 1.00E+15 1.00E+16
 5.58E+00 8.38E+00 1.40E+01 2.79E+01 5.58E+01 1.40E+02 2.79E+02 4.19E+02
 5.58E+02 8.38E+02 1.40E+03 2.79E+03 5.58E+03 8.38E+03
 1.56E-56 1.72E-51 1.76E-47 1.61E-44 2.30E-43 3.58E-43 3.49E-43 3.37E-43
 3.27E-43 3.14E-43 2.97E-43 2.76E-43 2.59E-43 2.50E-43
 1.83E-57 2.07E-52 2.19E-48 2.13E-45 3.05E-44 4.89E-44 5.01E-44 4.98E-44
 4.94E-44 4.86E-44 4.72E-44 4.50E-44 4.25E-44 4.08E-44
 1.86E-58 2.11E-53 2.25E-49 2.21E-46 3.18E-45 5.15E-45 5.38E-45 5.42E-45
 5.43E-45 5.43E-45 5.42E-45 5.39E-45 5.34E-45 5.30E-45
 1.86E-59 2.11E-54 2.25E-50 2.21E-47 3.19E-46 5.18E-46 5.42E-46 5.47E-46
 5.49E-46 5.51E-46 5.52E-46 5.52E-46 5.52E-46 5.52E-46
 1.86E-60 2.11E-55 2.25E-51 2.22E-48 3.19E-47 5.18E-47 5.42E-47 5.47E-47
 5.49E-47 5.51E-47 5.53E-47 5.54E-47 5.54E-47 5.54E-47
 1.86E-61 2.12E-56 2.26E-52 2.22E-49 3.19E-48 5.18E-48 5.42E-48 5.47E-48
 5.50E-48 5.51E-48 5.53E-48 5.54E-48 5.54E-48 5.54E-48
 1.86E-62 2.12E-57 2.26E-53 2.22E-50 3.19E-49 5.18E-49 5.42E-49 5.47E-49
 5.50E-49 5.51E-49 5.53E-49 5.54E-49 5.54E-49 5.54E-49
  63.0608    7  14 /pl=01:ss=17:pb= 1:sz=17/type=excit/ispb = t/isel =    8
 1.00E+10 1.00E+11 1.00E+12 1.00E+13 1.00E+14 1.00E+15 1.00E+16
 5.58E+00 8.38E+00 1.40E+01 2.79E+01 5.58E+01 1.40E+02 2.79E+02 4.19E+02
 5.58E+02 8.38E+02 1.40E+03 2.79E+03 5.58E+03 8.38E+03
 2.07E-56 1.98E-51 1.81E-47 1.53E-44 2.13E-43 3.30E-43 3.25E-43 3.16E-43
 3.08E-43 2.97E-43 2.84E-43 2.67E-43 2.52E-43 2.44E-43
 2.34E-57 2.28E-52 2.14E-48 1.91E-45 2.62E-44 4.12E-44 4.21E-44 4.20E-44
 4.17E-44 4.13E-44 4.05E-44 3.91E-44 3.75E-44 3.65E-44
 2.37E-58 2.31E-53 2.19E-49 1.96E-46 2.70E-45 4.26E-45 4.41E-45 4.43E-45
 4.44E-45 4.44E-45 4.43E-45 4.41E-45 4.39E-45 4.36E-45
 2.38E-59 2.32E-54 2.19E-50 1.96E-47 2.70E-46 4.27E-46 4.43E-46 4.46E-46
 4.47E-46 4.47E-46 4.48E-46 4.48E-46 4.48E-46 4.48E-46
 2.38E-60 2.32E-55 2.19E-51 1.96E-48 2.70E-47 4.27E-47 4.43E-47 4.46E-47
 4.47E-47 4.48E-47 4.48E-47 4.49E-47 4.49E-47 4.49E-47
 2.38E-61 2.32E-56 2.19E-52 1.96E-49 2.70E-48 4.27E-48 4.43E-48 4.46E-48
 4.47E-48 4.48E-48 4.48E-48 4.49E-48 4.49E-48 4.49E-48
 2.38E-62 2.32E-57 2.19E-53 1.96E-50 2.70E-49 4.27E-49 4.43E-49 4.46E-49
 4.47E-49 4.48E-49 4.48E-49 4.49E-49 4.49E-49 4.49E-49
  63.1165    7  14 /pl=01:ss=17:pb= 1:sz=17/type=excit/ispb = t/isel =    9
 1.00E+10 1.00E+11 1.00E+12 1.00E+13 1.00E+14 1.00E+15 1.00E+16
 5.58E+00 8.38E+00 1.40E+01 2.79E+01 5.58E+01 1.40E+02 2.79E+02 4.19E+02
 5.58E+02 8.38E+02 1.40E+03 2.79E+03 5.58E+03 8.38E+03
 2.08E-56 1.97E-51 1.79E-47 1.51E-44 2.10E-43 3.26E-43 3.21E-43 3.12E-43
 3.05E-43 2.95E-43 2.82E-43 2.66E-43 2.51E-43 2.43E-43
 2.35E-57 2.26E-52 2.11E-48 1.86E-45 2.56E-44 4.01E-44 4.11E-44 4.09E-44
 4.07E-44 4.03E-44 3.96E-44 3.83E-44 3.69E-44 3.59E-44
 2.38E-58 2.29E-53 2.15E-49 1.91E-46 2.63E-45 4.14E-45 4.28E-45 4.30E-45
 4.31E-45 4.31E-45 4.30E-45 4.29E-45 4.26E-45 4.24E-45
 2.38E-59 2.30E-54 2.15E-50 1.92E-47 2.63E-46 4.15E-46 4.30E-46 4.33E-46
 4.34E-46 4.34E-46 4.35E-46 4.35E-46 4.35E-46 4.34E-46
 2.38E-60 2.30E-55 2.15E-51 1.92E-48 2.63E-47 4.15E-47 4.30E-47 4.33E-47
 4.34E-47 4.35E-47 4.35E-47 4.35E-47 4.35E-47 4.36E-47
 2.38E-61 2.30E-56 2.15E-52 1.92E-49 2.63E-48 4.15E-48 4.30E-48 4.33E-48
 4.34E-48 4.35E-48 4.35E-48 4.35E-48 4.36E-48 4.36E-48
 2.38E-62 2.30E-57 2.15E-53 1.92E-50 2.63E-49 4.15E-49 4.30E-49 4.33E-49
 4.34E-49 4.35E-49 4.35E-49 4.35E-49 4.36E-49 4.36E-49
  63.2762    7  14 /pl=01:ss=17:pb= 1:sz=17/type=excit/ispb = t/isel =   10
 1.00E+10 1.00E+11 1.00E+12 1.00E+13 1.00E+14 1.00E+15 1.00E+16
 5.58E+00 8.38E+00 1.40E+01 2.79E+01 5.58E+01 1.40E+02 2.79E+02 4.19E+02
 5.58E+02 8.38E+02 1.40E+03 2.79E+03 5.58E+03 8.38E+03
 2.56E-56 2.34E-51 2.06E-47 1.70E-44 2.30E-43 3.50E-43 3.40E-43 3.29E-43
 3.20E-43 3.07E-43 2.91E-43 2.72E-43 2.56E-43 2.47E-43
 2.94E-57 2.75E-52 2.50E-48 2.17E-45 2.95E-44 4.57E-44 4.65E-44 4.62E-44
 4.58E-44 4.51E-44 4.40E-44 4.22E-44 4.01E-44 3.88E-44
 2.99E-58 2.80E-53 2.56E-49 2.24E-46 3.05E-45 4.77E-45 4.93E-45 4.95E-45
 4.95E-45 4.95E-45 4.94E-45 4.91E-45 4.87E-45 4.84E-45
 3.00E-59 2.81E-54 2.57E-50 2.25E-47 3.06E-46 4.80E-46 4.96E-46 4.99E-46
 5.00E-46 5.00E-46 5.00E-46 5.00E-46 5.00E-46 5.00E-46
 3.00E-60 2.81E-55 2.57E-51 2.25E-48 3.06E-47 4.80E-47 4.96E-47 4.99E-47
 5.00E-47 5.01E-47 5.01E-47 5.01E-47 5.01E-47 5.01E-47
 3.00E-61 2.81E-56 2.57E-52 2.25E-49 3.06E-48 4.80E-48 4.96E-48 4.99E-48
 5.00E-48 5.01E-48 5.01E-48 5.02E-48 5.02E-48 5.02E-48
 3.00E-62 2.81E-57 2.57E-53 2.25E-50 3.06E-49 4.80E-49 4.96E-49 4.99E-49
 5.00E-49 5.01E-49 5.01E-49 5.02E-49 5.02E-49 5.02E-49
  63.3484    7  14 /pl=01:ss=17:pb= 1:sz=17/type=excit/ispb = t/isel =   11
 1.00E+10 1.00E+11 1.00E+12 1.00E+13 1.00E+14 1.00E+15 1.00E+16
 5.58E+00 8.38E+00 1.40E+01 2.79E+01 5.58E+01 1.40E+02 2.79E+02 4.19E+02
 5.58E+02 8.38E+02 1.40E+03 2.79E+03 5.58E+03 8.38E+03
 2.89E-56 2.60E-51 2.25E-47 1.82E-44 2.45E-43 3.67E-43 3.54E-43 3.40E-43
 3.29E-43 3.15E-43 2.98E-43 2.77E-43 2.59E-43 2.50E-43
 3.38E-57 3.11E-52 2.80E-48 2.41E-45 3.25E-44 5.01E-44 5.07E-44 5.02E-44
 4.97E-44 4.88E-44 4.73E-44 4.51E-44 4.25E-44 4.09E-44
 3.44E-58 3.18E-53 2.88E-49 2.50E-46 3.38E-45 5.28E-45 5.44E-45 5.46E-45
 5.46E-45 5.46E-45 5.44E-45 5.40E-45 5.34E-45 5.30E-45
 3.45E-59 3.19E-54 2.88E-50 2.50E-47 3.39E-46 5.31E-46 5.49E-46 5.51E-46
 5.52E-46 5.53E-46 5.53E-46 5.53E-46 5.52E-46 5.52E-46
 3.45E-60 3.19E-55 2.88E-51 2.51E-48 3.39E-47 5.31E-47 5.49E-47 5.52E-47
 5.53E-47 5.54E-47 5.54E-47 5.54E-47 5.54E-47 5.54E-47
 3.45E-61 3.19E-56 2.88E-52 2.51E-49 3.40E-48 5.31E-48 5.49E-48 5.52E-48
 5.53E-48 5.54E-48 5.54E-48 5.54E-48 5.54E-48 5.54E-48
 3.45E-62 3.19E-57 2.88E-53 2.51E-50 3.40E-49 5.31E-49 5.49E-49 5.52E-49
 5.53E-49 5.54E-49 5.54E-49 5.54E-49 5.54E-49 5.54E-49
  63.3685    7  14 /pl=01:ss=17:pb= 1:sz=17/type=excit/ispb = t/isel =   12
 1.00E+10 1.00E+11 1.00E+12 1.00E+13 1.00E+14 1.00E+15 1.00E+16
 5.58E+00 8.38E+00 1.40E+01 2.79E+01 5.58E+01 1.40E+02 2.79E+02 4.19E+02
 5.58E+02 8.38E+02 1.40E+03 2.79E+03 5.58E+03 8.38E+03
 2.69E-56 2.42E-51 2.10E-47 1.71E-44 2.31E-43 3.51E-43 3.41E-43 3.29E-43
 3.20E-43 3.07E-43 2.91E-43 2.72E-43 2.56E-43 2.47E-43
 3.10E-57 2.85E-52 2.55E-48 2.19E-45 2.96E-44 4.58E-44 4.66E-44 4.62E-44
 4.58E-44 4.51E-44 4.40E-44 4.22E-44 4.01E-44 3.88E-44
 3.15E-58 2.90E-53 2.61E-49 2.26E-46 3.06E-45 4.78E-45 4.93E-45 4.95E-45
 4.95E-45 4.95E-45 4.94E-45 4.91E-45 4.87E-45 4.84E-45
 3.15E-59 2.90E-54 2.62E-50 2.27E-47 3.07E-46 4.81E-46 4.97E-46 4.99E-46
 5.00E-46 5.00E-46 5.01E-46 5.00E-46 5.00E-46 5.00E-46
 3.15E-60 2.90E-55 2.62E-51 2.27E-48 3.07E-47 4.81E-47 4.97E-47 4.99E-47
 5.00E-47 5.01E-47 5.01E-47 5.01E-47 5.01E-47 5.01E-47
 3.15E-61 2.90E-56 2.62E-52 2.27E-49 3.08E-48 4.81E-48 4.97E-48 4.99E-48
 5.00E-48 5.01E-48 5.01E-48 5.02E-48 5.02E-48 5.02E-48
 3.15E-62 2.90E-57 2.62E-53 2.27E-50 3.08E-49 4.81E-49 4.97E-49 4.99E-49
 5.00E-49 5.01E-49 5.01E-49 5.02E-49 5.02E-49 5.02E-49
  63.4489    7  14 /pl=01:ss=17:pb= 1:sz=17/type=excit/ispb = t/isel =   13
 1.00E+10 1.00E+11 1.00E+12 1.00E+13 1.00E+14 1.00E+15 1.00E+16
 5.58E+00 8.38E+00 1.40E+01 2.79E+01 5.58E+01 1.40E+02 2.79E+02 4.19E+02
 5.58E+02 8.38E+02 1.40E+03 2.79E+03 5.58E+03 8.38E+03
 2.31E-56 2.06E-51 1.79E-47 1.47E-44 2.01E-43 3.12E-43 3.09E-43 3.02E-43
 2.96E-43 2.87E-43 2.75E-43 2.61E-43 2.48E-43 2.41E-43
 2.57E-57 2.33E-52 2.07E-48 1.77E-45 2.38E-44 3.70E-44 3.79E-44 3.78E-44
 3.76E-44 3.73E-44 3.68E-44 3.59E-44 3.47E-44 3.39E-44
 2.60E-58 2.36E-53 2.10E-49 1.81E-46 2.43E-45 3.79E-45 3.91E-45 3.93E-45
 3.93E-45 3.93E-45 3.93E-45 3.92E-45 3.90E-45 3.88E-45
 2.60E-59 2.36E-54 2.11E-50 1.81E-47 2.44E-46 3.80E-46 3.92E-46 3.94E-46
 3.95E-46 3.95E-46 3.96E-46 3.96E-46 3.95E-46 3.95E-46
 2.60E-60 2.36E-55 2.11E-51 1.81E-48 2.44E-47 3.80E-47 3.93E-47 3.95E-47
 3.95E-47 3.96E-47 3.96E-47 3.96E-47 3.96E-47 3.96E-47
 2.60E-61 2.36E-56 2.11E-52 1.81E-49 2.44E-48 3.80E-48 3.93E-48 3.95E-48
 3.95E-48 3.96E-48 3.96E-48 3.96E-48 3.96E-48 3.96E-48
 2.60E-62 2.36E-57 2.11E-53 1.81E-50 2.44E-49 3.80E-49 3.93E-49 3.95E-49
 3.95E-49 3.96E-49 3.96E-49 3.96E-49 3.96E-49 3.96E-49
  63.4610    7  14 /pl=01:ss=17:pb= 1:sz=17/type=excit/ispb = t/isel =   14
 1.00E+10 1.00E+11 1.00E+12 1.00E+13 1.00E+14 1.00E+15 1.00E+16
 5.58E+00 8.38E+00 1.40E+01 2.79E+01 5.58E+01 1.40E+02 2.79E+02 4.19E+02
 5.58E+02 8.38E+02 1.40E+03 2.79E+03 5.58E+03 8.38E+03
 3.30E-56 2.90E-51 2.46E-47 1.96E-44 2.59E-43 3.83E-43 3.66E-43 3.50E-43
 3.38E-43 3.22E-43 3.03E-43 2.80E-43 2.61E-43 2.52E-43
 3.93E-57 3.54E-52 3.13E-48 2.66E-45 3.55E-44 5.45E-44 5.49E-44 5.41E-44
 5.34E-44 5.23E-44 5.05E-44 4.78E-44 4.47E-44 4.28E-44
 4.01E-58 3.63E-53 3.23E-49 2.77E-46 3.72E-45 5.79E-45 5.96E-45 5.97E-45
 5.97E-45 5.96E-45 5.94E-45 5.88E-45 5.81E-45 5.76E-45
 4.02E-59 3.64E-54 3.24E-50 2.78E-47 3.74E-46 5.83E-46 6.01E-46 6.04E-46
 6.05E-46 6.06E-46 6.06E-46 6.05E-46 6.05E-46 6.04E-46
 4.02E-60 3.64E-55 3.24E-51 2.78E-48 3.74E-47 5.83E-47 6.02E-47 6.05E-47
 6.06E-47 6.07E-47 6.07E-47 6.07E-47 6.07E-47 6.07E-47
 4.02E-61 3.64E-56 3.24E-52 2.78E-49 3.74E-48 5.83E-48 6.02E-48 6.05E-48
 6.06E-48 6.07E-48 6.07E-48 6.07E-48 6.07E-48 6.07E-48
 4.02E-62 3.64E-57 3.24E-53 2.78E-50 3.74E-49 5.83E-49 6.02E-49 6.05E-49
 6.06E-49 6.07E-49 6.07E-49 6.07E-49 6.07E-49 6.07E-49
  63.6184    7  14 /pl=01:ss=17:pb= 1:sz=17/type=excit/ispb = t/isel =   15
 1.00E+10 1.00E+11 1.00E+12 1.00E+13 1.00E+14 1.00E+15 1.00E+16
 5.58E+00 8.38E+00 1.40E+01 2.79E+01 5.58E+01 1.40E+02 2.79E+02 4.19E+02
 5.58E+02 8.38E+02 1.40E+03 2.79E+03 5.58E+03 8.38E+03
 2.82E-56 2.43E-51 2.04E-47 1.63E-44 2.20E-43 3.34E-43 3.27E-43 3.17E-43
 3.09E-43 2.98E-43 2.84E-43 2.67E-43 2.52E-43 2.44E-43
 3.19E-57 2.80E-52 2.42E-48 2.03E-45 2.70E-44 4.17E-44 4.24E-44 4.22E-44
 4.19E-44 4.13E-44 4.05E-44 3.92E-44 3.75E-44 3.65E-44
 3.23E-58 2.84E-53 2.47E-49 2.08E-46 2.78E-45 4.31E-45 4.43E-45 4.45E-45
 4.45E-45 4.45E-45 4.44E-45 4.42E-45 4.39E-45 4.36E-45
 3.24E-59 2.85E-54 2.48E-50 2.09E-47 2.79E-46 4.32E-46 4.46E-46 4.47E-46
 4.48E-46 4.48E-46 4.48E-46 4.48E-46 4.48E-46 4.48E-46
 3.24E-60 2.85E-55 2.48E-51 2.09E-48 2.79E-47 4.33E-47 4.46E-47 4.48E-47
 4.48E-47 4.49E-47 4.49E-47 4.49E-47 4.49E-47 4.49E-47
 3.24E-61 2.85E-56 2.48E-52 2.09E-49 2.79E-48 4.33E-48 4.46E-48 4.48E-48
 4.48E-48 4.49E-48 4.49E-48 4.49E-48 4.49E-48 4.49E-48
 3.24E-62 2.85E-57 2.48E-53 2.09E-50 2.79E-49 4.33E-49 4.46E-49 4.48E-49
 4.48E-49 4.49E-49 4.49E-49 4.49E-49 4.49E-49 4.49E-49
  63.6306    7  14 /pl=01:ss=17:pb= 1:sz=17/type=excit/ispb = t/isel =   16
 1.00E+10 1.00E+11 1.00E+12 1.00E+13 1.00E+14 1.00E+15 1.00E+16
 5.58E+00 8.38E+00 1.40E+01 2.79E+01 5.58E+01 1.40E+02 2.79E+02 4.19E+02
 5.58E+02 8.38E+02 1.40E+03 2.79E+03 5.58E+03 8.38E+03
 2.84E-56 2.44E-51 2.05E-47 1.63E-44 2.20E-43 3.35E-43 3.27E-43 3.17E-43
 3.09E-43 2.98E-43 2.84E-43 2.67E-43 2.52E-43 2.44E-43
 3.21E-57 2.81E-52 2.43E-48 2.03E-45 2.71E-44 4.17E-44 4.24E-44 4.22E-44
 4.19E-44 4.13E-44 4.05E-44 3.92E-44 3.75E-44 3.65E-44
 3.26E-58 2.86E-53 2.48E-49 2.09E-46 2.78E-45 4.31E-45 4.43E-45 4.45E-45
 4.45E-45 4.45E-45 4.44E-45 4.42E-45 4.39E-45 4.36E-45
 3.26E-59 2.86E-54 2.48E-50 2.09E-47 2.79E-46 4.33E-46 4.46E-46 4.47E-46
 4.48E-46 4.48E-46 4.48E-46 4.48E-46 4.48E-46 4.48E-46
 3.26E-60 2.86E-55 2.48E-51 2.09E-48 2.79E-47 4.33E-47 4.46E-47 4.48E-47
 4.48E-47 4.49E-47 4.49E-47 4.49E-47 4.49E-47 4.49E-47
 3.26E-61 2.86E-56 2.48E-52 2.09E-49 2.79E-48 4.33E-48 4.46E-48 4.48E-48
 4.48E-48 4.49E-48 4.49E-48 4.49E-48 4.49E-48 4.49E-48
 3.26E-62 2.86E-57 2.48E-53 2.09E-50 2.79E-49 4.33E-49 4.46E-49 4.48E-49
 4.48E-49 4.49E-49 4.49E-49 4.49E-49 4.49E-49 4.49E-49
  63.6670    7  14 /pl=01:ss=17:pb= 1:sz=17/type=excit/ispb = t/isel =   17
 1.00E+10 1.00E+11 1.00E+12 1.00E+13 1.00E+14 1.00E+15 1.00E+16
 5.58E+00 8.38E+00 1.40E+01 2.79E+01 5.58E+01 1.40E+02 2.79E+02 4.19E+02
 5.58E+02 8.38E+02 1.40E+03 2.79E+03 5.58E+03 8.38E+03
 3.95E-56 3.33E-51 2.73E-47 2.11E-44 2.74E-43 3.98E-43 3.77E-43 3.59E-43
 3.46E-43 3.28E-43 3.08E-43 2.84E-43 2.64E-43 2.54E-43
 4.77E-57 4.14E-52 3.55E-48 2.94E-45 3.88E-44 5.88E-44 5.89E-44 5.80E-44
 5.71E-44 5.56E-44 5.35E-44 5.03E-44 4.67E-44 4.45E-44
 4.88E-58 4.25E-53 3.67E-49 3.07E-46 4.09E-45 6.31E-45 6.48E-45 6.49E-45
 6.48E-45 6.47E-45 6.43E-45 6.37E-45 6.27E-45 6.21E-45
 4.89E-59 4.26E-54 3.68E-50 3.09E-47 4.11E-46 6.36E-46 6.55E-46 6.58E-46
 6.58E-46 6.59E-46 6.58E-46 6.58E-46 6.57E-46 6.56E-46
 4.89E-60 4.26E-55 3.68E-51 3.09E-48 4.11E-47 6.37E-47 6.56E-47 6.59E-47
 6.59E-47 6.60E-47 6.60E-47 6.60E-47 6.60E-47 6.60E-47
 4.89E-61 4.26E-56 3.68E-52 3.09E-49 4.11E-48 6.37E-48 6.56E-48 6.59E-48
 6.59E-48 6.60E-48 6.60E-48 6.60E-48 6.60E-48 6.60E-48
 4.89E-62 4.26E-57 3.68E-53 3.09E-50 4.11E-49 6.37E-49 6.56E-49 6.59E-49
 6.59E-49 6.60E-49 6.60E-49 6.60E-49 6.60E-49 6.60E-49
  63.7604    7  14 /pl=01:ss=17:pb= 1:sz=17/type=excit/ispb = t/isel =   18
 1.00E+10 1.00E+11 1.00E+12 1.00E+13 1.00E+14 1.00E+15 1.00E+16
 5.58E+00 8.38E+00 1.40E+01 2.79E+01 5.58E+01 1.40E+02 2.79E+02 4.19E+02
 5.58E+02 8.38E+02 1.40E+03 2.79E+03 5.58E+03 8.38E+03
 2.74E-56 2.31E-51 1.91E-47 1.52E-44 2.05E-43 3.15E-43 3.10E-43 3.02E-43
 2.96E-43 2.87E-43 2.76E-43 2.61E-43 2.48E-43 2.41E-43
 3.05E-57 2.61E-52 2.21E-48 1.83E-45 2.42E-44 3.73E-44 3.80E-44 3.79E-44
 3.77E-44 3.74E-44 3.68E-44 3.59E-44 3.47E-44 3.39E-44
 3.08E-58 2.64E-53 2.25E-49 1.87E-46 2.47E-45 3.82E-45 3.93E-45 3.94E-45
 3.94E-45 3.94E-45 3.93E-45 3.92E-45 3.90E-45 3.88E-45
 3.09E-59 2.65E-54 2.25E-50 1.87E-47 2.48E-46 3.83E-46 3.94E-46 3.95E-46
 3.96E-46 3.96E-46 3.96E-46 3.96E-46 3.95E-46 3.95E-46
 3.09E-60 2.65E-55 2.26E-51 1.87E-48 2.48E-47 3.83E-47 3.94E-47 3.95E-47
 3.96E-47 3.96E-47 3.96E-47 3.96E-47 3.96E-47 3.96E-47
 3.09E-61 2.65E-56 2.26E-52 1.87E-49 2.48E-48 3.83E-48 3.94E-48 3.95E-48
 3.96E-48 3.96E-48 3.96E-48 3.96E-48 3.96E-48 3.96E-48
 3.09E-62 2.65E-57 2.26E-53 1.87E-50 2.48E-49 3.83E-49 3.94E-49 3.95E-49
 3.96E-49 3.96E-49 3.96E-49 3.96E-49 3.96E-49 3.96E-49
  63.7848    7  14 /pl=01:ss=17:pb= 1:sz=17/type=excit/ispb = t/isel =   19
 1.00E+10 1.00E+11 1.00E+12 1.00E+13 1.00E+14 1.00E+15 1.00E+16
 5.58E+00 8.38E+00 1.40E+01 2.79E+01 5.58E+01 1.40E+02 2.79E+02 4.19E+02
 5.58E+02 8.38E+02 1.40E+03 2.79E+03 5.58E+03 8.38E+03
 2.78E-56 2.33E-51 1.92E-47 1.52E-44 2.05E-43 3.15E-43 3.10E-43 3.02E-43
 2.96E-43 2.87E-43 2.76E-43 2.61E-43 2.48E-43 2.41E-43
 3.09E-57 2.63E-52 2.23E-48 1.83E-45 2.43E-44 3.73E-44 3.80E-44 3.79E-44
 3.77E-44 3.74E-44 3.68E-44 3.59E-44 3.47E-44 3.39E-44
 3.13E-58 2.67E-53 2.26E-49 1.87E-46 2.48E-45 3.82E-45 3.93E-45 3.94E-45
 3.94E-45 3.94E-45 3.93E-45 3.92E-45 3.90E-45 3.88E-45
 3.13E-59 2.67E-54 2.27E-50 1.88E-47 2.48E-46 3.83E-46 3.94E-46 3.95E-46
 3.96E-46 3.96E-46 3.96E-46 3.96E-46 3.95E-46 3.95E-46
 3.13E-60 2.67E-55 2.27E-51 1.88E-48 2.48E-47 3.83E-47 3.94E-47 3.95E-47
 3.96E-47 3.96E-47 3.96E-47 3.96E-47 3.96E-47 3.96E-47
 3.13E-61 2.67E-56 2.27E-52 1.88E-49 2.48E-48 3.83E-48 3.94E-48 3.95E-48
 3.96E-48 3.96E-48 3.96E-48 3.96E-48 3.96E-48 3.96E-48
 3.13E-62 2.67E-57 2.27E-53 1.88E-50 2.48E-49 3.83E-49 3.94E-49 3.95E-49
 3.96E-49 3.96E-49 3.96E-49 3.96E-49 3.96E-49 3.96E-49
  63.7929    7  14 /pl=01:ss=17:pb= 1:sz=17/type=excit/ispb = t/isel =   20
 1.00E+10 1.00E+11 1.00E+12 1.00E+13 1.00E+14 1.00E+15 1.00E+16
 5.58E+00 8.38E+00 1.40E+01 2.79E+01 5.58E+01 1.40E+02 2.79E+02 4.19E+02
 5.58E+02 8.38E+02 1.40E+03 2.79E+03 5.58E+03 8.38E+03
 3.10E-56 2.59E-51 2.12E-47 1.66E-44 2.22E-43 3.36E-43 3.28E-43 3.17E-43
 3.09E-43 2.98E-43 2.84E-43 2.67E-43 2.52E-43 2.44E-43
 3.51E-57 2.98E-52 2.52E-48 2.07E-45 2.73E-44 4.18E-44 4.25E-44 4.22E-44
 4.19E-44 4.14E-44 4.05E-44 3.92E-44 3.75E-44 3.65E-44
 3.56E-58 3.03E-53 2.57E-49 2.12E-46 2.81E-45 4.33E-45 4.44E-45 4.45E-45
 4.45E-45 4.45E-45 4.44E-45 4.42E-45 4.39E-45 4.37E-45
 3.56E-59 3.04E-54 2.57E-50 2.13E-47 2.82E-46 4.34E-46 4.46E-46 4.48E-46
 4.48E-46 4.49E-46 4.48E-46 4.48E-46 4.48E-46 4.48E-46
 3.56E-60 3.04E-55 2.57E-51 2.13E-48 2.82E-47 4.34E-47 4.47E-47 4.48E-47
 4.49E-47 4.49E-47 4.49E-47 4.49E-47 4.49E-47 4.49E-47
 3.56E-61 3.04E-56 2.57E-52 2.13E-49 2.82E-48 4.34E-48 4.47E-48 4.48E-48
 4.49E-48 4.49E-48 4.49E-48 4.49E-48 4.49E-48 4.49E-48
 3.56E-62 3.04E-57 2.57E-53 2.13E-50 2.82E-49 4.34E-49 4.47E-49 4.48E-49
 4.49E-49 4.49E-49 4.49E-49 4.49E-49 4.49E-49 4.49E-49
  64.0052    7  14 /pl=01:ss=17:pb= 1:sz=17/type=excit/ispb = t/isel =   21
 1.00E+10 1.00E+11 1.00E+12 1.00E+13 1.00E+14 1.00E+15 1.00E+16
 5.58E+00 8.38E+00 1.40E+01 2.79E+01 5.58E+01 1.40E+02 2.79E+02 4.19E+02
 5.58E+02 8.38E+02 1.40E+03 2.79E+03 5.58E+03 8.38E+03
 3.48E-56 2.80E-51 2.22E-47 1.70E-44 2.24E-43 3.37E-43 3.28E-43 3.18E-43
 3.10E-43 2.98E-43 2.85E-43 2.67E-43 2.52E-43 2.44E-43
 3.94E-57 3.22E-52 2.64E-48 2.12E-45 2.76E-44 4.20E-44 4.26E-44 4.23E-44
 4.20E-44 4.14E-44 4.06E-44 3.92E-44 3.76E-44 3.65E-44
 3.99E-58 3.27E-53 2.69E-49 2.17E-46 2.84E-45 4.35E-45 4.45E-45 4.46E-45
 4.46E-45 4.45E-45 4.44E-45 4.42E-45 4.39E-45 4.37E-45
 4.00E-59 3.28E-54 2.70E-50 2.18E-47 2.85E-46 4.36E-46 4.47E-46 4.49E-46
 4.49E-46 4.49E-46 4.49E-46 4.48E-46 4.48E-46 4.48E-46
 4.00E-60 3.28E-55 2.70E-51 2.18E-48 2.85E-47 4.36E-47 4.48E-47 4.49E-47
 4.49E-47 4.49E-47 4.49E-47 4.49E-47 4.49E-47 4.49E-47
 4.00E-61 3.28E-56 2.70E-52 2.18E-49 2.85E-48 4.36E-48 4.48E-48 4.49E-48
 4.49E-48 4.49E-48 4.49E-48 4.49E-48 4.49E-48 4.49E-48
 4.00E-62 3.28E-57 2.70E-53 2.18E-50 2.85E-49 4.36E-49 4.48E-49 4.49E-49
 4.49E-49 4.49E-49 4.49E-49 4.49E-49 4.49E-49 4.49E-49
  64.1037    7  14 /pl=01:ss=17:pb= 1:sz=17/type=excit/ispb = t/isel =   22
 1.00E+10 1.00E+11 1.00E+12 1.00E+13 1.00E+14 1.00E+15 1.00E+16
 5.58E+00 8.38E+00 1.40E+01 2.79E+01 5.58E+01 1.40E+02 2.79E+02 4.19E+02
 5.58E+02 8.38E+02 1.40E+03 2.79E+03 5.58E+03 8.38E+03
 4.37E-56 3.42E-51 2.66E-47 1.98E-44 2.55E-43 3.73E-43 3.57E-43 3.42E-43
 3.31E-43 3.16E-43 2.98E-43 2.77E-43 2.59E-43 2.50E-43
 5.11E-57 4.10E-52 3.30E-48 2.61E-45 3.38E-44 5.09E-44 5.12E-44 5.05E-44
 4.99E-44 4.89E-44 4.74E-44 4.51E-44 4.25E-44 4.09E-44
 5.20E-58 4.19E-53 3.39E-49 2.71E-46 3.52E-45 5.37E-45 5.49E-45 5.49E-45
 5.49E-45 5.47E-45 5.45E-45 5.40E-45 5.35E-45 5.30E-45
 5.21E-59 4.20E-54 3.40E-50 2.72E-47 3.54E-46 5.40E-46 5.53E-46 5.54E-46
 5.55E-46 5.54E-46 5.54E-46 5.53E-46 5.53E-46 5.52E-46
 5.21E-60 4.20E-55 3.40E-51 2.72E-48 3.54E-47 5.40E-47 5.54E-47 5.55E-47
 5.55E-47 5.55E-47 5.55E-47 5.55E-47 5.54E-47 5.54E-47
 5.21E-61 4.20E-56 3.40E-52 2.72E-49 3.54E-48 5.40E-48 5.54E-48 5.55E-48
 5.55E-48 5.55E-48 5.55E-48 5.55E-48 5.55E-48 5.55E-48
 5.21E-62 4.20E-57 3.40E-53 2.72E-50 3.54E-49 5.40E-49 5.54E-49 5.55E-49
 5.55E-49 5.55E-49 5.55E-49 5.55E-49 5.55E-49 5.55E-49
  64.1284    7  14 /pl=01:ss=17:pb= 1:sz=17/type=excit/ispb = t/isel =   23
 1.00E+10 1.00E+11 1.00E+12 1.00E+13 1.00E+14 1.00E+15 1.00E+16
 5.58E+00 8.38E+00 1.40E+01 2.79E+01 5.58E+01 1.40E+02 2.79E+02 4.19E+02
 5.58E+02 8.38E+02 1.40E+03 2.79E+03 5.58E+03 8.38E+03
 4.08E-56 3.19E-51 2.48E-47 1.86E-44 2.41E-43 3.57E-43 3.44E-43 3.31E-43
 3.21E-43 3.08E-43 2.92E-43 2.73E-43 2.56E-43 2.47E-43
 4.69E-57 3.75E-52 3.02E-48 2.38E-45 3.09E-44 4.66E-44 4.70E-44 4.65E-44
 4.60E-44 4.52E-44 4.41E-44 4.23E-44 4.01E-44 3.88E-44
 4.77E-58 3.82E-53 3.09E-49 2.46E-46 3.19E-45 4.86E-45 4.98E-45 4.98E-45
 4.98E-45 4.96E-45 4.95E-45 4.91E-45 4.87E-45 4.84E-45
 4.78E-59 3.83E-54 3.09E-50 2.47E-47 3.20E-46 4.89E-46 5.01E-46 5.02E-46
 5.02E-46 5.02E-46 5.01E-46 5.01E-46 5.00E-46 5.00E-46
 4.78E-60 3.83E-55 3.09E-51 2.47E-48 3.21E-47 4.89E-47 5.01E-47 5.02E-47
 5.02E-47 5.02E-47 5.02E-47 5.02E-47 5.02E-47 5.02E-47
 4.78E-61 3.83E-56 3.09E-52 2.47E-49 3.21E-48 4.89E-48 5.01E-48 5.02E-48
 5.02E-48 5.02E-48 5.02E-48 5.02E-48 5.02E-48 5.02E-48
 4.78E-62 3.83E-57 3.09E-53 2.47E-50 3.21E-49 4.89E-49 5.01E-49 5.02E-49
 5.02E-49 5.02E-49 5.02E-49 5.02E-49 5.02E-49 5.02E-49
  64.2561    7  14 /pl=01:ss=17:pb= 1:sz=17/type=excit/ispb = t/isel =   24
 1.00E+10 1.00E+11 1.00E+12 1.00E+13 1.00E+14 1.00E+15 1.00E+16
 5.58E+00 8.38E+00 1.40E+01 2.79E+01 5.58E+01 1.40E+02 2.79E+02 4.19E+02
 5.58E+02 8.38E+02 1.40E+03 2.79E+03 5.58E+03 8.38E+03
 3.59E-56 2.77E-51 2.13E-47 1.60E-44 2.10E-43 3.18E-43 3.12E-43 3.04E-43
 2.97E-43 2.88E-43 2.76E-43 2.61E-43 2.48E-43 2.41E-43
 3.99E-57 3.12E-52 2.46E-48 1.93E-45 2.49E-44 3.77E-44 3.82E-44 3.80E-44
 3.78E-44 3.74E-44 3.68E-44 3.59E-44 3.47E-44 3.39E-44
 4.03E-58 3.16E-53 2.51E-49 1.97E-46 2.54E-45 3.86E-45 3.95E-45 3.95E-45
 3.95E-45 3.94E-45 3.93E-45 3.92E-45 3.90E-45 3.89E-45
 4.04E-59 3.17E-54 2.51E-50 1.98E-47 2.55E-46 3.87E-46 3.96E-46 3.97E-46
 3.97E-46 3.97E-46 3.96E-46 3.96E-46 3.96E-46 3.95E-46
 4.04E-60 3.17E-55 2.51E-51 1.98E-48 2.55E-47 3.87E-47 3.96E-47 3.97E-47
 3.97E-47 3.97E-47 3.97E-47 3.96E-47 3.96E-47 3.96E-47
 4.04E-61 3.17E-56 2.51E-52 1.98E-49 2.55E-48 3.87E-48 3.96E-48 3.97E-48
 3.97E-48 3.97E-48 3.97E-48 3.96E-48 3.96E-48 3.96E-48
 4.04E-62 3.17E-57 2.51E-53 1.98E-50 2.55E-49 3.87E-49 3.96E-49 3.97E-49
 3.97E-49 3.97E-49 3.97E-49 3.96E-49 3.96E-49 3.96E-49
  64.2561    7  14 /pl=01:ss=17:pb= 1:sz=17/type=excit/ispb = t/isel =   25
 1.00E+10 1.00E+11 1.00E+12 1.00E+13 1.00E+14 1.00E+15 1.00E+16
 5.58E+00 8.38E+00 1.40E+01 2.79E+01 5.58E+01 1.40E+02 2.79E+02 4.19E+02
 5.58E+02 8.38E+02 1.40E+03 2.79E+03 5.58E+03 8.38E+03
 5.10E-56 3.87E-51 2.93E-47 2.13E-44 2.70E-43 3.90E-43 3.69E-43 3.52E-43
 3.40E-43 3.23E-43 3.04E-43 2.81E-43 2.62E-43 2.52E-43
 6.06E-57 4.73E-52 3.73E-48 2.90E-45 3.71E-44 5.54E-44 5.53E-44 5.45E-44
 5.37E-44 5.24E-44 5.06E-44 4.78E-44 4.47E-44 4.28E-44
 6.18E-58 4.84E-53 3.84E-49 3.02E-46 3.89E-45 5.89E-45 6.01E-45 6.01E-45
 6.00E-45 5.98E-45 5.95E-45 5.89E-45 5.81E-45 5.76E-45
 6.19E-59 4.85E-54 3.85E-50 3.03E-47 3.91E-46 5.93E-46 6.07E-46 6.08E-46
 6.08E-46 6.07E-46 6.07E-46 6.06E-46 6.05E-46 6.04E-46
 6.19E-60 4.86E-55 3.85E-51 3.03E-48 3.91E-47 5.93E-47 6.07E-47 6.08E-47
 6.09E-47 6.08E-47 6.08E-47 6.08E-47 6.07E-47 6.07E-47
 6.19E-61 4.86E-56 3.85E-52 3.03E-49 3.91E-48 5.93E-48 6.07E-48 6.08E-48
 6.09E-48 6.08E-48 6.08E-48 6.08E-48 6.08E-48 6.07E-48
 6.19E-62 4.86E-57 3.85E-53 3.03E-50 3.91E-49 5.93E-49 6.07E-49 6.08E-49
 6.09E-49 6.08E-49 6.08E-49 6.08E-49 6.08E-49 6.07E-49
  64.4383    7  14 /pl=01:ss=17:pb= 1:sz=17/type=excit/ispb = t/isel =   26
 1.00E+10 1.00E+11 1.00E+12 1.00E+13 1.00E+14 1.00E+15 1.00E+16
 5.58E+00 8.38E+00 1.40E+01 2.79E+01 5.58E+01 1.40E+02 2.79E+02 4.19E+02
 5.58E+02 8.38E+02 1.40E+03 2.79E+03 5.58E+03 8.38E+03
 4.92E-56 3.64E-51 2.70E-47 1.96E-44 2.49E-43 3.64E-43 3.48E-43 3.34E-43
 3.24E-43 3.10E-43 2.94E-43 2.74E-43 2.57E-43 2.48E-43
 5.69E-57 4.30E-52 3.30E-48 2.53E-45 3.22E-44 4.80E-44 4.82E-44 4.76E-44
 4.71E-44 4.62E-44 4.50E-44 4.30E-44 4.08E-44 3.93E-44
 5.78E-58 4.38E-53 3.39E-49 2.61E-46 3.33E-45 5.02E-45 5.12E-45 5.12E-45
 5.11E-45 5.10E-45 5.07E-45 5.04E-45 4.99E-45 4.96E-45
 5.79E-59 4.39E-54 3.39E-50 2.62E-47 3.34E-46 5.05E-46 5.16E-46 5.16E-46
 5.16E-46 5.16E-46 5.15E-46 5.14E-46 5.13E-46 5.13E-46
 5.79E-60 4.39E-55 3.39E-51 2.62E-48 3.34E-47 5.05E-47 5.16E-47 5.17E-47
 5.16E-47 5.16E-47 5.16E-47 5.15E-47 5.15E-47 5.15E-47
 5.79E-61 4.39E-56 3.39E-52 2.62E-49 3.35E-48 5.05E-48 5.16E-48 5.17E-48
 5.16E-48 5.16E-48 5.16E-48 5.15E-48 5.15E-48 5.15E-48
 5.79E-62 4.39E-57 3.39E-53 2.62E-50 3.35E-49 5.05E-49 5.16E-49 5.17E-49
 5.16E-49 5.16E-49 5.16E-49 5.15E-49 5.15E-49 5.15E-49
  64.4882    7  14 /pl=01:ss=17:pb= 1:sz=17/type=excit/ispb = t/isel =   27
 1.00E+10 1.00E+11 1.00E+12 1.00E+13 1.00E+14 1.00E+15 1.00E+16
 5.58E+00 8.38E+00 1.40E+01 2.79E+01 5.58E+01 1.40E+02 2.79E+02 4.19E+02
 5.58E+02 8.38E+02 1.40E+03 2.79E+03 5.58E+03 8.38E+03
 4.06E-56 3.00E-51 2.24E-47 1.64E-44 2.13E-43 3.20E-43 3.13E-43 3.04E-43
 2.97E-43 2.88E-43 2.76E-43 2.61E-43 2.48E-43 2.41E-43
 4.52E-57 3.39E-52 2.59E-48 1.98E-45 2.52E-44 3.79E-44 3.83E-44 3.81E-44
 3.79E-44 3.75E-44 3.69E-44 3.59E-44 3.47E-44 3.40E-44
 4.57E-58 3.44E-53 2.63E-49 2.02E-46 2.57E-45 3.88E-45 3.96E-45 3.96E-45
 3.95E-45 3.95E-45 3.94E-45 3.92E-45 3.90E-45 3.89E-45
 4.57E-59 3.44E-54 2.64E-50 2.03E-47 2.58E-46 3.89E-46 3.97E-46 3.97E-46
 3.97E-46 3.97E-46 3.96E-46 3.96E-46 3.96E-46 3.95E-46
 4.58E-60 3.44E-55 2.64E-51 2.03E-48 2.58E-47 3.89E-47 3.97E-47 3.97E-47
 3.97E-47 3.97E-47 3.97E-47 3.96E-47 3.96E-47 3.96E-47
 4.58E-61 3.44E-56 2.64E-52 2.03E-49 2.58E-48 3.89E-48 3.97E-48 3.98E-48
 3.97E-48 3.97E-48 3.97E-48 3.96E-48 3.96E-48 3.96E-48
 4.58E-62 3.44E-57 2.64E-53 2.03E-50 2.58E-49 3.89E-49 3.97E-49 3.98E-49
 3.97E-49 3.97E-49 3.97E-49 3.96E-49 3.96E-49 3.96E-49
  64.5840    7  14 /pl=01:ss=17:pb= 1:sz=17/type=excit/ispb = t/isel =   28
 1.00E+10 1.00E+11 1.00E+12 1.00E+13 1.00E+14 1.00E+15 1.00E+16
 5.58E+00 8.38E+00 1.40E+01 2.79E+01 5.58E+01 1.40E+02 2.79E+02 4.19E+02
 5.58E+02 8.38E+02 1.40E+03 2.79E+03 5.58E+03 8.38E+03
 4.64E-56 3.36E-51 2.46E-47 1.77E-44 2.27E-43 3.36E-43 3.26E-43 3.16E-43
 3.08E-43 2.96E-43 2.83E-43 2.66E-43 2.51E-43 2.44E-43
 5.22E-57 3.85E-52 2.90E-48 2.19E-45 2.77E-44 4.14E-44 4.17E-44 4.14E-44
 4.10E-44 4.05E-44 3.97E-44 3.84E-44 3.69E-44 3.59E-44
 5.29E-58 3.91E-53 2.96E-49 2.24E-46 2.84E-45 4.27E-45 4.35E-45 4.35E-45
 4.34E-45 4.33E-45 4.32E-45 4.30E-45 4.27E-45 4.25E-45
 5.30E-59 3.91E-54 2.96E-50 2.25E-47 2.85E-46 4.29E-46 4.37E-46 4.37E-46
 4.37E-46 4.37E-46 4.36E-46 4.35E-46 4.35E-46 4.35E-46
 5.30E-60 3.92E-55 2.96E-51 2.25E-48 2.85E-47 4.29E-47 4.37E-47 4.38E-47
 4.37E-47 4.37E-47 4.37E-47 4.36E-47 4.36E-47 4.36E-47
 5.30E-61 3.92E-56 2.96E-52 2.25E-49 2.85E-48 4.29E-48 4.37E-48 4.38E-48
 4.37E-48 4.37E-48 4.37E-48 4.36E-48 4.36E-48 4.36E-48
 5.30E-62 3.92E-57 2.96E-53 2.25E-50 2.85E-49 4.29E-49 4.37E-49 4.38E-49
 4.37E-49 4.37E-49 4.37E-49 4.36E-49 4.36E-49 4.36E-49
  64.6926    7  14 /pl=01:ss=17:pb= 1:sz=17/type=excit/ispb = t/isel =   29
 1.00E+10 1.00E+11 1.00E+12 1.00E+13 1.00E+14 1.00E+15 1.00E+16
 5.58E+00 8.38E+00 1.40E+01 2.79E+01 5.58E+01 1.40E+02 2.79E+02 4.19E+02
 5.58E+02 8.38E+02 1.40E+03 2.79E+03 5.58E+03 8.38E+03
 6.32E-56 4.45E-51 3.16E-47 2.21E-44 2.74E-43 3.90E-43 3.68E-43 3.51E-43
 3.38E-43 3.22E-43 3.03E-43 2.80E-43 2.61E-43 2.51E-43
 7.49E-57 5.41E-52 4.00E-48 2.97E-45 3.72E-44 5.48E-44 5.46E-44 5.37E-44
 5.29E-44 5.16E-44 4.99E-44 4.72E-44 4.42E-44 4.23E-44
 7.63E-58 5.53E-53 4.12E-49 3.09E-46 3.89E-45 5.82E-45 5.91E-45 5.90E-45
 5.89E-45 5.86E-45 5.83E-45 5.77E-45 5.70E-45 5.65E-45
 7.65E-59 5.55E-54 4.13E-50 3.10E-47 3.91E-46 5.86E-46 5.96E-46 5.96E-46
 5.96E-46 5.95E-46 5.94E-46 5.93E-46 5.92E-46 5.91E-46
 7.65E-60 5.55E-55 4.13E-51 3.11E-48 3.91E-47 5.86E-47 5.97E-47 5.97E-47
 5.97E-47 5.96E-47 5.95E-47 5.95E-47 5.94E-47 5.94E-47
 7.65E-61 5.55E-56 4.13E-52 3.11E-49 3.91E-48 5.86E-48 5.97E-48 5.97E-48
 5.97E-48 5.96E-48 5.95E-48 5.95E-48 5.94E-48 5.94E-48
 7.65E-62 5.55E-57 4.14E-53 3.11E-50 3.91E-49 5.86E-49 5.97E-49 5.97E-49
 5.97E-49 5.96E-49 5.95E-49 5.95E-49 5.94E-49 5.94E-49
  64.7512    7  14 /pl=01:ss=17:pb= 1:sz=17/type=excit/ispb = t/isel =   30
 1.00E+10 1.00E+11 1.00E+12 1.00E+13 1.00E+14 1.00E+15 1.00E+16
 5.58E+00 8.38E+00 1.40E+01 2.79E+01 5.58E+01 1.40E+02 2.79E+02 4.19E+02
 5.58E+02 8.38E+02 1.40E+03 2.79E+03 5.58E+03 8.38E+03
 5.19E-56 3.65E-51 2.61E-47 1.84E-44 2.33E-43 3.43E-43 3.31E-43 3.19E-43
 3.11E-43 2.99E-43 2.85E-43 2.67E-43 2.52E-43 2.44E-43
 5.87E-57 4.20E-52 3.09E-48 2.29E-45 2.88E-44 4.27E-44 4.29E-44 4.25E-44
 4.21E-44 4.15E-44 4.06E-44 3.92E-44 3.76E-44 3.65E-44
 5.95E-58 4.27E-53 3.16E-49 2.35E-46 2.96E-45 4.42E-45 4.49E-45 4.48E-45
 4.48E-45 4.46E-45 4.45E-45 4.42E-45 4.39E-45 4.37E-45
 5.96E-59 4.28E-54 3.16E-50 2.36E-47 2.96E-46 4.43E-46 4.51E-46 4.51E-46
 4.51E-46 4.50E-46 4.49E-46 4.49E-46 4.48E-46 4.48E-46
 5.96E-60 4.28E-55 3.16E-51 2.36E-48 2.97E-47 4.43E-47 4.51E-47 4.51E-47
 4.51E-47 4.50E-47 4.50E-47 4.49E-47 4.49E-47 4.49E-47
 5.96E-61 4.28E-56 3.16E-52 2.36E-49 2.97E-48 4.43E-48 4.51E-48 4.51E-48
 4.51E-48 4.50E-48 4.50E-48 4.49E-48 4.49E-48 4.49E-48
 5.96E-62 4.28E-57 3.16E-53 2.36E-50 2.97E-49 4.43E-49 4.51E-49 4.51E-49
 4.51E-49 4.51E-49 4.50E-49 4.49E-49 4.49E-49 4.49E-49
  64.8058    7  14 /pl=01:ss=17:pb= 1:sz=17/type=excit/ispb = t/isel =   31
 1.00E+10 1.00E+11 1.00E+12 1.00E+13 1.00E+14 1.00E+15 1.00E+16
 5.58E+00 8.38E+00 1.40E+01 2.79E+01 5.58E+01 1.40E+02 2.79E+02 4.19E+02
 5.58E+02 8.38E+02 1.40E+03 2.79E+03 5.58E+03 8.38E+03
 5.86E-56 4.07E-51 2.87E-47 2.00E-44 2.50E-43 3.62E-43 3.46E-43 3.32E-43
 3.22E-43 3.09E-43 2.92E-43 2.73E-43 2.56E-43 2.47E-43
 6.74E-57 4.78E-52 3.48E-48 2.56E-45 3.20E-44 4.73E-44 4.73E-44 4.67E-44
 4.62E-44 4.53E-44 4.42E-44 4.23E-44 4.02E-44 3.88E-44
 6.85E-58 4.87E-53 3.57E-49 2.64E-46 3.31E-45 4.94E-45 5.01E-45 5.00E-45
 4.99E-45 4.98E-45 4.95E-45 4.92E-45 4.87E-45 4.84E-45
 6.86E-59 4.88E-54 3.58E-50 2.65E-47 3.32E-46 4.96E-46 5.04E-46 5.04E-46
 5.04E-46 5.03E-46 5.02E-46 5.01E-46 5.00E-46 5.00E-46
 6.86E-60 4.88E-55 3.58E-51 2.65E-48 3.32E-47 4.96E-47 5.05E-47 5.05E-47
 5.04E-47 5.04E-47 5.03E-47 5.02E-47 5.02E-47 5.02E-47
 6.86E-61 4.88E-56 3.58E-52 2.65E-49 3.32E-48 4.96E-48 5.05E-48 5.05E-48
 5.04E-48 5.04E-48 5.03E-48 5.02E-48 5.02E-48 5.02E-48
 6.86E-62 4.88E-57 3.58E-53 2.65E-50 3.32E-49 4.96E-49 5.05E-49 5.05E-49
 5.04E-49 5.04E-49 5.03E-49 5.02E-49 5.02E-49 5.02E-49
  64.8268    7  14 /pl=01:ss=17:pb= 1:sz=17/type=excit/ispb = t/isel =   32
 1.00E+10 1.00E+11 1.00E+12 1.00E+13 1.00E+14 1.00E+15 1.00E+16
 5.58E+00 8.38E+00 1.40E+01 2.79E+01 5.58E+01 1.40E+02 2.79E+02 4.19E+02
 5.58E+02 8.38E+02 1.40E+03 2.79E+03 5.58E+03 8.38E+03
 6.43E-56 4.43E-51 3.10E-47 2.14E-44 2.65E-43 3.79E-43 3.59E-43 3.43E-43
 3.32E-43 3.17E-43 2.99E-43 2.77E-43 2.59E-43 2.50E-43
 7.52E-57 5.30E-52 3.85E-48 2.82E-45 3.52E-44 5.17E-44 5.16E-44 5.08E-44
 5.01E-44 4.90E-44 4.75E-44 4.52E-44 4.25E-44 4.09E-44
 7.65E-58 5.42E-53 3.96E-49 2.93E-46 3.66E-45 5.45E-45 5.53E-45 5.52E-45
 5.51E-45 5.48E-45 5.45E-45 5.41E-45 5.35E-45 5.30E-45
 7.67E-59 5.43E-54 3.97E-50 2.94E-47 3.68E-46 5.48E-46 5.57E-46 5.57E-46
 5.57E-46 5.56E-46 5.55E-46 5.54E-46 5.53E-46 5.52E-46
 7.67E-60 5.43E-55 3.97E-51 2.94E-48 3.68E-47 5.48E-47 5.58E-47 5.58E-47
 5.57E-47 5.57E-47 5.56E-47 5.55E-47 5.55E-47 5.55E-47
 7.67E-61 5.43E-56 3.97E-52 2.94E-49 3.68E-48 5.49E-48 5.58E-48 5.58E-48
 5.57E-48 5.57E-48 5.56E-48 5.55E-48 5.55E-48 5.55E-48
 7.67E-62 5.43E-57 3.97E-53 2.94E-50 3.68E-49 5.49E-49 5.58E-49 5.58E-49
 5.57E-49 5.57E-49 5.56E-49 5.55E-49 5.55E-49 5.55E-49
  64.8899    7  14 /pl=01:ss=17:pb= 1:sz=17/type=excit/ispb = t/isel =   33
 1.00E+10 1.00E+11 1.00E+12 1.00E+13 1.00E+14 1.00E+15 1.00E+16
 5.58E+00 8.38E+00 1.40E+01 2.79E+01 5.58E+01 1.40E+02 2.79E+02 4.19E+02
 5.58E+02 8.38E+02 1.40E+03 2.79E+03 5.58E+03 8.38E+03
 5.03E-56 3.46E-51 2.44E-47 1.71E-44 2.17E-43 3.22E-43 3.14E-43 3.05E-43
 2.98E-43 2.88E-43 2.76E-43 2.61E-43 2.48E-43 2.41E-43
 5.59E-57 3.91E-52 2.82E-48 2.06E-45 2.57E-44 3.82E-44 3.85E-44 3.82E-44
 3.79E-44 3.75E-44 3.69E-44 3.59E-44 3.47E-44 3.40E-44
 5.65E-58 3.96E-53 2.87E-49 2.11E-46 2.63E-45 3.91E-45 3.97E-45 3.97E-45
 3.96E-45 3.95E-45 3.94E-45 3.92E-45 3.90E-45 3.89E-45
 5.66E-59 3.97E-54 2.87E-50 2.11E-47 2.63E-46 3.92E-46 3.99E-46 3.98E-46
 3.98E-46 3.97E-46 3.97E-46 3.96E-46 3.96E-46 3.95E-46
 5.66E-60 3.97E-55 2.87E-51 2.11E-48 2.64E-47 3.92E-47 3.99E-47 3.99E-47
 3.98E-47 3.98E-47 3.97E-47 3.97E-47 3.96E-47 3.96E-47
 5.66E-61 3.97E-56 2.87E-52 2.11E-49 2.64E-48 3.92E-48 3.99E-48 3.99E-48
 3.98E-48 3.98E-48 3.97E-48 3.97E-48 3.96E-48 3.96E-48
 5.66E-62 3.97E-57 2.87E-53 2.11E-50 2.64E-49 3.92E-49 3.99E-49 3.99E-49
 3.98E-49 3.98E-49 3.97E-49 3.97E-49 3.96E-49 3.96E-49
  65.1011    7  14 /pl=01:ss=17:pb= 1:sz=17/type=excit/ispb = t/isel =   34
 1.00E+10 1.00E+11 1.00E+12 1.00E+13 1.00E+14 1.00E+15 1.00E+16
 5.58E+00 8.38E+00 1.40E+01 2.79E+01 5.58E+01 1.40E+02 2.79E+02 4.19E+02
 5.58E+02 8.38E+02 1.40E+03 2.79E+03 5.58E+03 8.38E+03
 6.09E-56 4.03E-51 2.75E-47 1.87E-44 2.33E-43 3.40E-43 3.28E-43 3.17E-43
 3.08E-43 2.97E-43 2.83E-43 2.66E-43 2.51E-43 2.44E-43
 6.86E-57 4.62E-52 3.24E-48 2.31E-45 2.85E-44 4.19E-44 4.20E-44 4.15E-44
 4.12E-44 4.06E-44 3.97E-44 3.84E-44 3.69E-44 3.59E-44
 6.95E-58 4.69E-53 3.30E-49 2.37E-46 2.92E-45 4.32E-45 4.37E-45 4.37E-45
 4.36E-45 4.34E-45 4.32E-45 4.30E-45 4.27E-45 4.25E-45
 6.96E-59 4.70E-54 3.30E-50 2.38E-47 2.93E-46 4.33E-46 4.39E-46 4.39E-46
 4.38E-46 4.37E-46 4.37E-46 4.36E-46 4.35E-46 4.35E-46
 6.96E-60 4.70E-55 3.31E-51 2.38E-48 2.93E-47 4.33E-47 4.40E-47 4.39E-47
 4.39E-47 4.38E-47 4.37E-47 4.36E-47 4.36E-47 4.36E-47
 6.96E-61 4.70E-56 3.31E-52 2.38E-49 2.93E-48 4.33E-48 4.40E-48 4.39E-48
 4.39E-48 4.38E-48 4.37E-48 4.36E-48 4.36E-48 4.36E-48
 6.96E-62 4.70E-57 3.31E-53 2.38E-50 2.93E-49 4.33E-49 4.40E-49 4.39E-49
 4.39E-49 4.38E-49 4.37E-49 4.36E-49 4.36E-49 4.36E-49
  65.5965    7  14 /pl=01:ss=17:pb= 1:sz=17/type=excit/ispb = t/isel =   35
 1.00E+10 1.00E+11 1.00E+12 1.00E+13 1.00E+14 1.00E+15 1.00E+16
 5.58E+00 8.38E+00 1.40E+01 2.79E+01 5.58E+01 1.40E+02 2.79E+02 4.19E+02
 5.58E+02 8.38E+02 1.40E+03 2.79E+03 5.58E+03 8.38E+03
 9.05E-56 5.46E-51 3.45E-47 2.21E-44 2.65E-43 3.73E-43 3.53E-43 3.37E-43
 3.26E-43 3.12E-43 2.95E-43 2.74E-43 2.57E-43 2.48E-43
 1.05E-56 6.45E-52 4.22E-48 2.85E-45 3.42E-44 4.92E-44 4.88E-44 4.80E-44
 4.74E-44 4.64E-44 4.51E-44 4.31E-44 4.08E-44 3.94E-44
 1.06E-57 6.58E-53 4.32E-49 2.95E-46 3.54E-45 5.15E-45 5.18E-45 5.16E-45
 5.14E-45 5.12E-45 5.09E-45 5.04E-45 4.99E-45 4.96E-45
 1.06E-58 6.59E-54 4.33E-50 2.96E-47 3.55E-46 5.17E-46 5.22E-46 5.20E-46
 5.19E-46 5.18E-46 5.16E-46 5.15E-46 5.14E-46 5.13E-46
 1.06E-59 6.59E-55 4.33E-51 2.96E-48 3.55E-47 5.18E-47 5.22E-47 5.21E-47
 5.20E-47 5.18E-47 5.17E-47 5.16E-47 5.15E-47 5.15E-47
 1.06E-60 6.59E-56 4.33E-52 2.96E-49 3.55E-48 5.18E-48 5.22E-48 5.21E-48
 5.20E-48 5.18E-48 5.17E-48 5.16E-48 5.15E-48 5.15E-48
 1.06E-61 6.59E-57 4.33E-53 2.96E-50 3.55E-49 5.18E-49 5.22E-49 5.21E-49
 5.20E-49 5.18E-49 5.17E-49 5.16E-49 5.15E-49 5.15E-49
  65.9251    7  14 /pl=01:ss=17:pb= 1:sz=17/type=excit/ispb = t/isel =   36
 1.00E+10 1.00E+11 1.00E+12 1.00E+13 1.00E+14 1.00E+15 1.00E+16
 5.58E+00 8.38E+00 1.40E+01 2.79E+01 5.58E+01 1.40E+02 2.79E+02 4.19E+02
 5.58E+02 8.38E+02 1.40E+03 2.79E+03 5.58E+03 8.38E+03
 1.05E-55 5.99E-51 3.62E-47 2.25E-44 2.65E-43 3.71E-43 3.50E-43 3.35E-43
 3.24E-43 3.10E-43 2.93E-43 2.73E-43 2.56E-43 2.48E-43
 1.21E-56 7.04E-52 4.40E-48 2.88E-45 3.39E-44 4.84E-44 4.79E-44 4.71E-44
 4.65E-44 4.55E-44 4.43E-44 4.23E-44 4.02E-44 3.88E-44
 1.23E-57 7.17E-53 4.50E-49 2.97E-46 3.51E-45 5.05E-45 5.07E-45 5.04E-45
 5.02E-45 5.00E-45 4.96E-45 4.92E-45 4.87E-45 4.84E-45
 1.23E-58 7.19E-54 4.51E-50 2.98E-47 3.52E-46 5.07E-46 5.10E-46 5.08E-46
 5.07E-46 5.05E-46 5.03E-46 5.02E-46 5.01E-46 5.00E-46
 1.23E-59 7.19E-55 4.51E-51 2.98E-48 3.52E-47 5.08E-47 5.11E-47 5.09E-47
 5.07E-47 5.05E-47 5.04E-47 5.03E-47 5.02E-47 5.02E-47
 1.23E-60 7.19E-56 4.51E-52 2.98E-49 3.52E-48 5.08E-48 5.11E-48 5.09E-48
 5.07E-48 5.06E-48 5.04E-48 5.03E-48 5.02E-48 5.02E-48
 1.23E-61 7.19E-57 4.51E-53 2.98E-50 3.52E-49 5.08E-49 5.11E-49 5.09E-49
 5.07E-49 5.06E-49 5.04E-49 5.03E-49 5.02E-49 5.02E-49
  65.9730    7  14 /pl=01:ss=17:pb= 1:sz=17/type=excit/ispb = t/isel =   37
 1.00E+10 1.00E+11 1.00E+12 1.00E+13 1.00E+14 1.00E+15 1.00E+16
 5.58E+00 8.38E+00 1.40E+01 2.79E+01 5.58E+01 1.40E+02 2.79E+02 4.19E+02
 5.58E+02 8.38E+02 1.40E+03 2.79E+03 5.58E+03 8.38E+03
 9.80E-56 5.58E-51 3.36E-47 2.09E-44 2.49E-43 3.52E-43 3.35E-43 3.22E-43
 3.13E-43 3.00E-43 2.86E-43 2.68E-43 2.52E-43 2.45E-43
 1.11E-56 6.42E-52 3.99E-48 2.60E-45 3.06E-44 4.38E-44 4.35E-44 4.29E-44
 4.24E-44 4.17E-44 4.07E-44 3.93E-44 3.76E-44 3.65E-44
 1.12E-57 6.52E-53 4.07E-49 2.67E-46 3.15E-45 4.53E-45 4.55E-45 4.52E-45
 4.51E-45 4.48E-45 4.46E-45 4.43E-45 4.39E-45 4.37E-45
 1.13E-58 6.54E-54 4.08E-50 2.68E-47 3.16E-46 4.55E-46 4.57E-46 4.55E-46
 4.54E-46 4.52E-46 4.51E-46 4.49E-46 4.48E-46 4.48E-46
 1.13E-59 6.54E-55 4.08E-51 2.68E-48 3.16E-47 4.55E-47 4.57E-47 4.55E-47
 4.54E-47 4.52E-47 4.51E-47 4.50E-47 4.49E-47 4.49E-47
 1.13E-60 6.54E-56 4.08E-52 2.68E-49 3.16E-48 4.55E-48 4.57E-48 4.55E-48
 4.54E-48 4.52E-48 4.51E-48 4.50E-48 4.49E-48 4.49E-48
 1.13E-61 6.54E-57 4.08E-53 2.68E-50 3.16E-49 4.55E-49 4.57E-49 4.55E-49
 4.54E-49 4.52E-49 4.51E-49 4.50E-49 4.49E-49 4.49E-49
  66.2308    7  14 /pl=01:ss=17:pb= 1:sz=17/type=excit/ispb = t/isel =   38
 1.00E+10 1.00E+11 1.00E+12 1.00E+13 1.00E+14 1.00E+15 1.00E+16
 5.58E+00 8.38E+00 1.40E+01 2.79E+01 5.58E+01 1.40E+02 2.79E+02 4.19E+02
 5.58E+02 8.38E+02 1.40E+03 2.79E+03 5.58E+03 8.38E+03
 1.68E-55 9.00E-51 5.11E-47 2.98E-44 3.35E-43 4.42E-43 4.03E-43 3.79E-43
 3.62E-43 3.40E-43 3.16E-43 2.89E-43 2.67E-43 2.56E-43
 2.09E-56 1.16E-51 6.90E-48 4.35E-45 5.00E-44 6.96E-44 6.74E-44 6.54E-44
 6.39E-44 6.17E-44 5.87E-44 5.44E-44 4.99E-44 4.73E-44
 2.14E-57 1.19E-52 7.17E-49 4.59E-46 5.33E-45 7.58E-45 7.57E-45 7.51E-45
 7.46E-45 7.40E-45 7.33E-45 7.21E-45 7.08E-45 6.98E-45
 2.15E-58 1.20E-53 7.20E-50 4.61E-47 5.36E-46 7.66E-46 7.67E-46 7.63E-46
 7.60E-46 7.57E-46 7.54E-46 7.51E-46 7.49E-46 7.47E-46
 2.15E-59 1.20E-54 7.20E-51 4.61E-48 5.37E-47 7.66E-47 7.68E-47 7.64E-47
 7.62E-47 7.59E-47 7.56E-47 7.54E-47 7.53E-47 7.53E-47
 2.15E-60 1.20E-55 7.20E-52 4.61E-49 5.37E-48 7.66E-48 7.68E-48 7.64E-48
 7.62E-48 7.59E-48 7.57E-48 7.55E-48 7.54E-48 7.53E-48
 2.15E-61 1.20E-56 7.20E-53 4.61E-50 5.37E-49 7.66E-49 7.68E-49 7.64E-49
 7.62E-49 7.59E-49 7.57E-49 7.55E-49 7.54E-49 7.53E-49
  66.2308    7  14 /pl=01:ss=17:pb= 1:sz=17/type=excit/ispb = t/isel =   39
 1.00E+10 1.00E+11 1.00E+12 1.00E+13 1.00E+14 1.00E+15 1.00E+16
 5.58E+00 8.38E+00 1.40E+01 2.79E+01 5.58E+01 1.40E+02 2.79E+02 4.19E+02
 5.58E+02 8.38E+02 1.40E+03 2.79E+03 5.58E+03 8.38E+03
 1.09E-55 5.94E-51 3.46E-47 2.11E-44 2.47E-43 3.48E-43 3.32E-43 3.19E-43
 3.10E-43 2.98E-43 2.84E-43 2.66E-43 2.51E-43 2.44E-43
 1.23E-56 6.81E-52 4.08E-48 2.60E-45 3.02E-44 4.29E-44 4.25E-44 4.19E-44
 4.14E-44 4.07E-44 3.98E-44 3.85E-44 3.69E-44 3.59E-44
 1.24E-57 6.91E-53 4.16E-49 2.66E-46 3.10E-45 4.42E-45 4.43E-45 4.40E-45
 4.38E-45 4.36E-45 4.33E-45 4.30E-45 4.27E-45 4.25E-45
 1.24E-58 6.92E-54 4.17E-50 2.67E-47 3.11E-46 4.44E-46 4.45E-46 4.42E-46
 4.41E-46 4.39E-46 4.38E-46 4.36E-46 4.35E-46 4.35E-46
 1.25E-59 6.92E-55 4.17E-51 2.67E-48 3.11E-47 4.44E-47 4.45E-47 4.43E-47
 4.41E-47 4.39E-47 4.38E-47 4.37E-47 4.36E-47 4.36E-47
 1.25E-60 6.92E-56 4.17E-52 2.67E-49 3.11E-48 4.44E-48 4.45E-48 4.43E-48
 4.41E-48 4.39E-48 4.38E-48 4.37E-48 4.36E-48 4.36E-48
 1.25E-61 6.92E-57 4.17E-53 2.67E-50 3.11E-49 4.44E-49 4.45E-49 4.43E-49
 4.41E-49 4.39E-49 4.38E-49 4.37E-49 4.36E-49 4.36E-49
  66.2747    7  14 /pl=01:ss=17:pb= 1:sz=17/type=excit/ispb = t/isel =   40
 1.00E+10 1.00E+11 1.00E+12 1.00E+13 1.00E+14 1.00E+15 1.00E+16
 5.58E+00 8.38E+00 1.40E+01 2.79E+01 5.58E+01 1.40E+02 2.79E+02 4.19E+02
 5.58E+02 8.38E+02 1.40E+03 2.79E+03 5.58E+03 8.38E+03
 1.03E-55 5.58E-51 3.25E-47 1.98E-44 2.33E-43 3.32E-43 3.19E-43 3.08E-43
 3.00E-43 2.90E-43 2.77E-43 2.62E-43 2.48E-43 2.41E-43
 1.14E-56 6.29E-52 3.75E-48 2.38E-45 2.76E-44 3.93E-44 3.90E-44 3.86E-44
 3.82E-44 3.77E-44 3.70E-44 3.60E-44 3.48E-44 3.40E-44
 1.16E-57 6.38E-53 3.82E-49 2.43E-46 2.82E-45 4.03E-45 4.03E-45 4.01E-45
 3.99E-45 3.97E-45 3.95E-45 3.93E-45 3.90E-45 3.89E-45
 1.16E-58 6.39E-54 3.83E-50 2.44E-47 2.83E-46 4.04E-46 4.04E-46 4.02E-46
 4.01E-46 3.99E-46 3.98E-46 3.97E-46 3.96E-46 3.96E-46
 1.16E-59 6.39E-55 3.83E-51 2.44E-48 2.83E-47 4.04E-47 4.04E-47 4.02E-47
 4.01E-47 4.00E-47 3.98E-47 3.97E-47 3.97E-47 3.96E-47
 1.16E-60 6.39E-56 3.83E-52 2.44E-49 2.83E-48 4.04E-48 4.05E-48 4.02E-48
 4.01E-48 4.00E-48 3.98E-48 3.97E-48 3.97E-48 3.96E-48
 1.16E-61 6.39E-57 3.83E-53 2.44E-50 2.83E-49 4.04E-49 4.05E-49 4.02E-49
 4.01E-49 4.00E-49 3.98E-49 3.97E-49 3.97E-49 3.96E-49
  66.3626    7  14 /pl=01:ss=17:pb= 1:sz=17/type=excit/ispb = t/isel =   41
 1.00E+10 1.00E+11 1.00E+12 1.00E+13 1.00E+14 1.00E+15 1.00E+16
 5.58E+00 8.38E+00 1.40E+01 2.79E+01 5.58E+01 1.40E+02 2.79E+02 4.19E+02
 5.58E+02 8.38E+02 1.40E+03 2.79E+03 5.58E+03 8.38E+03
 1.65E-55 8.68E-51 4.87E-47 2.83E-44 3.19E-43 4.25E-43 3.90E-43 3.68E-43
 3.53E-43 3.33E-43 3.11E-43 2.85E-43 2.64E-43 2.54E-43
 2.01E-56 1.09E-51 6.38E-48 3.97E-45 4.55E-44 6.34E-44 6.16E-44 6.00E-44
 5.88E-44 5.70E-44 5.46E-44 5.10E-44 4.72E-44 4.50E-44
 2.05E-57 1.12E-52 6.59E-49 4.16E-46 4.80E-45 6.81E-45 6.80E-45 6.74E-45
 6.71E-45 6.65E-45 6.59E-45 6.50E-45 6.40E-45 6.33E-45
 2.06E-58 1.12E-53 6.62E-50 4.18E-47 4.83E-46 6.87E-46 6.87E-46 6.84E-46
 6.81E-46 6.78E-46 6.75E-46 6.73E-46 6.71E-46 6.69E-46
 2.06E-59 1.12E-54 6.62E-51 4.18E-48 4.83E-47 6.87E-47 6.88E-47 6.84E-47
 6.82E-47 6.79E-47 6.77E-47 6.75E-47 6.74E-47 6.74E-47
 2.06E-60 1.12E-55 6.62E-52 4.18E-49 4.83E-48 6.88E-48 6.88E-48 6.85E-48
 6.82E-48 6.80E-48 6.77E-48 6.75E-48 6.74E-48 6.74E-48
 2.06E-61 1.12E-56 6.62E-53 4.18E-50 4.83E-49 6.88E-49 6.88E-49 6.85E-49
 6.82E-49 6.80E-49 6.77E-49 6.75E-49 6.74E-49 6.74E-49
  66.4553    7  14 /pl=01:ss=17:pb= 1:sz=17/type=excit/ispb = t/isel =   42
 1.00E+10 1.00E+11 1.00E+12 1.00E+13 1.00E+14 1.00E+15 1.00E+16
 5.58E+00 8.38E+00 1.40E+01 2.79E+01 5.58E+01 1.40E+02 2.79E+02 4.19E+02
 5.58E+02 8.38E+02 1.40E+03 2.79E+03 5.58E+03 8.38E+03
 1.57E-55 8.16E-51 4.55E-47 2.65E-44 3.00E-43 4.04E-43 3.75E-43 3.55E-43
 3.41E-43 3.24E-43 3.04E-43 2.80E-43 2.61E-43 2.52E-43
 1.86E-56 9.92E-52 5.76E-48 3.57E-45 4.08E-44 5.69E-44 5.56E-44 5.43E-44
 5.34E-44 5.19E-44 5.01E-44 4.73E-44 4.42E-44 4.23E-44
 1.90E-57 1.02E-52 5.93E-49 3.71E-46 4.26E-45 6.03E-45 6.02E-45 5.97E-45
 5.94E-45 5.90E-45 5.85E-45 5.78E-45 5.70E-45 5.65E-45
 1.90E-58 1.02E-53 5.95E-50 3.72E-47 4.28E-46 6.07E-46 6.07E-46 6.04E-46
 6.01E-46 5.99E-46 5.96E-46 5.94E-46 5.92E-46 5.92E-46
 1.90E-59 1.02E-54 5.95E-51 3.73E-48 4.28E-47 6.08E-47 6.08E-47 6.04E-47
 6.02E-47 6.00E-47 5.97E-47 5.96E-47 5.95E-47 5.94E-47
 1.90E-60 1.02E-55 5.95E-52 3.73E-49 4.29E-48 6.08E-48 6.08E-48 6.04E-48
 6.02E-48 6.00E-48 5.98E-48 5.96E-48 5.95E-48 5.95E-48
 1.90E-61 1.02E-56 5.95E-53 3.73E-50 4.29E-49 6.08E-49 6.08E-49 6.04E-49
 6.02E-49 6.00E-49 5.98E-49 5.96E-49 5.95E-49 5.95E-49
  66.8551    7  14 /pl=01:ss=17:pb= 1:sz=17/type=excit/ispb = t/isel =   43
 1.00E+10 1.00E+11 1.00E+12 1.00E+13 1.00E+14 1.00E+15 1.00E+16
 5.58E+00 8.38E+00 1.40E+01 2.79E+01 5.58E+01 1.40E+02 2.79E+02 4.19E+02
 5.58E+02 8.38E+02 1.40E+03 2.79E+03 5.58E+03 8.38E+03
 1.71E-55 8.36E-51 4.45E-47 2.51E-44 2.82E-43 3.82E-43 3.57E-43 3.40E-43
 3.28E-43 3.13E-43 2.95E-43 2.74E-43 2.57E-43 2.48E-43
 1.98E-56 9.87E-52 5.44E-48 3.24E-45 3.64E-44 5.05E-44 4.94E-44 4.84E-44
 4.77E-44 4.66E-44 4.52E-44 4.31E-44 4.08E-44 3.94E-44
 2.01E-57 1.01E-52 5.57E-49 3.35E-46 3.77E-45 5.28E-45 5.25E-45 5.21E-45
 5.18E-45 5.14E-45 5.10E-45 5.05E-45 5.00E-45 4.96E-45
 2.01E-58 1.01E-53 5.59E-50 3.36E-47 3.79E-46 5.31E-46 5.29E-46 5.25E-46
 5.22E-46 5.20E-46 5.17E-46 5.15E-46 5.14E-46 5.13E-46
 2.01E-59 1.01E-54 5.59E-51 3.36E-48 3.79E-47 5.31E-47 5.29E-47 5.25E-47
 5.23E-47 5.20E-47 5.18E-47 5.17E-47 5.16E-47 5.15E-47
 2.01E-60 1.01E-55 5.59E-52 3.36E-49 3.79E-48 5.31E-48 5.29E-48 5.25E-48
 5.23E-48 5.20E-48 5.18E-48 5.17E-48 5.16E-48 5.15E-48
 2.01E-61 1.01E-56 5.59E-53 3.36E-50 3.79E-49 5.31E-49 5.29E-49 5.25E-49
 5.23E-49 5.20E-49 5.18E-49 5.17E-49 5.16E-49 5.16E-49
  1246.35    7  14 /pl=01:ss=17:pb= 1:sz=17/type=excit/ispb = t/isel =   44
 1.00E+10 1.00E+11 1.00E+12 1.00E+13 1.00E+14 1.00E+15 1.00E+16
 5.58E+00 8.38E+00 1.40E+01 2.79E+01 5.58E+01 1.40E+02 2.79E+02 4.19E+02
 5.58E+02 8.38E+02 1.40E+03 2.79E+03 5.58E+03 8.38E+03
 2.49E-42 3.52E-42 4.48E-42 5.03E-42 2.64E-42 6.15E-43 3.40E-43 2.79E-43
 2.54E-43 2.32E-43 2.16E-43 2.07E-43 2.03E-43 2.02E-43
 2.53E-43 3.57E-43 4.54E-43 5.09E-43 2.50E-43 5.41E-44 2.90E-44 2.36E-44
 2.13E-44 1.92E-44 1.79E-44 1.71E-44 1.70E-44 1.71E-44
 2.54E-44 3.58E-44 4.54E-44 5.09E-44 2.48E-44 5.28E-45 2.81E-45 2.26E-45
 2.03E-45 1.82E-45 1.67E-45 1.57E-45 1.53E-45 1.52E-45
 2.54E-45 3.58E-45 4.54E-45 5.09E-45 2.48E-45 5.27E-46 2.80E-46 2.25E-46
 2.02E-46 1.81E-46 1.66E-46 1.55E-46 1.50E-46 1.49E-46
 2.54E-46 3.58E-46 4.54E-46 5.09E-46 2.48E-46 5.26E-47 2.80E-47 2.25E-47
 2.02E-47 1.81E-47 1.66E-47 1.55E-47 1.50E-47 1.49E-47
 2.54E-47 3.58E-47 4.54E-47 5.09E-47 2.48E-47 5.26E-48 2.80E-48 2.25E-48
 2.02E-48 1.81E-48 1.66E-48 1.55E-48 1.50E-48 1.48E-48
 2.54E-48 3.58E-48 4.54E-48 5.09E-48 2.48E-48 5.26E-49 2.80E-49 2.25E-49
 2.02E-49 1.81E-49 1.66E-49 1.55E-49 1.50E-49 1.48E-49
  1449.19    7  14 /pl=01:ss=17:pb= 1:sz=17/type=excit/ispb = t/isel =   45
 1.00E+10 1.00E+11 1.00E+12 1.00E+13 1.00E+14 1.00E+15 1.00E+16
 5.58E+00 8.38E+00 1.40E+01 2.79E+01 5.58E+01 1.40E+02 2.79E+02 4.19E+02
 5.58E+02 8.38E+02 1.40E+03 2.79E+03 5.58E+03 8.38E+03
 4.78E-42 6.18E-42 7.28E-42 7.64E-42 3.83E-42 8.47E-43 4.51E-43 3.62E-43
 3.24E-43 2.89E-43 2.62E-43 2.42E-43 2.29E-43 2.24E-43
 5.00E-43 6.49E-43 7.71E-43 8.20E-43 3.92E-43 8.30E-44 4.41E-44 3.55E-44
 3.19E-44 2.86E-44 2.63E-44 2.48E-44 2.41E-44 2.39E-44
 5.03E-44 6.53E-44 7.76E-44 8.26E-44 3.92E-44 8.23E-45 4.35E-45 3.50E-45
 3.14E-45 2.81E-45 2.57E-45 2.41E-45 2.34E-45 2.31E-45
 5.03E-45 6.53E-45 7.76E-45 8.27E-45 3.92E-45 8.22E-46 4.35E-46 3.49E-46
 3.13E-46 2.80E-46 2.57E-46 2.40E-46 2.32E-46 2.30E-46
 5.03E-46 6.53E-46 7.76E-46 8.27E-46 3.92E-46 8.22E-47 4.34E-47 3.49E-47
 3.13E-47 2.80E-47 2.56E-47 2.40E-47 2.32E-47 2.30E-47
 5.03E-47 6.53E-47 7.76E-47 8.27E-47 3.92E-47 8.22E-48 4.34E-48 3.49E-48
 3.13E-48 2.80E-48 2.56E-48 2.40E-48 2.32E-48 2.30E-48
 5.03E-48 6.53E-48 7.76E-48 8.27E-48 3.92E-48 8.22E-49 4.34E-49 3.49E-49
 3.13E-49 2.80E-49 2.56E-49 2.40E-49 2.32E-49 2.30E-49
  1546.62    7  14 /pl=01:ss=17:pb= 1:sz=17/type=excit/ispb = t/isel =   46
 1.00E+10 1.00E+11 1.00E+12 1.00E+13 1.00E+14 1.00E+15 1.00E+16
 5.58E+00 8.38E+00 1.40E+01 2.79E+01 5.58E+01 1.40E+02 2.79E+02 4.19E+02
 5.58E+02 8.38E+02 1.40E+03 2.79E+03 5.58E+03 8.38E+03
 4.11E-42 5.17E-42 5.98E-42 6.23E-42 3.14E-42 7.06E-43 3.83E-43 3.11E-43
 2.81E-43 2.54E-43 2.34E-43 2.21E-43 2.14E-43 2.11E-43
 4.22E-43 5.31E-43 6.15E-43 6.43E-43 3.05E-43 6.44E-44 3.43E-44 2.77E-44
 2.49E-44 2.25E-44 2.08E-44 1.98E-44 1.95E-44 1.95E-44
 4.23E-44 5.33E-44 6.17E-44 6.45E-44 3.03E-44 6.32E-45 3.34E-45 2.69E-45
 2.41E-45 2.16E-45 1.98E-45 1.85E-45 1.80E-45 1.79E-45
 4.23E-45 5.33E-45 6.17E-45 6.45E-45 3.03E-45 6.31E-46 3.33E-46 2.68E-46
 2.40E-46 2.15E-46 1.96E-46 1.84E-46 1.78E-46 1.76E-46
 4.23E-46 5.33E-46 6.17E-46 6.45E-46 3.03E-46 6.31E-47 3.33E-47 2.67E-47
 2.40E-47 2.14E-47 1.96E-47 1.84E-47 1.78E-47 1.76E-47
 4.23E-47 5.33E-47 6.17E-47 6.45E-47 3.03E-47 6.31E-48 3.33E-48 2.67E-48
 2.40E-48 2.14E-48 1.96E-48 1.84E-48 1.77E-48 1.76E-48
 4.23E-48 5.33E-48 6.17E-48 6.45E-48 3.03E-48 6.31E-49 3.33E-49 2.67E-49
 2.40E-49 2.14E-49 1.96E-49 1.84E-49 1.77E-49 1.76E-49
  2239.14    7  14 /pl=01:ss=17:pb= 1:sz=17/type=excit/ispb = t/isel =   47
 1.00E+10 1.00E+11 1.00E+12 1.00E+13 1.00E+14 1.00E+15 1.00E+16
 5.58E+00 8.38E+00 1.40E+01 2.79E+01 5.58E+01 1.40E+02 2.79E+02 4.19E+02
 5.58E+02 8.38E+02 1.40E+03 2.79E+03 5.58E+03 8.38E+03
 8.64E-42 9.32E-42 9.49E-42 8.92E-42 4.22E-42 8.99E-43 4.71E-43 3.76E-43
 3.35E-43 2.97E-43 2.68E-43 2.46E-43 2.33E-43 2.27E-43
 9.09E-43 9.85E-43 1.01E-42 9.66E-43 4.38E-43 8.95E-44 4.70E-44 3.77E-44
 3.38E-44 3.02E-44 2.77E-44 2.60E-44 2.52E-44 2.49E-44
 9.14E-44 9.91E-44 1.02E-43 9.75E-44 4.38E-44 8.90E-45 4.66E-45 3.73E-45
 3.34E-45 2.98E-45 2.73E-45 2.55E-45 2.47E-45 2.45E-45
 9.14E-45 9.92E-45 1.02E-44 9.76E-45 4.39E-45 8.89E-46 4.65E-46 3.73E-46
 3.33E-46 2.98E-46 2.72E-46 2.54E-46 2.46E-46 2.43E-46
 9.14E-46 9.92E-46 1.02E-45 9.76E-46 4.39E-46 8.89E-47 4.65E-47 3.73E-47
 3.33E-47 2.98E-47 2.72E-47 2.54E-47 2.46E-47 2.43E-47
 9.14E-47 9.92E-47 1.02E-46 9.76E-47 4.39E-47 8.89E-48 4.65E-48 3.73E-48
 3.33E-48 2.98E-48 2.72E-48 2.54E-48 2.46E-48 2.43E-48
 9.14E-48 9.92E-48 1.02E-47 9.76E-48 4.39E-48 8.89E-49 4.65E-49 3.73E-49
 3.33E-49 2.98E-49 2.72E-49 2.54E-49 2.46E-49 2.43E-49
  2432.20    7  14 /pl=01:ss=17:pb= 1:sz=17/type=excit/ispb = t/isel =   48
 1.00E+10 1.00E+11 1.00E+12 1.00E+13 1.00E+14 1.00E+15 1.00E+16
 5.58E+00 8.38E+00 1.40E+01 2.79E+01 5.58E+01 1.40E+02 2.79E+02 4.19E+02
 5.58E+02 8.38E+02 1.40E+03 2.79E+03 5.58E+03 8.38E+03
 7.92E-42 8.35E-42 8.36E-42 7.80E-42 3.70E-42 7.98E-43 4.23E-43 3.41E-43
 3.05E-43 2.73E-43 2.50E-43 2.32E-43 2.22E-43 2.18E-43
 8.21E-43 8.67E-43 8.73E-43 8.21E-43 3.69E-43 7.55E-44 3.97E-44 3.19E-44
 2.86E-44 2.57E-44 2.37E-44 2.24E-44 2.19E-44 2.18E-44
 8.24E-44 8.71E-44 8.77E-44 8.25E-44 3.68E-44 7.45E-45 3.89E-45 3.12E-45
 2.79E-45 2.49E-45 2.28E-45 2.14E-45 2.07E-45 2.05E-45
 8.24E-45 8.71E-45 8.77E-45 8.26E-45 3.68E-45 7.43E-46 3.88E-46 3.11E-46
 2.78E-46 2.48E-46 2.27E-46 2.12E-46 2.05E-46 2.03E-46
 8.24E-46 8.71E-46 8.77E-46 8.26E-46 3.68E-46 7.43E-47 3.88E-47 3.11E-47
 2.78E-47 2.48E-47 2.27E-47 2.12E-47 2.05E-47 2.03E-47
 8.24E-47 8.71E-47 8.77E-47 8.26E-47 3.68E-47 7.43E-48 3.88E-48 3.11E-48
 2.78E-48 2.48E-48 2.27E-48 2.12E-48 2.05E-48 2.03E-48
 8.24E-48 8.71E-48 8.77E-48 8.26E-48 3.68E-48 7.43E-49 3.88E-49 3.11E-49
 2.78E-49 2.48E-49 2.27E-49 2.12E-49 2.05E-49 2.03E-49
  2519.84    7  14 /pl=01:ss=17:pb= 1:sz=17/type=excit/ispb = t/isel =   49
 1.00E+10 1.00E+11 1.00E+12 1.00E+13 1.00E+14 1.00E+15 1.00E+16
 5.58E+00 8.38E+00 1.40E+01 2.79E+01 5.58E+01 1.40E+02 2.79E+02 4.19E+02
 5.58E+02 8.38E+02 1.40E+03 2.79E+03 5.58E+03 8.38E+03
 6.13E-42 6.42E-42 6.42E-42 6.02E-42 2.89E-42 6.38E-43 3.46E-43 2.83E-43
 2.56E-43 2.33E-43 2.17E-43 2.07E-43 2.03E-43 2.02E-43
 6.23E-43 6.51E-43 6.51E-43 6.09E-43 2.74E-43 5.60E-44 2.96E-44 2.39E-44
 2.15E-44 1.94E-44 1.79E-44 1.72E-44 1.70E-44 1.71E-44
 6.24E-44 6.52E-44 6.51E-44 6.10E-44 2.71E-44 5.47E-45 2.86E-45 2.29E-45
 2.05E-45 1.83E-45 1.68E-45 1.57E-45 1.53E-45 1.52E-45
 6.24E-45 6.52E-45 6.52E-45 6.10E-45 2.71E-45 5.46E-46 2.85E-46 2.28E-46
 2.04E-46 1.82E-46 1.67E-46 1.56E-46 1.51E-46 1.49E-46
 6.24E-46 6.52E-46 6.52E-46 6.10E-46 2.71E-46 5.46E-47 2.85E-47 2.28E-47
 2.04E-47 1.82E-47 1.66E-47 1.55E-47 1.50E-47 1.49E-47
 6.24E-47 6.52E-47 6.52E-47 6.10E-47 2.71E-47 5.46E-48 2.85E-48 2.28E-48
 2.04E-48 1.82E-48 1.66E-48 1.55E-48 1.50E-48 1.49E-48
 6.24E-48 6.52E-48 6.52E-48 6.10E-48 2.71E-48 5.46E-49 2.85E-49 2.28E-49
 2.04E-49 1.82E-49 1.66E-49 1.55E-49 1.50E-49 1.49E-49
  3318.95    7  14 /pl=01:ss=17:pb= 1:sz=17/type=excit/ispb = t/isel =   50
 1.00E+10 1.00E+11 1.00E+12 1.00E+13 1.00E+14 1.00E+15 1.00E+16
 5.58E+00 8.38E+00 1.40E+01 2.79E+01 5.58E+01 1.40E+02 2.79E+02 4.19E+02
 5.58E+02 8.38E+02 1.40E+03 2.79E+03 5.58E+03 8.38E+03
 9.48E-42 9.23E-42 8.67E-42 7.73E-42 3.59E-42 7.68E-43 4.08E-43 3.29E-43
 2.95E-43 2.65E-43 2.43E-43 2.27E-43 2.18E-43 2.15E-43
 9.78E-43 9.53E-43 8.99E-43 8.06E-43 3.54E-43 7.13E-44 3.74E-44 3.00E-44
 2.69E-44 2.42E-44 2.23E-44 2.11E-44 2.07E-44 2.07E-44
 9.81E-44 9.56E-44 9.02E-44 8.09E-44 3.52E-44 7.02E-45 3.65E-45 2.92E-45
 2.61E-45 2.33E-45 2.13E-45 2.00E-45 1.94E-45 1.92E-45
 9.82E-45 9.56E-45 9.03E-45 8.09E-45 3.52E-45 7.01E-46 3.64E-46 2.91E-46
 2.60E-46 2.32E-46 2.12E-46 1.98E-46 1.92E-46 1.89E-46
 9.82E-46 9.56E-46 9.03E-46 8.09E-46 3.52E-46 7.01E-47 3.64E-47 2.91E-47
 2.60E-47 2.32E-47 2.12E-47 1.98E-47 1.91E-47 1.89E-47
 9.82E-47 9.56E-47 9.03E-47 8.09E-47 3.52E-47 7.01E-48 3.64E-48 2.91E-48
 2.60E-48 2.32E-48 2.12E-48 1.98E-48 1.91E-48 1.89E-48
 9.82E-48 9.56E-48 9.03E-48 8.09E-48 3.52E-48 7.01E-49 3.64E-49 2.91E-49
 2.60E-49 2.32E-49 2.12E-49 1.98E-49 1.91E-49 1.89E-49
c-------------------------------------------------------------------------------
 
C  root partition information
C  ==========================
C
C  nuclear charge : 74
C  ion charge+1   : 18
C
C  population calculation information
C  ----------------------------------
C
C  population processing code: adas810
C
C  adf04 source file    : adf04_copmm#74_ls_40#w17.dat
C  adf18/a17_p208 file  : NULL
C
C  meta. ion. coeff. selector  : 
 
C  options  : lnorm =T  lpsel =F  lzsel =T  liosel=F
C           : lhsel =F  lrsel =F  lisel =F  lnsel =F
 
C  energy levels
C  -------------
C
C   lv      configuration    (2S+1)L(w-1/2)      energy (cm^-1)
C  ---   ------------------- --------------      --------------
c    1   60961A                (4) 6( 25.5)             0.0
c    2   60961A                (4) 0(  1.5)         19155.0
c    3   60961A                (2) 4(  8.5)         21283.0
c    4   60961A                (4) 3( 13.5)         30130.0
c    5   60961A                (2) 5( 10.5)         39685.0
c    6   60961A                (2) 7( 14.5)         41115.0
c    7   60961A                (4) 4( 17.5)         44660.0
c    8   60961A                (2) 1(  2.5)         48067.2
c    9   60961A                (2) 2(  4.5)         59819.7
c   10   60961A                (2) 6( 12.5)         64657.2
c   11   60961A                (2) 8( 16.5)         69004.0
c   12   60961A                (4) 2(  9.5)         70953.0
c   13   60961A                (2) 2(  4.5)         74304.0
c   14   60961A                (2) 5( 10.5)         80234.0
c   15   60961A                (2) 3(  6.5)         97731.0
c   16   60961A                (2) 4(  8.5)        114000.0
c   17   60961A                (2) 3(  6.5)        163352.0
c   18   60960A51E             (6) 6( 38.5)       1495772.0
c   19   60960A51E             (6) 7( 44.5)       1504772.0
c   20   60960A51E             (6) 3( 20.5)       1506472.0
c   21   60960A51E             (6) 8( 50.5)       1506872.0
c   22   60960A51E             (4) 7( 29.5)       1508872.0
c   23   60960A51E             (6) 4( 26.5)       1508972.0
c   24   60960A51E             (6) 9( 56.5)       1509872.0
c   25   60960A51E             (6) 5( 32.5)       1509872.0
c   26   60960A51E             (4) 5( 21.5)       1512672.0
c   27   60960A51E             (6) 0(  2.5)       1513172.0
c   28   60960A51E             (4) 8( 33.5)       1515772.0
c   29   60960A51E             (4) 9( 37.5)       1516872.0
c   30   60960A51E             (4) 3( 13.5)       1520572.0
c   31   60960A51E             (6) 6( 38.5)       1524472.0
c   32   60960A51E             (6) 2( 14.5)       1524672.0
c   33   60960A51E             (6) 3( 20.5)       1526572.0
c   34   60960A51E             (4) 4( 17.5)       1526872.0
c   35   60960A51E             (6) 3( 20.5)       1527372.0
c   36   60960A51E             (6) 4( 26.5)       1531072.0
c   37   60960A51E             (6) 1(  8.5)       1533872.0
c   38   60960A51E             (4) 6( 25.5)       1535172.0
c   39   60960A51E             (4) 1(  5.5)       1536072.0
c   40   60960A51E             (6) 5( 32.5)       1536072.0
c   41   60960A51E             (4) 5( 21.5)       1538572.0
c   42   60960A51E             (4) 3( 13.5)       1540672.0
c   43   60960A51E             (4) 7( 29.5)       1541072.0
c   44   60960A51E             (4) 4( 17.5)       1541172.0
c   45   60960A51E             (4) 2(  9.5)       1541272.0
c   46   60960A51E             (6) 2( 14.5)       1542272.0
c   47   60960A51E             (2)10( 20.5)       1542472.0
c   48   60960A51E             (4)10( 41.5)       1542572.0
c   49   60960A51E             (4) 9( 37.5)       1543072.0
c   50   60960A51E             (2) 9( 18.5)       1543272.0
c   51   60960A51E             (2) 6( 12.5)       1543572.0
c   52   60960A51E             (4) 8( 33.5)       1544372.0
c   53   60960A51E             (2) 8( 16.5)       1545272.0
c   54   60960A51E             (6) 7( 44.5)       1545772.0
c   55   60960A51E             (6) 4( 26.5)       1545972.0
c   56   60960A51E             (6) 3( 20.5)       1545972.0
c   57   60960A51E             (2) 4(  8.5)       1546572.0
c   58   60960A51E             (4) 3( 13.5)       1547472.0
c   59   60960A51E             (4) 5( 21.5)       1547872.0
c   60   60960A51E             (6) 5( 32.5)       1548372.0
c   61   60960A51E             (4) 4( 17.5)       1548472.0
c   62   60960A51E             (4) 6( 25.5)       1550072.0
c   63   60960A51E             (4) 7( 29.5)       1550672.0
c   64   60960A51E             (2) 5( 10.5)       1550972.0
c   65   60960A51E             (2) 5( 10.5)       1551772.0
c   66   60960A51E             (6) 6( 38.5)       1551872.0
c   67   60960A51E             (4) 4( 17.5)       1552072.0
c   68   60960A51E             (4) 4( 17.5)       1552472.0
c   69   60960A51E             (4) 4( 17.5)       1552572.0
c   70   60960A51E             (2) 6( 12.5)       1553772.0
c   71   60960A51E             (2) 6( 12.5)       1554972.0
c   72   60960A51E             (4) 1(  5.5)       1555172.0
c   73   60960A51E             (4) 5( 21.5)       1555372.0
c   74   60960A51E             (2) 3(  6.5)       1555572.0
c   75   60960A51E             (2) 0(  0.5)       1555572.0
c   76   60960A51E             (4) 1(  5.5)       1555972.0
c   77   60960A51E             (4) 7( 29.5)       1556272.0
c   78   60960A51E             (4)11( 45.5)       1556272.0
c   79   60960A51E             (2) 5( 10.5)       1556472.0
c   80   60960A51E             (2)12( 24.5)       1556472.0
c   81   60960A51E             (2)11( 22.5)       1556572.0
c   82   60960A51E             (4) 6( 25.5)       1557772.0
c   83   60960A51E             (2) 6( 12.5)       1557772.0
c   84   60960A51E             (2) 7( 14.5)       1558572.0
c   85   60960A51E             (4) 3( 13.5)       1559172.0
c   86   60960A51E             (2)10( 20.5)       1559172.0
c   87   60960A51E             (4) 2(  9.5)       1559272.0
c   88   60960A51E             (4) 9( 37.5)       1559372.0
c   89   60960A51E             (6) 1(  8.5)       1559872.0
c   90   60960A51E             (4)10( 41.5)       1559972.0
c   91   60960A51E             (2)11( 22.5)       1559972.0
c   92   60960A51E             (4) 6( 25.5)       1560272.0
c   93   60960A51E             (4) 4( 17.5)       1560472.0
c   94   60960A51E             (4) 2(  9.5)       1560972.0
c   95   60960A51E             (4) 8( 33.5)       1562372.0
c   96   60960A51E             (4) 5( 21.5)       1562672.0
c   97   60960A51E             (2) 6( 12.5)       1564072.0
c   98   60960A51E             (2) 5( 10.5)       1564072.0
c   99   60960A51E             (4) 4( 17.5)       1564172.0
c  100   60960A51E             (2) 5( 10.5)       1564372.0
c  101   60960A51E             (2) 8( 16.5)       1564672.0
c  102   60960A51E             (4) 2(  9.5)       1565372.0
c  103   60960A51E             (4) 0(  1.5)       1565572.0
c  104   60960A51E             (2) 8( 16.5)       1565572.0
c  105   60960A51E             (4) 6( 25.5)       1565872.0
c  106   60960A51E             (2) 2(  4.5)       1566172.0
c  107   60960A51E             (4) 2(  9.5)       1566672.0
c  108   60960A51E             (2) 7( 14.5)       1567172.0
c  109   60960A51E             (2)10( 20.5)       1567272.0
c  110   60960A51E             (4) 3( 13.5)       1567472.0
c  111   60960A51E             (4) 8( 33.5)       1567572.0
c  112   60960A51E             (2) 9( 18.5)       1567672.0
c  113   60960A51E             (4) 7( 29.5)       1567772.0
c  114   60960A51E             (2) 1(  2.5)       1568172.0
c  115   60960A51E             (4) 7( 29.5)       1568372.0
c  116   60960A51E             (2) 7( 14.5)       1568472.0
c  117   60960A51E             (2) 6( 12.5)       1569572.0
c  118   60960A51E             (2) 8( 16.5)       1570272.0
c  119   60960A51E             (4) 1(  5.5)       1570372.0
c  120   60960A51E             (4) 6( 25.5)       1570472.0
c  121   60960A51E             (4)12( 49.5)       1570672.0
c  122   60960A51E             (4) 5( 21.5)       1570772.0
c  123   60960A51E             (2) 5( 10.5)       1570972.0
c  124   60960A51E             (6) 4( 26.5)       1570972.0
c  125   60960A51E             (4) 5( 21.5)       1571172.0
c  126   60960A51E             (4) 8( 33.5)       1571572.0
c  127   60960A51E             (2) 0(  0.5)       1571572.0
c  128   60960A51E             (4) 8( 33.5)       1571872.0
c  129   60960A51E             (2) 4(  8.5)       1571972.0
c  130   60960A51E             (2) 9( 18.5)       1572272.0
c  131   60960A51E             (4) 5( 21.5)       1572672.0
c  132   60960A51E             (4) 5( 21.5)       1572772.0
c  133   60960A51E             (2) 3(  6.5)       1572872.0
c  134   60960A51E             (2) 3(  6.5)       1573372.0
c  135   60960A51E             (4) 2(  9.5)       1573672.0
c  136   60960A51E             (2) 7( 14.5)       1573672.0
c  137   60960A51E             (2) 3(  6.5)       1574272.0
c  138   60960A51E             (4) 3( 13.5)       1574372.0
c  139   60960A51E             (2) 7( 14.5)       1574572.0
c  140   60960A51E             (4) 3( 13.5)       1574672.0
c  141   60960A51E             (2) 8( 16.5)       1574672.0
c  142   60960A51E             (2) 9( 18.5)       1574772.0
c  143   60960A51E             (4) 4( 17.5)       1574772.0
c  144   60960A51E             (2) 6( 12.5)       1575172.0
c  145   60960A51E             (2) 4(  8.5)       1575472.0
c  146   60960A51E             (4) 5( 21.5)       1575672.0
c  147   60960A51E             (4)11( 45.5)       1575772.0
c  148   60960A51E             (4) 7( 29.5)       1576072.0
c  149   60960A51E             (2) 5( 10.5)       1576172.0
c  150   60960A51E             (2) 2(  4.5)       1576272.0
c  151   60960A51E             (2) 3(  6.5)       1576572.0
c  152   60960A51E             (4) 6( 25.5)       1576572.0
c  153   60960A51E             (2) 5( 10.5)       1576672.0
c  154   60960A51E             (4) 2(  9.5)       1577172.0
c  155   60960A51E             (2)11( 22.5)       1577272.0
c  156   60960A51E             (2) 4(  8.5)       1577872.0
c  157   60960A51E             (4) 9( 37.5)       1578072.0
c  158   60960A51E             (2) 4(  8.5)       1578172.0
c  159   60960A51E             (4)10( 41.5)       1578572.0
c  160   60960A51E             (2) 2(  4.5)       1578872.0
c  161   60960A51E             (2) 4(  8.5)       1579172.0
c  162   60960A51E             (2) 9( 18.5)       1579672.0
c  163   60960A51E             (2) 6( 12.5)       1579872.0
c  164   60960A51E             (4) 6( 25.5)       1580072.0
c  165   60960A51E             (4) 9( 37.5)       1580372.0
c  166   60960A51E             (2) 5( 10.5)       1580572.0
c  167   60960A51E             (4) 3( 13.5)       1580872.0
c  168   60960A51E             (4) 2(  9.5)       1581272.0
c  169   60960A51E             (4) 1(  5.5)       1581272.0
c  170   60960A51E             (4) 6( 25.5)       1581472.0
c  171   60960A51E             (6) 3( 20.5)       1581672.0
c  172   60960A51E             (4) 6( 25.5)       1582372.0
c  173   60960A51E             (4) 7( 29.5)       1582572.0
c  174   60960A51E             (2)10( 20.5)       1582572.0
c  175   60960A51E             (4) 7( 29.5)       1583072.0
c  176   60960A51E             (2) 4(  8.5)       1583272.0
c  177   60960A51E             (6) 2( 14.5)       1583372.0
c  178   60960A51E             (4) 6( 25.5)       1583572.0
c  179   60960A51E             (2) 4(  8.5)       1583772.0
c  180   60960A51E             (2) 3(  6.5)       1583972.0
c  181   60960A51E             (2) 1(  2.5)       1584372.0
c  182   60960A51E             (6) 5( 32.5)       1584372.0
c  183   60960A51E             (4) 2(  9.5)       1585072.0
c  184   60960A51E             (2) 3(  6.5)       1585372.0
c  185   60960A51E             (4) 8( 33.5)       1585772.0
c  186   60960A51E             (4) 4( 17.5)       1586372.0
c  187   60960A51E             (2) 2(  4.5)       1586472.0
c  188   60960A51E             (4) 3( 13.5)       1586672.0
c  189   60960A51E             (4) 2(  9.5)       1586872.0
c  190   60960A51E             (2) 2(  4.5)       1587072.0
c  191   60960A51E             (2) 4(  8.5)       1587372.0
c  192   60960A51E             (4) 2(  9.5)       1587472.0
c  193   60960A51E             (2) 1(  2.5)       1587572.0
c  194   60960A51E             (2) 6( 12.5)       1587572.0
c  195   60960A51E             (2) 6( 12.5)       1588172.0
c  196   60960A51E             (4) 3( 13.5)       1589272.0
c  197   60960A51E             (2)10( 20.5)       1589372.0
c  198   60960A51E             (2) 5( 10.5)       1589372.0
c  199   60960A51E             (2) 8( 16.5)       1589372.0
c  200   60960A51E             (4) 3( 13.5)       1589372.0
c  201   60960A51E             (2) 3(  6.5)       1589572.0
c  202   60960A51E             (2) 6( 12.5)       1590572.0
c  203   60960A51E             (2) 7( 14.5)       1591472.0
c  204   60960A51E             (2) 6( 12.5)       1592772.0
c  205   60960A51E             (2) 8( 16.5)       1592872.0
c  206   60960A51E             (4) 4( 17.5)       1593172.0
c  207   60960A51E             (4) 6( 25.5)       1593172.0
c  208   60960A51E             (6) 1(  8.5)       1593372.0
c  209   60960A51E             (2) 6( 12.5)       1593572.0
c  210   60960A51E             (2) 8( 16.5)       1593872.0
c  211   60960A51E             (2) 4(  8.5)       1594072.0
c  212   60960A51E             (2) 7( 14.5)       1594472.0
c  213   60960A51E             (4) 5( 21.5)       1594772.0
c  214   60960A51E             (2) 9( 18.5)       1594872.0
c  215   60960A51E             (2) 7( 14.5)       1595072.0
c  216   60960A51E             (2)13( 26.5)       1595172.0
c  217   60960A51E             (4) 5( 21.5)       1595472.0
c  218   60960A51E             (2) 2(  4.5)       1595572.0
c  219   60960A51E             (4) 7( 29.5)       1595972.0
c  220   60960A51E             (2) 2(  4.5)       1596272.0
c  221   60960A51E             (2) 4(  8.5)       1596372.0
c  222   60960A51E             (2) 5( 10.5)       1596372.0
c  223   60960A51E             (2) 7( 14.5)       1596772.0
c  224   60960A51E             (4) 7( 29.5)       1597272.0
c  225   60960A51E             (2) 4(  8.5)       1597372.0
c  226   60960A51E             (2) 6( 12.5)       1597472.0
c  227   60960A51E             (2) 2(  4.5)       1597872.0
c  228   60960A51E             (2) 8( 16.5)       1598172.0
c  229   60960A51E             (4) 1(  5.5)       1598372.0
c  230   60960A51E             (2)10( 20.5)       1598572.0
c  231   60960A51E             (2) 1(  2.5)       1598572.0
c  232   60960A51E             (2) 7( 14.5)       1598772.0
c  233   60960A51E             (4) 3( 13.5)       1598772.0
c  234   60960A51E             (2) 4(  8.5)       1598972.0
c  235   60960A51E             (2) 5( 10.5)       1599072.0
c  236   60960A51E             (4) 2(  9.5)       1599972.0
c  237   60960A51E             (4) 5( 21.5)       1599972.0
c  238   60960A51E             (4) 3( 13.5)       1599972.0
c  239   60960A51E             (4) 4( 17.5)       1600072.0
c  240   60960A51E             (2) 2(  4.5)       1600272.0
c  241   60960A51E             (2) 3(  6.5)       1600372.0
c  242   60960A51E             (2) 5( 10.5)       1600372.0
c  243   60960A51E             (4) 5( 21.5)       1601272.0
c  244   60960A51E             (2) 4(  8.5)       1601272.0
c  245   60960A51E             (2) 3(  6.5)       1601672.0
c  246   60960A51E             (4) 1(  5.5)       1602072.0
c  247   60960A51E             (4) 4( 17.5)       1602472.0
c  248   60960A51E             (2) 6( 12.5)       1602572.0
c  249   60960A51E             (2) 8( 16.5)       1602672.0
c  250   60960A51E             (4) 1(  5.5)       1602772.0
c  251   60960A51E             (2) 4(  8.5)       1603072.0
c  252   60960A51E             (2) 1(  2.5)       1603072.0
c  253   60960A51E             (2) 7( 14.5)       1603472.0
c  254   60960A51E             (2) 7( 14.5)       1603972.0
c  255   60960A51E             (2)10( 20.5)       1604472.0
c  256   60960A51E             (4) 1(  5.5)       1604672.0
c  257   60960A51E             (4) 6( 25.5)       1604672.0
c  258   60960A51E             (2) 9( 18.5)       1604872.0
c  259   60960A51E             (2) 6( 12.5)       1604872.0
c  260   60960A51E             (2) 7( 14.5)       1605072.0
c  261   60960A51E             (2) 6( 12.5)       1605372.0
c  262   60960A51E             (4) 2(  9.5)       1605472.0
c  263   60960A51E             (2) 8( 16.5)       1605672.0
c  264   60960A51E             (4)10( 41.5)       1606272.0
c  265   60960A51E             (2) 7( 14.5)       1606872.0
c  266   60960A51E             (4) 5( 21.5)       1607472.0
c  267   60960A51E             (2) 4(  8.5)       1607772.0
c  268   60960A51E             (2)12( 24.5)       1607772.0
c  269   60960A51E             (2) 7( 14.5)       1607972.0
c  270   60960A51E             (2) 5( 10.5)       1608072.0
c  271   60960A51E             (2) 8( 16.5)       1608272.0
c  272   60960A51E             (2) 9( 18.5)       1608772.0
c  273   60960A51E             (4) 4( 17.5)       1608872.0
c  274   60960A51E             (4) 9( 37.5)       1608872.0
c  275   60960A51E             (4) 1(  5.5)       1609272.0
c  276   60960A51E             (4) 6( 25.5)       1609272.0
c  277   60960A51E             (2) 3(  6.5)       1609572.0
c  278   60960A51E             (2) 2(  4.5)       1610072.0
c  279   60960A51E             (2) 3(  6.5)       1611072.0
c  280   60960A51E             (4) 8( 33.5)       1611472.0
c  281   60960A51E             (2) 5( 10.5)       1611772.0
c  282   60960A51E             (4) 7( 29.5)       1612672.0
c  283   60960A51E             (2) 0(  0.5)       1612872.0
c  284   60960A51E             (4) 3( 13.5)       1613272.0
c  285   60960A51E             (2) 8( 16.5)       1613672.0
c  286   60960A51E             (2) 4(  8.5)       1615672.0
c  287   60960A51E             (4) 5( 21.5)       1615772.0
c  288   60960A51E             (2) 1(  2.5)       1615972.0
c  289   60960A51E             (2) 5( 10.5)       1616072.0
c  290   60960A51E             (4) 4( 17.5)       1616272.0
c  291   60960A51E             (2)10( 20.5)       1616672.0
c  292   60960A51E             (4) 5( 21.5)       1617172.0
c  293   60960A51E             (2)11( 22.5)       1617372.0
c  294   60960A51E             (2) 2(  4.5)       1617772.0
c  295   60960A51E             (2)11( 22.5)       1617772.0
c  296   60960A51E             (2) 6( 12.5)       1618872.0
c  297   60960A51E             (2) 4(  8.5)       1618972.0
c  298   60960A51E             (2) 4(  8.5)       1618972.0
c  299   60960A51E             (4) 3( 13.5)       1619672.0
c  300   60960A51E             (4) 8( 33.5)       1620172.0
c  301   60960A51E             (4) 6( 25.5)       1620772.0
c  302   60960A51E             (2) 6( 12.5)       1620972.0
c  303   60960A51E             (2) 6( 12.5)       1621172.0
c  304   60960A51E             (2) 7( 14.5)       1621272.0
c  305   60960A51E             (2) 4(  8.5)       1621672.0
c  306   60960A51E             (2) 7( 14.5)       1622072.0
c  307   60960A51E             (2) 6( 12.5)       1623072.0
c  308   60960A51E             (2) 5( 10.5)       1623172.0
c  309   60960A51E             (4) 3( 13.5)       1623172.0
c  310   60960A51E             (4) 9( 37.5)       1623772.0
c  311   60960A51E             (4) 4( 17.5)       1623772.0
c  312   60960A51E             (2) 3(  6.5)       1623872.0
c  313   60960A51E             (2) 3(  6.5)       1624472.0
c  314   60960A51E             (2) 4(  8.5)       1624872.0
c  315   60960A51E             (2) 2(  4.5)       1624872.0
c  316   60960A51E             (2) 2(  4.5)       1626072.0
c  317   60960A51E             (2) 9( 18.5)       1626572.0
c  318   60960A51E             (2) 3(  6.5)       1627372.0
c  319   60960A51E             (4) 5( 21.5)       1627372.0
c  320   60960A51E             (2) 1(  2.5)       1627472.0
c  321   60960A51E             (2) 5( 10.5)       1627772.0
c  322   60960A51E             (2) 9( 18.5)       1627772.0
c  323   60960A51E             (2) 3(  6.5)       1627772.0
c  324   60960A51E             (2) 8( 16.5)       1628072.0
c  325   60960A51E             (4) 7( 29.5)       1628072.0
c  326   60960A51E             (2) 9( 18.5)       1629072.0
c  327   60960A51E             (2) 1(  2.5)       1629572.0
c  328   60960A51E             (4) 4( 17.5)       1629572.0
c  329   60960A51E             (4) 6( 25.5)       1629872.0
c  330   60960A51E             (2) 3(  6.5)       1630272.0
c  331   60960A51E             (2) 7( 14.5)       1630972.0
c  332   60960A51E             (4) 2(  9.5)       1631472.0
c  333   60960A51E             (4) 4( 17.5)       1631772.0
c  334   60960A51E             (2) 1(  2.5)       1631972.0
c  335   60960A51E             (2) 3(  6.5)       1632172.0
c  336   60960A51E             (4) 8( 33.5)       1632672.0
c  337   60960A51E             (4) 4( 17.5)       1632972.0
c  338   60960A51E             (4) 5( 21.5)       1633072.0
c  339   60960A51E             (2) 5( 10.5)       1633872.0
c  340   60960A51E             (2) 3(  6.5)       1633872.0
c  341   60960A51E             (4) 2(  9.5)       1634972.0
c  342   60960A51E             (4) 3( 13.5)       1635472.0
c  343   60960A51E             (2) 6( 12.5)       1635572.0
c  344   60960A51E             (2) 1(  2.5)       1635772.0
c  345   60960A51E             (2) 2(  4.5)       1636672.0
c  346   60960A51E             (4) 3( 13.5)       1636772.0
c  347   60960A51E             (2) 0(  0.5)       1637172.0
c  348   60960A51E             (2) 2(  4.5)       1638172.0
c  349   60960A51E             (4) 6( 25.5)       1638372.0
c  350   60960A51E             (2) 5( 10.5)       1639072.0
c  351   60960A51E             (2) 4(  8.5)       1639172.0
c  352   60960A51E             (4) 4( 17.5)       1639872.0
c  353   60960A51E             (2) 3(  6.5)       1640272.0
c  354   60960A51E             (4) 3( 13.5)       1640872.0
c  355   60960A51E             (4) 7( 29.5)       1641072.0
c  356   60960A51E             (2) 1(  2.5)       1641272.0
c  357   60960A51E             (2) 3(  6.5)       1642472.0
c  358   60960A51E             (4) 6( 25.5)       1642872.0
c  359   60960A51E             (4) 4( 17.5)       1643672.0
c  360   60960A51E             (2) 9( 18.5)       1644072.0
c  361   60960A51E             (2) 6( 12.5)       1644472.0
c  362   60960A51E             (2) 8( 16.5)       1644472.0
c  363   60960A51E             (2) 7( 14.5)       1644472.0
c  364   60960A51E             (2) 4(  8.5)       1644872.0
c  365   60960A51E             (2) 4(  8.5)       1645472.0
c  366   60960A51E             (2) 5( 10.5)       1645572.0
c  367   60960A51E             (2) 2(  4.5)       1646672.0
c  368   60960A51E             (2) 6( 12.5)       1647072.0
c  369   60960A51E             (2) 7( 14.5)       1647172.0
c  370   60960A51E             (2) 5( 10.5)       1647372.0
c  371   60960A51E             (2) 2(  4.5)       1647772.0
c  372   60960A51E             (2) 1(  2.5)       1648372.0
c  373   60960A51E             (2) 7( 14.5)       1648972.0
c  374   60960A51E             (2) 3(  6.5)       1649772.0
c  375   60960A51E             (4) 0(  1.5)       1650172.0
c  376   60960A51E             (4) 3( 13.5)       1650572.0
c  377   60960A51E             (2) 6( 12.5)       1651372.0
c  378   60960A51E             (2) 4(  8.5)       1651872.0
c  379   60960A51E             (2) 5( 10.5)       1651872.0
c  380   60960A51E             (2) 5( 10.5)       1652072.0
c  381   60960A51E             (2) 3(  6.5)       1652572.0
c  382   60960A51E             (2) 8( 16.5)       1652772.0
c  383   60960A51E             (2) 5( 10.5)       1653572.0
c  384   60960A51E             (2) 1(  2.5)       1655072.0
c  385   60960A51E             (2) 2(  4.5)       1656472.0
c  386   60960A51E             (2) 3(  6.5)       1656872.0
c  387   60960A51E             (4) 5( 21.5)       1657472.0
c  388   60960A51E             (2) 4(  8.5)       1657972.0
c  389   60960A51E             (2) 3(  6.5)       1658472.0
c  390   60960A51E             (4) 1(  5.5)       1659172.0
c  391   60960A51E             (2) 5( 10.5)       1660472.0
c  392   60960A51E             (2) 1(  2.5)       1661672.0
c  393   60960A51E             (2) 4(  8.5)       1663272.0
c  394   60960A51E             (4) 5( 21.5)       1667072.0
c  395   60960A51E             (4) 2(  9.5)       1668772.0
c  396   60960A51E             (2) 7( 14.5)       1669072.0
c  397   60960A51E             (2) 2(  4.5)       1669072.0
c  398   60960A51E             (2) 5( 10.5)       1671972.0
c  399   60960A51E             (2) 2(  4.5)       1674172.0
c  400   60960A51E             (2) 8( 16.5)       1676172.0
c  401   60960A51E             (4) 5( 21.5)       1676472.0
c  402   60960A51E             (2) 3(  6.5)       1676672.0
c  403   60960A51E             (2) 3(  6.5)       1677072.0
c  404   60960A51E             (4) 3( 13.5)       1677372.0
c  405   60960A51E             (4) 8( 33.5)       1677872.0
c  406   60960A51E             (4) 6( 25.5)       1678272.0
c  407   60960A51E             (4) 2(  9.5)       1679772.0
c  408   60960A51E             (4) 2(  9.5)       1680272.0
c  409   60960A51E             (2) 4(  8.5)       1681572.0
c  410   60960A51E             (4) 1(  5.5)       1683072.0
c  411   60960A51E             (2) 5( 10.5)       1683572.0
c  412   60960A51E             (2) 9( 18.5)       1683672.0
c  413   60960A51E             (2) 4(  8.5)       1684172.0
c  414   60960A51E             (4) 0(  1.5)       1684372.0
c  415   60960A51E             (2) 4(  8.5)       1685072.0
c  416   60960A51E             (4) 4( 17.5)       1686172.0
c  417   60960A51E             (4) 4( 17.5)       1686772.0
c  418   60960A51E             (2) 0(  0.5)       1687272.0
c  419   60960A51E             (2) 5( 10.5)       1687672.0
c  420   60960A51E             (2) 6( 12.5)       1688672.0
c  421   60960A51E             (4) 4( 17.5)       1689072.0
c  422   60960A51E             (2) 6( 12.5)       1689372.0
c  423   60960A51E             (2) 5( 10.5)       1689872.0
c  424   60960A51E             (4) 7( 29.5)       1690572.0
c  425   60960A51E             (2) 1(  2.5)       1691872.0
c  426   60960A51E             (2) 2(  4.5)       1692572.0
c  427   60960A51E             (2) 7( 14.5)       1692672.0
c  428   60960A51E             (2) 6( 12.5)       1693172.0
c  429   60960A51E             (2) 2(  4.5)       1697272.0
c  430   60960A51E             (2) 2(  4.5)       1697672.0
c  431   60960A51E             (2) 8( 16.5)       1699272.0
c  432   60960A51E             (2) 4(  8.5)       1700172.0
c  433   60960A51E             (2) 7( 14.5)       1701272.0
c  434   60960A51E             (2) 2(  4.5)       1705172.0
c  435   60960A51E             (2) 1(  2.5)       1705272.0
c  436   60960A51E             (4) 3( 13.5)       1705372.0
c  437   60960A51E             (2) 2(  4.5)       1706072.0
c  438   60960A51E             (4) 6( 25.5)       1706172.0
c  439   60960A51E             (2) 5( 10.5)       1710172.0
c  440   60960A51E             (2) 3(  6.5)       1710572.0
c  441   60960A51E             (2) 5( 10.5)       1711972.0
c  442   60960A51E             (2) 4(  8.5)       1712372.0
c  443   60960A51E             (2) 3(  6.5)       1713672.0
c  444   60960A51E             (2) 5( 10.5)       1714072.0
c  445   9962A                 (2) 5( 10.5)       1716272.0
c  446   60960A51E             (2) 6( 12.5)       1717872.0
c  447   60960A51E             (4) 3( 13.5)       1718772.0
c  448   60960A51E             (2) 2(  4.5)       1722272.0
c  449   60960A51E             (2) 7( 14.5)       1723772.0
c  450   60960A51E             (2) 1(  2.5)       1729272.0
c  451   60960A51E             (4) 0(  1.5)       1733672.0
c  452   60960A51E             (2) 3(  6.5)       1733672.0
c  453   60960A51E             (2) 4(  8.5)       1734872.0
c  454   60960A51E             (4) 0(  1.5)       1744172.0
c  455   9962A                 (4) 7( 29.5)       1746372.0
c  456   60960A51E             (2) 3(  6.5)       1748372.0
c  457   60960A51E             (2) 5( 10.5)       1752672.0
c  458   60960A51E             (2) 7( 14.5)       1753272.0
c  459   60960A51E             (2) 3(  6.5)       1754872.0
c  460   9962A                 (4) 4( 17.5)       1755472.0
c  461   9962A                 (4) 5( 21.5)       1755972.0
c  462   60960A51E             (2) 4(  8.5)       1764572.0
c  463   9962A                 (4) 1(  5.5)       1765872.0
c  464   60960A51E             (2) 6( 12.5)       1775872.0
c  465   60960A51E             (2) 2(  4.5)       1779172.0
c  466   60960A51E             (2) 5( 10.5)       1779372.0
c  467   60960A51E             (2) 8( 16.5)       1780272.0
c  468   9962A                 (4) 6( 25.5)       1780572.0
c  469   9962A                 (2) 6( 12.5)       1783572.0
c  470   60960A51E             (4) 2(  9.5)       1783972.0
c  471   60960A51E             (2) 1(  2.5)       1787272.0
c  472   9962A                 (2) 5( 10.5)       1793472.0
c  473   9962A                 (2) 6( 12.5)       1819172.0
c  474   60960A51E             (2) 3(  6.5)       1820872.0
c  475   60960A51E             (2) 4(  8.5)       1823072.0
c  476   9962A                 (4) 2(  9.5)       1837172.0
c  477   9962A                 (2) 7( 14.5)       1839172.0
c  478   9962A                 (4) 4( 17.5)       1853572.0
c  479   9962A                 (2) 8( 16.5)       1860372.0
c  480   9962A                 (4) 1(  5.5)       1861872.0
c  481   9962A                 (4) 5( 21.5)       1863472.0
c  482   9962A                 (4) 2(  9.5)       1867072.0
c  483   60960A51E             (2) 3(  6.5)       1868472.0
c  484   9962A                 (4) 3( 13.5)       1869372.0
c  485   9962A                 (4) 3( 13.5)       1871772.0
c  486   9962A                 (2) 4(  8.5)       1879172.0
c  487   9962A                 (2) 5( 10.5)       1889872.0
c  488   9962A                 (2) 4(  8.5)       1901172.0
c  489   9962A                 (2) 4(  8.5)       1916872.0
c  490   9962A                 (4) 3( 13.5)       1917172.0
c  491   9962A                 (2) 6( 12.5)       1977272.0
c  492   9962A                 (2) 4(  8.5)       1983472.0
c  493   9962A                 (2) 4(  8.5)       1988272.0
c  494   9962A                 (2) 5( 10.5)       2010372.0
c  495   9962A                 (2) 7( 14.5)       2032572.0
 
 
 
c-------------------------------------------------------------------------------
 
C  superstage partition information
C  ================================
C
C  element symbol   : W
C  parent template  : 
C  partition level  :  1
C  superstage label : 17
C
C  tabulation       : photon emissivity coefft (te,ne)
C  units            : ph. emis coef(cm^3 s^-1); te (ev); ne (cm^-3)
C
C  photon emissivity atomic transitions
C  ------------------------------------
C  
C   isel  wvlen(A)            transition                type  ispb nspb
C                                                             ispp nspp sz    tg pr wr
C  ----- ---------- ----------------------------------- ----- ---- ---- --    -- -- --
C      1   59.5993  405(4) 8( 33.5)-  1(4) 6( 25.5)     excit   1    1  17   405 42  1
C      2   61.2493  336(4) 8( 33.5)-  1(4) 6( 25.5)     excit   1    1  17   336 41  2
C      3   61.5850  310(4) 9( 37.5)-  1(4) 6( 25.5)     excit   1    1  17   310 27  3
C      4   61.7218  300(4) 8( 33.5)-  1(4) 6( 25.5)     excit   1    1  17   300 39  4
C      5   62.0551  280(4) 8( 33.5)-  1(4) 6( 25.5)     excit   1    1  17   280 38  5
C      6   62.1553  274(4) 9( 37.5)-  1(4) 6( 25.5)     excit   1    1  17   274 26  6
C      7   62.2560  264(4)10( 41.5)-  1(4) 6( 25.5)     excit   1    1  17   264 17  7
C      8   63.0608  185(4) 8( 33.5)-  1(4) 6( 25.5)     excit   1    1  17   185 36  8
C      9   63.1165  182(6) 5( 32.5)-  1(4) 6( 25.5)     excit   1    1  17   182 40  9
C     10   63.2762  165(4) 9( 37.5)-  1(4) 6( 25.5)     excit   1    1  17   165 25 10
C     11   63.3484  159(4)10( 41.5)-  1(4) 6( 25.5)     excit   1    1  17   159 15 11
C     12   63.3685  157(4) 9( 37.5)-  1(4) 6( 25.5)     excit   1    1  17   157 24 12
C     13   63.4489  148(4) 7( 29.5)-  1(4) 6( 25.5)     excit   1    1  17   148 50 13
C     14   63.4610  147(4)11( 45.5)-  1(4) 6( 25.5)     excit   1    1  17   147 12 14
C     15   63.6184  128(4) 8( 33.5)-  1(4) 6( 25.5)     excit   1    1  17   128 34 15
C     16   63.6306  126(4) 8( 33.5)-  1(4) 6( 25.5)     excit   1    1  17   126 33 16
C     17   63.6670  121(4)12( 49.5)-  1(4) 6( 25.5)     excit   1    1  17   121  8 17
C     18   63.7604  115(4) 7( 29.5)-  1(4) 6( 25.5)     excit   1    1  17   115 49 18
C     19   63.7848  113(4) 7( 29.5)-  1(4) 6( 25.5)     excit   1    1  17   113 48 19
C     20   63.7929  111(4) 8( 33.5)-  1(4) 6( 25.5)     excit   1    1  17   111 32 20
C     21   64.0052   95(4) 8( 33.5)-  1(4) 6( 25.5)     excit   1    1  17    95 31 21
C     22   64.1037   90(4)10( 41.5)-  1(4) 6( 25.5)     excit   1    1  17    90 14 22
C     23   64.1284   88(4) 9( 37.5)-  1(4) 6( 25.5)     excit   1    1  17    88 23 23
C     24   64.2561   77(4) 7( 29.5)-  1(4) 6( 25.5)     excit   1    1  17    77 47 24
C     25   64.2561   78(4)11( 45.5)-  1(4) 6( 25.5)     excit   1    1  17    78 10 25
C     26   64.4383   66(6) 6( 38.5)-  1(4) 6( 25.5)     excit   1    1  17    66 19 26
C     27   64.4882   63(4) 7( 29.5)-  1(4) 6( 25.5)     excit   1    1  17    63 46 27
C     28   64.5840   60(6) 5( 32.5)-  1(4) 6( 25.5)     excit   1    1  17    60 37 28
C     29   64.6926   54(6) 7( 44.5)-  1(4) 6( 25.5)     excit   1    1  17    54 11 29
C     30   64.7512   52(4) 8( 33.5)-  1(4) 6( 25.5)     excit   1    1  17    52 29 30
C     31   64.8058   49(4) 9( 37.5)-  1(4) 6( 25.5)     excit   1    1  17    49 22 31
C     32   64.8268   48(4)10( 41.5)-  1(4) 6( 25.5)     excit   1    1  17    48 13 32
C     33   64.8899   43(4) 7( 29.5)-  1(4) 6( 25.5)     excit   1    1  17    43 45 33
C     34   65.1011   40(6) 5( 32.5)-  1(4) 6( 25.5)     excit   1    1  17    40 35 34
C     35   65.5965   31(6) 6( 38.5)-  1(4) 6( 25.5)     excit   1    1  17    31 18 35
C     36   65.9251   29(4) 9( 37.5)-  1(4) 6( 25.5)     excit   1    1  17    29 20 36
C     37   65.9730   28(4) 8( 33.5)-  1(4) 6( 25.5)     excit   1    1  17    28 28 37
C     38   66.2308   24(6) 9( 56.5)-  1(4) 6( 25.5)     excit   1    1  17    24  5 38
C     39   66.2308   25(6) 5( 32.5)-  1(4) 6( 25.5)     excit   1    1  17    25 30 39
C     40   66.2747   22(4) 7( 29.5)-  1(4) 6( 25.5)     excit   1    1  17    22 43 40
C     41   66.3626   21(6) 8( 50.5)-  1(4) 6( 25.5)     excit   1    1  17    21  6 41
C     42   66.4553   19(6) 7( 44.5)-  1(4) 6( 25.5)     excit   1    1  17    19  9 42
C     43   66.8551   18(6) 6( 38.5)-  1(4) 6( 25.5)     excit   1    1  17    18 16 43
C     44   1246.35   14(2) 5( 10.5)-  1(4) 6( 25.5)     excit   1    1  17    14 44 44
C     45   1449.19   11(2) 8( 16.5)-  1(4) 6( 25.5)     excit   1    1  17    11  2 45
C     46   1546.62   10(2) 6( 12.5)-  1(4) 6( 25.5)     excit   1    1  17    10  7 46
C     47   2239.14    7(4) 4( 17.5)-  1(4) 6( 25.5)     excit   1    1  17     7  1 47
C     48   2432.20    6(2) 7( 14.5)-  1(4) 6( 25.5)     excit   1    1  17     6  3 48
C     49   2519.84    5(2) 5( 10.5)-  1(4) 6( 25.5)     excit   1    1  17     5 21 49
C     50   3318.95    4(4) 3( 13.5)-  1(4) 6( 25.5)     excit   1    1  17     4  4 50
c-------------------------------------------------------------------------------
                                                                                
C  code     : adas810
C  producer : Adam Foster
C  date     : 26/05/09
                                                                                
c-------------------------------------------------------------------------------

C-----------------------------------------------------------------------
C                               OPEN-ADAS
C                               +++++++++
C
C This file has been downloaded from OPEN-ADAS (http://open.adas.ac.uk)
C on 26-Mar-2025.
C
C TERMS AND CONDITIONS
C --------------------
C
C The user of the OPEN-ADAS system and data (hereinafter "the User")
C accepts the following terms and conditions:
C
C   1. The University of Strathclyde uses all reasonable endeavours to
C      ensure the accuracy of the data provided and any information
C      given, but the University makes no warranty, expressed or implied
C      as to its accuracy, integrity, fitness for purpose and shall not
C      be responsible for the use to which the data is put by the User
C      and/or any consequences arising out of any inaccuracies or
C      omissions.
C
C   2. Any downloaded OPEN-ADAS file is made available for the
C      personal use of the User only.  It must not be used for any
C      commercial application, incorporated into any web site or in
C      any form re-distributed without express prior written permission
C      from the ADAS Project. In particular, but not by way of
C      limitation, it must not be:
C        *  inserted into a managed database structure,
C        *  redistributed along with a modelling or analysis code,
C        *  made available on a public website.
C
C Permission for OPEN-ADAS data incorporation in non-commercial
C code/system development for scientific advance will not be
C unreasonably withheld, but will be subject to written agreement
C on a case by case basis.
C
C The User will indemnify the University of Strathclyde and keep it
C fully and effectively indemnified against each and every claim made
C against the University as a result of the User's use of the data.
C
C-----------------------------------------------------------------------
