   50    /W :26 photon emissivity coefficients/
--------------------------------------------------------------------------------
    1    1    1    1    1    1    1    1    1    1    1    1    1    1
    1    1    1    1    1    1    1    1    1    1    1    1    1    1
    1    1    1    1    1    1    1    1    1    1    1    1    1    1
    1    1    1    1    1    1    1    1    1    1    1    1    1    1
    1    1    1    1    1    1    1    1    1    1    1    1    1    1
    1    1    1    1    1
--------------------------------------------------------------------------------
//#01/p00/ 00/p01/ 01/p02/ 02/p03/ 03/p04/ 04/p05/ 05/p06/ 06/p07/ 07/p08/ 08/  
      p09/ 09/p10/ 10/p11/ 11/p12/ 12/p13/ 13/p14/ 14/p15/ 15/p16/ 16/p17/ 17/  
      p18/ 18/p19/ 19/p20/ 20/p21/ 21/p22/ 22/p23/ 23/p24/ 24/p25/ 25/p26/ 26/  
      p27/ 27/p28/ 28/p29/ 29/p30/ 30/p31/ 31/p32/ 32/p33/ 33/p34/ 34/p35/ 35/  
      p36/ 36/p37/ 37/p38/ 38/p39/ 39/p40/ 40/p41/ 41/p42/ 42/p43/ 43/p44/ 44/  
      p45/ 45/p46/ 46/p47/ 47/p48/ 48/p49/ 49/p50/ 50/p51/ 51/p52/ 52/p53/ 53/  
      p54/ 54/p55/ 55/p56/ 56/p57/ 57/p58/ 58/p59/ 59/p60/ 60/p61/ 61/p62/ 62/  
      p63/ 63/p64/ 64/p65/ 65/p66/ 66/p67/ 67/p68/ 68/p69/ 69/p70/ 70/p71/ 71/  
      p72/ 72/p73/ 73/p74/ 74/                                                  
--------------------------------------------------------------------------------
  18.4717    7  14 /pl=01:ss=26:pb= 1:sz=26/type=excit/ispb = t/isel =    1
 1.00E+10 1.00E+11 1.00E+12 1.00E+13 1.00E+14 1.00E+15 1.00E+16
 1.26E+01 1.88E+01 3.14E+01 6.28E+01 1.26E+02 3.14E+02 6.28E+02 9.42E+02
 1.26E+03 1.88E+03 3.14E+03 6.28E+03 1.26E+04 1.88E+04
 1.04E-33 4.59E-26 5.48E-20 1.69E-15 2.44E-13 3.67E-12 7.91E-12 9.85E-12
 1.09E-11 1.18E-11 1.24E-11 1.24E-11 1.17E-11 1.11E-11
 1.00E-33 4.43E-26 5.26E-20 1.56E-15 1.96E-13 2.58E-12 5.41E-12 6.71E-12
 7.39E-12 8.06E-12 8.49E-12 8.56E-12 8.20E-12 7.84E-12
 8.03E-34 3.46E-26 4.00E-20 1.06E-15 1.24E-13 1.75E-12 3.77E-12 4.70E-12
 5.18E-12 5.63E-12 5.88E-12 5.83E-12 5.47E-12 5.17E-12
 5.65E-34 2.38E-26 2.71E-20 7.51E-16 1.01E-13 1.56E-12 3.42E-12 4.27E-12
 4.70E-12 5.10E-12 5.30E-12 5.20E-12 4.82E-12 4.50E-12
 4.91E-34 2.05E-26 2.32E-20 6.83E-16 9.78E-14 1.52E-12 3.34E-12 4.17E-12
 4.59E-12 4.98E-12 5.17E-12 5.07E-12 4.69E-12 4.38E-12
 4.79E-34 1.99E-26 2.26E-20 6.74E-16 9.71E-14 1.51E-12 3.30E-12 4.11E-12
 4.53E-12 4.91E-12 5.10E-12 5.01E-12 4.63E-12 4.33E-12
 4.77E-34 1.99E-26 2.25E-20 6.73E-16 9.68E-14 1.49E-12 3.25E-12 4.05E-12
 4.46E-12 4.84E-12 5.03E-12 4.94E-12 4.58E-12 4.28E-12
  19.9418    7  14 /pl=01:ss=26:pb= 1:sz=26/type=excit/ispb = t/isel =    2
 1.00E+10 1.00E+11 1.00E+12 1.00E+13 1.00E+14 1.00E+15 1.00E+16
 1.26E+01 1.88E+01 3.14E+01 6.28E+01 1.26E+02 3.14E+02 6.28E+02 9.42E+02
 1.26E+03 1.88E+03 3.14E+03 6.28E+03 1.26E+04 1.88E+04
 1.07E-31 1.27E-24 5.33E-19 7.54E-15 7.36E-13 8.84E-12 1.78E-11 2.18E-11
 2.38E-11 2.57E-11 2.68E-11 2.67E-11 2.53E-11 2.38E-11
 1.03E-31 1.23E-24 5.11E-19 6.94E-15 5.92E-13 6.23E-12 1.22E-11 1.48E-11
 1.62E-11 1.75E-11 1.83E-11 1.84E-11 1.77E-11 1.68E-11
 8.25E-32 9.57E-25 3.88E-19 4.70E-15 3.73E-13 4.21E-12 8.47E-12 1.04E-11
 1.13E-11 1.22E-11 1.27E-11 1.25E-11 1.18E-11 1.11E-11
 5.79E-32 6.58E-25 2.63E-19 3.34E-15 3.06E-13 3.75E-12 7.67E-12 9.40E-12
 1.03E-11 1.10E-11 1.14E-11 1.12E-11 1.04E-11 9.64E-12
 5.03E-32 5.65E-25 2.25E-19 3.03E-15 2.95E-13 3.66E-12 7.49E-12 9.18E-12
 1.00E-11 1.08E-11 1.11E-11 1.09E-11 1.01E-11 9.38E-12
 4.89E-32 5.49E-25 2.18E-19 2.99E-15 2.93E-13 3.62E-12 7.39E-12 9.06E-12
 9.89E-12 1.06E-11 1.10E-11 1.07E-11 9.96E-12 9.27E-12
 4.88E-32 5.47E-25 2.18E-19 2.99E-15 2.92E-13 3.58E-12 7.28E-12 8.92E-12
 9.73E-12 1.05E-11 1.08E-11 1.06E-11 9.85E-12 9.17E-12
  22.7257    7  14 /pl=01:ss=26:pb= 1:sz=26/type=excit/ispb = t/isel =    3
 1.00E+10 1.00E+11 1.00E+12 1.00E+13 1.00E+14 1.00E+15 1.00E+16
 1.26E+01 1.88E+01 3.14E+01 6.28E+01 1.26E+02 3.14E+02 6.28E+02 9.42E+02
 1.26E+03 1.88E+03 3.14E+03 6.28E+03 1.26E+04 1.88E+04
 1.13E-28 1.78E-22 1.49E-17 6.28E-14 3.38E-12 2.87E-11 5.21E-11 6.20E-11
 6.72E-11 7.20E-11 7.48E-11 7.44E-11 7.01E-11 6.63E-11
 1.09E-28 1.72E-22 1.43E-17 5.78E-14 2.72E-12 2.02E-11 3.56E-11 4.21E-11
 4.56E-11 4.89E-11 5.10E-11 5.13E-11 4.90E-11 4.69E-11
 8.74E-29 1.34E-22 1.09E-17 3.91E-14 1.71E-12 1.36E-11 2.48E-11 2.95E-11
 3.19E-11 3.41E-11 3.53E-11 3.48E-11 3.26E-11 3.08E-11
 6.12E-29 9.22E-23 7.34E-18 2.77E-14 1.40E-12 1.21E-11 2.24E-11 2.67E-11
 2.89E-11 3.09E-11 3.17E-11 3.10E-11 2.86E-11 2.68E-11
 5.30E-29 7.89E-23 6.26E-18 2.51E-14 1.35E-12 1.18E-11 2.19E-11 2.61E-11
 2.82E-11 3.01E-11 3.09E-11 3.02E-11 2.79E-11 2.60E-11
 5.16E-29 7.66E-23 6.07E-18 2.48E-14 1.34E-12 1.17E-11 2.16E-11 2.57E-11
 2.79E-11 2.97E-11 3.05E-11 2.98E-11 2.75E-11 2.57E-11
 5.14E-29 7.64E-23 6.05E-18 2.47E-14 1.33E-12 1.16E-11 2.13E-11 2.53E-11
 2.74E-11 2.93E-11 3.01E-11 2.95E-11 2.72E-11 2.54E-11
  29.4152    7  14 /pl=01:ss=26:pb= 1:sz=26/type=excit/ispb = t/isel =    4
 1.00E+10 1.00E+11 1.00E+12 1.00E+13 1.00E+14 1.00E+15 1.00E+16
 1.26E+01 1.88E+01 3.14E+01 6.28E+01 1.26E+02 3.14E+02 6.28E+02 9.42E+02
 1.26E+03 1.88E+03 3.14E+03 6.28E+03 1.26E+04 1.88E+04
 7.07E-24 4.17E-19 2.49E-15 1.46E-12 2.95E-11 1.44E-10 2.23E-10 2.55E-10
 2.71E-10 2.88E-10 2.98E-10 2.97E-10 2.80E-10 2.65E-10
 6.85E-24 4.02E-19 2.39E-15 1.34E-12 2.37E-11 1.01E-10 1.53E-10 1.73E-10
 1.84E-10 1.96E-10 2.04E-10 2.05E-10 1.96E-10 1.88E-10
 5.47E-24 3.14E-19 1.81E-15 9.09E-13 1.49E-11 6.83E-11 1.06E-10 1.21E-10
 1.29E-10 1.36E-10 1.41E-10 1.39E-10 1.30E-10 1.23E-10
 3.83E-24 2.16E-19 1.23E-15 6.44E-13 1.22E-11 6.08E-11 9.60E-11 1.10E-10
 1.17E-10 1.23E-10 1.27E-10 1.24E-10 1.14E-10 1.07E-10
 3.32E-24 1.85E-19 1.05E-15 5.84E-13 1.18E-11 5.94E-11 9.38E-11 1.07E-10
 1.14E-10 1.20E-10 1.23E-10 1.21E-10 1.11E-10 1.04E-10
 3.23E-24 1.79E-19 1.01E-15 5.76E-13 1.17E-11 5.88E-11 9.26E-11 1.06E-10
 1.13E-10 1.19E-10 1.22E-10 1.19E-10 1.10E-10 1.03E-10
 3.22E-24 1.79E-19 1.01E-15 5.75E-13 1.16E-11 5.81E-11 9.12E-11 1.04E-10
 1.11E-10 1.17E-10 1.20E-10 1.18E-10 1.09E-10 1.02E-10
  29.5449    7  14 /pl=01:ss=26:pb= 1:sz=26/type=excit/ispb = t/isel =    5
 1.00E+10 1.00E+11 1.00E+12 1.00E+13 1.00E+14 1.00E+15 1.00E+16
 1.26E+01 1.88E+01 3.14E+01 6.28E+01 1.26E+02 3.14E+02 6.28E+02 9.42E+02
 1.26E+03 1.88E+03 3.14E+03 6.28E+03 1.26E+04 1.88E+04
 1.50E-25 8.74E-21 5.21E-17 3.26E-14 8.40E-13 5.60E-12 9.57E-12 1.11E-11
 1.17E-11 1.22E-11 1.21E-11 1.13E-11 9.84E-12 8.90E-12
 2.13E-25 1.26E-20 7.73E-17 5.93E-14 1.99E-12 1.27E-11 2.08E-11 2.39E-11
 2.53E-11 2.64E-11 2.66E-11 2.51E-11 2.23E-11 2.02E-11
 5.34E-25 3.13E-20 1.89E-16 1.28E-13 2.81E-12 1.42E-11 2.24E-11 2.57E-11
 2.72E-11 2.86E-11 2.93E-11 2.85E-11 2.64E-11 2.47E-11
 7.65E-25 4.26E-20 2.42E-16 1.36E-13 2.71E-12 1.37E-11 2.17E-11 2.49E-11
 2.64E-11 2.78E-11 2.85E-11 2.77E-11 2.55E-11 2.39E-11
 7.74E-25 4.24E-20 2.38E-16 1.32E-13 2.67E-12 1.35E-11 2.14E-11 2.45E-11
 2.60E-11 2.74E-11 2.80E-11 2.73E-11 2.52E-11 2.35E-11
 7.71E-25 4.22E-20 2.36E-16 1.32E-13 2.66E-12 1.34E-11 2.12E-11 2.42E-11
 2.57E-11 2.70E-11 2.77E-11 2.70E-11 2.49E-11 2.33E-11
 7.71E-25 4.22E-20 2.36E-16 1.32E-13 2.65E-12 1.32E-11 2.09E-11 2.38E-11
 2.53E-11 2.66E-11 2.73E-11 2.66E-11 2.46E-11 2.31E-11
  29.6149    7  14 /pl=01:ss=26:pb= 1:sz=26/type=excit/ispb = t/isel =    6
 1.00E+10 1.00E+11 1.00E+12 1.00E+13 1.00E+14 1.00E+15 1.00E+16
 1.26E+01 1.88E+01 3.14E+01 6.28E+01 1.26E+02 3.14E+02 6.28E+02 9.42E+02
 1.26E+03 1.88E+03 3.14E+03 6.28E+03 1.26E+04 1.88E+04
 1.70E-25 9.88E-21 5.89E-17 3.68E-14 9.49E-13 6.32E-12 1.08E-11 1.25E-11
 1.33E-11 1.38E-11 1.37E-11 1.27E-11 1.11E-11 1.01E-11
 2.40E-25 1.43E-20 8.73E-17 6.71E-14 2.25E-12 1.44E-11 2.36E-11 2.71E-11
 2.86E-11 2.99E-11 3.01E-11 2.84E-11 2.52E-11 2.28E-11
 6.04E-25 3.54E-20 2.13E-16 1.44E-13 3.18E-12 1.60E-11 2.53E-11 2.90E-11
 3.08E-11 3.24E-11 3.31E-11 3.23E-11 2.98E-11 2.79E-11
 8.64E-25 4.81E-20 2.73E-16 1.54E-13 3.06E-12 1.55E-11 2.46E-11 2.82E-11
 2.99E-11 3.14E-11 3.22E-11 3.13E-11 2.89E-11 2.70E-11
 8.74E-25 4.80E-20 2.68E-16 1.50E-13 3.02E-12 1.53E-11 2.42E-11 2.77E-11
 2.94E-11 3.09E-11 3.17E-11 3.08E-11 2.85E-11 2.66E-11
 8.71E-25 4.77E-20 2.66E-16 1.49E-13 3.01E-12 1.51E-11 2.39E-11 2.74E-11
 2.90E-11 3.06E-11 3.13E-11 3.05E-11 2.82E-11 2.63E-11
 8.71E-25 4.77E-20 2.66E-16 1.49E-13 3.00E-12 1.50E-11 2.36E-11 2.69E-11
 2.86E-11 3.01E-11 3.08E-11 3.01E-11 2.78E-11 2.61E-11
  29.7327    7  14 /pl=01:ss=26:pb= 1:sz=26/type=excit/ispb = t/isel =    7
 1.00E+10 1.00E+11 1.00E+12 1.00E+13 1.00E+14 1.00E+15 1.00E+16
 1.26E+01 1.88E+01 3.14E+01 6.28E+01 1.26E+02 3.14E+02 6.28E+02 9.42E+02
 1.26E+03 1.88E+03 3.14E+03 6.28E+03 1.26E+04 1.88E+04
 1.77E-24 9.25E-20 5.03E-16 2.75E-13 5.44E-12 2.64E-11 4.10E-11 4.67E-11
 4.94E-11 5.22E-11 5.36E-11 5.27E-11 4.93E-11 4.65E-11
 1.73E-24 9.01E-20 4.88E-16 2.60E-13 4.65E-12 2.05E-11 3.11E-11 3.53E-11
 3.73E-11 3.93E-11 4.05E-11 4.00E-11 3.76E-11 3.57E-11
 1.46E-24 7.45E-20 3.94E-16 1.92E-13 3.27E-12 1.54E-11 2.42E-11 2.75E-11
 2.91E-11 3.06E-11 3.12E-11 3.04E-11 2.80E-11 2.63E-11
 1.13E-24 5.64E-20 2.93E-16 1.50E-13 2.90E-12 1.45E-11 2.29E-11 2.61E-11
 2.76E-11 2.90E-11 2.95E-11 2.85E-11 2.61E-11 2.43E-11
 1.07E-24 5.24E-20 2.71E-16 1.43E-13 2.85E-12 1.43E-11 2.25E-11 2.56E-11
 2.71E-11 2.85E-11 2.90E-11 2.80E-11 2.56E-11 2.39E-11
 1.06E-24 5.19E-20 2.67E-16 1.42E-13 2.83E-12 1.41E-11 2.22E-11 2.53E-11
 2.68E-11 2.81E-11 2.86E-11 2.77E-11 2.54E-11 2.36E-11
 1.06E-24 5.18E-20 2.67E-16 1.42E-13 2.82E-12 1.40E-11 2.19E-11 2.49E-11
 2.63E-11 2.77E-11 2.82E-11 2.73E-11 2.51E-11 2.34E-11
  29.7992    7  14 /pl=01:ss=26:pb= 1:sz=26/type=excit/ispb = t/isel =    8
 1.00E+10 1.00E+11 1.00E+12 1.00E+13 1.00E+14 1.00E+15 1.00E+16
 1.26E+01 1.88E+01 3.14E+01 6.28E+01 1.26E+02 3.14E+02 6.28E+02 9.42E+02
 1.26E+03 1.88E+03 3.14E+03 6.28E+03 1.26E+04 1.88E+04
 5.48E-25 2.80E-20 1.49E-16 8.09E-14 1.60E-12 7.85E-12 1.22E-11 1.39E-11
 1.47E-11 1.55E-11 1.59E-11 1.56E-11 1.45E-11 1.37E-11
 5.30E-25 2.70E-20 1.43E-16 7.46E-14 1.31E-12 5.73E-12 8.72E-12 9.90E-12
 1.05E-11 1.10E-11 1.13E-11 1.12E-11 1.05E-11 9.96E-12
 4.26E-25 2.12E-20 1.09E-16 5.21E-14 9.13E-13 4.50E-12 7.09E-12 8.09E-12
 8.56E-12 8.97E-12 9.11E-12 8.78E-12 8.01E-12 7.49E-12
 3.28E-25 1.60E-20 8.16E-17 4.30E-14 8.63E-13 4.39E-12 6.95E-12 7.93E-12
 8.39E-12 8.80E-12 8.92E-12 8.58E-12 7.81E-12 7.27E-12
 3.30E-25 1.59E-20 8.04E-17 4.28E-14 8.61E-13 4.36E-12 6.87E-12 7.84E-12
 8.29E-12 8.69E-12 8.82E-12 8.49E-12 7.74E-12 7.21E-12
 3.34E-25 1.60E-20 8.08E-17 4.29E-14 8.59E-13 4.32E-12 6.80E-12 7.75E-12
 8.20E-12 8.59E-12 8.72E-12 8.41E-12 7.67E-12 7.14E-12
 3.34E-25 1.60E-20 8.09E-17 4.29E-14 8.57E-13 4.28E-12 6.70E-12 7.63E-12
 8.07E-12 8.47E-12 8.60E-12 8.30E-12 7.58E-12 7.07E-12
  46.1234    7  14 /pl=01:ss=26:pb= 1:sz=26/type=excit/ispb = t/isel =    9
 1.00E+10 1.00E+11 1.00E+12 1.00E+13 1.00E+14 1.00E+15 1.00E+16
 1.26E+01 1.88E+01 3.14E+01 6.28E+01 1.26E+02 3.14E+02 6.28E+02 9.42E+02
 1.26E+03 1.88E+03 3.14E+03 6.28E+03 1.26E+04 1.88E+04
 3.71E-19 3.80E-16 9.04E-14 4.92E-12 3.18E-11 7.78E-11 9.09E-11 9.05E-11
 8.78E-11 8.21E-11 7.34E-11 6.11E-11 4.97E-11 4.37E-11
 3.62E-19 3.70E-16 8.77E-14 4.63E-12 2.70E-11 6.02E-11 6.92E-11 6.89E-11
 6.70E-11 6.30E-11 5.67E-11 4.78E-11 3.94E-11 3.49E-11
 3.08E-19 3.08E-16 7.13E-14 3.46E-12 1.93E-11 4.60E-11 5.46E-11 5.48E-11
 5.35E-11 5.04E-11 4.53E-11 3.80E-11 3.11E-11 2.74E-11
 2.45E-19 2.40E-16 5.46E-14 2.76E-12 1.72E-11 4.31E-11 5.16E-11 5.20E-11
 5.07E-11 4.78E-11 4.30E-11 3.60E-11 2.93E-11 2.58E-11
 2.32E-19 2.24E-16 5.06E-14 2.63E-12 1.68E-11 4.24E-11 5.08E-11 5.11E-11
 4.98E-11 4.70E-11 4.23E-11 3.54E-11 2.89E-11 2.54E-11
 2.31E-19 2.22E-16 5.00E-14 2.62E-12 1.68E-11 4.20E-11 5.02E-11 5.04E-11
 4.92E-11 4.64E-11 4.18E-11 3.50E-11 2.86E-11 2.51E-11
 2.31E-19 2.22E-16 5.00E-14 2.61E-12 1.67E-11 4.16E-11 4.94E-11 4.97E-11
 4.85E-11 4.57E-11 4.12E-11 3.46E-11 2.82E-11 2.49E-11
  46.3546    7  14 /pl=01:ss=26:pb= 1:sz=26/type=excit/ispb = t/isel =   10
 1.00E+10 1.00E+11 1.00E+12 1.00E+13 1.00E+14 1.00E+15 1.00E+16
 1.26E+01 1.88E+01 3.14E+01 6.28E+01 1.26E+02 3.14E+02 6.28E+02 9.42E+02
 1.26E+03 1.88E+03 3.14E+03 6.28E+03 1.26E+04 1.88E+04
 1.39E-19 1.42E-16 3.38E-14 1.84E-12 1.19E-11 2.91E-11 3.40E-11 3.39E-11
 3.28E-11 3.07E-11 2.75E-11 2.29E-11 1.86E-11 1.64E-11
 1.36E-19 1.38E-16 3.28E-14 1.73E-12 1.01E-11 2.25E-11 2.59E-11 2.58E-11
 2.51E-11 2.36E-11 2.12E-11 1.79E-11 1.47E-11 1.30E-11
 1.15E-19 1.15E-16 2.67E-14 1.29E-12 7.22E-12 1.72E-11 2.04E-11 2.05E-11
 2.00E-11 1.88E-11 1.70E-11 1.42E-11 1.16E-11 1.03E-11
 9.18E-20 8.98E-17 2.04E-14 1.03E-12 6.42E-12 1.61E-11 1.93E-11 1.94E-11
 1.90E-11 1.79E-11 1.61E-11 1.35E-11 1.10E-11 9.64E-12
 8.69E-20 8.40E-17 1.89E-14 9.85E-13 6.30E-12 1.59E-11 1.90E-11 1.91E-11
 1.87E-11 1.76E-11 1.58E-11 1.33E-11 1.08E-11 9.49E-12
 8.64E-20 8.32E-17 1.87E-14 9.79E-13 6.27E-12 1.57E-11 1.88E-11 1.89E-11
 1.84E-11 1.74E-11 1.56E-11 1.31E-11 1.07E-11 9.40E-12
 8.63E-20 8.31E-17 1.87E-14 9.78E-13 6.25E-12 1.56E-11 1.85E-11 1.86E-11
 1.81E-11 1.71E-11 1.54E-11 1.29E-11 1.06E-11 9.30E-12
  46.4771    7  14 /pl=01:ss=26:pb= 1:sz=26/type=excit/ispb = t/isel =   11
 1.00E+10 1.00E+11 1.00E+12 1.00E+13 1.00E+14 1.00E+15 1.00E+16
 1.26E+01 1.88E+01 3.14E+01 6.28E+01 1.26E+02 3.14E+02 6.28E+02 9.42E+02
 1.26E+03 1.88E+03 3.14E+03 6.28E+03 1.26E+04 1.88E+04
 4.53E-20 4.42E-17 1.03E-14 5.99E-13 4.46E-12 1.35E-11 1.74E-11 1.80E-11
 1.78E-11 1.70E-11 1.55E-11 1.31E-11 1.08E-11 9.55E-12
 4.56E-20 4.44E-17 1.04E-14 6.15E-13 4.65E-12 1.33E-11 1.67E-11 1.70E-11
 1.68E-11 1.59E-11 1.44E-11 1.21E-11 9.89E-12 8.71E-12
 4.45E-20 4.27E-17 9.94E-15 5.65E-13 3.82E-12 1.08E-11 1.37E-11 1.40E-11
 1.38E-11 1.31E-11 1.19E-11 9.95E-12 8.10E-12 7.12E-12
 3.80E-20 3.55E-17 8.11E-15 4.58E-13 3.32E-12 9.97E-12 1.28E-11 1.32E-11
 1.30E-11 1.23E-11 1.11E-11 9.26E-12 7.48E-12 6.54E-12
 3.46E-20 3.19E-17 7.26E-15 4.27E-13 3.23E-12 9.78E-12 1.26E-11 1.29E-11
 1.27E-11 1.21E-11 1.09E-11 9.08E-12 7.33E-12 6.41E-12
 3.40E-20 3.13E-17 7.10E-15 4.22E-13 3.22E-12 9.69E-12 1.24E-11 1.27E-11
 1.26E-11 1.19E-11 1.08E-11 8.97E-12 7.25E-12 6.34E-12
 3.39E-20 3.12E-17 7.08E-15 4.22E-13 3.20E-12 9.58E-12 1.22E-11 1.25E-11
 1.24E-11 1.17E-11 1.06E-11 8.85E-12 7.17E-12 6.27E-12
  46.5273    7  14 /pl=01:ss=26:pb= 1:sz=26/type=excit/ispb = t/isel =   12
 1.00E+10 1.00E+11 1.00E+12 1.00E+13 1.00E+14 1.00E+15 1.00E+16
 1.26E+01 1.88E+01 3.14E+01 6.28E+01 1.26E+02 3.14E+02 6.28E+02 9.42E+02
 1.26E+03 1.88E+03 3.14E+03 6.28E+03 1.26E+04 1.88E+04
 8.46E-20 8.68E-17 2.07E-14 1.12E-12 7.25E-12 1.78E-11 2.08E-11 2.07E-11
 2.00E-11 1.88E-11 1.68E-11 1.40E-11 1.14E-11 9.98E-12
 8.27E-20 8.45E-17 2.00E-14 1.06E-12 6.17E-12 1.37E-11 1.58E-11 1.57E-11
 1.53E-11 1.44E-11 1.29E-11 1.09E-11 8.99E-12 7.96E-12
 7.04E-20 7.04E-17 1.63E-14 7.90E-13 4.41E-12 1.05E-11 1.25E-11 1.25E-11
 1.22E-11 1.15E-11 1.04E-11 8.69E-12 7.11E-12 6.27E-12
 5.60E-20 5.48E-17 1.25E-14 6.30E-13 3.92E-12 9.85E-12 1.18E-11 1.19E-11
 1.16E-11 1.09E-11 9.82E-12 8.22E-12 6.70E-12 5.88E-12
 5.31E-20 5.13E-17 1.16E-14 6.01E-13 3.84E-12 9.69E-12 1.16E-11 1.17E-11
 1.14E-11 1.07E-11 9.66E-12 8.09E-12 6.59E-12 5.79E-12
 5.27E-20 5.08E-17 1.14E-14 5.97E-13 3.83E-12 9.60E-12 1.15E-11 1.15E-11
 1.12E-11 1.06E-11 9.54E-12 8.00E-12 6.52E-12 5.74E-12
 5.27E-20 5.07E-17 1.14E-14 5.97E-13 3.81E-12 9.50E-12 1.13E-11 1.13E-11
 1.11E-11 1.04E-11 9.40E-12 7.90E-12 6.45E-12 5.68E-12
  46.8389    7  14 /pl=01:ss=26:pb= 1:sz=26/type=excit/ispb = t/isel =   13
 1.00E+10 1.00E+11 1.00E+12 1.00E+13 1.00E+14 1.00E+15 1.00E+16
 1.26E+01 1.88E+01 3.14E+01 6.28E+01 1.26E+02 3.14E+02 6.28E+02 9.42E+02
 1.26E+03 1.88E+03 3.14E+03 6.28E+03 1.26E+04 1.88E+04
 5.83E-21 5.98E-18 1.47E-15 1.26E-13 2.05E-12 1.05E-11 1.50E-11 1.57E-11
 1.54E-11 1.43E-11 1.24E-11 9.57E-12 6.97E-12 5.69E-12
 3.92E-20 4.06E-17 1.00E-14 9.05E-13 1.37E-11 5.33E-11 6.96E-11 7.17E-11
 7.08E-11 6.73E-11 6.04E-11 4.93E-11 3.81E-11 3.20E-11
 2.72E-19 2.71E-16 6.32E-14 4.17E-12 3.22E-11 8.35E-11 1.02E-10 1.04E-10
 1.03E-10 9.95E-11 9.24E-11 8.03E-11 6.74E-11 6.01E-11
 5.78E-19 5.41E-16 1.18E-13 5.82E-12 3.50E-11 8.57E-11 1.03E-10 1.06E-10
 1.05E-10 1.02E-10 9.46E-11 8.29E-11 7.02E-11 6.30E-11
 6.30E-19 5.80E-16 1.24E-13 5.91E-12 3.50E-11 8.51E-11 1.02E-10 1.05E-10
 1.04E-10 1.01E-10 9.38E-11 8.22E-11 6.98E-11 6.27E-11
 6.33E-19 5.83E-16 1.24E-13 5.91E-12 3.49E-11 8.44E-11 1.01E-10 1.04E-10
 1.03E-10 9.94E-11 9.27E-11 8.14E-11 6.91E-11 6.21E-11
 6.34E-19 5.83E-16 1.24E-13 5.91E-12 3.48E-11 8.34E-11 9.98E-11 1.02E-10
 1.01E-10 9.78E-11 9.14E-11 8.03E-11 6.83E-11 6.15E-11
  47.4623    7  14 /pl=01:ss=26:pb= 1:sz=26/type=excit/ispb = t/isel =   14
 1.00E+10 1.00E+11 1.00E+12 1.00E+13 1.00E+14 1.00E+15 1.00E+16
 1.26E+01 1.88E+01 3.14E+01 6.28E+01 1.26E+02 3.14E+02 6.28E+02 9.42E+02
 1.26E+03 1.88E+03 3.14E+03 6.28E+03 1.26E+04 1.88E+04
 1.23E-19 1.26E-16 3.01E-14 1.63E-12 1.06E-11 2.58E-11 3.02E-11 3.01E-11
 2.92E-11 2.73E-11 2.44E-11 2.03E-11 1.65E-11 1.45E-11
 1.20E-19 1.23E-16 2.91E-14 1.54E-12 8.97E-12 2.00E-11 2.30E-11 2.29E-11
 2.23E-11 2.09E-11 1.88E-11 1.59E-11 1.31E-11 1.16E-11
 1.02E-19 1.02E-16 2.37E-14 1.15E-12 6.41E-12 1.53E-11 1.81E-11 1.82E-11
 1.78E-11 1.67E-11 1.51E-11 1.26E-11 1.03E-11 9.12E-12
 8.15E-20 7.97E-17 1.81E-14 9.17E-13 5.70E-12 1.43E-11 1.72E-11 1.73E-11
 1.69E-11 1.59E-11 1.43E-11 1.20E-11 9.74E-12 8.56E-12
 7.72E-20 7.46E-17 1.68E-14 8.74E-13 5.59E-12 1.41E-11 1.69E-11 1.70E-11
 1.66E-11 1.56E-11 1.41E-11 1.18E-11 9.59E-12 8.43E-12
 7.67E-20 7.39E-17 1.66E-14 8.69E-13 5.57E-12 1.40E-11 1.67E-11 1.68E-11
 1.64E-11 1.54E-11 1.39E-11 1.16E-11 9.49E-12 8.35E-12
 7.66E-20 7.38E-17 1.66E-14 8.68E-13 5.55E-12 1.38E-11 1.64E-11 1.65E-11
 1.61E-11 1.52E-11 1.37E-11 1.15E-11 9.39E-12 8.26E-12
  47.5187    7  14 /pl=01:ss=26:pb= 1:sz=26/type=excit/ispb = t/isel =   15
 1.00E+10 1.00E+11 1.00E+12 1.00E+13 1.00E+14 1.00E+15 1.00E+16
 1.26E+01 1.88E+01 3.14E+01 6.28E+01 1.26E+02 3.14E+02 6.28E+02 9.42E+02
 1.26E+03 1.88E+03 3.14E+03 6.28E+03 1.26E+04 1.88E+04
 8.22E-20 8.46E-17 2.12E-14 1.40E-12 1.12E-11 3.41E-11 4.38E-11 4.51E-11
 4.46E-11 4.25E-11 3.87E-11 3.28E-11 2.69E-11 2.37E-11
 7.99E-20 8.18E-17 2.04E-14 1.30E-12 9.38E-12 2.62E-11 3.32E-11 3.42E-11
 3.38E-11 3.23E-11 2.94E-11 2.50E-11 2.07E-11 1.83E-11
 6.64E-20 6.65E-17 1.62E-14 9.80E-13 7.37E-12 2.30E-11 3.01E-11 3.13E-11
 3.11E-11 2.98E-11 2.72E-11 2.29E-11 1.86E-11 1.63E-11
 6.30E-20 6.17E-17 1.47E-14 9.73E-13 7.74E-12 2.36E-11 3.08E-11 3.21E-11
 3.19E-11 3.07E-11 2.82E-11 2.40E-11 1.98E-11 1.75E-11
 7.86E-20 7.59E-17 1.75E-14 1.05E-12 7.88E-12 2.36E-11 3.07E-11 3.19E-11
 3.17E-11 3.05E-11 2.81E-11 2.40E-11 1.99E-11 1.76E-11
 8.29E-20 7.97E-17 1.83E-14 1.07E-12 7.88E-12 2.34E-11 3.03E-11 3.15E-11
 3.14E-11 3.02E-11 2.78E-11 2.38E-11 1.97E-11 1.75E-11
 8.34E-20 8.02E-17 1.84E-14 1.07E-12 7.86E-12 2.32E-11 2.99E-11 3.10E-11
 3.09E-11 2.98E-11 2.74E-11 2.35E-11 1.95E-11 1.73E-11
  47.5919    7  14 /pl=01:ss=26:pb= 1:sz=26/type=excit/ispb = t/isel =   16
 1.00E+10 1.00E+11 1.00E+12 1.00E+13 1.00E+14 1.00E+15 1.00E+16
 1.26E+01 1.88E+01 3.14E+01 6.28E+01 1.26E+02 3.14E+02 6.28E+02 9.42E+02
 1.26E+03 1.88E+03 3.14E+03 6.28E+03 1.26E+04 1.88E+04
 9.30E-18 7.62E-15 1.50E-12 6.80E-11 3.83E-10 8.62E-10 1.01E-09 1.04E-09
 1.03E-09 1.01E-09 9.60E-10 8.69E-10 7.61E-10 6.96E-10
 9.04E-18 7.38E-15 1.44E-12 6.30E-11 3.14E-10 6.29E-10 7.21E-10 7.33E-10
 7.30E-10 7.14E-10 6.80E-10 6.20E-10 5.48E-10 5.05E-10
 7.43E-18 5.93E-15 1.13E-12 4.45E-11 2.09E-10 4.45E-10 5.24E-10 5.35E-10
 5.33E-10 5.19E-10 4.90E-10 4.40E-10 3.82E-10 3.48E-10
 5.48E-18 4.29E-15 8.04E-13 3.29E-11 1.74E-10 4.01E-10 4.78E-10 4.89E-10
 4.87E-10 4.74E-10 4.46E-10 3.96E-10 3.40E-10 3.07E-10
 4.84E-18 3.74E-15 6.97E-13 3.01E-11 1.69E-10 3.92E-10 4.67E-10 4.78E-10
 4.76E-10 4.63E-10 4.35E-10 3.87E-10 3.31E-10 2.99E-10
 4.73E-18 3.65E-15 6.79E-13 2.98E-11 1.68E-10 3.88E-10 4.62E-10 4.72E-10
 4.70E-10 4.57E-10 4.30E-10 3.82E-10 3.27E-10 2.95E-10
 4.72E-18 3.63E-15 6.76E-13 2.97E-11 1.67E-10 3.84E-10 4.55E-10 4.65E-10
 4.62E-10 4.50E-10 4.23E-10 3.77E-10 3.24E-10 2.92E-10
  47.6818    7  14 /pl=01:ss=26:pb= 1:sz=26/type=excit/ispb = t/isel =   17
 1.00E+10 1.00E+11 1.00E+12 1.00E+13 1.00E+14 1.00E+15 1.00E+16
 1.26E+01 1.88E+01 3.14E+01 6.28E+01 1.26E+02 3.14E+02 6.28E+02 9.42E+02
 1.26E+03 1.88E+03 3.14E+03 6.28E+03 1.26E+04 1.88E+04
 6.67E-20 6.60E-17 1.51E-14 7.97E-13 5.78E-12 1.81E-11 2.36E-11 2.44E-11
 2.41E-11 2.29E-11 2.08E-11 1.73E-11 1.40E-11 1.22E-11
 7.04E-20 6.92E-17 1.59E-14 1.11E-12 1.38E-11 5.76E-11 7.92E-11 8.19E-11
 8.08E-11 7.59E-11 6.73E-11 5.37E-11 4.07E-11 3.40E-11
 1.30E-19 1.26E-16 3.00E-14 3.45E-12 4.86E-11 1.67E-10 2.14E-10 2.20E-10
 2.18E-10 2.07E-10 1.89E-10 1.59E-10 1.26E-10 1.08E-10
 6.37E-19 6.05E-16 1.38E-13 1.09E-11 8.87E-11 2.28E-10 2.77E-10 2.82E-10
 2.80E-10 2.69E-10 2.50E-10 2.18E-10 1.83E-10 1.63E-10
 1.37E-18 1.28E-15 2.79E-13 1.52E-11 9.77E-11 2.36E-10 2.84E-10 2.88E-10
 2.86E-10 2.75E-10 2.57E-10 2.26E-10 1.91E-10 1.71E-10
 1.55E-18 1.44E-15 3.12E-13 1.59E-11 9.86E-11 2.35E-10 2.82E-10 2.86E-10
 2.84E-10 2.74E-10 2.56E-10 2.25E-10 1.91E-10 1.71E-10
 1.57E-18 1.46E-15 3.16E-13 1.59E-11 9.84E-11 2.33E-10 2.78E-10 2.82E-10
 2.80E-10 2.70E-10 2.52E-10 2.22E-10 1.89E-10 1.69E-10
  47.8381    7  14 /pl=01:ss=26:pb= 1:sz=26/type=excit/ispb = t/isel =   18
 1.00E+10 1.00E+11 1.00E+12 1.00E+13 1.00E+14 1.00E+15 1.00E+16
 1.26E+01 1.88E+01 3.14E+01 6.28E+01 1.26E+02 3.14E+02 6.28E+02 9.42E+02
 1.26E+03 1.88E+03 3.14E+03 6.28E+03 1.26E+04 1.88E+04
 1.43E-19 1.17E-16 2.30E-14 1.04E-12 5.88E-12 1.32E-11 1.55E-11 1.59E-11
 1.58E-11 1.55E-11 1.47E-11 1.33E-11 1.17E-11 1.07E-11
 1.39E-19 1.13E-16 2.21E-14 9.67E-13 4.82E-12 9.66E-12 1.11E-11 1.12E-11
 1.12E-11 1.09E-11 1.04E-11 9.50E-12 8.41E-12 7.75E-12
 1.14E-19 9.10E-17 1.73E-14 6.83E-13 3.20E-12 6.83E-12 8.04E-12 8.21E-12
 8.17E-12 7.96E-12 7.52E-12 6.75E-12 5.87E-12 5.34E-12
 8.41E-20 6.58E-17 1.23E-14 5.05E-13 2.68E-12 6.15E-12 7.34E-12 7.51E-12
 7.47E-12 7.27E-12 6.83E-12 6.07E-12 5.21E-12 4.71E-12
 7.43E-20 5.74E-17 1.07E-14 4.62E-13 2.59E-12 6.01E-12 7.17E-12 7.34E-12
 7.30E-12 7.10E-12 6.68E-12 5.93E-12 5.08E-12 4.58E-12
 7.25E-20 5.59E-17 1.04E-14 4.56E-13 2.57E-12 5.95E-12 7.08E-12 7.24E-12
 7.21E-12 7.01E-12 6.59E-12 5.86E-12 5.02E-12 4.53E-12
 7.23E-20 5.58E-17 1.04E-14 4.56E-13 2.56E-12 5.88E-12 6.98E-12 7.13E-12
 7.09E-12 6.90E-12 6.49E-12 5.78E-12 4.97E-12 4.48E-12
  47.9309    7  14 /pl=01:ss=26:pb= 1:sz=26/type=excit/ispb = t/isel =   19
 1.00E+10 1.00E+11 1.00E+12 1.00E+13 1.00E+14 1.00E+15 1.00E+16
 1.26E+01 1.88E+01 3.14E+01 6.28E+01 1.26E+02 3.14E+02 6.28E+02 9.42E+02
 1.26E+03 1.88E+03 3.14E+03 6.28E+03 1.26E+04 1.88E+04
 8.59E-20 8.25E-17 1.84E-14 9.48E-13 6.42E-12 1.85E-11 2.36E-11 2.43E-11
 2.40E-11 2.30E-11 2.09E-11 1.77E-11 1.44E-11 1.27E-11
 8.85E-20 8.46E-17 1.89E-14 1.13E-12 1.13E-11 4.34E-11 5.91E-11 6.16E-11
 6.11E-11 5.79E-11 5.21E-11 4.24E-11 3.27E-11 2.77E-11
 1.29E-19 1.22E-16 2.77E-14 2.57E-12 3.29E-11 1.13E-10 1.46E-10 1.51E-10
 1.51E-10 1.45E-10 1.34E-10 1.14E-10 9.18E-11 7.97E-11
 4.69E-19 4.31E-16 9.57E-14 7.21E-12 5.79E-11 1.52E-10 1.86E-10 1.92E-10
 1.92E-10 1.86E-10 1.75E-10 1.55E-10 1.31E-10 1.18E-10
 9.60E-19 8.66E-16 1.84E-13 9.87E-12 6.35E-11 1.57E-10 1.90E-10 1.96E-10
 1.96E-10 1.90E-10 1.80E-10 1.60E-10 1.36E-10 1.23E-10
 1.08E-18 9.73E-16 2.05E-13 1.03E-11 6.40E-11 1.56E-10 1.89E-10 1.95E-10
 1.94E-10 1.89E-10 1.79E-10 1.59E-10 1.36E-10 1.23E-10
 1.10E-18 9.85E-16 2.07E-13 1.03E-11 6.39E-11 1.55E-10 1.86E-10 1.92E-10
 1.91E-10 1.86E-10 1.76E-10 1.57E-10 1.35E-10 1.22E-10
  48.0221    7  14 /pl=01:ss=26:pb= 1:sz=26/type=excit/ispb = t/isel =   20
 1.00E+10 1.00E+11 1.00E+12 1.00E+13 1.00E+14 1.00E+15 1.00E+16
 1.26E+01 1.88E+01 3.14E+01 6.28E+01 1.26E+02 3.14E+02 6.28E+02 9.42E+02
 1.26E+03 1.88E+03 3.14E+03 6.28E+03 1.26E+04 1.88E+04
 6.62E-19 5.43E-16 1.07E-13 4.84E-12 2.73E-11 6.13E-11 7.21E-11 7.37E-11
 7.35E-11 7.19E-11 6.83E-11 6.19E-11 5.42E-11 4.95E-11
 6.43E-19 5.25E-16 1.03E-13 4.49E-12 2.24E-11 4.48E-11 5.14E-11 5.22E-11
 5.20E-11 5.08E-11 4.84E-11 4.41E-11 3.90E-11 3.60E-11
 5.29E-19 4.22E-16 8.04E-14 3.17E-12 1.49E-11 3.17E-11 3.73E-11 3.81E-11
 3.79E-11 3.70E-11 3.49E-11 3.13E-11 2.72E-11 2.48E-11
 3.90E-19 3.05E-16 5.72E-14 2.34E-12 1.24E-11 2.85E-11 3.41E-11 3.49E-11
 3.47E-11 3.37E-11 3.17E-11 2.82E-11 2.42E-11 2.18E-11
 3.45E-19 2.67E-16 4.97E-14 2.14E-12 1.20E-11 2.79E-11 3.33E-11 3.41E-11
 3.39E-11 3.30E-11 3.10E-11 2.75E-11 2.36E-11 2.13E-11
 3.37E-19 2.60E-16 4.83E-14 2.12E-12 1.19E-11 2.76E-11 3.29E-11 3.36E-11
 3.34E-11 3.25E-11 3.06E-11 2.72E-11 2.33E-11 2.10E-11
 3.36E-19 2.59E-16 4.82E-14 2.12E-12 1.19E-11 2.73E-11 3.24E-11 3.31E-11
 3.29E-11 3.20E-11 3.01E-11 2.68E-11 2.31E-11 2.08E-11
  48.1765    7  14 /pl=01:ss=26:pb= 1:sz=26/type=excit/ispb = t/isel =   21
 1.00E+10 1.00E+11 1.00E+12 1.00E+13 1.00E+14 1.00E+15 1.00E+16
 1.26E+01 1.88E+01 3.14E+01 6.28E+01 1.26E+02 3.14E+02 6.28E+02 9.42E+02
 1.26E+03 1.88E+03 3.14E+03 6.28E+03 1.26E+04 1.88E+04
 1.21E-17 9.09E-15 1.67E-12 7.17E-11 3.94E-10 8.71E-10 1.01E-09 1.03E-09
 1.02E-09 9.92E-10 9.32E-10 8.33E-10 7.21E-10 6.57E-10
 1.18E-17 8.88E-15 1.62E-12 6.81E-11 3.40E-10 6.75E-10 7.65E-10 7.74E-10
 7.65E-10 7.44E-10 7.01E-10 6.31E-10 5.52E-10 5.06E-10
 1.02E-17 7.48E-15 1.33E-12 5.08E-11 2.33E-10 4.83E-10 5.61E-10 5.70E-10
 5.64E-10 5.48E-10 5.13E-10 4.56E-10 3.93E-10 3.58E-10
 7.75E-18 5.57E-15 9.76E-13 3.80E-11 1.95E-10 4.36E-10 5.13E-10 5.22E-10
 5.17E-10 5.01E-10 4.67E-10 4.11E-10 3.51E-10 3.16E-10
 6.89E-18 4.90E-15 8.52E-13 3.49E-11 1.89E-10 4.26E-10 5.02E-10 5.11E-10
 5.05E-10 4.89E-10 4.56E-10 4.02E-10 3.42E-10 3.08E-10
 6.74E-18 4.78E-15 8.30E-13 3.45E-11 1.88E-10 4.22E-10 4.96E-10 5.04E-10
 4.99E-10 4.83E-10 4.50E-10 3.97E-10 3.38E-10 3.04E-10
 6.72E-18 4.76E-15 8.28E-13 3.44E-11 1.87E-10 4.17E-10 4.88E-10 4.96E-10
 4.91E-10 4.75E-10 4.44E-10 3.92E-10 3.34E-10 3.01E-10
  48.3072    7  14 /pl=01:ss=26:pb= 1:sz=26/type=excit/ispb = t/isel =   22
 1.00E+10 1.00E+11 1.00E+12 1.00E+13 1.00E+14 1.00E+15 1.00E+16
 1.26E+01 1.88E+01 3.14E+01 6.28E+01 1.26E+02 3.14E+02 6.28E+02 9.42E+02
 1.26E+03 1.88E+03 3.14E+03 6.28E+03 1.26E+04 1.88E+04
 1.46E-19 1.13E-16 2.13E-14 1.02E-12 7.74E-12 2.52E-11 3.29E-11 3.41E-11
 3.38E-11 3.24E-11 2.94E-11 2.46E-11 1.97E-11 1.71E-11
 2.26E-19 1.78E-16 3.47E-14 2.14E-12 2.14E-11 6.54E-11 8.15E-11 8.35E-11
 8.26E-11 7.94E-11 7.29E-11 6.19E-11 5.03E-11 4.38E-11
 6.95E-19 5.39E-16 1.03E-13 5.48E-12 3.53E-11 8.40E-11 1.00E-10 1.02E-10
 1.01E-10 9.83E-11 9.18E-11 8.06E-11 6.84E-11 6.14E-11
 1.21E-18 8.86E-16 1.59E-13 6.68E-12 3.65E-11 8.42E-11 1.00E-10 1.02E-10
 1.02E-10 9.84E-11 9.20E-11 8.11E-11 6.91E-11 6.23E-11
 1.27E-18 9.21E-16 1.63E-13 6.66E-12 3.63E-11 8.34E-11 9.92E-11 1.01E-10
 1.00E-10 9.73E-11 9.10E-11 8.02E-11 6.85E-11 6.17E-11
 1.27E-18 9.20E-16 1.62E-13 6.65E-12 3.62E-11 8.27E-11 9.81E-11 9.99E-11
 9.91E-11 9.61E-11 8.99E-11 7.94E-11 6.78E-11 6.11E-11
 1.27E-18 9.20E-16 1.62E-13 6.65E-12 3.60E-11 8.18E-11 9.66E-11 9.83E-11
 9.75E-11 9.46E-11 8.86E-11 7.83E-11 6.70E-11 6.05E-11
  48.4289    7  14 /pl=01:ss=26:pb= 1:sz=26/type=excit/ispb = t/isel =   23
 1.00E+10 1.00E+11 1.00E+12 1.00E+13 1.00E+14 1.00E+15 1.00E+16
 1.26E+01 1.88E+01 3.14E+01 6.28E+01 1.26E+02 3.14E+02 6.28E+02 9.42E+02
 1.26E+03 1.88E+03 3.14E+03 6.28E+03 1.26E+04 1.88E+04
 2.32E-18 1.75E-15 3.21E-13 1.38E-11 7.59E-11 1.68E-10 1.95E-10 1.98E-10
 1.96E-10 1.91E-10 1.79E-10 1.60E-10 1.39E-10 1.26E-10
 2.28E-18 1.71E-15 3.13E-13 1.31E-11 6.54E-11 1.30E-10 1.47E-10 1.49E-10
 1.47E-10 1.43E-10 1.35E-10 1.22E-10 1.06E-10 9.75E-11
 1.96E-18 1.44E-15 2.57E-13 9.79E-12 4.49E-11 9.31E-11 1.08E-10 1.10E-10
 1.09E-10 1.05E-10 9.88E-11 8.78E-11 7.58E-11 6.89E-11
 1.49E-18 1.07E-15 1.88E-13 7.32E-12 3.76E-11 8.39E-11 9.88E-11 1.01E-10
 9.96E-11 9.64E-11 8.99E-11 7.92E-11 6.75E-11 6.08E-11
 1.33E-18 9.43E-16 1.64E-13 6.72E-12 3.64E-11 8.21E-11 9.66E-11 9.84E-11
 9.73E-11 9.42E-11 8.79E-11 7.73E-11 6.59E-11 5.93E-11
 1.30E-18 9.20E-16 1.60E-13 6.64E-12 3.62E-11 8.13E-11 9.54E-11 9.71E-11
 9.61E-11 9.30E-11 8.67E-11 7.64E-11 6.51E-11 5.86E-11
 1.29E-18 9.17E-16 1.59E-13 6.63E-12 3.61E-11 8.04E-11 9.40E-11 9.56E-11
 9.45E-11 9.16E-11 8.55E-11 7.54E-11 6.44E-11 5.80E-11
  48.4948    7  14 /pl=01:ss=26:pb= 1:sz=26/type=excit/ispb = t/isel =   24
 1.00E+10 1.00E+11 1.00E+12 1.00E+13 1.00E+14 1.00E+15 1.00E+16
 1.26E+01 1.88E+01 3.14E+01 6.28E+01 1.26E+02 3.14E+02 6.28E+02 9.42E+02
 1.26E+03 1.88E+03 3.14E+03 6.28E+03 1.26E+04 1.88E+04
 5.59E-20 4.32E-17 8.13E-15 3.90E-13 2.95E-12 9.60E-12 1.26E-11 1.30E-11
 1.29E-11 1.24E-11 1.12E-11 9.40E-12 7.53E-12 6.53E-12
 8.61E-20 6.81E-17 1.32E-14 8.15E-13 8.17E-12 2.50E-11 3.11E-11 3.19E-11
 3.15E-11 3.03E-11 2.78E-11 2.36E-11 1.92E-11 1.67E-11
 2.65E-19 2.06E-16 3.93E-14 2.09E-12 1.35E-11 3.20E-11 3.83E-11 3.91E-11
 3.87E-11 3.75E-11 3.50E-11 3.08E-11 2.61E-11 2.34E-11
 4.60E-19 3.38E-16 6.07E-14 2.55E-12 1.39E-11 3.21E-11 3.83E-11 3.91E-11
 3.88E-11 3.76E-11 3.51E-11 3.09E-11 2.64E-11 2.38E-11
 4.86E-19 3.52E-16 6.21E-14 2.54E-12 1.38E-11 3.18E-11 3.79E-11 3.86E-11
 3.83E-11 3.71E-11 3.47E-11 3.06E-11 2.61E-11 2.36E-11
 4.87E-19 3.51E-16 6.19E-14 2.54E-12 1.38E-11 3.16E-11 3.74E-11 3.81E-11
 3.78E-11 3.67E-11 3.43E-11 3.03E-11 2.59E-11 2.33E-11
 4.87E-19 3.51E-16 6.19E-14 2.54E-12 1.38E-11 3.12E-11 3.69E-11 3.75E-11
 3.72E-11 3.61E-11 3.38E-11 2.99E-11 2.56E-11 2.31E-11
  48.5254    7  14 /pl=01:ss=26:pb= 1:sz=26/type=excit/ispb = t/isel =   25
 1.00E+10 1.00E+11 1.00E+12 1.00E+13 1.00E+14 1.00E+15 1.00E+16
 1.26E+01 1.88E+01 3.14E+01 6.28E+01 1.26E+02 3.14E+02 6.28E+02 9.42E+02
 1.26E+03 1.88E+03 3.14E+03 6.28E+03 1.26E+04 1.88E+04
 1.03E-19 7.93E-17 1.50E-14 7.36E-13 6.23E-12 2.30E-11 3.12E-11 3.23E-11
 3.18E-11 3.00E-11 2.67E-11 2.15E-11 1.65E-11 1.39E-11
 2.34E-19 1.86E-16 3.64E-14 2.31E-12 2.68E-11 9.23E-11 1.17E-10 1.20E-10
 1.18E-10 1.13E-10 1.02E-10 8.51E-11 6.72E-11 5.70E-11
 1.02E-18 7.89E-16 1.50E-13 7.96E-12 5.24E-11 1.24E-10 1.48E-10 1.50E-10
 1.49E-10 1.44E-10 1.34E-10 1.17E-10 9.94E-11 8.86E-11
 1.74E-18 1.28E-15 2.28E-13 9.64E-12 5.33E-11 1.23E-10 1.46E-10 1.49E-10
 1.47E-10 1.42E-10 1.33E-10 1.16E-10 9.89E-11 8.84E-11
 1.83E-18 1.32E-15 2.31E-13 9.57E-12 5.28E-11 1.22E-10 1.44E-10 1.47E-10
 1.45E-10 1.40E-10 1.31E-10 1.15E-10 9.78E-11 8.74E-11
 1.83E-18 1.31E-15 2.31E-13 9.55E-12 5.26E-11 1.21E-10 1.42E-10 1.45E-10
 1.43E-10 1.39E-10 1.29E-10 1.14E-10 9.68E-11 8.66E-11
 1.83E-18 1.31E-15 2.31E-13 9.54E-12 5.25E-11 1.19E-10 1.40E-10 1.43E-10
 1.41E-10 1.36E-10 1.27E-10 1.12E-10 9.57E-11 8.57E-11
  48.6174    7  14 /pl=01:ss=26:pb= 1:sz=26/type=excit/ispb = t/isel =   26
 1.00E+10 1.00E+11 1.00E+12 1.00E+13 1.00E+14 1.00E+15 1.00E+16
 1.26E+01 1.88E+01 3.14E+01 6.28E+01 1.26E+02 3.14E+02 6.28E+02 9.42E+02
 1.26E+03 1.88E+03 3.14E+03 6.28E+03 1.26E+04 1.88E+04
 3.70E-19 2.79E-16 5.11E-14 2.20E-12 1.21E-11 2.67E-11 3.11E-11 3.16E-11
 3.13E-11 3.04E-11 2.86E-11 2.55E-11 2.21E-11 2.01E-11
 3.62E-19 2.72E-16 4.98E-14 2.09E-12 1.04E-11 2.07E-11 2.35E-11 2.37E-11
 2.35E-11 2.28E-11 2.15E-11 1.94E-11 1.69E-11 1.55E-11
 3.11E-19 2.29E-16 4.09E-14 1.56E-12 7.15E-12 1.48E-11 1.72E-11 1.75E-11
 1.73E-11 1.68E-11 1.57E-11 1.40E-11 1.21E-11 1.10E-11
 2.37E-19 1.71E-16 2.99E-14 1.17E-12 5.99E-12 1.34E-11 1.57E-11 1.60E-11
 1.59E-11 1.53E-11 1.43E-11 1.26E-11 1.07E-11 9.68E-12
 2.11E-19 1.50E-16 2.61E-14 1.07E-12 5.79E-12 1.31E-11 1.54E-11 1.57E-11
 1.55E-11 1.50E-11 1.40E-11 1.23E-11 1.05E-11 9.43E-12
 2.07E-19 1.46E-16 2.55E-14 1.06E-12 5.76E-12 1.29E-11 1.52E-11 1.55E-11
 1.53E-11 1.48E-11 1.38E-11 1.22E-11 1.04E-11 9.33E-12
 2.06E-19 1.46E-16 2.54E-14 1.06E-12 5.74E-12 1.28E-11 1.50E-11 1.52E-11
 1.50E-11 1.46E-11 1.36E-11 1.20E-11 1.02E-11 9.23E-12
  49.0942    7  14 /pl=01:ss=26:pb= 1:sz=26/type=excit/ispb = t/isel =   27
 1.00E+10 1.00E+11 1.00E+12 1.00E+13 1.00E+14 1.00E+15 1.00E+16
 1.26E+01 1.88E+01 3.14E+01 6.28E+01 1.26E+02 3.14E+02 6.28E+02 9.42E+02
 1.26E+03 1.88E+03 3.14E+03 6.28E+03 1.26E+04 1.88E+04
 3.82E-18 2.54E-15 4.21E-13 1.68E-11 8.91E-11 1.95E-10 2.26E-10 2.29E-10
 2.27E-10 2.20E-10 2.06E-10 1.83E-10 1.58E-10 1.44E-10
 3.77E-18 2.50E-15 4.13E-13 1.62E-11 8.00E-11 1.59E-10 1.80E-10 1.81E-10
 1.79E-10 1.74E-10 1.63E-10 1.46E-10 1.28E-10 1.17E-10
 3.38E-18 2.20E-15 3.55E-13 1.28E-11 5.72E-11 1.17E-10 1.35E-10 1.36E-10
 1.35E-10 1.30E-10 1.22E-10 1.08E-10 9.33E-11 8.50E-11
 2.68E-18 1.70E-15 2.69E-13 9.74E-12 4.82E-11 1.05E-10 1.23E-10 1.25E-10
 1.24E-10 1.19E-10 1.11E-10 9.80E-11 8.34E-11 7.54E-11
 2.40E-18 1.51E-15 2.36E-13 8.95E-12 4.67E-11 1.03E-10 1.21E-10 1.22E-10
 1.21E-10 1.17E-10 1.09E-10 9.57E-11 8.14E-11 7.35E-11
 2.35E-18 1.47E-15 2.31E-13 8.85E-12 4.64E-11 1.02E-10 1.19E-10 1.21E-10
 1.19E-10 1.15E-10 1.08E-10 9.46E-11 8.05E-11 7.26E-11
 2.35E-18 1.46E-15 2.30E-13 8.84E-12 4.62E-11 1.01E-10 1.17E-10 1.19E-10
 1.17E-10 1.13E-10 1.06E-10 9.34E-11 7.96E-11 7.19E-11
  49.3563    7  14 /pl=01:ss=26:pb= 1:sz=26/type=excit/ispb = t/isel =   28
 1.00E+10 1.00E+11 1.00E+12 1.00E+13 1.00E+14 1.00E+15 1.00E+16
 1.26E+01 1.88E+01 3.14E+01 6.28E+01 1.26E+02 3.14E+02 6.28E+02 9.42E+02
 1.26E+03 1.88E+03 3.14E+03 6.28E+03 1.26E+04 1.88E+04
 1.18E-18 7.88E-16 1.30E-13 5.20E-12 2.76E-11 6.04E-11 7.00E-11 7.10E-11
 7.03E-11 6.81E-11 6.39E-11 5.69E-11 4.91E-11 4.48E-11
 1.17E-18 7.77E-16 1.28E-13 5.03E-12 2.48E-11 4.93E-11 5.57E-11 5.62E-11
 5.56E-11 5.39E-11 5.07E-11 4.54E-11 3.95E-11 3.62E-11
 1.05E-18 6.82E-16 1.10E-13 3.96E-12 1.77E-11 3.61E-11 4.17E-11 4.22E-11
 4.18E-11 4.04E-11 3.79E-11 3.36E-11 2.89E-11 2.64E-11
 8.32E-19 5.27E-16 8.34E-14 3.02E-12 1.50E-11 3.26E-11 3.82E-11 3.88E-11
 3.84E-11 3.71E-11 3.46E-11 3.04E-11 2.59E-11 2.34E-11
 7.45E-19 4.67E-16 7.33E-14 2.78E-12 1.45E-11 3.19E-11 3.74E-11 3.79E-11
 3.75E-11 3.62E-11 3.38E-11 2.97E-11 2.52E-11 2.28E-11
 7.29E-19 4.55E-16 7.15E-14 2.74E-12 1.44E-11 3.16E-11 3.69E-11 3.74E-11
 3.70E-11 3.57E-11 3.33E-11 2.93E-11 2.50E-11 2.25E-11
 7.27E-19 4.54E-16 7.13E-14 2.74E-12 1.43E-11 3.13E-11 3.64E-11 3.68E-11
 3.64E-11 3.52E-11 3.29E-11 2.89E-11 2.47E-11 2.23E-11
  49.6650    7  14 /pl=01:ss=26:pb= 1:sz=26/type=excit/ispb = t/isel =   29
 1.00E+10 1.00E+11 1.00E+12 1.00E+13 1.00E+14 1.00E+15 1.00E+16
 1.26E+01 1.88E+01 3.14E+01 6.28E+01 1.26E+02 3.14E+02 6.28E+02 9.42E+02
 1.26E+03 1.88E+03 3.14E+03 6.28E+03 1.26E+04 1.88E+04
 7.32E-20 5.66E-17 1.06E-14 5.11E-13 3.87E-12 1.26E-11 1.65E-11 1.71E-11
 1.69E-11 1.62E-11 1.47E-11 1.23E-11 9.86E-12 8.55E-12
 1.13E-19 8.92E-17 1.73E-14 1.07E-12 1.07E-11 3.27E-11 4.07E-11 4.17E-11
 4.13E-11 3.97E-11 3.64E-11 3.10E-11 2.52E-11 2.19E-11
 3.47E-19 2.70E-16 5.14E-14 2.74E-12 1.77E-11 4.20E-11 5.02E-11 5.12E-11
 5.07E-11 4.92E-11 4.59E-11 4.03E-11 3.42E-11 3.07E-11
 6.03E-19 4.43E-16 7.95E-14 3.34E-12 1.82E-11 4.21E-11 5.02E-11 5.12E-11
 5.08E-11 4.92E-11 4.60E-11 4.05E-11 3.46E-11 3.11E-11
 6.36E-19 4.60E-16 8.13E-14 3.33E-12 1.81E-11 4.17E-11 4.96E-11 5.05E-11
 5.01E-11 4.86E-11 4.55E-11 4.01E-11 3.42E-11 3.09E-11
 6.37E-19 4.60E-16 8.11E-14 3.33E-12 1.81E-11 4.14E-11 4.90E-11 4.99E-11
 4.95E-11 4.81E-11 4.50E-11 3.97E-11 3.39E-11 3.06E-11
 6.37E-19 4.60E-16 8.11E-14 3.32E-12 1.80E-11 4.09E-11 4.83E-11 4.91E-11
 4.87E-11 4.73E-11 4.43E-11 3.92E-11 3.35E-11 3.03E-11
  50.7181    7  14 /pl=01:ss=26:pb= 1:sz=26/type=excit/ispb = t/isel =   30
 1.00E+10 1.00E+11 1.00E+12 1.00E+13 1.00E+14 1.00E+15 1.00E+16
 1.26E+01 1.88E+01 3.14E+01 6.28E+01 1.26E+02 3.14E+02 6.28E+02 9.42E+02
 1.26E+03 1.88E+03 3.14E+03 6.28E+03 1.26E+04 1.88E+04
 7.21E-19 4.04E-16 5.86E-14 2.35E-12 1.73E-11 5.47E-11 6.97E-11 7.13E-11
 7.00E-11 6.62E-11 5.94E-11 4.87E-11 3.82E-11 3.29E-11
 1.20E-18 6.94E-16 1.05E-13 5.51E-12 4.83E-11 1.24E-10 1.44E-10 1.45E-10
 1.43E-10 1.37E-10 1.26E-10 1.08E-10 8.89E-11 7.85E-11
 3.34E-18 1.88E-15 2.74E-13 1.13E-11 5.70E-11 1.17E-10 1.34E-10 1.35E-10
 1.33E-10 1.28E-10 1.19E-10 1.04E-10 8.87E-11 8.02E-11
 4.31E-18 2.30E-15 3.16E-13 1.08E-11 5.20E-11 1.10E-10 1.27E-10 1.28E-10
 1.27E-10 1.22E-10 1.13E-10 9.84E-11 8.32E-11 7.50E-11
 4.23E-18 2.22E-15 3.02E-13 1.03E-11 5.09E-11 1.09E-10 1.25E-10 1.26E-10
 1.24E-10 1.20E-10 1.11E-10 9.67E-11 8.17E-11 7.36E-11
 4.20E-18 2.20E-15 2.99E-13 1.02E-11 5.06E-11 1.08E-10 1.24E-10 1.25E-10
 1.23E-10 1.18E-10 1.09E-10 9.56E-11 8.09E-11 7.29E-11
 4.20E-18 2.20E-15 2.98E-13 1.02E-11 5.04E-11 1.06E-10 1.22E-10 1.23E-10
 1.21E-10 1.16E-10 1.08E-10 9.43E-11 7.99E-11 7.21E-11
  51.4235    7  14 /pl=01:ss=26:pb= 1:sz=26/type=excit/ispb = t/isel =   31
 1.00E+10 1.00E+11 1.00E+12 1.00E+13 1.00E+14 1.00E+15 1.00E+16
 1.26E+01 1.88E+01 3.14E+01 6.28E+01 1.26E+02 3.14E+02 6.28E+02 9.42E+02
 1.26E+03 1.88E+03 3.14E+03 6.28E+03 1.26E+04 1.88E+04
 8.63E-19 5.18E-16 7.90E-14 2.98E-12 1.59E-11 3.62E-11 4.26E-11 4.31E-11
 4.25E-11 4.08E-11 3.79E-11 3.29E-11 2.78E-11 2.50E-11
 8.48E-19 5.06E-16 7.70E-14 2.98E-12 1.79E-11 4.85E-11 6.03E-11 6.14E-11
 6.02E-11 5.69E-11 5.13E-11 4.24E-11 3.39E-11 2.95E-11
 8.35E-19 4.88E-16 7.40E-14 3.77E-12 3.36E-11 9.89E-11 1.21E-10 1.23E-10
 1.21E-10 1.15E-10 1.04E-10 8.68E-11 6.94E-11 6.00E-11
 1.76E-18 1.01E-15 1.54E-13 8.19E-12 5.49E-11 1.29E-10 1.51E-10 1.52E-10
 1.50E-10 1.44E-10 1.32E-10 1.14E-10 9.50E-11 8.45E-11
 3.29E-18 1.86E-15 2.72E-13 1.09E-11 5.98E-11 1.33E-10 1.54E-10 1.55E-10
 1.53E-10 1.47E-10 1.35E-10 1.17E-10 9.86E-11 8.83E-11
 3.68E-18 2.07E-15 3.00E-13 1.13E-11 6.03E-11 1.32E-10 1.53E-10 1.54E-10
 1.52E-10 1.46E-10 1.35E-10 1.17E-10 9.83E-11 8.81E-11
 3.72E-18 2.10E-15 3.03E-13 1.13E-11 6.02E-11 1.31E-10 1.51E-10 1.52E-10
 1.50E-10 1.44E-10 1.33E-10 1.15E-10 9.73E-11 8.73E-11
  51.4383    7  14 /pl=01:ss=26:pb= 1:sz=26/type=excit/ispb = t/isel =   32
 1.00E+10 1.00E+11 1.00E+12 1.00E+13 1.00E+14 1.00E+15 1.00E+16
 1.26E+01 1.88E+01 3.14E+01 6.28E+01 1.26E+02 3.14E+02 6.28E+02 9.42E+02
 1.26E+03 1.88E+03 3.14E+03 6.28E+03 1.26E+04 1.88E+04
 2.45E-20 1.35E-17 2.02E-15 1.24E-13 1.79E-12 8.60E-12 1.21E-11 1.26E-11
 1.23E-11 1.15E-11 1.00E-11 7.75E-12 5.64E-12 4.58E-12
 2.20E-19 1.21E-16 1.80E-14 1.08E-12 1.37E-11 4.94E-11 6.28E-11 6.43E-11
 6.31E-11 5.99E-11 5.38E-11 4.41E-11 3.41E-11 2.87E-11
 1.59E-18 8.42E-16 1.19E-13 5.32E-12 3.41E-11 7.92E-11 9.29E-11 9.42E-11
 9.29E-11 8.94E-11 8.29E-11 7.22E-11 6.07E-11 5.42E-11
 3.38E-18 1.68E-15 2.21E-13 7.49E-12 3.72E-11 8.13E-11 9.46E-11 9.60E-11
 9.46E-11 9.12E-11 8.48E-11 7.44E-11 6.31E-11 5.67E-11
 3.69E-18 1.81E-15 2.34E-13 7.62E-12 3.72E-11 8.08E-11 9.37E-11 9.50E-11
 9.36E-11 9.03E-11 8.40E-11 7.38E-11 6.26E-11 5.63E-11
 3.71E-18 1.81E-15 2.34E-13 7.62E-12 3.71E-11 8.01E-11 9.27E-11 9.39E-11
 9.25E-11 8.93E-11 8.30E-11 7.30E-11 6.20E-11 5.58E-11
 3.72E-18 1.82E-15 2.34E-13 7.62E-12 3.70E-11 7.92E-11 9.13E-11 9.24E-11
 9.10E-11 8.79E-11 8.18E-11 7.21E-11 6.14E-11 5.53E-11
  51.7150    7  14 /pl=01:ss=26:pb= 1:sz=26/type=excit/ispb = t/isel =   33
 1.00E+10 1.00E+11 1.00E+12 1.00E+13 1.00E+14 1.00E+15 1.00E+16
 1.26E+01 1.88E+01 3.14E+01 6.28E+01 1.26E+02 3.14E+02 6.28E+02 9.42E+02
 1.26E+03 1.88E+03 3.14E+03 6.28E+03 1.26E+04 1.88E+04
 1.78E-18 8.97E-16 1.20E-13 4.21E-12 2.43E-11 6.50E-11 8.07E-11 8.25E-11
 8.08E-11 7.70E-11 6.98E-11 5.86E-11 4.77E-11 4.17E-11
 2.43E-18 1.25E-15 1.70E-13 7.05E-12 5.70E-11 1.67E-10 2.04E-10 2.07E-10
 2.02E-10 1.92E-10 1.74E-10 1.45E-10 1.16E-10 9.96E-11
 6.34E-18 3.22E-15 4.36E-13 1.72E-11 9.70E-11 2.12E-10 2.45E-10 2.48E-10
 2.43E-10 2.33E-10 2.15E-10 1.88E-10 1.58E-10 1.42E-10
 9.94E-18 4.79E-15 6.11E-13 2.00E-11 9.73E-11 2.09E-10 2.41E-10 2.44E-10
 2.39E-10 2.29E-10 2.12E-10 1.85E-10 1.57E-10 1.40E-10
 1.03E-17 4.88E-15 6.14E-13 1.98E-11 9.63E-11 2.06E-10 2.38E-10 2.40E-10
 2.36E-10 2.26E-10 2.09E-10 1.83E-10 1.55E-10 1.39E-10
 1.03E-17 4.87E-15 6.12E-13 1.97E-11 9.60E-11 2.04E-10 2.35E-10 2.37E-10
 2.33E-10 2.23E-10 2.07E-10 1.81E-10 1.53E-10 1.37E-10
 1.03E-17 4.87E-15 6.12E-13 1.97E-11 9.57E-11 2.02E-10 2.32E-10 2.34E-10
 2.29E-10 2.20E-10 2.04E-10 1.79E-10 1.51E-10 1.36E-10
  52.6649    7  14 /pl=01:ss=26:pb= 1:sz=26/type=excit/ispb = t/isel =   34
 1.00E+10 1.00E+11 1.00E+12 1.00E+13 1.00E+14 1.00E+15 1.00E+16
 1.26E+01 1.88E+01 3.14E+01 6.28E+01 1.26E+02 3.14E+02 6.28E+02 9.42E+02
 1.26E+03 1.88E+03 3.14E+03 6.28E+03 1.26E+04 1.88E+04
 2.88E-18 1.22E-15 1.40E-13 4.24E-12 1.95E-11 3.88E-11 4.34E-11 4.35E-11
 4.28E-11 4.10E-11 3.82E-11 3.38E-11 2.92E-11 2.65E-11
 2.79E-18 1.17E-15 1.34E-13 3.91E-12 1.58E-11 2.77E-11 3.03E-11 3.02E-11
 2.97E-11 2.85E-11 2.66E-11 2.37E-11 2.07E-11 1.90E-11
 2.24E-18 9.21E-16 1.03E-13 2.67E-12 1.01E-11 1.92E-11 2.17E-11 2.18E-11
 2.14E-11 2.05E-11 1.89E-11 1.66E-11 1.41E-11 1.28E-11
 1.59E-18 6.39E-16 7.02E-14 1.91E-12 8.34E-12 1.73E-11 1.98E-11 2.00E-11
 1.96E-11 1.87E-11 1.72E-11 1.49E-11 1.26E-11 1.13E-11
 1.39E-18 5.51E-16 6.03E-14 1.74E-12 8.06E-12 1.69E-11 1.94E-11 1.95E-11
 1.92E-11 1.83E-11 1.68E-11 1.46E-11 1.23E-11 1.10E-11
 1.35E-18 5.36E-16 5.86E-14 1.72E-12 8.01E-12 1.67E-11 1.92E-11 1.93E-11
 1.89E-11 1.80E-11 1.66E-11 1.44E-11 1.21E-11 1.08E-11
 1.35E-18 5.34E-16 5.84E-14 1.72E-12 7.98E-12 1.66E-11 1.89E-11 1.90E-11
 1.86E-11 1.78E-11 1.64E-11 1.42E-11 1.20E-11 1.07E-11
  53.8242    7  14 /pl=01:ss=26:pb= 1:sz=26/type=excit/ispb = t/isel =   35
 1.00E+10 1.00E+11 1.00E+12 1.00E+13 1.00E+14 1.00E+15 1.00E+16
 1.26E+01 1.88E+01 3.14E+01 6.28E+01 1.26E+02 3.14E+02 6.28E+02 9.42E+02
 1.26E+03 1.88E+03 3.14E+03 6.28E+03 1.26E+04 1.88E+04
 7.33E-17 2.73E-14 2.80E-12 7.84E-11 3.42E-10 6.63E-10 7.29E-10 7.29E-10
 7.18E-10 6.90E-10 6.43E-10 5.69E-10 4.91E-10 4.45E-10
 7.09E-17 2.63E-14 2.69E-12 7.21E-11 2.74E-10 4.66E-10 4.98E-10 4.95E-10
 4.87E-10 4.69E-10 4.38E-10 3.92E-10 3.43E-10 3.14E-10
 5.65E-17 2.04E-14 2.03E-12 4.87E-11 1.74E-10 3.19E-10 3.51E-10 3.52E-10
 3.46E-10 3.32E-10 3.07E-10 2.70E-10 2.31E-10 2.09E-10
 3.98E-17 1.41E-14 1.38E-12 3.50E-11 1.44E-10 2.87E-10 3.21E-10 3.22E-10
 3.17E-10 3.03E-10 2.79E-10 2.43E-10 2.05E-10 1.84E-10
 3.50E-17 1.23E-14 1.20E-12 3.21E-11 1.40E-10 2.81E-10 3.14E-10 3.15E-10
 3.10E-10 2.96E-10 2.73E-10 2.37E-10 2.01E-10 1.79E-10
 3.43E-17 1.20E-14 1.17E-12 3.17E-11 1.39E-10 2.78E-10 3.10E-10 3.11E-10
 3.06E-10 2.92E-10 2.70E-10 2.34E-10 1.98E-10 1.77E-10
 3.42E-17 1.19E-14 1.16E-12 3.16E-11 1.39E-10 2.75E-10 3.06E-10 3.06E-10
 3.01E-10 2.88E-10 2.66E-10 2.32E-10 1.96E-10 1.75E-10
  54.3072    7  14 /pl=01:ss=26:pb= 1:sz=26/type=excit/ispb = t/isel =   36
 1.00E+10 1.00E+11 1.00E+12 1.00E+13 1.00E+14 1.00E+15 1.00E+16
 1.26E+01 1.88E+01 3.14E+01 6.28E+01 1.26E+02 3.14E+02 6.28E+02 9.42E+02
 1.26E+03 1.88E+03 3.14E+03 6.28E+03 1.26E+04 1.88E+04
 2.91E-19 1.12E-16 1.21E-14 4.85E-13 4.97E-12 2.02E-11 2.72E-11 2.79E-11
 2.72E-11 2.54E-11 2.21E-11 1.71E-11 1.26E-11 1.04E-11
 1.40E-18 5.52E-16 6.22E-14 2.93E-12 3.12E-11 9.85E-11 1.20E-10 1.22E-10
 1.19E-10 1.13E-10 1.01E-10 8.31E-11 6.50E-11 5.50E-11
 8.44E-18 3.20E-15 3.44E-13 1.22E-11 6.62E-11 1.40E-10 1.59E-10 1.60E-10
 1.57E-10 1.51E-10 1.39E-10 1.21E-10 1.02E-10 9.11E-11
 1.57E-17 5.60E-15 5.61E-13 1.54E-11 6.85E-11 1.39E-10 1.58E-10 1.59E-10
 1.56E-10 1.50E-10 1.39E-10 1.21E-10 1.03E-10 9.21E-11
 1.66E-17 5.82E-15 5.75E-13 1.54E-11 6.80E-11 1.38E-10 1.57E-10 1.57E-10
 1.54E-10 1.48E-10 1.37E-10 1.20E-10 1.02E-10 9.12E-11
 1.66E-17 5.82E-15 5.73E-13 1.53E-11 6.78E-11 1.37E-10 1.55E-10 1.55E-10
 1.52E-10 1.46E-10 1.36E-10 1.18E-10 1.01E-10 9.03E-11
 1.66E-17 5.82E-15 5.73E-13 1.53E-11 6.76E-11 1.35E-10 1.52E-10 1.53E-10
 1.50E-10 1.44E-10 1.34E-10 1.17E-10 9.95E-11 8.94E-11
  55.5865    7  14 /pl=01:ss=26:pb= 1:sz=26/type=excit/ispb = t/isel =   37
 1.00E+10 1.00E+11 1.00E+12 1.00E+13 1.00E+14 1.00E+15 1.00E+16
 1.26E+01 1.88E+01 3.14E+01 6.28E+01 1.26E+02 3.14E+02 6.28E+02 9.42E+02
 1.26E+03 1.88E+03 3.14E+03 6.28E+03 1.26E+04 1.88E+04
 1.44E-17 4.41E-15 3.89E-13 9.69E-12 4.06E-11 7.73E-11 8.55E-11 8.50E-11
 8.34E-11 7.99E-11 7.41E-11 6.51E-11 5.58E-11 5.06E-11
 1.40E-17 4.26E-15 3.73E-13 8.94E-12 3.29E-11 5.57E-11 6.03E-11 5.98E-11
 5.86E-11 5.61E-11 5.21E-11 4.60E-11 3.98E-11 3.64E-11
 1.12E-17 3.34E-15 2.84E-13 6.11E-12 2.13E-11 3.98E-11 4.48E-11 4.47E-11
 4.38E-11 4.18E-11 3.83E-11 3.31E-11 2.80E-11 2.52E-11
 7.99E-18 2.33E-15 1.96E-13 4.45E-12 1.81E-11 3.66E-11 4.19E-11 4.18E-11
 4.10E-11 3.90E-11 3.56E-11 3.05E-11 2.54E-11 2.27E-11
 7.10E-18 2.05E-15 1.71E-13 4.11E-12 1.76E-11 3.60E-11 4.11E-11 4.11E-11
 4.02E-11 3.83E-11 3.50E-11 2.99E-11 2.49E-11 2.22E-11
 6.95E-18 2.00E-15 1.67E-13 4.06E-12 1.75E-11 3.57E-11 4.07E-11 4.06E-11
 3.98E-11 3.78E-11 3.46E-11 2.96E-11 2.47E-11 2.20E-11
 6.94E-18 1.99E-15 1.67E-13 4.06E-12 1.74E-11 3.54E-11 4.01E-11 4.00E-11
 3.92E-11 3.73E-11 3.41E-11 2.93E-11 2.44E-11 2.18E-11
  55.6565    7  14 /pl=01:ss=26:pb= 1:sz=26/type=excit/ispb = t/isel =   38
 1.00E+10 1.00E+11 1.00E+12 1.00E+13 1.00E+14 1.00E+15 1.00E+16
 1.26E+01 1.88E+01 3.14E+01 6.28E+01 1.26E+02 3.14E+02 6.28E+02 9.42E+02
 1.26E+03 1.88E+03 3.14E+03 6.28E+03 1.26E+04 1.88E+04
 2.54E-18 9.44E-16 9.71E-14 2.72E-12 1.19E-11 2.30E-11 2.53E-11 2.53E-11
 2.49E-11 2.39E-11 2.23E-11 1.97E-11 1.70E-11 1.54E-11
 2.46E-18 9.10E-16 9.30E-14 2.50E-12 9.51E-12 1.61E-11 1.72E-11 1.72E-11
 1.69E-11 1.62E-11 1.52E-11 1.36E-11 1.19E-11 1.09E-11
 1.96E-18 7.08E-16 7.04E-14 1.69E-12 6.02E-12 1.10E-11 1.22E-11 1.22E-11
 1.20E-11 1.15E-11 1.06E-11 9.34E-12 8.01E-12 7.23E-12
 1.38E-18 4.89E-16 4.79E-14 1.21E-12 5.01E-12 9.94E-12 1.11E-11 1.12E-11
 1.10E-11 1.05E-11 9.68E-12 8.42E-12 7.12E-12 6.36E-12
 1.21E-18 4.25E-16 4.15E-14 1.11E-12 4.84E-12 9.72E-12 1.09E-11 1.09E-11
 1.07E-11 1.03E-11 9.46E-12 8.22E-12 6.95E-12 6.20E-12
 1.19E-18 4.15E-16 4.04E-14 1.10E-12 4.82E-12 9.63E-12 1.08E-11 1.08E-11
 1.06E-11 1.01E-11 9.35E-12 8.12E-12 6.87E-12 6.14E-12
 1.18E-18 4.14E-16 4.03E-14 1.10E-12 4.80E-12 9.53E-12 1.06E-11 1.06E-11
 1.04E-11 9.99E-12 9.22E-12 8.02E-12 6.80E-12 6.08E-12
  57.6070    7  14 /pl=01:ss=26:pb= 1:sz=26/type=excit/ispb = t/isel =   39
 1.00E+10 1.00E+11 1.00E+12 1.00E+13 1.00E+14 1.00E+15 1.00E+16
 1.26E+01 1.88E+01 3.14E+01 6.28E+01 1.26E+02 3.14E+02 6.28E+02 9.42E+02
 1.26E+03 1.88E+03 3.14E+03 6.28E+03 1.26E+04 1.88E+04
 6.42E-17 1.58E-14 1.19E-12 2.61E-11 1.02E-10 1.84E-10 1.99E-10 1.97E-10
 1.93E-10 1.84E-10 1.71E-10 1.51E-10 1.30E-10 1.18E-10
 6.21E-17 1.53E-14 1.14E-12 2.40E-11 8.18E-11 1.29E-10 1.36E-10 1.34E-10
 1.31E-10 1.25E-10 1.17E-10 1.04E-10 9.05E-11 8.29E-11
 4.94E-17 1.19E-14 8.61E-13 1.61E-11 5.13E-11 8.71E-11 9.50E-11 9.41E-11
 9.20E-11 8.75E-11 8.09E-11 7.08E-11 6.04E-11 5.46E-11
 3.45E-17 8.11E-15 5.81E-13 1.14E-11 4.20E-11 7.77E-11 8.61E-11 8.55E-11
 8.36E-11 7.94E-11 7.31E-11 6.32E-11 5.31E-11 4.76E-11
 2.99E-17 6.95E-15 4.96E-13 1.04E-11 4.05E-11 7.60E-11 8.42E-11 8.36E-11
 8.17E-11 7.75E-11 7.13E-11 6.17E-11 5.18E-11 4.63E-11
 2.91E-17 6.75E-15 4.81E-13 1.02E-11 4.03E-11 7.52E-11 8.32E-11 8.25E-11
 8.06E-11 7.66E-11 7.04E-11 6.09E-11 5.12E-11 4.58E-11
 2.90E-17 6.72E-15 4.79E-13 1.02E-11 4.01E-11 7.44E-11 8.20E-11 8.13E-11
 7.94E-11 7.54E-11 6.95E-11 6.02E-11 5.06E-11 4.53E-11
  58.0559    7  14 /pl=01:ss=26:pb= 1:sz=26/type=excit/ispb = t/isel =   40
 1.00E+10 1.00E+11 1.00E+12 1.00E+13 1.00E+14 1.00E+15 1.00E+16
 1.26E+01 1.88E+01 3.14E+01 6.28E+01 1.26E+02 3.14E+02 6.28E+02 9.42E+02
 1.26E+03 1.88E+03 3.14E+03 6.28E+03 1.26E+04 1.88E+04
 8.46E-18 2.13E-15 1.62E-13 3.70E-12 1.62E-11 3.51E-11 4.09E-11 4.11E-11
 4.02E-11 3.81E-11 3.48E-11 2.95E-11 2.46E-11 2.18E-11
 9.97E-18 2.53E-15 1.95E-13 4.88E-12 2.74E-11 6.73E-11 7.83E-11 7.84E-11
 7.65E-11 7.22E-11 6.52E-11 5.44E-11 4.37E-11 3.78E-11
 1.93E-17 4.88E-15 3.75E-13 9.42E-12 4.23E-11 8.18E-11 9.10E-11 9.07E-11
 8.86E-11 8.44E-11 7.77E-11 6.72E-11 5.66E-11 5.06E-11
 2.81E-17 6.76E-15 4.94E-13 1.06E-11 4.20E-11 8.01E-11 8.92E-11 8.89E-11
 8.69E-11 8.28E-11 7.62E-11 6.60E-11 5.56E-11 4.97E-11
 2.88E-17 6.83E-15 4.92E-13 1.05E-11 4.16E-11 7.92E-11 8.79E-11 8.76E-11
 8.57E-11 8.16E-11 7.51E-11 6.51E-11 5.48E-11 4.91E-11
 2.88E-17 6.81E-15 4.90E-13 1.04E-11 4.14E-11 7.85E-11 8.69E-11 8.66E-11
 8.46E-11 8.06E-11 7.43E-11 6.44E-11 5.43E-11 4.86E-11
 2.88E-17 6.80E-15 4.89E-13 1.04E-11 4.13E-11 7.76E-11 8.57E-11 8.52E-11
 8.33E-11 7.94E-11 7.32E-11 6.35E-11 5.37E-11 4.81E-11
  131.148    7  14 /pl=01:ss=26:pb= 1:sz=26/type=excit/ispb = t/isel =   41
 1.00E+10 1.00E+11 1.00E+12 1.00E+13 1.00E+14 1.00E+15 1.00E+16
 1.26E+01 1.88E+01 3.14E+01 6.28E+01 1.26E+02 3.14E+02 6.28E+02 9.42E+02
 1.26E+03 1.88E+03 3.14E+03 6.28E+03 1.26E+04 1.88E+04
 9.11E-23 9.18E-19 1.34E-15 2.72E-13 3.24E-12 1.12E-11 1.44E-11 1.48E-11
 1.46E-11 1.38E-11 1.24E-11 1.04E-11 8.34E-12 7.29E-12
 8.82E-23 8.85E-19 1.28E-15 2.50E-13 2.61E-12 7.91E-12 9.97E-12 1.02E-11
 1.00E-11 9.52E-12 8.60E-12 7.25E-12 5.92E-12 5.23E-12
 7.05E-23 6.91E-19 9.73E-16 1.70E-13 1.65E-12 5.40E-12 7.03E-12 7.24E-12
 7.14E-12 6.76E-12 6.06E-12 5.03E-12 4.04E-12 3.53E-12
 4.96E-23 4.76E-19 6.61E-16 1.21E-13 1.36E-12 4.82E-12 6.39E-12 6.60E-12
 6.51E-12 6.15E-12 5.50E-12 4.52E-12 3.59E-12 3.11E-12
 4.31E-23 4.09E-19 5.65E-16 1.10E-13 1.31E-12 4.71E-12 6.24E-12 6.45E-12
 6.36E-12 6.01E-12 5.37E-12 4.42E-12 3.50E-12 3.03E-12
 4.19E-23 3.97E-19 5.48E-16 1.08E-13 1.30E-12 4.67E-12 6.17E-12 6.36E-12
 6.28E-12 5.93E-12 5.30E-12 4.36E-12 3.46E-12 2.99E-12
 4.18E-23 3.96E-19 5.46E-16 1.08E-13 1.30E-12 4.62E-12 6.08E-12 6.26E-12
 6.18E-12 5.84E-12 5.22E-12 4.31E-12 3.42E-12 2.96E-12
  143.246    7  14 /pl=01:ss=26:pb= 1:sz=26/type=excit/ispb = t/isel =   42
 1.00E+10 1.00E+11 1.00E+12 1.00E+13 1.00E+14 1.00E+15 1.00E+16
 1.26E+01 1.88E+01 3.14E+01 6.28E+01 1.26E+02 3.14E+02 6.28E+02 9.42E+02
 1.26E+03 1.88E+03 3.14E+03 6.28E+03 1.26E+04 1.88E+04
 1.19E-22 1.20E-18 1.75E-15 3.56E-13 4.25E-12 1.46E-11 1.89E-11 1.94E-11
 1.92E-11 1.81E-11 1.63E-11 1.36E-11 1.09E-11 9.56E-12
 1.16E-22 1.16E-18 1.68E-15 3.28E-13 3.42E-12 1.04E-11 1.31E-11 1.34E-11
 1.32E-11 1.25E-11 1.13E-11 9.50E-12 7.76E-12 6.86E-12
 9.25E-23 9.06E-19 1.28E-15 2.23E-13 2.17E-12 7.08E-12 9.22E-12 9.49E-12
 9.37E-12 8.86E-12 7.95E-12 6.60E-12 5.29E-12 4.63E-12
 6.50E-23 6.25E-19 8.67E-16 1.58E-13 1.78E-12 6.33E-12 8.38E-12 8.65E-12
 8.54E-12 8.06E-12 7.21E-12 5.93E-12 4.70E-12 4.07E-12
 5.65E-23 5.36E-19 7.41E-16 1.44E-13 1.72E-12 6.18E-12 8.19E-12 8.45E-12
 8.34E-12 7.88E-12 7.04E-12 5.79E-12 4.59E-12 3.97E-12
 5.50E-23 5.21E-19 7.19E-16 1.42E-13 1.71E-12 6.12E-12 8.09E-12 8.34E-12
 8.23E-12 7.77E-12 6.95E-12 5.72E-12 4.53E-12 3.92E-12
 5.48E-23 5.19E-19 7.16E-16 1.42E-13 1.70E-12 6.05E-12 7.97E-12 8.21E-12
 8.10E-12 7.65E-12 6.85E-12 5.65E-12 4.48E-12 3.88E-12
  143.761    7  14 /pl=01:ss=26:pb= 1:sz=26/type=excit/ispb = t/isel =   43
 1.00E+10 1.00E+11 1.00E+12 1.00E+13 1.00E+14 1.00E+15 1.00E+16
 1.26E+01 1.88E+01 3.14E+01 6.28E+01 1.26E+02 3.14E+02 6.28E+02 9.42E+02
 1.26E+03 1.88E+03 3.14E+03 6.28E+03 1.26E+04 1.88E+04
 2.68E-22 2.70E-18 3.93E-15 8.01E-13 9.55E-12 3.29E-11 4.25E-11 4.37E-11
 4.31E-11 4.07E-11 3.66E-11 3.05E-11 2.46E-11 2.15E-11
 2.60E-22 2.61E-18 3.77E-15 7.37E-13 7.69E-12 2.33E-11 2.94E-11 3.00E-11
 2.96E-11 2.80E-11 2.53E-11 2.13E-11 1.74E-11 1.54E-11
 2.08E-22 2.04E-18 2.87E-15 5.00E-13 4.87E-12 1.59E-11 2.07E-11 2.13E-11
 2.10E-11 1.99E-11 1.78E-11 1.48E-11 1.19E-11 1.04E-11
 1.46E-22 1.40E-18 1.95E-15 3.56E-13 4.00E-12 1.42E-11 1.88E-11 1.94E-11
 1.92E-11 1.81E-11 1.62E-11 1.33E-11 1.06E-11 9.15E-12
 1.27E-22 1.20E-18 1.66E-15 3.23E-13 3.86E-12 1.39E-11 1.84E-11 1.90E-11
 1.87E-11 1.77E-11 1.58E-11 1.30E-11 1.03E-11 8.92E-12
 1.23E-22 1.17E-18 1.61E-15 3.19E-13 3.84E-12 1.37E-11 1.82E-11 1.87E-11
 1.85E-11 1.75E-11 1.56E-11 1.28E-11 1.02E-11 8.82E-12
 1.23E-22 1.17E-18 1.61E-15 3.19E-13 3.82E-12 1.36E-11 1.79E-11 1.84E-11
 1.82E-11 1.72E-11 1.54E-11 1.27E-11 1.01E-11 8.72E-12
  149.343    7  14 /pl=01:ss=26:pb= 1:sz=26/type=excit/ispb = t/isel =   44
 1.00E+10 1.00E+11 1.00E+12 1.00E+13 1.00E+14 1.00E+15 1.00E+16
 1.26E+01 1.88E+01 3.14E+01 6.28E+01 1.26E+02 3.14E+02 6.28E+02 9.42E+02
 1.26E+03 1.88E+03 3.14E+03 6.28E+03 1.26E+04 1.88E+04
 3.81E-23 3.52E-19 4.90E-16 1.05E-13 1.50E-12 6.91E-12 1.05E-11 1.16E-11
 1.20E-11 1.21E-11 1.18E-11 1.08E-11 9.45E-12 8.63E-12
 3.69E-23 3.40E-19 4.71E-16 9.71E-14 1.24E-12 5.18E-12 7.77E-12 8.59E-12
 8.88E-12 8.96E-12 8.72E-12 7.99E-12 7.04E-12 6.46E-12
 3.00E-23 2.70E-19 3.64E-16 6.86E-14 8.80E-13 4.27E-12 6.75E-12 7.56E-12
 7.85E-12 7.93E-12 7.68E-12 6.93E-12 5.96E-12 5.38E-12
 2.25E-23 1.99E-19 2.66E-16 5.53E-14 8.36E-13 4.27E-12 6.80E-12 7.63E-12
 7.94E-12 8.05E-12 7.82E-12 7.10E-12 6.15E-12 5.57E-12
 2.15E-23 1.88E-19 2.51E-16 5.42E-14 8.34E-13 4.25E-12 6.75E-12 7.57E-12
 7.88E-12 8.00E-12 7.78E-12 7.08E-12 6.15E-12 5.58E-12
 2.14E-23 1.87E-19 2.50E-16 5.41E-14 8.33E-13 4.21E-12 6.68E-12 7.49E-12
 7.79E-12 7.91E-12 7.70E-12 7.02E-12 6.10E-12 5.53E-12
 2.16E-23 1.88E-19 2.51E-16 5.43E-14 8.32E-13 4.18E-12 6.59E-12 7.39E-12
 7.68E-12 7.80E-12 7.60E-12 6.93E-12 6.03E-12 5.48E-12
  1634.98    7  14 /pl=01:ss=26:pb= 1:sz=26/type=excit/ispb = t/isel =   45
 1.00E+10 1.00E+11 1.00E+12 1.00E+13 1.00E+14 1.00E+15 1.00E+16
 1.26E+01 1.88E+01 3.14E+01 6.28E+01 1.26E+02 3.14E+02 6.28E+02 9.42E+02
 1.26E+03 1.88E+03 3.14E+03 6.28E+03 1.26E+04 1.88E+04
 1.75E-12 2.05E-12 2.75E-12 1.77E-11 8.86E-11 2.18E-10 2.65E-10 2.71E-10
 2.68E-10 2.58E-10 2.39E-10 2.08E-10 1.76E-10 1.58E-10
 1.85E-12 2.18E-12 2.91E-12 1.67E-11 7.10E-11 1.45E-10 1.67E-10 1.70E-10
 1.68E-10 1.62E-10 1.52E-10 1.36E-10 1.18E-10 1.08E-10
 2.28E-12 2.74E-12 3.50E-12 1.21E-11 3.23E-11 4.70E-11 4.94E-11 4.95E-11
 4.92E-11 4.84E-11 4.71E-11 4.47E-11 4.19E-11 4.00E-11
 1.72E-12 2.02E-12 2.39E-12 4.29E-12 6.06E-12 6.47E-12 6.44E-12 6.40E-12
 6.38E-12 6.34E-12 6.29E-12 6.22E-12 6.15E-12 6.10E-12
 3.84E-13 4.42E-13 4.97E-13 6.03E-13 6.69E-13 6.70E-13 6.60E-13 6.55E-13
 6.53E-13 6.50E-13 6.47E-13 6.45E-13 6.43E-13 6.42E-13
 4.36E-14 5.01E-14 5.57E-14 6.29E-14 6.75E-14 6.69E-14 6.56E-14 6.51E-14
 6.48E-14 6.45E-14 6.43E-14 6.42E-14 6.41E-14 6.41E-14
 4.42E-15 5.07E-15 5.64E-15 6.32E-15 6.74E-15 6.62E-15 6.47E-15 6.41E-15
 6.39E-15 6.36E-15 6.35E-15 6.34E-15 6.35E-15 6.35E-15
  2058.26    7  14 /pl=01:ss=26:pb= 1:sz=26/type=excit/ispb = t/isel =   46
 1.00E+10 1.00E+11 1.00E+12 1.00E+13 1.00E+14 1.00E+15 1.00E+16
 1.26E+01 1.88E+01 3.14E+01 6.28E+01 1.26E+02 3.14E+02 6.28E+02 9.42E+02
 1.26E+03 1.88E+03 3.14E+03 6.28E+03 1.26E+04 1.88E+04
 4.42E-14 5.72E-14 9.15E-14 8.78E-13 5.95E-12 1.95E-11 2.56E-11 2.64E-11
 2.61E-11 2.47E-11 2.22E-11 1.83E-11 1.45E-11 1.25E-11
 4.04E-13 5.20E-13 6.92E-13 2.50E-12 1.40E-11 3.50E-11 4.12E-11 4.18E-11
 4.13E-11 3.99E-11 3.71E-11 3.23E-11 2.70E-11 2.39E-11
 1.73E-12 2.17E-12 2.70E-12 4.92E-12 8.64E-12 1.02E-11 1.04E-11 1.04E-11
 1.04E-11 1.03E-11 1.02E-11 9.97E-12 9.68E-12 9.48E-12
 6.98E-13 8.32E-13 9.57E-13 1.08E-12 1.13E-12 1.15E-12 1.15E-12 1.14E-12
 1.14E-12 1.14E-12 1.14E-12 1.13E-12 1.13E-12 1.13E-12
 8.33E-14 9.78E-14 1.11E-13 1.16E-13 1.16E-13 1.15E-13 1.15E-13 1.14E-13
 1.14E-13 1.14E-13 1.14E-13 1.14E-13 1.14E-13 1.14E-13
 8.46E-15 9.92E-15 1.12E-14 1.16E-14 1.16E-14 1.15E-14 1.13E-14 1.13E-14
 1.13E-14 1.12E-14 1.12E-14 1.13E-14 1.13E-14 1.13E-14
 8.47E-16 9.93E-16 1.12E-15 1.16E-15 1.15E-15 1.13E-15 1.12E-15 1.11E-15
 1.11E-15 1.11E-15 1.11E-15 1.11E-15 1.12E-15 1.12E-15
  4050.11    7  14 /pl=01:ss=26:pb= 1:sz=26/type=excit/ispb = t/isel =   47
 1.00E+10 1.00E+11 1.00E+12 1.00E+13 1.00E+14 1.00E+15 1.00E+16
 1.26E+01 1.88E+01 3.14E+01 6.28E+01 1.26E+02 3.14E+02 6.28E+02 9.42E+02
 1.26E+03 1.88E+03 3.14E+03 6.28E+03 1.26E+04 1.88E+04
 2.96E-13 3.55E-13 4.96E-13 3.49E-12 2.20E-11 6.84E-11 8.84E-11 9.09E-11
 8.94E-11 8.47E-11 7.60E-11 6.27E-11 4.97E-11 4.29E-11
 1.72E-12 2.16E-12 2.82E-12 9.67E-12 4.60E-11 1.00E-10 1.14E-10 1.15E-10
 1.14E-10 1.10E-10 1.04E-10 9.20E-11 7.88E-11 7.08E-11
 5.92E-12 7.10E-12 8.48E-12 1.40E-11 2.08E-11 2.27E-11 2.27E-11 2.26E-11
 2.26E-11 2.24E-11 2.23E-11 2.20E-11 2.16E-11 2.13E-11
 1.92E-12 2.13E-12 2.31E-12 2.42E-12 2.44E-12 2.41E-12 2.38E-12 2.37E-12
 2.36E-12 2.36E-12 2.36E-12 2.35E-12 2.35E-12 2.36E-12
 2.15E-13 2.34E-13 2.48E-13 2.49E-13 2.45E-13 2.40E-13 2.37E-13 2.35E-13
 2.35E-13 2.34E-13 2.34E-13 2.34E-13 2.35E-13 2.36E-13
 2.17E-14 2.35E-14 2.49E-14 2.50E-14 2.45E-14 2.38E-14 2.34E-14 2.33E-14
 2.32E-14 2.32E-14 2.31E-14 2.32E-14 2.33E-14 2.34E-14
 2.17E-15 2.35E-15 2.49E-15 2.50E-15 2.44E-15 2.35E-15 2.31E-15 2.29E-15
 2.28E-15 2.28E-15 2.28E-15 2.29E-15 2.30E-15 2.31E-15
  4185.15    7  14 /pl=01:ss=26:pb= 1:sz=26/type=excit/ispb = t/isel =   48
 1.00E+10 1.00E+11 1.00E+12 1.00E+13 1.00E+14 1.00E+15 1.00E+16
 1.26E+01 1.88E+01 3.14E+01 6.28E+01 1.26E+02 3.14E+02 6.28E+02 9.42E+02
 1.26E+03 1.88E+03 3.14E+03 6.28E+03 1.26E+04 1.88E+04
 7.37E-14 9.53E-14 1.53E-13 1.46E-12 9.91E-12 3.24E-11 4.27E-11 4.41E-11
 4.34E-11 4.12E-11 3.70E-11 3.04E-11 2.41E-11 2.08E-11
 6.73E-13 8.67E-13 1.15E-12 4.16E-12 2.34E-11 5.83E-11 6.86E-11 6.96E-11
 6.88E-11 6.64E-11 6.18E-11 5.39E-11 4.50E-11 3.98E-11
 2.89E-12 3.62E-12 4.49E-12 8.19E-12 1.44E-11 1.70E-11 1.74E-11 1.73E-11
 1.73E-11 1.72E-11 1.70E-11 1.66E-11 1.61E-11 1.58E-11
 1.16E-12 1.39E-12 1.59E-12 1.79E-12 1.89E-12 1.92E-12 1.91E-12 1.91E-12
 1.90E-12 1.90E-12 1.89E-12 1.89E-12 1.88E-12 1.88E-12
 1.39E-13 1.63E-13 1.84E-13 1.93E-13 1.93E-13 1.92E-13 1.91E-13 1.90E-13
 1.90E-13 1.89E-13 1.89E-13 1.89E-13 1.90E-13 1.90E-13
 1.41E-14 1.65E-14 1.86E-14 1.94E-14 1.93E-14 1.91E-14 1.89E-14 1.88E-14
 1.88E-14 1.87E-14 1.87E-14 1.88E-14 1.88E-14 1.88E-14
 1.41E-15 1.65E-15 1.86E-15 1.94E-15 1.92E-15 1.89E-15 1.86E-15 1.85E-15
 1.85E-15 1.84E-15 1.85E-15 1.85E-15 1.86E-15 1.87E-15
  5312.85    7  14 /pl=01:ss=26:pb= 1:sz=26/type=excit/ispb = t/isel =   49
 1.00E+10 1.00E+11 1.00E+12 1.00E+13 1.00E+14 1.00E+15 1.00E+16
 1.26E+01 1.88E+01 3.14E+01 6.28E+01 1.26E+02 3.14E+02 6.28E+02 9.42E+02
 1.26E+03 1.88E+03 3.14E+03 6.28E+03 1.26E+04 1.88E+04
 6.93E-12 7.84E-12 9.00E-12 1.59E-11 4.49E-11 9.66E-11 1.15E-10 1.17E-10
 1.15E-10 1.11E-10 1.02E-10 8.91E-11 7.54E-11 6.75E-11
 6.68E-12 7.53E-12 8.60E-12 1.49E-11 3.63E-11 5.65E-11 5.99E-11 5.99E-11
 5.94E-11 5.83E-11 5.63E-11 5.27E-11 4.83E-11 4.54E-11
 4.36E-12 4.72E-12 5.12E-12 6.60E-12 7.97E-12 8.05E-12 7.93E-12 7.88E-12
 7.83E-12 7.80E-12 7.76E-12 7.71E-12 7.67E-12 7.64E-12
 7.97E-13 8.11E-13 8.20E-13 8.29E-13 8.21E-13 8.02E-13 7.88E-13 7.82E-13
 7.78E-13 7.75E-13 7.72E-13 7.70E-13 7.69E-13 7.69E-13
 8.42E-14 8.43E-14 8.40E-14 8.28E-14 8.16E-14 7.94E-14 7.78E-14 7.72E-14
 7.68E-14 7.65E-14 7.62E-14 7.61E-14 7.61E-14 7.61E-14
 8.44E-15 8.44E-15 8.39E-15 8.26E-15 8.13E-15 7.87E-15 7.69E-15 7.63E-15
 7.59E-15 7.56E-15 7.54E-15 7.53E-15 7.53E-15 7.54E-15
 8.44E-16 8.43E-16 8.38E-16 8.26E-16 8.10E-16 7.78E-16 7.58E-16 7.51E-16
 7.47E-16 7.44E-16 7.43E-16 7.43E-16 7.45E-16 7.46E-16
  9246.42    7  14 /pl=01:ss=26:pb= 1:sz=26/type=excit/ispb = t/isel =   50
 1.00E+10 1.00E+11 1.00E+12 1.00E+13 1.00E+14 1.00E+15 1.00E+16
 1.26E+01 1.88E+01 3.14E+01 6.28E+01 1.26E+02 3.14E+02 6.28E+02 9.42E+02
 1.26E+03 1.88E+03 3.14E+03 6.28E+03 1.26E+04 1.88E+04
 2.87E-11 3.23E-11 3.75E-11 8.33E-11 2.70E-10 5.34E-10 6.09E-10 6.16E-10
 6.10E-10 5.92E-10 5.59E-10 5.03E-10 4.41E-10 4.04E-10
 2.62E-11 2.93E-11 3.35E-11 6.63E-11 1.40E-10 1.67E-10 1.65E-10 1.64E-10
 1.62E-10 1.61E-10 1.59E-10 1.56E-10 1.51E-10 1.47E-10
 1.30E-11 1.37E-11 1.45E-11 1.76E-11 1.77E-11 1.62E-11 1.57E-11 1.55E-11
 1.55E-11 1.54E-11 1.54E-11 1.55E-11 1.56E-11 1.57E-11
 1.81E-12 1.79E-12 1.77E-12 1.72E-12 1.62E-12 1.53E-12 1.49E-12 1.48E-12
 1.47E-12 1.46E-12 1.46E-12 1.46E-12 1.47E-12 1.47E-12
 1.79E-13 1.75E-13 1.70E-13 1.65E-13 1.59E-13 1.51E-13 1.47E-13 1.45E-13
 1.45E-13 1.44E-13 1.44E-13 1.44E-13 1.44E-13 1.44E-13
 1.78E-14 1.73E-14 1.69E-14 1.64E-14 1.58E-14 1.49E-14 1.45E-14 1.43E-14
 1.43E-14 1.42E-14 1.42E-14 1.42E-14 1.43E-14 1.43E-14
 1.78E-15 1.73E-15 1.68E-15 1.64E-15 1.58E-15 1.47E-15 1.43E-15 1.41E-15
 1.40E-15 1.40E-15 1.40E-15 1.40E-15 1.41E-15 1.42E-15
c-------------------------------------------------------------------------------
 
C  root partition information
C  ==========================
C
C  nuclear charge : 74
C  ion charge+1   : 27
C
C  population calculation information
C  ----------------------------------
C
C  population processing code: adas810
C
C  adf04 source file    : adf04_copmm#74_ls_40#w26.dat
C  adf18/a17_p208 file  : NULL
C
C  meta. ion. coeff. selector  : 
 
C  options  : lnorm =T  lpsel =F  lzsel =T  liosel=F
C           : lhsel =F  lrsel =F  lisel =F  lnsel =F
 
C  energy levels
C  -------------
C
C   lv      configuration    (2S+1)L(w-1/2)      energy (cm^-1)
C  ---   ------------------- --------------      --------------
c    1   60952A                (3) 5( 16.0)             0.0
c    2   60952A                (1) 4(  4.0)         10815.0
c    3   60952A                (3) 3( 10.0)         18822.3
c    4   60952A                (1) 2(  2.0)         43513.0
c    5   60952A                (1) 6(  6.0)         61163.0
c    6   60952A                (3) 1(  4.0)         67407.0
c    7   60952A                (1) 0(  0.0)        151619.0
c    8   9953A                 (5) 5( 27.0)       1561899.0
c    9   9953A                 (5) 2( 12.0)       1572699.0
c   10   9953A                 (5) 0(  2.0)       1595999.0
c   11   9953A                 (1) 6(  6.0)       1612699.0
c   12   9953A                 (3) 5( 16.0)       1613999.0
c   13   9953A                 (5) 7( 37.0)       1615699.0
c   14   9953A                 (1) 5(  5.0)       1618799.0
c   15   9953A                 (3) 0(  1.0)       1623399.0
c   16   9953A                 (5) 8( 42.0)       1628999.0
c   17   9953A                 (5) 4( 22.0)       1629399.0
c   18   9953A                 (5) 3( 17.0)       1629599.0
c   19   9953A                 (5) 4( 22.0)       1631499.0
c   20   9953A                 (5) 4( 22.0)       1632499.0
c   21   9953A                 (1) 5(  5.0)       1641399.0
c   22   9953A                 (5) 2( 12.0)       1641499.0
c   23   9953A                 (5) 1(  7.0)       1647999.0
c   24   9953A                 (5) 5( 27.0)       1651799.0
c   25   9953A                 (1) 1(  1.0)       1656699.0
c   26   9953A                 (3) 6( 19.0)       1658399.0
c   27   9953A                 (5) 6( 32.0)       1662299.0
c   28   9953A                 (3)10( 31.0)       1662399.0
c   29   9953A                 (3) 4( 13.0)       1662699.0
c   30   9953A                 (3) 2(  7.0)       1662799.0
c   31   9953A                 (3) 6( 19.0)       1664399.0
c   32   9953A                 (3) 7( 22.0)       1666499.0
c   33   9953A                 (3) 5( 16.0)       1669499.0
c   34   9953A                 (5) 3( 17.0)       1671599.0
c   35   9953A                 (3) 6( 19.0)       1674399.0
c   36   9953A                 (3) 5( 16.0)       1674999.0
c   37   9953A                 (3) 2(  7.0)       1677699.0
c   38   9953A                 (5) 1(  7.0)       1678399.0
c   39   9953A                 (3) 9( 28.0)       1680299.0
c   40   9953A                 (5) 2( 12.0)       1681999.0
c   41   9953A                 (3) 1(  4.0)       1686499.0
c   42   9953A                 (3) 8( 25.0)       1688599.0
c   43   9953A                 (3) 2(  7.0)       1690299.0
c   44   9953A                 (3) 3( 10.0)       1691199.0
c   45   9953A                 (1) 6(  6.0)       1693299.0
c   46   9953A                 (5) 6( 32.0)       1697799.0
c   47   9953A                 (3) 1(  4.0)       1698099.0
c   48   9953A                 (1) 0(  0.0)       1698399.0
c   49   9953A                 (3) 4( 13.0)       1698699.0
c   50   9953A                 (3) 8( 25.0)       1699599.0
c   51   9953A                 (1) 3(  3.0)       1701899.0
c   52   9953A                 (3) 3( 10.0)       1702399.0
c   53   9953A                 (3) 4( 13.0)       1704099.0
c   54   9953A                 (3) 7( 22.0)       1704699.0
c   55   9953A                 (3) 8( 25.0)       1708499.0
c   56   9953A                 (3) 7( 22.0)       1710899.0
c   57   9953A                 (3) 3( 10.0)       1714899.0
c   58   9953A                 (1) 4(  4.0)       1715999.0
c   59   9953A                 (3) 3( 10.0)       1716799.0
c   60   9953A                 (3) 3( 10.0)       1717499.0
c   61   9953A                 (3) 7( 22.0)       1718699.0
c   62   9953A                 (1) 7(  7.0)       1718999.0
c   63   9953A                 (3) 4( 13.0)       1721899.0
c   64   9953A                 (1) 3(  3.0)       1722499.0
c   65   9953A                 (1) 2(  2.0)       1722999.0
c   66   9953A                 (3) 5( 16.0)       1723699.0
c   67   9953A                 (5) 4( 22.0)       1724299.0
c   68   9953A                 (3) 0(  1.0)       1725299.0
c   69   9953A                 (1) 8(  8.0)       1727099.0
c   70   9953A                 (5) 5( 27.0)       1728499.0
c   71   9953A                 (3) 4( 13.0)       1729399.0
c   72   9953A                 (3) 6( 19.0)       1733699.0
c   73   9953A                 (3) 6( 19.0)       1735899.0
c   74   9953A                 (3) 2(  7.0)       1736299.0
c   75   9953A                 (3) 6( 19.0)       1737099.0
c   76   9953A                 (1) 6(  6.0)       1739999.0
c   77   9953A                 (1) 2(  2.0)       1740599.0
c   78   9953A                 (3) 4( 13.0)       1741299.0
c   79   9953A                 (5) 2( 12.0)       1743599.0
c   80   9953A                 (1) 5(  5.0)       1744699.0
c   81   9953A                 (3) 3( 10.0)       1744899.0
c   82   9953A                 (3) 2(  7.0)       1746499.0
c   83   9953A                 (3) 3( 10.0)       1746699.0
c   84   9953A                 (3) 7( 22.0)       1752999.0
c   85   9953A                 (5) 3( 17.0)       1754299.0
c   86   9953A                 (3) 7( 22.0)       1756399.0
c   87   9953A                 (3) 1(  4.0)       1757599.0
c   88   9953A                 (3) 1(  4.0)       1759199.0
c   89   9953A                 (3) 1(  4.0)       1760399.0
c   90   9953A                 (1) 1(  1.0)       1764699.0
c   91   9953A                 (3) 1(  4.0)       1764899.0
c   92   9953A                 (1) 0(  0.0)       1765599.0
c   93   9953A                 (3) 4( 13.0)       1766199.0
c   94   9953A                 (1) 3(  3.0)       1767199.0
c   95   9953A                 (3) 9( 28.0)       1767499.0
c   96   9953A                 (1) 2(  2.0)       1771699.0
c   97   9953A                 (3) 2(  7.0)       1773099.0
c   98   9953A                 (3) 4( 13.0)       1773499.0
c   99   9953A                 (1) 6(  6.0)       1774199.0
c  100   9953A                 (1) 4(  4.0)       1776499.0
c  101   9953A                 (1) 7(  7.0)       1780099.0
c  102   9953A                 (1) 6(  6.0)       1781399.0
c  103   9953A                 (3) 3( 10.0)       1781999.0
c  104   9953A                 (3) 6( 19.0)       1785099.0
c  105   9953A                 (3) 5( 16.0)       1786299.0
c  106   9953A                 (1) 3(  3.0)       1788599.0
c  107   9953A                 (3) 4( 13.0)       1789199.0
c  108   9953A                 (3) 5( 16.0)       1790799.0
c  109   9953A                 (3) 5( 16.0)       1791699.0
c  110   9953A                 (3) 5( 16.0)       1793599.0
c  111   9953A                 (1) 8(  8.0)       1795299.0
c  112   9953A                 (1)10( 10.0)       1796199.0
c  113   9953A                 (3) 5( 16.0)       1797499.0
c  114   9953A                 (3) 5( 16.0)       1797899.0
c  115   9953A                 (3) 6( 19.0)       1798999.0
c  116   9953A                 (1) 2(  2.0)       1804399.0
c  117   9953A                 (1) 7(  7.0)       1805699.0
c  118   9953A                 (1) 9(  9.0)       1806899.0
c  119   9953A                 (1) 4(  4.0)       1808499.0
c  120   9953A                 (1) 4(  4.0)       1810299.0
c  121   9953A                 (1) 8(  8.0)       1812599.0
c  122   9953A                 (3) 8( 25.0)       1817099.0
c  123   9953A                 (1) 3(  3.0)       1823099.0
c  124   9953A                 (3) 4( 13.0)       1825799.0
c  125   9953A                 (3) 2(  7.0)       1832099.0
c  126   9953A                 (1) 1(  1.0)       1842799.0
c  127   9953A                 (3) 3( 10.0)       1852099.0
c  128   9953A                 (3) 3( 10.0)       1853299.0
c  129   9953A                 (3) 6( 19.0)       1857899.0
c  130   9953A                 (3) 3( 10.0)       1860199.0
c  131   9953A                 (1) 7(  7.0)       1861399.0
c  132   9953A                 (1) 3(  3.0)       1863699.0
c  133   9953A                 (1) 2(  2.0)       1865599.0
c  134   9953A                 (1) 9(  9.0)       1866099.0
c  135   9953A                 (3) 2(  7.0)       1866199.0
c  136   9953A                 (1) 5(  5.0)       1867599.0
c  137   9953A                 (1) 4(  4.0)       1879799.0
c  138   9953A                 (1) 6(  6.0)       1889799.0
c  139   9953A                 (3) 3( 10.0)       1892199.0
c  140   9953A                 (3) 2(  7.0)       1893199.0
c  141   9953A                 (1) 5(  5.0)       1898799.0
c  142   9953A                 (1) 4(  4.0)       1911699.0
c  143   9953A                 (3) 4( 13.0)       1912499.0
c  144   9953A                 (1) 3(  3.0)       1918599.0
c  145   9953A                 (1) 5(  5.0)       1944899.0
c  146   9953A                 (3) 4( 13.0)       1952499.0
c  147   9953A                 (3) 2(  7.0)       1962899.0
c  148   9953A                 (1) 4(  4.0)       1974299.0
c  149   9953A                 (1) 5(  5.0)       1982499.0
c  150   9953A                 (1) 7(  7.0)       2005799.0
c  151   9953A                 (1) 2(  2.0)       2035499.0
c  152   9953A                 (1) 4(  4.0)       2036899.0
c  153   9953A                 (1) 3(  3.0)       2048799.0
c  154   9953A                 (3) 1(  4.0)       2060299.0
c  155   9953A                 (3) 5( 16.0)       2075699.0
c  156   9953A                 (1) 4(  4.0)       2079599.0
c  157   9953A                 (1) 3(  3.0)       2080899.0
c  158   9953A                 (1) 2(  2.0)       2094099.0
c  159   9953A                 (3) 4( 13.0)       2101199.0
c  160   60951A51D             (1) 3(  3.0)       2127099.0
c  161   9953A                 (1) 1(  1.0)       2137999.0
c  162   9953A                 (1) 5(  5.0)       2147499.0
c  163   60951A51D             (1) 4(  4.0)       2151599.0
c  164   9953A                 (3) 2(  7.0)       2153799.0
c  165   9953A                 (1) 6(  6.0)       2158399.0
c  166   60951A51D             (3) 3( 10.0)       2162199.0
c  167   60951A51D             (3) 5( 16.0)       2165599.0
c  168   60951A51D             (3) 4( 13.0)       2168099.0
c  169   60951A51D             (1) 2(  2.0)       2169099.0
c  170   60951A51D             (3) 2(  7.0)       2184699.0
c  171   9953A                 (3) 0(  1.0)       2186699.0
c  172   60951A51D             (3) 1(  4.0)       2196199.0
c  173   60951A51D             (1) 5(  5.0)       2216099.0
c  174   9953A                 (1) 1(  1.0)       2216599.0
c  175   60951A51D             (1) 1(  1.0)       2226099.0
c  176   60951A51E             (1) 5(  5.0)       2823699.0
c  177   60951A51E             (1) 3(  3.0)       2826099.0
c  178   60951A51E             (3) 4( 13.0)       2826299.0
c  179   60951A51E             (3) 6( 19.0)       2835199.0
c  180   60951A51E             (3) 2(  7.0)       2836099.0
c  181   60951A51E             (3) 0(  1.0)       2839899.0
c  182   60951A51E             (1) 1(  1.0)       2859499.0
c  183   60951A51E             (3) 5( 16.0)       2863699.0
c  184   60951A51E             (1) 4(  4.0)       2869699.0
c  185   60951A51E             (3) 3( 10.0)       2874399.0
c  186   60951A51E             (1) 2(  2.0)       2886599.0
c  187   60951A51E             (1) 6(  6.0)       2896499.0
c  188   60951A51E             (3) 1(  4.0)       2900699.0
c  189   60951A51E             (1) 0(  0.0)       2939699.0
c  190   60652755860953A       (3) 6( 19.0)       3172999.0
c  191   60652755860953A       (5) 3( 17.0)       3177899.0
c  192   60652755860953A       (3) 5( 16.0)       3180499.0
c  193   60652755860953A       (1) 1(  1.0)       3185999.0
c  194   60652755860953A       (5) 2( 12.0)       3198299.0
c  195   60652755860953A       (1) 3(  3.0)       3205499.0
c  196   60652755860953A       (5) 4( 22.0)       3208899.0
c  197   60652755860953A       (5) 1(  7.0)       3209899.0
c  198   60652755860953A       (1) 5(  5.0)       3226699.0
c  199   60652755860953A       (1) 4(  4.0)       3233599.0
c  200   60652755860953A       (3) 0(  1.0)       3238599.0
c  201   60652755860953A       (1) 3(  3.0)       3240699.0
c  202   60652755860953A       (1) 5(  5.0)       3245599.0
c  203   60652755860953A       (3) 7( 22.0)       3250699.0
c  204   60652755860953A       (1) 4(  4.0)       3256299.0
c  205   60652755860953A       (1) 7(  7.0)       3265799.0
c  206   60652755860953A       (1) 1(  1.0)       3267199.0
c  207   60652755860953A       (1) 2(  2.0)       3278699.0
c  208   60652755860953A       (3) 6( 19.0)       3284399.0
c  209   60652755860953A       (1) 6(  6.0)       3285699.0
c  210   60652755860953A       (1) 3(  3.0)       3287799.0
c  211   60652755860953A       (1) 2(  2.0)       3297299.0
c  212   60652755860953A       (1) 5(  5.0)       3300399.0
c  213   60652755860953A       (3) 1(  4.0)       3307899.0
c  214   60652755860953A       (1) 3(  3.0)       3311399.0
c  215   60652755860953A       (1) 8(  8.0)       3315899.0
c  216   60652755860953A       (1) 4(  4.0)       3318199.0
c  217   60652755860953A       (5) 1(  7.0)       3322099.0
c  218   60652755860953A       (1) 1(  1.0)       3328899.0
c  219   60652755860953A       (1) 5(  5.0)       3332499.0
c  220   60652755860953A       (1) 2(  2.0)       3334199.0
c  221   60652755860953A       (1) 7(  7.0)       3338899.0
c  222   60652755860953A       (1) 6(  6.0)       3342499.0
c  223   60652755860953A       (5) 3( 17.0)       3349999.0
c  224   60652755860953A       (5) 7( 37.0)       3350999.0
c  225   60951A51F             (1) 6(  6.0)       3355799.0
c  226   60951A51F             (3) 7( 22.0)       3362499.0
c  227   60951A51F             (3) 5( 16.0)       3363299.0
c  228   60951A51F             (1) 4(  4.0)       3364999.0
c  229   60652755860953A       (1) 4(  4.0)       3368699.0
c  230   60652755860953A       (3) 2(  7.0)       3371099.0
c  231   60652755860953A       (1) 0(  0.0)       3371599.0
c  232   60652755860953A       (1) 5(  5.0)       3373099.0
c  233   60652755860953A       (3) 2(  7.0)       3376899.0
c  234   60951A51F             (3) 3( 10.0)       3377699.0
c  235   60652755860953A       (3) 6( 19.0)       3378899.0
c  236   60652755860953A       (3) 8( 25.0)       3386799.0
c  237   60652755860953A       (3) 2(  7.0)       3387799.0
c  238   60652755860953A       (3) 5( 16.0)       3392299.0
c  239   60951A51F             (3) 4( 13.0)       3395499.0
c  240   60652755860953A       (5) 5( 27.0)       3396999.0
c  241   60951A51F             (3) 6( 19.0)       3399599.0
c  242   60652755860953A       (3) 7( 22.0)       3400799.0
c  243   60951A51F             (3) 1(  4.0)       3400999.0
c  244   60951A51F             (1) 2(  2.0)       3402999.0
c  245   60951A51F             (3) 2(  7.0)       3406199.0
c  246   60951A51F             (1) 5(  5.0)       3411199.0
c  247   60652755860953A       (3) 7( 22.0)       3412699.0
c  248   60652755860953A       (3) 9( 28.0)       3414599.0
c  249   60951A51F             (1) 3(  3.0)       3415999.0
c  250   60652755860953A       (3) 5( 16.0)       3421499.0
c  251   60652755860953A       (5) 6( 32.0)       3427999.0
c  252   60652755860953A       (3) 5( 16.0)       3428399.0
c  253   60951A51F             (1) 1(  1.0)       3431799.0
c  254   60951A51F             (1) 7(  7.0)       3434499.0
c  255   60652755860953A       (1) 2(  2.0)       3436299.0
c  256   60652755860953A       (5) 2( 12.0)       3452199.0
c  257   60652755860953A       (3) 8( 25.0)       3467299.0
c  258   60652755860953A       (5) 5( 27.0)       3469599.0
c  259   60652755860953A       (5) 4( 22.0)       3471299.0
c  260   60652755860953A       (3) 4( 13.0)       3475899.0
c  261   60652755860953A       (3) 6( 19.0)       3480999.0
c  262   60652755860953A       (3) 4( 13.0)       3483299.0
c  263   60652755860953A       (3) 4( 13.0)       3487699.0
c  264   60652755860953A       (3) 5( 16.0)       3490499.0
c  265   60652755860953A       (3) 1(  4.0)       3498399.0
c  266   60652755860953A       (3) 3( 10.0)       3499599.0
c  267   60652755860953A       (3) 3( 10.0)       3502499.0
c  268   60652755860953A       (3) 7( 22.0)       3506399.0
c  269   60652755860953A       (3) 4( 13.0)       3510099.0
c  270   60652755860953A       (3) 4( 13.0)       3515499.0
c  271   60652755860953A       (3) 3( 10.0)       3539499.0
c  272   60652755860953A       (3) 5( 16.0)       3546299.0
c  273   60652755860953A       (3) 4( 13.0)       3546999.0
c  274   60652755860953A       (3) 3( 10.0)       3558999.0
c  275   60652755860953A       (3) 3( 10.0)       3559299.0
c  276   60652755860953A       (3) 3( 10.0)       3565899.0
c  277   60652755860953A       (3) 2(  7.0)       3572399.0
c  278   60652755860953A       (3) 3( 10.0)       3577199.0
c  279   60652755860953A       (3) 2(  7.0)       3577499.0
c  280   60652755860953A       (3) 2(  7.0)       3578099.0
c  281   60652755860953A       (3) 2(  7.0)       3583699.0
c  282   60652755860953A       (3) 1(  4.0)       3588199.0
c  283   60652755860953A       (3) 1(  4.0)       3596899.0
c  284   60652755860953A       (3) 3( 10.0)       3649399.0
c  285   60652755860953A       (3) 6( 19.0)       3649799.0
c  286   60652755860953A       (3) 3( 10.0)       3653399.0
c  287   60652755860953A       (3) 5( 16.0)       3663799.0
c  288   60652755860953A       (3) 4( 13.0)       3687599.0
c  289   60652755860953A       (5) 3( 17.0)       3709899.0
c  290   60652755860953A       (3) 4( 13.0)       3721299.0
c  291   60951A51I             (1) 4(  4.0)       3762899.0
c  292   60951A51I             (3) 3( 10.0)       3770899.0
c  293   60951A51I             (3) 5( 16.0)       3773499.0
c  294   60951A51I             (3) 4( 13.0)       3773699.0
c  295   60951A51I             (1) 3(  3.0)       3774199.0
c  296   60951A51I             (1) 5(  5.0)       3778099.0
c  297   60951A51I             (3) 2(  7.0)       3778199.0
c  298   60951A51I             (1) 2(  2.0)       3779299.0
c  299   60951A51I             (3) 1(  4.0)       3787599.0
c  300   60951A51I             (1) 1(  1.0)       3807099.0
c  301   60652755860953A       (1) 3(  3.0)       3842899.0
c  302   60652755860953A       (1) 6(  6.0)       3849099.0
c  303   60652755860953A       (1) 4(  4.0)       3868999.0
c  304   60652755860953A       (1) 8(  8.0)       3877499.0
c  305   60652755860953A       (1) 7(  7.0)       3879799.0
c  306   60652755860953A       (1) 9(  9.0)       3880099.0
c  307   60652755860953A       (1) 6(  6.0)       3881699.0
c  308   60652755860953A       (3) 1(  4.0)       3913099.0
c  309   60652755860953A       (1) 2(  2.0)       3919399.0
c  310   60652755860953A       (1) 4(  4.0)       3925399.0
c  311   60652755860953A       (1) 3(  3.0)       4002599.0
c  312   60951A51J             (1) 5(  5.0)       4104899.0
c  313   60951A51J             (3) 2(  7.0)       4106199.0
c  314   60951A51J             (3) 4( 13.0)       4111499.0
c  315   60951A51J             (3) 0(  1.0)       4114699.0
c  316   60951A51J             (3) 6( 19.0)       4115999.0
c  317   60951A51J             (3) 5( 16.0)       4127599.0
c  318   60951A51J             (1) 3(  3.0)       4130599.0
c  319   60951A51J             (1) 4(  4.0)       4133099.0
c  320   60951A51J             (3) 3( 10.0)       4133999.0
c  321   60951A51J             (1) 1(  1.0)       4135899.0
c  322   60951A51J             (1) 2(  2.0)       4140499.0
c  323   60951A51J             (1) 6(  6.0)       4146999.0
c  324   60951A51J             (3) 1(  4.0)       4148099.0
c  325   60951A51J             (1) 0(  0.0)       4168699.0
c  326   60951A51K             (1) 6(  6.0)       4370599.0
c  327   60951A51K             (3) 3( 10.0)       4375299.0
c  328   60951A51K             (3) 5( 16.0)       4378399.0
c  329   60951A51K             (3) 7( 22.0)       4378699.0
c  330   60951A51K             (3) 1(  4.0)       4398199.0
c  331   60951A51K             (1) 4(  4.0)       4398199.0
c  332   60951A51K             (3) 4( 13.0)       4398499.0
c  333   60951A51K             (3) 6( 19.0)       4400299.0
c  334   60951A51K             (3) 2(  7.0)       4405199.0
c  335   60951A51K             (1) 2(  2.0)       4405599.0
c  336   60951A51K             (1) 5(  5.0)       4411299.0
c  337   60951A51K             (1) 3(  3.0)       4413899.0
c  338   60951A51K             (1) 1(  1.0)       4422099.0
c  339   60951A51K             (1) 7(  7.0)       4422299.0
c  340   60951A51L             (1) 6(  6.0)       4451099.0
c  341   60951A51L             (1) 7(  7.0)       4451099.0
c  342   60951A51L             (1) 2(  2.0)       4458399.0
c  343   60951A51L             (3) 5( 16.0)       4463199.0
c  344   60951A51L             (3) 8( 25.0)       4466299.0
c  345   60951A51L             (3) 6( 19.0)       4471099.0
c  346   60951A51L             (3) 7( 22.0)       4472199.0
c  347   60951A51L             (3) 3( 10.0)       4472499.0
c  348   60951A51L             (3) 4( 13.0)       4474099.0
c  349   60951A51L             (3) 2(  7.0)       4474599.0
c  350   60951A51L             (1) 5(  5.0)       4479399.0
c  351   60951A51L             (1) 3(  3.0)       4482699.0
c  352   60951A51L             (1) 4(  4.0)       4483499.0
c  353   60951A51L             (1) 8(  8.0)       4485699.0
c  354   60951A51O             (3) 4( 13.0)       4643799.0
c  355   60951A51O             (3) 3( 10.0)       4644199.0
c  356   60951A51O             (3) 5( 16.0)       4645299.0
c  357   60951A51O             (3) 2(  7.0)       4648599.0
c  358   60951A51O             (1) 4(  4.0)       4650799.0
c  359   60951A51O             (1) 3(  3.0)       4652599.0
c  360   60951A51O             (1) 5(  5.0)       4654699.0
c  361   60951A51O             (3) 1(  4.0)       4655099.0
c  362   60951A51O             (1) 2(  2.0)       4655599.0
c  363   60951A51O             (1) 1(  1.0)       4671499.0
c  364   60951A51P             (1) 5(  5.0)       4834299.0
c  365   60951A51P             (1) 4(  4.0)       4835099.0
c  366   60951A51P             (1) 2(  2.0)       4839399.0
c  367   60951A51P             (3) 0(  1.0)       4840499.0
c  368   60951A51P             (3) 6( 19.0)       4845599.0
c  369   60951A51P             (3) 3( 10.0)       4849799.0
c  370   60951A51P             (3) 4( 13.0)       4852099.0
c  371   60951A51P             (3) 5( 16.0)       4854699.0
c  372   60951A51P             (3) 2(  7.0)       4856999.0
c  373   60951A51P             (1) 3(  3.0)       4860999.0
c  374   60951A51P             (1) 1(  1.0)       4864299.0
c  375   60951A51P             (3) 1(  4.0)       4868599.0
c  376   60951A51P             (1) 6(  6.0)       4869099.0
c  377   60951A51P             (1) 0(  0.0)       4881699.0
c  378   60951A51Q             (1) 6(  6.0)       4990099.0
c  379   60951A51Q             (3) 3( 10.0)       4992199.0
c  380   60951A51Q             (3) 5( 16.0)       4998899.0
c  381   60951A51Q             (3) 7( 22.0)       4999399.0
c  382   60951A51Q             (3) 2(  7.0)       5007099.0
c  383   60951A51Q             (3) 1(  4.0)       5010699.0
c  384   60951A51Q             (3) 6( 19.0)       5014599.0
c  385   60951A51Q             (1) 4(  4.0)       5017299.0
c  386   60951A51Q             (3) 4( 13.0)       5020699.0
c  387   60951A51Q             (1) 2(  2.0)       5021499.0
c  388   60951A51Q             (1) 5(  5.0)       5024899.0
c  389   60951A51Q             (1) 3(  3.0)       5026599.0
c  390   60951A51Q             (1) 7(  7.0)       5030599.0
c  391   60951A51Q             (1) 1(  1.0)       5031399.0
c  392   60951A51R             (1) 6(  6.0)       5043599.0
c  393   60951A51R             (1) 7(  7.0)       5043599.0
c  394   60951A51R             (1) 3(  3.0)       5045299.0
c  395   60951A51R             (3) 2(  7.0)       5054099.0
c  396   60951A51R             (3) 5( 16.0)       5055499.0
c  397   60951A51R             (3) 8( 25.0)       5056899.0
c  398   60951A51R             (3) 3( 10.0)       5063099.0
c  399   60951A51R             (3) 6( 19.0)       5063799.0
c  400   60951A51R             (3) 7( 22.0)       5064599.0
c  401   60951A51R             (1) 5(  5.0)       5072099.0
c  402   60951A51R             (3) 4( 13.0)       5073399.0
c  403   60951A51R             (1) 4(  4.0)       5074699.0
c  404   60951A51R             (1) 8(  8.0)       5076199.0
c  405   60951A51R             (1) 2(  2.0)       5078199.0
c  406   60951A51V             (3) 4( 13.0)       5174899.0
c  407   60951A51V             (3) 3( 10.0)       5175399.0
c  408   60951A51V             (3) 5( 16.0)       5175699.0
c  409   60951A51V             (3) 2(  7.0)       5178599.0
c  410   60951A51V             (3) 1(  4.0)       5183599.0
c  411   60951A51V             (1) 4(  4.0)       5185599.0
c  412   60951A51V             (1) 3(  3.0)       5186699.0
c  413   60951A51V             (1) 5(  5.0)       5187999.0
c  414   60951A51V             (1) 2(  2.0)       5188499.0
c  415   60951A51V             (1) 1(  1.0)       5198599.0
c  416   60951A51W             (1) 5(  5.0)       5292099.0
c  417   60951A51W             (1) 2(  2.0)       5295299.0
c  418   60951A51W             (3) 0(  1.0)       5296099.0
c  419   60951A51W             (3) 4( 13.0)       5302099.0
c  420   60951A51W             (3) 6( 19.0)       5303299.0
c  421   60951A51W             (3) 3( 10.0)       5306199.0
c  422   60951A51W             (3) 5( 16.0)       5312399.0
c  423   60951A51W             (3) 2(  7.0)       5314699.0
c  424   60951A51W             (1) 4(  4.0)       5319299.0
c  425   60951A51W             (1) 3(  3.0)       5319399.0
c  426   60951A51W             (1) 1(  1.0)       5321599.0
c  427   60951A51W             (3) 1(  4.0)       5322799.0
c  428   60951A51W             (1) 6(  6.0)       5324199.0
c  429   60951A51W             (1) 0(  0.0)       5332299.0
c  430   60951A51X             (1) 6(  6.0)       5391099.0
c  431   60951A51X             (3) 5( 16.0)       5400699.0
c  432   60951A51X             (3) 7( 22.0)       5400999.0
c  433   60951A51X             (3) 3( 10.0)       5401699.0
c  434   60951A51X             (3) 2(  7.0)       5405099.0
c  435   60951A51X             (3) 1(  4.0)       5408599.0
c  436   60951A51X             (3) 4( 13.0)       5413199.0
c  437   60951A51X             (3) 6( 19.0)       5413699.0
c  438   60951A51X             (1) 4(  4.0)       5418599.0
c  439   60951A51X             (1) 2(  2.0)       5421199.0
c  440   60951A51X             (1) 5(  5.0)       5423399.0
c  441   60951A51X             (1) 3(  3.0)       5424499.0
c  442   60951A51X             (1) 7(  7.0)       5426799.0
c  443   60951A51X             (1) 1(  1.0)       5427599.0
c  444   60951A51Y             (1) 6(  6.0)       5428599.0
c  445   60951A51Y             (1) 7(  7.0)       5428599.0
c  446   60951A51Y             (1) 3(  3.0)       5429599.0
c  447   60951A51Y             (3) 2(  7.0)       5437499.0
c  448   60951A51Y             (3) 5( 16.0)       5440299.0
c  449   60951A51Y             (3) 8( 25.0)       5440899.0
c  450   60951A51Y             (3) 3( 10.0)       5446999.0
c  451   60951A51Y             (3) 6( 19.0)       5448899.0
c  452   60951A51Y             (3) 7( 22.0)       5449399.0
c  453   60951A51Y             (1) 5(  5.0)       5457099.0
c  454   60951A51Y             (3) 4( 13.0)       5457999.0
c  455   60951A51Y             (1) 4(  4.0)       5458899.0
c  456   60951A51Y             (1) 8(  8.0)       5459899.0
c  457   60951A51Y             (1) 2(  2.0)       5461299.0
 
 
 
c-------------------------------------------------------------------------------
 
C  superstage partition information
C  ================================
C
C  element symbol   : W
C  parent template  : 
C  partition level  :  1
C  superstage label : 26
C
C  tabulation       : photon emissivity coefft (te,ne)
C  units            : ph. emis coef(cm^3 s^-1); te (ev); ne (cm^-3)
C
C  photon emissivity atomic transitions
C  ------------------------------------
C  
C   isel  wvlen(A)            transition                type  ispb nspb
C                                                             ispp nspp sz    tg pr wr
C  ----- ---------- ----------------------------------- ----- ---- ---- --    -- -- --
C      1   18.4717  437(3)6( 19.0)-  1(3)5( 16.0)       excit   1    1  26   360 48  1
C      2   19.9418  384(3)6( 19.0)-  1(3)5( 16.0)       excit   1    1  26   316 32  2
C      3   22.7257  333(3)6( 19.0)-  1(3)5( 16.0)       excit   1    1  26   274 15  3
C      4   29.4152  241(3)6( 19.0)-  1(3)5( 16.0)       excit   1    1  26   193  5  4
C      5   29.5449  239(3)4( 13.0)-  2(1)4(  4.0)       excit   1    1  26   539 49  5
C      6   29.6149  239(3)4( 13.0)-  3(3)3( 10.0)       excit   1    1  26   898 45  6
C      7   29.7327  227(3)5( 16.0)-  1(3)5( 16.0)       excit   1    1  26   180 19  7
C      8   29.7992  225(1)6(  6.0)-  1(3)5( 16.0)       excit   1    1  26   178 42  8
C      9   46.1234  168(3)4( 13.0)-  1(3)5( 16.0)       excit   1    1  26   133 12  9
C     10   46.3546  168(3)4( 13.0)-  2(1)4(  4.0)       excit   1    1  26   487 27 10
C     11   46.4771  163(1)4(  4.0)-  1(3)5( 16.0)       excit   1    1  26   128 39 11
C     12   46.5273  168(3)4( 13.0)-  3(3)3( 10.0)       excit   1    1  26   833 37 12
C     13   46.8389  164(3)2(  7.0)-  3(3)3( 10.0)       excit   1    1  26   830 43 13
C     14   47.4623  168(3)4( 13.0)-  5(1)6(  6.0)       excit   1    1  26  1447 30 14
C     15   47.5187  167(3)5( 16.0)-  5(1)6(  6.0)       excit   1    1  26  1446 20 15
C     16   47.5919  159(3)4( 13.0)-  1(3)5( 16.0)       excit   1    1  26   126  1 16
C     17   47.6818  165(1)6(  6.0)-  5(1)6(  6.0)       excit   1    1  26  1445 35 17
C     18   47.8381  159(3)4( 13.0)-  2(1)4(  4.0)       excit   1    1  26   481 41 18
C     19   47.9309  162(1)5(  5.0)-  5(1)6(  6.0)       excit   1    1  26  1444 36 19
C     20   48.0221  159(3)4( 13.0)-  3(3)3( 10.0)       excit   1    1  26   826 16 20
C     21   48.1765  155(3)5( 16.0)-  1(3)5( 16.0)       excit   1    1  26   123  2 21
C     22   48.3072  157(1)3(  3.0)-  2(1)4(  4.0)       excit   1    1  26   480 26 22
C     23   48.4289  155(3)5( 16.0)-  2(1)4(  4.0)       excit   1    1  26   478  8 23
C     24   48.4948  157(1)3(  3.0)-  3(3)3( 10.0)       excit   1    1  26   824 46 24
C     25   48.5254  156(1)4(  4.0)-  3(3)3( 10.0)       excit   1    1  26   823 28 25
C     26   48.6174  155(3)5( 16.0)-  3(3)3( 10.0)       excit   1    1  26   822 29 26
C     27   49.0942  152(1)4(  4.0)-  1(3)5( 16.0)       excit   1    1  26   121  7 27
C     28   49.3563  152(1)4(  4.0)-  2(1)4(  4.0)       excit   1    1  26   476 18 28
C     29   49.6650  157(1)3(  3.0)-  6(3)1(  4.0)       excit   1    1  26  1694 40 29
C     30   50.7181  149(1)5(  5.0)-  2(1)4(  4.0)       excit   1    1  26   475 17 30
C     31   51.4235  150(1)7(  7.0)-  5(1)6(  6.0)       excit   1    1  26  1441 24 31
C     32   51.4383  147(3)2(  7.0)-  3(3)3( 10.0)       excit   1    1  26   815 47 32
C     33   51.7150  146(3)4( 13.0)-  3(3)3( 10.0)       excit   1    1  26   814 14 33
C     34   52.6649  141(1)5(  5.0)-  1(3)5( 16.0)       excit   1    1  26   111 23 34
C     35   53.8242  129(3)6( 19.0)-  1(3)5( 16.0)       excit   1    1  26   101  3 35
C     36   54.3072  130(3)3( 10.0)-  3(3)3( 10.0)       excit   1    1  26   801 31 36
C     37   55.5865  115(3)6( 19.0)-  1(3)5( 16.0)       excit   1    1  26    91 13 37
C     38   55.6565  129(3)6( 19.0)-  5(1)6(  6.0)       excit   1    1  26  1432 34 38
C     39   57.6070   73(3)6( 19.0)-  1(3)5( 16.0)       excit   1    1  26    60  9 39
C     40   58.0559   78(3)4( 13.0)-  3(3)3( 10.0)       excit   1    1  26   762 25 40
C     41   131.148  183(3)5( 16.0)-159(3)4( 13.0)       excit   1    1  26 40638 44 41
C     42   143.246  183(3)5( 16.0)-167(3)5( 16.0)       excit   1    1  26 42026 38 42
C     43   143.761  183(3)5( 16.0)-168(3)4( 13.0)       excit   1    1  26 42263 22 43
C     44   149.343  179(3)6( 19.0)-167(3)5( 16.0)       excit   1    1  26 42024 50 44
C     45   1634.98    5(1)6(  6.0)-  1(3)5( 16.0)       excit   1    1  26     4  6 45
C     46   2058.26    6(3)1(  4.0)-  3(3)3( 10.0)       excit   1    1  26   706 33 46
C     47   4050.11    4(1)2(  2.0)-  3(3)3( 10.0)       excit   1    1  26   704 11 47
C     48   4185.15    6(3)1(  4.0)-  4(1)2(  2.0)       excit   1    1  26  1093 21 48
C     49   5312.85    3(3)3( 10.0)-  1(3)5( 16.0)       excit   1    1  26     2 10 49
C     50   9246.42    2(1)4(  4.0)-  1(3)5( 16.0)       excit   1    1  26     1  4 50
c-------------------------------------------------------------------------------
                                                                                
C  code     : adas810
C  producer : Adam Foster
C  date     : 15/05/09
                                                                                
c-------------------------------------------------------------------------------

C-----------------------------------------------------------------------
C                               OPEN-ADAS
C                               +++++++++
C
C This file has been downloaded from OPEN-ADAS (http://open.adas.ac.uk)
C on 26-Mar-2025.
C
C TERMS AND CONDITIONS
C --------------------
C
C The user of the OPEN-ADAS system and data (hereinafter "the User")
C accepts the following terms and conditions:
C
C   1. The University of Strathclyde uses all reasonable endeavours to
C      ensure the accuracy of the data provided and any information
C      given, but the University makes no warranty, expressed or implied
C      as to its accuracy, integrity, fitness for purpose and shall not
C      be responsible for the use to which the data is put by the User
C      and/or any consequences arising out of any inaccuracies or
C      omissions.
C
C   2. Any downloaded OPEN-ADAS file is made available for the
C      personal use of the User only.  It must not be used for any
C      commercial application, incorporated into any web site or in
C      any form re-distributed without express prior written permission
C      from the ADAS Project. In particular, but not by way of
C      limitation, it must not be:
C        *  inserted into a managed database structure,
C        *  redistributed along with a modelling or analysis code,
C        *  made available on a public website.
C
C Permission for OPEN-ADAS data incorporation in non-commercial
C code/system development for scientific advance will not be
C unreasonably withheld, but will be subject to written agreement
C on a case by case basis.
C
C The User will indemnify the University of Strathclyde and keep it
C fully and effectively indemnified against each and every claim made
C against the University as a result of the User's use of the data.
C
C-----------------------------------------------------------------------
