   50    /W : 9 photon emissivity coefficients/
--------------------------------------------------------------------------------
    1    1    1    1    1    1    1    1    1    1    1    1    1    1
    1    1    1    1    1    1    1    1    1    1    1    1    1    1
    1    1    1    1    1    1    1    1    1    1    1    1    1    1
    1    1    1    1    1    1    1    1    1    1    1    1    1    1
    1    1    1    1    1    1    1    1    1    1    1    1    1    1
    1    1    1    1    1
--------------------------------------------------------------------------------
//#01/p00/ 00/p01/ 01/p02/ 02/p03/ 03/p04/ 04/p05/ 05/p06/ 06/p07/ 07/p08/ 08/  
      p09/ 09/p10/ 10/p11/ 11/p12/ 12/p13/ 13/p14/ 14/p15/ 15/p16/ 16/p17/ 17/  
      p18/ 18/p19/ 19/p20/ 20/p21/ 21/p22/ 22/p23/ 23/p24/ 24/p25/ 25/p26/ 26/  
      p27/ 27/p28/ 28/p29/ 29/p30/ 30/p31/ 31/p32/ 32/p33/ 33/p34/ 34/p35/ 35/  
      p36/ 36/p37/ 37/p38/ 38/p39/ 39/p40/ 40/p41/ 41/p42/ 42/p43/ 43/p44/ 44/  
      p45/ 45/p46/ 46/p47/ 47/p48/ 48/p49/ 49/p50/ 50/p51/ 51/p52/ 52/p53/ 53/  
      p54/ 54/p55/ 55/p56/ 56/p57/ 57/p58/ 58/p59/ 59/p60/ 60/p61/ 61/p62/ 62/  
      p63/ 63/p64/ 64/p65/ 65/p66/ 66/p67/ 67/p68/ 68/p69/ 69/p70/ 70/p71/ 71/  
      p72/ 72/p73/ 73/p74/ 74/                                                  
--------------------------------------------------------------------------------
  176.955    7  14 /pl=01:ss= 9:pb= 1:sz= 9/type=excit/ispb = t/isel =    1
 1.00E+10 1.00E+11 1.00E+12 1.00E+13 1.00E+14 1.00E+15 1.00E+16
 1.72E+00 2.59E+00 4.31E+00 8.62E+00 1.72E+01 4.31E+01 8.62E+01 1.29E+02
 1.72E+02 2.59E+02 4.31E+02 8.62E+02 1.72E+03 2.59E+03
 5.11E-27 3.20E-21 1.26E-16 3.05E-13 1.27E-11 9.57E-11 1.66E-10 1.92E-10
 2.05E-10 2.14E-10 2.17E-10 2.08E-10 1.89E-10 1.76E-10
 5.55E-27 3.38E-21 1.28E-16 2.93E-13 1.13E-11 7.34E-11 1.19E-10 1.36E-10
 1.43E-10 1.49E-10 1.50E-10 1.45E-10 1.34E-10 1.26E-10
 9.07E-27 4.86E-21 1.51E-16 2.68E-13 8.90E-12 5.72E-11 9.56E-11 1.10E-10
 1.16E-10 1.20E-10 1.20E-10 1.13E-10 1.01E-10 9.31E-11
 1.62E-26 7.51E-21 1.96E-16 2.94E-13 8.97E-12 5.69E-11 9.46E-11 1.08E-10
 1.14E-10 1.18E-10 1.18E-10 1.10E-10 9.79E-11 9.00E-11
 1.84E-26 8.22E-21 2.08E-16 3.05E-13 9.11E-12 5.69E-11 9.44E-11 1.08E-10
 1.14E-10 1.18E-10 1.17E-10 1.09E-10 9.73E-11 8.94E-11
 1.87E-26 8.30E-21 2.09E-16 3.07E-13 9.12E-12 5.68E-11 9.43E-11 1.08E-10
 1.14E-10 1.17E-10 1.17E-10 1.09E-10 9.71E-11 8.93E-11
 1.87E-26 8.28E-21 2.09E-16 3.06E-13 9.10E-12 5.65E-11 9.34E-11 1.07E-10
 1.12E-10 1.16E-10 1.16E-10 1.08E-10 9.63E-11 8.86E-11
  192.844    7  14 /pl=01:ss= 9:pb= 1:sz= 9/type=excit/ispb = t/isel =    2
 1.00E+10 1.00E+11 1.00E+12 1.00E+13 1.00E+14 1.00E+15 1.00E+16
 1.72E+00 2.59E+00 4.31E+00 8.62E+00 1.72E+01 4.31E+01 8.62E+01 1.29E+02
 1.72E+02 2.59E+02 4.31E+02 8.62E+02 1.72E+03 2.59E+03
 2.84E-25 5.83E-20 9.42E-16 1.16E-12 3.46E-11 2.11E-10 3.41E-10 3.88E-10
 4.07E-10 4.21E-10 4.21E-10 4.00E-10 3.64E-10 3.38E-10
 2.94E-25 5.89E-20 9.15E-16 1.07E-12 2.91E-11 1.45E-10 2.14E-10 2.37E-10
 2.47E-10 2.53E-10 2.54E-10 2.44E-10 2.28E-10 2.15E-10
 3.78E-25 6.68E-20 8.49E-16 7.76E-13 1.79E-11 8.97E-11 1.39E-10 1.56E-10
 1.63E-10 1.67E-10 1.66E-10 1.55E-10 1.40E-10 1.29E-10
 5.65E-25 8.56E-20 9.12E-16 7.02E-13 1.56E-11 8.30E-11 1.31E-10 1.47E-10
 1.53E-10 1.57E-10 1.55E-10 1.44E-10 1.28E-10 1.17E-10
 6.25E-25 9.12E-20 9.42E-16 7.09E-13 1.55E-11 8.23E-11 1.30E-10 1.46E-10
 1.52E-10 1.56E-10 1.53E-10 1.42E-10 1.26E-10 1.16E-10
 6.32E-25 9.18E-20 9.46E-16 7.10E-13 1.55E-11 8.22E-11 1.30E-10 1.45E-10
 1.52E-10 1.55E-10 1.53E-10 1.42E-10 1.26E-10 1.15E-10
 6.31E-25 9.16E-20 9.44E-16 7.09E-13 1.55E-11 8.17E-11 1.28E-10 1.44E-10
 1.50E-10 1.54E-10 1.51E-10 1.41E-10 1.25E-10 1.15E-10
  195.192    7  14 /pl=01:ss= 9:pb= 1:sz= 9/type=excit/ispb = t/isel =    3
 1.00E+10 1.00E+11 1.00E+12 1.00E+13 1.00E+14 1.00E+15 1.00E+16
 1.72E+00 2.59E+00 4.31E+00 8.62E+00 1.72E+01 4.31E+01 8.62E+01 1.29E+02
 1.72E+02 2.59E+02 4.31E+02 8.62E+02 1.72E+03 2.59E+03
 5.88E-25 1.04E-19 1.49E-15 1.68E-12 4.80E-11 2.88E-10 4.64E-10 5.25E-10
 5.51E-10 5.70E-10 5.69E-10 5.37E-10 4.86E-10 4.50E-10
 6.18E-25 1.07E-19 1.48E-15 1.58E-12 4.19E-11 2.14E-10 3.22E-10 3.58E-10
 3.73E-10 3.84E-10 3.83E-10 3.64E-10 3.35E-10 3.14E-10
 8.69E-25 1.33E-19 1.52E-15 1.29E-12 2.97E-11 1.51E-10 2.34E-10 2.62E-10
 2.74E-10 2.80E-10 2.77E-10 2.59E-10 2.32E-10 2.14E-10
 1.41E-24 1.85E-19 1.76E-15 1.25E-12 2.69E-11 1.41E-10 2.20E-10 2.46E-10
 2.56E-10 2.62E-10 2.58E-10 2.39E-10 2.12E-10 1.94E-10
 1.59E-24 1.99E-19 1.83E-15 1.26E-12 2.67E-11 1.39E-10 2.17E-10 2.44E-10
 2.54E-10 2.60E-10 2.55E-10 2.36E-10 2.09E-10 1.91E-10
 1.61E-24 2.01E-19 1.84E-15 1.26E-12 2.67E-11 1.39E-10 2.17E-10 2.43E-10
 2.53E-10 2.59E-10 2.55E-10 2.36E-10 2.09E-10 1.91E-10
 1.60E-24 2.01E-19 1.84E-15 1.26E-12 2.66E-11 1.38E-10 2.15E-10 2.41E-10
 2.51E-10 2.56E-10 2.52E-10 2.34E-10 2.07E-10 1.90E-10
  196.321    7  14 /pl=01:ss= 9:pb= 1:sz= 9/type=excit/ispb = t/isel =    4
 1.00E+10 1.00E+11 1.00E+12 1.00E+13 1.00E+14 1.00E+15 1.00E+16
 1.72E+00 2.59E+00 4.31E+00 8.62E+00 1.72E+01 4.31E+01 8.62E+01 1.29E+02
 1.72E+02 2.59E+02 4.31E+02 8.62E+02 1.72E+03 2.59E+03
 5.62E-27 3.51E-21 1.39E-16 3.35E-13 1.39E-11 1.05E-10 1.82E-10 2.11E-10
 2.25E-10 2.35E-10 2.38E-10 2.28E-10 2.08E-10 1.93E-10
 6.10E-27 3.72E-21 1.41E-16 3.21E-13 1.24E-11 8.06E-11 1.31E-10 1.49E-10
 1.57E-10 1.64E-10 1.65E-10 1.59E-10 1.47E-10 1.38E-10
 9.96E-27 5.34E-21 1.65E-16 2.95E-13 9.78E-12 6.28E-11 1.05E-10 1.20E-10
 1.27E-10 1.32E-10 1.32E-10 1.24E-10 1.11E-10 1.02E-10
 1.78E-26 8.25E-21 2.15E-16 3.23E-13 9.86E-12 6.25E-11 1.04E-10 1.19E-10
 1.25E-10 1.30E-10 1.29E-10 1.21E-10 1.08E-10 9.89E-11
 2.03E-26 9.03E-21 2.28E-16 3.35E-13 1.00E-11 6.25E-11 1.04E-10 1.19E-10
 1.25E-10 1.29E-10 1.29E-10 1.20E-10 1.07E-10 9.82E-11
 2.05E-26 9.12E-21 2.29E-16 3.37E-13 1.00E-11 6.24E-11 1.04E-10 1.18E-10
 1.25E-10 1.29E-10 1.28E-10 1.20E-10 1.07E-10 9.81E-11
 2.05E-26 9.10E-21 2.29E-16 3.36E-13 1.00E-11 6.21E-11 1.03E-10 1.17E-10
 1.24E-10 1.28E-10 1.27E-10 1.19E-10 1.06E-10 9.74E-11
  199.308    7  14 /pl=01:ss= 9:pb= 1:sz= 9/type=excit/ispb = t/isel =    5
 1.00E+10 1.00E+11 1.00E+12 1.00E+13 1.00E+14 1.00E+15 1.00E+16
 1.72E+00 2.59E+00 4.31E+00 8.62E+00 1.72E+01 4.31E+01 8.62E+01 1.29E+02
 1.72E+02 2.59E+02 4.31E+02 8.62E+02 1.72E+03 2.59E+03
 8.60E-25 1.18E-19 1.38E-15 1.34E-12 3.56E-11 2.07E-10 3.30E-10 3.73E-10
 3.91E-10 4.04E-10 4.02E-10 3.78E-10 3.42E-10 3.15E-10
 9.32E-25 1.25E-19 1.42E-15 1.31E-12 3.30E-11 1.71E-10 2.58E-10 2.87E-10
 2.99E-10 3.06E-10 3.04E-10 2.88E-10 2.64E-10 2.45E-10
 1.45E-24 1.74E-19 1.65E-15 1.22E-12 2.65E-11 1.29E-10 1.96E-10 2.18E-10
 2.27E-10 2.32E-10 2.29E-10 2.14E-10 1.92E-10 1.77E-10
 2.45E-24 2.50E-19 1.95E-15 1.19E-12 2.39E-11 1.18E-10 1.81E-10 2.02E-10
 2.10E-10 2.14E-10 2.10E-10 1.95E-10 1.73E-10 1.58E-10
 2.76E-24 2.69E-19 2.02E-15 1.20E-12 2.35E-11 1.17E-10 1.79E-10 1.99E-10
 2.07E-10 2.11E-10 2.07E-10 1.92E-10 1.70E-10 1.55E-10
 2.79E-24 2.71E-19 2.02E-15 1.20E-12 2.34E-11 1.16E-10 1.78E-10 1.99E-10
 2.07E-10 2.11E-10 2.07E-10 1.91E-10 1.69E-10 1.55E-10
 2.79E-24 2.70E-19 2.02E-15 1.19E-12 2.33E-11 1.16E-10 1.77E-10 1.97E-10
 2.05E-10 2.08E-10 2.05E-10 1.89E-10 1.68E-10 1.54E-10
  200.557    7  14 /pl=01:ss= 9:pb= 1:sz= 9/type=excit/ispb = t/isel =    6
 1.00E+10 1.00E+11 1.00E+12 1.00E+13 1.00E+14 1.00E+15 1.00E+16
 1.72E+00 2.59E+00 4.31E+00 8.62E+00 1.72E+01 4.31E+01 8.62E+01 1.29E+02
 1.72E+02 2.59E+02 4.31E+02 8.62E+02 1.72E+03 2.59E+03
 1.21E-26 5.87E-21 1.88E-16 3.88E-13 1.50E-11 1.11E-10 1.93E-10 2.24E-10
 2.39E-10 2.49E-10 2.50E-10 2.37E-10 2.14E-10 1.98E-10
 1.45E-26 6.79E-21 2.07E-16 4.04E-13 1.49E-11 1.05E-10 1.81E-10 2.10E-10
 2.23E-10 2.31E-10 2.31E-10 2.17E-10 1.94E-10 1.79E-10
 3.35E-26 1.39E-20 3.48E-16 5.31E-13 1.74E-11 1.22E-10 2.08E-10 2.39E-10
 2.53E-10 2.61E-10 2.59E-10 2.42E-10 2.14E-10 1.95E-10
 7.25E-26 2.60E-20 5.52E-16 7.16E-13 2.08E-11 1.31E-10 2.17E-10 2.48E-10
 2.61E-10 2.70E-10 2.67E-10 2.50E-10 2.22E-10 2.03E-10
 8.47E-26 2.92E-20 6.00E-16 7.57E-13 2.14E-11 1.31E-10 2.17E-10 2.48E-10
 2.62E-10 2.70E-10 2.67E-10 2.50E-10 2.22E-10 2.03E-10
 8.62E-26 2.95E-20 6.05E-16 7.62E-13 2.14E-11 1.31E-10 2.17E-10 2.48E-10
 2.61E-10 2.70E-10 2.67E-10 2.50E-10 2.21E-10 2.03E-10
 8.61E-26 2.95E-20 6.04E-16 7.61E-13 2.14E-11 1.31E-10 2.15E-10 2.46E-10
 2.59E-10 2.67E-10 2.65E-10 2.47E-10 2.20E-10 2.02E-10
  201.685    7  14 /pl=01:ss= 9:pb= 1:sz= 9/type=excit/ispb = t/isel =    7
 1.00E+10 1.00E+11 1.00E+12 1.00E+13 1.00E+14 1.00E+15 1.00E+16
 1.72E+00 2.59E+00 4.31E+00 8.62E+00 1.72E+01 4.31E+01 8.62E+01 1.29E+02
 1.72E+02 2.59E+02 4.31E+02 8.62E+02 1.72E+03 2.59E+03
 7.31E-26 1.70E-20 3.05E-16 4.10E-13 1.39E-11 1.19E-10 2.31E-10 2.76E-10
 2.96E-10 3.09E-10 3.05E-10 2.77E-10 2.36E-10 2.09E-10
 1.40E-25 3.31E-20 6.08E-16 8.26E-13 3.13E-11 2.85E-10 5.10E-10 5.91E-10
 6.24E-10 6.48E-10 6.42E-10 5.97E-10 5.23E-10 4.73E-10
 5.18E-25 1.11E-19 1.71E-15 1.88E-12 5.34E-11 2.95E-10 4.58E-10 5.14E-10
 5.37E-10 5.53E-10 5.49E-10 5.18E-10 4.69E-10 4.36E-10
 1.06E-24 1.83E-19 2.19E-15 1.88E-12 4.47E-11 2.42E-10 3.86E-10 4.37E-10
 4.56E-10 4.69E-10 4.63E-10 4.31E-10 3.83E-10 3.52E-10
 1.20E-24 1.96E-19 2.22E-15 1.80E-12 4.19E-11 2.33E-10 3.75E-10 4.25E-10
 4.44E-10 4.57E-10 4.50E-10 4.18E-10 3.70E-10 3.38E-10
 1.22E-24 1.98E-19 2.22E-15 1.79E-12 4.16E-11 2.32E-10 3.74E-10 4.23E-10
 4.43E-10 4.55E-10 4.49E-10 4.16E-10 3.68E-10 3.37E-10
 1.22E-24 1.97E-19 2.22E-15 1.79E-12 4.15E-11 2.31E-10 3.70E-10 4.19E-10
 4.38E-10 4.50E-10 4.44E-10 4.12E-10 3.65E-10 3.34E-10
  202.019    7  14 /pl=01:ss= 9:pb= 1:sz= 9/type=excit/ispb = t/isel =    8
 1.00E+10 1.00E+11 1.00E+12 1.00E+13 1.00E+14 1.00E+15 1.00E+16
 1.72E+00 2.59E+00 4.31E+00 8.62E+00 1.72E+01 4.31E+01 8.62E+01 1.29E+02
 1.72E+02 2.59E+02 4.31E+02 8.62E+02 1.72E+03 2.59E+03
 1.74E-25 3.91E-20 6.83E-16 8.91E-13 2.79E-11 1.90E-10 3.26E-10 3.77E-10
 4.00E-10 4.14E-10 4.13E-10 3.86E-10 3.43E-10 3.14E-10
 2.23E-25 4.95E-20 8.44E-16 1.06E-12 3.38E-11 2.38E-10 4.02E-10 4.60E-10
 4.85E-10 5.00E-10 4.97E-10 4.64E-10 4.12E-10 3.77E-10
 5.49E-25 1.10E-19 1.57E-15 1.60E-12 4.29E-11 2.42E-10 3.81E-10 4.29E-10
 4.48E-10 4.59E-10 4.55E-10 4.26E-10 3.81E-10 3.52E-10
 1.11E-24 1.88E-19 2.18E-15 1.81E-12 4.18E-11 2.25E-10 3.54E-10 3.98E-10
 4.16E-10 4.26E-10 4.20E-10 3.90E-10 3.47E-10 3.18E-10
 1.28E-24 2.06E-19 2.29E-15 1.83E-12 4.12E-11 2.21E-10 3.49E-10 3.93E-10
 4.11E-10 4.20E-10 4.14E-10 3.84E-10 3.40E-10 3.12E-10
 1.30E-24 2.08E-19 2.30E-15 1.83E-12 4.11E-11 2.21E-10 3.48E-10 3.92E-10
 4.10E-10 4.19E-10 4.13E-10 3.83E-10 3.39E-10 3.11E-10
 1.30E-24 2.08E-19 2.30E-15 1.83E-12 4.10E-11 2.19E-10 3.45E-10 3.88E-10
 4.05E-10 4.14E-10 4.09E-10 3.80E-10 3.37E-10 3.09E-10
  203.881    7  14 /pl=01:ss= 9:pb= 1:sz= 9/type=excit/ispb = t/isel =    9
 1.00E+10 1.00E+11 1.00E+12 1.00E+13 1.00E+14 1.00E+15 1.00E+16
 1.72E+00 2.59E+00 4.31E+00 8.62E+00 1.72E+01 4.31E+01 8.62E+01 1.29E+02
 1.72E+02 2.59E+02 4.31E+02 8.62E+02 1.72E+03 2.59E+03
 4.05E-26 1.61E-20 4.43E-16 8.11E-13 2.95E-11 2.05E-10 3.46E-10 3.98E-10
 4.22E-10 4.40E-10 4.43E-10 4.22E-10 3.84E-10 3.56E-10
 4.56E-26 1.76E-20 4.60E-16 7.93E-13 2.68E-11 1.63E-10 2.62E-10 2.97E-10
 3.12E-10 3.24E-10 3.25E-10 3.10E-10 2.84E-10 2.65E-10
 8.71E-26 2.95E-20 6.26E-16 8.34E-13 2.44E-11 1.52E-10 2.51E-10 2.86E-10
 3.00E-10 3.10E-10 3.08E-10 2.88E-10 2.56E-10 2.35E-10
 1.73E-25 5.10E-20 9.20E-16 1.05E-12 2.78E-11 1.62E-10 2.61E-10 2.96E-10
 3.10E-10 3.19E-10 3.17E-10 2.96E-10 2.64E-10 2.43E-10
 1.99E-25 5.67E-20 9.95E-16 1.11E-12 2.87E-11 1.63E-10 2.62E-10 2.97E-10
 3.11E-10 3.19E-10 3.17E-10 2.96E-10 2.64E-10 2.43E-10
 2.03E-25 5.73E-20 1.00E-15 1.12E-12 2.88E-11 1.63E-10 2.62E-10 2.96E-10
 3.10E-10 3.19E-10 3.16E-10 2.96E-10 2.64E-10 2.42E-10
 2.02E-25 5.73E-20 1.00E-15 1.12E-12 2.88E-11 1.62E-10 2.60E-10 2.93E-10
 3.07E-10 3.16E-10 3.13E-10 2.93E-10 2.62E-10 2.41E-10
  205.290    7  14 /pl=01:ss= 9:pb= 1:sz= 9/type=excit/ispb = t/isel =   10
 1.00E+10 1.00E+11 1.00E+12 1.00E+13 1.00E+14 1.00E+15 1.00E+16
 1.72E+00 2.59E+00 4.31E+00 8.62E+00 1.72E+01 4.31E+01 8.62E+01 1.29E+02
 1.72E+02 2.59E+02 4.31E+02 8.62E+02 1.72E+03 2.59E+03
 2.86E-24 2.75E-19 2.44E-15 1.91E-12 4.56E-11 2.46E-10 3.83E-10 4.28E-10
 4.47E-10 4.59E-10 4.57E-10 4.31E-10 3.91E-10 3.62E-10
 2.99E-24 2.82E-19 2.41E-15 1.80E-12 3.97E-11 1.79E-10 2.57E-10 2.81E-10
 2.91E-10 2.98E-10 2.96E-10 2.83E-10 2.62E-10 2.46E-10
 3.96E-24 3.31E-19 2.34E-15 1.38E-12 2.58E-11 1.11E-10 1.64E-10 1.81E-10
 1.87E-10 1.91E-10 1.88E-10 1.76E-10 1.58E-10 1.47E-10
 5.74E-24 4.10E-19 2.40E-15 1.19E-12 2.11E-11 9.74E-11 1.46E-10 1.62E-10
 1.68E-10 1.71E-10 1.67E-10 1.55E-10 1.37E-10 1.26E-10
 6.28E-24 4.31E-19 2.44E-15 1.17E-12 2.05E-11 9.56E-11 1.44E-10 1.60E-10
 1.66E-10 1.68E-10 1.65E-10 1.52E-10 1.34E-10 1.23E-10
 6.34E-24 4.33E-19 2.44E-15 1.17E-12 2.05E-11 9.53E-11 1.44E-10 1.59E-10
 1.65E-10 1.68E-10 1.64E-10 1.52E-10 1.34E-10 1.22E-10
 6.33E-24 4.32E-19 2.44E-15 1.17E-12 2.04E-11 9.48E-11 1.42E-10 1.58E-10
 1.64E-10 1.66E-10 1.63E-10 1.50E-10 1.33E-10 1.22E-10
  206.806    7  14 /pl=01:ss= 9:pb= 1:sz= 9/type=excit/ispb = t/isel =   11
 1.00E+10 1.00E+11 1.00E+12 1.00E+13 1.00E+14 1.00E+15 1.00E+16
 1.72E+00 2.59E+00 4.31E+00 8.62E+00 1.72E+01 4.31E+01 8.62E+01 1.29E+02
 1.72E+02 2.59E+02 4.31E+02 8.62E+02 1.72E+03 2.59E+03
 1.71E-23 1.52E-18 1.25E-14 9.31E-12 2.17E-10 1.13E-09 1.74E-09 1.95E-09
 2.02E-09 2.08E-09 2.07E-09 1.96E-09 1.77E-09 1.64E-09
 1.74E-23 1.50E-18 1.20E-14 8.46E-12 1.80E-10 7.55E-10 1.04E-09 1.13E-09
 1.17E-09 1.19E-09 1.19E-09 1.14E-09 1.07E-09 1.01E-09
 1.90E-23 1.46E-18 9.59E-15 5.38E-12 9.48E-11 3.73E-10 5.36E-10 5.89E-10
 6.08E-10 6.20E-10 6.11E-10 5.74E-10 5.21E-10 4.86E-10
 2.23E-23 1.46E-18 7.94E-15 3.72E-12 6.49E-11 2.98E-10 4.48E-10 4.97E-10
 5.15E-10 5.24E-10 5.13E-10 4.75E-10 4.20E-10 3.85E-10
 2.33E-23 1.46E-18 7.73E-15 3.52E-12 6.14E-11 2.89E-10 4.37E-10 4.86E-10
 5.03E-10 5.13E-10 5.01E-10 4.62E-10 4.07E-10 3.73E-10
 2.34E-23 1.46E-18 7.70E-15 3.50E-12 6.11E-11 2.88E-10 4.36E-10 4.84E-10
 5.02E-10 5.11E-10 5.00E-10 4.61E-10 4.06E-10 3.71E-10
 2.33E-23 1.46E-18 7.69E-15 3.50E-12 6.09E-11 2.86E-10 4.32E-10 4.79E-10
 4.97E-10 5.06E-10 4.95E-10 4.56E-10 4.03E-10 3.68E-10
  207.229    7  14 /pl=01:ss= 9:pb= 1:sz= 9/type=excit/ispb = t/isel =   12
 1.00E+10 1.00E+11 1.00E+12 1.00E+13 1.00E+14 1.00E+15 1.00E+16
 1.72E+00 2.59E+00 4.31E+00 8.62E+00 1.72E+01 4.31E+01 8.62E+01 1.29E+02
 1.72E+02 2.59E+02 4.31E+02 8.62E+02 1.72E+03 2.59E+03
 2.84E-25 5.01E-20 7.19E-16 8.11E-13 2.31E-11 1.39E-10 2.23E-10 2.53E-10
 2.66E-10 2.75E-10 2.74E-10 2.59E-10 2.34E-10 2.17E-10
 2.98E-25 5.15E-20 7.12E-16 7.62E-13 2.02E-11 1.03E-10 1.55E-10 1.73E-10
 1.80E-10 1.85E-10 1.85E-10 1.76E-10 1.61E-10 1.52E-10
 4.19E-25 6.41E-20 7.33E-16 6.22E-13 1.43E-11 7.30E-11 1.13E-10 1.26E-10
 1.32E-10 1.35E-10 1.34E-10 1.25E-10 1.12E-10 1.03E-10
 6.81E-25 8.92E-20 8.48E-16 6.02E-13 1.30E-11 6.78E-11 1.06E-10 1.19E-10
 1.24E-10 1.26E-10 1.24E-10 1.15E-10 1.02E-10 9.37E-11
 7.65E-25 9.61E-20 8.83E-16 6.09E-13 1.29E-11 6.71E-11 1.05E-10 1.17E-10
 1.22E-10 1.25E-10 1.23E-10 1.14E-10 1.01E-10 9.23E-11
 7.75E-25 9.69E-20 8.86E-16 6.10E-13 1.29E-11 6.70E-11 1.05E-10 1.17E-10
 1.22E-10 1.25E-10 1.23E-10 1.14E-10 1.01E-10 9.20E-11
 7.73E-25 9.67E-20 8.85E-16 6.09E-13 1.28E-11 6.65E-11 1.04E-10 1.16E-10
 1.21E-10 1.24E-10 1.22E-10 1.13E-10 9.98E-11 9.14E-11
  210.813    7  14 /pl=01:ss= 9:pb= 1:sz= 9/type=excit/ispb = t/isel =   13
 1.00E+10 1.00E+11 1.00E+12 1.00E+13 1.00E+14 1.00E+15 1.00E+16
 1.72E+00 2.59E+00 4.31E+00 8.62E+00 1.72E+01 4.31E+01 8.62E+01 1.29E+02
 1.72E+02 2.59E+02 4.31E+02 8.62E+02 1.72E+03 2.59E+03
 8.20E-25 1.12E-19 1.32E-15 1.28E-12 3.39E-11 1.97E-10 3.15E-10 3.56E-10
 3.73E-10 3.85E-10 3.83E-10 3.60E-10 3.26E-10 3.00E-10
 8.88E-25 1.19E-19 1.35E-15 1.25E-12 3.14E-11 1.63E-10 2.46E-10 2.73E-10
 2.85E-10 2.92E-10 2.90E-10 2.74E-10 2.51E-10 2.34E-10
 1.39E-24 1.66E-19 1.57E-15 1.16E-12 2.53E-11 1.23E-10 1.87E-10 2.08E-10
 2.16E-10 2.21E-10 2.18E-10 2.04E-10 1.83E-10 1.69E-10
 2.34E-24 2.38E-19 1.85E-15 1.14E-12 2.28E-11 1.13E-10 1.73E-10 1.92E-10
 2.00E-10 2.04E-10 2.00E-10 1.86E-10 1.65E-10 1.51E-10
 2.63E-24 2.56E-19 1.92E-15 1.14E-12 2.24E-11 1.11E-10 1.71E-10 1.90E-10
 1.98E-10 2.01E-10 1.98E-10 1.83E-10 1.62E-10 1.48E-10
 2.66E-24 2.58E-19 1.93E-15 1.14E-12 2.23E-11 1.11E-10 1.70E-10 1.89E-10
 1.97E-10 2.01E-10 1.97E-10 1.82E-10 1.61E-10 1.48E-10
 2.66E-24 2.58E-19 1.92E-15 1.14E-12 2.23E-11 1.10E-10 1.69E-10 1.87E-10
 1.95E-10 1.99E-10 1.95E-10 1.81E-10 1.60E-10 1.46E-10
  211.486    7  14 /pl=01:ss= 9:pb= 1:sz= 9/type=excit/ispb = t/isel =   14
 1.00E+10 1.00E+11 1.00E+12 1.00E+13 1.00E+14 1.00E+15 1.00E+16
 1.72E+00 2.59E+00 4.31E+00 8.62E+00 1.72E+01 4.31E+01 8.62E+01 1.29E+02
 1.72E+02 2.59E+02 4.31E+02 8.62E+02 1.72E+03 2.59E+03
 5.23E-24 3.58E-19 2.41E-15 1.54E-12 3.32E-11 1.71E-10 2.64E-10 2.94E-10
 3.07E-10 3.15E-10 3.11E-10 2.92E-10 2.63E-10 2.43E-10
 5.49E-24 3.67E-19 2.38E-15 1.44E-12 2.89E-11 1.26E-10 1.81E-10 1.98E-10
 2.05E-10 2.09E-10 2.07E-10 1.96E-10 1.79E-10 1.68E-10
 7.29E-24 4.33E-19 2.32E-15 1.12E-12 1.91E-11 8.08E-11 1.19E-10 1.32E-10
 1.36E-10 1.39E-10 1.36E-10 1.26E-10 1.13E-10 1.04E-10
 1.07E-23 5.44E-19 2.42E-15 9.73E-13 1.57E-11 7.08E-11 1.07E-10 1.18E-10
 1.23E-10 1.25E-10 1.21E-10 1.12E-10 9.81E-11 8.97E-11
 1.17E-23 5.73E-19 2.47E-15 9.63E-13 1.54E-11 6.95E-11 1.05E-10 1.17E-10
 1.21E-10 1.23E-10 1.20E-10 1.10E-10 9.61E-11 8.76E-11
 1.19E-23 5.76E-19 2.47E-15 9.62E-13 1.53E-11 6.94E-11 1.05E-10 1.16E-10
 1.21E-10 1.22E-10 1.19E-10 1.09E-10 9.58E-11 8.73E-11
 1.19E-23 5.75E-19 2.47E-15 9.61E-13 1.53E-11 6.91E-11 1.04E-10 1.16E-10
 1.20E-10 1.22E-10 1.18E-10 1.09E-10 9.53E-11 8.69E-11
  214.428    7  14 /pl=01:ss= 9:pb= 1:sz= 9/type=excit/ispb = t/isel =   15
 1.00E+10 1.00E+11 1.00E+12 1.00E+13 1.00E+14 1.00E+15 1.00E+16
 1.72E+00 2.59E+00 4.31E+00 8.62E+00 1.72E+01 4.31E+01 8.62E+01 1.29E+02
 1.72E+02 2.59E+02 4.31E+02 8.62E+02 1.72E+03 2.59E+03
 1.02E-26 7.40E-21 3.28E-16 8.59E-13 3.74E-11 2.88E-10 5.02E-10 5.84E-10
 6.22E-10 6.52E-10 6.58E-10 6.29E-10 5.72E-10 5.31E-10
 1.19E-26 8.24E-21 3.44E-16 8.35E-13 3.33E-11 2.19E-10 3.58E-10 4.09E-10
 4.32E-10 4.50E-10 4.53E-10 4.33E-10 3.98E-10 3.73E-10
 2.85E-26 1.70E-20 5.61E-16 1.00E-12 3.36E-11 2.34E-10 4.02E-10 4.65E-10
 4.91E-10 5.10E-10 5.08E-10 4.74E-10 4.19E-10 3.82E-10
 6.75E-26 3.59E-20 1.04E-15 1.64E-12 4.86E-11 2.94E-10 4.80E-10 5.48E-10
 5.77E-10 5.97E-10 5.97E-10 5.63E-10 5.06E-10 4.67E-10
 8.01E-26 4.13E-20 1.17E-15 1.85E-12 5.35E-11 3.05E-10 4.93E-10 5.61E-10
 5.90E-10 6.10E-10 6.10E-10 5.76E-10 5.20E-10 4.81E-10
 8.16E-26 4.19E-20 1.19E-15 1.88E-12 5.41E-11 3.07E-10 4.94E-10 5.62E-10
 5.90E-10 6.11E-10 6.11E-10 5.77E-10 5.21E-10 4.82E-10
 8.15E-26 4.19E-20 1.19E-15 1.88E-12 5.41E-11 3.05E-10 4.90E-10 5.56E-10
 5.84E-10 6.05E-10 6.05E-10 5.72E-10 5.17E-10 4.79E-10
  215.871    7  14 /pl=01:ss= 9:pb= 1:sz= 9/type=excit/ispb = t/isel =   16
 1.00E+10 1.00E+11 1.00E+12 1.00E+13 1.00E+14 1.00E+15 1.00E+16
 1.72E+00 2.59E+00 4.31E+00 8.62E+00 1.72E+01 4.31E+01 8.62E+01 1.29E+02
 1.72E+02 2.59E+02 4.31E+02 8.62E+02 1.72E+03 2.59E+03
 3.92E-25 6.93E-20 9.94E-16 1.12E-12 3.20E-11 1.92E-10 3.09E-10 3.50E-10
 3.68E-10 3.80E-10 3.79E-10 3.58E-10 3.24E-10 3.00E-10
 4.12E-25 7.12E-20 9.85E-16 1.05E-12 2.80E-11 1.43E-10 2.15E-10 2.39E-10
 2.49E-10 2.56E-10 2.55E-10 2.43E-10 2.23E-10 2.10E-10
 5.79E-25 8.87E-20 1.01E-15 8.61E-13 1.98E-11 1.01E-10 1.56E-10 1.75E-10
 1.82E-10 1.87E-10 1.85E-10 1.72E-10 1.55E-10 1.43E-10
 9.42E-25 1.23E-19 1.17E-15 8.33E-13 1.79E-11 9.37E-11 1.46E-10 1.64E-10
 1.71E-10 1.75E-10 1.72E-10 1.59E-10 1.41E-10 1.30E-10
 1.06E-24 1.33E-19 1.22E-15 8.42E-13 1.78E-11 9.28E-11 1.45E-10 1.62E-10
 1.69E-10 1.73E-10 1.70E-10 1.58E-10 1.40E-10 1.28E-10
 1.07E-24 1.34E-19 1.23E-15 8.43E-13 1.78E-11 9.26E-11 1.45E-10 1.62E-10
 1.69E-10 1.73E-10 1.70E-10 1.57E-10 1.39E-10 1.27E-10
 1.07E-24 1.34E-19 1.22E-15 8.42E-13 1.77E-11 9.20E-11 1.43E-10 1.60E-10
 1.67E-10 1.71E-10 1.68E-10 1.56E-10 1.38E-10 1.26E-10
  216.169    7  14 /pl=01:ss= 9:pb= 1:sz= 9/type=excit/ispb = t/isel =   17
 1.00E+10 1.00E+11 1.00E+12 1.00E+13 1.00E+14 1.00E+15 1.00E+16
 1.72E+00 2.59E+00 4.31E+00 8.62E+00 1.72E+01 4.31E+01 8.62E+01 1.29E+02
 1.72E+02 2.59E+02 4.31E+02 8.62E+02 1.72E+03 2.59E+03
 1.94E-25 3.95E-20 6.37E-16 7.84E-13 2.34E-11 1.45E-10 2.36E-10 2.68E-10
 2.82E-10 2.92E-10 2.92E-10 2.76E-10 2.50E-10 2.31E-10
 2.09E-25 4.16E-20 6.45E-16 7.52E-13 2.10E-11 1.14E-10 1.77E-10 1.99E-10
 2.08E-10 2.14E-10 2.13E-10 2.02E-10 1.84E-10 1.72E-10
 3.36E-25 5.94E-20 7.62E-16 7.07E-13 1.74E-11 9.51E-11 1.50E-10 1.69E-10
 1.77E-10 1.81E-10 1.79E-10 1.67E-10 1.49E-10 1.37E-10
 6.04E-25 9.14E-20 9.79E-16 7.61E-13 1.72E-11 9.18E-11 1.44E-10 1.62E-10
 1.69E-10 1.73E-10 1.71E-10 1.58E-10 1.40E-10 1.29E-10
 6.88E-25 9.98E-20 1.03E-15 7.76E-13 1.71E-11 9.10E-11 1.43E-10 1.60E-10
 1.68E-10 1.71E-10 1.69E-10 1.56E-10 1.38E-10 1.27E-10
 6.98E-25 1.01E-19 1.04E-15 7.77E-13 1.71E-11 9.08E-11 1.43E-10 1.60E-10
 1.67E-10 1.71E-10 1.68E-10 1.56E-10 1.38E-10 1.26E-10
 6.97E-25 1.01E-19 1.03E-15 7.76E-13 1.71E-11 9.03E-11 1.41E-10 1.58E-10
 1.65E-10 1.69E-10 1.67E-10 1.55E-10 1.37E-10 1.26E-10
  216.477    7  14 /pl=01:ss= 9:pb= 1:sz= 9/type=excit/ispb = t/isel =   18
 1.00E+10 1.00E+11 1.00E+12 1.00E+13 1.00E+14 1.00E+15 1.00E+16
 1.72E+00 2.59E+00 4.31E+00 8.62E+00 1.72E+01 4.31E+01 8.62E+01 1.29E+02
 1.72E+02 2.59E+02 4.31E+02 8.62E+02 1.72E+03 2.59E+03
 1.14E-25 1.26E-20 1.31E-16 1.22E-13 4.94E-12 7.17E-11 1.59E-10 1.95E-10
 2.10E-10 2.19E-10 2.12E-10 1.85E-10 1.49E-10 1.27E-10
 1.02E-24 1.11E-19 1.12E-15 9.80E-13 3.36E-11 3.12E-10 5.49E-10 6.29E-10
 6.60E-10 6.81E-10 6.71E-10 6.17E-10 5.33E-10 4.79E-10
 6.05E-24 5.78E-19 4.75E-15 3.23E-12 7.32E-11 3.54E-10 5.20E-10 5.73E-10
 5.92E-10 6.06E-10 5.98E-10 5.63E-10 5.09E-10 4.74E-10
 1.31E-23 1.01E-18 6.35E-15 3.36E-12 6.24E-11 2.90E-10 4.34E-10 4.81E-10
 4.98E-10 5.09E-10 4.99E-10 4.64E-10 4.12E-10 3.80E-10
 1.50E-23 1.08E-18 6.46E-15 3.22E-12 5.85E-11 2.78E-10 4.21E-10 4.68E-10
 4.84E-10 4.94E-10 4.85E-10 4.49E-10 3.96E-10 3.64E-10
 1.52E-23 1.09E-18 6.46E-15 3.20E-12 5.80E-11 2.77E-10 4.20E-10 4.66E-10
 4.82E-10 4.92E-10 4.83E-10 4.47E-10 3.94E-10 3.62E-10
 1.52E-23 1.09E-18 6.45E-15 3.19E-12 5.78E-11 2.75E-10 4.16E-10 4.61E-10
 4.77E-10 4.87E-10 4.78E-10 4.43E-10 3.91E-10 3.59E-10
  217.518    7  14 /pl=01:ss= 9:pb= 1:sz= 9/type=excit/ispb = t/isel =   19
 1.00E+10 1.00E+11 1.00E+12 1.00E+13 1.00E+14 1.00E+15 1.00E+16
 1.72E+00 2.59E+00 4.31E+00 8.62E+00 1.72E+01 4.31E+01 8.62E+01 1.29E+02
 1.72E+02 2.59E+02 4.31E+02 8.62E+02 1.72E+03 2.59E+03
 2.02E-24 1.95E-19 1.73E-15 1.35E-12 3.22E-11 1.74E-10 2.70E-10 3.02E-10
 3.16E-10 3.25E-10 3.23E-10 3.05E-10 2.76E-10 2.56E-10
 2.12E-24 2.00E-19 1.71E-15 1.27E-12 2.81E-11 1.27E-10 1.82E-10 1.99E-10
 2.06E-10 2.10E-10 2.09E-10 2.00E-10 1.85E-10 1.74E-10
 2.80E-24 2.34E-19 1.65E-15 9.77E-13 1.83E-11 7.88E-11 1.16E-10 1.28E-10
 1.32E-10 1.35E-10 1.33E-10 1.24E-10 1.12E-10 1.04E-10
 4.06E-24 2.90E-19 1.70E-15 8.39E-13 1.49E-11 6.89E-11 1.04E-10 1.15E-10
 1.19E-10 1.21E-10 1.18E-10 1.09E-10 9.71E-11 8.90E-11
 4.44E-24 3.04E-19 1.72E-15 8.28E-13 1.45E-11 6.76E-11 1.02E-10 1.13E-10
 1.17E-10 1.19E-10 1.16E-10 1.07E-10 9.50E-11 8.68E-11
 4.48E-24 3.06E-19 1.73E-15 8.27E-13 1.45E-11 6.74E-11 1.02E-10 1.13E-10
 1.17E-10 1.19E-10 1.16E-10 1.07E-10 9.47E-11 8.65E-11
 4.47E-24 3.05E-19 1.72E-15 8.25E-13 1.44E-11 6.70E-11 1.01E-10 1.11E-10
 1.16E-10 1.17E-10 1.15E-10 1.06E-10 9.39E-11 8.59E-11
  218.509    7  14 /pl=01:ss= 9:pb= 1:sz= 9/type=excit/ispb = t/isel =   20
 1.00E+10 1.00E+11 1.00E+12 1.00E+13 1.00E+14 1.00E+15 1.00E+16
 1.72E+00 2.59E+00 4.31E+00 8.62E+00 1.72E+01 4.31E+01 8.62E+01 1.29E+02
 1.72E+02 2.59E+02 4.31E+02 8.62E+02 1.72E+03 2.59E+03
 3.09E-25 5.46E-20 7.83E-16 8.84E-13 2.52E-11 1.51E-10 2.43E-10 2.76E-10
 2.90E-10 2.99E-10 2.99E-10 2.82E-10 2.55E-10 2.36E-10
 3.24E-25 5.61E-20 7.76E-16 8.30E-13 2.20E-11 1.13E-10 1.69E-10 1.88E-10
 1.96E-10 2.02E-10 2.01E-10 1.91E-10 1.76E-10 1.65E-10
 4.56E-25 6.99E-20 7.99E-16 6.78E-13 1.56E-11 7.95E-11 1.23E-10 1.38E-10
 1.44E-10 1.47E-10 1.45E-10 1.36E-10 1.22E-10 1.12E-10
 7.42E-25 9.72E-20 9.24E-16 6.56E-13 1.41E-11 7.38E-11 1.15E-10 1.29E-10
 1.35E-10 1.38E-10 1.36E-10 1.26E-10 1.11E-10 1.02E-10
 8.33E-25 1.05E-19 9.62E-16 6.63E-13 1.40E-11 7.31E-11 1.14E-10 1.28E-10
 1.33E-10 1.36E-10 1.34E-10 1.24E-10 1.10E-10 1.01E-10
 8.44E-25 1.06E-19 9.66E-16 6.64E-13 1.40E-11 7.30E-11 1.14E-10 1.28E-10
 1.33E-10 1.36E-10 1.34E-10 1.24E-10 1.10E-10 1.00E-10
 8.43E-25 1.05E-19 9.64E-16 6.63E-13 1.40E-11 7.25E-11 1.13E-10 1.26E-10
 1.32E-10 1.35E-10 1.32E-10 1.23E-10 1.09E-10 9.96E-11
  219.220    7  14 /pl=01:ss= 9:pb= 1:sz= 9/type=excit/ispb = t/isel =   21
 1.00E+10 1.00E+11 1.00E+12 1.00E+13 1.00E+14 1.00E+15 1.00E+16
 1.72E+00 2.59E+00 4.31E+00 8.62E+00 1.72E+01 4.31E+01 8.62E+01 1.29E+02
 1.72E+02 2.59E+02 4.31E+02 8.62E+02 1.72E+03 2.59E+03
 4.85E-24 4.29E-19 3.53E-15 2.63E-12 6.13E-11 3.21E-10 4.93E-10 5.51E-10
 5.73E-10 5.90E-10 5.86E-10 5.54E-10 5.01E-10 4.65E-10
 4.91E-24 4.26E-19 3.38E-15 2.39E-12 5.10E-11 2.13E-10 2.95E-10 3.21E-10
 3.30E-10 3.37E-10 3.36E-10 3.24E-10 3.02E-10 2.87E-10
 5.38E-24 4.14E-19 2.71E-15 1.52E-12 2.68E-11 1.05E-10 1.52E-10 1.67E-10
 1.72E-10 1.75E-10 1.73E-10 1.63E-10 1.47E-10 1.38E-10
 6.30E-24 4.12E-19 2.25E-15 1.05E-12 1.84E-11 8.42E-11 1.27E-10 1.41E-10
 1.46E-10 1.48E-10 1.45E-10 1.34E-10 1.19E-10 1.09E-10
 6.58E-24 4.14E-19 2.19E-15 9.97E-13 1.74E-11 8.17E-11 1.24E-10 1.37E-10
 1.42E-10 1.45E-10 1.42E-10 1.31E-10 1.15E-10 1.05E-10
 6.61E-24 4.14E-19 2.18E-15 9.91E-13 1.73E-11 8.14E-11 1.23E-10 1.37E-10
 1.42E-10 1.45E-10 1.41E-10 1.30E-10 1.15E-10 1.05E-10
 6.60E-24 4.13E-19 2.17E-15 9.89E-13 1.72E-11 8.09E-11 1.22E-10 1.36E-10
 1.40E-10 1.43E-10 1.40E-10 1.29E-10 1.14E-10 1.04E-10
  219.971    7  14 /pl=01:ss= 9:pb= 1:sz= 9/type=excit/ispb = t/isel =   22
 1.00E+10 1.00E+11 1.00E+12 1.00E+13 1.00E+14 1.00E+15 1.00E+16
 1.72E+00 2.59E+00 4.31E+00 8.62E+00 1.72E+01 4.31E+01 8.62E+01 1.29E+02
 1.72E+02 2.59E+02 4.31E+02 8.62E+02 1.72E+03 2.59E+03
 7.69E-23 3.41E-18 1.62E-14 7.98E-12 1.52E-10 7.31E-10 1.11E-09 1.23E-09
 1.27E-09 1.29E-09 1.26E-09 1.16E-09 1.02E-09 9.37E-10
 7.60E-23 3.30E-18 1.51E-14 7.07E-12 1.22E-10 4.54E-10 6.10E-10 6.54E-10
 6.70E-10 6.76E-10 6.63E-10 6.26E-10 5.73E-10 5.40E-10
 6.99E-23 2.69E-18 1.01E-14 3.77E-12 5.23E-11 1.75E-10 2.47E-10 2.69E-10
 2.77E-10 2.79E-10 2.72E-10 2.50E-10 2.23E-10 2.07E-10
 5.93E-23 1.94E-18 6.04E-15 1.88E-12 2.74E-11 1.21E-10 1.84E-10 2.05E-10
 2.12E-10 2.14E-10 2.06E-10 1.86E-10 1.60E-10 1.45E-10
 5.61E-23 1.77E-18 5.35E-15 1.62E-12 2.44E-11 1.14E-10 1.77E-10 1.97E-10
 2.05E-10 2.06E-10 1.99E-10 1.78E-10 1.52E-10 1.37E-10
 5.57E-23 1.75E-18 5.27E-15 1.59E-12 2.40E-11 1.14E-10 1.76E-10 1.97E-10
 2.04E-10 2.06E-10 1.98E-10 1.77E-10 1.51E-10 1.36E-10
 5.53E-23 1.73E-18 5.24E-15 1.59E-12 2.39E-11 1.13E-10 1.75E-10 1.95E-10
 2.02E-10 2.04E-10 1.96E-10 1.76E-10 1.50E-10 1.35E-10
  224.220    7  14 /pl=01:ss= 9:pb= 1:sz= 9/type=excit/ispb = t/isel =   23
 1.00E+10 1.00E+11 1.00E+12 1.00E+13 1.00E+14 1.00E+15 1.00E+16
 1.72E+00 2.59E+00 4.31E+00 8.62E+00 1.72E+01 4.31E+01 8.62E+01 1.29E+02
 1.72E+02 2.59E+02 4.31E+02 8.62E+02 1.72E+03 2.59E+03
 1.10E-24 1.51E-19 1.77E-15 1.71E-12 4.55E-11 2.64E-10 4.22E-10 4.77E-10
 5.00E-10 5.16E-10 5.14E-10 4.83E-10 4.37E-10 4.03E-10
 1.19E-24 1.60E-19 1.82E-15 1.68E-12 4.22E-11 2.18E-10 3.30E-10 3.67E-10
 3.82E-10 3.92E-10 3.89E-10 3.68E-10 3.37E-10 3.14E-10
 1.86E-24 2.23E-19 2.11E-15 1.56E-12 3.39E-11 1.66E-10 2.51E-10 2.79E-10
 2.90E-10 2.97E-10 2.92E-10 2.73E-10 2.45E-10 2.26E-10
 3.13E-24 3.19E-19 2.49E-15 1.53E-12 3.06E-11 1.51E-10 2.32E-10 2.58E-10
 2.68E-10 2.74E-10 2.69E-10 2.49E-10 2.21E-10 2.03E-10
 3.52E-24 3.44E-19 2.58E-15 1.53E-12 3.00E-11 1.49E-10 2.29E-10 2.55E-10
 2.65E-10 2.70E-10 2.65E-10 2.45E-10 2.17E-10 1.99E-10
 3.57E-24 3.46E-19 2.59E-15 1.53E-12 2.99E-11 1.49E-10 2.28E-10 2.54E-10
 2.64E-10 2.69E-10 2.64E-10 2.44E-10 2.17E-10 1.98E-10
 3.56E-24 3.46E-19 2.58E-15 1.53E-12 2.98E-11 1.48E-10 2.26E-10 2.51E-10
 2.62E-10 2.67E-10 2.62E-10 2.42E-10 2.15E-10 1.97E-10
  224.995    7  14 /pl=01:ss= 9:pb= 1:sz= 9/type=excit/ispb = t/isel =   24
 1.00E+10 1.00E+11 1.00E+12 1.00E+13 1.00E+14 1.00E+15 1.00E+16
 1.72E+00 2.59E+00 4.31E+00 8.62E+00 1.72E+01 4.31E+01 8.62E+01 1.29E+02
 1.72E+02 2.59E+02 4.31E+02 8.62E+02 1.72E+03 2.59E+03
 3.65E-23 1.27E-18 4.96E-15 2.11E-12 3.75E-11 1.74E-10 2.62E-10 2.88E-10
 2.99E-10 3.03E-10 2.96E-10 2.72E-10 2.39E-10 2.18E-10
 3.78E-23 1.29E-18 4.87E-15 1.98E-12 3.28E-11 1.28E-10 1.78E-10 1.92E-10
 1.97E-10 1.99E-10 1.94E-10 1.81E-10 1.64E-10 1.52E-10
 4.50E-23 1.38E-18 4.36E-15 1.44E-12 2.00E-11 7.18E-11 1.01E-10 1.10E-10
 1.13E-10 1.14E-10 1.11E-10 1.02E-10 9.01E-11 8.31E-11
 5.59E-23 1.45E-18 3.76E-15 1.02E-12 1.38E-11 5.65E-11 8.36E-11 9.19E-11
 9.48E-11 9.55E-11 9.21E-11 8.33E-11 7.21E-11 6.53E-11
 5.90E-23 1.46E-18 3.64E-15 9.53E-13 1.29E-11 5.44E-11 8.13E-11 8.95E-11
 9.24E-11 9.30E-11 8.96E-11 8.08E-11 6.96E-11 6.29E-11
 5.93E-23 1.46E-18 3.63E-15 9.45E-13 1.28E-11 5.42E-11 8.10E-11 8.92E-11
 9.21E-11 9.27E-11 8.92E-11 8.04E-11 6.93E-11 6.25E-11
 5.91E-23 1.45E-18 3.61E-15 9.41E-13 1.27E-11 5.38E-11 8.02E-11 8.83E-11
 9.11E-11 9.17E-11 8.83E-11 7.97E-11 6.87E-11 6.21E-11
  226.361    7  14 /pl=01:ss= 9:pb= 1:sz= 9/type=excit/ispb = t/isel =   25
 1.00E+10 1.00E+11 1.00E+12 1.00E+13 1.00E+14 1.00E+15 1.00E+16
 1.72E+00 2.59E+00 4.31E+00 8.62E+00 1.72E+01 4.31E+01 8.62E+01 1.29E+02
 1.72E+02 2.59E+02 4.31E+02 8.62E+02 1.72E+03 2.59E+03
 2.02E-24 1.30E-19 8.45E-16 5.34E-13 1.37E-11 1.20E-10 2.37E-10 2.82E-10
 3.02E-10 3.12E-10 3.03E-10 2.67E-10 2.20E-10 1.91E-10
 6.13E-24 4.04E-19 2.71E-15 1.73E-12 4.79E-11 3.83E-10 6.51E-10 7.38E-10
 7.74E-10 7.94E-10 7.77E-10 7.12E-10 6.16E-10 5.54E-10
 2.94E-23 1.73E-18 9.56E-15 4.84E-12 9.41E-11 4.19E-10 6.05E-10 6.61E-10
 6.83E-10 6.95E-10 6.82E-10 6.38E-10 5.73E-10 5.33E-10
 6.24E-23 2.96E-18 1.27E-14 4.99E-12 8.01E-11 3.45E-10 5.09E-10 5.60E-10
 5.80E-10 5.89E-10 5.75E-10 5.30E-10 4.68E-10 4.30E-10
 7.15E-23 3.19E-18 1.29E-14 4.80E-12 7.53E-11 3.32E-10 4.95E-10 5.45E-10
 5.65E-10 5.73E-10 5.59E-10 5.14E-10 4.51E-10 4.13E-10
 7.25E-23 3.22E-18 1.29E-14 4.77E-12 7.47E-11 3.30E-10 4.93E-10 5.43E-10
 5.62E-10 5.71E-10 5.57E-10 5.11E-10 4.49E-10 4.11E-10
 7.24E-23 3.21E-18 1.29E-14 4.76E-12 7.45E-11 3.29E-10 4.89E-10 5.38E-10
 5.57E-10 5.65E-10 5.51E-10 5.07E-10 4.46E-10 4.08E-10
  228.433    7  14 /pl=01:ss= 9:pb= 1:sz= 9/type=excit/ispb = t/isel =   26
 1.00E+10 1.00E+11 1.00E+12 1.00E+13 1.00E+14 1.00E+15 1.00E+16
 1.72E+00 2.59E+00 4.31E+00 8.62E+00 1.72E+01 4.31E+01 8.62E+01 1.29E+02
 1.72E+02 2.59E+02 4.31E+02 8.62E+02 1.72E+03 2.59E+03
 4.50E-23 1.33E-18 4.57E-15 1.77E-12 2.97E-11 1.33E-10 1.97E-10 2.17E-10
 2.24E-10 2.26E-10 2.21E-10 2.02E-10 1.78E-10 1.62E-10
 4.64E-23 1.34E-18 4.42E-15 1.62E-12 2.49E-11 9.08E-11 1.23E-10 1.33E-10
 1.37E-10 1.37E-10 1.34E-10 1.25E-10 1.12E-10 1.04E-10
 5.48E-23 1.40E-18 3.82E-15 1.10E-12 1.42E-11 5.15E-11 7.41E-11 8.13E-11
 8.38E-11 8.43E-11 8.15E-11 7.39E-11 6.45E-11 5.89E-11
 6.90E-23 1.51E-18 3.44E-15 8.38E-13 1.07E-11 4.37E-11 6.50E-11 7.19E-11
 7.42E-11 7.46E-11 7.18E-11 6.43E-11 5.51E-11 4.97E-11
 7.33E-23 1.54E-18 3.39E-15 8.03E-13 1.02E-11 4.27E-11 6.38E-11 7.06E-11
 7.29E-11 7.33E-11 7.04E-11 6.30E-11 5.38E-11 4.84E-11
 7.37E-23 1.54E-18 3.38E-15 7.99E-13 1.02E-11 4.25E-11 6.36E-11 7.04E-11
 7.27E-11 7.31E-11 7.02E-11 6.28E-11 5.36E-11 4.82E-11
 7.33E-23 1.53E-18 3.36E-15 7.95E-13 1.01E-11 4.21E-11 6.29E-11 6.95E-11
 7.17E-11 7.21E-11 6.93E-11 6.20E-11 5.31E-11 4.78E-11
  233.167    7  14 /pl=01:ss= 9:pb= 1:sz= 9/type=excit/ispb = t/isel =   27
 1.00E+10 1.00E+11 1.00E+12 1.00E+13 1.00E+14 1.00E+15 1.00E+16
 1.72E+00 2.59E+00 4.31E+00 8.62E+00 1.72E+01 4.31E+01 8.62E+01 1.29E+02
 1.72E+02 2.59E+02 4.31E+02 8.62E+02 1.72E+03 2.59E+03
 3.47E-24 3.07E-19 2.53E-15 1.88E-12 4.38E-11 2.30E-10 3.53E-10 3.94E-10
 4.10E-10 4.22E-10 4.19E-10 3.96E-10 3.58E-10 3.33E-10
 3.51E-24 3.05E-19 2.42E-15 1.71E-12 3.65E-11 1.53E-10 2.11E-10 2.29E-10
 2.36E-10 2.41E-10 2.40E-10 2.31E-10 2.16E-10 2.05E-10
 3.85E-24 2.96E-19 1.94E-15 1.09E-12 1.92E-11 7.54E-11 1.08E-10 1.19E-10
 1.23E-10 1.25E-10 1.24E-10 1.16E-10 1.05E-10 9.84E-11
 4.50E-24 2.95E-19 1.61E-15 7.53E-13 1.31E-11 6.02E-11 9.06E-11 1.01E-10
 1.04E-10 1.06E-10 1.04E-10 9.60E-11 8.50E-11 7.80E-11
 4.71E-24 2.96E-19 1.56E-15 7.13E-13 1.24E-11 5.84E-11 8.85E-11 9.83E-11
 1.02E-10 1.04E-10 1.01E-10 9.35E-11 8.24E-11 7.54E-11
 4.73E-24 2.96E-19 1.56E-15 7.09E-13 1.24E-11 5.82E-11 8.82E-11 9.80E-11
 1.02E-10 1.03E-10 1.01E-10 9.32E-11 8.21E-11 7.51E-11
 4.72E-24 2.96E-19 1.56E-15 7.08E-13 1.23E-11 5.78E-11 8.74E-11 9.70E-11
 1.00E-10 1.02E-10 1.00E-10 9.24E-11 8.15E-11 7.46E-11
  239.133    7  14 /pl=01:ss= 9:pb= 1:sz= 9/type=excit/ispb = t/isel =   28
 1.00E+10 1.00E+11 1.00E+12 1.00E+13 1.00E+14 1.00E+15 1.00E+16
 1.72E+00 2.59E+00 4.31E+00 8.62E+00 1.72E+01 4.31E+01 8.62E+01 1.29E+02
 1.72E+02 2.59E+02 4.31E+02 8.62E+02 1.72E+03 2.59E+03
 5.60E-24 3.83E-19 2.58E-15 1.65E-12 3.56E-11 1.83E-10 2.82E-10 3.15E-10
 3.28E-10 3.37E-10 3.33E-10 3.13E-10 2.82E-10 2.60E-10
 5.87E-24 3.93E-19 2.55E-15 1.55E-12 3.10E-11 1.35E-10 1.94E-10 2.12E-10
 2.20E-10 2.24E-10 2.21E-10 2.10E-10 1.92E-10 1.80E-10
 7.80E-24 4.63E-19 2.49E-15 1.20E-12 2.04E-11 8.64E-11 1.28E-10 1.41E-10
 1.46E-10 1.49E-10 1.45E-10 1.35E-10 1.20E-10 1.11E-10
 1.15E-23 5.82E-19 2.59E-15 1.04E-12 1.68E-11 7.58E-11 1.14E-10 1.27E-10
 1.31E-10 1.33E-10 1.30E-10 1.19E-10 1.05E-10 9.60E-11
 1.26E-23 6.13E-19 2.64E-15 1.03E-12 1.64E-11 7.44E-11 1.13E-10 1.25E-10
 1.29E-10 1.31E-10 1.28E-10 1.17E-10 1.03E-10 9.37E-11
 1.27E-23 6.16E-19 2.65E-15 1.03E-12 1.64E-11 7.42E-11 1.12E-10 1.24E-10
 1.29E-10 1.31E-10 1.28E-10 1.17E-10 1.03E-10 9.35E-11
 1.27E-23 6.15E-19 2.64E-15 1.03E-12 1.64E-11 7.39E-11 1.12E-10 1.24E-10
 1.28E-10 1.30E-10 1.27E-10 1.16E-10 1.02E-10 9.30E-11
  239.766    7  14 /pl=01:ss= 9:pb= 1:sz= 9/type=excit/ispb = t/isel =   29
 1.00E+10 1.00E+11 1.00E+12 1.00E+13 1.00E+14 1.00E+15 1.00E+16
 1.72E+00 2.59E+00 4.31E+00 8.62E+00 1.72E+01 4.31E+01 8.62E+01 1.29E+02
 1.72E+02 2.59E+02 4.31E+02 8.62E+02 1.72E+03 2.59E+03
 4.64E-23 1.62E-18 6.30E-15 2.69E-12 4.76E-11 2.21E-10 3.32E-10 3.66E-10
 3.80E-10 3.85E-10 3.75E-10 3.45E-10 3.04E-10 2.77E-10
 4.80E-23 1.64E-18 6.19E-15 2.52E-12 4.16E-11 1.63E-10 2.26E-10 2.44E-10
 2.50E-10 2.53E-10 2.47E-10 2.30E-10 2.08E-10 1.93E-10
 5.71E-23 1.75E-18 5.54E-15 1.82E-12 2.54E-11 9.11E-11 1.29E-10 1.40E-10
 1.44E-10 1.45E-10 1.41E-10 1.29E-10 1.14E-10 1.06E-10
 7.10E-23 1.84E-18 4.78E-15 1.30E-12 1.76E-11 7.18E-11 1.06E-10 1.17E-10
 1.20E-10 1.21E-10 1.17E-10 1.06E-10 9.15E-11 8.30E-11
 7.49E-23 1.85E-18 4.63E-15 1.21E-12 1.63E-11 6.92E-11 1.03E-10 1.14E-10
 1.17E-10 1.18E-10 1.14E-10 1.03E-10 8.84E-11 7.98E-11
 7.54E-23 1.85E-18 4.61E-15 1.20E-12 1.62E-11 6.88E-11 1.03E-10 1.13E-10
 1.17E-10 1.18E-10 1.13E-10 1.02E-10 8.80E-11 7.94E-11
 7.51E-23 1.85E-18 4.59E-15 1.20E-12 1.61E-11 6.83E-11 1.02E-10 1.12E-10
 1.16E-10 1.16E-10 1.12E-10 1.01E-10 8.73E-11 7.89E-11
  241.481    7  14 /pl=01:ss= 9:pb= 1:sz= 9/type=excit/ispb = t/isel =   30
 1.00E+10 1.00E+11 1.00E+12 1.00E+13 1.00E+14 1.00E+15 1.00E+16
 1.72E+00 2.59E+00 4.31E+00 8.62E+00 1.72E+01 4.31E+01 8.62E+01 1.29E+02
 1.72E+02 2.59E+02 4.31E+02 8.62E+02 1.72E+03 2.59E+03
 5.14E-24 3.27E-19 2.08E-15 1.27E-12 2.73E-11 1.48E-10 2.36E-10 2.67E-10
 2.78E-10 2.84E-10 2.79E-10 2.57E-10 2.26E-10 2.06E-10
 6.52E-24 4.00E-19 2.42E-15 1.39E-12 2.87E-11 1.51E-10 2.38E-10 2.67E-10
 2.78E-10 2.83E-10 2.76E-10 2.53E-10 2.21E-10 2.01E-10
 1.67E-23 9.06E-19 4.50E-15 2.03E-12 3.64E-11 1.78E-10 2.72E-10 3.02E-10
 3.12E-10 3.17E-10 3.09E-10 2.82E-10 2.47E-10 2.24E-10
 3.62E-23 1.71E-18 7.18E-15 2.76E-12 4.34E-11 1.89E-10 2.81E-10 3.10E-10
 3.19E-10 3.23E-10 3.15E-10 2.88E-10 2.53E-10 2.31E-10
 4.22E-23 1.91E-18 7.78E-15 2.91E-12 4.45E-11 1.90E-10 2.81E-10 3.10E-10
 3.18E-10 3.22E-10 3.14E-10 2.87E-10 2.52E-10 2.30E-10
 4.29E-23 1.94E-18 7.85E-15 2.93E-12 4.46E-11 1.90E-10 2.81E-10 3.09E-10
 3.18E-10 3.22E-10 3.14E-10 2.87E-10 2.52E-10 2.30E-10
 4.28E-23 1.94E-18 7.84E-15 2.92E-12 4.45E-11 1.89E-10 2.78E-10 3.06E-10
 3.15E-10 3.19E-10 3.11E-10 2.85E-10 2.50E-10 2.29E-10
  242.101    7  14 /pl=01:ss= 9:pb= 1:sz= 9/type=excit/ispb = t/isel =   31
 1.00E+10 1.00E+11 1.00E+12 1.00E+13 1.00E+14 1.00E+15 1.00E+16
 1.72E+00 2.59E+00 4.31E+00 8.62E+00 1.72E+01 4.31E+01 8.62E+01 1.29E+02
 1.72E+02 2.59E+02 4.31E+02 8.62E+02 1.72E+03 2.59E+03
 1.66E-25 3.44E-20 5.62E-16 6.96E-13 2.10E-11 1.32E-10 2.17E-10 2.48E-10
 2.62E-10 2.71E-10 2.72E-10 2.57E-10 2.33E-10 2.16E-10
 1.92E-25 3.87E-20 6.07E-16 7.11E-13 2.03E-11 1.16E-10 1.82E-10 2.04E-10
 2.13E-10 2.20E-10 2.19E-10 2.08E-10 1.90E-10 1.77E-10
 3.68E-25 6.52E-20 8.32E-16 7.62E-13 1.84E-11 9.70E-11 1.52E-10 1.70E-10
 1.78E-10 1.82E-10 1.80E-10 1.67E-10 1.49E-10 1.38E-10
 6.95E-25 1.06E-19 1.14E-15 8.75E-13 1.89E-11 9.71E-11 1.51E-10 1.69E-10
 1.76E-10 1.80E-10 1.77E-10 1.65E-10 1.46E-10 1.34E-10
 7.96E-25 1.17E-19 1.22E-15 9.23E-13 1.94E-11 9.74E-11 1.51E-10 1.69E-10
 1.76E-10 1.80E-10 1.77E-10 1.64E-10 1.46E-10 1.34E-10
 8.08E-25 1.19E-19 1.23E-15 9.29E-13 1.95E-11 9.74E-11 1.51E-10 1.69E-10
 1.76E-10 1.80E-10 1.77E-10 1.64E-10 1.45E-10 1.34E-10
 8.06E-25 1.18E-19 1.23E-15 9.28E-13 1.94E-11 9.68E-11 1.49E-10 1.67E-10
 1.74E-10 1.78E-10 1.75E-10 1.63E-10 1.44E-10 1.33E-10
  242.746    7  14 /pl=01:ss= 9:pb= 1:sz= 9/type=excit/ispb = t/isel =   32
 1.00E+10 1.00E+11 1.00E+12 1.00E+13 1.00E+14 1.00E+15 1.00E+16
 1.72E+00 2.59E+00 4.31E+00 8.62E+00 1.72E+01 4.31E+01 8.62E+01 1.29E+02
 1.72E+02 2.59E+02 4.31E+02 8.62E+02 1.72E+03 2.59E+03
 2.12E-23 6.55E-19 2.34E-15 9.38E-13 1.73E-11 1.03E-10 1.79E-10 2.06E-10
 2.17E-10 2.21E-10 2.13E-10 1.89E-10 1.59E-10 1.41E-10
 3.08E-23 9.63E-19 3.47E-15 1.39E-12 2.73E-11 1.67E-10 2.71E-10 3.05E-10
 3.17E-10 3.21E-10 3.10E-10 2.79E-10 2.39E-10 2.14E-10
 8.35E-23 2.39E-18 7.39E-15 2.43E-12 3.77E-11 1.53E-10 2.21E-10 2.43E-10
 2.50E-10 2.52E-10 2.43E-10 2.21E-10 1.94E-10 1.77E-10
 1.55E-22 3.60E-18 8.67E-15 2.24E-12 2.97E-11 1.22E-10 1.83E-10 2.02E-10
 2.09E-10 2.10E-10 2.02E-10 1.81E-10 1.56E-10 1.40E-10
 1.74E-22 3.81E-18 8.66E-15 2.11E-12 2.75E-11 1.17E-10 1.77E-10 1.96E-10
 2.03E-10 2.04E-10 1.96E-10 1.75E-10 1.50E-10 1.34E-10
 1.76E-22 3.83E-18 8.65E-15 2.09E-12 2.73E-11 1.17E-10 1.77E-10 1.96E-10
 2.02E-10 2.03E-10 1.95E-10 1.74E-10 1.49E-10 1.34E-10
 1.75E-22 3.81E-18 8.62E-15 2.08E-12 2.72E-11 1.16E-10 1.75E-10 1.94E-10
 2.00E-10 2.01E-10 1.93E-10 1.73E-10 1.48E-10 1.33E-10
  943.886    7  14 /pl=01:ss= 9:pb= 1:sz= 9/type=excit/ispb = t/isel =   33
 1.00E+10 1.00E+11 1.00E+12 1.00E+13 1.00E+14 1.00E+15 1.00E+16
 1.72E+00 2.59E+00 4.31E+00 8.62E+00 1.72E+01 4.31E+01 8.62E+01 1.29E+02
 1.72E+02 2.59E+02 4.31E+02 8.62E+02 1.72E+03 2.59E+03
 2.78E-13 2.89E-12 1.72E-11 5.73E-11 1.05E-10 2.00E-10 2.63E-10 2.82E-10
 2.88E-10 2.88E-10 2.77E-10 2.50E-10 2.17E-10 1.97E-10
 2.65E-13 2.73E-12 1.59E-11 5.10E-11 8.89E-11 1.66E-10 2.21E-10 2.39E-10
 2.46E-10 2.49E-10 2.43E-10 2.26E-10 2.02E-10 1.86E-10
 1.90E-13 1.87E-12 9.76E-12 2.75E-11 4.45E-11 7.28E-11 8.55E-11 8.91E-11
 9.07E-11 9.18E-11 9.19E-11 9.04E-11 8.73E-11 8.48E-11
 5.11E-14 4.69E-13 2.29E-12 6.25E-12 9.13E-12 1.11E-11 1.18E-11 1.20E-11
 1.21E-11 1.23E-11 1.24E-11 1.25E-11 1.25E-11 1.25E-11
 6.14E-15 5.51E-14 2.67E-13 7.33E-13 1.03E-12 1.17E-12 1.22E-12 1.24E-12
 1.25E-12 1.27E-12 1.28E-12 1.30E-12 1.31E-12 1.31E-12
 6.27E-16 5.61E-15 2.72E-14 7.46E-14 1.04E-13 1.17E-13 1.23E-13 1.25E-13
 1.26E-13 1.27E-13 1.28E-13 1.30E-13 1.31E-13 1.32E-13
 6.28E-17 5.62E-16 2.72E-15 7.48E-15 1.04E-14 1.17E-14 1.22E-14 1.23E-14
 1.25E-14 1.26E-14 1.27E-14 1.29E-14 1.30E-14 1.31E-14
  953.853    7  14 /pl=01:ss= 9:pb= 1:sz= 9/type=excit/ispb = t/isel =   34
 1.00E+10 1.00E+11 1.00E+12 1.00E+13 1.00E+14 1.00E+15 1.00E+16
 1.72E+00 2.59E+00 4.31E+00 8.62E+00 1.72E+01 4.31E+01 8.62E+01 1.29E+02
 1.72E+02 2.59E+02 4.31E+02 8.62E+02 1.72E+03 2.59E+03
 3.45E-13 3.50E-12 2.04E-11 6.80E-11 1.52E-10 4.34E-10 6.41E-10 7.12E-10
 7.40E-10 7.56E-10 7.46E-10 6.97E-10 6.22E-10 5.73E-10
 3.64E-13 3.68E-12 2.12E-11 6.88E-11 1.46E-10 3.53E-10 4.76E-10 5.14E-10
 5.29E-10 5.37E-10 5.31E-10 5.03E-10 4.61E-10 4.32E-10
 3.59E-13 3.54E-12 1.87E-11 5.32E-11 8.92E-11 1.40E-10 1.61E-10 1.67E-10
 1.69E-10 1.71E-10 1.72E-10 1.70E-10 1.65E-10 1.61E-10
 1.11E-13 1.00E-12 4.84E-12 1.30E-11 1.82E-11 2.10E-11 2.19E-11 2.22E-11
 2.24E-11 2.26E-11 2.29E-11 2.31E-11 2.33E-11 2.34E-11
 1.36E-14 1.19E-13 5.63E-13 1.52E-12 2.07E-12 2.22E-12 2.28E-12 2.30E-12
 2.32E-12 2.34E-12 2.37E-12 2.40E-12 2.43E-12 2.45E-12
 1.39E-15 1.21E-14 5.72E-14 1.55E-13 2.10E-13 2.23E-13 2.28E-13 2.31E-13
 2.32E-13 2.34E-13 2.37E-13 2.40E-13 2.44E-13 2.46E-13
 1.39E-16 1.21E-15 5.73E-15 1.55E-14 2.10E-14 2.22E-14 2.27E-14 2.29E-14
 2.30E-14 2.32E-14 2.35E-14 2.38E-14 2.42E-14 2.44E-14
  1032.66    7  14 /pl=01:ss= 9:pb= 1:sz= 9/type=excit/ispb = t/isel =   35
 1.00E+10 1.00E+11 1.00E+12 1.00E+13 1.00E+14 1.00E+15 1.00E+16
 1.72E+00 2.59E+00 4.31E+00 8.62E+00 1.72E+01 4.31E+01 8.62E+01 1.29E+02
 1.72E+02 2.59E+02 4.31E+02 8.62E+02 1.72E+03 2.59E+03
 2.79E-13 2.33E-12 1.17E-11 3.43E-11 6.43E-11 1.45E-10 2.04E-10 2.24E-10
 2.31E-10 2.34E-10 2.27E-10 2.07E-10 1.81E-10 1.65E-10
 2.82E-13 2.34E-12 1.15E-11 3.28E-11 6.02E-11 1.37E-10 1.92E-10 2.10E-10
 2.17E-10 2.20E-10 2.16E-10 2.02E-10 1.80E-10 1.66E-10
 2.50E-13 2.02E-12 9.06E-12 2.28E-11 3.71E-11 6.18E-11 7.21E-11 7.49E-11
 7.61E-11 7.71E-11 7.72E-11 7.61E-11 7.38E-11 7.19E-11
 7.57E-14 5.63E-13 2.33E-12 5.58E-12 7.68E-12 9.19E-12 9.73E-12 9.90E-12
 9.98E-12 1.01E-11 1.02E-11 1.02E-11 1.03E-11 1.03E-11
 9.23E-15 6.66E-14 2.71E-13 6.54E-13 8.67E-13 9.70E-13 1.01E-12 1.03E-12
 1.03E-12 1.04E-12 1.05E-12 1.06E-12 1.07E-12 1.08E-12
 9.43E-16 6.78E-15 2.76E-14 6.66E-14 8.79E-14 9.75E-14 1.01E-13 1.03E-13
 1.04E-13 1.05E-13 1.06E-13 1.07E-13 1.08E-13 1.08E-13
 9.45E-17 6.80E-16 2.76E-15 6.67E-15 8.79E-15 9.70E-15 1.01E-14 1.02E-14
 1.03E-14 1.04E-14 1.05E-14 1.06E-14 1.07E-14 1.08E-14
  1291.06    7  14 /pl=01:ss= 9:pb= 1:sz= 9/type=excit/ispb = t/isel =   36
 1.00E+10 1.00E+11 1.00E+12 1.00E+13 1.00E+14 1.00E+15 1.00E+16
 1.72E+00 2.59E+00 4.31E+00 8.62E+00 1.72E+01 4.31E+01 8.62E+01 1.29E+02
 1.72E+02 2.59E+02 4.31E+02 8.62E+02 1.72E+03 2.59E+03
 5.86E-13 5.94E-12 3.46E-11 1.15E-10 2.58E-10 7.37E-10 1.09E-09 1.21E-09
 1.26E-09 1.28E-09 1.27E-09 1.18E-09 1.06E-09 9.73E-10
 6.18E-13 6.25E-12 3.60E-11 1.17E-10 2.48E-10 5.99E-10 8.08E-10 8.73E-10
 8.97E-10 9.11E-10 9.01E-10 8.54E-10 7.83E-10 7.34E-10
 6.10E-13 6.01E-12 3.18E-11 9.04E-11 1.51E-10 2.37E-10 2.73E-10 2.83E-10
 2.87E-10 2.90E-10 2.91E-10 2.88E-10 2.80E-10 2.73E-10
 1.89E-13 1.71E-12 8.22E-12 2.20E-11 3.09E-11 3.56E-11 3.72E-11 3.78E-11
 3.80E-11 3.84E-11 3.88E-11 3.93E-11 3.96E-11 3.97E-11
 2.30E-14 2.01E-13 9.56E-13 2.58E-12 3.51E-12 3.77E-12 3.87E-12 3.91E-12
 3.93E-12 3.97E-12 4.02E-12 4.07E-12 4.13E-12 4.16E-12
 2.35E-15 2.05E-14 9.72E-14 2.63E-13 3.56E-13 3.79E-13 3.88E-13 3.92E-13
 3.94E-13 3.98E-13 4.03E-13 4.08E-13 4.14E-13 4.17E-13
 2.36E-16 2.05E-15 9.74E-15 2.63E-14 3.57E-14 3.77E-14 3.85E-14 3.88E-14
 3.90E-14 3.94E-14 3.99E-14 4.05E-14 4.11E-14 4.15E-14
  1439.78    7  14 /pl=01:ss= 9:pb= 1:sz= 9/type=excit/ispb = t/isel =   37
 1.00E+10 1.00E+11 1.00E+12 1.00E+13 1.00E+14 1.00E+15 1.00E+16
 1.72E+00 2.59E+00 4.31E+00 8.62E+00 1.72E+01 4.31E+01 8.62E+01 1.29E+02
 1.72E+02 2.59E+02 4.31E+02 8.62E+02 1.72E+03 2.59E+03
 3.39E-13 2.84E-12 1.42E-11 4.18E-11 7.84E-11 1.76E-10 2.49E-10 2.73E-10
 2.82E-10 2.85E-10 2.77E-10 2.52E-10 2.21E-10 2.00E-10
 3.43E-13 2.85E-12 1.40E-11 3.99E-11 7.34E-11 1.67E-10 2.34E-10 2.55E-10
 2.64E-10 2.68E-10 2.63E-10 2.45E-10 2.19E-10 2.02E-10
 3.04E-13 2.46E-12 1.10E-11 2.78E-11 4.52E-11 7.53E-11 8.77E-11 9.13E-11
 9.27E-11 9.38E-11 9.40E-11 9.27E-11 8.99E-11 8.76E-11
 9.22E-14 6.85E-13 2.83E-12 6.79E-12 9.36E-12 1.12E-11 1.18E-11 1.21E-11
 1.22E-11 1.23E-11 1.24E-11 1.25E-11 1.25E-11 1.25E-11
 1.12E-14 8.11E-14 3.30E-13 7.96E-13 1.06E-12 1.18E-12 1.23E-12 1.25E-12
 1.26E-12 1.27E-12 1.28E-12 1.30E-12 1.31E-12 1.31E-12
 1.15E-15 8.26E-15 3.36E-14 8.11E-14 1.07E-13 1.19E-13 1.24E-13 1.25E-13
 1.26E-13 1.27E-13 1.29E-13 1.30E-13 1.31E-13 1.32E-13
 1.15E-16 8.28E-16 3.36E-15 8.12E-15 1.07E-14 1.18E-14 1.23E-14 1.24E-14
 1.25E-14 1.26E-14 1.27E-14 1.29E-14 1.30E-14 1.31E-14
  1490.78    7  14 /pl=01:ss= 9:pb= 1:sz= 9/type=excit/ispb = t/isel =   38
 1.00E+10 1.00E+11 1.00E+12 1.00E+13 1.00E+14 1.00E+15 1.00E+16
 1.72E+00 2.59E+00 4.31E+00 8.62E+00 1.72E+01 4.31E+01 8.62E+01 1.29E+02
 1.72E+02 2.59E+02 4.31E+02 8.62E+02 1.72E+03 2.59E+03
 3.88E-13 3.25E-12 1.62E-11 4.79E-11 8.97E-11 2.02E-10 2.85E-10 3.12E-10
 3.23E-10 3.26E-10 3.17E-10 2.89E-10 2.52E-10 2.29E-10
 3.93E-13 3.27E-12 1.60E-11 4.57E-11 8.40E-11 1.91E-10 2.67E-10 2.92E-10
 3.02E-10 3.07E-10 3.01E-10 2.81E-10 2.51E-10 2.31E-10
 3.48E-13 2.81E-12 1.26E-11 3.18E-11 5.18E-11 8.62E-11 1.00E-10 1.04E-10
 1.06E-10 1.07E-10 1.08E-10 1.06E-10 1.03E-10 1.00E-10
 1.05E-13 7.85E-13 3.24E-12 7.78E-12 1.07E-11 1.28E-11 1.36E-11 1.38E-11
 1.39E-11 1.41E-11 1.42E-11 1.43E-11 1.43E-11 1.43E-11
 1.29E-14 9.29E-14 3.78E-13 9.12E-13 1.21E-12 1.35E-12 1.41E-12 1.43E-12
 1.44E-12 1.45E-12 1.47E-12 1.48E-12 1.50E-12 1.50E-12
 1.31E-15 9.46E-15 3.84E-14 9.28E-14 1.22E-13 1.36E-13 1.41E-13 1.43E-13
 1.44E-13 1.46E-13 1.47E-13 1.49E-13 1.50E-13 1.51E-13
 1.32E-16 9.47E-16 3.85E-15 9.29E-15 1.23E-14 1.35E-14 1.40E-14 1.42E-14
 1.43E-14 1.44E-14 1.46E-14 1.48E-14 1.49E-14 1.50E-14
  1829.22    7  14 /pl=01:ss= 9:pb= 1:sz= 9/type=excit/ispb = t/isel =   39
 1.00E+10 1.00E+11 1.00E+12 1.00E+13 1.00E+14 1.00E+15 1.00E+16
 1.72E+00 2.59E+00 4.31E+00 8.62E+00 1.72E+01 4.31E+01 8.62E+01 1.29E+02
 1.72E+02 2.59E+02 4.31E+02 8.62E+02 1.72E+03 2.59E+03
 9.49E-12 3.02E-11 7.38E-11 1.38E-10 2.46E-10 6.27E-10 8.93E-10 9.81E-10
 1.01E-09 1.03E-09 1.01E-09 9.37E-10 8.34E-10 7.67E-10
 9.10E-12 2.89E-11 6.94E-11 1.25E-10 2.08E-10 4.38E-10 5.61E-10 5.97E-10
 6.10E-10 6.17E-10 6.11E-10 5.83E-10 5.41E-10 5.12E-10
 6.50E-12 1.99E-11 4.29E-11 6.60E-11 8.60E-11 1.13E-10 1.21E-10 1.22E-10
 1.23E-10 1.23E-10 1.24E-10 1.23E-10 1.22E-10 1.21E-10
 1.68E-12 4.58E-12 8.58E-12 1.17E-11 1.26E-11 1.31E-11 1.32E-11 1.32E-11
 1.32E-11 1.32E-11 1.32E-11 1.33E-11 1.33E-11 1.33E-11
 1.99E-13 5.22E-13 9.49E-13 1.26E-12 1.32E-12 1.32E-12 1.33E-12 1.33E-12
 1.33E-12 1.33E-12 1.33E-12 1.33E-12 1.33E-12 1.33E-12
 2.02E-14 5.30E-14 9.59E-14 1.27E-13 1.33E-13 1.33E-13 1.33E-13 1.33E-13
 1.33E-13 1.33E-13 1.33E-13 1.33E-13 1.33E-13 1.33E-13
 2.03E-15 5.30E-15 9.60E-15 1.27E-14 1.33E-14 1.32E-14 1.31E-14 1.31E-14
 1.31E-14 1.31E-14 1.31E-14 1.32E-14 1.32E-14 1.32E-14
  1950.19    7  14 /pl=01:ss= 9:pb= 1:sz= 9/type=excit/ispb = t/isel =   40
 1.00E+10 1.00E+11 1.00E+12 1.00E+13 1.00E+14 1.00E+15 1.00E+16
 1.72E+00 2.59E+00 4.31E+00 8.62E+00 1.72E+01 4.31E+01 8.62E+01 1.29E+02
 1.72E+02 2.59E+02 4.31E+02 8.62E+02 1.72E+03 2.59E+03
 4.96E-13 5.15E-12 3.07E-11 1.02E-10 1.88E-10 3.57E-10 4.69E-10 5.04E-10
 5.14E-10 5.14E-10 4.94E-10 4.47E-10 3.88E-10 3.52E-10
 4.74E-13 4.88E-12 2.83E-11 9.10E-11 1.59E-10 2.97E-10 3.95E-10 4.27E-10
 4.39E-10 4.44E-10 4.35E-10 4.04E-10 3.60E-10 3.32E-10
 3.39E-13 3.34E-12 1.74E-11 4.90E-11 7.95E-11 1.30E-10 1.53E-10 1.59E-10
 1.62E-10 1.64E-10 1.64E-10 1.61E-10 1.56E-10 1.51E-10
 9.13E-14 8.38E-13 4.09E-12 1.12E-11 1.63E-11 1.98E-11 2.10E-11 2.15E-11
 2.17E-11 2.19E-11 2.21E-11 2.23E-11 2.24E-11 2.24E-11
 1.10E-14 9.84E-14 4.77E-13 1.31E-12 1.84E-12 2.09E-12 2.18E-12 2.22E-12
 2.24E-12 2.26E-12 2.29E-12 2.31E-12 2.34E-12 2.34E-12
 1.12E-15 1.00E-14 4.85E-14 1.33E-13 1.86E-13 2.10E-13 2.19E-13 2.22E-13
 2.24E-13 2.27E-13 2.29E-13 2.32E-13 2.34E-13 2.35E-13
 1.12E-16 1.00E-15 4.86E-15 1.33E-14 1.86E-14 2.09E-14 2.17E-14 2.20E-14
 2.22E-14 2.25E-14 2.27E-14 2.30E-14 2.33E-14 2.34E-14
  1991.99    7  14 /pl=01:ss= 9:pb= 1:sz= 9/type=excit/ispb = t/isel =   41
 1.00E+10 1.00E+11 1.00E+12 1.00E+13 1.00E+14 1.00E+15 1.00E+16
 1.72E+00 2.59E+00 4.31E+00 8.62E+00 1.72E+01 4.31E+01 8.62E+01 1.29E+02
 1.72E+02 2.59E+02 4.31E+02 8.62E+02 1.72E+03 2.59E+03
 2.54E-13 2.64E-12 1.57E-11 5.25E-11 9.61E-11 1.83E-10 2.41E-10 2.58E-10
 2.64E-10 2.63E-10 2.53E-10 2.29E-10 1.99E-10 1.81E-10
 2.43E-13 2.50E-12 1.45E-11 4.66E-11 8.14E-11 1.52E-10 2.02E-10 2.19E-10
 2.25E-10 2.27E-10 2.23E-10 2.07E-10 1.85E-10 1.70E-10
 1.74E-13 1.71E-12 8.93E-12 2.51E-11 4.07E-11 6.66E-11 7.82E-11 8.16E-11
 8.30E-11 8.40E-11 8.41E-11 8.28E-11 7.99E-11 7.76E-11
 4.68E-14 4.29E-13 2.10E-12 5.72E-12 8.35E-12 1.01E-11 1.08E-11 1.10E-11
 1.11E-11 1.12E-11 1.13E-11 1.14E-11 1.15E-11 1.15E-11
 5.62E-15 5.04E-14 2.44E-13 6.71E-13 9.42E-13 1.07E-12 1.12E-12 1.14E-12
 1.15E-12 1.16E-12 1.17E-12 1.19E-12 1.20E-12 1.20E-12
 5.73E-16 5.13E-15 2.48E-14 6.83E-14 9.54E-14 1.07E-13 1.12E-13 1.14E-13
 1.15E-13 1.16E-13 1.17E-13 1.19E-13 1.20E-13 1.21E-13
 5.75E-17 5.14E-16 2.49E-15 6.84E-15 9.54E-15 1.07E-14 1.11E-14 1.13E-14
 1.14E-14 1.15E-14 1.16E-14 1.18E-14 1.19E-14 1.20E-14
  3360.44    7  14 /pl=01:ss= 9:pb= 1:sz= 9/type=excit/ispb = t/isel =   42
 1.00E+10 1.00E+11 1.00E+12 1.00E+13 1.00E+14 1.00E+15 1.00E+16
 1.72E+00 2.59E+00 4.31E+00 8.62E+00 1.72E+01 4.31E+01 8.62E+01 1.29E+02
 1.72E+02 2.59E+02 4.31E+02 8.62E+02 1.72E+03 2.59E+03
 3.98E-11 9.05E-11 1.82E-10 3.19E-10 6.69E-10 2.03E-09 2.99E-09 3.31E-09
 3.44E-09 3.50E-09 3.43E-09 3.18E-09 2.83E-09 2.60E-09
 4.53E-11 9.98E-11 1.92E-10 3.15E-10 5.98E-10 1.40E-09 1.79E-09 1.90E-09
 1.94E-09 1.96E-09 1.94E-09 1.85E-09 1.73E-09 1.64E-09
 5.48E-11 1.04E-10 1.60E-10 2.02E-10 2.59E-10 3.17E-10 3.25E-10 3.25E-10
 3.25E-10 3.25E-10 3.24E-10 3.22E-10 3.20E-10 3.18E-10
 1.88E-11 2.88E-11 3.45E-11 3.44E-11 3.37E-11 3.28E-11 3.23E-11 3.21E-11
 3.20E-11 3.18E-11 3.17E-11 3.16E-11 3.15E-11 3.14E-11
 2.32E-12 3.37E-12 3.80E-12 3.58E-12 3.36E-12 3.24E-12 3.19E-12 3.17E-12
 3.16E-12 3.14E-12 3.13E-12 3.11E-12 3.09E-12 3.08E-12
 2.38E-13 3.42E-13 3.84E-13 3.59E-13 3.35E-13 3.24E-13 3.18E-13 3.16E-13
 3.15E-13 3.14E-13 3.12E-13 3.10E-13 3.08E-13 3.07E-13
 2.38E-14 3.43E-14 3.85E-14 3.59E-14 3.34E-14 3.22E-14 3.16E-14 3.13E-14
 3.12E-14 3.10E-14 3.09E-14 3.07E-14 3.06E-14 3.05E-14
  3525.84    7  14 /pl=01:ss= 9:pb= 1:sz= 9/type=excit/ispb = t/isel =   43
 1.00E+10 1.00E+11 1.00E+12 1.00E+13 1.00E+14 1.00E+15 1.00E+16
 1.72E+00 2.59E+00 4.31E+00 8.62E+00 1.72E+01 4.31E+01 8.62E+01 1.29E+02
 1.72E+02 2.59E+02 4.31E+02 8.62E+02 1.72E+03 2.59E+03
 3.27E-11 1.06E-10 2.62E-10 4.88E-10 8.30E-10 2.04E-09 2.92E-09 3.21E-09
 3.32E-09 3.37E-09 3.30E-09 3.04E-09 2.69E-09 2.47E-09
 3.27E-11 1.06E-10 2.58E-10 4.67E-10 7.60E-10 1.63E-09 2.13E-09 2.28E-09
 2.34E-09 2.36E-09 2.32E-09 2.19E-09 2.00E-09 1.88E-09
 2.67E-11 8.41E-11 1.85E-10 2.91E-10 3.86E-10 5.21E-10 5.60E-10 5.70E-10
 5.73E-10 5.75E-10 5.73E-10 5.67E-10 5.55E-10 5.46E-10
 7.37E-12 2.07E-11 3.96E-11 5.52E-11 6.13E-11 6.39E-11 6.43E-11 6.44E-11
 6.45E-11 6.45E-11 6.45E-11 6.45E-11 6.45E-11 6.45E-11
 8.83E-13 2.38E-12 4.42E-12 5.98E-12 6.41E-12 6.49E-12 6.49E-12 6.49E-12
 6.49E-12 6.49E-12 6.49E-12 6.49E-12 6.50E-12 6.50E-12
 9.00E-14 2.42E-13 4.47E-13 6.03E-13 6.43E-13 6.49E-13 6.49E-13 6.48E-13
 6.48E-13 6.48E-13 6.49E-13 6.49E-13 6.49E-13 6.50E-13
 9.02E-15 2.42E-14 4.47E-14 6.03E-14 6.43E-14 6.46E-14 6.43E-14 6.42E-14
 6.42E-14 6.42E-14 6.42E-14 6.43E-14 6.44E-14 6.45E-14
  3652.03    7  14 /pl=01:ss= 9:pb= 1:sz= 9/type=excit/ispb = t/isel =   44
 1.00E+10 1.00E+11 1.00E+12 1.00E+13 1.00E+14 1.00E+15 1.00E+16
 1.72E+00 2.59E+00 4.31E+00 8.62E+00 1.72E+01 4.31E+01 8.62E+01 1.29E+02
 1.72E+02 2.59E+02 4.31E+02 8.62E+02 1.72E+03 2.59E+03
 2.67E-10 5.73E-10 1.11E-09 1.90E-09 3.70E-09 1.04E-08 1.48E-08 1.63E-08
 1.68E-08 1.71E-08 1.69E-08 1.58E-08 1.42E-08 1.31E-08
 2.47E-10 5.19E-10 9.70E-10 1.57E-09 2.68E-09 4.94E-09 5.62E-09 5.77E-09
 5.82E-09 5.84E-09 5.83E-09 5.75E-09 5.59E-09 5.46E-09
 1.44E-10 2.64E-10 4.00E-10 5.04E-10 5.68E-10 5.36E-10 5.07E-10 4.98E-10
 4.95E-10 4.93E-10 4.94E-10 5.00E-10 5.10E-10 5.17E-10
 3.03E-11 4.42E-11 5.10E-11 4.93E-11 4.57E-11 4.20E-11 4.08E-11 4.04E-11
 4.02E-11 4.00E-11 3.99E-11 3.98E-11 3.97E-11 3.98E-11
 3.45E-12 4.73E-12 5.11E-12 4.64E-12 4.21E-12 4.00E-12 3.93E-12 3.91E-12
 3.89E-12 3.87E-12 3.85E-12 3.82E-12 3.80E-12 3.79E-12
 3.50E-13 4.76E-13 5.11E-13 4.60E-13 4.17E-13 3.98E-13 3.91E-13 3.89E-13
 3.87E-13 3.85E-13 3.83E-13 3.80E-13 3.78E-13 3.76E-13
 3.50E-14 4.76E-14 5.11E-14 4.60E-14 4.16E-14 3.95E-14 3.88E-14 3.85E-14
 3.83E-14 3.81E-14 3.79E-14 3.76E-14 3.74E-14 3.73E-14
  3664.88    7  14 /pl=01:ss= 9:pb= 1:sz= 9/type=excit/ispb = t/isel =   45
 1.00E+10 1.00E+11 1.00E+12 1.00E+13 1.00E+14 1.00E+15 1.00E+16
 1.72E+00 2.59E+00 4.31E+00 8.62E+00 1.72E+01 4.31E+01 8.62E+01 1.29E+02
 1.72E+02 2.59E+02 4.31E+02 8.62E+02 1.72E+03 2.59E+03
 2.54E-11 8.07E-11 1.97E-10 3.69E-10 6.56E-10 1.67E-09 2.39E-09 2.62E-09
 2.71E-09 2.75E-09 2.70E-09 2.50E-09 2.23E-09 2.05E-09
 2.43E-11 7.73E-11 1.85E-10 3.34E-10 5.55E-10 1.17E-09 1.50E-09 1.59E-09
 1.63E-09 1.65E-09 1.63E-09 1.56E-09 1.45E-09 1.37E-09
 1.74E-11 5.32E-11 1.15E-10 1.76E-10 2.30E-10 3.02E-10 3.22E-10 3.26E-10
 3.28E-10 3.30E-10 3.30E-10 3.28E-10 3.25E-10 3.22E-10
 4.47E-12 1.22E-11 2.29E-11 3.11E-11 3.37E-11 3.50E-11 3.52E-11 3.52E-11
 3.53E-11 3.53E-11 3.54E-11 3.54E-11 3.55E-11 3.55E-11
 5.30E-13 1.39E-12 2.53E-12 3.37E-12 3.53E-12 3.54E-12 3.54E-12 3.54E-12
 3.54E-12 3.54E-12 3.55E-12 3.55E-12 3.56E-12 3.56E-12
 5.40E-14 1.41E-13 2.56E-13 3.40E-13 3.54E-13 3.54E-13 3.54E-13 3.54E-13
 3.54E-13 3.54E-13 3.55E-13 3.55E-13 3.56E-13 3.56E-13
 5.41E-15 1.42E-14 2.56E-14 3.40E-14 3.54E-14 3.52E-14 3.51E-14 3.51E-14
 3.51E-14 3.51E-14 3.51E-14 3.52E-14 3.53E-14 3.54E-14
  3848.23    7  14 /pl=01:ss= 9:pb= 1:sz= 9/type=excit/ispb = t/isel =   46
 1.00E+10 1.00E+11 1.00E+12 1.00E+13 1.00E+14 1.00E+15 1.00E+16
 1.72E+00 2.59E+00 4.31E+00 8.62E+00 1.72E+01 4.31E+01 8.62E+01 1.29E+02
 1.72E+02 2.59E+02 4.31E+02 8.62E+02 1.72E+03 2.59E+03
 1.02E-11 3.31E-11 8.14E-11 1.52E-10 2.58E-10 6.35E-10 9.08E-10 9.99E-10
 1.03E-09 1.05E-09 1.03E-09 9.47E-10 8.38E-10 7.68E-10
 1.02E-11 3.31E-11 8.02E-11 1.45E-10 2.37E-10 5.07E-10 6.63E-10 7.10E-10
 7.26E-10 7.34E-10 7.22E-10 6.82E-10 6.23E-10 5.83E-10
 8.30E-12 2.62E-11 5.75E-11 9.06E-11 1.20E-10 1.62E-10 1.74E-10 1.77E-10
 1.78E-10 1.79E-10 1.78E-10 1.76E-10 1.73E-10 1.70E-10
 2.29E-12 6.44E-12 1.23E-11 1.72E-11 1.91E-11 1.99E-11 2.00E-11 2.00E-11
 2.01E-11 2.01E-11 2.01E-11 2.01E-11 2.01E-11 2.01E-11
 2.75E-13 7.41E-13 1.37E-12 1.86E-12 1.99E-12 2.02E-12 2.02E-12 2.02E-12
 2.02E-12 2.02E-12 2.02E-12 2.02E-12 2.02E-12 2.02E-12
 2.80E-14 7.52E-14 1.39E-13 1.88E-13 2.00E-13 2.02E-13 2.02E-13 2.02E-13
 2.02E-13 2.02E-13 2.02E-13 2.02E-13 2.02E-13 2.02E-13
 2.81E-15 7.53E-15 1.39E-14 1.88E-14 2.00E-14 2.01E-14 2.00E-14 2.00E-14
 2.00E-14 2.00E-14 2.00E-14 2.00E-14 2.00E-14 2.01E-14
  4609.78    7  14 /pl=01:ss= 9:pb= 1:sz= 9/type=excit/ispb = t/isel =   47
 1.00E+10 1.00E+11 1.00E+12 1.00E+13 1.00E+14 1.00E+15 1.00E+16
 1.72E+00 2.59E+00 4.31E+00 8.62E+00 1.72E+01 4.31E+01 8.62E+01 1.29E+02
 1.72E+02 2.59E+02 4.31E+02 8.62E+02 1.72E+03 2.59E+03
 5.72E-12 1.81E-11 4.67E-11 9.96E-11 2.42E-10 7.92E-10 1.19E-09 1.32E-09
 1.37E-09 1.40E-09 1.38E-09 1.28E-09 1.13E-09 1.04E-09
 7.15E-12 2.20E-11 5.39E-11 1.05E-10 2.29E-10 6.04E-10 8.03E-10 8.61E-10
 8.82E-10 8.93E-10 8.81E-10 8.37E-10 7.71E-10 7.25E-10
 9.98E-12 2.79E-11 5.67E-11 8.50E-11 1.22E-10 1.76E-10 1.89E-10 1.91E-10
 1.92E-10 1.93E-10 1.92E-10 1.89E-10 1.86E-10 1.83E-10
 3.44E-12 8.29E-12 1.41E-11 1.79E-11 1.98E-11 2.13E-11 2.15E-11 2.15E-11
 2.15E-11 2.15E-11 2.14E-11 2.14E-11 2.13E-11 2.12E-11
 4.25E-13 9.78E-13 1.60E-12 1.97E-12 2.10E-12 2.18E-12 2.18E-12 2.18E-12
 2.18E-12 2.18E-12 2.17E-12 2.16E-12 2.16E-12 2.16E-12
 4.35E-14 9.95E-14 1.62E-13 1.99E-13 2.11E-13 2.18E-13 2.18E-13 2.18E-13
 2.18E-13 2.18E-13 2.17E-13 2.17E-13 2.16E-13 2.16E-13
 4.36E-15 9.97E-15 1.62E-14 1.99E-14 2.11E-14 2.17E-14 2.17E-14 2.16E-14
 2.16E-14 2.15E-14 2.15E-14 2.15E-14 2.14E-14 2.14E-14
  5176.79    7  14 /pl=01:ss= 9:pb= 1:sz= 9/type=excit/ispb = t/isel =   48
 1.00E+10 1.00E+11 1.00E+12 1.00E+13 1.00E+14 1.00E+15 1.00E+16
 1.72E+00 2.59E+00 4.31E+00 8.62E+00 1.72E+01 4.31E+01 8.62E+01 1.29E+02
 1.72E+02 2.59E+02 4.31E+02 8.62E+02 1.72E+03 2.59E+03
 2.25E-12 7.12E-12 1.84E-11 3.92E-11 9.52E-11 3.12E-10 4.67E-10 5.20E-10
 5.40E-10 5.51E-10 5.42E-10 5.02E-10 4.47E-10 4.10E-10
 2.82E-12 8.67E-12 2.12E-11 4.16E-11 9.02E-11 2.38E-10 3.16E-10 3.39E-10
 3.48E-10 3.52E-10 3.47E-10 3.30E-10 3.04E-10 2.86E-10
 3.93E-12 1.10E-11 2.23E-11 3.35E-11 4.83E-11 6.92E-11 7.43E-11 7.54E-11
 7.58E-11 7.59E-11 7.56E-11 7.46E-11 7.32E-11 7.21E-11
 1.36E-12 3.27E-12 5.55E-12 7.03E-12 7.79E-12 8.40E-12 8.48E-12 8.48E-12
 8.48E-12 8.47E-12 8.45E-12 8.42E-12 8.38E-12 8.36E-12
 1.67E-13 3.85E-13 6.29E-13 7.76E-13 8.27E-13 8.58E-13 8.60E-13 8.59E-13
 8.59E-13 8.58E-13 8.55E-13 8.53E-13 8.50E-13 8.49E-13
 1.71E-14 3.92E-14 6.38E-14 7.84E-14 8.32E-14 8.60E-14 8.61E-14 8.59E-14
 8.59E-14 8.58E-14 8.56E-14 8.53E-14 8.51E-14 8.50E-14
 1.72E-15 3.93E-15 6.38E-15 7.85E-15 8.31E-15 8.55E-15 8.53E-15 8.51E-15
 8.50E-15 8.49E-15 8.47E-15 8.46E-15 8.44E-15 8.44E-15
  5698.98    7  14 /pl=01:ss= 9:pb= 1:sz= 9/type=excit/ispb = t/isel =   49
 1.00E+10 1.00E+11 1.00E+12 1.00E+13 1.00E+14 1.00E+15 1.00E+16
 1.72E+00 2.59E+00 4.31E+00 8.62E+00 1.72E+01 4.31E+01 8.62E+01 1.29E+02
 1.72E+02 2.59E+02 4.31E+02 8.62E+02 1.72E+03 2.59E+03
 6.82E-12 1.75E-11 3.55E-11 5.77E-11 9.83E-11 2.44E-10 3.44E-10 3.77E-10
 3.89E-10 3.94E-10 3.85E-10 3.56E-10 3.16E-10 2.90E-10
 6.12E-12 1.59E-11 3.22E-11 5.10E-11 7.86E-11 1.46E-10 1.77E-10 1.85E-10
 1.88E-10 1.89E-10 1.88E-10 1.80E-10 1.70E-10 1.62E-10
 3.32E-12 8.45E-12 1.57E-11 2.16E-11 2.48E-11 2.79E-11 2.87E-11 2.88E-11
 2.89E-11 2.89E-11 2.89E-11 2.88E-11 2.86E-11 2.85E-11
 6.84E-13 1.50E-12 2.35E-12 2.82E-12 2.89E-12 2.89E-12 2.89E-12 2.89E-12
 2.89E-12 2.88E-12 2.88E-12 2.87E-12 2.87E-12 2.87E-12
 7.78E-14 1.62E-13 2.45E-13 2.84E-13 2.87E-13 2.87E-13 2.87E-13 2.86E-13
 2.86E-13 2.86E-13 2.85E-13 2.85E-13 2.84E-13 2.83E-13
 7.89E-15 1.64E-14 2.46E-14 2.84E-14 2.87E-14 2.87E-14 2.86E-14 2.86E-14
 2.86E-14 2.85E-14 2.85E-14 2.84E-14 2.83E-14 2.83E-14
 7.91E-16 1.64E-15 2.46E-15 2.84E-15 2.86E-15 2.85E-15 2.84E-15 2.83E-15
 2.83E-15 2.82E-15 2.82E-15 2.81E-15 2.81E-15 2.81E-15
  6591.52    7  14 /pl=01:ss= 9:pb= 1:sz= 9/type=excit/ispb = t/isel =   50
 1.00E+10 1.00E+11 1.00E+12 1.00E+13 1.00E+14 1.00E+15 1.00E+16
 1.72E+00 2.59E+00 4.31E+00 8.62E+00 1.72E+01 4.31E+01 8.62E+01 1.29E+02
 1.72E+02 2.59E+02 4.31E+02 8.62E+02 1.72E+03 2.59E+03
 2.12E-11 5.44E-11 1.10E-10 1.80E-10 3.06E-10 7.59E-10 1.07E-09 1.17E-09
 1.21E-09 1.23E-09 1.20E-09 1.11E-09 9.83E-10 9.03E-10
 1.90E-11 4.95E-11 1.00E-10 1.59E-10 2.45E-10 4.54E-10 5.49E-10 5.76E-10
 5.85E-10 5.89E-10 5.83E-10 5.61E-10 5.27E-10 5.03E-10
 1.03E-11 2.63E-11 4.88E-11 6.73E-11 7.72E-11 8.69E-11 8.92E-11 8.97E-11
 8.99E-11 9.00E-11 8.99E-11 8.96E-11 8.90E-11 8.86E-11
 2.13E-12 4.66E-12 7.32E-12 8.79E-12 8.99E-12 9.00E-12 8.99E-12 8.98E-12
 8.98E-12 8.97E-12 8.96E-12 8.94E-12 8.93E-12 8.93E-12
 2.42E-13 5.05E-13 7.62E-13 8.85E-13 8.94E-13 8.93E-13 8.92E-13 8.91E-13
 8.90E-13 8.89E-13 8.88E-13 8.85E-13 8.82E-13 8.81E-13
 2.46E-14 5.09E-14 7.65E-14 8.85E-14 8.92E-14 8.91E-14 8.90E-14 8.89E-14
 8.89E-14 8.87E-14 8.86E-14 8.83E-14 8.80E-14 8.79E-14
 2.46E-15 5.09E-15 7.65E-15 8.85E-15 8.91E-15 8.86E-15 8.82E-15 8.80E-15
 8.79E-15 8.78E-15 8.77E-15 8.75E-15 8.73E-15 8.73E-15
c-------------------------------------------------------------------------------
 
C  root partition information
C  ==========================
C
C  nuclear charge : 74
C  ion charge+1   : 10
C
C  population calculation information
C  ----------------------------------
C
C  population processing code: adas810
C
C  adf04 source file    : adf04_copmm#74_ls_40#w9.dat
C  adf18/a17_p208 file  : NULL
C
C  meta. ion. coeff. selector  : 
 
C  options  : lnorm =T  lpsel =F  lzsel =T  liosel=F
C           : lhsel =F  lrsel =F  lisel =F  lnsel =F
 
C  energy levels
C  -------------
C
C   lv      configuration    (2S+1)L(w-1/2)      energy (cm^-1)
C  ---   ------------------- --------------      --------------
c    1   60963A52B54C           (2)4(  8.5)             0.0
c    2   60963A52B54C           (4)4( 17.5)         27382.0
c    3   60963A52B54C           (4)2(  9.5)         29758.0
c    4   60963A52B54C           (2)2(  4.5)         44929.0
c    5   60963A52B54C           (2)2(  4.5)         49075.0
c    6   60963A52B54C           (2)4(  8.5)         54668.0
c    7   60963A52B54C           (4)3( 13.5)         55744.0
c    8   60963A52B54C           (2)3(  6.5)         96837.0
c    9   60963A52B54C           (2)5( 10.5)        104838.0
c   10   60963A52B54C           (2)3(  6.5)        105945.0
c   11   60963A52B54C           (2)1(  2.5)        114160.0
c   12   60963A52B54C           (2)3(  6.5)        204695.0
c   13   60963A52B53C51D        (6)1(  8.5)        353355.0
c   14   60963A52B53C51D        (6)5( 32.5)        365165.0
c   15   60963A52B53C51D        (6)3( 20.5)        378305.0
c   16   60963A52B53C51D        (2)3(  6.5)        381305.0
c   17   60963A52B53C51D        (6)2( 14.5)        381565.0
c   18   60963A52B53C51D        (4)5( 21.5)        381745.0
c   19   60963A52B53C51D        (2)1(  2.5)        385975.0
c   20   60963A52B53C51D        (6)4( 26.5)        394275.0
c   21   60963A52B53C51D        (4)3( 13.5)        405795.0
c   22   60963A52B53C51D        (4)1(  5.5)        417755.0
c   23   60963A52B53C51D        (4)2(  9.5)        429585.0
c   24   60963A52B53C51D        (2)6( 12.5)        436355.0
c   25   60963A52B53C51D        (4)4( 17.5)        437765.0
c   26   60963A52B53C51D        (4)5( 21.5)        438565.0
c   27   60963A52B53C51D        (4)6( 25.5)        439335.0
c   28   60963A52B53C51D        (4)2(  9.5)        439915.0
c   29   60963A52B53C51D        (2)2(  4.5)        443345.0
c   30   60963A52B53C51D        (4)4( 17.5)        444455.0
c   31   60963A52B53C51D        (2)7( 14.5)        445785.0
c   32   60963A52B53C51D        (2)5( 10.5)        447245.0
c   33   60963A52B53C51D        (4)4( 17.5)        447615.0
c   34   60963A52B53C51D        (4)1(  5.5)        450155.0
c   35   60963A52B53C51D        (4)7( 29.5)        454605.0
c   36   60963A52B53C51D        (4)2(  9.5)        455875.0
c   37   60963A52B53C51D        (4)2(  9.5)        456475.0
c   38   60963A52B53C51D        (4)4( 17.5)        456875.0
c   39   60963A52B53C51D        (2)3(  6.5)        457315.0
c   40   60963A52B53C51D        (2)1(  2.5)        457655.0
c   41   60963A52B53C51D        (2)2(  4.5)        460245.0
c   42   60963A52B53C51D        (4)3( 13.5)        460255.0
c   43   60963A52B53C51D        (4)5( 21.5)        460605.0
c   44   60963A52B53C51D        (2)1(  2.5)        464865.0
c   45   60963A52B53C51D        (2)2(  4.5)        466365.0
c   46   60963A52B53C51D        (2)4(  8.5)        466935.0
c   47   60963A52B53C51D        (4)1(  5.5)        466975.0
c   48   60963A52B53C51D        (2)2(  4.5)        467305.0
c   49   60963A52B53C51D        (4)1(  5.5)        467925.0
c   50   60963A52B53C51D        (4)5( 21.5)        469155.0
c   51   60963A52B53C51D        (2)5( 10.5)        469465.0
c   52   60963A52B53C51D        (4)4( 17.5)        469855.0
c   53   60963A52B53C51D        (4)1(  5.5)        471535.0
c   54   60963A52B53C51D        (2)2(  4.5)        471725.0
c   55   60963A52B53C51D        (4)6( 25.5)        472845.0
c   56   60963A52B53C51D        (2)3(  6.5)        473215.0
c   57   60963A52B53C51D        (2)5( 10.5)        473345.0
c   58   60963A52B53C51D        (4)1(  5.5)        473345.0
c   59   60963A52B53C51D        (2)7( 14.5)        473435.0
c   60   60963A52B53C51D        (2)3(  6.5)        476245.0
c   61   60963A52B53C51D        (2)4(  8.5)        477645.0
c   62   60963A52B53C51D        (2)4(  8.5)        477715.0
c   63   60963A52B53C51D        (2)4(  8.5)        477965.0
c   64   60963A52B53C51D        (2)3(  6.5)        479205.0
c   65   60963A52B53C51D        (2)3(  6.5)        479985.0
c   66   60963A52B53C51D        (2)2(  4.5)        482145.0
c   67   60963A52B53C51D        (2)4(  8.5)        482165.0
c   68   60963A52B53C51D        (4)0(  1.5)        482405.0
c   69   60963A52B53C51D        (4)5( 21.5)        483545.0
c   70   60963A52B53C51D        (4)3( 13.5)        485425.0
c   71   60963A52B53C51D        (2)5( 10.5)        487115.0
c   72   60963A52B53C51D        (4)3( 13.5)        487905.0
c   73   60963A52B53C51D        (2)3(  6.5)        489075.0
c   74   60963A52B53C51D        (2)6( 12.5)        489325.0
c   75   60963A52B53C51D        (2)1(  2.5)        490215.0
c   76   60963A52B53C51D        (2)6( 12.5)        490405.0
c   77   60963A52B53C51D        (2)2(  4.5)        494175.0
c   78   60963A52B53C51D        (2)5( 10.5)        494705.0
c   79   60963A52B53C51D        (2)4(  8.5)        494905.0
c   80   60963A52B53C51D        (4)2(  9.5)        495235.0
c   81   60963A52B53C51D        (2)4(  8.5)        495425.0
c   82   60963A52B53C51D        (4)3( 13.5)        497515.0
c   83   60963A52B53C51D        (4)3( 13.5)        498085.0
c   84   60963A52B53C51D        (4)3( 13.5)        501735.0
c   85   60963A52B53C51D        (4)2(  9.5)        503865.0
c   86   60963A52B53C51D        (4)5( 21.5)        503915.0
c   87   60963A52B53C51D        (2)2(  4.5)        505925.0
c   88   60963A52B53C51D        (2)3(  6.5)        507995.0
c   89   60963A52B53C51D        (2)1(  2.5)        508075.0
c   90   60963A52B53C51D        (4)4( 17.5)        509265.0
c   91   60963A52B53C51D        (4)3( 13.5)        512315.0
c   92   60963A52B53C51D        (2)3(  6.5)        514605.0
c   93   60963A52B53C51D        (2)4(  8.5)        518345.0
c   94   60963A52B53C51D        (2)3(  6.5)        518555.0
c   95   60963A52B53C51D        (2)5( 10.5)        518995.0
c   96   60963A52B53C51D        (2)3(  6.5)        519465.0
c   97   60963A52B53C51D        (2)1(  2.5)        519815.0
c   98   60963A52B53C51D        (4)4( 17.5)        522385.0
c   99   60963A52B53C51D        (4)6( 25.5)        523205.0
c  100   60963A52B53C51D        (4)2(  9.5)        529075.0
c  101   60963A52B53C51D        (2)3(  6.5)        529855.0
c  102   60963A52B53C51D        (2)0(  0.5)        531615.0
c  103   60963A52B53C51D        (4)2(  9.5)        535425.0
c  104   60963A52B53C51D        (2)4(  8.5)        536435.0
c  105   60963A52B53C51D        (2)1(  2.5)        537665.0
c  106   60963A52B53C51D        (4)3( 13.5)        546085.0
c  107   60963A52B53C51D        (2)5( 10.5)        546225.0
c  108   60963A52B53C51D        (4)5( 21.5)        547125.0
c  109   60963A52B53C51D        (2)3(  6.5)        549815.0
c  110   60963A52B53C51D        (4)4( 17.5)        550025.0
c  111   60963A52B53C51D        (4)4( 17.5)        554355.0
c  112   60963A52B53C51D        (2)1(  2.5)        554595.0
c  113   60963A52B53C51D        (2)2(  4.5)        555075.0
c  114   60963A52B53C51D        (2)3(  6.5)        555605.0
c  115   60963A52B53C51D        (2)6( 12.5)        565115.0
c  116   60963A52B53C51D        (2)4(  8.5)        566905.0
c  117   60963A52B53C51D        (4)1(  5.5)        567025.0
c  118   60963A52B53C51D        (4)3( 13.5)        567905.0
c  119   60963A52B53C51D        (2)2(  4.5)        568705.0
c  120   60963A52B53C51D        (2)5( 10.5)        570145.0
c  121   60963A52B53C51D        (2)4(  8.5)        571185.0
c  122   60963A52B53C51D        (2)6( 12.5)        571195.0
c  123   60963A52B53C51D        (4)2(  9.5)        571375.0
c  124   60963A52B53C51D        (2)6( 12.5)        574025.0
c  125   60963A52B53C51D        (4)0(  1.5)        577505.0
c  126   60963A52B53C51D        (2)4(  8.5)        577555.0
c  127   60963A52B53C51D        (2)2(  4.5)        581825.0
c  128   60963A52B53C51D        (2)4(  8.5)        582125.0
c  129   60963A52B53C51D        (2)4(  8.5)        582575.0
c  130   60963A52B53C51D        (2)0(  0.5)        586835.0
c  131   60963A52B53C51D        (2)5( 10.5)        588945.0
c  132   60963A52B53C51D        (2)1(  2.5)        591505.0
c  133   60963A52B53C51D        (2)2(  4.5)        594545.0
c  134   60963A52B53C51D        (2)1(  2.5)        596275.0
c  135   60963A52B53C51D        (2)5( 10.5)        599585.0
c  136   60963A52B53C51D        (2)3(  6.5)        604415.0
c  137   60963A52B53C51D        (2)2(  4.5)        613595.0
c  138   60963A52B53C51D        (2)3(  6.5)        614025.0
c  139   60963A52B53C51D        (2)1(  2.5)        617725.0
c  140   60963A52B53C51D        (2)2(  4.5)        617875.0
c  141   60963A52B53C51D        (2)5( 10.5)        623165.0
c  142   60963A52B53C51D        (2)0(  0.5)        623515.0
c  143   60963A52B53C51D        (2)0(  0.5)        644075.0
c  144   60963A52B53C51D        (2)2(  4.5)        645415.0
c  145   60963A52B53C51D        (2)4(  8.5)        645495.0
c  146   60963A52B53C51D        (2)3(  6.5)        651685.0
c  147   60963A52B53C51E        (6)0(  2.5)        763765.0
c  148   60963A52B53C51E        (4)1(  5.5)        781545.0
c  149   60963A52B53C51E        (6)3( 20.5)        789435.0
c  150   60963A52B53C51E        (4)3( 13.5)        795405.0
c  151   60963A52B53C51E        (4)2(  9.5)        799585.0
c  152   60963A52B53C51E        (4)5( 21.5)        800385.0
c  153   60963A52B53C51E        (6)1(  8.5)        800605.0
c  154   60963A52B53C51E        (2)6( 12.5)        801725.0
c  155   60963A52B53C51E        (4)5( 21.5)        813775.0
c  156   60963A52B53C51E        (4)4( 17.5)        814385.0
c  157   60963A52B53C51E        (4)2(  9.5)        814935.0
c  158   60963A52B53C51E        (4)5( 21.5)        815645.0
c  159   60963A52B53C51E        (2)2(  4.5)        818395.0
c  160   60963A52B53C51E        (4)6( 25.5)        819395.0
c  161   60963A52B53C51E        (6)5( 32.5)        820765.0
c  162   60963A52B53C51E        (2)2(  4.5)        821445.0
c  163   60963A52B53C51E        (4)2(  9.5)        821735.0
c  164   60963A52B53C51E        (4)1(  5.5)        822625.0
c  165   60963A52B53C51E        (6)6( 38.5)        823165.0
c  166   60963A52B53C51E        (4)8( 33.5)        824305.0
c  167   60963A52B53C51E        (6)4( 26.5)        828995.0
c  168   60963A52B53C51E        (4)1(  5.5)        831505.0
c  169   60963A52B53C51E        (4)7( 29.5)        831535.0
c  170   60963A52B53C51E        (4)3( 13.5)        835445.0
c  171   60963A52B53C51E        (2)3(  6.5)        837135.0
c  172   60963A52B53C51E        (4)4( 17.5)        837495.0
c  173   60963A52B53C51E        (6)2( 14.5)        838535.0
c  174   60963A52B53C51E        (2)3(  6.5)        839065.0
c  175   60963A52B53C51E        (4)5( 21.5)        841485.0
c  176   60963A52B53C51E        (2)4(  8.5)        842345.0
c  177   60963A52B53C51E        (4)4( 17.5)        846885.0
c  178   60963A52B53C51E        (4)0(  1.5)        848765.0
c  179   60963A52B53C51E        (4)2(  9.5)        850435.0
c  180   60963A52B53C51E        (2)5( 10.5)        851125.0
c  181   60963A52B53C51E        (4)6( 25.5)        852105.0
c  182   60963A52B53C51E        (4)5( 21.5)        852215.0
c  183   60963A52B53C51E        (4)6( 25.5)        852985.0
c  184   60963A52B53C51E        (4)3( 13.5)        853455.0
c  185   60963A52B53C51E        (2)0(  0.5)        856105.0
c  186   60963A52B53C51E        (4)4( 17.5)        857765.0
c  187   60963A52B53C51E        (2)2(  4.5)        858645.0
c  188   60963A52B53C51E        (4)1(  5.5)        860725.0
c  189   60963A52B53C51E        (4)4( 17.5)        861955.0
c  190   60963A52B53C51E        (2)1(  2.5)        862475.0
c  191   60963A52B53C51E        (4)2(  9.5)        862905.0
c  192   60963A52B53C51E        (4)2(  9.5)        863715.0
c  193   60963A52B53C51E        (2)3(  6.5)        865145.0
c  194   60963A52B53C51E        (4)7( 29.5)        865945.0
c  195   60963A52B53C51E        (4)2(  9.5)        866925.0
c  196   60963A52B53C51E        (4)3( 13.5)        867405.0
c  197   60963A52B53C51E        (4)6( 25.5)        867495.0
c  198   60963A52B53C51E        (2)4(  8.5)        867755.0
c  199   60963A52B53C51E        (4)4( 17.5)        869185.0
c  200   60963A52B53C51E        (2)8( 16.5)        870455.0
c  201   60963A52B53C51E        (2)5( 10.5)        870695.0
c  202   60963A52B53C51E        (2)2(  4.5)        871505.0
c  203   60963A52B53C51E        (4)1(  5.5)        871905.0
c  204   60963A52B53C51E        (2)7( 14.5)        872135.0
c  205   60963A52B53C51E        (4)0(  1.5)        872225.0
c  206   60963A52B53C51E        (4)2(  9.5)        873445.0
c  207   60963A52B53C51E        (2)4(  8.5)        873545.0
c  208   60963A52B53C51E        (4)3( 13.5)        873565.0
c  209   60963A52B53C51E        (2)5( 10.5)        874335.0
c  210   60963A52B53C51E        (2)4(  8.5)        874555.0
c  211   60963A52B53C51E        (4)3( 13.5)        874905.0
c  212   60963A52B53C51E        (2)6( 12.5)        875095.0
c  213   60963A52B53C51E        (2)3(  6.5)        875895.0
c  214   60963A52B53C51E        (2)1(  2.5)        876985.0
c  215   60963A52B53C51E        (2)4(  8.5)        877405.0
c  216   60963A52B53C51E        (2)3(  6.5)        877905.0
c  217   60963A52B53C51E        (2)3(  6.5)        879065.0
c  218   60963A52B53C51E        (4)5( 21.5)        879295.0
c  219   60963A52B53C51E        (2)6( 12.5)        880095.0
c  220   60963A52B53C51E        (4)1(  5.5)        881675.0
c  221   60963A52B53C51E        (2)4(  8.5)        881915.0
c  222   60963A52B53C51E        (2)2(  4.5)        883275.0
c  223   60963A52B53C51E        (4)6( 25.5)        883525.0
c  224   60963A52B53C51E        (2)1(  2.5)        883785.0
c  225   60963A52B53C51E        (2)3(  6.5)        883985.0
c  226   60963A52B53C51E        (2)1(  2.5)        884675.0
c  227   60963A52B53C51E        (4)2(  9.5)        884715.0
c  228   60963A52B53C51E        (2)1(  2.5)        884725.0
c  229   60963A52B53C51E        (2)5( 10.5)        886425.0
c  230   60963A52B53C51E        (2)5( 10.5)        886995.0
c  231   60963A52B53C51E        (2)5( 10.5)        887405.0
c  232   60963A52B53C51E        (2)2(  4.5)        887695.0
c  233   60963A52B53C51E        (2)8( 16.5)        887895.0
c  234   60963A52B53C51E        (2)2(  4.5)        888545.0
c  235   60963A52B53C51E        (2)4(  8.5)        888615.0
c  236   60963A52B53C51E        (2)7( 14.5)        890665.0
c  237   60963A52B53C51E        (4)3( 13.5)        891355.0
c  238   60963A52B53C51E        (2)4(  8.5)        891565.0
c  239   60963A52B53C51E        (2)4(  8.5)        891865.0
c  240   60963A52B53C51E        (2)6( 12.5)        892215.0
c  241   60963A52B53C51E        (2)6( 12.5)        893065.0
c  242   60963A52B53C51E        (2)5( 10.5)        893185.0
c  243   60963A52B53C51E        (2)6( 12.5)        893355.0
c  244   60963A52B53C51E        (2)7( 14.5)        893385.0
c  245   60963A52B53C51E        (2)6( 12.5)        893985.0
c  246   60963A52B53C51E        (2)3(  6.5)        894295.0
c  247   60963A52B53C51E        (2)2(  4.5)        894325.0
c  248   60963A52B53C51E        (2)4(  8.5)        894605.0
c  249   60963A52B53C51E        (2)7( 14.5)        895865.0
c  250   60963A52B53C51E        (2)1(  2.5)        896575.0
c  251   60963A52B53C51E        (2)4(  8.5)        896625.0
c  252   60963A52B53C51E        (2)0(  0.5)        897625.0
c  253   60963A52B53C51E        (2)2(  4.5)        897625.0
c  254   60963A52B53C51E        (2)1(  2.5)        898545.0
c  255   60963A52B53C51E        (2)3(  6.5)        899155.0
c  256   60963A52B53C51E        (4)6( 25.5)        901315.0
c  257   60963A52B53C51E        (4)5( 21.5)        902565.0
c  258   60963A52B53C51E        (4)5( 21.5)        904285.0
c  259   60963A52B53C51E        (2)5( 10.5)        906525.0
c  260   60963A52B53C51E        (4)3( 13.5)        910475.0
c  261   60963A52B53C51E        (4)4( 17.5)        912015.0
c  262   60963A52B53C51E        (4)4( 17.5)        920695.0
c  263   60963A52B53C51E        (2)4(  8.5)        921685.0
c  264   60963A52B53C51E        (2)0(  0.5)        921805.0
c  265   60963A52B53C51E        (2)3(  6.5)        922625.0
c  266   60963A52B53C51E        (2)5( 10.5)        926795.0
c  267   60963A52B53C51E        (4)7( 29.5)        928625.0
c  268   60963A52B53C51E        (2)2(  4.5)        931365.0
c  269   60963A52B53C51E        (2)4(  8.5)        932745.0
c  270   60963A52B53C51E        (2)5( 10.5)        933205.0
c  271   60963A52B53C51E        (4)5( 21.5)        933705.0
c  272   60963A52B53C51E        (4)4( 17.5)        934295.0
c  273   60963A52B53C51E        (4)1(  5.5)        937585.0
c  274   60963A52B53C51E        (4)4( 17.5)        937905.0
c  275   60963A52B53C51E        (4)3( 13.5)        944465.0
c  276   60963A52B53C51E        (2)2(  4.5)        945685.0
c  277   60963A52B53C51E        (2)3(  6.5)        946275.0
c  278   60963A52B53C51E        (2)1(  2.5)        947435.0
c  279   60963A52B53C51E        (2)5( 10.5)        951025.0
c  280   60963A52B53C51E        (2)7( 14.5)        951535.0
c  281   60963A52B53C51E        (4)3( 13.5)        953395.0
c  282   60963A52B53C51E        (2)3(  6.5)        955385.0
c  283   60963A52B53C51E        (2)4(  8.5)        955725.0
c  284   60963A52B53C51E        (2)2(  4.5)        956375.0
c  285   60963A52B53C51E        (2)6( 12.5)        958005.0
c  286   60963A52B53C51E        (2)2(  4.5)        959475.0
c  287   60963A52B53C51E        (2)2(  4.5)        960445.0
c  288   60963A52B53C51E        (2)3(  6.5)        961065.0
c  289   60963A52B53C51E        (2)5( 10.5)        961315.0
c  290   60963A52B53C51E        (2)4(  8.5)        961395.0
c  291   60963A52B53C51E        (2)3(  6.5)        961995.0
c  292   60963A52B53C51E        (2)3(  6.5)        964495.0
c  293   60963A52B53C51E        (2)4(  8.5)        964985.0
c  294   60963A52B53C51E        (2)1(  2.5)        968615.0
c  295   60963A52B53C51E        (4)2(  9.5)        970865.0
c  296   60963A52B53C51E        (2)0(  0.5)        973535.0
c  297   60963A52B53C51E        (4)0(  1.5)        975085.0
c  298   60963A52B53C51E        (2)1(  2.5)        975485.0
c  299   60963A52B53C51E        (4)1(  5.5)        976405.0
c  300   60963A52B53C51E        (2)5( 10.5)        976665.0
c  301   60963A52B53C51E        (2)3(  6.5)        976695.0
c  302   60963A52B53C51E        (2)6( 12.5)        978405.0
c  303   60963A52B53C51E        (2)2(  4.5)        978935.0
c  304   60963A52B53C51E        (2)0(  0.5)        980105.0
c  305   60963A52B53C51E        (4)0(  1.5)        981315.0
c  306   60963A52B53C51E        (2)2(  4.5)        981955.0
c  307   60963A52B53C51E        (2)6( 12.5)        986255.0
c  308   60963A52B53C51E        (4)6( 25.5)        986845.0
c  309   60963A52B53C51E        (2)3(  6.5)        987755.0
c  310   60963A52B53C51E        (2)4(  8.5)        989485.0
c  311   60963A52B53C51E        (2)1(  2.5)        993865.0
c  312   60963A52B53C51E        (2)7( 14.5)        998075.0
c  313   60963A52B53C51E        (2)5( 10.5)        998615.0
c  314   60963A52B53C51E        (2)1(  2.5)       1000835.0
c  315   60963A52B53C51E        (2)2(  4.5)       1002825.0
c  316   60963A52B53C51E        (2)6( 12.5)       1008715.0
c  317   60963A52B53C51E        (2)5( 10.5)       1012615.0
c  318   60963A52B53C51E        (2)1(  2.5)       1066425.0
 
 
 
c-------------------------------------------------------------------------------
 
C  superstage partition information
C  ================================
C
C  element symbol   : W
C  parent template  : 
C  partition level  :  1
C  superstage label :  9
C
C  tabulation       : photon emissivity coefft (te,ne)
C  units            : ph. emis coef(cm^3 s^-1); te (ev); ne (cm^-3)
C
C  photon emissivity atomic transitions
C  ------------------------------------
C  
C   isel  wvlen(A)            transition                type  ispb nspb
C                                                             ispp nspp sz    tg pr wr
C  ----- ---------- ----------------------------------- ----- ---- ---- --    -- -- --
C      1   176.955  115(2)6( 12.5)-  1(2)4(  8.5)       excit   1    1   9   102 50  1
C      2   192.844   94(2)3(  6.5)-  1(2)4(  8.5)       excit   1    1   9    85 22  2
C      3   195.192   91(4)3( 13.5)-  1(2)4(  8.5)       excit   1    1   9    82 15  3
C      4   196.321  115(2)6( 12.5)-  7(4)3( 13.5)       excit   1    1   9  1827 45  4
C      5   199.308   84(4)3( 13.5)-  1(2)4(  8.5)       excit   1    1   9    76 24  5
C      6   200.557  111(4)4( 17.5)-  7(4)3( 13.5)       excit   1    1   9  1823 44  6
C      7   201.685   99(4)6( 25.5)-  2(4)4( 17.5)       excit   1    1   9   388 34  7
C      8   202.019   98(4)4( 17.5)-  2(4)4( 17.5)       excit   1    1   9   387 23  8
C      9   203.881  107(2)5( 10.5)-  7(4)3( 13.5)       excit   1    1   9  1819 20  9
C     10   205.290   71(2)5( 10.5)-  1(2)4(  8.5)       excit   1    1   9    64 19 10
C     11   206.806   69(4)5( 21.5)-  1(2)4(  8.5)       excit   1    1   9    62  5 11
C     12   207.229   91(4)3( 13.5)-  3(4)2(  9.5)       excit   1    1   9   685 41 12
C     13   210.813   84(4)3( 13.5)-  2(4)4( 17.5)       excit   1    1   9   373 27 13
C     14   211.486   55(4)6( 25.5)-  1(2)4(  8.5)       excit   1    1   9    50 32 14
C     15   214.428  122(2)6( 12.5)-  9(2)5( 10.5)       excit   1    1   9  2401 13 15
C     16   215.871   91(4)3( 13.5)-  5(2)2(  4.5)       excit   1    1   9  1241 28 16
C     17   216.169   93(2)4(  8.5)-  7(4)3( 13.5)       excit   1    1   9  1805 37 17
C     18   216.477   74(2)6( 12.5)-  2(4)4( 17.5)       excit   1    1   9   363 49 18
C     19   217.518   71(2)5( 10.5)-  2(4)4( 17.5)       excit   1    1   9   360 31 19
C     20   218.509   91(4)3( 13.5)-  6(2)4(  8.5)       excit   1    1   9  1512 36 20
C     21   219.220   69(4)5( 21.5)-  2(4)4( 17.5)       excit   1    1   9   358 14 21
C     22   219.971   35(4)7( 29.5)-  1(2)4(  8.5)       excit   1    1   9    32  7 22
C     23   224.220   84(4)3( 13.5)-  7(4)3( 13.5)       excit   1    1   9  1796 17 23
C     24   224.995   30(4)4( 17.5)-  1(2)4(  8.5)       excit   1    1   9    28 35 24
C     25   226.361   50(4)5( 21.5)-  2(4)4( 17.5)       excit   1    1   9   339 33 25
C     26   228.433   25(4)4( 17.5)-  1(2)4(  8.5)       excit   1    1   9    23 47 26
C     27   233.167   69(4)5( 21.5)-  6(2)4(  8.5)       excit   1    1   9  1492 21 27
C     28   239.133   55(4)6( 25.5)-  6(2)4(  8.5)       excit   1    1   9  1480 29 28
C     29   239.766   30(4)4( 17.5)-  2(4)4( 17.5)       excit   1    1   9   319 26 29
C     30   241.481   52(4)4( 17.5)-  7(4)3( 13.5)       excit   1    1   9  1765 40 30
C     31   242.101   95(2)5( 10.5)- 10(2)3(  6.5)       excit   1    1   9  2642 42 31
C     32   242.746   27(4)6( 25.5)-  2(4)4( 17.5)       excit   1    1   9   316 48 32
C     33   943.886   10(2)3(  6.5)-  1(2)4(  8.5)       excit   1    1   9     9 38 33
C     34   953.853    9(2)5( 10.5)-  1(2)4(  8.5)       excit   1    1   9     8 12 34
C     35   1032.66    8(2)3(  6.5)-  1(2)4(  8.5)       excit   1    1   9     7 46 35
C     36   1291.06    9(2)5( 10.5)-  2(4)4( 17.5)       excit   1    1   9   298  8 36
C     37   1439.78    8(2)3(  6.5)-  2(4)4( 17.5)       excit   1    1   9   297 39 37
C     38   1490.78    8(2)3(  6.5)-  3(4)2(  9.5)       excit   1    1   9   608 30 38
C     39   1829.22    6(2)4(  8.5)-  1(2)4(  8.5)       excit   1    1   9     5 11 39
C     40   1950.19   10(2)3(  6.5)-  6(2)4(  8.5)       excit   1    1   9  1439 18 40
C     41   1991.99   10(2)3(  6.5)-  7(4)3( 13.5)       excit   1    1   9  1724 43 41
C     42   3360.44    3(4)2(  9.5)-  1(2)4(  8.5)       excit   1    1   9     2  2 42
C     43   3525.84    7(4)3( 13.5)-  2(4)4( 17.5)       excit   1    1   9   296  3 43
C     44   3652.03    2(4)4( 17.5)-  1(2)4(  8.5)       excit   1    1   9     1  1 44
C     45   3664.88    6(2)4(  8.5)-  2(4)4( 17.5)       excit   1    1   9   295  4 45
C     46   3848.23    7(4)3( 13.5)-  3(4)2(  9.5)       excit   1    1   9   607 10 46
C     47   4609.78    5(2)2(  4.5)-  2(4)4( 17.5)       excit   1    1   9   294  6 47
C     48   5176.79    5(2)2(  4.5)-  3(4)2(  9.5)       excit   1    1   9   605 16 48
C     49   5698.98    4(2)2(  4.5)-  2(4)4( 17.5)       excit   1    1   9   293 25 49
C     50   6591.52    4(2)2(  4.5)-  3(4)2(  9.5)       excit   1    1   9   604  9 50
c-------------------------------------------------------------------------------
                                                                                
C  code     : adas810
C  producer : Adam Foster
C  date     : 15/05/09
                                                                                
c-------------------------------------------------------------------------------

C-----------------------------------------------------------------------
C                               OPEN-ADAS
C                               +++++++++
C
C This file has been downloaded from OPEN-ADAS (http://open.adas.ac.uk)
C on 26-Mar-2025.
C
C TERMS AND CONDITIONS
C --------------------
C
C The user of the OPEN-ADAS system and data (hereinafter "the User")
C accepts the following terms and conditions:
C
C   1. The University of Strathclyde uses all reasonable endeavours to
C      ensure the accuracy of the data provided and any information
C      given, but the University makes no warranty, expressed or implied
C      as to its accuracy, integrity, fitness for purpose and shall not
C      be responsible for the use to which the data is put by the User
C      and/or any consequences arising out of any inaccuracies or
C      omissions.
C
C   2. Any downloaded OPEN-ADAS file is made available for the
C      personal use of the User only.  It must not be used for any
C      commercial application, incorporated into any web site or in
C      any form re-distributed without express prior written permission
C      from the ADAS Project. In particular, but not by way of
C      limitation, it must not be:
C        *  inserted into a managed database structure,
C        *  redistributed along with a modelling or analysis code,
C        *  made available on a public website.
C
C Permission for OPEN-ADAS data incorporation in non-commercial
C code/system development for scientific advance will not be
C unreasonably withheld, but will be subject to written agreement
C on a case by case basis.
C
C The User will indemnify the University of Strathclyde and keep it
C fully and effectively indemnified against each and every claim made
C against the University as a result of the User's use of the data.
C
C-----------------------------------------------------------------------
